500
Particles
0 46.251 0.489991 -0.882888
1 70.5961 74.3343 0.46219
2 72.7212 11.0615 -1.54495
3 17.1414 24.1017 0.691503
4 68.767 63.8411 0.644273
5 88.3131 80.3347 0.662408
6 82.5883 70.9603 1.14333
7 38.6383 35.4805 -1.60208
8 67.8733 99.309 -2.08677
9 65.1587 5.73695 -1.84579
10 83.2937 88.078 1.60334
11 8.93768 87.3014 0.484647
12 81.4228 83.2586 1.57035
13 90.5987 45.1629 -2.57416
14 72.8168 64.1035 1.7149
15 91.4873 87.3695 1.21862
16 20.0625 23.3431 1.31326
17 10.5329 30.8142 2.92787
18 74.4803 71.4725 1.44025
19 58.9106 69.6327 -1.17863
20 19.974 47.9507 -2.66578
21 85.186 68.072 0.935883
22 79.4216 85.9754 1.63525
23 12.5177 35.0692 -2.68356
24 17.7155 79.2152 -0.173223
25 91.3684 83.1741 1.36736
26 96.8465 90.1495 0.64152
27 40.7142 33.1719 -1.50279
28 42.6502 3.94553 -0.342384
29 14.1729 28.8097 1.72765
30 79.1723 93.5388 1.44677
31 60.7986 78.7897 -1.80302
32 17.251 46.0295 -2.55643
33 73.937 2.96309 -2.14722
34 14.5907 48.1409 -3.13353
35 43.3898 0.118862 -0.878718
36 10.968 90.0599 0.13809
37 80.033 75.9044 1.06081
38 77.9119 7.56889 -1.70397
39 62.8119 71.202 -0.401597
40 76.8922 11.5261 -1.85449
41 92.8011 46.1327 -2.47131
42 62.4695 6.62584 -1.52273
43 90.56 94.3566 1.33991
44 69.6975 79.3301 -0.0427004
45 66.0494 9.9454 -2.16273
46 47.1712 5.19505 -0.0941854
47 91.2865 8.86613 1.10767
48 65.6636 97.5069 -1.78411
49 88.9775 78.5559 0.607749
50 70.974 0.438585 -2.43107
51 49.0168 8.53224 -0.539817
52 76.7246 59.7391 2.19528
53 9.87634 88.3612 0.02978
54 84.7626 92.7067 1.07365
55 44.8228 36.303 -2.26126
56 13.3245 46.6313 -3.27739
57 13.9124 2.12559 1.07316
58 11.2246 41.4928 -2.93951
59 90.3563 81.8383 0.872106
60 80.5242 75.487 0.944627
61 61.3009 2.00611 -1.85898
62 43.2194 6.56301 -0.195174
63 68.5303 71.8339 1.14486
64 74.2558 76.7308 1.46197
65 77.4523 54.3523 -3.3647
66 79.1129 81.106 1.1175
67 32.7167 87.7334 0.0576483
68 76.918 50.5145 -2.60682
69 46.1456 10.2756 -0.199844
70 82.4825 72.1236 0.863439
71 35.2716 57.6743 -0.923611
72 76.3039 76.6904 1.7611
73 53.8628 88.0814 -2.28966
74 71.7616 42.0605 -2.71025
75 31.0306 15.6324 -1.2394
76 42.4492 10.5784 -0.51746
77 76.1609 74.3766 1.17556
78 74.7404 79.5477 0.820628
79 78.7044 68.9947 1.58851
80 42.5603 9.70976 -0.696027
81 79.9635 78.1214 1.28748
82 6.92657 57.268 2.96653
83 74.8773 69.1964 1.24121
84 14.916 31.2948 2.93834
85 12.5289 81.9102 0.111315
86 37.1248 16.1088 0.0762937
87 75.9643 42.9631 -2.80697
88 76.4908 62.3367 1.95894
89 96.1202 90.2179 0.575233
90 97.7101 89.5358 0.989328
91 60.655 77.9272 -1.88341
92 43.8804 35.4525 -2.40342
93 10.1016 42.6212 -2.67245
94 40.5887 65.1802 -0.464792
95 43.442 3.75428 -0.819129
96 79.9427 71.1579 1.08557
97 83.6458 75.2763 0.880346
98 98.0412 90.1924 0.719746
99 13.7189 20.6833 1.25693
100 76.2913 58.4352 2.36573
101 76.1836 69.3263 1.72313
102 66.4747 0.462087 -2.10282
103 16.4515 73.2009 -1.10388
104 49.5848 2.4304 -0.712793
105 97.8827 89.6332 1.21585
106 12.7742 49.184 -2.61002
107 55.6004 92.6356 -2.50526
108 54.3851 7.34858 -0.40527
109 61.481 95.6997 -1.87812
110 81.5234 96.3142 1.99522
111 80.8954 75.4157 1.71069
112 70.427 -0.428433 -1.91173
113 5.10697 38.5954 -2.10951
114 89.6557 90.6315 1.08817
115 44.4226 92.2789 -2.52352
116 82.3621 78.615 1.34338
117 94.1735 90.3447 1.3051
118 19.7488 23.1179 1.5505
119 9.67414 42.3037 -2.84306
120 95.679 86.2864 1.11042
121 56.4138 70.4106 -0.682569
122 39.478 64.0555 -0.702911
123 75.4476 69.6307 1.38633
124 80.9268 49.1622 -2.5827
125 75.1097 55.3528 2.60523
126 56.0279 84.2334 -1.83052
127 80.3471 51.0929 -3.42693
128 16.8741 79.2656 -0.157809
129 49.866 1.73713 -0.0743128
130 46.6259 9.03991 -0.840472
131 82.1113 85.0928 1.01981
132 5.04175 89.0203 0.589187
133 3.17749 91.1785 0.262678
134 90.3328 78.511 0.645551
135 84.4997 72.3741 1.24382
136 6.58586 99.2419 0.946323
137 85.5648 73.1327 0.902219
138 42.622 72.9991 -2.03453
139 37.4978 6.72431 -0.467198
140 66.4605 2.18489 -1.81804
141 74.9616 56.4844 3.03366
142 79.6566 65.6314 1.47413
143 68.0322 9.54841 -1.69151
144 81.9397 77.0575 1.21329
145 57.3165 90.7383 -2.1638
146 44.7903 6.75835 -0.499719
147 73.9691 6.4959 -1.84066
148 46.5016 6.3962 -0.757042
149 82.5002 78.9919 1.77005
150 56.5382 3.53323 -0.642013
151 41.7007 3.9409 -0.801667
152 57.1586 66.2761 -0.694994
153 47.7814 2.70937 -0.107186
154 69.8723 8.90815 -2.33651
155 6.35106 94.0526 0.796017
156 67.5325 1.11872 -1.67134
157 63.1879 12.7499 -1.10586
158 94.6089 81.9344 1.15244
159 85.5155 88.2199 1.13026
160 70.4614 82.5365 -0.157968
161 54.6931 74.4095 -1.63074
162 70.5417 2.90004 -1.731
163 81.5452 45.0486 -3.04134
164 82.1461 57.5006 2.50846
165 41.8975 99.7422 -0.48515
166 75.1629 52.3612 -3.56113
167 88.779 72.204 0.797502
168 72.883 72.7507 0.508709
169 94.8616 99.8774 0.701509
170 73.0182 2.09184 -1.65647
171 79.6799 71.0647 1.6048
172 51.2955 91.7655 -2.0794
173 66.5344 2.67694 -2.46117
174 86.4202 80.283 0.801692
175 55.7856 81.2612 -0.944997
176 88.6125 88.0532 0.581877
177 12.6989 81.3085 -0.102993
178 14.9988 39.5373 -2.66487
179 43.1343 2.72234 -0.948385
180 2.81374 42.2768 -1.96996
181 69.0762 5.11979 -2.09776
182 12.8565 45.7898 -2.76718
183 59.1323 16.0464 -1.12473
184 92.3209 86.3503 0.963025
185 97.3558 25.1716 -2.32266
186 38.8678 65.4249 -0.690685
187 69.6102 0.0545087 -1.99057
188 68.5646 69.0221 0.451146
189 74.3939 81.418 1.25523
190 78.8334 82.1121 1.02421
191 84.1327 76.8048 1.40304
192 14.7554 82.507 -0.527135
193 61.8775 -0.163473 -1.28929
194 4.12589 96.7669 0.214485
195 77.1146 73.2483 1.13403
196 91.7399 79.2486 1.17208
197 38.5287 15.7524 -0.731251
198 16.3192 54.2941 3.04299
199 92.9639 80.6457 0.462451
200 86.3188 69.4677 1.71398
201 61.5906 70.8705 -0.953778
202 69.5965 59.3164 1.11707
203 52.1032 13.8303 0.0353541
204 87.7782 79.0051 1.44489
205 56.3813 91.1191 -1.61935
206 8.06892 5.26818 -0.229258
207 92.5082 86.1148 1.06139
208 91.9607 88.4482 0.596155
209 85.7434 84.6713 0.973297
210 78.1365 73.3262 1.54134
211 80.8128 85.6565 1.62275
212 3.31042 90.8221 0.351937
213 45.6324 9.29594 -0.250321
214 74.7418 67.6433 0.815303
215 97.4858 51.2052 -2.96211
216 68.4291 13.8506 -1.39879
217 84.2247 68.7382 1.56015
218 58.5785 13.6427 -0.459372
219 0.348197 20.7324 -2.57793
220 94.5157 75.0049 0.882469
221 56.0206 11.0597 0.112158
222 79.6902 75.292 1.40084
223 88.6697 13.754 1.06502
224 16.8826 21.4299 0.809284
225 34.5881 32.5786 -1.72561
226 63.4919 6.8861 -1.90252
227 68.2972 98.1193 -1.77618
228 41.7341 16.7418 0.0303463
229 58.1844 7.29215 -0.60488
230 86.8488 46.7766 -3.36667
231 77.4526 75.9035 1.18098
232 59.3945 74.902 -1.49746
233 12.2194 68.9016 0.387096
234 91.6327 82.2963 0.626599
235 12.5615 45.6059 -2.57535
236 68.049 1.86969 -2.01305
237 74.4938 80.5606 0.920345
238 14.2538 40.6477 -2.90602
239 69.202 67.8439 0.582142
240 83.7054 83.2164 1.52548
241 76.4093 79.5582 1.33659
242 50.3381 7.83248 -0.0515528
243 85.8743 70.8415 1.19361
244 48.6243 69.0955 -1.79364
245 51.8414 8.06053 0.0143815
246 44.8078 62.5249 -0.643952
247 83.9949 50.4853 -3.14601
248 75.4043 65.9581 1.67603
249 85.5274 78.0102 1.20732
250 29.0444 13.0815 -1.55053
251 77.0582 1.89517 -2.35974
252 36.2975 37.0144 -2.28763
253 0.51738 25.0139 -2.67287
254 77.2403 85.2989 1.68279
255 81.9072 79.0551 1.64402
256 54.0542 7.56761 0.0689224
257 42.7741 64.518 -0.29662
258 69.4346 1.7942 -2.00173
259 14.2314 49.3422 -2.93201
260 92.4612 78.7813 0.683434
261 4.35604 34.3404 -2.39283
262 69.2208 6.52061 -1.84801
263 8.00012 82.4752 0.188385
264 69.1376 91.1172 -1.94263
265 14.5301 69.1705 0.655135
266 32.2619 97.8832 -0.821922
267 73.987 76.1673 0.94453
268 81.1027 91.9797 1.65612
269 10.2401 85.3251 0.459115
270 10.2418 44.1401 -3.24131
271 13.3381 46.3159 -2.57644
272 41.5949 15.3936 -0.686407
273 92.3365 81.1045 1.13729
274 8.72686 82.4578 -0.0838733
275 58.3144 2.81265 -0.592794
276 100.269 89.9589 0.31875
277 53.7417 90.7587 -2.36619
278 72.9036 97.4387 -2.13135
279 57.5373 11.6009 -0.337115
280 76.5528 65.4458 1.70225
281 55.2347 84.5338 -1.01596
282 12.0208 34.458 3.00987
283 88.587 75.8924 1.39495
284 77.3193 80.1991 0.848977
285 80.5644 71.6616 1.73324
286 83.2315 49.0008 -2.98012
287 42.9453 64.8612 -0.414833
288 16.298 21.4031 1.29745
289 75.6143 98.8781 -1.4759
290 62.2936 0.59056 -2.25171
291 70.0224 75.9761 0.813158
292 94.5077 99.3651 0.5407
293 9.30366 82.5596 0.196453
294 87.7152 93.4136 1.57897
295 38.3653 39.0122 -1.6626
296 92.5138 87.8264 0.618774
297 66.218 5.01906 -1.94923
298 67.3372 81.1541 -0.588822
299 85.0809 75.2937 0.996018
300 9.80602 78.7699 0.325858
301 80.4112 77.3443 1.37966
302 74.9892 10.3576 -2.07064
303 68.9724 95.5165 -2.15108
304 72.3053 70.7811 0.754218
305 79.5074 80.1062 1.02126
306 13.5834 93.1766 0.239361
307 70.5744 80.3652 0.24026
308 6.7384 37.8495 -2.50162
309 27.9832 99.5028 -0.297651
310 36.9826 30.0752 -1.85133
311 89.4758 9.97374 0.74188
312 48.5768 7.65743 -0.269072
313 37.4903 1.99048 -0.641002
314 22.2461 23.7915 1.21176
315 64.5375 1.33268 -2.57976
316 84.1703 70.9308 1.38611
317 79.0769 68.0064 1.72725
318 87.5061 85.4494 0.9988
319 83.0289 74.4426 1.52395
320 78.3257 77.3488 1.25054
321 91.7098 8.12018 1.58347
322 80.9249 74.3876 1.58993
323 78.7916 68.7072 1.6839
324 70.3855 83.7654 -1.29162
325 61.0221 9.01879 -1.3535
326 12.7913 19.7109 1.42463
327 34.9591 3.83623 -0.65358
328 91.9162 88.7991 0.958906
329 18.8177 45.8028 -2.45031
330 44.4381 6.56544 -0.809813
331 4.74484 87.2602 0.219223
332 20.5664 45.4576 -2.06399
333 0.249182 48.7956 -3.19212
334 64.1683 67.799 0.176032
335 83.6654 75.4854 1.78532
336 88.5395 72.3998 1.59583
337 70.5249 65.6777 1.00508
338 63.4913 7.54156 -1.68961
339 12.3068 21.0955 1.39409
340 76.2385 73.0293 1.62829
341 67.5018 90.466 -1.44678
342 75.6484 72.3741 1.19887
343 57.3487 10.3494 -0.295066
344 68.711 98.2594 -1.45943
345 90.4035 93.2033 1.41938
346 92.8514 46.7512 -2.66382
347 99.7667 90.3959 0.561994
348 72.3232 68.6028 0.784102
349 78.5793 80.7569 1.23765
350 52.9551 6.21548 -0.564508
351 66.5287 2.59975 -1.68971
352 67.6317 77.4693 0.340298
353 72.0151 39.9713 -2.59258
354 71.1106 54.0224 -2.75291
355 86.2136 88.0319 0.861013
356 14.9969 25.2304 1.40473
357 7.29613 88.8664 0.264952
358 7.09215 38.8307 -3.06573
359 91.7025 87.4106 1.00109
360 70.2563 12.5108 -1.39174
361 85.3678 81.3985 1.37263
362 80.1792 72.4543 1.58246
363 39.4664 13.3803 -0.342498
364 76.2167 97.4632 -1.89583
365 47.2001 4.59975 -0.0614705
366 85.334 70.9589 1.74097
367 59.5569 93.2407 -1.88421
368 44.6468 5.38678 -0.805663
369 91.3202 91.217 1.01793
370 86.6078 83.0774 1.43187
371 81.6869 79.7596 1.42666
372 85.2249 93.3137 1.87573
373 96.8525 48.0241 -2.74414
374 68.1362 84.081 -0.775218
375 47.6464 3.94673 -0.813079
376 63.6438 92.8086 -2.25756
377 21.6448 78.0606 -0.205544
378 51.1959 6.95358 -0.728044
379 91.3531 76.4487 1.28843
380 66.1094 6.11661 -2.06587
381 1.51533 92.9599 -0.0972354
382 78.3979 72.1873 1.1486
383 21.0538 22.4506 0.862113
384 99.7732 0.0388735 -0.370811
385 39.2039 33.9799 -1.54792
386 31.6981 35.0502 -2.56269
387 8.51371 75.0065 0.149749
388 63.6386 7.98795 -1.76173
389 89.6999 82.3908 0.844587
390 73.4329 73.8907 1.46875
391 9.18622 37.7163 -3.15388
392 75.8238 88.8097 1.49499
393 60.833 10.4389 -1.39651
394 84.2187 70.8126 1.54831
395 5.23573 35.1097 -2.27894
396 99.2812 20.4197 -2.39324
397 86.3919 78.3887 1.60172
398 82.265 83.7929 0.907426
399 32.4988 83.2189 -0.33534
400 74.9531 64.2187 1.6397
401 77.0584 48.568 -3.48118
402 42.1068 12.4769 -0.568002
403 77.5354 70.4224 1.66979
404 10.7236 1.184 0.279472
405 71.046 71.6724 0.860709
406 86.4937 46.3442 -2.96558
407 82.6202 69.7204 1.18214
408 95.9754 47.0334 -3.32137
409 86.8532 73.1339 0.984853
410 67.5719 68.2221 0.563674
411 90.682 90.3278 0.599083
412 41.595 12.5822 -0.711204
413 3.58232 24.3748 -2.96383
414 55.6775 6.06925 -0.266521
415 97.6649 97.067 1.11401
416 91.5235 84.7685 0.737368
417 79.418 64.9585 1.85433
418 80.1018 73.316 0.919832
419 61.534 68.0722 -0.939371
420 94.7588 87.7305 0.502368
421 74.4335 71.3221 1.49628
422 11.1712 44.3063 -2.60182
423 36.3151 61.5499 -0.388069
424 88.4881 89.5335 1.25289
425 82.3863 68.132 1.62219
426 47.4075 90.6855 -2.53702
427 67.5257 86.4746 -1.6708
428 50.6197 5.20452 -0.0636582
429 55.3848 5.91838 -0.792269
430 47.2398 68.2354 -1.18346
431 53.4091 4.53031 -0.583576
432 68.9182 0.252607 -2.5492
433 47.4187 92.77 -2.58587
434 87.2761 90.0553 1.08143
435 72.5645 1.33491 -2.56672
436 67.0723 6.58464 -1.5576
437 99.0257 96.7523 1.21923
438 61.1396 72.0541 -1.0629
439 51.7203 92.0499 -2.60032
440 71.598 54.5027 -3.11739
441 79.1797 60.686 2.18007
442 80.2446 73.7284 1.76523
443 67.6895 56.0154 1.73073
444 50.8063 5.3768 0.0435361
445 82.1179 79.2029 1.83782
446 2.13543 28.5916 -3.3214
447 84.9005 48.9153 -3.21704
448 90.9759 87.6904 1.43066
449 81.7211 77.7508 1.51234
450 72.7204 69.9536 0.827034
451 40.2158 9.91278 -0.19236
452 78.2121 78.9575 1.27075
453 69.1376 3.93295 -2.09698
454 7.60497 46.0589 -3.12938
455 74.398 47.9279 -2.75416
456 69.0515 63.7079 0.939808
457 14.6885 39.3545 2.9457
458 21.6861 47.6777 -2.52412
459 36.523 60.9075 -0.170803
460 90.115 80.5065 0.733961
461 99.038 89.2308 0.387679
462 54.8668 8.02491 0.0334719
463 60.3802 91.3782 -2.07876
464 54.9986 13.2168 0.130061
465 8.48069 40.7603 -2.83772
466 65.6544 10.9358 -1.39143
467 83.3236 73.5049 0.917291
468 90.3771 82.4137 0.512039
469 65.5459 5.92869 -1.99044
470 74.2655 69.8834 1.66919
471 54.4594 9.25957 -0.583446
472 54.1449 10.148 0.0700304
473 94.3149 53.6972 -2.99582
474 88.8274 87.8286 0.986036
475 89.6921 47.0704 -2.65157
476 5.09344 93.3783 0.339912
477 13.1197 5.62689 0.620848
478 59.4986 79.2334 -1.11647
479 94.5937 95.5067 0.689157
480 15.0424 38.5635 3.0354
481 92.4083 86.4315 0.495084
482 0.599128 92.1543 0.468807
483 77.3808 69.1568 1.76484
484 80.6113 91.6207 1.69818
485 78.739 4.97752 -1.79876
486 66.8706 3.68556 -1.65051
487 65.3449 12.2771 -2.08459
488 40.6742 96.8772 -0.648126
489 75.0925 51.2448 -3.48187
490 39.4215 37.8158 -1.90491
491 41.6235 66.8788 -0.230815
492 53.6537 7.28861 -0.656438
493 60.0824 87.5401 -1.65173
494 44.551 64.2498 -0.655258
495 19.5653 81.8393 -0.69548
496 80.4498 78.2198 1.46174
497 86.8145 83.5138 1.62121
498 57.6784 6.82522 -0.42328
499 37.6708 58.5798 -0.494061
