500
Particles
0 48.1438 28.6259 2.55907
1 88.6691 8.38036 1.40989
2 71.3876 73.9326 2.06542
3 61.6281 96.6475 0.829439
4 53.8531 51.6801 1.81066
5 89.7029 5.91393 1.32256
6 68.3168 56.8676 1.9956
7 67.3451 4.13983 1.45839
8 41.3459 57.1939 1.97777
9 29.482 3.82214 0.933354
10 68.3787 34.3005 2.38995
11 64.5014 64.433 2.1268
12 74.0545 72.6607 1.925
13 48.2178 33.1796 2.62061
14 56.1474 54.575 2.48505
15 50.2363 37.5936 2.36623
16 86.7447 45.1991 2.87342
17 59.7777 69.5172 2.34846
18 55.7398 62.9748 2.72764
19 24.1668 82.5169 2.41105
20 61.6352 97.892 1.09235
21 66.0124 54.6667 1.80419
22 67.2414 45.0945 2.69714
23 49.4412 41.6172 2.22345
24 64.2077 99.8771 0.838003
25 56.9606 38.7392 2.35893
26 94.9563 100.35 1.20111
27 64.2643 62.5829 2.50796
28 65.1022 51.7117 2.29971
29 74.8492 71.2316 1.95844
30 51.0604 99.8947 0.426767
31 64.0348 46.6381 2.34245
32 17.1418 88.2324 2.17912
33 59.4854 6.80841 1.36723
34 57.9961 36.2177 2.35355
35 51.5603 64.3409 2.80536
36 55.1758 8.22634 1.74245
37 77.3851 68.1875 1.47975
38 58.701 43.8243 1.94957
39 51.7005 43.9183 2.79596
40 60.9339 35.3057 1.90115
41 48.0523 41.6831 2.72378
42 69.645 35.3082 1.98918
43 62.236 97.7766 1.49463
44 90.3299 10.3967 1.80152
45 74.4654 39.1201 2.49713
46 58.5976 39.1755 2.61766
47 90.9077 95.9932 1.39351
48 64.8211 37.9877 1.98948
49 53.7241 26.8996 2.67867
50 61.4136 65.9371 2.49013
51 71.7693 48.2735 2.79856
52 61.3054 99.7813 1.00505
53 55.9888 8.15303 1.56992
54 56.2964 51.4598 2.21926
55 71.1142 93.5752 2.47103
56 58.1523 53.9318 2.55063
57 69.1081 28.4765 2.02128
58 58.7296 57.3859 1.86681
59 53.9813 37.138 2.26831
60 60.5614 62.1453 2.26209
61 65.2484 34.8351 2.71335
62 43.0228 50.9014 2.23421
63 30.5125 60.7844 1.0171
64 64.6069 59.5168 2.51921
65 89.7738 97.0498 1.70516
66 56.911 64.8919 2.58291
67 58.5616 64.1696 1.90394
68 93.1983 93.0349 1.02733
69 78.2811 33.6202 2.59898
70 66.32 59.0806 2.45934
71 58.5581 37.8448 2.6011
72 57.4258 61.7293 2.15259
73 78.3557 66.1355 2.11405
74 66.5787 31.842 2.71005
75 68.2377 0.607599 0.921186
76 69.2162 32.0244 1.93329
77 68.7199 58.054 2.37462
78 79.2576 74.8604 1.45352
79 59.6954 59.9593 2.07611
80 66.8797 37.5323 2.75859
81 59.0469 65.7271 2.73916
82 43.3663 61.46 2.42669
83 50.4741 57.6942 1.90157
84 69.8965 91.1975 1.69492
85 66.3841 38.5775 2.49838
86 66.7318 35.2983 2.00112
87 80.469 62.882 1.50954
88 72.8103 92.3955 2.34608
89 65.7863 32.2591 2.51338
90 63.5737 0.740041 1.56962
91 63.9808 47.1875 1.82137
92 70.6782 55.8152 2.24105
93 50.3513 52.0593 1.82466
94 65.9797 37.3092 1.96543
95 28.3429 85.3519 2.05405
96 65.6264 58.4501 2.02051
97 69.0052 61.8774 2.36082
98 62.7272 30.5743 1.79426
99 68.9753 53.9858 2.3434
100 64.5301 99.8104 0.683449
101 56.3154 61.6359 2.55181
102 67.0197 33.6752 2.26233
103 57.6809 34.0063 2.27412
104 66.6261 41.9906 2.47456
105 61.7248 2.13445 1.62424
106 56.482 50.9888 2.41953
107 53.0076 39.6284 1.89206
108 66.5421 45.5119 1.91497
109 60.3868 57.5627 2.63813
110 69.775 1.88059 1.05552
111 82.6936 68.1554 1.39765
112 61.5684 95.8597 0.808198
113 65.9308 53.5945 2.46861
114 65.4278 63.5001 1.91367
115 70.9477 69.5548 2.60857
116 68.8913 29.1383 2.07595
117 58.0009 41.5616 2.35547
118 40.4354 95.6482 1.74716
119 53.8708 55.5778 1.91974
120 54.3554 33.7902 2.30607
121 77.1726 2.66769 0.769623
122 62.8667 37.1281 1.93745
123 49.7677 52.8756 2.10669
124 68.7486 73.0672 1.83912
125 92.4199 88.8422 0.841723
126 83.684 47.7486 2.80686
127 43.4682 36.2832 2.34337
128 64.9417 99.9303 1.10069
129 61.2934 63.4076 2.59858
130 59.9456 46.678 2.46058
131 67.9889 33.6648 2.03991
132 1.78614 79.9443 1.81882
133 97.5868 93.6846 1.32553
134 60.3437 12.9099 1.64249
135 72.7905 61.7373 1.74352
136 66.9171 30.5367 2.07429
137 65.3966 58.439 1.99794
138 68.0322 37.4373 1.93097
139 56.3705 33.5859 2.0385
140 70.2748 34.873 2.56892
141 78.6696 93.4049 1.49166
142 52.4934 56.1153 2.12138
143 29.267 66.5511 1.7605
144 65.6659 59.7729 2.17422
145 61.3494 66.1635 1.9854
146 53.3311 37.3902 2.03731
147 61.3814 6.80542 1.36988
148 78.518 64.516 1.52839
149 54.2249 65.4666 2.32144
150 68.0077 34.8734 2.18208
151 19.8883 87.1588 1.72282
152 66.9479 30.6817 2.0002
153 68.2498 44.822 2.40841
154 87.6226 42.5095 2.21638
155 95.8633 96.1574 1.40486
156 45.1853 57.0471 2.84265
157 19.9284 31.3439 0.0505558
158 92.9799 2.22537 1.1293
159 29.0573 70.7717 1.69031
160 59.045 9.06118 1.06156
161 31.8094 72.095 1.56564
162 54.0534 64.9423 2.51422
163 71.4183 89.8404 2.05455
164 89.8838 98.3141 1.4666
165 50.6579 63.5146 2.66468
166 71.4484 91.2642 2.41851
167 82.428 66.8027 1.91674
168 59.568 60.9762 1.83653
169 85.2112 97.5984 1.40277
170 28.6686 91.6836 2.74352
171 66.0996 56.0086 2.06366
172 51.2194 35.1176 2.78381
173 70.12 33.0515 2.35313
174 91.5603 2.27554 1.53087
175 97.3071 84.6256 0.0387714
176 71.4895 74.5244 1.86822
177 57.6642 31.3752 2.18984
178 63.2095 98.9425 1.6151
179 64.658 51.4037 1.98379
180 66.8253 56.324 2.64818
181 30.8678 66.3568 1.48236
182 59.6389 54.0936 2.06525
183 46.0664 26.3117 2.42956
184 73.1424 57.7919 2.27236
185 93.6139 96.8864 1.40166
186 68.6427 41.3958 2.5493
187 43.2939 92.8549 2.03357
188 40.3115 35.5676 2.68581
189 65.7482 68.9409 2.77813
190 92.0866 1.7919 1.68233
191 69.8191 65.7545 2.49389
192 64.0774 26.3502 1.72887
193 72.5692 51.2966 2.23332
194 61.739 32.652 2.20001
195 65.0777 56.2079 2.32438
196 54.5021 30.3884 2.39356
197 65.4839 33.579 2.66748
198 70.0881 56.0591 1.89095
199 11.8127 27.9468 -1.03765
200 70.4782 57.9119 1.88888
201 74.8781 68.4803 2.44532
202 62.7541 0.656964 1.5232
203 33.7918 73.2954 1.91651
204 95.5053 99.3114 1.71033
205 81.5584 66.0238 2.0744
206 60.241 32.9037 2.69506
207 56.4985 40.0143 2.1258
208 45.7774 64.8553 2.78818
209 39.9267 93.852 1.7806
210 60.9248 63.8496 2.59595
211 68.1229 41.3914 1.90551
212 94.4588 92.7862 0.691013
213 19.1096 84.2653 2.22689
214 40.427 32.3367 2.5294
215 57.6757 46.2718 2.43736
216 75.1892 42.3304 2.3275
217 64.3586 55.1239 2.38335
218 64.9467 75.9967 2.12521
219 60.7165 70.8662 2.62367
220 78.15 66.6595 1.62043
221 74.8889 52.0181 2.72076
222 76.9769 67.2376 1.35603
223 65.4914 3.81398 1.58631
224 58.8457 97.4988 0.813145
225 73.5104 72.4369 2.31447
226 8.58264 21.4063 -1.4164
227 71.1931 45.0265 2.24518
228 67.1518 35.2738 2.5767
229 71.5622 38.6968 2.36148
230 48.0511 36.9445 2.64213
231 62.2043 61.4845 1.75013
232 69.7108 51.5109 2.64659
233 58.6335 37.479 2.62224
234 57.0815 35.422 2.11702
235 57.5455 51.9223 2.12885
236 81.1862 35.8072 2.39615
237 69.5852 72.3139 2.04542
238 60.3933 54.4128 1.78995
239 53.1954 56.7954 1.72381
240 63.5648 61.8041 2.36354
241 44.2736 55.9921 2.14451
242 70.8756 44.0314 2.74713
243 70.593 58.4321 2.19606
244 30.8226 73.2095 1.92678
245 70.8293 47.541 2.58698
246 68.7698 38.6466 2.51372
247 93.1314 99.9459 1.69452
248 54.399 54.9317 2.49129
249 64.1082 29.1265 2.21358
250 60.6932 61.6124 1.83621
251 65.1796 70.4722 2.06142
252 64.6569 2.80665 1.12216
253 54.8013 98.6775 1.53641
254 68.0654 33.2259 2.0866
255 55.9814 64.7588 2.29347
256 71.3102 42.4831 1.90517
257 64.6298 33.1597 2.2095
258 44.075 60.4524 2.24239
259 56.7478 51.6504 2.53675
260 95.4239 3.5421 1.43293
261 54.2161 56.2903 1.69251
262 71.4615 37.1399 2.55259
263 69.0247 51.1307 2.06976
264 60.0433 7.76384 1.18569
265 65.943 33.2082 2.79962
266 58.5377 30.449 2.35799
267 65.0153 61.6171 1.89398
268 54.5964 34.4471 1.8748
269 61.7986 63.6935 2.69871
270 59.6211 56.3833 2.42213
271 59.2016 54.2464 1.94327
272 17.3719 83.2253 1.309
273 56.3014 34.6462 2.19635
274 61.272 42.5115 2.42004
275 68.4686 36.0894 2.46429
276 59.6122 26.8696 2.55092
277 71.2953 55.7885 1.94091
278 79.2048 3.63232 1.53994
279 70.5563 44.4024 2.42567
280 62.4455 58.5215 2.41582
281 67.1878 39.1155 2.76806
282 55.8181 54.4263 1.86513
283 84.3383 65.8309 1.29071
284 81.893 33.0075 1.92558
285 69.1597 59.8081 2.21403
286 45.636 40.7769 2.11742
287 66.2084 37.9416 1.97425
288 48.2115 73.0701 2.23997
289 78.3308 33.5152 2.31072
290 60.7083 38.9673 2.51564
291 46.9133 23.9323 1.76098
292 94.6532 94.4997 1.64258
293 58.1216 39.4798 2.05037
294 60.0655 52.5367 2.14887
295 64.6818 54.5106 1.95986
296 74.5177 57.2466 2.39251
297 85.7461 44.9491 2.69972
298 48.4599 57.8538 2.10753
299 74.4724 68.0479 1.61743
300 61.7158 35.0592 1.88329
301 59.301 63.9796 1.99113
302 53.1662 33.0745 2.18784
303 68.5447 39.3131 2.36378
304 28.7037 62.3078 1.71694
305 65.7663 68.6137 2.69058
306 60.099 3.37302 1.12628
307 70.7163 70.0055 1.77381
308 55.264 59.6246 2.12626
309 59.3821 41.8485 2.23131
310 61.366 5.31071 1.03503
311 54.1946 44.779 1.90672
312 70.8385 48.4149 2.02945
313 19.769 85.6917 1.91064
314 58.3826 67.4493 2.85827
315 69.7711 43.5873 2.51664
316 68.5955 53.6507 1.74777
317 59.2049 58.0244 1.84959
318 72.2614 71.3361 1.89398
319 74.7077 68.1809 2.35991
320 76.6902 66.2322 1.99446
321 58.8543 68.2028 2.10701
322 79.0636 63.0365 1.51177
323 58.6656 59.1324 2.48132
324 11.1493 23.7694 -2.07368
325 74.5944 41.3765 2.25408
326 66.5412 33.993 2.00901
327 59.2813 35.7481 2.55768
328 84.2092 63.3166 1.64281
329 58.2358 93.1724 1.46369
330 19.8341 84.3708 2.20094
331 64.4474 8.00048 1.81538
332 27.0629 87.4429 2.67312
333 72.5856 58.2236 2.04921
334 50.8503 45.9986 2.0876
335 73.0271 67.5907 2.32492
336 80.3773 65.7853 1.288
337 53.5113 53.1422 1.88828
338 76.9428 44.1166 2.11171
339 63.2684 34.9797 2.42606
340 49.3678 32.9363 2.73116
341 52.5421 59.2387 2.18105
342 58.6531 61.0666 2.76035
343 72.5676 41.3383 2.43413
344 69.3085 37.9203 1.96338
345 68.3219 97.4351 1.06432
346 50.6611 44.4632 2.38611
347 97.8291 3.97155 0.475114
348 41.9861 38.6955 2.57336
349 93.7188 99.1108 0.855355
350 68.1422 42.1944 2.16501
351 32.589 62.4537 1.3099
352 92.0848 7.67059 1.89746
353 64.6754 2.3116 1.45184
354 63.0727 29.7772 2.1304
355 67.9421 30.489 2.26004
356 80.8203 62.2856 2.15298
357 92.5057 98.1578 1.59644
358 62.2724 58.4775 1.90648
359 56.2708 37.7489 1.85517
360 55.4387 69.2473 2.69885
361 52.6289 26.6963 2.22452
362 62.7395 55.4405 2.35418
363 67.7132 36.6357 1.95191
364 62.9531 8.05844 1.33902
365 65.6829 47.5561 2.43025
366 68.6673 57.7321 1.8068
367 80.4193 66.9678 1.59955
368 50.949 35.811 2.07291
369 24.2111 84.9727 1.69806
370 58.4268 100.367 1.54634
371 57.8524 64.6015 2.16362
372 61.9292 52.4242 1.88993
373 71.283 61.329 2.4644
374 61.3395 66.0582 1.86565
375 73.6555 55.105 2.19592
376 63.4404 56.7662 1.8746
377 18.0441 86.6634 1.601
378 60.9673 40.9929 2.80506
379 80.2594 69.6141 1.51898
380 68.1875 35.2547 2.64044
381 7.04696 26.9634 -1.11654
382 65.816 56.5152 2.37806
383 74.4518 94.8748 1.6963
384 68.361 51.1976 2.13301
385 66.5872 4.48564 0.931414
386 53.6317 5.82081 1.49179
387 53.0485 26.2643 2.4354
388 75.0847 39.0699 2.36077
389 56.2724 37.8707 1.91738
390 49.6065 61.0778 2.49291
391 57.2453 57.9288 2.63433
392 56.7533 36.1704 2.06455
393 74.7375 44.7325 2.34646
394 67.1348 59.4388 1.94496
395 61.8606 58.9449 2.69731
396 61.4283 69.4575 2.11538
397 63.394 61.4991 2.05443
398 20.0204 84.141 1.52344
399 47.2883 56.6275 2.61719
400 52.2022 53.9642 1.79756
401 30.131 85.4689 2.19296
402 62.72 28.503 2.39178
403 66.9255 55.2374 2.54045
404 62.3195 37.5698 2.26711
405 89.5079 7.9929 1.37414
406 44.7131 30.8195 2.30175
407 68.7613 60.0547 2.31374
408 57.433 45.4504 2.17454
409 84.3322 65.4455 1.34504
410 54.0551 56.2199 1.68439
411 63.3386 63.074 2.69712
412 71.219 32.4131 2.67903
413 52.9749 56.2763 2.64188
414 73.0108 43.944 2.32939
415 86.9622 96.4233 1.17943
416 71.9099 55.2386 2.37177
417 51.736 53.9351 1.78814
418 63.2817 64.4196 1.98362
419 69.9597 94.3507 1.57292
420 57.0316 37.2095 2.35469
421 61.8898 63.2444 1.852
422 56.8506 55.0945 2.62161
423 75.5608 62.7903 1.66922
424 60.6531 68.8725 2.81016
425 64.6767 51.2944 1.82497
426 2.12387 24.7353 -1.26437
427 61.1552 66.6317 2.66594
428 65.8626 40.915 2.54593
429 69.1599 36.9103 2.09424
430 26.0766 68.1469 1.45588
431 73.3873 53.7697 1.84869
432 56.5388 65.6777 2.57182
433 84.8398 63.0767 1.22973
434 60.9042 37.1155 2.52266
435 64.3266 5.50874 1.62234
436 31.8301 67.7378 1.35171
437 56.4623 33.1724 2.72164
438 76.2246 74.08 2.46751
439 79.471 68.1989 1.51388
440 71.1557 32.438 2.5554
441 42.3495 30.9767 2.48601
442 66.0579 61.1895 2.31614
443 8.6871 30.7553 -1.39921
444 70.5644 49.0883 2.16519
445 84.1356 2.59263 0.897088
446 68.3198 3.59938 1.25746
447 47.3557 39.2079 1.97527
448 63.5469 57.1294 2.03287
449 75.8743 33.6519 2.32345
450 54.8892 60.0316 2.61441
451 62.4835 31.6976 2.51795
452 62.7549 69.3825 1.99405
453 67.8617 31.7933 2.66756
454 64.5407 65.8101 2.55381
455 81.2252 96.7525 1.62547
456 51.0562 51.8414 1.93972
457 59.0706 54.1442 2.01777
458 60.6521 50.0157 2.10724
459 94.915 94.2706 1.60405
460 58.1445 35.4397 2.62031
461 60.3797 1.34738 0.766342
462 70.8532 46.6021 2.37359
463 60.7401 55.5549 2.15469
464 78.7147 51.1542 2.10734
465 54.9408 57.3698 2.02355
466 71.6855 39.9507 1.93181
467 81.2496 66.1807 1.89401
468 52.2039 34.0514 2.00204
469 33.5222 62.9752 1.70829
470 22.1133 74.9171 0.192713
471 62.764 40.174 2.00822
472 72.5203 48.7597 2.26138
473 71.3396 55.8573 2.33032
474 14.1507 26.5299 -2.10736
475 47.7762 36.1267 2.10954
476 92.1642 98.1837 1.29129
477 69.7865 38.1893 2.58943
478 49.8325 68.5863 2.27194
479 66.9388 96.4364 1.55563
480 54.9072 44.1483 2.23925
481 82.8089 62.1277 2.04571
482 63.3186 29.0109 2.5005
483 53.7126 60.8827 2.47598
484 51.3663 36.8792 2.73825
485 47.5575 26.2065 2.69211
486 72.3459 35.8699 2.64705
487 71.3068 39.7629 2.69385
488 43.2144 53.9952 2.2369
489 67.9266 94.7044 2.25355
490 69.2908 1.08895 0.802683
491 64.3251 34.3331 2.71606
492 74.1355 51.9434 2.70508
493 66.88 42.7395 2.48962
494 64.0425 30.1544 2.31502
495 58.0915 40.5577 2.35742
496 64.9875 61.3079 2.27762
497 60.971 64.2535 2.47797
498 72.7273 35.9453 2.60631
499 74.6284 78.5887 2.16018
