500
Particles
0 61.4633 18.2186 2.3708
1 91.1097 92.1117 1.61955
2 78.044 58.6162 2.64352
3 55.8108 80.8951 1.42547
4 63.4612 38.1496 2.62247
5 90.9404 89.8761 1.90847
6 78.2406 43.2516 1.75177
7 68.7017 88.3126 2.02347
8 44.9549 43.631 0.564923
9 14.0178 99.4944 0.095422
10 80.6941 22.7727 2.02152
11 74.6482 50.9289 2.45436
12 80.2312 56.9922 2.22773
13 62.0958 23.7912 1.98075
14 66.3145 41.1548 2.42185
15 62.8193 26.7482 2.4361
16 96.8046 32.0724 1.88198
17 69.7922 56.1069 2.50746
18 66.1131 49.8995 2.25497
19 30.2764 66.96 1.66282
20 55.8915 82.6241 1.31293
21 76.4302 41.3807 2.03322
22 79.5909 33.5897 2.50569
23 62.4303 30.7641 1.77202
24 62.4387 84.5649 2.55033
25 68.8595 27.0562 2.52068
26 94.7983 84.6092 1.21321
27 73.8837 48.7681 2.40195
28 76.0228 38.8275 2.28144
29 81.0426 55.6317 2.21186
30 45.8084 85.5511 1.86832
31 75.7359 34.5736 2.62248
32 23.4188 72.8973 0.982526
33 59.6661 90.0827 2.20913
34 69.7103 24.5778 2.6409
35 61.7898 51.087 2.36662
36 54.9438 91.4308 1.76135
37 83.0898 52.3506 2.00517
38 71.0016 32.6081 2.41692
39 62.3797 31.3223 1.92046
40 73.3753 24.448 2.05554
41 60.7344 31.0338 2.01855
42 82.1567 24.0455 2.33188
43 57.7015 82.0187 1.61387
44 92.2275 93.68 1.98758
45 86.1397 26.9208 1.94569
46 72.1852 28.9481 2.66701
47 91.9426 79.8504 2.18558
48 78.3518 27.7523 2.82559
49 64.8533 14.3763 2.37342
50 71.436 52.4899 1.98607
51 82.1883 35.0012 2.64426
52 57.8714 83.5066 1.59156
53 56.7886 91.6309 1.88653
54 66.9144 38.5405 2.51548
55 76.3346 77.9118 1.87186
56 68.7333 40.9285 2.4569
57 81.2018 16.87 2.48739
58 69.3856 44.5177 2.62355
59 66.7629 26.0453 2.2364
60 70.9305 48.8797 2.02843
61 77.9465 23.874 2.11187
62 43.4775 38.0924 0.46708
63 22.7319 51.6518 -1.18542
64 74.5765 45.9676 1.75373
65 89.3629 80.9644 1.77259
66 68.0552 52.5443 2.62444
67 70.1374 52.0367 2.29396
68 92.5206 77.3083 2.09264
69 90.6631 22.1531 2.2169
70 76.9898 46.1401 2.63994
71 71.5388 27.2603 2.75394
72 68.2322 48.9678 2.24011
73 84.0604 50.2925 2.33805
74 78.9943 20.5251 2.17407
75 70.3464 84.7054 1.98479
76 81.2573 20.1202 2.24384
77 80.5969 46.0435 2.0115
78 84.6612 59.5546 2.21845
79 69.4483 46.0749 1.95392
80 78.8707 25.8479 2.66856
81 69.3906 52.9715 1.85823
82 56.1884 50.9339 1.90682
83 59.2595 43.5855 1.70424
84 75.2097 75.1834 2.04521
85 78.5195 26.8495 2.12759
86 78.458 23.4966 2.35816
87 85.3941 46.8509 2.47727
88 78.2014 76.6062 1.84279
89 77.7415 20.4537 2.19178
90 60.4354 84.6813 1.99814
91 74.8893 34.3629 2.39324
92 81.8442 43.2745 2.20174
93 58.8307 37.5722 1.86519
94 78.6179 26.1812 1.90606
95 34.9451 69.9993 2.30231
96 76.2703 45.6027 1.91889
97 79.2106 48.6437 2.41427
98 75.3965 19.7274 2.60537
99 80.7305 42.1387 2.72564
100 61.3882 84.4558 2.08281
101 66.6028 48.6868 2.32897
102 80.2459 23.3032 2.45538
103 69.5496 22.1708 2.32438
104 79.22 30.8082 2.02343
105 59.8903 85.747 1.73943
106 67.1156 38.1068 1.96681
107 65.5288 28.0538 2.22069
108 76.544 31.9413 1.96788
109 71.7838 45.451 2.20216
110 73.1669 86.3738 1.58361
111 86.376 52.0966 1.99811
112 56.4262 80.6233 1.65056
113 77.0938 40.7322 2.4666
114 75.8886 50.3701 2.57669
115 78.9281 54.9235 1.90945
116 80.8844 17.5441 2.27695
117 71.3089 31.0564 1.90834
118 44.8099 80.6412 1.04764
119 63.9561 41.965 2.26181
120 66.7566 22.8675 2.40715
121 80.0786 88.5312 1.83751
122 76.8606 27.643 1.92996
123 56.6211 38.0853 2.31112
124 76.2231 58.0366 1.86623
125 92.8206 73.5375 1.6753
126 94.3436 35.0904 2.07296
127 55.4812 24.22 2.3485
128 61.071 84.2431 1.96438
129 72.169 50.7137 2.5485
130 71.961 35.1066 2.72536
131 80.235 22.2076 2.91766
132 7.51449 67.7414 0.601703
133 98.4986 77.8024 1.27523
134 59.4447 96.4806 2.14957
135 81.7293 47.5881 2.51225
136 78.7548 18.6739 2.84492
137 76.1733 45.2035 2.19103
138 80.7446 26.5098 2.44016
139 68.7292 22.4998 2.47122
140 82.9024 24.1498 1.96017
141 82.5834 77.3869 1.85502
142 60.2674 41.3568 2.24406
143 31.4358 50.3738 1.36118
144 76.7805 47.3028 2.09893
145 72.392 53.4486 1.88802
146 65.2369 26.5139 2.74384
147 60.849 90.3774 1.75973
148 83.8506 48.8408 2.48309
149 64.7169 52.1318 2.41373
150 80.9967 24.2757 2.73136
151 25.2724 71.5623 1.55365
152 80.2853 20.5803 2.18199
153 80.1179 32.8213 2.24715
154 96.9415 28.6068 2.21635
155 96.24 80.1432 2.0016
156 49.6012 43.3359 1.21257
157 23.7491 39.8756 -2.72448
158 92.986 85.9075 2.09279
159 31.8138 54.4952 1.27789
160 59.3201 92.3407 1.99753
161 33.9934 55.6053 1.68558
162 64.4324 51.9249 1.84673
163 76.1641 73.6352 1.94498
164 90.1983 82.0242 2.21364
165 60.8647 50.424 2.33242
166 77.2321 75.671 1.68883
167 86.8317 50.6762 2.75359
168 70.0784 48.0807 1.73275
169 86.9641 81.3354 2.00466
170 30.0378 75.5935 1.13944
171 75.9239 42.2495 2.17253
172 62.7282 23.0873 2.2521
173 82.989 22.57 2.28682
174 91.7713 85.7722 2.2075
175 95.0566 70.5425 1.65455
176 78.5103 59.0543 2.37549
177 71.1879 21.409 2.77991
178 59.4011 82.8068 1.54871
179 75.1687 38.3193 2.00364
180 78.1445 44.0412 2.59576
181 33.9003 50.362 1.22304
182 69.7025 40.6251 2.65057
183 57.9323 14.672 2.20546
184 82.6574 43.8124 1.9739
185 94.0225 80.3762 1.58115
186 81.393 30.5324 2.60837
187 47.1824 77.9454 1.18162
188 51.3986 23.0209 2.04322
189 75.5433 55.4329 1.6583
190 93.0411 85.6228 2.11841
191 78.855 51.6959 2.04425
192 77.1527 15.884 2.53744
193 83.0902 38.3844 2.70304
194 74.7391 22.1804 2.63543
195 77.1831 44.1989 2.66372
196 66.1948 18.4944 2.53427
197 78.737 23.1885 2.76346
198 80.3938 42.6952 2.22977
199 8.25075 44.0564 -1.63553
200 81.0639 44.6845 2.65193
201 81.5566 53.202 1.9633
202 58.5242 84.7709 1.61257
203 35.8692 56.5131 1.74313
204 95.6295 83.3544 1.53189
205 86.2721 49.8851 2.45926
206 73.936 23.2877 2.84555
207 69.4104 29.2591 2.75455
208 58.3997 54.5107 2.1616
209 45.2368 79.2154 0.850528
210 71.3639 50.7328 1.79406
211 79.2117 28.9795 2.013
212 95.658 77.0534 1.55113
213 25.6839 69.1083 1.53688
214 52.8017 21.4373 2.0714
215 69.2853 33.9964 2.29637
216 85.2947 28.7187 2.22118
217 75.4585 42.5744 2.30671
218 71.5306 60.9213 1.84198
219 70.0477 56.6769 1.87613
220 83.4434 50.6028 2.043
221 85.4397 39.1309 1.91524
222 82.8073 51.587 2.15735
223 65.1851 87.5058 1.89765
224 54.0361 81.383 1.95946
225 79.6046 56.9112 2.22907
226 0.123126 25.3247 1.52948
227 82.7774 32.8511 2.16433
228 80.6053 25.139 2.01028
229 83.6915 26.9261 2.01416
230 59.9298 25.3786 2.36205
231 72.0802 47.9738 2.03206
232 81.0638 39.2973 2.08785
233 71.5803 26.6865 2.05691
234 68.3556 22.7315 1.97365
235 67.4051 38.3531 2.69386
236 94.7805 25.4288 2.76499
237 77.5585 57.4497 2.34907
238 70.5927 40.9088 2.54701
239 61.0678 41.6296 2.45331
240 74.8507 49.248 1.9806
241 48.3372 41.5922 0.862663
242 83.3697 32.6358 1.83795
243 81.6124 45.7365 2.41298
244 33.9166 56.6231 1.59638
245 81.4753 34.3644 2.4491
246 80.4887 26.6324 2.07727
247 93.1086 83.9949 1.85991
248 64.6585 41.5468 1.91456
249 77.3642 18.9233 2.15938
250 72.7099 49.6971 1.67447
251 74.1872 56.4574 2.30129
252 66.1288 86.8027 2.28565
253 50.4764 82.5727 1.31449
254 80.7287 22.188 1.97437
255 66.5079 51.6638 2.60371
256 82.7631 30.4114 2.04267
257 77.4254 22.6861 2.82139
258 48.08 47.5436 1.06102
259 67.5164 38.787 2.13972
260 95.0884 87.7762 1.93743
261 64.4888 43.097 2.43987
262 83.5293 24.9475 2.33052
263 79.9954 38.403 2.48137
264 60.4533 90.8949 1.96254
265 79.4493 23.0515 2.0568
266 71.6044 19.6848 2.28948
267 75.6365 48.6256 2.39464
268 66.6438 22.9505 2.68617
269 72.7585 51.0896 2.17639
270 70.2534 43.514 2.60417
271 69.5284 41.0268 2.56728
272 24.1608 68.2847 1.49118
273 69.3383 24.078 2.18059
274 73.6677 31.1037 2.47628
275 81.0426 25.0958 2.84817
276 73.1444 17.2173 2.91911
277 80.955 42.3278 2.63701
278 83.7042 91.5393 1.5233
279 83.6415 33.5296 2.22855
280 72.4787 44.947 2.16671
281 80.4118 28.784 2.6432
282 65.5707 40.7932 1.98926
283 89.4471 50.0109 2.30014
284 93.8476 21.7146 2.21247
285 80.2764 47.386 1.82421
286 56.4506 27.7856 1.78921
287 77.949 25.9824 2.59569
288 41.1092 66.0273 0.467015
289 90.9127 22.4156 1.91942
290 72.9189 27.5609 1.93953
291 58.5767 11.7769 2.03844
292 95.4286 78.5794 2.09495
293 70.4615 28.5752 2.21063
294 69.8144 38.9302 1.94583
295 74.9282 41.5183 2.29797
296 84.3139 43.4913 2.43457
297 93.8529 30.5696 1.76892
298 54.6033 42.2702 1.01704
299 80.9038 52.6585 2.12297
300 73.8096 23.8928 2.06896
301 70.3269 51.0545 2.41717
302 64.9424 21.2599 1.87891
303 80.6214 27.8055 2.01688
304 19.6784 55.0224 -1.07312
305 75.371 54.8648 2.30896
306 57.0308 87.2122 2.14434
307 78.0273 54.918 2.05637
308 64.975 45.9369 2.3923
309 71.7967 30.5528 2.1378
310 61.6615 88.9673 1.84743
311 65.3969 32.361 2.66183
312 81.5045 35.4375 2.64083
313 27.8262 70.9648 1.53507
314 69.8636 55.3631 2.37244
315 80.9378 31.3461 1.76459
316 80.3429 41.9957 2.0978
317 69.3149 44.4338 2.65901
318 79.0552 56.0441 1.72299
319 81.9695 52.87 1.79001
320 82.4043 50.3276 1.99005
321 69.9047 55.6124 1.61621
322 84.828 47.2977 1.99242
323 68.1468 45.4451 1.98404
324 7.1043 39.9067 -1.71799
325 86.1651 29.3545 1.78945
326 78.8402 22.4447 2.60646
327 71.186 24.1427 2.59188
328 88.9256 47.1984 2.30035
329 54.1967 77.0235 1.50233
330 26.1475 69.1609 1.40781
331 66.3512 91.1686 2.23682
332 30.5256 71.157 1.76122
333 83.0246 45.0191 2.28134
334 61.6947 33.5159 2.42282
335 79.4669 51.9069 2.13993
336 86.1649 50.3413 2.19169
337 62.1311 38.8638 2.41787
338 86.8071 30.5531 2.68819
339 76.9189 24.7804 2.74012
340 61.3885 21.341 2.5406
341 61.1139 44.7199 1.82441
342 69.491 48.4336 1.96895
343 83.3031 28.4183 1.90993
344 81.841 26.6377 2.6157
345 71.6204 81.3574 1.45625
346 61.455 32.0847 2.14465
347 95.8536 88.2395 2.06697
348 53.0601 25.8453 1.85065
349 92.7588 83.5189 2.00515
350 80.3647 30.6159 2.24101
351 34.7259 45.9395 1.38017
352 95.2822 91.2967 2.33989
353 62.5645 85.9685 2.34084
354 75.1464 17.8179 2.63355
355 81.2078 20.0971 2.00793
356 86.3103 46.8411 2.22379
357 91.4618 82.105 2.10901
358 71.5556 44.3398 1.85309
359 68.4261 26.4529 2.09006
360 66.3705 56.3601 2.11013
361 64.0214 14.4838 2.29254
362 73.5932 42.8569 2.05137
363 79.7542 25.0493 2.0916
364 63.6366 91.3281 2.08347
365 76.0036 34.5267 2.34875
366 78.2803 43.998 2.6162
367 84.6124 50.8398 2.17835
368 63.7594 24.9405 2.73882
369 31.6294 69.864 1.6785
370 53.2898 84.5059 1.74199
371 67.8455 51.0936 2.1272
372 71.6899 38.887 2.06769
373 81.3781 47.8522 2.63696
374 72.1633 53.495 1.81157
375 84.3726 42.2582 2.03543
376 74.0557 43.6827 2.63498
377 23.8074 70.9221 1.12558
378 73.6843 30.3994 2.35063
379 84.5682 53.3315 2.61414
380 81.2855 24.3624 2.80794
381 4.08582 43.322 -1.7941
382 76.6936 43.5214 1.83954
383 80.0875 79.2288 1.86312
384 79.228 38.3291 2.42306
385 65.629 88.4152 2.55074
386 53.757 90.2814 1.95716
387 64.4311 14.0578 2.32378
388 86.7717 26.6135 2.28767
389 68.4299 26.4734 2.8596
390 58.9025 46.878 2.42396
391 67.1203 44.389 2.66021
392 68.6704 24.4746 2.2678
393 85.3879 31.7082 1.92246
394 76.9941 46.0861 1.77882
395 71.2819 45.1687 2.18153
396 71.5945 56.0165 1.83209
397 73.9883 48.4363 2.17441
398 27.0605 68.79 2.04168
399 51.6445 41.9729 0.641468
400 60.7711 39.6507 1.80142
401 34.8967 69.2975 1.81194
402 76.404 19.0977 2.87911
403 77.9259 42.5045 2.66778
404 75.3829 26.6115 2.36471
405 93.0226 91.5949 1.58141
406 56.8339 19.1756 2.6399
407 78.8337 46.8637 2.61999
408 69.411 34.0088 2.70242
409 88.4973 49.2891 2.01175
410 63.4255 42.4805 1.86024
411 74.6875 50.6099 2.65429
412 84.2167 21.7001 2.43752
413 62.3019 42.6543 2.13639
414 83.9462 31.3264 2.4204
415 86.8755 79.781 1.46188
416 83.7622 43.5754 2.55097
417 60.2629 39.8817 1.97948
418 73.2693 51.0835 2.08222
419 73.6167 78.0449 1.72817
420 69.5764 26.2084 2.59155
421 70.7138 49.2431 2.03651
422 67.4558 41.9942 2.27146
423 82.6143 47.308 1.85884
424 70.4587 55.3917 2.19515
425 74.918 38.1088 2.28205
426 0.38981 41.0531 -1.48255
427 72.4517 54.2625 2.60861
428 76.5274 28.142 2.25521
429 81.2828 25.4733 1.97899
430 30.3945 52.2522 0.992983
431 83.5584 40.4806 2.22356
432 67.2599 52.8629 1.71259
433 91.3682 48.0493 2.67953
434 73.356 25.9504 2.45597
435 65.1327 89.0176 2.38571
436 34.3888 51.6664 1.95291
437 68.4842 21.4205 2.59838
438 82.8152 58.5443 2.18545
439 85.4414 52.6675 1.82415
440 83.3847 20.6825 2.03941
441 54.7985 19.9894 2.76144
442 78.3294 49.5954 2.24371
443 6.75118 46.9854 -2.19479
444 81.8307 36.6488 2.02467
445 88.9989 88.295 2.10803
446 70.7232 87.8139 1.65095
447 60.1011 28.4658 1.92378
448 74.4258 44.2739 2.05513
449 87.5291 21.7908 2.54181
450 64.3963 46.1017 2.61862
451 75.5524 21.365 2.29413
452 72.6999 55.6685 2.54912
453 80.8591 21.2191 2.81468
454 74.2621 51.8823 2.36295
455 82.4702 80.052 1.41275
456 59.2764 37.1653 2.02375
457 68.5037 40.2168 2.57722
458 71.7126 37.4036 2.63652
459 96.0268 78.2028 1.3636
460 70.2849 23.7159 2.56151
461 57.8428 84.8251 1.46774
462 82.1099 33.9264 2.28454
463 71.7974 42.8305 2.37511
464 89.2202 39.124 2.41486
465 65.8241 44.3964 1.78973
466 83.6315 28.0717 2.05366
467 86.0484 49.9847 2.21848
468 64.5644 22.7066 2.64759
469 37.0864 47.6934 1.58987
470 8.6861 81.3746 -0.703256
471 74.2093 27.8436 2.48017
472 83.5205 35.9606 2.48524
473 81.1718 42.2726 1.79767
474 11.6058 42.111 -1.28956
475 61.1594 25.7992 2.15928
476 92.8667 82.4791 1.68818
477 80.7386 25.3608 2.00249
478 61.1059 56.2161 2.11566
479 70.5348 79.9711 1.83198
480 68.5228 34.0737 2.06074
481 88.3339 46.3652 2.72255
482 76.7801 18.8734 2.21944
483 64.1737 47.8385 2.0347
484 64.4649 26.5718 2.23449
485 60.1747 14.8802 2.45594
486 83.82 23.6494 1.92296
487 83.0887 27.7727 2.30753
488 45.9891 40.5577 1.38743
489 72.0079 78.5525 1.61484
490 71.0109 85.6714 2.4599
491 78.3138 24.5108 2.78024
492 83.8981 38.2811 1.94227
493 79.5321 31.6487 2.21508
494 77.6586 20.6185 2.86717
495 71.3411 30.0552 2.36358
496 74.7965 47.8538 2.13333
497 71.3149 50.5943 2.16311
498 84.8674 24.6843 1.90567
499 81.7364 63.3992 1.29342
