500
Particles
0 57.3126 72.6009 -1.44692
1 86.8424 0.907328 1.279
2 84.332 6.13668 1.53419
3 98.409 44.5047 2.98461
4 85.3935 89.4592 0.722897
5 2.79451 8.37217 0.919856
6 94.9317 100.173 1.27155
7 43.4121 5.0471 -1.18232
8 65.2444 68.2192 -1.84071
9 66.7032 74.2555 -1.67101
10 90.7442 18.6878 1.55041
11 39.0575 97.5886 0.0906432
12 92.2521 13.4336 0.954271
13 72.9954 19.4839 -2.26255
14 88.423 91.2707 0.83406
15 99.0644 18.1818 1.4351
16 4.20381 45.5684 2.55919
17 82.3939 18.5768 2.26384
18 88.675 99.8016 0.737834
19 84.0264 77.5584 0.860208
20 95.7004 46.1155 -2.81053
21 97.9524 96.8613 0.905221
22 88.1765 16.0178 1.85961
23 84.7141 20.9844 2.41799
24 29.3843 62.3496 -3.19696
25 1.54006 13.4706 1.03869
26 19.7457 8.77477 0.62099
27 47.382 3.96836 -0.927016
28 52.6438 75.325 -1.40847
29 85.5836 20.9562 2.62387
30 89.9226 8.45165 1.3664
31 81.9487 63.4563 0.345412
32 93.2021 45.2509 -3.31924
33 85.0395 5.008 1.06696
34 90.1512 33.5699 -3.1552
35 48.1122 72.9055 -2.02327
36 39.4925 2.0234 -0.283633
37 96.754 2.7012 0.337469
38 84.6281 7.8343 0.964147
39 84.0297 90.9178 1.08274
40 85.3425 11.5838 1.56001
41 71.2829 23.5643 -2.3746
42 63.6094 74.4121 -1.96776
43 96.3969 25.2098 1.24898
44 87.5136 5.42163 1.39499
45 69.0323 78.0661 -1.38174
46 57.5013 76.5606 -1.44458
47 80.6487 15.0079 2.62508
48 63.229 66.0308 -1.61818
49 2.48361 7.43355 0.746113
50 73.2263 69.5168 -1.59513
51 61.0128 79.5347 -2.07933
52 92.3914 78.6919 -0.1169
53 39.6563 98.2963 0.771225
54 86.2289 20.5212 3.12571
55 57.1439 12.5898 0.412049
56 85.7194 30.3038 -2.73245
57 26.272 30.2483 1.32098
58 83.7486 24.5893 -2.72725
59 1.67171 11.3922 0.714158
60 94.7799 3.44065 1.2059
61 61.9926 70.6131 -1.50907
62 52.2133 77.6293 -1.78213
63 86.002 97.4864 0.475889
64 92.4308 2.70865 0.545714
65 59.3083 34.364 -2.1299
66 96.8969 6.44483 0.766316
67 42.8039 63.2688 -1.68091
68 57.7896 29.5767 -2.5121
69 54.637 81.6321 -1.47939
70 96.472 0.472883 0.533074
71 50.8438 36.1516 -1.60028
72 92.4171 3.80473 1.26401
73 49.6379 56.5514 -1.39566
74 47.2077 22.5779 -1.91556
75 57.4316 7.61658 -0.382859
76 54.0241 82.1248 -1.69544
77 90.9498 2.73977 0.834585
78 90.3424 7.16288 1.44296
79 92.6889 97.5536 1.1078
80 52.7537 82.8439 -1.38557
81 94.4637 6.58173 0.747299
82 16.7124 70.5718 0.152811
83 91.6456 95.7782 0.604305
84 7.9807 28.662 -0.00816455
85 41.6957 74.6577 -1.60126
86 48.698 91.0857 -1.89266
87 54.2197 23.095 -1.6531
88 90.8226 88.2426 1.10645
89 18.0287 10.1706 0.619736
90 27.5914 98.6903 0.54228
91 81.4922 62.4661 0.38321
92 54.3964 10.4821 -0.295804
93 84.0399 24.8038 -2.87667
94 70.5355 54.1633 -0.0542785
95 52.8588 75.9704 -2.14321
96 93.8786 99.8167 1.08777
97 97.5404 3.93513 0.986016
98 25.5917 6.41418 0.365976
99 98.2129 40.9241 3.45673
100 92.032 75.9924 0.468717
101 89.6101 98.7134 1.09665
102 66.1951 68.849 -0.924766
103 36.5505 50.9126 -1.6138
104 58.8779 73.1595 -1.93907
105 27.4658 98.6321 -0.419839
106 84.8727 33.5113 -2.97354
107 56.8596 61.1107 -1.2544
108 62.8131 77.8283 -1.46609
109 59.6426 64.6302 -1.61406
110 87.0501 11.1868 1.30911
111 96.8286 2.45981 0.991521
112 69.9165 68.695 -1.07871
113 78.2749 21.4703 -3.03154
114 96.7868 21.548 1.21968
115 44.2325 61.7959 -1.77748
116 95.6176 7.63829 0.972987
117 10.0089 16.8482 0.885931
118 2.45494 44.5636 2.89124
119 83.7678 24.6554 2.73991
120 11.0695 12.9693 1.07699
121 80.7362 53.59 0.0475063
122 69.8098 54.5275 -0.826969
123 88.5471 98.2235 1.42455
124 62.3845 29.628 -2.51562
125 59.1831 33.9339 -1.6683
126 72.8321 61.9012 0.128695
127 62.2909 30.0728 -1.91571
128 28.9282 62.9291 -3.268
129 58.5006 72.6208 -1.66287
130 56.6834 79.8775 -1.7754
131 89.7823 15.8825 1.31542
132 35.2281 97.5805 0.510039
133 32.7256 2.73216 0.3504
134 3.76445 7.32396 0.65055
135 98.6358 0.911013 0.731468
136 34.005 7.5579 0.299497
137 98.8845 1.47834 0.768442
138 68.9794 57.2354 -0.933958
139 48.2764 81.4356 -2.10178
140 64.2097 71.0411 -1.81859
141 57.9945 35.2074 -1.66106
142 93.4536 93.5267 1.12327
143 71.5072 77.8875 -1.44028
144 97.346 3.45004 0.36132
145 53.1071 58.8566 -1.72596
146 56.8833 78.5666 -1.63384
147 84.2801 2.85421 0.768152
148 56.4306 78.8148 -1.32466
149 97.5052 6.13786 0.728419
150 62.2965 73.7699 -1.40613
151 52.0371 76.1445 -1.40781
152 54.1938 36.1415 -2.30996
153 59.7369 74.2183 -1.96598
154 73.1076 77.9859 -0.985213
155 35.2311 4.5806 -0.32572
156 66.7015 69.5616 -1.24202
157 68.4647 80.8772 -1.40101
158 9.82848 8.13322 1.43711
159 95.4247 18.8755 1.15704
160 88.2369 7.79041 1.27298
161 79.9404 59.2517 0.121538
162 70.6762 71.8977 -1.63398
163 62.0727 26.3007 -2.57053
164 96.5668 76.9517 0.676425
165 45.7726 70.963 -1.38114
166 56.2479 30.58 -2.2148
167 2.1515 1.34834 0.842682
168 89.1234 99.956 0.81637
169 97.9234 27.4636 1.50807
170 83.5471 2.45654 0.459947
171 94.1955 99.4623 0.725468
172 49.9818 60.4675 -0.878773
173 65.6483 71.6366 -1.8392
174 99.1802 9.32791 0.410656
175 77.7419 64.7007 0.194878
176 96.0504 19.0874 1.43477
177 41.524 76.4516 -1.41134
178 7.73253 36.1856 1.82992
179 54.4982 74.6358 -1.89365
180 77.2014 23.5266 -2.76432
181 69.8413 73.5237 -1.00469
182 84.673 31.5305 -3.03774
183 77.4316 4.42668 0.53492
184 0.594185 16.8731 1.0346
185 72.6358 11.1522 -2.38628
186 68.6712 54.4723 -0.575479
187 67.6708 69.1287 -1.35312
188 85.805 95.4331 1.42359
189 92.1497 7.48111 0.664931
190 94.2065 10.2196 1.19358
191 97.7918 4.82415 0.521483
192 43.9659 75.1481 -1.2804
193 59.8906 67.6145 -1.66626
194 32.3555 8.12277 0.681047
195 92.2436 0.662277 0.46064
196 5.97336 7.6288 0.774413
197 50.3102 91.2725 -2.49008
198 18.7225 66.8904 1.02458
199 7.64461 8.93424 0.716341
200 99.9773 98.0379 0.864781
201 81.8468 89.2513 0.688682
202 90.0702 78.2108 0.181076
203 63.346 87.0548 -2.0532
204 100.313 7.65329 0.683465
205 52.6672 59.5429 -1.57857
206 21.7301 28.8102 1.01819
207 6.44841 14.3441 1.0121
208 100.106 18.9052 1.1128
209 92.4857 15.8994 1.97201
210 91.3629 2.32166 0.743318
211 88.2477 16.4006 1.83292
212 33.5549 0.518949 0.161653
213 57.7257 81.9459 -1.83193
214 88.8411 95.4885 0.604364
215 79.2822 28.9159 -2.30114
216 70.3504 81.7294 -1.50321
217 96.9847 98.1848 1.41452
218 66.1337 83.6112 -1.96605
219 84.9305 17.8579 2.58987
220 8.56658 0.375324 0.501017
221 65.1805 81.8488 -1.9513
222 95.405 2.22281 0.34886
223 68.9882 10.2836 -1.88202
224 99.3462 42.7671 2.52633
225 41.8056 3.371 -1.17993
226 66.3699 75.1568 -1.85732
227 65.5484 66.9169 -1.61131
228 52.2044 92.0429 -1.97671
229 67.1632 77.1479 -1.50319
230 66.5143 26.6949 -2.54184
231 92.1293 3.49608 1.17523
232 82.3457 59.8322 0.411629
233 33.1561 49.4174 -1.21071
234 6.57794 9.80666 0.66404
235 86.0799 28.6591 -2.73101
236 66.4192 70.7547 -1.36605
237 93.4727 6.22329 0.74046
238 87.1169 24.8495 -2.78386
239 86.5791 92.8638 0.935685
240 91.4443 14.422 1.09886
241 91.3637 7.44914 1.30731
242 61.6603 79.596 -1.2782
243 98.8294 99.4537 0.543371
244 76.9369 58.096 0.179082
245 61.4363 79.3211 -1.69815
246 73.7248 49.7702 -0.239749
247 64.6358 30.1895 -1.94981
248 89.8225 93.4162 0.734765
249 97.6603 6.79821 0.319175
250 51.7545 2.21063 -1.38789
251 87.9178 7.74447 1.27751
252 43.5577 7.05494 -1.20721
253 73.5661 11.6813 -2.87307
254 87.9231 15.4663 1.94123
255 97.3566 6.39927 0.566822
256 62.7132 78.3619 -1.27843
257 72.8026 53.232 -0.737641
258 70.6336 70.1599 -1.53485
259 86.5452 34.3433 -2.78282
260 4.15137 7.89757 0.95754
261 78.3738 18.1274 3.18302
262 71.1095 75.3051 -1.90451
263 38.8563 81.6226 -0.727279
264 86.8812 4.31511 1.46224
265 36.109 47.8957 -1.59691
266 45.3445 77.1547 -1.70942
267 90.0715 3.44371 0.822591
268 85.2518 13.9763 2.02525
269 39.8063 95.7534 0.603239
270 83.4503 26.7628 -2.62744
271 86.1375 29.7141 -2.41966
272 53.7591 91.7371 -2.17176
273 5.29294 9.83842 1.3128
274 39.1222 79.6475 -1.54272
275 61.5945 72.0098 -1.48799
276 28.2341 5.33403 0.106501
277 48.7927 59.3515 -1.28056
278 85.0007 100.265 1.44067
279 65.1833 81.4609 -1.42922
280 92.4804 92.6487 0.821241
281 70.0332 59.286 -0.501665
282 84.3843 21.0704 3.37809
283 1.56474 4.83937 1.10906
284 93.2162 7.65092 0.503396
285 95.3833 99.9972 1.0556
286 64.1582 29.3825 -2.16645
287 71.5642 50.7349 -0.442282
288 99.5046 42.5594 2.24316
289 87.5191 5.33092 0.821939
290 59.8877 69.1959 -1.20727
291 88.6125 1.50077 0.508538
292 97.9208 27.6057 2.11308
293 39.4555 79.2005 -0.555318
294 86.5889 21.0759 2.53117
295 44.3543 8.99296 -0.787576
296 0.25769 18.5413 1.4825
297 68.667 73.8574 -1.33468
298 88.1809 3.60666 0.609686
299 0.534294 2.52984 0.320671
300 39.1504 73.2401 -1.44831
301 95.9722 4.85018 0.473639
302 84.9996 8.62814 1.54154
303 66.367 64.0869 -1.81084
304 87.5462 98.0041 1.22736
305 93.0849 8.36486 1.16971
306 39.8657 4.21785 -0.131997
307 89.5425 5.38957 1.16191
308 79.9654 21.2147 2.61815
309 43.1086 79.4993 -1.13979
310 43.6775 0.0154602 -0.894866
311 77.4763 14.1251 3.13509
312 62.1103 80.5204 -1.89658
313 50.0613 76.0363 -1.46836
314 6.98904 44.6081 2.83606
315 62.9544 69.6784 -1.62801
316 98.7447 99.8993 1.22312
317 93.5687 95.8497 0.549097
318 92.5972 16.5151 1.50928
319 97.449 2.30529 0.41065
320 95.8283 2.89069 0.637504
321 84.4506 16.5166 1.82182
322 96.1394 1.8477 0.743803
323 92.163 96.9054 1.27268
324 89.9005 8.64677 0.605342
325 66.9894 77.317 -1.1611
326 94.7569 37.2196 3.56954
327 47.6413 79.5557 -1.38635
328 0.373648 19.3937 1.14271
329 94.84 43.5721 3.13411
330 53.8942 77.8168 -1.2886
331 34.2573 97.108 0.950652
332 94.9904 44.4608 2.5491
333 14.7521 67.1329 1.02284
334 84.5727 90.2723 1.12056
335 98.21 2.97946 1.02659
336 4.70098 98.531 1.25145
337 86.5265 92.8688 1.36319
338 65.698 75.2692 -1.52278
339 93.7907 36.5323 -3.52338
340 90.8852 100.469 1.27511
341 85.6599 96.8849 0.882608
342 88.852 0.96993 1.10023
343 67.4055 80.7868 -1.66797
344 68.3914 66.3633 -1.61681
345 95.5054 24.2945 1.75412
346 73.0832 22.49 -2.65203
347 27.3708 6.70721 1.04057
348 88.4978 95.2267 0.767066
349 93.8402 8.38693 0.713183
350 62.4954 77.5977 -1.93146
351 68.9143 71.0186 -1.04961
352 87.4542 1.73755 1.12859
353 49.5498 18.7367 -2.08403
354 52.5884 33.4116 -2.46623
355 90.7231 19.3924 1.80097
356 95.4516 41.6649 2.91037
357 37.0601 99.094 0.679258
358 80.9084 21.302 3.12356
359 8.90321 13.9225 0.453544
360 74.259 81.4713 -1.29478
361 98.8003 9.76141 0.461026
362 94.8645 100.045 1.00651
363 51.9315 88.2094 -1.55033
364 88.075 3.84248 0.877341
365 58.0545 76.1678 -1.4937
366 99.0531 99.6388 0.512217
367 58.2534 62.1458 -1.05528
368 54.4873 77.5324 -1.37717
369 98.2368 22.1887 1.15369
370 94.4789 14.3446 1.12997
371 96.6401 7.33282 0.401375
372 87.0888 20.9142 3.00993
373 76.5271 24.9197 -2.73455
374 88.9303 6.21819 1.14718
375 57.1829 74.7597 -2.11359
376 60.4459 61.7409 -0.884541
377 38.8869 57.1656 -1.60026
378 61.7662 78.2444 -1.29807
379 6.66296 3.54014 0.606067
380 66.3189 74.2747 -1.61759
381 30.703 6.09943 -0.0366601
382 93.9237 99.2897 1.11045
383 7.01143 44.5738 2.25678
384 6.70052 23.9754 0.440728
385 46.3174 3.95503 -0.650329
386 39.177 6.59802 -1.14451
387 39.0967 73.015 -0.863597
388 68.7345 76.135 -1.29129
389 5.56 10.0847 1.33268
390 88.5547 1.68521 0.818518
391 82.6861 21.5914 2.56887
392 88.7024 11.0639 1.42355
393 67.0085 79.1174 -1.05858
394 96.4856 99.9898 0.634843
395 78.9785 18.5277 2.49586
396 83.5154 17.4432 2.53735
397 100.259 6.4436 0.332423
398 90.271 14.6144 1.685
399 41.7862 60.3212 -1.28161
400 89.1275 91.4526 0.898125
401 58.6841 28.4009 -1.91464
402 54.5224 86.9532 -1.65156
403 92.2812 98.5785 1.013
404 24.3146 28.1176 0.651924
405 86.8431 99.4656 1.2953
406 67.1545 24.9803 -1.90326
407 96.3361 98.7133 1.36015
408 74.413 25.5639 -2.14609
409 1.21204 1.4367 1.08199
410 87.5332 92.2858 0.607443
411 97.8685 21.3524 1.74865
412 53.1404 86.4108 -2.21801
413 80.5992 17.7679 3.15482
414 64.17 76.9146 -1.37904
415 96.4701 27.0804 1.777
416 99.603 15.7827 1.08395
417 92.6071 93.3069 0.87556
418 94.7294 0.910546 0.957289
419 86.3654 79.8619 0.797947
420 9.6441 15.1541 1.1946
421 88.4701 99.6247 0.938542
422 84.5501 26.0614 -2.45633
423 56.6906 43.6996 -2.08854
424 94.5761 20.2254 2.08451
425 97.6279 96.2301 0.696818
426 46.5748 60.1171 -1.81276
427 87.9012 7.5157 0.644608
428 61.1667 76.528 -1.35341
429 64.0821 75.9444 -1.11458
430 77.2046 59.8303 0.105373
431 61.1003 75.5177 -1.51952
432 66.5202 69.1203 -1.47651
433 46.7771 62.6994 -1.18072
434 90.0225 20.459 1.61017
435 83.788 2.43029 1.2949
436 69.3335 75.0651 -1.94423
437 26.7427 10.1036 0.395206
438 81.9779 90.2002 1.37128
439 48.2952 61.0513 -1.44832
440 54.4798 32.3296 -2.13407
441 95.1664 81.0434 0.222607
442 93.9541 2.4026 1.15513
443 50.8865 33.582 -1.77842
444 62.7547 77.1027 -1.67117
445 95.9895 7.73226 0.528515
446 73.5507 16.2194 -3.02314
447 67.1644 29.7549 -1.99035
448 97.814 19.0101 1.17266
449 95.6415 6.027 0.479863
450 89.3125 97.2032 1.23692
451 51.0488 83.4772 -1.63073
452 92.5638 7.57228 1.04807
453 67.3569 72.496 -1.52613
454 81.3577 29.0632 -3.18382
455 54.3747 28.3209 -1.89487
456 86.6359 90.1862 1.39511
457 86.6967 25.2754 -2.87164
458 99.2294 47.1714 2.52714
459 55.8805 42.5286 -2.03176
460 3.19245 9.27657 0.840395
461 28.7563 97.7077 0.535917
462 64.167 78.9383 -1.24893
463 62.4146 60.966 -1.35374
464 65.5048 83.8156 -1.23741
465 82.1353 23.3852 -2.66926
466 68.515 78.8537 -1.93983
467 97.7031 1.67679 0.890136
468 0.659985 12.1298 0.511278
469 66.1717 73.946 -1.95433
470 89.0651 97.9774 1.00626
471 63.4812 79.5115 -1.82369
472 63.8703 80.8899 -1.25093
473 76.1643 30.0813 -2.54512
474 96.8945 18.378 1.6371
475 70.3885 23.2025 -2.87057
476 35.0581 3.27777 -0.00107556
477 25.1919 32.7575 0.807315
478 80.1601 63.2514 0.385482
479 97.6912 25.0687 1.75758
480 86.9491 24.2238 -2.73644
481 2.0439 16.8505 1.31587
482 29.2778 5.34284 0.494777
483 91.7458 97.4407 0.663186
484 87.747 10.2972 1.43357
485 84.8293 7.5976 1.07633
486 66.679 72.0942 -1.76483
487 70.8159 80.8585 -1.99826
488 44.5131 66.4194 -1.02939
489 56.7237 30.345 -1.69997
490 44.9571 8.21037 -0.933668
491 71.9276 56.0037 -0.263978
492 62.66 77.6437 -1.20291
493 66.783 60.3299 -1.61786
494 73.4944 50.8078 -0.467968
495 38.4316 64.7333 -0.127705
496 95.0698 5.80065 0.920869
497 95.6798 14.3807 1.7414
498 65.0566 76.6737 -2.0339
499 56.7477 39.8166 -1.59411
