500
Particles
0 31.5035 41.5269 2.46922
1 93.3257 29.1645 1.41316
2 66.3546 94.185 1.38958
3 67.5202 17.1748 0.921543
4 39.2005 67.2651 2.47526
5 96.0139 25.8312 1.19023
6 56.7107 75.0473 2.2709
7 74.9098 24.478 0.966611
8 30.3885 74.3401 3.15192
9 44.1268 17.6078 0.350759
10 54.2164 50.3814 2.70233
11 50.6273 81.0134 2.15764
12 71.3676 93.813 1.39127
13 32.7034 47.5684 2.91305
14 40.1148 68.8113 2.2533
15 33.9909 51.9548 2.36299
16 72.4613 58.8692 3.06395
17 46.6009 86.4569 1.86167
18 40.7074 78.3369 2.72093
19 7.19446 93.7524 3.27111
20 68.5733 17.9272 0.88516
21 53.5194 72.2396 2.26436
22 51.2969 59.848 2.44675
23 33.8257 56.1107 2.85325
24 71.2278 20.1766 1.48755
25 41.9822 53.7968 3.13916
26 2.13474 20.6884 1.77049
27 50.4946 79.0785 2.44867
28 53.1744 69.8578 2.56999
29 73.1145 92.2913 1.35727
30 55.6154 19.3467 1.62428
31 50.8665 63.4554 2.44743
32 0.862357 0.380261 3.34399
33 59.3432 28.1327 1.19992
34 42.5848 50.9622 2.60339
35 37.8909 81.0565 1.82112
36 55.4278 29.5262 1.13985
37 76.2506 89.6738 2.14119
38 42.5181 57.7453 2.15445
39 35.9315 58.2577 2.39868
40 42.894 47.4996 2.35701
41 32.4259 56.4379 2.42541
42 54.5957 50.7268 2.54116
43 68.1273 18.0696 0.849559
44 94.8558 31.0972 1.67878
45 61.6139 56.5223 1.99905
46 42.9358 54.2383 2.49015
47 94.2611 16.9326 1.96685
48 49.9127 53.1163 2.06147
49 36.2162 38.7298 3.00548
50 46.8012 81.5832 2.30302
51 59.0404 65.2511 2.44229
52 66.6826 20.4204 1.59992
53 57.4609 29.3629 1.11236
54 41.4224 66.9612 2.06899
55 72.4608 14.8172 1.28887
56 43.5615 69.6397 2.09895
57 54.2733 44.0149 2.11832
58 44.3257 73.5955 2.79711
59 37.6021 50.8522 3.0245
60 47.4116 79.1081 2.12286
61 51.1583 51.165 1.96071
62 28.8769 59.4947 2.86691
63 29.1971 81.7819 2.50456
64 51.1151 76.3603 2.09627
65 95.0097 17.4523 1.20821
66 41.9827 80.3677 2.13388
67 45.5683 81.448 2.37351
68 99.1577 13.728 1.79441
69 67.0197 51.8749 2.68734
70 53.5733 76.3717 2.63711
71 42.7455 52.5285 2.59182
72 42.8521 77.5273 2.40436
73 76.7787 87.4035 1.86843
74 52.508 48.0527 2.54338
75 76.4431 20.4857 1.17031
76 54.7921 47.9658 2.66524
77 56.7726 76.1906 2.08275
78 74.7533 94.8881 1.90901
79 46.0358 76.5738 2.08845
80 51.3665 52.3742 2.36583
81 46.0337 82.9008 2.35969
82 32.0881 79.0179 2.32405
83 37.0938 74.0434 2.57933
84 70.9373 12.6269 1.69963
85 52.3083 54.9589 1.98736
86 51.6193 50.8828 2.53384
87 79.8838 84.3161 1.91502
88 72.9339 13.8658 1.21618
89 51.0022 47.9878 2.75826
90 71.4929 20.9648 1.44822
91 51.8659 65.0634 2.03371
92 58.8009 73.6079 1.91228
93 35.0184 66.9156 2.76889
94 50.8275 52.6717 2.5841
95 20.0229 4.92353 1.66456
96 53.1996 75.9523 2.05436
97 56.1638 79.193 2.03062
98 47.1764 45.5087 2.24628
99 56.3428 71.7482 2.42196
100 70.4522 20.6468 1.18449
101 43.2759 79.0368 2.45306
102 52.0037 49.3402 2.13485
103 40.662 47.5507 2.52386
104 53.1364 58.8755 1.82856
105 67.9673 22.7293 1.29495
106 42.8577 67.8476 2.09972
107 36.6665 53.2276 2.79251
108 53.9144 62.9915 1.91245
109 44.9329 72.5969 1.9903
110 77.619 21.7975 1.36805
111 84.1214 89.9202 1.37787
112 66.7667 16.3044 1.89662
113 53.599 71.5062 2.25839
114 50.7678 79.2378 2.29164
115 67.6354 90.7382 1.29252
116 53.9173 44.4628 2.10406
117 42.4997 56.6128 2.60678
118 46.7378 11.237 -0.510448
119 38.6774 70.5792 2.90229
120 37.274 47.1063 2.77088
121 80.8916 23.3789 1.53762
122 46.8725 51.4844 2.1365
123 36.5491 69.2796 2.36737
124 65.248 93.8351 1.94145
125 97.8162 1.61249 -2.05036
126 70.0865 61.6828 3.02794
127 30.3359 51.4418 2.88389
128 73.5522 19.8099 0.894068
129 45.7481 78.4426 2.05527
130 44.9127 61.6938 2.48114
131 52.9199 48.7394 2.20396
132 97.7321 99.0709 3.03345
133 6.94983 5.72755 0.315263
134 59.2388 34.0708 1.30014
135 63.4516 81.0325 2.24166
136 50.6558 44.9554 2.51199
137 52.4041 75.2992 2.11388
138 53.2838 53.0769 2.19983
139 38.8345 46.2608 2.53241
140 55.1593 49.999 2.62961
141 86.4182 8.94166 -0.00418386
142 38.7517 72.1701 2.39791
143 30.4034 87.7607 1.94719
144 53.2536 77.3289 2.67416
145 46.6251 82.1382 1.81998
146 36.6749 51.0796 2.80515
147 62.5548 28.0288 1.84397
148 77.3902 86.0967 2.06814
149 40.4189 81.9126 2.64854
150 53.5643 51.1609 2.10758
151 4.07466 99.7986 2.69629
152 51.6062 45.761 2.72462
153 55.148 62.0535 1.78418
154 73.458 56.5818 2.52345
155 4.71977 14.6666 0.0441136
156 33.3721 74.2711 3.03722
157 23.9939 50.1721 1.98871
158 0.926201 22.223 1.36027
159 31.9457 91.7789 2.00578
160 57.805 30.434 1.34118
161 34.0898 93.5748 1.18256
162 40.0189 81.106 2.60612
163 74.2909 9.53136 1.94393
164 96.0408 18.5988 1.04205
165 36.4707 79.6672 2.01431
166 71.7229 12.3657 1.35588
167 82.2736 88.0335 1.77337
168 46.0406 78.0447 2.36302
169 88.0923 18.5715 1.5785
170 21.673 10.4006 0.805327
171 53.6741 73.559 2.23248
172 34.6148 48.9475 2.53622
173 56.498 49.7624 1.86845
174 96.0989 23.1738 1.21245
175 99.5899 0.477507 2.08633
176 66.6733 95.604 1.9211
177 40.5515 44.5449 2.21458
178 69.1402 19.3281 1.05767
179 52.1206 69.2802 2.17325
180 55.512 74.5092 1.79228
181 32.4064 87.4511 2.51058
182 45.5287 70.4466 2.39233
183 27.3599 36.0172 3.04767
184 62.0121 75.6706 1.84968
185 99.2514 17.6659 1.62508
186 53.9225 57.4403 2.55506
187 34.4699 8.15013 1.7943
188 26.84 51.0643 2.64399
189 52.8108 86.0254 2.18078
190 98.5888 22.2731 1.61051
191 66.3985 87.1329 1.25664
192 46.8944 39.2559 2.77703
193 60.1372 69.0247 1.86877
194 45.1426 46.2325 2.64203
195 51.4032 72.9698 2.13056
196 37.9876 44.1175 2.3976
197 48.9222 47.5131 2.91767
198 59.7665 74.7545 2.01708
199 17.6487 12.0328 -0.143487
200 59.2777 76.1932 2.01567
201 71.8536 89.8369 1.5305
202 68.5133 21.5441 1.30457
203 37.5501 94.1065 0.869438
204 1.93913 19.8626 1.4519
205 81.5847 87.513 1.92405
206 42.8511 45.3556 2.52261
207 40.2205 54.1816 2.40927
208 35.2237 83.0675 2.01887
209 31.1936 7.52646 1.96244
210 45.8221 79.7026 2.03047
211 54.0224 57.6455 1.88495
212 4.57828 10.3103 0.777179
213 2.60551 96.952 2.55816
214 25.9007 46.8752 2.6299
215 41.0222 59.5542 2.56374
216 60.0954 57.6784 2.12069
217 51.3824 72.0786 1.90924
218 50.2277 89.7185 2.51794
219 45.9532 86.7066 2.37841
220 76.8232 88.0728 1.58441
221 63.776 70.6774 1.76893
222 75.4764 88.5127 2.08397
223 72.259 24.1165 0.75079
224 64.1616 17.9071 1.89157
225 68.6262 93.5271 1.8299
226 15.0467 6.63129 -0.222496
227 57.4877 61.7289 2.24335
228 52.4735 51.0985 2.2224
229 58.6444 55.7563 2.00135
230 32.3347 51.3073 3.00822
231 49.2134 78.8884 1.85435
232 58.48 69.8878 1.71177
233 42.0863 51.2855 2.88822
234 39.7807 48.5273 2.46554
235 42.0699 66.8714 2.05506
236 71.663 55.3806 2.35193
237 67.913 93.7271 1.28171
238 47.144 71.2557 2.40147
239 40.1643 74.0327 2.21401
240 51.1097 79.2568 2.79956
241 32.7346 73.7525 2.60826
242 56.8689 60.3843 2.30941
243 58.3049 76.009 2.54573
244 33.2998 93.9411 1.65441
245 57.1767 63.8054 1.91421
246 54.4455 54.7508 2.58464
247 99.2635 20.8577 1.56289
248 38.0477 68.953 2.87126
249 48.222 43.7241 2.55466
250 46.6313 78.1211 2.41396
251 50.6844 86.4004 2.4506
252 68.8442 24.116 0.800152
253 60.5408 18.8595 1.64639
254 53.4663 49.0578 2.39381
255 41.464 80.5334 2.32025
256 56.0912 58.027 2.54372
257 49.3719 48.3438 2.7045
258 33.0289 77.5026 2.74544
259 40.6234 65.8112 2.72675
260 9.73682 6.92848 -0.392028
261 39.0885 71.5816 2.64124
262 56.6055 52.6675 1.99369
263 57.0195 68.7625 2.36459
264 61.0932 29.14 1.49294
265 50.902 48.8522 2.10707
266 39.7625 41.1176 2.94663
267 51.8298 78.7269 2.44296
268 37.4079 47.1241 2.61464
269 47.5576 79.9729 2.40869
270 44.2939 71.549 2.64656
271 43.8569 69.6001 2.90998
272 0.671567 95.4715 2.59823
273 39.0566 47.6367 3.06199
274 45.4025 57.0973 2.97788
275 54.649 52.5094 2.25368
276 40.5701 35.9107 2.94325
277 59.3286 73.8428 2.24265
278 81.5176 24.4657 1.63169
279 57.1497 61.1242 2.31659
280 50.5641 76.5428 1.86891
281 52.8479 55.156 1.89358
282 41.5148 69.8886 2.53285
283 85.4848 87.1712 1.41323
284 71.9363 51.736 2.58308
285 57.2104 77.6786 1.98345
286 29.8449 54.6576 2.30493
287 51.2808 53.7063 1.92495
288 39.6146 90.0946 0.955663
289 68.042 52.0143 2.52655
290 43.8959 52.6719 2.33987
291 27.7225 31.7195 3.51719
292 1.87963 14.3633 0.810564
293 41.176 52.6466 2.7578
294 44.4397 67.3465 2.08901
295 53.5029 72.9142 1.79029
296 64.3138 76.1437 1.93387
297 72.6389 60.0154 2.79633
298 37.2173 75.9886 2.49809
299 71.9073 89.4904 1.28372
300 46.5878 50.6628 2.65829
301 45.4279 80.7411 2.6333
302 35.9863 45.9921 3.01356
303 53.5179 54.7898 2.16119
304 28.9344 83.1871 2.36642
305 52.2128 85.4481 2.02572
306 61.6849 24.7062 1.7188
307 68.0888 91.5139 1.90737
308 39.9557 74.8512 2.25201
309 42.6679 55.3711 2.94374
310 66.1631 26.0587 1.02338
311 36.9395 57.8581 2.19611
312 57.3477 65.0666 2.71138
313 3.30132 98.2848 2.48341
314 44.0594 82.8654 1.89655
315 54.7707 59.0694 2.30242
316 57.4928 71.634 2.59479
317 42.8734 72.3853 2.93492
318 68.1865 92.1918 1.89342
319 72.9449 89.644 1.56962
320 76.7064 87.9213 1.66082
321 44.8701 84.5265 2.21965
322 77.5707 84.3201 1.81449
323 44.4635 75.2753 2.68739
324 16.7059 7.74789 0.338366
325 59.8297 56.9226 1.86078
326 51.0633 49.0514 2.72974
327 43.2187 49.6848 2.7607
328 84.767 84.7393 2.00869
329 71.543 0.302116 -0.715705
330 3.78057 96.8531 2.47703
331 67.6344 29.3299 1.35061
332 19.8703 7.63412 1.47781
333 61.9686 76.8063 2.17848
334 35.8991 60.5016 2.79186
335 69.8964 88.9642 1.35302
336 79.9515 87.1571 1.71223
337 38.8946 68.7902 2.41658
338 62.2372 59.6159 1.98765
339 48.152 50.6518 2.4198
340 31.9431 45.0948 2.89413
341 40.0428 76.7276 2.14445
342 46.1227 78.789 2.78885
343 59.2622 58.2151 2.11167
344 55.0003 54.1539 1.99074
345 75.3274 17.8366 0.864909
346 33.8676 56.9464 2.98708
347 11.1339 5.63031 -0.735849
348 28.1145 53.8888 2.19083
349 99.6654 19.8388 1.69623
350 53.8123 58.2636 1.95842
351 31.7226 83.1111 2.16964
352 96.8732 28.2121 1.48042
353 73.0913 22.3898 0.686559
354 46.356 43.23 2.27933
355 53.9871 46.8729 2.07364
356 81.2372 83.8065 1.64154
357 98.239 19.1937 1.35598
358 49.4593 76.1287 1.8723
359 39.8341 51.5777 2.0631
360 40.5951 84.361 2.07294
361 36.6413 40.3173 2.73392
362 49.6492 72.6505 2.36788
363 53.2188 52.7942 2.27258
364 70.0572 28.3659 1.47642
365 55.0699 66.355 2.0954
366 57.1801 76.0558 2.06213
367 81.3898 88.385 1.72716
368 34.7125 49.6129 2.39515
369 6.40462 96.3691 2.68801
370 62.3111 21.3489 1.9872
371 43.4911 80.546 2.17262
372 48.4328 69.1346 2.21496
373 60.4966 79.7787 2.13127
374 46.4946 81.8069 2.34003
375 62.3532 73.4827 1.83843
376 50.2021 74.0439 2.19002
377 2.56448 100.055 2.43066
378 44.195 54.4516 2.60762
379 78.3285 90.6748 1.42129
380 53.9721 51.5842 2.23274
381 13.9814 11.2212 0.190951
382 53.9321 74.5708 2.52172
383 76.8287 15.6025 1.14998
384 56.5963 69.1195 1.82619
385 75.188 24.3085 0.760204
386 55.7732 27.1726 1.09023
387 36.0375 37.8821 2.38634
388 60.9649 54.9556 2.54241
389 40.2046 52.0553 2.71533
390 36.0531 77.4103 2.10108
391 43.4975 74.5032 2.28003
392 41.5413 51.6229 2.34102
393 59.9337 60.4082 2.65139
394 55.338 77.3433 2.43542
395 48.1379 75.566 2.04657
396 46.9949 85.5346 2.53591
397 50.2786 78.3689 2.53702
398 4.27399 97.3561 2.92024
399 34.8426 73.5781 2.75923
400 36.8669 69.0553 2.94827
401 21.157 4.40533 1.52023
402 45.9041 41.4609 2.95528
403 55.0569 73.3089 1.81126
404 47.1704 52.7703 2.18221
405 93.3707 28.3824 1.30291
406 30.122 46.4863 2.35667
407 56.6794 77.8527 1.70021
408 42.1557 60.18 2.24546
409 84.9212 86.9382 1.2801
410 38.583 71.182 2.94248
411 49.5396 79.9355 2.41304
412 54.6462 46.2762 2.3828
413 38.2199 71.8838 2.13897
414 58.4544 59.6712 2.10669
415 90.3476 16.8438 2.04074
416 59.4509 72.9192 1.79126
417 37.3032 69.6243 2.7602
418 49.1847 80.8187 1.95018
419 74.0358 15.1896 1.1635
420 39.4936 50.1423 2.33117
421 48.1753 79.8428 2.10369
422 41.3482 70.0216 2.8226
423 74.9747 84.2746 1.86236
424 47.4658 86.0136 2.39104
425 52.9871 69.2628 1.81572
426 10.2673 9.73309 0.00166522
427 46.98 82.838 2.6742
428 50.0127 55.5566 2.83308
429 54.7098 52.7455 2.35594
430 27.1687 89.0733 1.97079
431 62.577 72.2105 1.77994
432 42.2912 81.9342 2.68422
433 85.3308 84.2414 2.06452
434 45.2533 51.5273 3.02595
435 70.1982 26.5981 1.11727
436 33.518 88.9679 2.06981
437 39.7337 46.9016 2.66313
438 72.2389 94.964 1.63822
439 79.0488 89.8195 1.86151
440 55.7982 47.5831 2.60152
441 28.1841 46.3329 2.22251
442 52.9416 78.1555 1.77795
443 15.2118 15.1749 0.0841394
444 56.8579 65.4684 2.4181
445 89.7432 22.597 1.93165
446 76.5579 23.3835 1.25611
447 32.2139 54.3791 2.58891
448 51.7759 75.1847 1.87617
449 64.7395 52.1 2.4159
450 40.597 76.3819 2.00619
451 44.7168 44.0531 2.40572
452 48.356 85.3854 2.59209
453 53.1289 47.7639 2.08096
454 51.9514 83.3892 1.98354
455 85.5615 17.3591 1.81281
456 35.786 66.8818 2.4523
457 44.6784 70.3875 2.25558
458 47.2019 66.6093 2.53614
459 99.5839 15.0463 1.84819
460 41.7724 49.534 2.61874
461 65.0322 21.8596 1.77655
462 57.8671 63.8085 1.76287
463 47.131 72.0584 2.14635
464 66.8959 69.1161 2.29235
465 40.6638 73.688 2.19964
466 57.7722 56.4129 2.29876
467 80.7856 87.8565 1.69356
468 35.7513 47.8969 2.96042
469 33.3051 83.8221 2.24153
470 25.5397 93.5073 1.90384
471 46.4037 54.3019 2.14255
472 59.2138 65.4789 2.10812
473 58.9257 73.2143 2.48391
474 18.673 11.1105 0.380233
475 31.8449 50.7051 2.07587
476 98.4953 18.5461 1.49661
477 55.8713 54.8039 2.28026
478 35.6518 84.7497 2.57556
479 73.4234 16.7173 1.79812
480 38.2227 57.2394 2.53823
481 81.2591 83.2372 1.80178
482 45.9784 41.8813 2.58814
483 37.7089 75.1244 3.09275
484 35.2936 51.3311 2.32286
485 29.5333 37.5522 2.86856
486 58.8144 52.8963 2.13617
487 55.6224 54.7027 2.17585
488 33.1719 72.6467 2.71561
489 71.4022 15.7416 1.13355
490 79.0653 20.4001 1.15024
491 48.9894 49.6045 2.32894
492 60.0583 68.458 1.96575
493 52.9838 59.0104 1.87908
494 47.3049 43.6411 2.17801
495 41.4483 54.6091 2.31777
496 51.5113 78.0567 2.26445
497 47.4766 81.1553 2.58025
498 57.3317 50.9514 2.10054
499 71.0499 99.3399 1.61252
