500
Particles
0 16.2616 33.7104 -1.50005
1 85.9056 53.2885 2.42483
2 62.3714 20.222 2.24202
3 63.5039 42.7547 1.7101
4 15.1715 78.277 2.6418
5 90.6436 50.835 1.87397
6 35.9701 90.9959 2.70156
7 74.1086 49.5139 1.86938
8 8.66917 88.067 3.42539
9 34.2384 29.038 -0.45692
10 36.217 69.9995 2.10689
11 34.3846 1.518 2.16944
12 73.0982 19.6931 1.20748
13 6.84102 53.3451 3.17478
14 16.6295 80.9102 2.89808
15 8.76999 58.8916 3.03409
16 54.8886 77.9429 2.35839
17 30.3554 6.93165 2.36633
18 20.0525 94.3569 2.18766
19 7.71549 99.2407 2.98928
20 64.1996 43.3328 2.16491
21 34.2342 89.8991 2.82053
22 33.8226 79.7288 2.31822
23 10.2163 66.8226 2.18045
24 67.812 45.7096 2.05286
25 20.9975 69.286 2.6353
26 12.523 29.0497 -0.910815
27 31.0228 96.9287 1.95917
28 32.72 85.8436 3.02343
29 75.2972 18.2335 0.915963
30 50.5404 17.9219 1.38802
31 31.6404 81.4092 2.3752
32 85.5631 18.3004 2.017
33 58.0152 52.8336 1.56594
34 21.0465 65.8884 2.50262
35 20.8977 1.09607 1.92551
36 48.5044 53.2599 2.27326
37 76.5383 16.1076 1.17558
38 22.2106 73.5402 1.93127
39 11.9118 68.2403 2.902
40 19.2333 58.6361 3.05011
41 8.51628 66.1059 2.53797
42 39.3487 72.1798 2.12567
43 65.5041 43.5491 2.33679
44 90.4244 54.8436 2.96366
45 45.0854 76.8645 2.21531
46 21.5534 69.1816 2.24144
47 81.058 39.0821 2.28557
48 31.4067 71.6783 2.57107
49 16.9631 26.7586 -2.11055
50 27.2212 99.1493 2.46797
51 41.3248 84.4681 2.98354
52 63.1713 45.611 2.01464
53 52.5088 53.3903 2.0867
54 17.6831 78.5125 2.6702
55 71.0654 40.8054 1.55112
56 18.7026 78.2249 2.97234
57 35.4133 62.3969 2.53171
58 22.9693 88.9489 2.80735
59 12.3473 58.6275 2.47816
60 26.0136 94.5988 2.76354
61 33.5256 70.7607 1.92152
62 5.23923 69.0441 1.8984
63 10.592 100.256 2.42792
64 31.1922 93.2974 1.98804
65 81.483 39.6497 2.37694
66 22.8824 98.3881 2.5451
67 26.4789 99.5125 2.26883
68 85.7478 35.8376 1.73872
69 49.0721 70.6228 2.35506
70 33.6982 93.7402 2.33118
71 22.7351 69.4166 2.65531
72 22.9463 94.4198 2.73301
73 73.9307 13.0838 1.52026
74 38.4004 70.3922 2.05452
75 73.3012 45.88 2.3353
76 39.0786 69.3985 2.21242
77 37.2976 93.7797 2.14449
78 79.398 20.0967 1.77852
79 23.851 91.1069 2.93433
80 33.6913 71.8866 2.40881
81 26.3251 0.483667 2.36628
82 11.6959 95.6049 2.56923
83 15.7525 89.7762 2.96278
84 69.5732 38.5866 1.60826
85 34.5783 74.1251 1.87419
86 35.2429 71.5174 1.85649
87 79.8861 10.6601 1.59921
88 73.1929 39.7891 1.44627
89 32.7157 66.8275 2.18102
90 67.3811 46.4715 1.84776
91 32.1473 82.3926 2.69703
92 39.1491 91.0017 2.23531
93 10.6606 76.1331 2.85125
94 32.0986 71.4385 1.85874
95 38.3035 20.5815 0.461147
96 33.9587 93.1273 2.74901
97 37.7983 97.7862 2.38873
98 25.1193 59.2404 2.1445
99 35.7457 88.3734 2.6811
100 66.399 46.0351 1.66077
101 23.8538 96.7201 2.05385
102 34.7166 69.2004 2.399
103 16.0491 56.3249 2.33617
104 34.8462 77.4724 2.5499
105 65.3334 48.0397 2.79659
106 18.5776 78.1348 3.11527
107 12.8995 64.1167 2.38409
108 35.5852 81.9566 2.47241
109 22.8488 87.1333 2.54572
110 74.3908 46.6919 1.69495
111 82.0397 15.47 1.89423
112 61.8994 41.2009 1.94927
113 33.5367 88.548 2.2919
114 31.9429 98.0991 2.36371
115 63.2945 16.7509 1.84989
116 36.064 63.8031 2.47335
117 22.1737 72.8891 2.40175
118 52.8347 13.8116 0.926979
119 15.1505 81.6272 3.10935
120 11.7266 51.694 2.73158
121 78.3201 48.6124 2.31879
122 26.7544 68.1687 1.92172
123 11.6423 77.31 2.42192
124 62.6608 20.0418 1.90343
125 82.6866 19.5573 2.02218
126 53.2417 80.4623 2.22843
127 4.5253 55.9897 3.31564
128 70.696 44.8406 2.3743
129 25.2364 94.9334 2.93268
130 23.506 75.9263 1.9359
131 37.4303 69.8921 2.00753
132 84.2824 17.8267 1.37109
133 20.5219 17.6953 2.25557
134 60.0312 58.9441 1.44593
135 75.3952 91.0578 -0.688093
136 32.3063 63.7554 2.31368
137 34.048 93.5882 2.30185
138 37.0349 73.7362 2.20638
139 13.6376 53.8068 2.93609
140 37.8872 69.5628 2.43421
141 6.42608 2.53028 -1.25812
142 17.3358 87.8593 2.35115
143 19.8984 11.4106 1.99745
144 34.092 95.1858 1.89988
145 27.8116 0.896345 2.21948
146 12.1679 61.633 2.65786
147 60.6433 53.0376 2.16046
148 75.2904 12.6324 1.59507
149 21.1776 99.5652 2.25915
150 36.9396 71.4506 2.29296
151 3.68674 14.1129 1.34263
152 34.6111 65.7435 2.24527
153 36.3812 80.3564 2.28775
154 55.1613 74.7107 3.03418
155 17.6697 17.73 -2.96488
156 12.6953 90.5547 2.6699
157 1.71543 63.0781 2.58624
158 13.3459 29.5456 -1.31032
159 36.5683 16.6858 0.480818
160 51.6016 53.2323 2.65278
161 38.8946 18.7584 1.06076
162 20.4959 98.4165 2.88775
163 74.475 35.1982 1.75158
164 80.9158 39.7611 2.09221
165 15.3238 95.0093 2.76707
166 70.802 38.352 2.34935
167 82.8806 14.0069 1.79669
168 26.1267 94.7068 2.04671
169 77.9448 42.139 1.84703
170 43.3164 25.4879 0.812947
171 34.8189 91.8663 2.14053
172 9.53153 57.3181 3.16849
173 39.8329 70.1388 2.11671
174 82.8773 45.9219 2.1385
175 84.7559 18.1664 1.77549
176 63.229 21.8648 2.06242
177 15.1153 50.6867 3.14007
178 64.7961 44.2995 1.77549
179 31.2943 85.0627 2.92008
180 36.4717 92.1349 2.80291
181 22.4023 11.6591 2.01203
182 23.1808 84.5454 2.55943
183 15.1474 25.4322 -1.60176
184 43.6457 93.689 2.57986
185 85.1902 39.4237 1.90283
186 37.7262 78.1075 1.97346
187 48.8051 27.4946 0.61266
188 2.46288 60.1819 3.12991
189 38.1298 6.91238 1.60743
190 83.209 43.5542 2.3115
191 75.2431 98.6626 -0.115188
192 25.2662 53.0861 2.37093
193 41.3899 87.427 2.061
194 22.9633 59.4974 2.13618
195 30.1391 88.3257 2.73984
196 12.9572 51.2409 2.45407
197 31.4646 67.1013 2.11908
198 41.5408 93.2342 2.932
199 39.6263 25.8101 0.461936
200 41.1099 94.955 2.40736
201 70.7149 15.4677 1.4648
202 65.4868 45.9917 2.37063
203 41.8341 18.6549 1.27117
204 12.6884 27.2501 -0.985199
205 81.2432 13.6318 2.12417
206 20.1524 58.7766 2.29599
207 18.721 69.3415 2.36118
208 19.0755 3.56243 2.49367
209 46.1566 27.1122 0.503034
210 26.2981 97.3549 2.73925
211 37.6812 78.5268 2.73048
212 17.739 16.5988 2.92205
213 86.3884 13.2002 1.83545
214 1.78493 56.7422 3.32379
215 18.807 72.4816 1.97535
216 43.0395 77.8584 2.69185
217 31.1177 88.6647 2.42232
218 52.6289 12.8206 1.32768
219 29.9545 7.34592 2.47045
220 76.5385 14.343 1.75003
221 44.5936 88.6057 2.71818
222 75.0286 14.9616 1.20433
223 70.8942 48.784 2.62194
224 58.9835 43.3874 1.56349
225 66.3509 19.7355 1.97757
226 34.2687 20.5903 0.75162
227 40.8506 82.0366 2.81972
228 35.9845 71.9017 2.22423
229 41.5197 76.4152 2.40914
230 7.1401 58.3139 3.34372
231 28.5252 95.2639 2.00306
232 38.3295 86.9546 2.19379
233 21.1847 67.3198 2.49655
234 14.6374 56.9596 2.38704
235 18.3295 77.7402 2.45043
236 52.6008 73.5119 2.71182
237 64.438 19.6905 2.26554
238 26.3342 87.7269 2.26498
239 18.5374 88.9232 2.25396
240 30.4978 95.8202 2.64814
241 10.9535 87.8807 3.46327
242 39.0404 79.7596 2.15277
243 39.8375 94.5067 2.2255
244 38.2635 18.6924 1.09804
245 39.6095 83.147 2.07535
246 36.8919 74.7918 2.67242
247 84.7181 42.6416 2.07137
248 13.7907 78.9487 2.67303
249 27.1289 58.4178 2.41407
250 26.6545 95.2105 2.52556
251 36.6826 7.59214 1.67012
252 67.5913 49.638 1.99784
253 52.1079 43.1699 1.16207
254 35.6691 68.4757 2.02495
255 21.1188 97.3172 2.21419
256 39.5468 78.4672 2.66109
257 31.0312 67.2285 2.30751
258 12.3518 93.1401 2.71292
259 17.8313 78.6396 2.80485
260 24.1826 19.1987 2.16639
261 16.2901 84.351 3.252
262 40.4664 73.1033 2.58377
263 38.1653 86.6186 2.49898
264 60.1282 54.4622 1.62746
265 32.225 67.4573 2.1528
266 19.0565 33.8984 -1.33961
267 31.4579 95.4925 2.43819
268 11.6837 51.945 3.25996
269 28.6382 98.2213 2.85737
270 22.1352 85.5486 2.41701
271 20.7828 82.1241 2.36761
272 84.883 12.6546 2.07981
273 13.7893 54.6346 3.07536
274 24.4785 72.4494 2.07695
275 37.7977 72.8525 2.29101
276 21.6395 26.8852 -1.73487
277 40.698 92.0963 2.01948
278 78.0298 48.9773 2.37952
279 39.67 80.8124 2.70417
280 30.7042 93.3796 2.61682
281 36.2449 75.537 2.57542
282 17.5248 80.6309 3.13912
283 83.764 12.7889 1.57668
284 53.5286 69.8968 2.89321
285 38.2568 95.8166 2.0999
286 5.84582 63.5447 2.10162
287 34.2838 73.5407 1.91996
288 41.284 13.5291 0.125496
289 48.8151 69.7179 2.79648
290 23.3595 68.6085 2.2451
291 15.8706 21.614 -2.05036
292 15.096 18.1334 -2.51319
293 20.1283 68.0071 2.65254
294 21.7989 80.43 2.81319
295 33.2662 89.1481 2.6864
296 45.5887 93.2675 2.93805
297 53.6147 76.902 2.49379
298 15.624 90.9581 2.30582
299 68.1938 15.1369 1.6136
300 27.2352 68.4898 2.46364
301 26.0694 98.2939 2.68352
302 10.5638 52.4752 2.55634
303 36.0377 74.7447 1.90184
304 14.512 4.8976 2.72794
305 39.6959 7.72398 1.76886
306 57.8282 49.3614 2.35042
307 65.3794 17.5313 1.7961
308 16.4384 86.8753 3.08374
309 21.8792 70.7638 2.21497
310 64.166 51.3822 2.70399
311 13.0319 68.7037 2.26494
312 39.2554 84.3372 2.32148
313 86.1019 14.4019 1.34806
314 24.0451 99.9508 2.72438
315 39.0885 80.0147 2.62505
316 39.5819 90.7307 2.63991
317 21.017 87.3422 2.426
318 62.5667 17.8725 1.7176
319 73.4136 15.9161 1.45468
320 77.6617 14.3425 1.50697
321 26.5564 3.42272 2.58061
322 75.739 10.7337 1.79446
323 22.668 89.9661 2.87988
324 37.9302 22.5079 0.62147
325 44.6176 78.0888 2.14579
326 32.9316 68.2788 2.40819
327 21.9354 64.9529 2.75996
328 83.3049 10.82 2.18199
329 80.5361 22.5717 1.36318
330 85.649 12.1833 1.85044
331 66.7652 55.1231 1.68779
332 40.8038 23.0449 0.910841
333 44.6574 95.9365 2.25856
334 12.267 71.3158 2.62508
335 66.7573 13.8569 1.45847
336 78.241 13.4642 1.12
337 15.2648 80.3026 3.22382
338 45.5507 79.6839 1.8007
339 29.211 68.8623 2.72318
340 6.57041 50.5695 2.59408
341 16.9623 89.466 2.81321
342 27.1193 96.9706 2.20455
343 43.366 79.2918 1.92732
344 38.8527 74.7087 1.81402
345 72.1121 43.4509 2.19473
346 10.223 68.3631 2.29443
347 26.3907 19.5319 1.79709
348 4.42923 64.9209 2.91354
349 84.1462 41.0246 1.80011
350 35.5743 77.3543 1.96738
351 16.7898 4.10466 2.40944
352 92.3548 52.6266 2.80198
353 70.5396 47.2771 2.57711
354 24.5518 56.8128 2.16075
355 37.5029 67.3747 1.94625
356 79.075 9.90993 2.07571
357 83.7741 41.0089 2.32607
358 29.2343 92.9994 2.68723
359 19.1714 67.3679 2.32727
360 22.1137 3.08905 2.4759
361 17.564 31.0232 -1.63503
362 30.1524 90.1277 2.77249
363 36.6875 73.5183 2.47033
364 69.4276 53.2662 2.50784
365 36.0909 84.589 2.09621
366 38.2261 93.8271 2.25277
367 81.2532 14.643 1.9558
368 9.04152 55.7032 2.59543
369 90.2576 13.3316 1.75885
370 55.3743 46.0835 2.20922
371 24.2382 98.3282 2.90143
372 27.5638 85.0052 2.80389
373 44.8128 99.4706 2.80136
374 26.5466 98.6276 2.44951
375 46.0254 93.6009 2.76857
376 29.4125 89.9627 2.57091
377 85.3267 15.7561 1.57373
378 24.502 71.546 1.99368
379 79.121 16.8596 1.27554
380 35.8425 70.2778 2.43519
381 35.9701 25.0561 1.26485
382 35.7801 93.2665 1.89658
383 74.0063 41.4885 1.91728
384 37.4923 87.1599 2.17206
385 73.4204 48.9754 1.95765
386 48.9632 49.7652 2.70862
387 17.5872 24.5169 -1.50107
388 44.8163 75.7744 1.73243
389 18.3592 66.7955 2.47569
390 14.1825 92.2301 2.70123
391 22.337 89.9974 2.60545
392 19.6311 65.9341 2.91267
393 43.4308 80.8765 2.14655
394 35.0648 93.8893 2.78541
395 27.0773 91.8471 2.92233
396 29.8902 5.34088 2.62385
397 29.2861 94.1032 2.5155
398 85.4454 12.5546 2.28781
399 11.6891 86.116 2.59316
400 13.9662 81.7501 2.98718
401 38.0105 21.2782 0.358012
402 23.9547 55.8932 2.31795
403 36.0051 91.685 1.97361
404 26.8605 69.2551 2.62653
405 88.5083 52.6201 2.11593
406 5.07887 53.7864 2.6546
407 37.4155 95.1094 2.34716
408 20.2914 73.9334 2.01037
409 82.6116 12.794 1.75222
410 15.3821 83.2612 2.93549
411 29.4263 97.1192 2.48534
412 36.3219 65.1449 2.06401
413 16.4463 87.1547 2.43356
414 42.3943 80.4119 2.65062
415 78.1246 40.2523 1.95816
416 40.0986 90.0152 2.51418
417 14.4345 81.9523 2.77991
418 29.8494 98.8759 2.78849
419 71.5335 41.0043 1.49762
420 16.2972 62.5509 2.32856
421 28.1844 97.0777 2.80649
422 17.9934 81.8191 3.30967
423 71.5218 8.86146 1.85656
424 30.0738 5.35756 2.07181
425 32.9446 86.025 2.9571
426 26.0081 22.9358 1.28653
427 29.4605 2.50323 1.9711
428 30.3312 73.2951 2.10402
429 38.7205 73.6529 2.18198
430 20.6661 14.1663 2.29649
431 44.5706 90.5435 2.47463
432 23.9871 0.598765 2.11836
433 87.3193 9.56321 2.0707
434 23.4738 66.1519 2.40183
435 69.8064 52.3908 2.06907
436 24.6995 13.1357 2.39426
437 13.9272 52.8793 2.73192
438 76.9097 20.1801 1.22265
439 80.7789 15.7531 1.32126
440 39.1432 68.1813 2.58852
441 2.63355 52.6536 2.94477
442 33.0087 94.8088 2.50026
443 38.1994 26.6538 0.484998
444 38.6882 84.6686 2.40005
445 79.8434 45.3453 2.35879
446 73.1544 48.2585 2.51787
447 8.15878 64.2179 2.62862
448 31.9478 92.2154 2.4535
449 47.2962 70.2211 2.10828
450 18.6484 90.3075 2.34283
451 22.9717 57.4749 2.13853
452 32.7401 6.6982 2.37442
453 34.9564 66.6067 1.88211
454 35.3792 3.67207 2.61744
455 77.0736 41.5171 2.3851
456 11.6392 76.9408 2.68005
457 21.4237 82.2664 2.83662
458 24.4702 79.4717 2.61655
459 87.2554 37.6467 2.07002
460 19.4616 62.9272 2.78287
461 57.1816 45.7906 2.10531
462 39.8647 82.7902 2.9088
463 26.0286 88.1143 2.20365
464 47.594 87.0936 2.21993
465 18.2516 87.4007 2.98226
466 40.3092 76.0739 2.54455
467 80.3806 14.086 1.16265
468 10.2591 54.8615 2.67486
469 20.0676 6.15505 1.85706
470 23.2674 16.4615 2.33812
471 25.5664 69.9186 2.20576
472 41.7967 85.2065 2.14348
473 41.0203 91.8184 2.09496
474 40.2663 25.7723 1.13741
475 5.98422 55.7507 3.18244
476 84.6875 40.3204 2.25321
477 39.2601 75.5641 2.4441
478 23.1304 7.40438 2.00967
479 70.0795 42.4374 2.47984
480 14.788 68.7767 2.74155
481 79.8514 8.46505 1.87817
482 24.7775 56.5479 2.70661
483 16.1265 89.672 2.37897
484 11.3411 62.2945 2.4295
485 16.7158 30.6783 -1.49623
486 41.3389 72.4983 2.75097
487 38.1843 74.4527 2.21144
488 11.2424 86.2734 3.21724
489 68.6654 41.843 2.32684
490 74.9637 45.002 1.73901
491 30.2326 67.8511 2.1634
492 41.4813 87.1638 2.41912
493 35.2002 78.463 1.86469
494 25.6682 58.6784 2.65552
495 18.7614 67.3442 2.82506
496 31.9677 95.7503 2.35728
497 29.3893 100.398 1.9535
498 40.4331 70.9422 2.71933
499 78.9728 21.4897 1.53317
