500
Particles
0 51.1592 97.7452 -0.703293
1 72.6239 79.729 1.26857
2 72.2912 5.25555 -1.5438
3 18.276 29.6416 1.80939
4 71.0088 69.1803 1.12445
5 91.6685 84.991 1.1367
6 83.6731 76.7437 1.42456
7 37.8909 29.7004 -1.94437
8 65.106 94.2376 -2.2755
9 64.095 0.151741 -1.90835
10 85.8587 93.2121 1.4347
11 14.5876 88.3812 0.284084
12 82.6313 88.9856 1.06415
13 85.6412 41.9699 -2.25148
14 74.2173 69.7516 1.56463
15 93.9372 92.495 1.7035
16 21.9123 28.8042 1.1441
17 4.96348 29.673 -2.7667
18 75.9942 77.0545 1.60078
19 62.6761 65.5186 -0.52987
20 16.9209 43.0914 -2.20735
21 86.349 73.6577 1.38491
22 82.8046 90.7995 1.18853
23 7.00413 33.648 -2.32312
24 22.9052 77.1579 -0.695452
25 94.5274 88.0239 0.907116
26 99.3431 95.1806 1.57236
27 39.7814 27.6191 -1.92858
28 46.9957 0.187126 -0.878783
29 9.21194 30.6872 -3.26916
30 76.1423 95.4431 -2.25705
31 60.1108 73.1188 -1.12636
32 13.5464 41.7389 -1.84346
33 72.5438 97.3667 -2.34734
34 9.69509 45.2595 -2.23721
35 47.795 96.4997 -1.0747
36 16.5864 91.1875 0.428705
37 81.559 81.39 1.03167
38 75.657 2.22254 -1.91453
39 67.5822 70.7388 0.771113
40 74.9118 6.08306 -1.42392
41 87.6646 43.6033 -2.27255
42 63.0266 0.923624 -1.19184
43 93.3176 99.4441 1.3563
44 72.8278 83.798 1.73799
45 65.0593 4.1966 -1.95306
46 51.0701 1.3702 -1.39508
47 92.7958 14.3072 1.56103
48 63.0958 92.3718 -1.74394
49 92.0502 83.5211 0.830283
50 68.8733 95.0892 -1.4651
51 53.1801 4.57147 -1.25969
52 73.9293 64.7135 1.49834
53 15.7391 88.268 -0.218008
54 86.7633 98.1022 1.31566
55 43.3415 30.8054 -1.63478
56 8.23124 43.7736 -2.31621
57 18.0937 6.19509 0.726333
58 6.22227 38.4384 -2.52564
59 93.2262 86.6301 1.46178
60 80.9691 81.2102 1.45703
61 60.4228 96.5275 -1.86022
62 47.4346 2.83305 -1.2098
63 70.2519 77.2536 1.56346
64 76.582 81.956 1.05025
65 71.9172 55.0522 -2.49787
66 80.8469 86.636 1.64732
67 38.3638 88.6259 0.174425
68 71.2005 50.7772 -2.72999
69 50.6407 6.83958 -0.786774
70 83.3105 77.9205 1.49257
71 40.2243 54.5744 -0.516037
72 77.4859 82.418 1.30457
73 52.6466 82.4279 -1.86972
74 67.1772 38.4632 -2.65562
75 35.5645 12.2824 -0.212967
76 46.719 6.75268 -0.373295
77 78.3279 79.821 0.959073
78 77.3868 84.6218 1.02545
79 80.4327 74.4897 1.29997
80 47.8112 7.15998 -0.537165
81 81.6909 83.666 1.01231
82 1.23642 57.3466 2.92145
83 77.3255 74.487 1.16309
84 9.12817 31.0195 -2.99784
85 18.3588 81.6787 0.220325
86 42.4228 13.7857 0.0223678
87 70.8464 40.1443 -2.45759
88 75.7824 68.1215 1.55744
89 99.4813 94.4332 0.968994
90 2.44127 92.7211 0.569244
91 59.963 72.3006 -1.1722
92 42.4834 29.8024 -1.56411
93 5.45103 39.2313 -2.50797
94 45.916 63.0417 0.0426561
95 48.6317 1.39109 -1.1596
96 81.259 76.7275 1.55465
97 84.4184 81.0174 1.46948
98 2.6535 93.6892 0.548727
99 16.3307 25.7593 1.20202
100 72.3534 62.5689 1.85797
101 77.8952 74.9984 1.44578
102 64.4491 95.0434 -1.83736
103 21.8764 71.1421 -0.175261
104 53.6885 98.485 -0.83918
105 2.73814 92.8202 0.838998
106 7.5566 46.6488 -2.37624
107 54.5811 87.0976 -1.49962
108 58.3283 3.8935 -0.869138
109 59.209 90.3952 -1.69285
110 80.4229 0.510343 -2.45779
111 82.0594 81.0507 1.03473
112 68.5335 94.1853 -1.54239
113 0.61185 34.9142 -2.55054
114 91.9831 95.8704 0.882653
115 41.8422 88.0135 -1.44953
116 83.2281 84.3468 1.33535
117 97.1701 95.2737 1.27078
118 20.6836 28.8203 1.62264
119 4.35838 39.8812 -2.44552
120 97.9976 91.3819 1.28095
121 58.192 64.9166 -1.33624
122 44.959 62.3017 -0.363354
123 77.079 75.1723 1.20396
124 75.2521 49.6063 -2.88687
125 69.6859 56.1735 -3.25902
126 55.9448 78.4986 -2.03919
127 74.532 50.4084 -2.90159
128 22.3444 77.8417 0.0442888
129 53.7669 98.0431 -1.53281
130 50.947 5.35821 -0.917923
131 84.811 90.2249 1.49218
132 10.7448 89.6375 0.379558
133 8.73207 92.227 0.539417
134 92.842 83.6144 1.54185
135 85.6124 78.0197 1.37472
136 12.2475 99.7949 -0.145848
137 86.2876 78.8597 1.03766
138 46.8975 69.9232 0.128922
139 42.7882 4.61911 -0.619036
140 64.5119 96.7824 -1.39325
141 69.2634 57.0602 -2.7397
142 80.517 71.2629 1.24455
143 67.0765 3.86981 -1.47433
144 82.2958 82.8499 1.413
145 55.6392 85.3761 -1.1774
146 49.1872 3.38567 -1.28375
147 72.9794 0.738393 -1.82793
148 51.2818 3.7123 -1.09918
149 84.1556 84.5677 1.66407
150 60.6795 0.106074 -1.08119
151 46.4949 0.87342 -0.408605
152 59.7641 61.1747 -1.51944
153 52.422 99.2004 -0.726647
154 68.4929 3.39203 -1.3347
155 12.0415 95.1121 -0.274025
156 65.358 95.9552 -1.44886
157 64.538 7.13049 -1.59919
158 97.8302 86.6324 1.22468
159 88.0414 93.4301 1.77845
160 74.3388 85.5347 0.96156
161 55.8297 68.6656 -1.01039
162 68.7225 97.4994 -1.43734
163 75.9175 44.0589 -3.49256
164 79.1751 62.2479 1.7016
165 45.1601 94.9958 -0.733331
166 69.9086 52.2495 -3.13089
167 89.7392 77.8693 1.3428
168 74.9857 78.1182 1.35643
169 99.8991 2.51179 0.569729
170 71.1329 96.8881 -2.52579
171 80.893 76.6569 1.75104
172 48.9392 86.6543 -1.51483
173 64.7175 97.2661 -2.08303
174 88.9646 85.3426 1.80865
175 57.0742 75.6091 -1.27017
176 90.9638 93.3695 1.48145
177 18.2538 82.5967 -0.143532
178 9.80696 37.1904 -2.48751
179 47.5126 98.9655 -0.513334
180 98.8917 38.1111 -2.56865
181 67.7692 -0.335494 -1.14063
182 8.34392 42.3795 -2.4766
183 63.8882 13.0799 -1.04118
184 94.998 91.2742 1.69442
185 93.1858 21.1807 -2.82373
186 44.3498 63.7186 -0.758017
187 67.0088 94.962 -2.38059
188 71.6889 73.9555 0.990153
189 76.7487 86.2836 1.66239
190 81.1951 87.4277 1.32225
191 84.4068 82.6658 1.06376
192 20.4534 82.34 -0.145811
193 60.5602 94.1368 -2.12442
194 9.77212 98.1739 -0.177686
195 79.0735 78.6375 1.10243
196 94.6024 84.2375 1.47098
197 43.758 13.5384 0.00588725
198 11.1046 52.6098 2.87477
199 95.5746 85.8485 1.01999
200 87.0288 75.0362 0.880404
201 66.2856 67.7988 -0.3315
202 70.2609 65.0146 1.70631
203 57.1228 11.6887 -1.31964
204 89.4518 84.579 1.5537
205 55.1678 85.5553 -1.66142
206 11.0961 10.192 1.61249
207 95.2149 91.2055 0.813262
208 94.2657 93.5595 0.885123
209 87.342 90.2409 0.986017
210 78.6472 79.0564 1.5617
211 83.6075 90.6796 1.37264
212 9.08666 91.3941 -0.0867835
213 50.7942 6.77821 -0.634362
214 76.0078 73.2843 1.68128
215 91.8241 50.1514 -3.08048
216 67.897 8.04581 -1.90696
217 84.8005 74.5744 1.73508
218 62.3439 9.60378 -1.59823
219 95.725 17.5852 -2.68655
220 97.6662 79.6606 0.93809
221 59.7635 7.05451 -1.52008
222 80.9201 80.8862 0.889015
223 89.5673 18.9287 2.70054
224 17.7127 27.0566 1.82939
225 34.7081 26.7552 -1.13842
226 62.8212 1.21226 -1.73241
227 65.8874 92.7942 -1.95704
228 46.9536 14.1554 -0.323267
229 61.6365 2.92874 -0.890686
230 81.3318 45.0031 -3.28453
231 78.1939 81.5987 1.77745
232 59.8653 69.1772 -1.3817
233 17.9069 69.0389 -0.646444
234 95.0095 86.8022 1.63565
235 7.45592 42.875 -2.76067
236 65.5479 96.8159 -1.65296
237 77.3121 85.5652 1.37733
238 8.96229 38.0789 -2.94959
239 71.5123 73.0354 0.656947
240 85.6999 88.6507 1.71523
241 78.3098 84.9748 1.17709
242 55.419 4.91148 -0.717898
243 86.0961 76.5163 1.66366
244 51.7697 65.8265 0.0894771
245 56.0666 4.53796 -1.35111
246 50.1042 60.3862 -0.887832
247 78.3732 49.2831 -2.58353
248 76.2225 71.7331 1.60243
249 85.9597 83.8202 1.86435
250 33.1277 9.29197 -0.703951
251 74.8203 96.7871 -2.64133
252 36.3112 31.2582 -1.31267
253 95.7044 21.976 -2.27197
254 79.2905 90.6392 1.68601
255 83.4565 84.5781 1.20951
256 58.1828 3.75177 -1.45171
257 48.2805 62.3783 -0.262498
258 67.1838 96.4461 -2.10457
259 9.04662 47.107 -1.99667
260 95.4315 83.8582 0.979533
261 0.274512 30.4554 -2.23148
262 68.0713 0.890383 -1.44522
263 13.7084 82.383 -0.345295
264 71.0121 88.0402 0.370119
265 20.1479 67.5532 0.171486
266 37.7125 96.3551 -0.405709
267 75.3376 81.6823 0.840814
268 81.8548 97.5841 1.84309
269 15.8586 86.3855 0.0798576
270 5.15213 41.4007 -2.77728
271 8.7647 42.5946 -2.35321
272 47.0516 13.5236 -0.0519706
273 94.7893 86.1077 1.67119
274 14.4976 82.6782 -0.0326219
275 60.7604 97.881 -1.80098
276 5.33744 92.6061 0.680798
277 51.5703 85.4244 -2.00134
278 70.3413 92.2878 -1.92706
279 60.6868 7.09303 -1.42189
280 77.5462 71.1473 1.27094
281 54.9023 78.6703 -2.11648
282 6.38214 33.9038 -3.3019
283 90.5889 81.222 1.2003
284 80.1343 85.2847 1.36276
285 82.0496 77.2487 0.898551
286 77.621 47.6014 -2.64289
287 47.8028 61.635 -0.404359
288 17.8758 26.8875 1.24167
289 72.5453 93.9746 -1.69321
290 60.1676 95.4614 -2.17254
291 72.6047 81.0453 1.10833
292 99.3365 2.65116 0.619507
293 15.1126 82.5106 -0.39883
294 89.4471 99.0523 0.983906
295 38.6277 33.1435 -1.63346
296 94.7485 92.9531 0.927482
297 65.1545 99.5125 -1.13227
298 71.807 83.3917 1.09562
299 86.0235 80.9691 1.34867
300 15.5557 78.4629 0.200308
301 81.5873 83.0881 0.89489
302 73.9189 4.64145 -1.60936
303 66.9145 90.2112 -2.05811
304 73.8784 76.4091 1.40402
305 80.6946 85.6589 1.64887
306 18.9336 94.5822 -0.174747
307 73.9952 84.2547 1.78944
308 1.73621 34.9249 -2.91922
309 33.5245 97.9001 0.126136
310 36.6088 24.5448 -1.23205
311 91.0263 15.5327 1.2777
312 53.4857 4.8271 -0.453824
313 42.4936 -0.413227 -1.00906
314 25.1432 28.7201 1.50726
315 62.5153 95.9265 -2.13942
316 86.2871 76.4295 1.45499
317 80.3052 73.657 1.51777
318 90.0667 90.4648 1.17336
319 84.6077 80.0265 1.19718
320 79.1852 83.0669 1.08225
321 93.656 13.6208 1.50689
322 82.5637 79.9089 1.70337
323 79.8981 74.3024 1.52646
324 74.4397 87.0433 1.54327
325 62.0192 3.28619 -1.53465
326 13.9862 25.3118 1.30671
327 40.2644 1.65498 -0.789854
328 94.7581 93.7193 0.915003
329 15.9499 40.8867 -2.04369
330 48.3459 2.39158 -1.32205
331 10.408 87.3623 -0.59845
332 17.3769 40.5975 -1.99718
333 100.229 50.6524 -0.333869
334 69.1225 69.9565 1.02587
335 85.3114 81.0726 1.36375
336 89.5857 77.9962 0.789665
337 72.2038 71.261 1.1353
338 63.214 1.77847 -1.68505
339 13.3323 26.6656 1.85621
340 77.574 78.7469 1.46728
341 69.1971 86.9353 1.18766
342 76.8914 77.9663 0.896366
343 61.3821 6.19182 -0.769566
344 67.1752 92.776 -1.48829
345 93.4699 98.1516 1.34339
346 87.6972 44.2692 -2.96397
347 4.67705 93.2991 0.41296
348 74.3283 74.0215 1.12076
349 79.7367 86.3342 0.94881
350 57.7461 3.25646 -0.608659
351 65.5663 96.8759 -1.6805
352 70.7291 81.5549 1.66313
353 67.9345 35.7397 -2.47512
354 65.3579 53.934 -2.886
355 88.0329 93.3948 0.964206
356 16.7786 30.6527 1.25113
357 12.9374 89.2452 -0.257293
358 2.30689 35.7914 -3.22104
359 94.8544 92.3488 1.2273
360 69.4637 7.03384 -1.62209
361 87.2653 86.8563 1.1233
362 81.2548 78.1913 1.67152
363 44.9608 11.4954 -0.851382
364 72.8777 92.8222 -2.03982
365 51.9061 1.32468 -0.648542
366 86.5233 76.4146 0.833643
367 57.636 87.9317 -1.5592
368 49.0072 1.73883 -0.652821
369 93.7045 96.4496 0.982526
370 88.1538 88.6435 1.70028
371 82.2635 85.6042 1.7042
372 88.1768 98.3684 1.07575
373 91.352 46.3389 -2.16305
374 72.8852 85.8067 1.51462
375 51.9336 0.252915 -1.15823
376 61.6976 87.4717 -1.5288
377 27.1586 76.655 -0.377327
378 55.7015 3.60429 -1.01377
379 94.0354 81.5255 0.85205
380 64.9136 0.425031 -1.41302
381 6.90957 95.1747 0.250747
382 79.6105 77.7445 1.53754
383 23.7996 27.6424 1.08537
384 3.3486 2.89807 1.17031
385 38.8765 28.2594 -1.37375
386 31.104 29.4862 -1.76229
387 14.2149 75.6902 -0.118368
388 64.0569 2.16205 -1.26561
389 92.773 87.1059 1.44042
390 74.9504 79.4354 1.15253
391 3.71696 35.6826 -3.2934
392 78.5822 93.3865 1.35936
393 62.8291 5.11138 -1.71246
394 84.5334 76.5535 1.39738
395 0.43313 31.9293 -2.99526
396 95.2393 17.3032 3.01854
397 88.1141 83.894 1.2474
398 84.3866 88.9417 0.823708
399 37.5276 85.4757 0.737413
400 75.1664 70.0438 1.38872
401 71.6144 48.5331 -2.52267
402 47.2462 9.76427 -0.556644
403 78.9715 75.8549 1.22481
404 15.2489 4.91751 0.707428
405 73.6015 76.746 0.732566
406 81.3389 43.7837 -2.54856
407 84.3754 75.1979 1.15302
408 90.6744 45.4705 -2.24147
409 87.9267 78.8699 1.76661
410 71.1625 72.7131 1.30933
411 92.8374 95.6272 1.59148
412 46.3826 9.28445 -1.02571
413 100.021 25.6396 0.47986
414 59.9258 2.5507 -1.02691
415 0.554424 1.95396 1.34472
416 94.0059 89.989 1.22422
417 80.0954 70.6814 1.15353
418 81.3549 78.8951 1.46444
419 66.4198 65.6606 0.16342
420 97.903 92.594 1.31944
421 76.857 76.5553 0.997309
422 6.24866 41.0174 -2.678
423 41.0703 58.2763 -0.819777
424 90.6538 94.8304 1.04743
425 83.6592 73.7392 1.36498
426 43.8423 86.3118 -1.67668
427 72.087 86.8056 1.18034
428 55.2146 2.10088 -1.13807
429 59.2363 1.6847 -1.32556
430 51.3986 65.1102 -0.297189
431 57.8891 1.26142 -0.49313
432 65.9064 95.3411 -1.94719
433 44.1844 88.7966 -1.42044
434 89.5612 95.2155 1.14887
435 70.7636 95.9476 -2.39544
436 66.2011 0.830951 -1.86045
437 3.54559 98.99 -0.72449
438 65.6752 69.6679 0.446428
439 49.0504 87.0811 -1.24249
440 66.1 54.0354 -2.58429
441 77.4223 66.0971 1.55711
442 81.1544 79.4593 1.1918
443 62.0115 56.6768 -2.59164
444 55.5999 2.29029 -0.925169
445 83.2578 84.9076 1.01637
446 96.2014 28.565 -3.2115
447 79.3227 48.0948 -3.35554
448 92.8132 92.8483 1.58634
449 82.741 83.4419 1.53207
450 74.7412 75.5188 1.34645
451 45.5408 7.44592 -0.564094
452 79.9051 84.5056 1.44247
453 67.5857 98.5874 -1.56339
454 1.89383 44.9747 -3.26235
455 68.814 48.6056 -3.05526
456 71.1103 69.1139 1.09015
457 9.31615 37.1635 -2.9517
458 19.025 42.7233 -2.25756
459 41.4109 57.7956 -0.695401
460 92.2986 85.8137 1.62108
461 4.10549 92.0231 0.296041
462 59.1414 4.41753 -1.54835
463 58.9783 85.93 -1.62402
464 59.0188 9.38402 -1.54172
465 3.57083 37.8392 -2.5088
466 65.7076 5.2131 -1.86601
467 84.59 79.1885 1.6455
468 93.4908 87.0638 1.32425
469 64.788 0.247808 -1.27184
470 76.4074 75.2398 0.752669
471 58.2203 5.09099 -1.19813
472 58.3757 6.46166 -0.482216
473 88.8409 51.7126 -2.61435
474 91.3185 92.7868 1.08298
475 84.7566 44.0989 -2.40216
476 10.8351 94.2674 0.0379238
477 17.842 8.97733 0.213964
478 59.292 73.5346 -1.28166
479 98.0057 100.109 0.677019
480 9.54076 36.2731 -2.79027
481 95.1116 91.4956 0.90071
482 6.14983 93.6018 0.107033
483 78.6568 74.8605 1.65318
484 80.3497 97.2012 2.50111
485 76.1561 -0.22678 -2.49851
486 65.3275 98.1566 -1.57102
487 65.6303 6.4243 -1.43817
488 42.575 91.7212 -1.14004
489 69.4818 50.6779 -2.42508
490 38.7305 32.1177 -1.80209
491 46.8258 64.3363 -0.779742
492 57.6792 3.44386 -1.38777
493 57.9592 82.4374 -1.82412
494 49.5612 61.3011 -0.365628
495 25.1579 80.3375 -0.780107
496 81.3392 84.0384 1.41395
497 89.3952 88.7465 1.31012
498 60.8824 2.15076 -0.903906
499 42.854 55.8127 -0.526555
