500
Particles
0 54.4484 62.7017 1.62209
1 28.404 63.6397 1.99483
2 22.1191 70.7074 1.98957
3 50.9765 94.4058 -1.43852
4 23.6486 45.6609 1.99178
5 27.7873 82.0808 1.7299
6 45.7707 59.3984 1.28247
7 20.7729 12.68 0.922582
8 44.0137 91.0568 -2.00675
9 45.638 98.676 -2.01126
10 39.7584 86.9606 -2.80072
11 15.8995 6.57804 0.342961
12 52.1766 -0.143247 -1.84691
13 68.6234 72.237 0.0714945
14 25.5888 47.8913 1.48832
15 43.606 22.4266 -2.53499
16 46.2486 6.13963 -1.94437
17 25.5955 38.559 2.44671
18 31.5198 60.954 1.93494
19 99.5441 87.4281 2.56468
20 51.1334 93.1988 -1.78607
21 43.9562 58.8775 1.58317
22 31.6328 90.3231 2.76265
23 29.3653 42.9078 1.50254
24 91.0111 19.645 -2.41928
25 22.5022 86.458 1.53369
26 29.3466 81.7694 1.49565
27 18.9834 98.6971 1.79603
28 53.8135 65.5723 1.24668
29 28.7942 40.9049 1.97276
30 24.5088 74.458 1.93021
31 29.2396 94.2467 3.26984
32 47.7969 88.4538 -1.93474
33 25.041 69.6646 2.12744
34 31.3671 90.8358 2.34854
35 41.3939 76.3958 0.954242
36 12.3791 10.826 0.99416
37 44.006 65.498 1.31278
38 11.1458 80.187 1.71172
39 22.5627 43.5371 1.8298
40 33.8793 88.0416 2.99232
41 71.4663 76.5156 0.470947
42 40.123 97.5261 -1.87594
43 88.2825 5.51904 1.69029
44 30.3995 68.496 1.50579
45 44.4342 3.99838 -1.69412
46 33.3068 99.4756 -2.56476
47 3.75011 18.487 2.92055
48 35.9682 92.0627 -2.20642
49 22.5081 81.3558 1.80298
50 47.671 94.6391 -1.79315
51 34.7686 2.83079 -1.89343
52 89.8926 17.6927 -2.48584
53 13.3785 9.43851 0.80522
54 32.4435 48.7716 1.97611
55 16.1528 90.7352 2.32834
56 33.8797 50.6465 1.17999
57 38.6021 83.0964 2.75249
58 31.9242 54.0369 1.48016
59 19.9527 84.2751 2.01217
60 37.5041 69.2216 1.07851
61 39.7887 93.9563 -1.8282
62 40.1973 78.7459 1.49945
63 25.8517 59.1673 1.56607
64 39.5808 65.5897 1.12174
65 12.2217 91.6925 1.93748
66 38.7066 72.5768 1.81792
67 41.6004 74.3387 1.39906
68 10.3599 89.1913 1.71313
69 40.5427 79.4621 1.97828
70 43.3598 62.4511 1.67093
71 27.4008 87.0288 1.62175
72 37.1539 68.0199 1.75741
73 49.1117 64.2933 1.52744
74 34.1924 80.7875 2.0068
75 59.5999 42.8669 -2.2212
76 38.0631 81.2899 2.18516
77 42.4332 62.5073 1.55704
78 24.1413 74.4984 2.08901
79 31.1956 56.4443 1.52851
80 34.6348 84.8878 2.07299
81 39.1093 71.6416 1.64069
82 1.76098 84.4004 2.12031
83 27.5192 53.2668 2.08593
84 24.2913 92.6875 2.46106
85 31.9504 83.9765 2.16875
86 35.6702 85.5555 3.02244
87 5.96011 86.2105 2.43696
88 98.2671 86.4435 2.11183
89 32.437 82.0301 1.81543
90 58.9363 39.0238 -1.93348
91 27.4348 95.2123 2.69257
92 5.54957 84.8168 2.17504
93 30.5366 50.6973 1.58112
94 36.8271 89.6347 -2.76022
95 49.72 69.5766 1.14648
96 40.1949 62.8786 1.1082
97 44.9714 66.8919 1.14648
98 31.8536 81.8353 1.80164
99 54.1834 85.4809 -1.59285
100 91.2565 16.7445 -2.65791
101 34.9113 61.9098 1.69169
102 41.4478 94.1289 -1.83487
103 28.6273 85.7411 2.01228
104 37.0519 95.9656 -2.47486
105 57.646 38.8719 -2.07643
106 33.7491 50.9909 1.6996
107 53.4958 64.9095 1.43519
108 35.8162 1.85004 -2.15233
109 35.8813 53.6485 1.76648
110 68.7198 93.1861 -0.897844
111 45.9567 64.699 1.07409
112 50.4265 91.8509 -1.35634
113 48.4999 59.3389 1.19846
114 43.2547 35.9408 -2.01092
115 43.8134 72.4564 0.935186
116 32.2399 75.6467 1.38246
117 23.3604 89.062 1.61411
118 50.8515 97.8317 -1.8088
119 29.9677 49.2902 1.18683
120 24.4707 86.7292 1.98196
121 45.0203 91.7163 -1.85873
122 35.8603 91.0061 -2.40055
123 29.2335 60.5495 1.86307
124 63.9195 73.2341 -0.173142
125 13.6127 89.8601 2.30097
126 26.3573 9.9525 0.670257
127 67.0137 75.0162 -0.23373
128 90.5065 21.0763 -2.75288
129 54.1883 59.1587 1.27881
130 54.832 69.9083 1.54503
131 38.5432 86.768 2.78454
132 98.7113 55.4783 -0.586464
133 98.5641 61.4591 -0.667515
134 23.6713 80.0064 1.24658
135 47.7524 63.8896 1.20903
136 32.4516 79.4778 1.81504
137 46.4721 63.8757 1.08127
138 38.4645 90.0581 -2.27216
139 29.5468 89.5223 1.97249
140 41.9309 95.6248 -2.45136
141 15.11 91.47 1.91191
142 30.4509 53.4382 1.52487
143 46.0142 3.99913 -1.71591
144 42.1667 67.3942 0.970131
145 53.2466 61.2675 1.24868
146 55.269 67.4949 1.59734
147 21.5631 68.5089 2.02132
148 53.4739 69.2254 1.38349
149 37.8199 71.9447 1.36781
150 41.6149 95.7568 -2.06458
151 47.0561 73.3237 1.53145
152 36.2543 81.3217 2.33099
153 35.3405 97.6589 -2.55414
154 46.1048 5.18672 -1.86638
155 99.0753 61.4242 -0.565287
156 45.8457 93.5424 -1.5674
157 39.5821 5.40246 -2.34371
158 27.7612 82.8907 1.55502
159 40.6536 19.6254 -3.0391
160 24.6668 73.1142 1.86227
161 27.49 13.506 0.673535
162 47.9985 96.7948 -1.95187
163 11.1186 87.6282 2.00513
164 65.2113 61.52 -0.296779
165 40.5174 75.9754 1.35451
166 8.04934 88.4167 2.08868
167 48.7175 66.9023 0.945024
168 33.1465 60.1928 1.68063
169 92.8517 9.78912 2.81177
170 23.6269 66.4996 1.89279
171 44.6016 59.2544 1.01512
172 51.8728 62.4395 1.12844
173 42.2324 96.2855 -2.28218
174 24.8902 80.3912 1.69631
175 27.1977 1.02788 -1.76098
176 42.6852 23.5132 -3.00022
177 30.9337 86.9989 1.73007
178 92.0084 11.2154 1.70538
179 53.8379 65.0144 1.62579
180 48.8927 60.7218 1.34399
181 45.7369 99.2664 -2.11685
182 35.3539 51.2356 1.83601
183 61.651 89.2637 -2.68814
184 9.3924 84.9328 1.77595
185 95.0487 62.4867 -0.30425
186 36.5291 90.0747 -3.24337
187 49.5138 92.5326 -1.8512
188 24.3542 54.2001 1.48001
189 25.1832 74.6602 1.26312
190 23.5963 79.6063 1.19743
191 41.5495 69.1204 1.50113
192 34.4297 82.7315 2.0585
193 31.3885 95.0153 -2.80906
194 30.2118 81.3664 1.85078
195 42.3471 60.9716 0.870582
196 23.6509 81.9628 1.61325
197 36.316 85.8976 2.51694
198 5.14822 84.9584 1.80157
199 25.8302 81.7738 1.82565
200 46.3602 62.1876 1.55529
201 23.4048 41.329 1.80056
202 89.3784 18.4582 -2.3546
203 36.3372 19.0626 -2.73566
204 27.0823 80.5279 1.46795
205 51.0319 64.7851 1.54114
206 32.9016 87.3721 1.61901
207 21.4506 86.5967 1.44016
208 13.4701 86.7306 1.68844
209 52.7356 94.5243 -1.90326
210 35.747 64.8319 1.52417
211 33.8886 88.5071 2.63224
212 98.4246 57.3334 -0.318998
213 48.9248 75.3144 1.56446
214 24.9554 55.0873 1.47615
215 51.2275 60.9437 1.54267
216 43.1879 7.53655 -2.45124
217 45.2843 58.4246 1.77427
218 37.7423 8.65285 -1.56835
219 26.492 37.867 1.85002
220 47.55 65.1394 1.40663
221 36.517 6.59692 -1.70936
222 41.2029 66.4085 0.946284
223 58.1289 44.6801 -2.16498
224 50.274 92.4199 -1.59456
225 16.1728 8.07533 0.199007
226 43.6293 99.0353 -2.41523
227 37.3869 93.8068 -2.20737
228 37.1584 85.0198 2.92421
229 41.9177 99.4225 -2.29746
230 69.3838 73.855 0.0489825
231 37.897 66.524 1.03705
232 27.5605 94.7606 2.79315
233 28.5327 87.3608 2.29141
234 23.639 82.9945 1.19057
235 33.3537 48.0862 1.98053
236 42.6407 94.5512 -1.60945
237 27.3862 73.6231 2.01883
238 29.2684 46.5602 1.61208
239 23.9773 49.5833 1.76382
240 50.5195 -0.0875167 -2.11494
241 33.7949 70.5881 1.19084
242 37.6514 2.77219 -2.62833
243 47.6719 61.4038 1.2046
244 27.1768 11.1841 -0.205811
245 35.6361 3.79119 -2.59187
246 38.8222 88.9122 -2.80452
247 66.2875 78.0495 0.58793
248 27.962 52.1691 1.24717
249 29.9555 77.5295 1.95166
250 14.8449 1.18868 1.80536
251 21.7961 74.0669 1.61696
252 19.7221 10.9998 0.545046
253 87.6665 10.7051 1.47652
254 38.2394 86.2663 2.99651
255 38.4156 72.8982 1.54527
256 39.3446 0.89308 -2.50315
257 38.462 89.8672 -3.12423
258 45.3539 94.7173 -1.50672
259 36.7672 50.4227 1.31179
260 26.8572 80.6858 1.83301
261 29.7903 52.6373 1.20206
262 42.7764 1.10156 -2.50185
263 27.1674 92.1358 2.29755
264 24.9986 70.1023 1.89529
265 34.5231 84.1382 1.77017
266 30.6935 85.0538 2.16558
267 38.6733 65.1834 1.51849
268 29.3058 91.7736 2.9786
269 16.2544 100.443 1.73334
270 32.2654 53.7085 1.23456
271 34.5606 50.446 1.5913
272 48.0209 83.642 -1.03777
273 24.3253 83.9669 1.83324
274 30.1347 90.0329 2.11563
275 40.2003 94.7706 -1.7953
276 27.8387 81.134 1.50964
277 51.7143 63.784 0.85318
278 27.0343 64.4093 1.71798
279 38.441 5.03385 -2.59026
280 30.2547 51.876 1.22797
281 38.5968 92.0027 -2.36143
282 29.7838 48.9645 1.84506
283 44.1406 72.456 1.30248
284 33.1228 73.4766 1.21848
285 45.2256 62.8821 1.18582
286 65.6909 76.4323 -0.263699
287 35.7813 89.534 -3.34517
288 57.11 89.1413 -1.75486
289 28.6326 68.4105 1.72544
290 33.0186 94.7163 -2.99531
291 30.505 65.2728 1.59111
292 92.1109 7.27172 2.03304
293 28.5675 90.1422 1.87698
294 31.3679 46.6865 1.20975
295 22.6925 9.84046 0.13705
296 10.9467 84.9226 1.66273
297 42.814 99.4837 -2.66791
298 31.6659 66.7392 2.0374
299 45.0547 67.2731 1.74785
300 32.4806 85.7161 1.49182
301 39.3461 69.9698 1.94947
302 14.1273 77.6332 2.45116
303 37.9629 91.172 -2.26457
304 27.261 61.2679 1.77283
305 24.3097 75.7694 2.20749
306 15.7851 8.30904 0.880428
307 23.7026 72.1698 1.75251
308 31.5414 53.0347 1.43544
309 26.4605 88.4921 1.98488
310 17.351 7.41557 0.884066
311 73.1965 72.8148 0.12683
312 35.4149 4.12901 -1.77286
313 48.2502 73.7428 1.01212
314 36.8205 21.5983 -3.04374
315 36.5303 94.44 -2.1363
316 48.1372 61.8268 1.45373
317 31.7576 56.1224 1.32958
318 51.2563 0.992267 -1.60075
319 42.4313 68.0091 1.78255
320 44.7224 64.8089 1.31642
321 25.8459 37.7878 1.86379
322 47.3254 62.9071 1.25522
323 30.2106 56.6526 2.15772
324 29.6647 73.5037 1.63696
325 41.8342 0.150529 -2.08642
326 38.6351 86.6594 -3.26099
327 30.6099 86.4643 1.56688
328 8.49719 85.298 2.03451
329 51.8217 88.7724 -1.18382
330 46.9161 72.2128 0.932485
331 98.4716 58.1581 -0.705857
332 51.1201 88.4835 -1.58379
333 99.0462 83.2711 1.85671
334 24.3454 45.5293 1.40493
335 43.8532 67.2467 1.21453
336 46.6863 64.7271 1.45553
337 25.6319 48.1032 1.38895
338 40.6011 98.6279 -1.96808
339 36.378 88.2806 2.72162
340 38.7535 60.7471 1.29223
341 24.2028 53.5976 2.00186
342 35.9201 61.4002 2.13336
343 41.1443 5.15212 -2.41134
344 40.2251 92.2706 -2.75798
345 90.1291 4.27451 1.52241
346 73.0019 77.079 0.629932
347 27.422 81.9592 1.73591
348 24.4559 53.4367 2.05161
349 24.122 76.6116 1.47907
350 37.6471 0.721804 -2.45543
351 45.4921 94.1709 -1.90861
352 28.8348 64.7487 1.77792
353 60.7452 41.5529 -1.99186
354 33.5272 83.4593 1.44878
355 42.042 87.4729 -3.21443
356 53.8524 86.5699 -1.34348
357 1.98453 63.15 0.216814
358 32.7893 55.5167 1.64872
359 24.5095 88.1609 1.22594
360 40.44 15.4092 -2.5975
361 20.1458 81.0149 1.493
362 40.7532 62.6614 1.38826
363 36.3133 84.5649 2.85357
364 25.4522 70.4568 1.8528
365 32.5854 99.1174 -2.10545
366 47.3676 61.1718 1.76758
367 50.3848 65.6169 1.3276
368 55.1176 66.5626 1.20601
369 88.8613 1.45363 0.736724
370 53.9551 2.76498 -1.7987
371 39.4124 72.5063 1.38267
372 32.8194 46.8533 1.29254
373 47.2951 62.9793 0.93346
374 24.4643 72.6217 1.40806
375 30.4422 98.6876 -2.16731
376 36.2882 53.1965 1.38217
377 46.5213 70.4883 1.20633
378 33.1598 2.86172 -2.4371
379 46.8602 67.6588 1.57968
380 40.8044 98.0093 -2.26232
381 32.0782 80.6295 1.67787
382 42.7459 59.5766 0.947718
383 97.023 19.9557 2.80128
384 25.2927 91.1208 2.38989
385 19.7303 6.63334 0.69066
386 11.8104 10.7445 0.597852
387 28.4774 85.2187 1.53096
388 43.3731 0.687544 -2.027
389 20.0664 83.7499 2.05997
390 33.6431 64.8553 1.81415
391 31.4158 52.2621 2.02579
392 8.69896 76.0131 0.989412
393 39.4838 3.16124 -2.51295
394 44.062 61.9686 1.13438
395 34.3338 57.0724 2.03307
396 27.6614 36.7451 2.52658
397 42.7077 72.8826 1.19448
398 49.5262 84.3128 -1.2321
399 37.7852 74.5943 1.47521
400 26.1555 48.9992 1.54947
401 8.74721 87.9965 2.26559
402 34.8366 84.8463 2.67692
403 40.682 59.3906 1.43335
404 33.0729 87.4855 1.71756
405 27.7308 64.9791 2.15871
406 66.5183 73.9646 0.533944
407 44.1302 61.111 0.928471
408 49.4711 61.6071 1.52121
409 49.5904 64.1822 1.52175
410 24.4521 49.2302 1.41112
411 44.8473 34.4295 -2.49878
412 42.9476 82.7089 1.75674
413 29.2597 51.9813 1.92115
414 38.3247 0.280829 -2.19344
415 90.6153 7.00597 1.3952
416 11.8653 84.2458 2.59936
417 26.954 51.6613 1.78339
418 37.5384 65.6157 1.14817
419 1.7735 21.0897 3.45716
420 25.7032 87.6668 1.44123
421 33.8838 62.4777 1.33714
422 32.0019 52.0007 1.58002
423 46.4725 62.9043 1.03257
424 41.8249 23.1452 -2.44123
425 45.2154 57.8923 1.25336
426 46.0728 69.6929 1.03091
427 20.1348 73.7173 2.24408
428 37.1514 99.42 -2.47243
429 41.9455 99.4109 -2.31822
430 27.8718 11.8733 -0.120064
431 32.2049 0.370666 -2.09019
432 46.4123 92.515 -1.75951
433 49.0706 70.2124 1.00962
434 32.5996 90.0348 2.17793
435 22.6919 68.5767 1.60138
436 45.2304 0.679489 -2.06824
437 28.5394 86.3091 1.97238
438 24.8999 41.6861 1.41666
439 49.6974 66.0374 1.03538
440 35.463 77.7887 1.46692
441 64.5095 69.4375 0.663101
442 43.2818 62.8162 1.54316
443 32.0611 84.1238 1.2965
444 35.1126 1.62985 -2.22878
445 22.9136 78.6675 1.75776
446 67.1631 70.4967 0.619279
447 69.7282 77.6404 0.645452
448 44.3344 27.1527 -2.6667
449 32.7997 73.377 1.11568
450 29.7007 54.9984 1.81066
451 34.1786 84.441 1.88315
452 21.7029 75.0023 1.81223
453 41.9357 97.6976 -1.66694
454 54.296 60.252 1.40589
455 3.21652 88.7779 2.33069
456 22.53 47.329 2.09466
457 33.5725 47.137 1.86767
458 50.0419 97.2861 -1.91697
459 21.8521 96.7233 1.9632
460 23.7381 81.6439 1.70532
461 59.1249 38.8104 -1.9178
462 36.5353 2.99549 -2.46776
463 34.832 52.4907 2.0279
464 39.2631 8.68118 -2.62107
465 31.0254 55.349 1.28222
466 41.3093 2.5835 -2.05826
467 46.1593 63.8064 1.45738
468 19.9512 84.2157 1.43452
469 44.4223 97.238 -1.60385
470 30.2995 62.3477 1.96334
471 37.1258 3.14388 -1.64733
472 35.9939 4.58939 -2.05247
473 50.2705 62.073 1.1258
474 43.4929 23.6114 -2.99623
475 68.5169 73.1361 0.516173
476 99.9233 62.8892 -0.855836
477 35.3452 85.935 2.95301
478 26.9644 95.8151 3.5508
479 94.4954 4.78724 2.10605
480 32.453 45.7233 1.47781
481 11.3734 84.6411 1.84465
482 33.2497 81.533 1.76638
483 31.9375 58.2258 1.35932
484 6.96401 81.3098 2.18609
485 13.6348 76.6801 2.43975
486 43.6263 95.8311 -2.16056
487 42.848 7.6266 -2.21867
488 39.7946 77.0706 1.34959
489 7.40035 88.1142 2.09838
490 20.6462 11.3228 0.827848
491 39.1526 90.2974 -2.96868
492 35.286 2.09765 -2.50644
493 35.0564 91.9768 -3.27115
494 38.3407 88.6459 -2.47588
495 26.0813 88.2339 1.46327
496 41.1067 68.9628 1.77979
497 42.3876 19.6826 -2.38206
498 42.7984 99.501 -2.59233
499 20.2808 94.8464 1.66625
