500
Particles
0 46.8442 32.596 -2.85759
1 20.0301 25.454 1.03681
2 15.6296 32.8673 0.994234
3 70.9037 29.3821 -2.1711
4 20.6799 10.4096 0.730786
5 27.2556 41.3413 1.12679
6 28.2193 23.3602 0.985285
7 83.126 0.596833 -0.129949
8 62.6237 27.2049 -2.23365
9 65.8975 33.5673 -2.28692
10 65.1083 17.9018 -1.84184
11 79.4441 92.2325 -0.0371667
12 73.7056 33.9528 -2.57425
13 40.5185 97.0272 -1.38885
14 23.3089 12.259 0.582114
15 75.8256 45.9533 -3.00731
16 71.0488 37.749 -2.58589
17 41.6282 16.7944 -3.12238
18 23.0632 22.8163 0.404681
19 11.009 0.441714 0.380567
20 69.5837 28.5354 -2.30795
21 29.4511 21.6103 0.662083
22 52.4793 19.2613 -2.18348
23 43.7045 18.4764 -2.19407
24 13.4365 49.3589 -1.2537
25 24.4702 46.1288 1.15274
26 29.4514 41.0782 1.54668
27 84.888 86.6557 -0.274489
28 45.3039 34.6705 -1.81358
29 44.8683 17.8734 -3.01524
30 20.5649 35.4501 0.959637
31 4.56481 95.8444 0.419102
32 66.4294 24.0455 -2.27578
33 17.0207 31.5605 0.788538
34 53.9423 23.1663 -2.37144
35 36.8046 36.4579 2.77828
36 78.7934 94.5024 -0.03869
37 28.9087 27.636 0.208811
38 98.0249 46.5931 0.725929
39 18.4519 12.1059 0.107774
40 57.499 16.4671 -2.01308
41 40.8097 97.4047 -1.66098
42 59.3354 33.4334 -2.04351
43 91.0834 66.0962 1.23217
44 20.5178 30.5483 0.991313
45 66.7636 37.7131 -2.324
46 51.9613 35.2985 -1.77553
47 39.9472 13.1435 -3.05281
48 57.059 26.5408 -2.36676
49 26.6978 40.9386 1.51124
50 67.6854 29.8835 -1.80977
51 54.0291 38.464 -2.0109
52 12.0375 47.429 -1.91674
53 79.6028 91.4307 0.282526
54 44.8127 20.997 -2.92501
55 35.3967 92.6894 -1.71351
56 46.9475 25.5329 -2.17351
57 40.3784 52.6661 -1.03077
58 42.5027 22.5378 -2.39382
59 26.8198 43.9231 1.37629
60 25.3218 30.9352 0.810159
61 58.8056 29.6332 -2.37113
62 38.7471 39.7223 -2.81969
63 19.2241 21.2582 0.416629
64 24.2213 28.3332 0.480061
65 31.0486 4.44912 -2.19978
66 27.2114 34.0639 0.514107
67 33.2629 34.853 1.92269
68 30.9405 98.4174 -2.78927
69 42.7718 43.5573 -2.67956
70 29.0082 25.0647 0.366531
71 30.7029 46.5487 1.15312
72 23.2956 30.6577 0.356881
73 37.4091 26.7246 3.04697
74 32.5472 40.2235 2.00724
75 56.4206 82.6906 -1.89678
76 39.778 43.6611 -2.49019
77 25.5779 25.6547 0.259229
78 20.9476 35.1682 0.827235
79 26.7621 18.9468 0.297837
80 37.9612 46.5663 -3.07702
81 25.4739 34.0374 0.872637
82 24.933 95.9362 -3.11787
83 26.4625 16.338 0.31502
84 27.5787 53.9436 1.02228
85 34.2631 43.7069 1.87951
86 38.9001 54.9533 -0.651955
87 28.7382 96.9083 -2.90767
88 5.53291 86.5323 2.97407
89 30.1629 41.4441 1.21802
90 56.3657 79.5345 -1.43484
91 3.16501 95.4639 1.23415
92 30.6322 93.5742 -2.33158
93 43.4694 21.3326 -2.44824
94 59.542 22.8805 -2.29775
95 43.216 36.0937 -2.34048
96 24.826 25.9029 0.61272
97 29.2326 29.7571 0.737407
98 31.0036 41.5183 1.52317
99 69.4204 22.4037 -1.61533
100 13.9725 46.4003 -1.76559
101 21.7234 24.0006 0.400354
102 62.9677 28.7392 -1.98395
103 31.2447 45.0693 2.00497
104 55.1635 32.0375 -1.59053
105 56.928 78.5702 -1.59153
106 46.6697 26.1471 -2.33074
107 42.0051 30.3932 -2.7741
108 56.3031 37.1364 -2.23923
109 47.605 29.1528 -2.62189
110 74.0009 28.0434 -2.47962
111 28.7742 28.3335 0.937819
112 66.8063 28.7374 -1.63747
113 36.8395 22.2991 3.36705
114 78.5401 54.1114 -3.55648
115 34.4231 32.8884 1.41689
116 24.449 36.6038 1.23619
117 27.3919 48.8118 1.88847
118 71.0701 32.9346 -2.10422
119 43.1327 21.2754 -2.32482
120 29.1338 46.4968 1.60226
121 65.6971 25.7589 -1.61273
122 57.9701 24.5681 -2.58838
123 20.2771 23.3076 0.719352
124 36.4753 97.8346 -1.69326
125 33.4192 2.14361 -1.71685
126 90.7533 93.4277 0.738364
127 36.6031 97.7404 -1.37102
128 14.2613 49.9163 -1.81454
129 48.0686 33.3542 -2.46528
130 46.955 40.5139 -1.87693
131 65.0908 16.5567 -1.95951
132 67.645 79.5486 -1.06436
133 65.2828 82.1936 -1.42399
134 28.001 40.223 1.54933
135 30.2076 27.1639 1.26595
136 32.6656 38.7043 1.83783
137 30.4488 26.6217 0.942583
138 59.3316 24.792 -2.13518
139 34.9392 49.0327 2.1714
140 62.2193 30.5777 -1.81141
141 31.5722 4.36073 -1.77437
142 27.3449 15.5643 0.513467
143 68.5729 37.3238 -2.43232
144 29.0252 29.0959 0.770566
145 40.5698 26.4022 -2.80311
146 48.3121 38.3965 -2.54444
147 13.9211 31.0131 0.102383
148 45.828 38.7315 -2.15701
149 27.7787 33.4192 0.738893
150 59.229 32.2482 -1.80274
151 41.1935 36.9283 -2.01575
152 33.1386 41.1032 1.13457
153 55.3111 33.2557 -2.38469
154 68.5797 38.6973 -2.3291
155 66.838 83.4891 -1.30531
156 64.9728 29.1384 -2.06986
157 60.4553 40.3565 -1.90317
158 29.2436 42.4397 1.86482
159 72.0879 44.144 -2.96893
160 19.6458 34.7776 0.65341
161 97.1652 94.838 1.3473
162 67.359 32.1631 -2.12876
163 32.5299 97.214 -1.86268
164 37.7534 78.4465 0.355041
165 36.478 35.871 3.03091
166 29.6523 0.759037 -1.42002
167 31.8456 29.8526 1.05967
168 22.8686 22.866 0.124621
169 12.3355 42.0945 -1.57585
170 14.587 28.965 0.359745
171 27.6115 22.7393 0.811154
172 39.0032 26.5697 3.52583
173 63.3396 31.2495 -2.21732
174 26.4473 40.0206 0.902771
175 97.9778 98.2291 1.44996
176 73.9462 47.631 -2.85098
177 32.0388 46.5688 2.00263
178 10.8715 43.5373 -1.52394
179 44.9957 34.7132 -2.69799
180 36.1843 23.3877 2.73383
181 66.8881 33.6583 -2.05331
182 45.8761 25.8105 -2.92079
183 75.8577 25.9014 -1.61434
184 23.1838 48.9885 1.70811
185 62.8138 85.4278 -1.52323
186 58.7304 23.2654 -2.40604
187 67.286 28.4332 -2.19621
188 19.9964 17.7682 0.839663
189 22.6549 35.2218 0.722919
190 23.5172 39.1789 0.753212
191 28.9248 30.8758 0.26911
192 35.3875 42.6252 1.68442
193 54.6182 28.3312 -2.23165
194 32.4282 41.2168 1.44603
195 25.6587 24.6734 0.63458
196 28.5762 41.2064 1.76132
197 38.9882 55.0807 -1.21854
198 27.5032 92.6129 -2.69277
199 29.5256 41.3691 1.11657
200 30.6882 24.4958 1.09027
201 15.2657 10.8022 0.451814
202 11.0911 48.3299 -1.19928
203 60.3957 47.3376 -2.17144
204 26.8138 39.682 1.10134
205 39.7617 27.5856 -3.56092
206 37.2096 51.2089 -0.949108
207 26.3174 46.5223 1.78389
208 24.3276 49.012 1.74774
209 71.7265 30.4771 -1.71038
210 24.6649 26.5304 0.680182
211 57.0266 19.8574 -2.55861
212 67.0629 81.5302 -1.40296
213 44.5338 42.8447 -2.04108
214 23.2405 18.0979 0.000149044
215 38.6357 25.2768 3.26766
216 65.5136 41.3158 -2.60983
217 29.0081 22.1078 1.00893
218 59.2207 43.0677 -2.51344
219 44.6748 16.2883 -2.7826
220 33.4964 27.1832 1.35584
221 58.7827 40.9951 -2.38068
222 26.372 28.8619 0.819754
223 57.6928 84.3725 -1.65591
224 69.5777 27.8367 -2.49292
225 81.0988 92.4303 -0.0947364
226 62.5412 35.0833 -2.35401
227 58.8345 27.6033 -2.17127
228 40.6701 56.8667 -0.751884
229 59.8218 36.3773 -2.07814
230 39.8598 95.9041 -1.50425
231 24.1483 29.2329 1.06226
232 1.20516 94.8428 0.510952
233 30.3223 46.6333 1.49865
234 28.2774 42.6652 1.24834
235 47.3805 24.3028 -2.6819
236 62.8201 29.901 -2.24138
237 23.589 34.2319 0.225004
238 45.9111 21.3455 -2.2576
239 21.8413 14.2688 0.292363
240 72.906 33.6733 -1.98294
241 24.2721 32.4433 0.198524
242 56.2681 38.7236 -2.1707
243 29.5342 25.1307 0.522463
244 94.1812 91.4025 0.70378
245 57.1823 38.3991 -2.50601
246 62.6269 21.004 -2.01287
247 37.1217 -0.348452 -1.7973
248 23.4279 16.1659 0.334647
249 25.4516 37.3751 0.734642
250 80.3541 83.8581 0.126132
251 18.5937 35.129 1.0973
252 83.3847 0.429329 -0.622968
253 63.5267 96.7311 0.100001
254 64.1847 17.2519 -2.4328
255 26.9021 34.4609 0.549743
256 58.5566 36.8861 -1.96757
257 61.3996 22.8077 -2.42769
258 66.045 29.7984 -1.87176
259 48.1529 25.7058 -2.08635
260 29.0797 39.9708 1.28547
261 37.2034 16.6864 -3.07952
262 66.1622 34.6647 -2.42466
263 30.7012 52.6128 1.54863
264 18.0027 31.8706 0.519518
265 33.8834 43.4569 2.05879
266 35.0593 45.0031 1.42428
267 22.9177 28.5363 0.187922
268 47.4067 14.0866 -2.3394
269 79.4694 87.4045 0.25147
270 42.6487 23.2809 -2.32448
271 47.169 27.3701 -2.34725
272 42.4563 55.4228 -1.00913
273 27.2584 43.2831 1.56267
274 32.5548 49.3742 1.13455
275 58.6769 31.4315 -2.04844
276 30.9629 40.3043 1.91831
277 37.0599 26.769 2.73661
278 17.3853 26.1058 0.66395
279 58.3041 40.7579 -2.46702
280 28.0219 13.3229 0.293387
281 60.7565 25.855 -2.15397
282 43.9663 20.9703 -3.00758
283 31.3071 33.8785 1.67166
284 24.411 34.3061 0.931593
285 27.3683 26.6553 0.266892
286 36.9516 98.6015 -1.51756
287 59.0531 22.0424 -2.62733
288 70.7596 26.6149 -2.60139
289 20.5314 29.8585 0.292968
290 53.1384 29.5838 -2.05792
291 20.9935 26.7204 1.054
292 91.7412 67.4396 1.49765
293 30.9119 49.9247 1.55269
294 46.2269 20.2035 -2.22501
295 84.6439 3.63714 -0.317568
296 24.9752 49.1312 1.40687
297 66.0189 33.0267 -1.73271
298 21.5314 28.5247 0.644009
299 31.7965 28.887 0.949229
300 33.0108 45.2179 1.31036
301 26.7023 32.1907 1.08799
302 2.09449 45.9397 0.510591
303 58.639 26.0838 -2.38796
304 19.6271 22.7385 0.304506
305 22.9333 37.0225 1.20601
306 79.6788 95.1706 0.306011
307 20.6245 33.1895 0.511405
308 38.9664 18.8887 -2.83231
309 33.5265 48.396 1.30637
310 82.3367 89.6374 0.331357
311 43.9475 95.5434 -1.29813
312 55.5701 39.5083 -2.24497
313 39.7408 37.057 -2.7581
314 69.67 44.4665 -3.00975
315 57.0939 29.4921 -2.15911
316 30.23 25.3329 0.462142
317 27.9301 18.1526 0.227691
318 72.4596 34.7788 -2.70827
319 26.8471 30.4288 1.15986
320 27.8266 28.0779 0.318832
321 43.8609 16.1401 -2.57662
322 28.2242 27.0678 1.1273
323 25.529 19.5623 0.900162
324 22.4863 34.5503 0.493332
325 61.0456 36.1543 -2.48842
326 62.7118 19.0721 -1.99784
327 34.5474 46.0649 2.06379
328 23.5954 50.7994 1.41104
329 68.0573 25.5213 -2.6397
330 43.4127 38.3647 -2.49779
331 68.0427 81.3775 -1.19251
332 67.3756 24.943 -2.24537
333 24.3172 93.4571 -3.28769
334 18.602 12.5393 0.283923
335 28.5315 30.2466 0.615796
336 32.9904 26.6452 1.74782
337 21.8877 13.3229 0.0576832
338 60.478 34.4014 -1.86065
339 60.8546 20.0642 -2.49127
340 23.7836 24.12 0.18382
341 20.7626 17.6572 1.0165
342 22.4917 24.5475 1.08822
343 62.1937 40.2576 -1.69482
344 61.3087 26.6487 -1.6684
345 92.2871 64.4504 1.5097
346 41.4848 98.3052 -1.3517
347 30.4493 41.165 2.00388
348 22.5194 17.3635 0.615274
349 22.159 37.2899 0.372904
350 58.0901 36.1323 -1.54997
351 65.183 29.7913 -1.78352
352 18.2199 27.9409 0.896704
353 57.8484 81.9208 -1.40774
354 32.7162 42.6577 1.32017
355 64.8683 20.1489 -1.76311
356 69.6302 23.1535 -1.83602
357 73.5737 84.1468 0.253017
358 39.6136 21.272 -2.95795
359 28.282 47.4289 1.1414
360 68.8079 43.0383 -2.65306
361 25.5759 41.2237 1.60679
362 25.9673 25.3898 0.403788
363 40.5647 50.5215 -1.43647
364 17.7243 31.8442 0.529759
365 51.7293 34.9885 -1.94929
366 31.7398 23.9366 1.21114
367 42.9002 29.6726 -2.81065
368 47.0947 37.3495 -2.65582
369 94.1387 62.5504 1.26156
370 75.4129 35.9603 -2.33925
371 28.2864 33.8436 0.374515
372 46.6398 21.0556 -2.74767
373 35.9568 24.7876 2.39982
374 19.3542 33.6753 1.06874
375 50.6206 33.9746 -1.6043
376 46.9687 28.7401 -2.97702
377 33.1667 31.9013 1.13689
378 53.7638 37.5431 -2.34338
379 33.713 29.2729 1.97144
380 61.2592 33.2845 -1.66526
381 32.4458 40.1764 1.84512
382 26.4252 23.2395 0.857901
383 13.978 44.5468 -2.18899
384 28.68 50.9177 0.977666
385 84.2877 90.9847 0.148152
386 77.8238 94.9027 0.354114
387 33.1352 44.6956 1.38827
388 64.3733 35.3824 -1.99818
389 26.7214 43.6134 1.27563
390 21.0335 26.7384 0.161002
391 41.2737 19.9866 -2.95761
392 91.1981 51.0322 1.43748
393 60.0682 38.4442 -1.70081
394 28.3513 24.8618 0.761094
395 37.8606 19.8888 -3.13618
396 42.8427 16.3154 -3.03286
397 30.9585 34.0172 0.806092
398 68.3944 17.7266 -1.99946
399 33.5034 34.1216 1.74547
400 25.0416 11.9314 0.0448138
401 31.2996 97.8666 -2.54729
402 39.3299 48.3838 -2.39219
403 25.5331 22.3759 0.918412
404 36.5906 50.8617 -1.25539
405 17.385 26.3831 0.506111
406 37.5562 96.6977 -1.59691
407 27.6278 24.2813 1.04022
408 34.9057 23.9173 1.87764
409 32.7104 27.2667 1.3207
410 22.7745 13.5817 0.66629
411 79.3 52.5583 -2.97023
412 40.4807 46.8793 -2.08116
413 38.9764 17.4448 -2.4711
414 59.0369 35.6215 -2.5382
415 91.8053 67.2708 0.820637
416 22.9579 47.0289 1.7686
417 27.3443 14.351 0.439282
418 25.5011 27.5724 0.5685
419 16.703 6.43051 0.909517
420 29.415 47.0557 1.57277
421 20.9388 24.6499 0.567288
422 44.3792 24.6088 -2.1796
423 33.9652 24.5613 1.78617
424 73.6578 47.2982 -2.48987
425 29.1135 21.4973 0.490007
426 35.0139 30.3593 1.61461
427 18.4813 35.0249 1.15954
428 55.7606 35.5176 -2.26466
429 61.7757 34.91 -2.05388
430 94.8829 93.9649 1.62828
431 53.0449 35.2846 -2.44294
432 64.4831 28.7338 -1.63262
433 35.4918 31.6605 2.23
434 56.1716 20.532 -2.49632
435 14.6771 29.8148 0.375645
436 67.2815 34.8055 -2.0898
437 30.4181 45.5628 1.40687
438 16.7632 10.454 0.440547
439 37.1974 28.3576 3.03081
440 33.085 37.1252 1.52778
441 36.4088 81.5695 0.225272
442 26.4746 26.2501 0.766305
443 31.2571 43.6692 1.48128
444 56.8734 36.3645 -1.97101
445 23.2416 38.6493 1.26158
446 40.0953 94.5391 -1.79572
447 39.7109 -0.376535 -1.60808
448 77.5238 48.9166 -3.19446
449 25.4599 34.3991 0.900859
450 24.9026 18.5368 0.636608
451 38.5798 44.9467 -2.85335
452 22.6321 35.6835 1.1978
453 63.547 32.0275 -2.52599
454 42.0733 26.1364 -2.98144
455 24.1705 2.1133 -2.18237
456 20.2902 13.3255 0.701688
457 46.6332 22.2099 -3.02324
458 69.5779 32.8577 -2.16125
459 33.27 8.83967 -1.39181
460 27.7097 40.9481 1.82052
461 57.8242 79.4094 -1.73901
462 57.7331 38.0947 -1.59486
463 47.6427 28.5928 -2.05399
464 60.0224 43.0857 -2.22453
465 40.3635 21.7416 -2.88544
466 61.7855 37.916 -1.71629
467 29.2172 27.2175 0.654188
468 25.6994 44.3857 1.88037
469 64.2147 32.8714 -1.97516
470 20.5371 24.2471 0.878712
471 57.3145 38.4792 -2.24625
472 55.6799 40.0448 -1.65051
473 36.0816 25.171 2.79217
474 75.7234 46.7842 -2.77023
475 40.0859 97.3239 -2.24312
476 66.2416 82.2713 -1.50637
477 38.6163 54.425 -0.627705
478 0.491097 97.6901 0.821668
479 93.6722 65.1997 0.913375
480 46.5005 20.2536 -2.29956
481 24.5116 47.8474 1.61084
482 31.4518 40.7259 1.79296
483 24.9561 20.808 0.831901
484 99.3707 49.0131 0.424245
485 0.800105 45.657 0.77962
486 62.6173 31.8057 -2.3073
487 66.9299 40.5909 -1.97961
488 35.0446 37.2499 2.29839
489 27.939 1.34854 -2.02332
490 84.6055 3.01967 -0.244202
491 61.159 23.8786 -2.50054
492 56.7387 36.7722 -1.95351
493 56.8623 24.95 -1.85452
494 62.0019 20.8722 -1.9389
495 30.558 47.98 1.37282
496 26.8354 31.4664 0.384116
497 74.7019 43.6658 -2.54735
498 62.0943 35.4632 -1.88228
499 33.3805 6.49056 -1.84012
