500
Particles
0 16.8339 31.8101 -1.47827
1 84.1181 53.8597 3.00006
2 61.6037 22.0362 2.15349
3 62.2364 44.1689 2.64281
4 13.398 79.1013 3.06912
5 89.1047 52.0506 2.31794
6 34.6023 92.268 2.51055
7 72.6197 50.7062 2.78008
8 6.9553 88.9712 2.94083
9 36.0978 29.6812 0.168374
10 34.9632 71.5083 2.19616
11 33.0776 2.92976 1.9863
12 73.5724 21.6249 1.31732
13 4.90942 53.756 2.94053
14 14.7044 81.3413 2.71675
15 6.91346 58.9565 3.28549
16 53.2742 79.0448 2.60744
17 28.6357 7.8979 2.36405
18 18.4427 95.4808 2.345
19 5.87941 98.9564 2.9637
20 63.3907 45.1109 2.22544
21 32.6628 91.0489 2.32368
22 32.651 81.2268 2.03442
23 8.27496 67.2678 2.77194
24 66.5607 47.1559 2.70274
25 19.7281 70.8026 2.32639
26 12.5333 27.0828 -1.39015
27 29.6175 98.2174 2.0235
28 31.152 87.0701 2.51647
29 75.7781 20.0748 0.972606
30 50.5501 19.884 1.72143
31 30.411 82.8359 2.35363
32 85.908 20.1703 0.995019
33 57.1846 54.5501 1.5951
34 19.605 67.1155 1.87207
35 19.4238 2.38214 2.22275
36 46.6746 54.0075 2.61736
37 76.4968 18.0328 1.18129
38 20.6254 74.726 2.31058
39 10.2862 69.3052 2.80424
40 17.6008 59.6109 2.76452
41 6.97811 67.2707 2.15246
42 38.0769 73.6964 2.40396
43 64.2463 45.0037 1.8192
44 88.5378 55.3802 3.00593
45 43.7863 78.3533 2.49819
46 20.0812 70.5069 2.26286
47 80.8331 41.0522 1.75712
48 30.2075 73.2186 2.24966
49 16.4159 24.8783 -1.9318
50 25.516 100.161 2.61616
51 39.816 85.7671 2.37352
52 62.4711 47.356 1.75063
53 50.7982 54.3059 2.88834
54 15.8053 79.1041 2.99312
55 69.8159 42.2322 2.40464
56 16.9529 79.0594 2.39511
57 34.0413 63.698 2.33082
58 21.2834 89.8339 2.95884
59 10.5037 59.0355 2.98768
60 24.748 95.9767 2.94165
61 32.6971 72.5532 1.7732
62 3.4978 69.9387 2.32758
63 8.63159 0.602678 2.96395
64 29.9171 94.6244 1.89364
65 81.053 41.5672 2.1047
66 21.5303 99.7048 2.84976
67 25.0648 0.748083 1.94698
68 85.3357 37.7566 1.75102
69 47.2148 70.9792 3.11716
70 32.354 95.1245 2.29354
71 21.636 71.0271 1.80527
72 21.6176 95.8978 2.35074
73 74.2493 14.9865 1.26152
74 37.2112 71.8803 2.67155
75 71.7148 47.0466 2.43909
76 37.6321 70.6229 2.656
77 36.1123 95.3697 2.17652
78 79.619 22.0548 1.28053
79 21.8917 91.4639 3.065
80 32.9143 73.701 1.9265
81 25.0944 1.83077 2.91466
82 10.0564 96.6649 2.78256
83 14.0046 90.5288 2.25218
84 68.6681 40.2783 2.05725
85 33.9731 76.0208 1.96844
86 33.7467 72.8262 2.52995
87 79.8445 12.5974 1.32906
88 72.0849 41.4403 2.17511
89 31.384 68.2351 2.57491
90 66.1263 47.9213 2.7185
91 30.9388 83.8177 1.8516
92 37.4699 91.9719 2.94549
93 8.83883 76.8931 2.91955
94 30.8718 73.0018 2.4013
95 39.5934 22.0486 0.989086
96 32.4167 94.2898 2.89611
97 36.1332 98.7868 2.60758
98 23.8014 60.7028 2.06531
99 34 89.2604 2.65693
100 65.4775 47.7575 1.98874
101 22.4027 97.8726 2.76326
102 33.4681 70.7328 2.35495
103 14.3488 57.0937 3.2919
104 33.4076 78.8102 2.62363
105 64.3128 49.6309 2.02388
106 17.0284 79.2867 2.93285
107 11.6254 65.6276 2.37199
108 34.0605 83.143 2.84998
109 21.0771 88.0094 2.92468
110 73.2473 48.2649 1.89198
111 82.135 17.3588 1.40413
112 60.6462 42.7497 2.29295
113 31.8069 89.44 2.347
114 30.3498 99.1919 2.71881
115 62.3482 18.4981 2.12965
116 34.9988 65.4568 1.95223
117 20.6924 74.1414 2.75807
118 54.2117 15.2008 0.716132
119 13.2867 82.2817 2.96235
120 9.90449 52.4005 2.75284
121 77.532 50.3979 1.77065
122 25.565 69.7044 2.3294
123 9.73775 77.7412 2.80286
124 62.6108 22.009 1.33902
125 82.4979 21.5024 1.66778
126 51.5718 81.4585 3.00955
127 2.64085 55.5794 2.88644
128 69.5905 46.403 2.50777
129 23.4625 95.8204 2.51981
130 22.2969 77.3005 1.93745
131 36.5776 71.6018 1.75503
132 84.4978 19.7456 1.87056
133 18.8491 18.4036 3.33405
134 60.0904 60.8954 1.38271
135 77.1441 90.243 -0.828294
136 31.273 65.3711 1.73455
137 32.9371 95.1499 1.95268
138 35.7169 75.1773 1.97778
139 11.827 54.2829 3.19328
140 36.1809 70.5847 2.6573
141 4.51758 2.83104 2.57371
142 15.4922 88.5936 2.88115
143 18.6762 12.9784 2.1433
144 32.562 96.3567 2.3159
145 26.4675 2.18544 2.61042
146 10.8829 63.0445 2.44347
147 60.011 54.8526 2.1737
148 75.4007 14.5277 1.25047
149 19.648 0.714067 2.2208
150 35.6895 72.9084 2.37352
151 3.60211 16.092 1.7938
152 33.5042 67.3449 2.02014
153 35.0251 81.7832 2.36787
154 53.3558 75.2766 2.89135
155 15.7898 18.3489 2.727
156 10.9282 91.4411 2.69702
157 -0.102301 63.6736 3.18785
158 13.4472 27.5529 -1.62043
159 37.3977 18.4696 1.24981
160 49.9666 54.3467 2.66504
161 40.2084 20.2361 0.63026
162 18.8633 99.5163 2.50737
163 74.0769 37.0915 2.00695
164 80.3294 41.5979 2.22084
165 13.7299 96.0038 2.36421
166 70.3097 40.1223 2.50763
167 82.8413 15.977 1.67931
168 24.5886 95.8261 2.81052
169 77.53 43.8682 1.31848
170 44.4821 26.9932 0.460158
171 33.1518 92.7928 2.67966
172 7.54381 57.4563 2.96918
173 38.739 71.6757 2.75373
174 82.475 47.8542 1.8824
175 85.5532 19.9488 0.806862
176 62.9177 23.798 1.51581
177 13.2608 51.2326 3.11458
178 63.8474 46.0289 2.04397
179 29.8626 86.3886 2.73856
180 34.8724 93.1596 2.84124
181 21.2922 13.1277 2.89784
182 21.6513 85.8171 2.53819
183 14.6692 23.5526 -2.08937
184 42.2815 95.0716 2.61205
185 84.5375 41.2633 2.23276
186 36.1347 79.2328 2.70429
187 50.6663 28.1837 0.569735
188 0.511444 60.0133 3.51725
189 37.6399 8.77603 1.8967
190 82.7399 45.4737 1.75782
191 77.1781 98.9727 -0.0865003
192 23.755 54.225 2.53617
193 39.6807 88.3697 2.5896
194 21.5504 60.8677 2.66228
195 28.5592 89.47 2.26184
196 11.0964 51.8096 2.84581
197 30.5637 68.8601 1.78763
198 39.7099 93.9395 3.02393
199 41.1703 27.0578 0.608982
200 39.5843 96.1905 2.54314
201 70.8221 17.43 1.799
202 64.3345 47.5892 1.92546
203 42.6557 20.4649 1.05669
204 13.3221 25.3986 -1.25983
205 80.7026 15.5291 1.74132
206 18.6612 59.9202 2.32627
207 17.1907 70.3902 2.07044
208 17.3058 4.39604 2.90444
209 47.892 27.973 0.381711
210 24.9492 98.8005 2.58319
211 35.9362 79.4628 2.53526
212 15.8812 17.2282 2.51762
213 85.8016 15.0479 1.52162
214 -0.0116847 56.2033 -3.44807
215 17.2263 73.7015 2.49729
216 41.7196 79.0706 2.03992
217 29.5168 89.6912 2.21624
218 53.9217 14.3346 0.948236
219 28.4157 8.47484 2.93912
220 76.2337 16.2868 1.74076
221 42.8944 89.4888 2.97235
222 75.5501 16.8092 1.389
223 69.5135 50.1482 2.32046
224 57.8201 44.9571 2.03537
225 65.75 21.5756 1.88459
226 35.4 22.1851 0.61062
227 39.5365 83.4455 2.70723
228 34.6855 73.3543 2.28484
229 40.0336 77.691 2.36062
230 5.22783 58.6773 2.94054
231 27.2914 96.8319 2.32118
232 36.7954 88.0944 2.19704
233 19.5913 68.4509 2.6781
234 12.926 57.9673 2.53225
235 16.9707 79.1721 2.11108
236 51.1465 74.8413 2.46531
237 63.0609 21.1407 2.31941
238 24.5928 88.6367 2.80663
239 16.7997 89.8427 2.81178
240 29.0093 97.0413 2.72847
241 9.24608 88.79 2.36167
242 37.442 80.8614 2.49309
243 38.1357 95.5119 2.37982
244 39.205 20.3695 1.05246
245 38.2963 84.5612 2.2305
246 35.4893 76.0934 2.23027
247 84.2599 44.5497 1.94494
248 11.8425 79.3193 2.92836
249 25.408 59.3086 2.85925
250 25.3212 96.5339 2.83135
251 35.5634 9.23446 2.05396
252 66.002 50.7983 2.32947
253 52.1644 45.1123 1.345
254 34.544 70.0203 2.52115
255 19.1982 97.8672 2.86845
256 37.9297 79.4536 2.01934
257 30.2533 69.0407 1.78876
258 10.5755 93.989 2.57479
259 15.8678 78.793 2.88237
260 23.2078 20.888 2.35465
261 14.7953 85.5226 2.29601
262 39.1918 74.5191 2.52178
263 36.9345 88.1564 2.02454
264 59.9954 56.4558 1.59151
265 31.2827 69.1708 1.75076
266 18.9278 31.9131 -1.76371
267 29.996 96.8004 2.5817
268 9.88957 52.6209 2.61839
269 27.2195 99.5847 2.21472
270 20.3503 86.3408 2.39816
271 19.0525 83.0535 2.8499
272 84.6137 14.5603 1.39071
273 12.1502 55.5818 3.08139
274 23.342 73.9411 2.38833
275 36.5762 74.3331 1.9502
276 20.6503 25.1608 -1.92402
277 39.2212 93.2529 2.34756
278 76.7026 50.4438 2.06783
279 38.2102 82.112 2.17063
280 29.1493 94.4705 2.37967
281 34.8662 76.8814 2.69905
282 15.7161 81.3255 2.65763
283 83.5724 14.7143 1.74345
284 52.0375 71.1501 2.12039
285 36.7368 97.0315 2.20219
286 4.05451 64.2225 2.62873
287 32.9678 75.0428 2.32766
288 43.1671 13.9695 0.139065
289 46.9159 70.3279 2.77315
290 22.1452 70.1317 1.90987
291 14.3207 20.4621 -2.96036
292 13.28 17.832 2.88675
293 18.6059 69.1696 2.73218
294 20.4108 81.836 2.2741
295 31.8308 90.4678 2.53188
296 43.9612 94.255 2.34661
297 52.0244 77.9699 2.34772
298 14.0852 92.1078 2.5686
299 67.7745 17.084 1.64522
300 26.4661 70.2887 1.70349
301 24.2477 99.0618 2.65822
302 8.71418 53.0796 2.64082
303 34.7657 76.177 2.44306
304 12.8354 5.95311 2.36283
305 38.4645 9.24876 2.52208
306 57.3483 51.2659 2.14707
307 64.8085 19.3962 1.91253
308 14.7142 87.8029 2.61261
309 20.4609 72.1438 2.16652
310 62.8532 52.787 2.4535
311 11.4333 69.7826 2.76804
312 38.0926 85.8342 2.78168
313 86.0227 16.31 1.43128
314 22.9472 1.55847 2.22935
315 37.4361 81.0869 2.58455
316 37.9044 91.7377 2.64247
317 19.2257 88.0488 2.3738
318 62.2369 19.7245 1.43747
319 73.6468 17.7948 1.38407
320 77.6222 16.2781 1.82621
321 25.2361 4.72322 2.91425
322 75.5453 12.653 1.81262
323 20.8255 90.6501 2.80079
324 38.7456 24.2796 1.3057
325 43.3092 79.4508 2.54685
326 32.3439 70.1803 1.76301
327 20.423 66.2006 2.19695
328 82.7484 12.7271 1.80601
329 80.8353 24.5094 1.32024
330 84.9056 13.9676 2.0216
331 65.2861 56.4125 2.28886
332 41.7042 24.7259 0.562148
333 43.0867 97.0475 2.50294
334 10.9214 72.7065 2.25534
335 66.5306 15.7971 1.98154
336 78.42 15.3862 1.90564
337 13.4425 80.9086 3.07832
338 44.205 80.9079 2.89471
339 28.5099 70.6772 2.34496
340 4.71032 51.2408 2.66612
341 15.3843 90.5186 3.00768
342 25.945 98.5726 2.34997
343 41.7324 80.4023 2.27547
344 37.6139 76.1226 2.69352
345 71.0592 45.0608 1.74961
346 8.49909 69.2606 2.7188
347 25.1401 21.0308 2.52475
348 2.64962 65.7498 2.76091
349 84.0834 42.9398 1.23315
350 34.0648 78.6362 2.28328
351 15.2289 5.32115 2.4719
352 90.619 53.3208 3.02879
353 68.8188 48.2733 2.51741
354 22.8201 57.7383 2.63522
355 36.5136 69.0798 2.19447
356 78.9117 11.8879 1.53318
357 83.0619 42.8161 2.1181
358 27.652 94.1654 2.43646
359 17.7648 68.6138 1.9508
360 21.0973 4.76219 1.88932
361 17.6577 29.1054 -1.3272
362 28.9825 91.6916 2.05998
363 35.3315 74.8923 1.96518
364 68.3902 54.9328 2.43315
365 34.6883 85.9149 2.78903
366 36.7664 95.1101 2.1752
367 80.8842 16.5369 1.90463
368 7.24987 56.2687 2.46407
369 90.4402 15.2859 1.63359
370 55.1704 48.0644 1.52221
371 22.6185 99.3568 2.16479
372 26.2805 86.4114 2.04046
373 43.3787 0.77368 1.99232
374 25.0926 99.9749 2.2885
375 44.2251 94.3038 3.04776
376 27.8969 91.1939 2.4269
377 85.3901 17.7289 1.74365
378 23.6284 73.2786 1.90896
379 79.5766 18.7462 1.05769
380 34.4651 71.6771 2.05989
381 37.5754 26.0945 1.02893
382 34.245 94.4944 2.33854
383 73.3748 43.2446 1.52761
384 35.7858 88.1005 2.31691
385 72.0926 50.394 1.97817
386 47.0436 50.2453 3.14189
387 17.5532 22.5459 -1.83107
388 43.617 77.3253 2.14949
389 16.8617 68.0679 2.51939
390 12.2995 92.8734 2.69795
391 20.9137 91.2953 2.10922
392 18.6089 67.6269 1.91546
393 42.1616 82.3623 2.29008
394 33.9187 95.5014 2.23605
395 25.1653 92.4109 2.88058
396 28.3384 6.54608 2.45511
397 27.783 95.2958 2.41471
398 85.6662 14.5085 1.1544
399 9.93684 86.8866 2.4324
400 12.1532 82.3038 2.91961
401 38.7135 23.1394 1.25178
402 22.4892 57.112 2.61756
403 34.4903 92.9615 2.47728
404 25.9015 70.9718 2.01543
405 86.8138 53.6041 2.80355
406 3.12224 53.8919 3.15502
407 35.8479 96.1787 2.75457
408 19.0308 75.463 2.47378
409 82.2727 14.7368 1.54447
410 13.561 83.8089 2.46966
411 28.1627 98.603 2.54806
412 35.408 66.9062 2.00919
413 15.0337 88.4188 2.22179
414 40.9991 81.6496 2.59734
415 77.6623 42.062 1.42979
416 38.6959 91.365 2.57194
417 12.609 82.5886 2.43253
418 28.477 100.262 1.99048
419 70.5808 42.5838 1.73498
420 15.0015 63.9458 1.93786
421 26.4642 98.0559 2.78297
422 16.3448 82.9007 2.70872
423 70.4624 10.5012 2.27212
424 28.5627 6.58819 2.27388
425 31.7101 87.5134 2.01545
426 24.6834 24.3643 2.2791
427 27.8498 3.55025 2.91494
428 29.0984 74.7699 2.17439
429 37.3927 75.0925 2.5334
430 19.0094 15.1483 2.37951
431 42.876 91.4978 2.51752
432 22.3695 1.70002 2.64037
433 87.2615 11.4723 1.32819
434 22.4737 67.785 2.60413
435 68.6471 54.0115 2.07286
436 23.4543 14.6074 2.29816
437 11.9901 53.146 2.66438
438 77.4942 22.0739 1.43121
439 80.6053 17.7258 1.67812
440 37.8165 69.5677 1.86066
441 0.664216 52.5289 3.22335
442 31.2645 95.729 2.71903
443 39.501 28.0525 1.03644
444 37.2847 85.9795 2.04086
445 79.7669 47.3312 1.59434
446 72.136 49.9693 2.07394
447 6.9535 65.7537 2.13711
448 30.5749 93.585 2.03652
449 45.4001 70.8016 2.9056
450 17.1108 91.4465 2.24101
451 21.412 58.6169 2.83796
452 31.0489 7.70383 2.53768
453 33.6699 68.0752 2.31463
454 34.0677 5.16199 2.17223
455 76.932 43.478 1.45094
456 9.65102 76.9199 3.03645
457 19.8687 83.3689 2.36354
458 22.9269 80.6464 2.19903
459 86.6429 39.4676 2.21314
460 17.9538 64.2052 2.69459
461 56.0871 47.4298 1.9599
462 38.5062 84.1283 2.23894
463 24.5959 89.4801 2.40428
464 46.359 88.5226 1.88675
465 16.7919 88.7519 2.37659
466 39.0608 77.461 2.01715
467 80.1191 16.0415 1.55469
468 8.29342 54.9231 2.81069
469 18.694 7.46922 2.89146
470 21.9835 17.8563 2.65575
471 24.346 71.3844 2.69942
472 40.3455 86.4841 2.25243
473 39.4319 92.9323 2.8831
474 41.7286 27.0174 0.422446
475 4.06729 55.9312 2.66838
476 84.2333 42.1465 1.5645
477 38.1331 77.0562 1.97915
478 21.9613 8.97876 2.13252
479 68.6452 43.7798 2.08756
480 13.1351 69.7587 2.20956
481 79.2106 10.34 1.7042
482 23.0512 57.432 2.99992
483 14.648 90.9896 2.50385
484 10.0726 63.703 2.06367
485 17.4883 28.8405 -1.04265
486 39.8137 73.5951 1.93144
487 37.1878 76.025 2.7869
488 9.5456 87.1178 2.78111
489 67.7963 43.4847 1.86171
490 74.0968 46.7418 2.44478
491 29.6574 69.7361 2.11393
492 40.0183 88.4799 2.43826
493 33.8753 79.8913 2.56652
494 24.0908 59.6858 1.99978
495 17.0422 68.2322 2.79627
496 30.7955 97.2658 2.00669
497 27.8821 1.50934 2.79763
498 38.8693 72.1698 2.32841
499 79.5853 23.3655 1.43496
