500
Particles
0 37.4356 38.6355 2.65374
1 66.645 33.9947 2.53206
2 47.0922 75.4189 2.59809
3 59.5602 69.2506 1.2619
4 80.6862 30.9294 1.29816
5 44.7153 33.6243 2.66066
6 45.7009 56.5817 2.14463
7 69.2565 78.0262 2.16807
8 66.3947 40.0742 2.2217
9 67.0641 43.2567 2.5563
10 57.3246 40.3211 1.71734
11 47.1381 73.0049 2.11155
12 46.6233 70.0858 2.58855
13 84.4785 22.9926 1.73938
14 82.1321 34.2824 1.82505
15 94.2043 26.6272 2.06076
16 63.3429 43.7988 2.21598
17 74.408 50.6201 2.28816
18 78.763 40.7314 2.15789
19 58.9982 64.1803 1.56138
20 58.9205 69.945 1.85759
21 35.881 54.749 0.854467
22 53.0458 49.8031 1.84653
23 85.056 27.2014 1.39561
24 61.1205 73.2294 1.68267
25 43.2112 41.9151 2.41553
26 44.1071 29.0486 2.2011
27 36.2928 70.8949 -3.30664
28 42.9212 48.7046 2.67007
29 15.0617 25.3465 1.24075
30 52.0963 84.8473 1.12499
31 49.3463 49.6094 1.97891
32 55.1934 68.6769 1.00011
33 62.6715 79.0826 1.84883
34 48.2163 43.6882 2.50938
35 75.56 45.7105 2.35324
36 50.8092 91.978 1.88007
37 50.0251 63.4436 1.92465
38 42.7496 46.0894 1.9924
39 80.1256 27.6142 2.08881
40 50.5131 41.6457 2.37401
41 78.865 27.8674 1.47605
42 60.764 47.2579 2.47258
43 61.497 69.7915 1.75839
44 64.1302 35.0426 2.36021
45 59.7411 42.8598 2.06457
46 47.6555 45.1937 2.15495
47 73.5237 69.2215 1.04282
48 53.0129 44.0172 1.83314
49 44.3247 37.1083 2.73927
50 82.6531 45.2726 1.80506
51 53.8803 49.5138 2.04867
52 63.468 71.852 0.925326
53 50.2928 92.0342 1.1829
54 83.8379 31.6544 1.17148
55 64.0825 65.8208 1.69937
56 85.6314 33.7343 1.96705
57 53.9534 32.6493 2.28688
58 82.8265 37.4101 1.74011
59 42.9225 43.4958 2.65227
60 81.1666 43.3182 2.29546
61 55.8313 42.2403 2.62307
62 63.8847 38.2232 2.27053
63 64.3482 28.3103 1.86607
64 43.2039 61.4133 1.90674
65 69.0939 70.1174 1.06156
66 78.699 46.268 1.47064
67 79.0439 45.8801 1.61839
68 66.4306 67.2763 0.953444
69 60.0311 34.8549 2.23658
70 47.73 60.6456 1.60735
71 48.6191 44.0628 1.75964
72 80.036 42.1935 1.62045
73 52.4346 62.8014 2.158
74 52.0367 34.5488 2.43324
75 69.6049 74.9752 0.990593
76 55.6743 35.1292 2.55412
77 49.3 60.3009 1.37457
78 44.4561 26.0242 2.1068
79 84.5515 39.1971 1.51256
80 52.3845 39.7888 1.84676
81 77.7274 44.6862 1.48162
82 58.8541 61.0839 1.26589
83 79.3568 36.6089 1.64432
84 64.9213 62.9938 1.38574
85 53.1449 42.101 2.33374
86 53.8573 40.408 1.71246
87 53.2942 58.4669 1.85084
88 63.9628 65.2955 1.56146
89 50.5424 35.6412 2.42151
90 61.6299 73.6264 1.60966
91 49.3523 51.4048 2.21147
92 50.6749 56.3692 1.9125
93 78.0691 31.0057 2.03683
94 54.5127 43.0248 2.47124
95 59.9373 64.8957 1.0504
96 37.7556 59.2352 1.17677
97 50.222 63.9674 2.02899
98 50.3935 35.847 2.7396
99 51.5804 56.9369 2.01348
100 65.2115 72.053 1.20079
101 81.811 41.8567 2.11711
102 58.1777 41.5602 2.14329
103 47.5202 39.8586 2.51146
104 55.2621 47.5805 2.15384
105 61.6397 74.7203 1.00507
106 81.1431 31.1986 1.944
107 38.4799 44.6198 2.22697
108 53.4557 48.7851 1.8315
109 90.7001 38.8836 1.56514
110 74.6841 75.8032 1.1692
111 50.887 62.4838 2.10483
112 58.5956 68.7634 1.63559
113 44.9783 54.0912 1.77547
114 39.2139 66.3315 2.18623
115 48.2202 69.5671 2.08242
116 52.1937 30.2735 2.23002
117 47.0318 47.8365 2.13419
118 56.1798 71.0515 1.92843
119 83.6755 33.8 2.05844
120 43.2558 40.4955 2.39799
121 71.8815 42.6809 1.76021
122 54.0094 44.9124 2.35742
123 73.1068 36.47 1.758
124 98.6308 99.1864 -0.497691
125 67.4947 65.5404 1.32787
126 61.646 52.4286 2.00988
127 80.1229 24.9368 1.76789
128 62.7574 73.4219 1.35979
129 39.2843 74.0609 3.57399
130 42.8749 48.893 2.43426
131 53.8473 37.4155 2.62034
132 68.5665 66.8896 1.73524
133 69.3397 68.8206 1.29255
134 43.159 34.3119 2.59899
135 51.8381 61.1761 1.41802
136 50.5986 33.6043 2.06457
137 43.9316 61.592 1.68357
138 56.24 42.835 1.69093
139 46.5386 40.8532 2.04713
140 57.8455 39.4973 2.20115
141 65.8917 67.0494 1.45568
142 78.9151 33.8328 2.13473
143 65.3863 47.7811 2.23631
144 45.2678 64.8658 2.17219
145 39.1268 73.885 3.18479
146 41.2942 44.5457 2.44187
147 60.1871 79.2837 1.76578
148 52.619 61.2556 2.02421
149 78.7839 44.6147 1.65622
150 60.1731 43.4396 2.38582
151 56.0714 67.2578 1.95154
152 53.2172 34.4698 2.21986
153 52.5748 47.1406 2.05983
154 64.5181 45.5446 2.30017
155 73.2463 70.0561 0.743816
156 70.948 40.8973 1.57774
157 61.0895 54.5217 1.78978
158 43.6787 30.9368 2.05069
159 67.2156 52.0815 2.47638
160 62.3099 80.3939 1.15468
161 63.9662 50.2683 2.2301
162 77.2184 46.1624 2.21443
163 62.9849 63.7078 1.28516
164 68.2502 72.6062 1.02941
165 75.1601 43.823 2.26298
166 64.0665 64.0029 1.02574
167 54.2497 64.6741 1.65716
168 82.6065 40.9526 2.11952
169 67.4687 70.7302 0.746487
170 69.4283 27.863 2.52995
171 45.6005 56.9387 1.90995
172 37.4215 41.8583 2.50846
173 58.874 39.0346 2.46976
174 43.3426 30.0924 2.26073
175 68.5923 64.2779 0.853437
176 13.4128 31.9 -1.33748
177 47.2246 38.0084 1.85797
178 63.9085 72.0729 1.12973
179 44.3649 50.7434 2.17716
180 47.2977 56.7158 2.04764
181 68.2841 45.4115 1.99549
182 86.823 34.0735 2.04854
183 38.9179 39.1825 2.55022
184 52.4876 56.9078 1.8559
185 68.7255 70.5698 1.42453
186 56.5706 47.0179 2.41765
187 58.4247 68.5551 1.08403
188 72.2193 32.9939 2.15355
189 45.2057 75.6269 2.34468
190 43.9057 31.5035 2.04642
191 47.9107 66.1575 2.0439
192 50.0663 33.1187 2.60768
193 53.0405 52.125 2.26517
194 52.0962 39.4619 2.14009
195 41.8955 57.9511 2.19282
196 46.2553 39.088 2.02895
197 52.3776 37.0674 1.98616
198 50.3263 56.3801 1.85299
199 44.4783 33.5264 2.21894
200 51.3836 60.1262 1.43019
201 16.1004 23.1075 1.3013
202 62.1519 73.1382 1.7361
203 67.3871 53.7273 1.56836
204 44.3021 29.3932 2.59006
205 54.037 62.8755 1.35755
206 50.3587 39.8157 1.85156
207 44.1945 45.3894 2.6278
208 61.6337 61.8145 1.2919
209 56.9289 70.1615 1.54846
210 82.4904 43.0886 1.41684
211 53.5954 44.8843 1.67122
212 69.1748 68.029 0.878714
213 57.2461 65.3306 1.58958
214 70.6297 31.7651 2.15092
215 39.839 47.7709 2.59189
216 61.699 48.4853 2.12706
217 41.7416 55.7505 2.13623
218 73.0351 63.0729 1.14908
219 76.782 51.1606 2.4616
220 52.0176 62.8065 1.75127
221 56.1525 52.5117 2.13832
222 50.2921 63.4903 2.00437
223 64.5762 75.926 1.75498
224 59.4282 69.8907 1.35256
225 51.3027 74.3158 2.80902
226 62.8981 41.6924 2.59298
227 55.8034 47.1596 1.79828
228 55.6522 41.0506 2.22175
229 56.3173 40.0893 1.6973
230 84.6001 24.6138 1.68765
231 85.8101 41.5096 1.7141
232 52.1616 54.3032 1.43401
233 48.5556 43.522 1.78332
234 44.7147 39.2864 1.99412
235 85.4393 31.4248 2.01575
236 62.3783 40.3789 2.16697
237 46.4124 75.5032 3.01875
238 86.254 32.7356 1.52807
239 79.4052 33.1025 1.405
240 43.2794 66.3411 2.33823
241 65.7684 38.3956 2.01589
242 57.0632 50.8077 2.43385
243 51.3104 59.1304 1.76525
244 66.2075 51.7476 1.82929
245 54.4716 49.8203 1.93408
246 56.6066 42.4063 2.34911
247 78.9619 18.8776 1.71684
248 80.4181 34.0255 1.43993
249 50.1409 32.7023 2.74104
250 35.0138 73.0938 -3.40729
251 41.2172 73.8606 2.9551
252 67.5956 76.5213 1.15887
253 58.9326 71.4285 1.53716
254 55.0164 38.5039 2.33832
255 77.4798 43.8934 2.0428
256 57.7597 48.6991 1.84235
257 55.3349 41.4662 1.95144
258 70.7211 44.5417 2.17568
259 85.6659 32.9069 1.73511
260 45.1657 32.8374 2.23695
261 83.007 35.3798 1.72561
262 60.6037 44.5316 2.39961
263 49.8551 51.478 2.55804
264 59.7787 79.553 1.52431
265 52.7648 37.5327 2.45875
266 47.1034 36.1184 1.9369
267 40.6248 62.6142 1.37677
268 45.6653 42.4701 2.06718
269 35.7005 72.9458 -2.76475
270 85.1394 37.1142 1.35157
271 88.2385 34.9169 1.61597
272 55.5626 65.4985 1.42219
273 46.3847 40.7518 2.43318
274 50.4357 47.575 2.11861
275 55.8143 40.0631 2.29048
276 47.7035 35.3085 1.99827
277 48.5199 55.4096 2.26382
278 60.8526 29.8837 2.539
279 58.1273 51.76 2.39141
280 87.3452 37.1788 1.44822
281 55.9601 44.8774 2.03663
282 84.4055 33.4295 1.45129
283 52.3766 69.0527 1.96672
284 59.0477 33.0885 2.83898
285 48.8413 60.5985 1.81775
286 77.4655 26.7123 1.67484
287 53.2272 41.5344 1.94222
288 61.1994 65.7703 1.82792
289 59.6168 34.3709 2.42243
290 49.1484 44.2515 1.94989
291 69.506 36.0692 2.34754
292 64.8239 70.3481 1.04821
293 48.1904 46.5995 1.86323
294 87.7252 32.9484 1.78173
295 13.9255 57.0786 0.816517
296 54.8376 58.1416 2.19411
297 61.3465 43.3091 2.46995
298 70.4168 37.8158 1.95576
299 50.7537 65.0044 1.9218
300 50.2523 40.3528 2.28171
301 81.3229 44.302 1.76285
302 41.8617 39.1448 2.60507
303 54.5427 42.2362 2.22499
304 64.2468 29.6003 1.93532
305 44.8025 73.249 2.84111
306 57.5544 75.9082 1.71962
307 45.605 73.7634 2.92907
308 85.0768 38.0892 2.09731
309 49.1711 48.4026 1.77316
310 61.7652 76.9727 1.41134
311 88.9354 28.6737 1.76924
312 53.1791 49.2898 1.92155
313 57.1742 66.1871 1.02933
314 78.3875 49.5554 2.3883
315 53.9259 45.2979 1.71068
316 51.3626 57.8148 1.41585
317 84.2317 39.0401 1.91888
318 48.491 70.912 2.69522
319 50.3144 65.0894 1.42814
320 50.4283 62.3826 2.05052
321 75.6822 48.5358 1.56986
322 52.9006 60.3365 1.67023
323 83.0664 39.1626 2.10952
324 57.2781 25.0107 -2.56142
325 61.5748 48.1949 2.49956
326 54.5095 38.0554 1.90237
327 51.8874 43.8791 2.41369
328 55.9483 59.3386 2.08103
329 60.632 66.2893 1.10015
330 58.6391 65.2075 1.24207
331 68.0438 79.3571 1.98974
332 58.8191 66.7568 1.73714
333 52.7412 57.7484 1.59925
334 78.6634 29.6105 2.11114
335 47.7263 65.4043 1.56036
336 52.2509 61.5236 2.01551
337 79.5319 31.3958 1.66016
338 58.7462 46.7614 2.21247
339 54.9337 43.521 2.31964
340 26.66 52.0871 2.86955
341 78.4965 37.238 1.88659
342 81.2298 40.3766 1.32584
343 60.6151 50.8423 1.922
344 56.6546 42.9399 2.0219
345 64.2797 69.7231 1.61973
346 75.6912 27.9818 1.38365
347 44.3415 30.3302 2.23871
348 72.9946 32.9938 1.57555
349 44.6459 27.7419 2.82542
350 54.7763 48.4594 2.35809
351 67.7326 40.926 1.74928
352 65.3005 34.7453 2.06617
353 64.9488 75.0392 1.13513
354 50.0995 35.764 1.89018
355 56.9128 36.3699 2.24939
356 54.0219 60.0978 1.40108
357 74.8678 71.661 1.48255
358 85.7666 38.4788 1.51846
359 44.3093 43.0136 2.72343
360 71.6768 51.7745 1.371
361 40.9542 34.973 2.22915
362 38.831 59.5698 1.20427
363 55.3707 40.4605 1.7202
364 64.6612 80.2928 1.57185
365 50.8091 49.9592 1.93633
366 49.7979 59.3666 1.58169
367 52.2132 62.9738 2.21148
368 39.2157 42.3437 2.16987
369 59.7716 65.3887 1.77771
370 57.9312 72.5213 1.04681
371 78.1593 43.8298 1.83084
372 89.5311 33.4772 2.12565
373 50.8941 61.1216 1.36397
374 43.4141 75.4136 2.84997
375 53.7559 54.0218 2.17429
376 90.7464 36.8863 1.34537
377 55.9976 66.7798 1.49016
378 48.815 46.9964 2.37247
379 50.872 65.586 1.35842
380 56.8161 41.0353 2.0882
381 47.7326 29.5684 2.53125
382 42.3012 57.662 1.31672
383 65.5266 67.5735 1.27376
384 52.4805 54.792 1.76515
385 66.1836 78.5067 1.79607
386 51.6716 90.1854 1.916
387 44.4558 35.143 2.83494
388 62.9557 45.8881 2.34402
389 42.2404 41.0488 2.32805
390 76.3286 39.5613 1.38243
391 84.3954 36.9049 1.50021
392 42.481 38.9661 2.09398
393 58.7334 50.2168 2.30298
394 42.745 60.4124 1.70241
395 85.151 39.1588 1.74544
396 77.5973 49.6775 1.99851
397 47.2767 69.1248 2.25081
398 57.7897 65.2218 1.05567
399 69.6825 39.1716 2.1061
400 77.7833 32.4015 1.75127
401 60.1221 64.1916 1.58246
402 49.4657 33.8171 2.64712
403 36.8965 54.6006 1.69539
404 52.4608 43.8379 2.49025
405 64.5842 33.7183 1.85705
406 82.271 21.9222 1.40251
407 45.2657 58.5489 1.33423
408 38.9136 46.9452 2.52461
409 56.5283 62.1151 1.25256
410 79.6941 34.6985 1.36816
411 41.9625 67.7501 2.38829
412 62.5722 39.6731 2.55657
413 81.3851 34.7478 1.37324
414 57.7219 49.3609 2.18376
415 65.2439 69.7665 1.27708
416 53.4351 56.7624 2.16335
417 76.1571 31.9923 1.97259
418 83.8166 42.5219 1.39846
419 61.9156 66.7435 1.62976
420 47.8172 45.3957 1.71682
421 79.8695 41.8094 2.34785
422 84.6031 35.4947 1.67863
423 51.5971 61.0329 2.13935
424 82.3247 46.7522 1.39389
425 43.8013 54.4081 1.90092
426 54.0846 66.8987 1.36632
427 40.856 74.5347 2.77802
428 53.9828 46.3801 2.55985
429 59.267 46.3134 2.45272
430 64.2783 48.0029 2.34295
431 54.0568 53.9314 2.16415
432 78.2916 45.8194 2.34065
433 54.1158 64.7734 1.61368
434 48.6939 42.2698 2.38156
435 67.2153 78.8647 1.52472
436 67.0713 46.8662 2.3964
437 46.0044 38.781 2.39811
438 13.6841 26.3317 0.650914
439 52.0307 64.2511 1.39641
440 57.2265 35.3749 2.2453
441 81.0012 22.8486 1.86145
442 44.426 60.9323 1.91867
443 46.7153 32.9874 2.44473
444 53.0522 50.5522 2.23093
445 42.9044 30.5446 2.37276
446 70.9275 78.7541 2.2058
447 80.5334 26.1833 1.60481
448 12.8451 45.5649 1.84887
449 58.8513 34.1721 1.8601
450 81.1161 38.5961 1.62072
451 51.6866 37.8319 2.04938
452 42.4121 76.2818 3.02575
453 58.0429 39.562 1.97427
454 39.8165 73.6451 3.38521
455 66.4298 68.2056 1.61691
456 75.3003 31.1504 1.95178
457 85.4563 32.7846 2.03411
458 23.1514 50.8351 2.20677
459 69.0278 67.979 0.978383
460 46.416 40.8436 2.19521
461 61.1185 73.0821 1.10114
462 55.8206 51.2254 2.10237
463 87.3849 35.701 1.46552
464 57.4975 52.6192 2.42625
465 82.3017 37.2224 1.41832
466 59.4326 46.5708 2.11302
467 52.8776 62.5051 1.24355
468 43.0187 41.8406 2.13151
469 67.4417 42.2549 2.37202
470 68.0987 33.6825 2.50862
471 54.3159 48.1676 2.41732
472 55.6041 51.1542 2.22983
473 50.4756 56.2774 1.38608
474 2.07544 22.7256 -0.475604
475 80.5211 24.6626 1.88487
476 76.7138 72.2742 0.856912
477 54.755 40.7854 2.3576
478 64.6798 61.74 1.0996
479 62.3803 68.5413 1.70964
480 92.8748 29.0023 1.93708
481 55.0496 58.4205 1.66637
482 49.9419 34.1444 2.60701
483 79.7164 39.3231 1.75888
484 40.9877 45.0208 2.71458
485 39.889 37.3233 2.51805
486 61.2457 40.5395 2.55795
487 60.4473 47.5172 2.6251
488 67.3397 39.4123 2.44654
489 63.6038 66.0544 1.89534
490 65.8 76.7174 1.76527
491 54.963 41.0923 2.17506
492 56.9216 54.3876 2.42118
493 53.1716 46.9738 2.10847
494 54.0703 38.9676 1.73785
495 46.2536 45.8365 2.5702
496 45.8512 66.3129 2.12267
497 85.6133 43.7777 1.65822
498 62.9487 45.2311 1.88996
499 71.0275 64.7104 1.038
