500
Particles
0 54.2433 93.3168 -0.801535
1 73.5889 84.7324 0.655595
2 71.4196 0.176901 -1.38667
3 16.8927 34.4155 2.54635
4 72.0801 74.3052 0.892246
5 93.5777 89.9061 1.68934
6 84.3255 82.0277 1.56722
7 37.3034 24.4673 -1.61398
8 64.2429 88.9731 -1.98331
9 63.1604 95.0264 -1.71503
10 87.0825 98.3166 1.04023
11 19.5362 89.1801 0.700043
12 84.7913 93.797 0.867046
13 82.7704 37.5105 -1.97068
14 76.057 74.6871 1.19148
15 95.6928 97.5852 1.47597
16 21.2016 34.0408 1.57288
17 0.036734 27.9649 -2.88302
18 76.759 82.2054 1.76849
19 67.782 66.8324 0.459495
20 14.6326 38.4048 -2.03515
21 87.9278 78.6057 1.5148
22 83.4742 96.0239 1.70295
23 2.18267 31.5132 -3.16636
24 27.6299 74.7785 -0.104487
25 94.9211 93.368 1.69786
26 3.25123 98.0323 -0.0504145
27 39.0007 22.4171 -2.0043
28 49.5906 95.7776 -0.426581
29 4.37616 28.4081 -2.64138
30 76.4365 92.4066 0.336882
31 62.6516 68.3807 -1.2309
32 11.8481 36.7749 -2.06888
33 71.0878 92.37 -1.09641
34 5.41834 41.9318 -2.61622
35 50.2583 91.9744 -0.535768
36 21.2181 92.9551 0.578185
37 83.0337 86.4958 1.24142
38 72.338 98.2843 -2.656
39 70.4847 75.1363 0.949627
40 73.9454 0.812956 -1.37013
41 83.8317 40.0227 -2.36468
42 62.11 95.6787 -1.48624
43 95.3001 4.44263 0.821799
44 74.7551 88.6531 0.604681
45 65.3928 98.8487 -1.51929
46 54.6366 97.3862 -0.664307
47 87.7903 16.3017 2.83897
48 62.2198 87.042 -1.57928
49 93.3736 88.5651 1.15739
50 67.8226 89.9131 -1.21507
51 55.5336 -0.240693 -1.01001
52 76.0825 69.5686 0.783814
53 20.6744 89.5122 0.841066
54 88.0534 3.21219 1.00196
55 42.5313 25.5154 -2.26366
56 3.89053 40.6819 -2.47966
57 21.328 9.91524 1.40774
58 1.34028 36.2023 -2.81999
59 94.1425 91.9131 1.2247
60 82.4487 86.2218 0.962566
61 58.9583 91.4401 -1.78236
62 50.0364 98.2325 -0.66063
63 71.3556 82.3771 0.996315
64 78.7869 86.7273 1.55043
65 67.0107 53.2775 -2.86786
66 82.5749 91.6452 1.69816
67 40.5595 84.1436 -1.23506
68 66.5996 48.0138 -2.7058
69 53.0839 2.03517 -0.847429
70 85.0484 82.952 0.868081
71 44.9956 52.3437 -0.154939
72 78.7841 87.5023 1.12486
73 52.5186 77.1909 -1.20874
74 63.1107 35.0838 -2.35124
75 40.8129 12.3607 0.437909
76 50.0183 2.51648 -1.04975
77 78.792 85.186 1.67283
78 78.6434 89.6485 0.923617
79 81.8334 79.4941 1.56222
80 50.3804 2.68709 -1.36269
81 83.0154 88.7821 1.09698
82 2.89788 58.7466 0.98323
83 78.6457 79.6049 1.64077
84 4.31655 28.7025 -2.63142
85 23.682 80.674 -0.245166
86 46.0019 10.2573 -1.23267
87 66.4767 37.4617 -2.53499
88 76.9424 73.2536 1.75373
89 3.20036 97.0676 -0.32651
90 7.59421 94.0995 0.646449
91 63.2542 68.3205 -0.585503
92 41.6415 24.5131 -1.25037
93 0.92803 36.3361 -2.77472
94 50.9485 61.2168 -0.623906
95 51.2112 96.6504 -1.12438
96 82.969 81.7776 1.33134
97 85.8788 86.1743 1.11753
98 7.69733 95.2455 0.629103
99 16.1627 30.9536 1.59924
100 74.4773 67.0953 1.60601
101 79.5515 79.9441 1.30585
102 63.142 89.9384 -1.32729
103 26.9122 69.5917 -0.630452
104 56.2435 93.7834 -1.54557
105 7.71351 94.3827 0.221607
106 3.30676 43.4411 -2.26174
107 54.4976 81.8845 -1.79019
108 58.798 98.5425 -1.87129
109 57.8967 85.2031 -1.99411
110 75.9704 97.9513 -2.35298
111 83.7509 85.9878 1.09924
112 66.4816 89.1993 -1.86391
113 96.0513 32.341 -2.73508
114 93.5627 0.888038 0.888587
115 42.2479 82.6651 -1.63446
116 85.1213 89.4106 1.54107
117 98.6821 100.323 1.61851
118 20.1405 33.948 2.21148
119 -0.396242 37.4751 -2.68065
120 99.586 96.4769 0.925074
121 61.723 61.0148 -0.643406
122 50.2424 61.2834 -0.321798
123 77.5785 80.4754 1.69463
124 70.1258 48.6899 -2.34602
125 64.948 53.9012 -2.79811
126 56.6551 73.2892 -1.86847
127 69.5698 48.8886 -2.4463
128 27.3077 75.8702 -0.0913124
129 55.9135 93.3496 -1.40648
130 53.5221 0.682006 -1.35686
131 86.2475 95.2403 0.877513
132 15.8976 89.7603 0.186893
133 13.8203 93.943 0.688546
134 94.4723 88.7551 1.04703
135 86.7751 83.2209 1.46415
136 17.4219 99.1882 0.72131
137 88.0742 83.9525 1.18224
138 52.1667 69.4576 -0.21447
139 44.7399 -0.235421 -1.35533
140 62.8051 91.8068 -1.55563
141 64.4151 54.727 -2.36808
142 81.977 76.3375 1.53206
143 67.5335 98.5874 -1.26764
144 83.3478 88.0623 1.05823
145 54.9633 80.088 -2.13367
146 51.9931 98.8625 -0.785891
147 70.2235 96.1467 -2.2457
148 53.8403 99.087 -0.908511
149 84.7321 89.8838 1.69126
150 60.3524 94.8638 -1.49087
151 48.9445 96.2578 -1.23981
152 59.8436 56.1902 -2.44029
153 55.0304 94.7075 -0.748657
154 67.4403 98.2247 -1.64825
155 17.1546 95.923 0.368826
156 64.9775 90.6322 -2.07633
157 65.2612 1.84226 -1.21376
158 0.217123 91.4638 1.2934
159 89.9576 98.3419 1.75666
160 76.4635 90.3326 0.543605
161 60.3151 65.6982 -0.40068
162 66.8825 92.5426 -2.22606
163 70.6839 44.5402 -3.19746
164 79.95 67.4558 1.70402
165 47.5391 90.2516 -1.42015
166 65.3713 49.7024 -3.04565
167 91.5065 82.821 1.051
168 76.2894 83.2829 1.0499
169 1.91663 7.50279 1.14111
170 69.9872 91.9177 -0.958274
171 82.218 81.8574 1.55179
172 49.066 81.4855 -1.91724
173 63.1177 92.2327 -2.14729
174 90.3098 90.4012 1.54474
175 59.5201 70.8675 -1.23944
176 92.6902 98.3005 1.50449
177 23.3704 81.2708 0.248034
178 4.79803 35.4344 -3.04318
179 50.676 94.6998 -0.561662
180 94.7607 34.9479 -2.1215
181 66.6149 94.5727 -1.31905
182 3.58098 40.0585 -2.51451
183 64.0033 7.88722 -2.19456
184 95.8487 96.5236 1.15897
185 88.2954 23.1122 3.01317
186 49.4782 62.9195 -0.51231
187 65.2853 89.9843 -2.20743
188 74.0194 78.8185 1.00505
189 78.7071 91.1426 1.43387
190 83.1613 92.4239 1.3133
191 85.6331 87.8404 1.37954
192 25.6256 81.351 -0.594797
193 59.7955 88.9 -1.53169
194 15.0323 98.6406 0.726425
195 80.2541 83.7081 1.78928
196 96.3398 89.3117 1.30122
197 47.7275 10.2112 -1.10662
198 6.97936 54.3772 1.57943
199 97.3707 90.9551 1.16931
200 88.923 80.0455 0.957639
201 69.4112 72.1247 0.871601
202 73.2706 69.3558 0.907542
203 56.7193 6.45564 -1.68519
204 89.7761 89.9577 1.19414
205 54.7571 80.3242 -1.69285
206 13.2445 15.0251 1.29908
207 97.0212 96.3081 1.5708
208 96.0599 98.5104 0.970698
209 88.1271 95.5302 1.18094
210 80.2477 84.2061 1.372
211 85.1658 95.7935 0.964462
212 14.2756 92.6524 0.665885
213 53.6518 2.18677 -0.984806
214 76.7994 78.4838 0.970382
215 88.036 46.4792 -2.43888
216 67.5292 2.84331 -1.69301
217 86.5362 79.5966 1.60501
218 62.7886 4.34213 -1.01835
219 90.7284 19.1667 3.0183
220 98.6008 84.927 1.58341
221 61.8253 2.22597 -1.41309
222 82.2055 85.9519 1.78585
223 84.9904 21.2042 -3.0495
224 17.6612 32.3528 1.69125
225 34.1371 21.4639 -1.97583
226 63.0325 95.8365 -1.44593
227 64.423 87.7096 -2.08751
228 51.0134 11.0495 -1.33812
229 62.8848 97.7201 -1.32408
230 76.411 43.5845 -2.86529
231 79.6573 86.6727 0.866199
232 63.0576 64.8185 -0.915109
233 22.966 67.6358 -0.657265
234 96.0013 92.0517 1.5293
235 2.93319 40.0072 -2.64005
236 64.322 91.6297 -1.91645
237 79.2303 90.5653 1.02921
238 4.43453 35.5779 -2.63461
239 72.1576 78.2602 1.74823
240 85.875 94.0397 1.59974
241 79.6688 90.1615 1.15454
242 57.7828 0.180272 -1.4944
243 87.98 81.4543 0.825266
244 57.0542 64.6558 -0.222362
245 58.2701 0.0408624 -1.47363
246 55.1844 59.3951 -0.924498
247 73.1886 48.8929 -3.07377
248 77.263 76.9765 1.58511
249 86.743 89.0502 1.79408
250 38.2912 8.52895 -0.0260936
251 73.6755 92.442 -0.163416
252 36.47 26.0029 -1.39346
253 90.5246 22.9015 3.18811
254 81.5776 95.5184 1.55089
255 84.7728 89.7086 1.49544
256 60.2416 99.1229 -1.87654
257 53.658 61.8877 -0.0392176
258 66.5961 91.219 -1.8192
259 4.63596 44.6317 -3.18591
260 97.3165 88.6879 0.788593
261 95.8464 27.6876 -2.38422
262 66.8504 95.6698 -2.03049
263 19.0173 81.7667 0.0339874
264 73.2322 88.7789 0.588262
265 25.0314 65.2365 -0.728426
266 41.2966 93.2617 -1.74667
267 77.2435 86.6282 1.01607
268 77.472 99.0538 -2.24328
269 20.97 86.5468 0.536531
270 0.514974 38.8184 -3.07786
271 4.03607 40.1417 -2.71726
272 51.7185 11.2099 -0.759572
273 96.6242 91.1615 1.45507
274 19.7075 82.091 -0.435517
275 58.8442 92.7985 -2.00057
276 10.0855 94.8864 0.354816
277 51.2298 80.2003 -1.9241
278 69.6467 87.2081 -0.992124
279 62.2437 2.03766 -0.968879
280 79.3994 76.1647 1.21294
281 55.2655 73.4315 -1.73319
282 1.71445 31.6662 -2.25747
283 92.29 86.2033 0.807616
284 81.3226 90.4215 1.69863
285 84.0359 82.2558 1.62967
286 72.335 47.9074 -2.71014
287 53.0164 60.3202 -0.323555
288 17.3966 31.9843 2.20428
289 72.8486 90.1352 0.146662
290 58.6392 90.2103 -1.8296
291 74.3283 86.0639 1.39051
292 1.69379 7.06495 1.4648
293 20.4011 82.368 -0.454101
294 91.2919 3.87956 1.53195
295 37.602 27.9352 -1.69808
296 95.5109 98.1862 0.846943
297 64.6077 94.3898 -1.56617
298 74.4954 87.5963 0.560882
299 87.8968 85.852 1.08724
300 20.9615 78.006 -0.0226643
301 83.6204 87.9782 1.43716
302 72.1318 -0.253137 -1.33723
303 65.4235 85.0971 -2.05843
304 74.4047 81.6016 0.840146
305 81.6463 90.8308 1.69564
306 23.1543 97.1671 0.92453
307 76.675 88.894 0.722575
308 97.13 32.2868 -3.0375
309 37.8539 95.6982 -1.11014
310 36.021 19.391 -1.54819
311 86.2201 17.5574 3.27075
312 55.771 0.101776 -1.31844
313 46.324 95.7788 -0.536879
314 24.1189 33.8569 1.43207
315 61.6533 90.7367 -2.04507
316 87.9762 81.4789 1.27843
317 81.849 78.6324 1.19189
318 91.3795 95.5076 1.22285
319 85.7301 85.1029 1.35608
320 81.732 87.7172 0.831879
321 88.8413 15.7283 2.29969
322 83.7966 84.9697 1.52773
323 80.4113 79.5783 1.74417
324 76.8633 91.8277 1.27473
325 63.3779 98.1622 -1.19669
326 14.3628 30.5942 1.35369
327 43.5808 97.7079 -1.21256
328 96.2988 98.8697 1.16866
329 14.2928 35.9384 -2.24214
330 51.4763 98.0894 -0.861692
331 15.3949 88.7045 0.825344
332 14.1871 36.4391 -2.57696
333 2.58844 53.7206 1.72059
334 71.0543 74.8241 1.30906
335 85.7039 86.4325 1.67979
336 91.8861 82.6523 1.10554
337 73.8906 76.1075 0.945377
338 63.7442 96.4263 -1.50874
339 13.2341 31.9877 1.9516
340 77.9054 84.0156 0.879727
341 69.1695 84.9767 -1.0193
342 77.3636 83.3642 1.54342
343 62.8898 1.10495 -1.2007
344 66.7096 87.4338 -1.77871
345 94.2673 3.31074 1.34802
346 84.6139 39.8615 -2.15049
347 9.51623 95.6164 0.105988
348 75.1176 79.3038 1.32638
349 81.8873 91.1937 0.931937
350 59.4273 98.3436 -0.936878
351 64.5582 91.6629 -1.93129
352 73.3546 86.2037 0.897632
353 64.106 32.1654 -2.49978
354 60.4821 52.0728 -1.88377
355 88.9785 98.5038 1.63593
356 15.6948 35.1904 2.9337
357 17.8656 90.156 0.223662
358 97.7517 33.2723 -2.27047
359 96.3714 97.3971 0.802998
360 68.6632 1.76099 -1.16463
361 87.9413 92.0939 1.40411
362 83.0392 83.1672 1.35441
363 48.4575 7.5409 -1.31105
364 72.8687 89.4 0.536161
365 55.1263 97.0355 -1.00857
366 88.1661 81.4871 0.998932
367 56.8739 82.7304 -1.30178
368 52.518 97.8368 -0.729507
369 94.9628 1.60453 0.944894
370 88.9719 93.8651 1.5521
371 84.063 90.5829 1.07984
372 89.5882 3.58107 1.34632
373 88.3494 41.9337 -1.76213
374 75.7147 90.0544 0.620474
375 53.9838 95.38 -1.55153
376 59.4818 82.5732 -2.00976
377 31.8575 74.2135 0.195108
378 58.2383 98.8538 -1.29666
379 95.7775 86.4402 1.59371
380 64.2683 95.1475 -1.7365
381 12.1412 96.1515 0.692513
382 81.2126 82.7427 0.928025
383 24.3263 32.865 2.14756
384 5.06591 7.59459 1.30401
385 39.2375 22.8987 -1.38547
386 31.2839 24.3513 -2.08145
387 19.326 74.5049 -0.136346
388 64.4633 96.9195 -1.7052
389 94.7285 92.1005 1.41734
390 76.264 84.4625 0.930704
391 99.2475 32.7338 -2.9106
392 76.6026 94.1501 0.788819
393 63.6046 -0.167978 -1.48794
394 85.727 81.7187 1.07932
395 95.8421 29.3265 -2.47611
396 90.2209 19.0547 2.46103
397 88.9592 89.0938 1.56104
398 86.0199 93.9052 0.868095
399 39.1086 80.9462 -1.66711
400 76.0333 75.266 1.84033
401 66.6196 46.7243 -2.60505
402 50.3294 5.42799 -0.56413
403 80.836 80.885 1.22712
404 18.4309 8.4098 1.47327
405 74.7506 81.9437 1.01636
406 76.976 40.914 -2.38558
407 86.0849 80.2449 1.2429
408 87.6446 41.0299 -2.29335
409 89.3103 83.9585 1.29454
410 72.8815 77.6882 1.0068
411 94.5861 0.742054 1.39162
412 49.582 4.94669 -1.26173
413 96.9344 24.7274 -2.67887
414 61.2661 97.5034 -1.62472
415 2.14136 6.70002 1.66529
416 94.8545 95.161 1.6497
417 81.0885 75.9571 1.23304
418 82.5017 84.0689 1.25697
419 70.3116 68.717 0.794647
420 98.1938 97.894 1.59802
421 77.7252 81.7853 1.22876
422 1.99987 37.831 -2.4621
423 45.917 56.1678 -0.199632
424 92.5223 99.7403 1.21905
425 86.0449 78.4797 1.17345
426 43.7095 81.0961 -1.89917
427 74.9343 90.6771 1.04279
428 57.7677 97.4581 -1.22342
429 60.7643 96.6149 -1.46328
430 56.584 63.8973 -0.148486
431 58.5769 96.1795 -1.60164
432 64.5651 90.2195 -1.98916
433 44.9942 83.4437 -1.32167
434 90.8785 100.214 1.55433
435 69.3997 90.9529 -1.65521
436 65.1695 95.6354 -1.60697
437 8.41618 99.9295 0.193808
438 68.3003 74.2269 1.12811
439 49.5247 81.8478 -2.04384
440 61.5968 51.479 -2.69736
441 79.3889 71.0662 1.73556
442 82.6683 84.52 0.964237
443 59.1011 52.3204 -1.86933
444 57.6825 97.601 -1.58435
445 84.1945 90.1098 1.3488
446 90.9891 27.5786 3.14788
447 74.0388 48.7007 -3.41913
448 94.4451 97.9596 1.46166
449 84.1467 88.6227 1.14201
450 76.4682 80.4192 1.03514
451 48.489 3.10197 -1.46084
452 81.4506 89.6576 0.973999
453 66.2692 93.4626 -1.89519
454 98.1113 41.2364 -2.08995
455 64.0143 46.5629 -2.97565
456 73.4019 73.9081 1.02828
457 4.46164 35.2353 -2.58268
458 16.9823 38.3417 -2.86274
459 46.4428 55.8734 -0.282832
460 94.124 90.7772 1.238
461 9.16385 93.7287 0.188797
462 61.5445 -0.180699 -1.6803
463 58.4189 80.6592 -1.3978
464 59.7959 4.14979 -1.17416
465 99.1196 34.8858 -2.48554
466 66.0715 -0.0268572 -0.9988
467 85.8151 84.3722 1.72692
468 94.3429 92.2441 1.63489
469 64.0579 94.9567 -1.48601
470 78.1751 80.1595 1.20866
471 59.8933 0.327405 -1.6913
472 60.1901 1.49811 -1.32891
473 85.2577 47.8594 -1.92859
474 92.9595 97.9017 1.54422
475 81.5991 39.7941 -2.37989
476 15.9103 94.7281 0.761975
477 21.3777 12.6976 1.25867
478 61.5129 68.7544 -0.497382
479 98.4402 5.16779 1.17207
480 4.65721 34.1345 -2.90945
481 96.4585 96.6654 1.40326
482 11.0074 95.5073 -0.23104
483 80.1032 80.04 1.31323
484 75.8823 97.6435 -2.58682
485 72.6381 95.832 -1.89887
486 64.0771 92.9845 -2.13073
487 66.5702 1.18175 -1.90138
488 43.3888 86.5387 -1.58013
489 64.1902 49.8019 -2.76579
490 37.9169 26.8539 -1.52304
491 52.1302 63.7431 -0.134942
492 59.9519 98.7145 -1.76565
493 58.0784 77.3087 -1.23469
494 54.7308 60.1165 -0.178755
495 29.8999 78.3531 0.0141768
496 82.4084 89.2279 1.74034
497 90.4396 93.953 0.993742
498 61.8869 97.1804 -1.20862
499 48.0768 54.4544 -0.328185
