500
Particles
0 30.52 5.77572 0.00493017
1 56.4669 77.529 -1.11358
2 78.2935 26.3226 -2.57766
3 7.80997 10.2674 0.709793
4 54.4032 68.4687 -1.02273
5 81.1664 65.6596 2.02922
6 91.841 65.452 -2.33304
7 45.2292 50.6676 -1.35175
8 73.8183 14.5381 -1.25056
9 69.9762 21.6198 -1.53846
10 74.009 74.0852 0.406693
11 94.2043 80.2976 -0.285639
12 71.4285 70.6682 0.39687
13 7.0368 46.852 3.09439
14 60.1399 54.8776 0.127857
15 82.149 73.5334 1.10056
16 9.50302 10.6722 0.490976
17 23.421 38.9147 -2.91127
18 60.2324 66.4882 -0.567254
19 52.335 84.5863 -0.56198
20 31.1019 60.3147 -1.26881
21 95.6165 66.7576 -1.73421
22 65.2603 81.9602 -0.643768
23 26.7278 43.2374 -2.5333
24 21.1037 92.2439 -1.79487
25 86.6381 68.5462 2.28713
26 86.2255 77.0444 0.985274
27 47.1439 48.1423 -1.84
28 26.869 9.35005 -0.772207
29 9.34276 13.8731 0.759219
30 74.2245 95.1205 -1.30425
31 53.9715 94.2585 -0.779152
32 29.9174 56.5835 -2.17037
33 79.7413 18.7268 -1.98073
34 27.3411 58.1285 -1.60225
35 27.7401 5.75108 -0.281921
36 -0.414483 87.6883 -2.84616
37 70.7451 62.7238 1.01646
38 82.6445 23.2045 -2.85334
39 55.3892 85.7274 -1.04866
40 81.975 27.05 -3.14952
41 8.93244 48.3413 3.11351
42 67.4964 22.6911 -2.10451
43 81.7718 80.5895 0.333746
44 59.0167 91.244 -1.17807
45 69.2989 26.6072 -1.16486
46 31.7122 11.5245 -0.0750258
47 96.2609 95.1147 3.14611
48 70.3193 13.5585 -1.29786
49 85.2902 64.0456 1.94883
50 78.619 15.4111 -1.67995
51 33.4514 14.1041 -0.250202
52 91.8578 60.3875 -1.93262
53 2.99564 86.689 -2.30191
54 76.9574 78.2182 1.02645
55 53.401 50.502 -1.668
56 27.2727 55.4491 -1.8177
57 98.0018 5.17076 -0.175393
58 26.0339 48.8547 -2.48644
59 88.9686 68.2619 -3.12219
60 69.476 63.1473 0.987056
61 66.4244 18.0001 -2.32063
62 26.7564 10.2833 -0.956772
63 55.0525 76.2943 -0.710251
64 59.2179 76.8723 -0.385195
65 94.1145 56.902 -2.83845
66 66.6713 70.6639 0.122493
67 27.6834 -0.355317 -1.05116
68 93.1115 54.5817 3.36452
69 30.1756 14.6361 -0.224431
70 91.0106 67.1975 -2.42189
71 30.527 73.4999 -1.30816
72 63.2618 68.0957 -0.306005
73 56.5165 4.35318 -1.64301
74 84.7575 50.9122 -3.02365
75 17.1691 22.7327 -0.353025
76 26.5824 14.6911 -0.639664
77 63.6618 65.8823 -0.268849
78 62.2861 87.0039 -1.49121
79 73.9882 53.828 1.09965
80 26.0957 12.9946 -0.405646
81 69.9028 65.4526 0.761996
82 21.5955 59.2081 -1.61231
83 60.8672 62.6243 -0.162888
84 28.2915 39.359 -3.05036
85 6.17495 68.7875 1.98324
86 21.0974 20.0741 -0.559981
87 92.2925 46.9444 3.0737
88 90.6619 59.5817 -2.09676
89 85.5519 77.1768 0.339128
90 88.2964 75.4795 0.561221
91 54.06 93.1721 -1.19597
92 52.0286 49.5904 -1.32996
93 25.4583 49.3 -2.35519
94 32.1943 78.8637 -1.16184
95 27.4671 8.88687 -0.823334
96 73.0726 56.9602 0.880786
97 74.1519 62.168 1.21703
98 86.4831 78.1195 0.273008
99 4.06029 6.82868 0.49562
100 91.8902 59.7458 -2.33226
101 64.4158 58.6509 -0.100516
102 74.0435 15.6545 -1.69474
103 4.28398 78.9144 0.263552
104 33.5829 7.0846 -0.339703
105 87.9182 76.3075 0.95335
106 25.8576 58.5337 -1.70576
107 57.7514 8.91786 -1.27583
108 39.4422 14.6008 -0.44179
109 66.1266 11.1777 -1.88408
110 76.3407 98.538 -1.20538
111 74.6662 60.6109 0.733039
112 78.1851 14.6054 -2.03744
113 20.0768 45.8868 -3.37973
114 81.5374 75.8201 0.461295
115 46.8086 7.3455 -2.07877
116 71.0853 66.6729 0.759157
117 84.3444 77.2615 1.28608
118 10.0329 9.57313 0.0575758
119 25.5719 48.2047 -2.58546
120 86.1197 72.189 1.0713
121 47.5357 84.4492 -0.76267
122 32.052 78.4901 -0.714387
123 63.0591 61.2479 -0.350422
124 96.6305 54.5774 3.07895
125 91.0536 57.8169 -2.70327
126 57.028 0.766537 -1.64594
127 95.2731 58.1343 -2.73858
128 18.0674 92.2797 -2.2771
129 34.0105 6.86192 -0.00339013
130 30.5675 13.7065 -0.893647
131 72.2483 71.7239 0.951062
132 91.3478 79.7997 0.673055
133 90.2646 80.8125 0.616716
134 92.0702 70.3916 -2.54796
135 94.5291 69.178 -2.41992
136 98.6032 91.2196 -3.53279
137 95.4479 70.2467 -2.28139
138 37.5446 86.0523 -1.40801
139 21.8668 13.1933 -0.203474
140 73.4456 17.3783 -1.78117
141 90.6415 59.1358 -2.27086
142 91.31 62.4247 -2.31666
143 74.0003 25.1802 -1.96718
144 73.5745 62.8243 0.962555
145 58.6131 7.01338 -1.63944
146 29.0303 11.9484 -0.90013
147 80.3006 21.6046 -2.23233
148 30.3934 10.9853 -0.170313
149 74.0975 64.6773 1.30274
150 41.5365 10.403 -0.551747
151 26.2547 9.45457 -0.581122
152 49.5544 80.43 -0.631952
153 31.5572 7.27342 -0.363964
154 74.7106 25.0234 -2.37646
155 91.9716 85.281 -0.378621
156 71.9601 17.21 -1.34804
157 65.4555 29.364 -1.40611
158 94.2998 76.7178 -1.63328
159 75.1242 74.9424 1.03908
160 61.1384 96.2935 -1.16029
161 46.866 88.6712 -0.898634
162 76.7994 18.3298 -1.76287
163 96.5278 51.3884 2.63458
164 97.0139 62.1496 -2.19651
165 26.1104 5.26876 -0.775849
166 92.0173 53.9054 -2.82238
167 97.5879 70.3954 -1.8613
168 58.7999 74.9084 -0.459592
169 83.5421 95.5343 -1.12866
170 78.5353 17.9052 -1.7142
171 74.7778 55.8251 0.847912
172 53.1572 7.84797 -2.07311
173 72.0324 18.2658 -1.37019
174 77.4298 66.3112 1.57881
175 52.4744 97.5498 -1.61975
176 79.2779 74.003 0.79522
177 5.93386 69.388 1.56095
178 29.7653 46.9698 -3.05247
179 27.3916 8.04304 -0.82573
180 17.9104 48.1363 3.03003
181 75.0106 20.8094 -1.80384
182 28.0599 52.5163 -2.17689
183 63.2084 31.5862 -1.43494
184 85.6709 71.1106 1.11167
185 10.3475 31.7171 -2.11687
186 31.6544 79.6233 -1.30254
187 76.4941 15.2603 -2.16511
188 54.5677 73.8402 -0.558264
189 63.1141 90.4856 -1.74956
190 67.9556 69.9455 0.381159
191 76.617 62.0224 1.12985
192 14.4847 91.3603 -1.80785
193 65.3963 15.69 -1.73235
194 90.0887 89.5231 -0.71759
195 63.9829 65.0098 -0.670754
196 93.2818 72.6662 -1.97533
197 22.6239 19.0174 -0.620079
198 27.068 63.846 -1.24397
199 95.4527 74.5884 -1.84726
200 96.1952 67.4645 -2.64389
201 53.0632 85.1604 -0.709752
202 55.7983 64.2751 -0.85097
203 35.8749 17.3091 -0.0154347
204 82.6957 63.3791 1.94197
205 59.3311 7.35593 -1.48871
206 93.001 10.0504 -1.28057
207 87.9448 70.8521 2.82836
208 83.4493 74.0869 1.38726
209 75.6066 71.3965 0.945991
210 68.1695 61.2858 1.02353
211 69.3842 74.119 0.761807
212 90.2355 80.6972 0.681099
213 29.5294 13.7203 -0.614882
214 61.1605 59.3039 -0.0184109
215 14.0392 52.2808 2.97078
216 71.8725 30.058 -1.76482
217 94.3052 67.5253 -2.39586
218 61.355 28.5691 -1.36224
219 14.0724 27.6113 -2.20934
220 1.24301 65.4642 2.22678
221 40.6939 17.2372 -0.532632
222 70.075 62.6796 0.667615
223 88.8426 16.5322 -2.213
224 7.45868 7.81723 0.881874
225 40.6792 47.884 -1.518
226 67.791 23.0747 -1.42218
227 72.9833 14.2461 -1.51125
228 25.5389 19.1004 -0.454328
229 43.164 14.6594 -0.463557
230 2.92516 49.566 2.82967
231 66.576 63.6336 0.342769
232 51.4987 89.7395 -1.16263
233 7.80622 55.827 2.61106
234 91.2494 71.6577 -2.76793
235 26.7113 54.3003 -2.07182
236 75.2793 17.1645 -1.85092
237 62.6792 88.5103 -1.34178
238 28.9509 48.8473 -2.79045
239 55.1948 71.2295 -0.848993
240 75.704 68.4764 0.376845
241 62.0587 78.2573 -0.506172
242 35.1509 14.78 -0.297431
243 95.2697 68.12 -2.52331
244 41.9017 83.4495 -1.02921
245 36.0008 13.5174 -0.0845461
246 38.9116 77.6082 -1.24859
247 98.4047 58.7687 -2.99694
248 64.8963 54.1463 0.72555
249 77.5917 63.3375 1.16193
250 16.0308 20.5963 -0.948641
251 84.7962 16.8369 -2.57138
252 40.3082 52.761 -1.38352
253 14.2568 30.987 -2.08
254 67.3802 93.5668 -1.08725
255 72.7247 65.4236 0.849966
256 38.555 13.7889 -0.393708
257 35.0569 78.8362 -1.783
258 77.2634 16.5209 -2.18028
259 27.0213 59.4987 -1.99816
260 95.2276 73.167 -1.75644
261 18.8349 42.3431 -3.45829
262 72.6592 23.0985 -2.13864
263 1.73898 69.5615 2.20566
264 71.6451 7.39262 -2.48942
265 8.17667 56.5306 2.44663
266 15.8977 0.539669 -0.358179
267 60.0272 76.3496 -1.2553
268 75.3681 93.5069 -1.59106
269 96.2224 79.13 -0.380963
270 25.0793 51.6085 -2.62952
271 27.9487 54.3256 -1.92829
272 25.4655 18.5972 -0.952896
273 92.6249 71.7521 -2.18065
274 98.4817 77.937 -1.04938
275 44.0295 10.9325 -0.217579
276 89.2784 77.3289 0.871891
277 56.4973 6.81743 -1.24849
278 78.8177 13.2428 -2.3021
279 43.2706 20.0477 -0.536545
280 70.9588 50.0765 1.36262
281 56.8853 0.981088 -1.63041
282 26.1836 42.3801 -2.72484
283 95.223 72.0577 -2.60459
284 62.2989 79.0847 -1.20521
285 77.2439 55.6141 1.66046
286 98.4352 55.5583 2.58841
287 35.9709 79.4827 -1.2218
288 5.86758 8.42488 0.496675
289 83.8129 13.1163 -2.7708
290 69.4907 15.7099 -1.20229
291 56.1794 80.7408 -0.616677
292 81.6496 92.9553 -1.20934
293 1.95967 72.1048 2.42083
294 79.6508 78.9072 0.363838
295 42.9152 54.8283 -1.43138
296 84.307 73.2075 0.883267
297 70.9393 21.177 -2.11233
298 57.5396 94.6126 -1.71074
299 89.918 65.9801 -2.45682
300 3.62402 65.7174 1.59161
301 70.3911 64.4365 0.337216
302 80.5948 25.9007 -2.96928
303 74.0635 11.512 -1.479
304 58.3653 72.312 -1.38497
305 67.2001 69.0533 0.411752
306 1.61394 94.5217 -2.7799
307 59.9755 92.4923 -1.60206
308 21.7118 45.4958 -2.52242
309 11.2215 1.50528 0.501456
310 43.4103 44.8015 -1.794
311 94.9531 97.6617 3.01615
312 32.6098 12.2255 -0.447721
313 22.6502 9.43306 -0.492112
314 12.0386 10.8019 0.645226
315 71.376 16.4398 -2.12705
316 93.8365 67.0905 -2.03281
317 88.9536 61.9291 -2.89117
318 77.2868 71.9978 0.475201
319 79.7432 58.5299 1.62585
320 68.0257 65.3791 0.607683
321 96.4443 93.9944 2.63522
322 73.8306 60.1068 1.52066
323 74.043 52.9993 1.45383
324 62.4796 98.2432 -1.11756
325 64.8276 25.3678 -1.95135
326 1.42954 8.01479 -0.0131144
327 20.0286 11.3326 -0.790499
328 83.749 74.2594 0.972252
329 29.7535 57.973 -1.35313
330 28.8718 12.3535 -0.526558
331 91.7764 77.3627 0.00246276
332 31.325 57.7926 -1.50593
333 17.0682 50.1808 -2.83779
334 52.1143 77.2379 -1.20553
335 78.5547 59.865 1.60041
336 98.4538 70.1509 -2.63998
337 56.5122 68.1188 -1.65637
338 68.0315 23.9414 -2.27211
339 1.50429 8.78427 0.66848
340 65.1817 63.0529 -0.52671
341 68.5197 6.62946 -2.80265
342 63.4132 63.3185 -0.663709
343 42.69 18.2127 -0.581112
344 75.1096 13.7798 -2.0405
345 82.1367 78.4142 0.788557
346 9.2417 48.3604 3.49064
347 88.2217 78.4044 0.749492
348 57.445 69.2364 -1.54463
349 66.9384 69.4124 0.182238
350 36.9777 11.546 0.013947
351 72.4083 18.2909 -2.17724
352 57.8217 89.8329 -1.78894
353 83.9868 50.2474 -2.73125
354 87.6332 54.6593 -3.04303
355 76.6333 74.1701 0.460999
356 5.99694 11.1279 0.521162
357 92.5335 80.9509 0.416449
358 22.13 46.0311 -3.10286
359 83.8995 72.5924 1.62984
360 75.1157 28.1163 -2.0526
361 78.1598 66.5691 0.891052
362 72.694 58.1065 1.35053
363 23.388 16.7544 -0.739183
364 82.8153 12.5995 -1.9586
365 31.2756 10.2534 -0.789748
366 95.0651 69.1503 -2.39131
367 60.7823 9.57075 -1.60814
368 28.8836 11.6564 -0.0707748
369 81.2617 78.0703 1.07945
370 77.7114 68.9611 0.830069
371 72.056 66.5057 0.796537
372 77.6006 78.7469 0.92184
373 13.5478 49.0394 -2.8081
374 59.8911 98.0255 -1.52153
375 31.7264 9.57163 -0.361803
376 68.2737 8.17477 -2.15183
377 25.1057 91.7591 -2.02877
378 35.5414 13.1682 0.0693064
379 97.7646 74.0991 -2.39858
380 72.7538 21.4505 -1.57307
381 89.0372 82.6845 0.0367634
382 69.1501 58.9778 0.888493
383 10.3479 9.58601 0.0875663
384 90.0195 10.9479 -1.23625
385 44.4566 49.9313 -1.8484
386 37.1129 50.0843 -1.09277
387 2.73147 62.1491 2.218
388 67.146 24.4126 -1.65742
389 82.614 67.885 1.6263
390 59.3212 71.8996 -1.54579
391 23.9824 45.1801 -2.48446
392 65.815 98.9665 -1.12579
393 63.6088 25.9814 -1.28073
394 94.0624 67.439 -2.20185
395 18.9398 44.1031 -2.73135
396 8.12288 16.43 1.04975
397 79.3482 63.3258 1.34347
398 72.4264 70.6219 0.894388
399 29.5798 95.1028 -2.09235
400 83.8181 55.1078 -3.10161
401 93.566 50.2967 3.4092
402 25.6976 15.6714 -0.151907
403 67.6636 57.9599 1.18217
404 95.3399 3.73982 0.348774
405 56.8079 73.9629 -0.633609
406 2.66606 48.6731 3.13551
407 92.2421 65.5654 -2.38811
408 12.453 48.0582 -2.81328
409 95.707 69.9166 -2.16788
410 53.6391 73.3597 -0.952075
411 82.1806 75.9585 0.434163
412 25.79 16.0274 -0.471074
413 16.9642 31.6391 -1.83811
414 40.5184 13.1257 0.0692796
415 85.4901 90.6835 -1.07706
416 85.6167 69.7484 2.02818
417 91.599 61.4675 -2.04533
418 70.3764 60.6652 1.19323
419 53.1584 82.4083 -1.26318
420 85.6998 73.7183 1.13808
421 59.8894 67.6376 -0.427716
422 26.5889 51.0868 -2.68162
423 29.2654 76.105 -0.935375
424 79.3883 75.2996 0.918266
425 92.4137 64.5897 -2.21483
426 49.7835 6.21592 -2.49416
427 61.0031 1.01241 -1.81895
428 35.1052 11.6926 -0.896448
429 39.1456 10.1491 -0.619387
430 41.439 83.3427 -0.834429
431 37.6261 10.1255 -0.355102
432 75.8862 15.4874 -1.65726
433 51.3068 7.42066 -1.75246
434 78.4997 75.944 0.648805
435 80.9891 15.6679 -1.91609
436 70.3653 23.1459 -1.60844
437 86.8771 87.0705 -0.755771
438 53.1221 86.4763 -1.02676
439 55.4078 7.7526 -1.91636
440 88.0791 56.0595 -2.78518
441 93.8907 61.9425 -2.66415
442 72.7281 59.7608 1.25915
443 54.8478 63.7522 -1.7771
444 34.8631 10.0358 -0.682658
445 73.5925 65.3666 1.25368
446 15.4248 35.5098 -2.57831
447 99.1976 56.5838 3.33009
448 83.1543 72.7908 0.454731
449 73.0581 63.6756 1.02692
450 58.3222 72.3214 -1.2611
451 23.7997 13.2764 -0.777241
452 66.4977 67.3944 0.371976
453 75.8276 19.1728 -1.81992
454 22.1349 53.9385 -2.20812
455 91.0463 50.1968 3.48572
456 54.6286 68.266 -1.56773
457 29.8596 46.357 -2.7724
458 31.8438 60.4689 -1.39973
459 30.1664 75.5696 -1.34864
460 85.4931 65.4258 2.00786
461 87.1134 77.864 0.461707
462 38.7826 12.8417 -0.195356
463 62.8375 7.75063 -1.65895
464 40.3397 20.5745 0.0506966
465 23.6714 47.7058 -3.25274
466 70.1614 27.1826 -1.7889
467 91.6579 67.6873 -2.44063
468 85.4986 67.7391 2.62221
469 71.3854 21.9337 -1.90037
470 59.6459 66.4742 -0.966827
471 39.2366 16.2092 -0.557353
472 38.8169 16.6937 -0.654919
473 1.5758 55.9779 3.24052
474 81.3045 72.6221 0.766293
475 6.10614 49.8293 2.88147
476 90.2354 85.3455 0.254001
477 96.9081 7.86394 -0.229145
478 55.2162 95.5782 -0.833017
479 84.3334 83.0396 -0.0278149
480 29.4052 46.5363 -2.94907
481 85.4494 71.1396 1.46632
482 88.5426 80.9374 0.835026
483 71.6035 54.0012 1.07755
484 75.1218 91.3291 -1.46313
485 83.7875 20.7567 -2.31957
486 71.1571 19.8771 -2.13577
487 69.4918 28.457 -1.00834
488 25.5665 3.15779 -0.484005
489 91.7884 51.9606 2.70944
490 43.5407 53.6355 -1.79877
491 35.8301 81.5752 -1.81876
492 38.6874 14.6397 -0.860163
493 59.2683 4.08222 -1.80274
494 38.7375 79.103 -1.89992
495 24.7674 94.4027 -2.0674
496 70.5234 65.3827 0.268756
497 78.2181 69.1412 1.5279
498 42.6863 14.2171 -0.376151
499 32.2979 73.475 -1.40226
