500
Particles
0 91.5488 84.3265 2.45802
1 26.312 87.3036 2.0783
2 97.6238 18.5726 2.05116
3 59.7271 36.0653 1.64786
4 80.2583 97.4213 1.38406
5 90.0355 45.3882 1.1799
6 6.33156 8.97618 2.89889
7 79.5711 44.1514 1.77246
8 49.4169 3.35685 1.30145
9 42.2079 4.60703 1.8586
10 10.4546 89.1621 2.53613
11 95.6362 11.2705 2.09657
12 98.9952 16.4919 1.92264
13 89.4841 87.7299 1.41376
14 84.7246 1.38676 1.3083
15 91.1976 91.5032 2.3669
16 24.952 98.6464 2.27652
17 85.2733 14.9246 2.19283
18 80.1646 7.44124 1.24579
19 47.9533 25.7346 2.53972
20 59.799 37.2774 1.66829
21 98.7463 2.49829 1.26181
22 11.4662 1.53745 2.39365
23 86.9107 94.0655 1.5182
24 66.8709 39.9428 2.08404
25 97.5496 91.7499 1.85634
26 88.43 40.2189 1.98918
27 92.5224 9.08736 1.52491
28 98.6798 100.181 2.01307
29 7.88252 20.6969 2.55928
30 50.4596 43.6904 1.30408
31 4.40507 99.1309 2.77376
32 37.7979 30.9622 1.95896
33 69.3877 45.9776 1.33539
34 99.4017 90.1097 2.52436
35 78.6535 11.0524 0.962317
36 49.1506 49.8802 2.59014
37 14.313 19.9848 2.05515
38 98.1837 96.618 1.54613
39 85.9417 94.0001 1.57617
40 2.41411 89.7005 2.64963
41 84.9892 94.2077 1.49125
42 18.1806 97.016 2.49068
43 62.7831 36.9253 2.07278
44 27.4383 90.5923 2.64831
45 16.2094 93.3584 2.77034
46 2.29401 95.4628 2.26605
47 88.3127 34.7797 1.85359
48 8.18357 94.4531 2.30352
49 94.4888 81.0207 1.63092
50 88.5422 11.38 1.9926
51 14.1457 3.59739 2.50932
52 64.9082 38.8848 1.56116
53 50.7848 50.2427 2.90855
54 85.8578 98.5497 1.84347
55 76.9075 32.4904 1.25655
56 88.2949 0.616238 1.64406
57 8.71376 81.9075 2.71904
58 86.9033 3.72997 1.94269
59 97.1971 92.6359 1.69201
60 89.5084 8.48432 1.68491
61 8.50451 90.5452 2.02202
62 44.7613 99.8031 1.28424
63 27.0052 81.2161 2.27227
64 97.7692 7.26469 1.9544
65 83.8971 36.2149 1.52088
66 86.3328 12.2205 1.26747
67 87.3854 11.9046 1.61008
68 85.781 32.8098 1.81159
69 13.8442 84.3194 2.30941
70 7.66712 13.9738 2.49263
71 3.23899 94.6745 2.74671
72 86.2207 9.04713 1.31242
73 13.1285 16.4974 2.23438
74 6.76725 84.8571 2.0466
75 80.218 41.4225 1.8448
76 10.9016 86.1521 1.76842
77 11.5498 13.1237 2.31131
78 7.92302 26.734 -0.906876
79 88.3295 6.03655 1.78506
80 7.43209 90.6033 1.99211
81 84.1648 10.5939 1.98851
82 62.9698 13.3202 1.77882
83 73.7444 2.90921 1.66946
84 76.7398 29.9843 1.60878
85 7.18231 91.9084 1.86131
86 7.40553 89.3701 2.53035
87 14.6695 13.2059 2.22638
88 78.3561 31.5953 1.26888
89 4.72515 84.4468 2.64035
90 65.6101 39.8888 1.61791
91 3.55661 99.6454 2.79726
92 11.9584 9.69988 2.5425
93 76.2815 97.8129 1.14778
94 7.37918 91.6523 2.00974
95 51.3255 28.1928 1.58092
96 97.219 6.13831 1.91163
97 9.54003 15.6633 2.39145
98 4.4364 85.3966 2.41047
99 10.839 8.9779 2.5294
100 68.0577 40.0841 1.68664
101 84.4719 8.41321 1.80023
102 12.1782 91.0947 2.48238
103 99.1324 87.5403 2.24357
104 9.47667 97.1376 2.48957
105 66.3721 41.3119 1.92148
106 86.7921 98.5507 2.0303
107 92.5866 92.3535 2.52889
108 8.0339 99.009 2.95922
109 92.0572 5.88623 2.04197
110 82.0071 42.7425 2.4324
111 15.3016 19.0993 2.3085
112 57.662 35.0602 1.41424
113 7.18862 7.25699 2.34639
114 93.7971 9.2788 1.41286
115 2.77292 18.6686 2.82371
116 8.16425 81.6948 2.11252
117 0.990485 96.7662 2.97763
118 50.9699 37.7223 2.20142
119 80.049 0.850279 1.44232
120 95.105 87.1901 1.86707
121 64.9194 71.4734 -0.0485467
122 7.74129 94.4152 1.90046
123 71.7618 97.9091 1.61349
124 95.3136 17.1695 1.35287
125 88.8503 29.0666 0.893572
126 21.9763 6.56306 3.17077
127 85.55 91.0824 1.17315
128 67.6699 39.6449 2.27154
129 91.0296 10.2977 1.39608
130 98.6992 98.6446 1.75439
131 9.01559 88.4496 1.70267
132 91.3633 30.2514 0.672923
133 89.5217 33.7543 1.60404
134 93.237 78.4588 1.52223
135 12.9115 15.5865 2.07183
136 5.85398 82.8426 1.846
137 98.4965 6.47426 1.33704
138 9.38954 91.8841 2.47675
139 97.5795 87.5087 2.50446
140 13.7503 91.006 1.83515
141 82.409 32.1895 1.30354
142 77.3908 1.08011 1.2217
143 35.3376 7.39749 2.12169
144 97.3721 6.87618 1.7614
145 90.8944 12.8762 2.13831
146 94.0585 91.9689 1.81876
147 68.1177 46.0761 1.73717
148 13.8871 15.8491 2.34731
149 82.0034 10.7529 1.12782
150 14.1438 93.0054 2.04827
151 41.8493 29.8025 2.01223
152 7.81789 85.387 1.84182
153 8.64822 97.9939 2.57585
154 27.8416 99.6441 -0.0859268
155 88.2451 35.758 1.7123
156 51.9247 3.03053 1.92846
157 33.3737 14.7916 1.62241
158 88.4482 41.5619 1.77939
159 35.5225 10.7857 1.45012
160 65.1258 47.704 1.47333
161 36.4364 12.0333 1.81514
162 82.9239 11.8198 1.30968
163 78.2796 29.1337 1.00348
164 85.1484 37.6526 1.69369
165 74.8583 8.35833 1.6251
166 77.4185 30.6132 1.40657
167 16.6143 18.9463 2.64316
168 88.0521 7.59254 1.39581
169 84.7038 36.1789 1.41762
170 49.776 63.0936 1.04603
171 4.71214 8.18208 2.75277
172 91.176 88.3027 1.55018
173 13.9447 89.6622 2.28267
174 87.333 41.2954 1.40804
175 89.74 26.8792 0.595547
176 3.95425 22.7431 2.47926
177 0.471524 87.1099 2.18551
178 65.6267 38.6001 1.69718
179 99.0512 0.00444739 3.17808
180 5.96628 8.59729 2.88659
181 45.7445 7.53788 2.02557
182 91.9176 1.6627 1.48968
183 90.2178 82.9715 1.59821
184 10.9271 8.17297 2.62502
185 85.8884 35.7335 1.82099
186 11.561 96.6354 2.17262
187 53.6907 34.6613 2.14897
188 80.2178 90.5512 0.972164
189 94.5826 14.2945 1.78651
190 88.3504 40.9189 1.84239
191 4.03959 16.7536 3.00915
192 3.00546 80.3539 2.29139
193 13.2111 5.78225 2.90065
194 5.00419 88.437 2.70522
195 98.9535 4.84994 2.07095
196 96.1864 84.4494 1.7479
197 7.97874 88.9084 2.34491
198 9.20924 8.54679 2.33545
199 2.75417 49.4218 1.52471
200 12.678 13.7553 2.54822
201 8.31776 17.3313 2.91853
202 64.6919 40.1509 1.8212
203 37.8989 12.5007 1.81654
204 89.7558 39.3747 1.41829
205 16.8655 18.3868 2.75447
206 4.45577 90.0874 1.89101
207 97.0664 93.3467 2.67343
208 74.0738 23.2319 -0.789947
209 50.7406 36.4301 2.32646
210 87.4807 9.65029 2.01704
211 8.46914 94.5008 2.04425
212 90.7664 32.0768 1.17167
213 44.939 29.1506 2.31696
214 76.434 88.7502 1.34496
215 96.4489 97.8064 1.82415
216 18.6901 99.4058 2.493
217 98.212 3.52575 2.00651
218 89.2898 20.2193 2.32741
219 88.7457 16.0783 1.63262
220 12.8646 16.7198 2.01579
221 16.2557 6.33698 2.4883
222 11.907 17.2739 1.9451
223 71.1172 42.4199 2.07774
224 55.6975 36.4179 1.6812
225 2.77631 19.3434 2.43906
226 29.9178 98.2917 -3.25955
227 11.056 97.7843 2.01707
228 9.356 89.9719 2.19148
229 9.80734 89.8694 2.456
230 87.26 89.8517 2.30497
231 90.6344 7.49729 1.23062
232 10.7651 5.77741 2.97143
233 3.2548 93.7892 1.97128
234 95.8967 86.2278 2.18314
235 86.844 98.3824 1.62414
236 25.3362 95.1848 2.13594
237 98.4094 17.4063 1.55565
238 88.9426 100.071 1.49858
239 76.0077 0.550841 1.92019
240 95.9691 9.0969 2.24965
241 50.9618 1.77495 1.12942
242 16.0539 1.9943 3.027
243 10.0147 10.607 2.36987
244 36.574 12.3122 2.19416
245 13.8606 3.41323 2.21606
246 10.3416 92.8552 2.02138
247 86.8303 39.3243 1.9509
248 80.3353 0.845215 1.62333
249 5.88017 83.6478 2.41276
250 91.3673 8.93315 1.57752
251 91.9973 15.159 1.47767
252 77.8259 43.0153 1.7446
253 56.1707 38.0487 1.92437
254 8.1124 87.0061 2.16366
255 83.5132 10.3593 1.49042
256 16.6045 0.988559 2.34156
257 7.70652 89.9602 2.36983
258 50.3832 6.39518 1.88295
259 88.8976 99.6115 1.48194
260 91.1334 43.5825 1.93219
261 80.8844 2.43498 1.88418
262 15.8727 93.2528 2.68564
263 8.08617 3.63553 2.45758
264 65.2289 46.3952 1.50924
265 7.13413 87.8466 1.69176
266 99.0976 83.7507 2.2251
267 96.1648 8.62796 1.8539
268 97.1526 89.6397 2.11668
269 91.8878 10.4938 1.32799
270 90.7459 3.60787 1.18283
271 90.8262 2.26297 1.18771
272 38.8027 27.0949 2.09368
273 98.9566 89.3887 2.36541
274 4.57004 97.6551 2.75935
275 9.21884 89.4975 1.85747
276 98.5174 80.5838 1.89298
277 9.1177 7.68361 2.4157
278 20.3498 78.7845 2.94229
279 15.6236 2.30137 3.05175
280 91.1451 3.81046 1.36874
281 11.0024 95.6815 2.2735
282 85.376 0.592377 1.81938
283 21.0278 19.7025 2.38736
284 16.9772 85.2714 1.89911
285 7.31347 11.7478 2.61232
286 81.6112 93.01 1.51476
287 7.03202 91.8912 2.46769
288 54.6874 28.8546 1.51396
289 19.0543 87.9301 2.55418
290 3.77841 94.172 2.38032
291 51.541 98.1112 0.8556
292 87.4069 34.0948 1.29622
293 2.29114 96.2336 2.69054
294 91.5483 99.9156 1.33744
295 97.7967 2.63719 2.24346
296 16.3843 12.9966 1.97471
297 21.1897 96.9201 2.21736
298 55.158 0.874468 1.16588
299 10.5221 18.6038 2.73208
300 2.94629 89.3766 2.34016
301 87.3329 10.1451 2.07926
302 94.1809 86.4441 2.53676
303 9.71456 93.3729 2.49
304 25.7846 82.3599 2.90109
305 94.9011 14.4145 2.12337
306 61.9435 42.9441 1.67089
307 97.1669 14.279 1.57014
308 82.3344 4.69993 1.85607
309 3.1631 97.6698 2.78655
310 65.1382 44.5276 1.49008
311 90.8326 95.8762 1.42732
312 11.4856 2.10344 2.52397
313 45.1904 29.5061 2.38703
314 86.9576 14.1811 1.47053
315 10.0632 96.6671 2.02308
316 9.77753 7.82685 2.92708
317 90.7781 5.52079 1.14555
318 1.58959 18.458 3.05061
319 9.69779 17.7068 2.16269
320 11.0364 16.4577 2.85789
321 85.6912 13.6064 2.08948
322 14.9865 15.5733 2.72292
323 87.0334 5.606 1.21189
324 25.6124 21.9141 2.93967
325 19.0316 99.2115 2.33024
326 7.63523 87.4876 2.23448
327 4.27033 92.7278 2.21525
328 19.3648 15.0721 2.66939
329 56.8695 31.7509 2.27183
330 45.9468 28.4749 1.88968
331 72.5168 46.3837 2.01851
332 48.533 29.8679 2.36698
333 11.219 10.3933 2.47996
334 85.1893 96.2214 1.85212
335 4.33382 16.035 2.42712
336 16.2736 18.2323 2.23656
337 79.6083 98.8196 1.69524
338 17.3004 98.1678 2.64364
339 8.07155 91.9705 2.64894
340 90.4053 86.4495 1.83708
341 75.1236 4.0528 1.02352
342 85.2744 6.4016 1.75333
343 18.0364 0.484558 2.9197
344 12.2913 93.9218 1.84019
345 76.9028 36.4127 1.44425
346 84.3771 94.4562 1.71747
347 89.3797 44.5659 2.07012
348 78.8296 92.0854 0.88301
349 88.0575 38.8337 1.4847
350 13.2514 0.693961 2.46024
351 46.0485 3.04767 2.00574
352 28.1053 89.4957 2.78768
353 70.0195 41.3167 1.38103
354 2.91584 82.8518 2.54826
355 10.5941 85.6419 2.41745
356 15.8232 14.3675 1.99348
357 87.2256 37.3724 1.18467
358 91.5903 4.49865 1.119
359 96.9174 90.6055 2.21317
360 84.622 15.468 1.80345
361 92.8868 79.7792 2.25009
362 97.7741 5.3545 2.13107
363 8.90237 90.5293 2.34474
364 69.4586 47.0237 1.92703
365 8.24857 2.23125 2.04055
366 8.11528 9.72673 2.89804
367 14.479 17.6889 2.34092
368 92.7985 89.9879 2.38831
369 48.3326 28.0619 2.11431
370 55.928 39.4623 1.46994
371 83.7299 9.52014 1.72055
372 94.4383 0.494604 2.06212
373 10.1 13.5898 2.35363
374 92.1709 13.3421 1.38662
375 11.8854 6.04653 2.63893
376 94.8173 3.98001 1.65268
377 40.0184 29.4307 1.66517
378 2.4239 95.3692 2.59626
379 13.0228 19.2444 2.57868
380 10.4436 90.334 2.6436
381 11.1079 29.5813 -0.903231
382 98.7208 4.9765 1.44984
383 79.3404 34.0263 1.43541
384 10.1649 5.62509 3.00764
385 75.6945 44.5508 1.73646
386 50.8068 48.5382 2.45416
387 94.7778 80.2518 2.05678
388 18.7468 94.6535 2.16028
389 96.401 90.5352 2.20619
390 73.8777 5.42238 1.6053
391 86.1435 4.07552 1.8818
392 95.8999 88.488 2.11434
393 18.136 1.593 2.57209
394 97.6236 6.56923 1.72045
395 89.9504 5.20743 1.35423
396 87.7969 14.3268 2.02118
397 96.1179 9.71646 1.41284
398 46.27 27.873 1.76937
399 52.1904 0.572829 1.07054
400 76.2271 99.3474 1.14989
401 49.1101 26.8001 2.35617
402 5.22568 84.7764 2.43744
403 98.9025 3.01106 1.95641
404 5.93341 92.9473 2.4676
405 26.3044 87.6825 2.62223
406 87.2742 86.6304 2.26342
407 4.33037 10.3418 3.02984
408 95.227 96.6351 1.95677
409 20.4782 17.9791 2.54131
410 80.439 1.72682 1.61833
411 94.6221 10.6718 2.17621
412 16.1266 89.355 2.18417
413 75.9633 1.52358 1.78367
414 16.772 0.961386 2.50629
415 83.5109 34.8516 1.26614
416 11.4468 8.74696 2.49235
417 74.6483 99.2923 1.9932
418 88.8774 9.45475 1.23935
419 75.9105 32.966 1.89784
420 1.9791 94.2699 2.90726
421 85.8371 8.16838 1.39445
422 87.461 2.39187 1.9506
423 13.0097 14.8529 2.57829
424 85.8882 13.2198 1.96492
425 3.14994 2.9147 2.47701
426 24.1274 17.514 1.91703
427 90.4175 13.3354 1.48234
428 7.3832 94.959 2.12612
429 15.0207 95.6454 2.95947
430 33.6446 8.44564 1.29832
431 12.5348 6.03642 3.1545
432 84.0912 11.6261 1.20473
433 21.4792 17.1972 2.31642
434 3.79485 93.3022 1.92291
435 75.4419 44.9009 2.03573
436 42.5667 8.35631 2.34873
437 98.1424 87.1064 2.24953
438 6.38646 21.5952 2.72852
439 14.0678 18.5285 1.95204
440 12.5503 86.0221 2.46113
441 85.895 88.0414 1.57909
442 4.71795 14.4165 2.32471
443 6.83894 68.4058 -0.516728
444 11.6086 2.82906 2.80106
445 86.1261 43.4947 1.9925
446 80.8579 44.5245 1.84363
447 86.8733 92.7063 1.66187
448 94.3157 3.8525 1.611
449 17.146 87.4338 2.25559
450 81.5054 5.4826 1.40785
451 3.33195 85.7828 2.68947
452 91.2881 14.5743 1.93645
453 11.2046 88.1327 2.20265
454 92.0635 11.2479 1.4517
455 80.424 34.7952 1.40512
456 73.6213 97.7679 1.44369
457 87.9924 100.111 1.82525
458 95.7574 99.1267 2.47609
459 88.0296 33.3452 1.28286
460 98.655 88.5234 1.90595
461 62.7211 39.8444 2.22427
462 13.9735 2.27407 2.50573
463 91.6066 2.78069 1.88902
464 19.0723 8.18385 2.36574
465 82.9892 3.86206 1.77912
466 16.8126 97.4234 2.82742
467 15.6021 17.6801 2.29664
468 94.5045 88.9709 1.88394
469 47.8779 5.45449 1.69802
470 28.469 87.0441 2.5627
471 6.66797 96.0732 2.21473
472 14.7003 3.72863 2.38028
473 10.0883 7.5756 2.26371
474 4.47821 45.9822 1.81216
475 89.0768 90.3921 1.42739
476 87.6575 37.918 1.98034
477 8.14213 89.7208 1.80434
478 84.5534 25.4274 1.37651
479 74.9268 35.3052 1.2411
480 90.6678 94.9133 1.46917
481 18.467 15.1615 2.48736
482 2.02843 81.6083 2.50824
483 78.9248 6.57986 1.19613
484 94.3414 92.9298 1.66918
485 89.9906 80.7418 2.17577
486 14.9451 90.4155 2.08278
487 17.1251 98.2687 2.96954
488 49.9922 1.56338 1.44948
489 74.7119 33.0584 1.24337
490 80.9437 42.1272 1.84886
491 8.72683 91.1093 2.55483
492 16.6249 8.57617 2.36349
493 10.0849 98.1951 2.29448
494 6.30045 86.385 2.09256
495 1.52677 96.2025 2.32065
496 97.0238 9.36598 2.01921
497 88.8846 9.47832 1.76946
498 19.3245 95.4279 2.97198
499 95.2593 26.3953 0.843691
