500
Particles
0 34.5217 39.2161 2.76733
1 93.2901 25.2528 1.8872
2 67.35 90.4639 1.15521
3 66.9426 13.3644 1.56353
4 42.4373 65.0423 2.62026
5 96.4528 22.0678 1.07187
6 58.5781 71.6443 2.43096
7 73.6651 20.8374 0.757666
8 33.6519 72.5554 2.59401
9 40.6293 15.8693 0.783673
10 57.0083 47.6966 2.3958
11 53.0196 77.9888 2.43662
12 71.5011 89.9972 1.49637
13 35.263 44.7356 1.89821
14 43.038 66.2604 2.39752
15 37.1193 49.668 2.349
16 75.7492 56.9483 2.12806
17 49.188 83.76 2.48052
18 43.6129 75.8622 2.72168
19 11.0879 93.2713 2.81239
20 67.5312 14.2563 1.1792
21 55.897 69.0976 2.58135
22 54.388 57.3741 2.54484
23 37.0191 54.05 2.2582
24 70.106 16.4676 1.86577
25 45.0101 51.7438 2.47898
26 1.42032 16.9837 0.948138
27 52.8446 76.1883 1.80773
28 55.6916 66.9006 2.29178
29 72.736 88.4242 1.62998
30 57.0572 15.7429 2.09828
31 53.3442 60.5612 2.11513
32 4.4643 99.1836 2.57047
33 59.4367 24.2379 2.14925
34 45.8018 49.0063 2.74837
35 40.4297 78.2497 1.95864
36 56.1072 25.7909 1.24445
37 76.3761 85.8616 2.03462
38 45.9148 55.9649 2.88803
39 39.1178 56.0736 2.33279
40 46.1683 45.5197 2.68438
41 35.1586 53.6927 2.66174
42 57.3203 48.0412 2.57573
43 67.2179 14.373 1.40954
44 95.0358 27.2529 1.50926
45 63.5743 53.219 2.12791
46 46.1935 52.0468 2.75983
47 94.3608 13.1114 2.02144
48 52.791 50.566 2.35239
49 39.4821 36.8459 3.04617
50 49.5587 78.8302 2.0045
51 60.8885 61.8754 2.32989
52 66.1083 16.5639 1.8719
53 57.8852 25.5663 2.17306
54 44.3099 64.4331 2.0405
55 72.7606 11.018 1.12954
56 46.0467 66.7084 2.62349
57 56.8575 41.253 1.99371
58 46.9174 70.7638 2.38675
59 40.5683 48.4741 1.8729
60 49.5643 75.9296 2.61449
61 53.1327 47.7661 2.64796
62 31.3504 59.075 -2.23801
63 31.0557 78.5333 2.25417
64 53.8644 73.7193 2.1695
65 94.9424 13.5688 1.64275
66 44.2553 77.42 2.53191
67 48.1194 78.5282 1.94557
68 98.9142 9.85366 1.41294
69 69.8197 49.2748 1.74045
70 56.2269 73.4686 1.73738
71 46.0772 50.4062 2.43016
72 44.9799 74.2595 2.67302
73 76.7926 83.6284 1.38571
74 55.2355 45.379 2.34595
75 74.6882 17.1355 1.05923
76 57.4957 45.2128 1.9434
77 58.7026 72.8193 1.8848
78 75.1675 91.1299 1.01404
79 48.2649 73.3965 1.7596
80 54.1676 49.7691 2.77298
81 48.2916 79.8054 1.91337
82 35.1319 76.5951 2.22503
83 40.3564 71.8905 2.55888
84 70.8737 8.80427 1.43639
85 54.7917 52.0784 1.91377
86 54.6279 48.4069 2.49551
87 80.3813 80.4767 1.14507
88 72.8573 10.0227 1.73998
89 53.8286 45.3498 1.84903
90 70.2917 17.3423 1.29851
91 54.0406 61.7933 2.57068
92 60.7618 70.3353 2.36749
93 38.2916 64.9188 1.97661
94 53.4139 49.8135 2.26374
95 21.0444 1.27495 1.95194
96 55.3696 72.7349 2.21081
97 58.3978 75.9786 1.60619
98 49.9808 42.8971 2.60703
99 58.4243 68.5298 2.22394
100 69.0586 16.9422 1.31111
101 45.5832 75.9504 2.47328
102 55.118 46.9973 2.51203
103 43.583 45.0518 2.43678
104 55.6414 55.9721 2.59151
105 67.1102 19.0511 1.31499
106 45.3119 64.8952 2.11456
107 39.8501 51.3045 2.40181
108 56.0175 59.7535 2.10558
109 46.9998 69.4037 2.66893
110 77.1123 17.9393 0.903541
111 83.5633 86.005 1.0871
112 66.6754 12.4325 2.10039
113 55.5819 68.2039 1.91315
114 53.2533 76.2767 2.13847
115 68.5051 87.0071 1.72599
116 56.9873 42.1269 2.68041
117 45.5408 54.0625 2.95105
118 42.9854 11.0313 0.387429
119 41.6977 68.1637 2.47517
120 40.6641 45.2968 2.5878
121 79.9653 19.6109 1.13444
122 49.8631 48.9663 2.78862
123 39.7924 67.2803 1.8899
124 66.0637 89.9935 1.11949
125 0.555467 1.34873 2.0612
126 73.3049 59.6203 2.46836
127 32.0816 48.3121 1.78895
128 71.9711 16.2842 1.50619
129 48.2428 75.6176 2.01124
130 47.6051 58.9775 2.28481
131 55.4559 45.8083 2.3444
132 0.9849 97.0308 2.33304
133 3.32532 6.6188 -0.722679
134 59.5822 30.2461 1.53373
135 64.5874 77.5029 1.81101
136 53.6684 42.4451 2.61644
137 54.2444 71.8666 1.8673
138 56.3822 50.7131 1.94841
139 42.1364 44.3098 2.65103
140 57.7543 47.3342 2.66144
141 82.7422 8.31408 0.889643
142 42.084 70.1557 2.52037
143 31.4418 84.0762 1.9827
144 55.1063 74.0173 2.05412
145 49.0381 79.2122 2.64631
146 39.9758 49.1695 2.62398
147 63.2957 24.227 1.84617
148 77.7072 82.2023 1.18079
149 42.8424 78.9128 2.25854
150 55.7102 47.918 2.04032
151 7.72802 98.4649 2.56211
152 54.7231 43.4613 2.43378
153 57.0752 58.7372 2.32769
154 76.3669 54.0833 2.21109
155 1.71838 12.3927 0.557321
156 36.7658 72.4249 2.32262
157 26.0921 47.0042 1.80564
158 0.645758 18.3006 1.50283
159 31.2159 88.1141 1.59497
160 57.7602 26.6276 2.16961
161 32.9721 89.829 1.64899
162 42.5097 78.3777 2.23004
163 74.7499 5.77021 1.12626
164 95.7842 14.8471 1.78383
165 39.5165 77.3389 2.65721
166 72.0138 8.53453 1.46857
167 84.0259 84.467 1.37681
168 48.886 75.2933 2.00014
169 88.776 14.8096 1.05405
170 20.7964 6.97321 1.50741
171 55.8933 70.4218 2.19867
172 37.6631 46.4886 1.94476
173 58.4142 46.3061 2.17958
174 96.1195 19.3192 0.990569
175 1.59817 99.4855 1.63119
176 67.7716 91.8251 1.4388
177 43.7003 42.2632 2.38568
178 68.1088 15.6747 1.67114
179 54.5265 66.1563 2.60843
180 58.2293 71.733 2.09042
181 34.0008 84.0459 1.639
182 47.9356 67.4758 2.09311
183 31.2573 35.6015 3.06366
184 64.1953 72.4748 1.9552
185 98.4429 13.9158 1.78515
186 56.2224 54.369 2.51902
187 34.0664 4.48775 0.746899
188 29.2391 48.1707 1.84978
189 55.7814 83.4821 2.11627
190 98.7019 18.3243 1.09105
191 66.8949 83.4129 1.20141
192 50.0075 36.9665 2.11932
193 62.473 65.9314 1.96731
194 48.0849 43.9301 2.68656
195 54.1501 70.2655 2.5951
196 41.1491 42.0837 2.47792
197 52.1688 45.5637 2.35991
198 61.5249 71.2712 2.12261
199 14.1389 13.408 -0.149171
200 61.3513 72.9368 2.08933
201 72.6566 85.9784 1.0992
202 66.9899 17.9138 1.69591
203 35.0545 91.0119 1.48791
204 0.485435 16.3194 1.51668
205 81.5342 83.661 1.56916
206 46.3795 43.5821 2.12738
207 43.3913 52.0815 2.40393
208 37.6454 80.1022 2.0612
209 30.6076 3.78208 1.2678
210 48.5862 76.8806 2.35089
211 56.0254 54.3607 2.50847
212 1.22443 8.86334 0.16944
213 6.27777 95.7281 2.94892
214 28.3441 44.0312 2.5427
215 44.4835 57.6184 2.27426
216 62.4533 54.648 1.92284
217 53.3879 68.8772 2.53475
218 53.7555 88.0966 2.68438
219 48.7656 84.0925 2.55139
220 76.4364 84.1697 1.90636
221 65.7759 67.4621 2.09379
222 76.0526 84.687 1.14297
223 70.62 20.7155 0.933205
224 64.7437 14.0424 1.64021
225 68.8395 89.583 1.56892
226 11.702 8.47164 -0.0908276
227 59.6815 58.5244 1.9904
228 55.1917 48.3108 2.26749
229 60.2829 52.1491 2.52805
230 35.1651 48.8219 2.11629
231 51.3888 75.776 1.99215
232 60.706 66.7829 2.57061
233 45.8637 50.0406 2.50233
234 42.8617 46.0758 2.40667
235 44.7965 64.2724 2.14147
236 73.674 52.0261 2.34395
237 68.2571 89.9573 1.8402
238 49.0748 67.9899 1.92051
239 43.157 71.7048 2.12827
240 53.7443 76.5043 2.51612
241 35.8643 71.4527 2.43811
242 59.1212 57.364 2.069
243 60.7292 72.9843 2.38848
244 32.082 90.4447 1.00801
245 59.1626 60.6555 2.04629
246 57.1492 51.9717 2.05496
247 98.9379 17.0036 1.62241
248 41.6457 67.3576 2.36569
249 51.1936 41.299 2.17895
250 49.508 75.4264 2.09657
251 53.2093 83.4122 2.63508
252 67.9307 20.438 1.84328
253 60.8712 14.9894 1.79975
254 56.0856 46.1842 2.35147
255 43.8541 77.5726 2.42743
256 58.9034 55.282 2.19604
257 52.0696 45.6335 2.11224
258 36.4081 75.5353 2.50294
259 43.6437 63.5725 2.39981
260 6.29883 8.73142 -1.09471
261 42.1273 69.2169 2.58929
262 59.3976 50.1799 2.16955
263 59.2302 65.7068 2.47876
264 62.1354 25.3424 1.276
265 53.5023 45.9704 1.88807
266 43.1677 39.2729 2.68208
267 54.213 75.6006 1.70595
268 40.8198 45.2107 1.94073
269 50.0261 76.9768 1.9468
270 47.2804 69.092 2.30381
271 46.762 67.0513 2.01422
272 4.05897 93.9521 2.8546
273 42.1821 45.6151 2.19015
274 48.7499 55.1374 2.47526
275 57.206 49.6521 2.29661
276 44.4232 35.419 2.53116
277 61.6366 70.7905 2.14656
278 81.1661 20.6038 1.22515
279 59.1795 57.835 1.76256
280 52.5825 73.2038 1.88563
281 55.2038 52.1824 2.17355
282 44.5863 67.6569 2.14846
283 86.2645 83.3585 1.28313
284 73.8968 48.5162 1.80695
285 59.5649 74.6257 2.35152
286 32.3813 52.0199 1.97736
287 53.9649 51.0618 2.55721
288 38.0959 86.6802 1.87308
289 70.6428 49.2599 1.69718
290 47.2243 50.7086 2.54425
291 31.5053 31.2021 2.66283
292 99.9831 11.489 1.05059
293 44.7348 51.0317 2.71273
294 47.0111 64.4408 2.44352
295 55.3283 69.5809 2.68808
296 65.3731 72.3589 1.69251
297 75.5202 57.5572 2.12109
298 39.8865 73.2056 2.23887
299 72.456 85.6783 1.99063
300 49.8295 48.5817 2.72305
301 47.6593 77.6809 2.17156
302 39.4409 44.2971 2.54214
303 55.8395 51.7285 2.09857
304 30.4206 79.7872 1.91875
305 54.6046 82.4557 2.27842
306 61.9641 20.7841 1.95414
307 68.2893 87.5751 1.46802
308 42.9879 72.4064 2.13514
309 46.0404 53.4556 2.58403
310 65.022 22.4032 1.22327
311 40.3124 55.8753 2.70232
312 59.7054 62.0165 2.3976
313 7.02656 97.1816 2.67186
314 45.8528 79.4347 2.7726
315 57.3191 56.117 2.34821
316 59.4484 68.3888 1.79155
317 45.7292 69.9001 2.39941
318 68.8712 88.3783 1.39805
319 72.8481 85.6811 1.31015
320 75.9721 84.0599 1.36294
321 47.706 81.9795 1.93941
322 78.3461 80.5011 1.76295
323 46.7834 72.2686 2.20088
324 13.3865 8.9318 -0.495514
325 61.9495 53.8215 2.43709
326 53.9544 46.4841 2.34028
327 46.6637 48.019 2.0693
328 85.2211 80.881 1.99175
329 67.983 99.8241 0.02732
330 7.34039 95.6213 2.63291
331 66.6098 25.6042 0.822855
332 20.2378 3.88547 2.12137
333 63.484 73.2881 1.64462
334 38.7408 57.8641 2.87312
335 70.4508 85.1042 1.87469
336 79.5715 83.4479 1.5015
337 41.9539 66.4344 2.47506
338 63.858 56.1198 2.15373
339 50.8604 47.8601 2.10275
340 34.9478 43.0185 2.44127
341 42.853 74.138 2.19177
342 48.6541 75.8673 1.8816
343 60.9747 54.6691 2.72944
344 57.5458 51.2124 2.02669
345 74.4087 14.0303 1.24359
346 36.9137 54.8355 3.10021
347 7.89873 7.67485 -0.342114
348 30.0218 50.5801 2.40704
349 99.2477 15.9715 1.61972
350 55.9021 55.0293 2.10165
351 34.0625 79.9683 1.64306
352 96.9263 24.3424 1.91815
353 71.1178 19.0399 1.83359
354 49.5033 41.0918 2.49129
355 57.0163 44.4593 2.13888
356 80.9833 79.8597 1.29433
357 97.5348 15.2938 0.984184
358 51.2018 72.6354 2.15246
359 42.7721 49.0665 2.87428
360 42.9801 81.2823 1.91557
361 39.4358 37.583 2.10184
362 52.0681 69.6881 2.57518
363 55.8141 50.0624 2.08508
364 68.6795 24.8563 1.19245
365 56.7873 62.8949 1.61357
366 59.428 72.9286 2.55459
367 81.262 84.4929 1.65556
368 37.6137 47.2512 2.81132
369 10.137 95.2785 2.89951
370 62.5837 17.4608 1.73201
371 45.9814 77.5627 2.34045
372 51.1978 66.4072 2.70115
373 62.4 76.4047 1.74408
374 48.9437 78.8015 2.1401
375 64.1834 70.024 1.74236
376 52.4805 70.9465 2.56169
377 5.8873 98.1079 2.28073
378 47.595 52.6394 2.02083
379 77.4005 86.9812 1.24538
380 56.5864 48.8584 2.23311
381 10.5055 12.3647 -0.0474535
382 55.6542 71.1212 2.05009
383 75.5717 11.8855 1.57624
384 58.3727 65.7473 1.9347
385 73.2049 20.947 1.40817
386 55.5684 23.331 1.59228
387 39.2018 35.8325 2.98071
388 63.4221 52.0099 2.60898
389 43.5106 50.108 2.7776
390 39.2788 75.3281 2.59946
391 45.9873 71.5272 2.5727
392 44.6531 49.2378 2.39789
393 62.7538 57.8022 2.6216
394 58.1386 74.5169 2.52761
395 50.5249 72.5216 2.60005
396 49.5198 82.6672 2.69806
397 53.2495 75.9135 2.26381
398 8.09071 96.2944 2.68696
399 38.1883 71.5941 2.23664
400 40.0262 66.916 2.69957
401 22.211 0.713758 1.32129
402 49.1673 39.4427 2.47627
403 57.2453 70.2339 2.02919
404 49.9232 50.0941 2.91648
405 93.7847 24.625 2.08927
406 32.3766 43.2809 1.94178
407 57.994 74.1199 2.23213
408 45.2554 57.8524 2.7007
409 84.8889 83.0522 1.8691
410 41.9421 69.3647 2.64895
411 52.0129 76.8932 1.92661
412 57.9057 44.0613 2.58888
413 41.4778 69.7731 2.56209
414 60.0002 56.1571 2.44326
415 90.5575 13.0412 1.43466
416 61.3093 69.5204 2.19681
417 40.6597 67.6267 2.6539
418 51.1684 77.5361 2.22068
419 73.7214 11.3121 1.21916
420 42.4617 47.5925 2.58212
421 50.6271 76.9059 2.10676
422 44.4838 67.722 2.57171
423 74.9077 80.4047 1.67322
424 50.0744 83.1125 2.48925
425 55.335 66.3029 2.28526
426 6.97645 11.5222 -0.281611
427 49.4566 79.8761 2.71003
428 53.0232 53.2798 2.6325
429 57.0742 49.7927 2.63777
430 28.6851 85.4919 2.01928
431 63.4968 68.4052 1.60964
432 44.8031 79.1042 2.06087
433 86.7665 80.6311 2.00285
434 48.8221 50.0157 2.45022
435 68.6245 22.9843 1.71216
436 34.3441 85.1893 1.76697
437 42.9319 44.6225 2.82127
438 72.3583 91.1618 1.71055
439 78.3018 86.0584 1.33817
440 58.8317 45.2345 1.8822
441 30.2749 43.1398 2.10852
442 54.9417 74.967 2.42096
443 11.6272 16.5673 -0.250875
444 58.5757 62.0852 1.63242
445 89.7833 18.6809 1.18463
446 75.2148 19.84 1.24528
447 34.8706 51.6423 2.71612
448 53.8549 71.9812 1.7535
449 67.4391 49.322 2.36877
450 43.1261 73.4096 2.36557
451 47.9193 41.9257 2.27363
452 51.3434 82.9672 2.82242
453 55.6075 44.8075 2.03995
454 54.2419 80.3673 2.17711
455 86.4115 13.5629 1.71805
456 38.8952 64.5934 2.76652
457 47.1435 67.3618 1.74338
458 50.0359 63.9264 1.89906
459 99.6005 11.2861 1.78199
460 44.7789 47.0406 2.83986
461 64.8319 18.0321 1.68333
462 59.3227 60.2812 1.83291
463 49.3366 68.9351 1.85981
464 69.122 65.8899 1.84669
465 43.3546 70.8652 2.46441
466 60.1065 53.3499 2.75999
467 80.8848 83.9127 1.53267
468 38.907 45.8111 2.36557
469 35.3141 80.4928 1.95464
470 26.953 89.8725 1.31035
471 49.8108 52.5227 2.91147
472 61.2262 62.2062 2.12148
473 60.9246 69.8534 2.46801
474 15.5209 11.6693 -1.04204
475 34.2085 47.6535 2.26569
476 98.1964 14.6702 1.57953
477 58.0485 51.6542 2.23899
478 38.2156 81.8925 2.39337
479 73.6219 12.8669 1.66874
480 41.5706 55.1517 2.21339
481 81.9475 79.435 1.3995
482 48.7556 39.11 2.57963
483 41.1451 73.4288 2.63605
484 38.4735 49.0368 2.39139
485 33.1137 36.196 2.31323
486 60.8567 49.4926 2.5474
487 58.1983 51.8184 2.52346
488 36.3429 70.4107 1.75187
489 71.1033 11.981 1.47757
490 77.3 16.8634 0.741413
491 51.8451 47.0023 2.67588
492 61.7134 64.9048 2.50118
493 55.2912 55.9559 1.91674
494 50.1093 41.2166 2.86208
495 44.6439 52.2758 2.27467
496 53.278 74.5226 2.0776
497 50.3414 78.4628 2.72619
498 59.7468 47.9873 2.70117
499 70.7013 95.7347 1.06032
