500
Particles
0 55.8011 88.7696 -1.45697
1 76.9698 88.0843 1.15416
2 72.249 95.5479 -0.746906
3 12.7947 37.0826 2.87618
4 73.7304 78.6825 0.765951
5 95.58 94.3017 1.51772
6 86.2717 86.3704 0.533196
7 36.1701 19.8567 -1.18676
8 63.6145 84.2813 -1.2941
9 63.5012 90.1889 -1.55334
10 88.3724 2.909 1.43047
11 24.0468 90.9319 0.0722784
12 86.0435 98.507 1.20477
13 80.6981 33.0994 -2.18357
14 77.0847 79.4114 0.906093
15 97.5062 2.0599 1.67472
16 18.4041 38.0649 2.07241
17 95.5595 26.0664 -2.53204
18 79.2949 86.3222 0.998207
19 71.7241 69.6304 0.542024
20 10.1387 39.2424 2.61714
21 90.8479 82.3349 0.826588
22 83.7316 0.622537 1.73011
23 97.8122 29.4696 -2.28893
24 32.4384 74.3313 0.185533
25 96.5384 97.9825 0.910242
26 7.95151 98.9453 0.154006
27 38.5656 17.6699 -1.01617
28 51.6053 91.661 -1.06882
29 -0.28046 27.7137 2.80987
30 79.4186 96.1641 0.541653
31 66.3365 65.3755 -0.654055
32 7.55072 38.0925 2.18982
33 74.8647 92.3024 0.340949
34 0.917799 40.1095 -2.60547
35 51.4055 87.2409 -1.13828
36 24.8556 96.0515 0.407904
37 85.712 90.6577 0.778318
38 73.9669 95.5899 0.281075
39 72.3335 79.6672 1.39684
40 75.4456 98.9891 1.15682
41 80.8598 36.1856 -2.2732
42 62.5152 90.9953 -1.68716
43 96.4099 8.98971 1.51352
44 78.2762 91.9057 0.694235
45 65.8856 94.1509 -0.944482
46 56.3043 92.8188 -1.27923
47 83.4366 14.4741 -2.56966
48 61.2406 82.3559 -1.61117
49 94.5971 93.3139 1.42636
50 68.4842 85.1319 -1.24565
51 56.8062 95.0727 -1.10322
52 77.7868 74.1784 1.27339
53 25.1101 91.2005 -0.129624
54 89.57 7.77597 0.899566
55 43.2987 20.6799 -1.10661
56 99.4206 38.8123 -2.5391
57 23.0048 14.4759 1.15851
58 96.9486 34.0617 -2.60864
59 95.4929 96.6191 1.29347
60 84.8437 90.4951 1.06474
61 60.0346 86.754 -1.15779
62 52.0846 93.9441 -1.2575
63 74.2654 86.1582 1.09398
64 81.4518 90.7667 0.545457
65 64.3562 49.686 -1.9798
66 84.2283 96.0936 1.41867
67 41.2177 79.4674 -1.93144
68 63.1016 44.8391 -1.59708
69 55.5054 97.8118 -0.879695
70 87.743 86.8085 0.955618
71 49.6518 51.1627 -0.51783
72 81.3571 91.6147 0.844528
73 50.8611 72.7194 -1.69529
74 59.004 32.469 -2.89738
75 44.1975 15.7675 1.09681
76 52.4567 98.3318 -1.37063
77 81.5692 89.1554 0.656148
78 80.9833 93.7891 1.13124
79 83.9556 83.7014 0.693488
80 53.6556 99.074 -0.830926
81 85.3238 92.9763 1.34704
82 4.02095 63.0435 2.19044
83 80.8395 83.7897 0.702036
84 -0.333252 28.04 2.8373
85 28.3763 81.0432 -0.21823
86 48.1389 6.00108 -0.595211
87 63.0522 34.0989 -2.54903
88 79.2523 77.4987 0.933023
89 7.85289 98.3561 -0.0860265
90 11.9182 96.0762 0.671739
91 65.9975 64.5756 -0.0978629
92 41.6265 19.6793 -1.0755
93 96.3651 34.6598 -2.47896
94 55.3464 59.3548 0.0212309
95 53.1855 92.2345 -1.64378
96 85.0595 86.1201 0.838596
97 87.9861 90.4434 1.08892
98 11.9149 97.5549 0.599975
99 12.2903 33.8215 2.23604
100 77.424 70.9496 0.932671
101 81.2029 84.5607 0.821522
102 63.3049 85.0423 -1.63375
103 29.9166 65.7664 -1.36453
104 58.072 89.2955 -1.26941
105 12.1427 96.2185 0.238174
106 98.6664 42.2181 -2.95132
107 53.6624 77.0425 -1.96223
108 59.5923 93.7467 -1.47435
109 57.0339 80.4834 -1.35142
110 78.1169 97.6749 0.919313
111 86.423 89.8926 0.63299
112 66.6959 84.442 -1.06975
113 91.6372 30.3884 -2.47411
114 95.1543 5.47835 1.316
115 42.7688 77.9249 -1.3522
116 86.7115 93.8314 1.21765
117 0.553914 4.72826 0.851981
118 16.9974 37.5474 2.06817
119 95.4455 35.1331 -2.98359
120 1.01649 0.760316 2.10187
121 65.2463 58.0064 -0.717242
122 54.9929 60.6413 0.110783
123 79.1347 84.9662 1.2943
124 67.4195 44.9064 -1.62989
125 62.2605 49.9111 -2.32124
126 58.6738 68.9289 -0.950317
127 65.9804 45.9675 -2.36722
128 32.021 75.0759 -0.612601
129 57.8291 88.935 -1.52441
130 54.9434 95.944 -1.17621
131 86.9402 100.031 1.55737
132 20.1559 91.8593 0.0180527
133 18.2952 95.776 0.388961
134 95.3901 93.4919 1.53798
135 89.0446 87.5045 0.759461
136 19.3795 3.50121 0.492619
137 89.9403 88.4002 1.44908
138 55.042 65.892 -1.08822
139 48.2294 97.3064 -1.57444
140 62.5937 87.1232 -1.06518
141 62.0619 50.653 -1.6595
142 83.4252 80.7925 0.998498
143 67.7737 93.8481 -0.8889
144 85.5442 92.3231 0.795792
145 53.7338 75.3307 -1.57117
146 54.7536 94.8648 -1.31148
147 72.1725 92.4992 -0.00176513
148 55.615 94.7473 -1.68171
149 86.9497 94.0587 0.663208
150 60.6238 90.039 -1.54849
151 51.5874 92.3007 -0.939283
152 58.092 51.6846 -2.51757
153 56.6013 90.1284 -1.68427
154 68.5447 93.5259 -1.04816
155 20.8941 98.8863 0.800943
156 65.0224 85.6997 -1.64086
157 65.4218 96.9058 -1.5888
158 1.54722 95.9073 1.85326
159 91.6929 2.88462 0.943173
160 79.0334 94.3621 0.651166
161 64.2976 62.9939 -0.230595
162 67.3104 87.8605 -0.946942
163 67.1805 41.2343 -1.86122
164 82.068 71.7534 1.1348
165 49.5291 85.819 -1.6328
166 62.4098 45.7914 -2.43783
167 93.8572 87.1023 1.32437
168 78.5 87.6847 0.872762
169 1.39475 12.2804 1.82761
170 72.7255 90.1315 0.951028
171 85.1445 85.815 1.31149
172 48.663 76.71 -1.52715
173 62.3386 87.5178 -1.93842
174 91.6156 95.0551 1.19876
175 62.2394 67.0128 -0.95198
176 93.615 2.95477 1.38583
177 27.9521 82.6306 0.81835
178 0.102653 34.3497 -2.99031
179 52.5882 90.4371 -1.73116
180 90.395 33.0382 -3.30261
181 67.1313 89.8311 -1.24792
182 98.6795 40.1111 -2.9856
183 63.6469 3.3391 -1.23624
184 96.5493 1.20252 1.67064
185 83.693 22.4087 -2.15075
186 53.6923 60.4793 -0.27115
187 64.7854 85.2205 -1.60933
188 74.9875 83.492 1.26113
189 81.2488 95.1777 0.741551
190 85.1513 96.7216 0.799235
191 87.5176 92.2389 1.40121
192 30.4366 80.5335 -0.0179073
193 59.4966 84.0641 -1.80732
194 17.908 2.47175 0.632977
195 82.1563 87.9825 0.785479
196 97.5356 93.9607 1.2566
197 49.7646 5.922 -0.840412
198 6.72358 59.1365 1.31191
199 98.5072 95.6656 1.44646
200 91.1535 84.334 1.32431
201 71.5082 76.4325 1.24561
202 75.5734 73.6633 1.01388
203 58.0693 1.83472 -0.808434
204 90.5544 94.8178 1.04762
205 53.6223 75.6033 -1.78595
206 13.231 19.9364 1.22185
207 98.1732 0.889105 1.08545
208 97.0572 3.13452 1.65807
209 89.5121 99.9369 1.75697
210 82.1751 88.6643 0.885912
211 85.6693 0.659056 1.52001
212 18.739 94.3678 0.432047
213 55.7655 97.835 -1.50172
214 78.8361 82.746 0.66276
215 85.9986 42.1941 -2.51247
216 67.3557 97.9757 -1.76278
217 88.7411 83.9981 0.96648
218 63.8015 -0.300794 -1.03665
219 86.6434 16.9118 -2.60297
220 99.333 89.6379 1.35957
221 62.8213 97.509 -1.40777
222 85.4856 89.5596 0.523127
223 80.2071 20.5283 -3.16078
224 13.5134 34.6815 2.44245
225 33.0779 16.7616 -1.58417
226 63.1988 91.1579 -1.70712
227 63.8943 83.0239 -1.23071
228 52.3225 6.42972 -0.8208
229 63.8766 92.9589 -1.05178
230 72.3589 41.9147 -1.81414
231 81.9853 90.8186 0.787955
232 66.7888 61.7751 -0.0435936
233 25.7834 63.6565 -1.30401
234 97.2632 96.6948 1.36164
235 98.2111 39.0491 -2.80464
236 64.0163 86.8867 -1.34016
237 82.1496 94.339 0.772364
238 -0.211163 34.6098 -2.49813
239 74.3167 82.5386 0.983624
240 86.2661 98.8243 1.31087
241 81.2256 94.654 1.20236
242 58.736 95.5124 -1.48213
243 90.5605 85.5529 1.07893
244 61.4567 62.7396 -0.301327
245 59.3227 95.3461 -1.5582
246 59.346 57.0604 0.0248763
247 69.8732 45.5088 -2.34099
248 78.8534 81.3055 1.29644
249 88.0718 93.7852 1.38912
250 42.0891 11.6263 0.905195
251 77.6959 95.0268 0.754124
252 36.1721 21.3051 -0.963035
253 86.1674 21.6358 -2.80934
254 83.1657 100.012 1.51213
255 87.0178 93.9206 0.678653
256 61.605 94.4302 -1.32637
257 57.9864 59.927 -0.746807
258 67.3889 86.3074 -1.52761
259 -0.0570514 43.503 -2.75298
260 97.9163 93.3712 0.841088
261 91.697 25.2251 -2.11931
262 66.6432 90.9333 -1.44268
263 23.474 83.3809 0.78187
264 76.8321 91.8281 0.957927
265 28.7888 62.2315 -0.906913
266 41.1761 88.5534 -1.74529
267 79.6518 90.8179 0.525787
268 78.853 99.9495 1.23883
269 25.437 88.0952 0.530091
270 96.5044 36.3346 -2.60475
271 99.3599 39.1646 -2.99373
272 53.4995 6.80641 -1.20943
273 97.2367 95.9561 1.59285
274 24.2995 83.3785 0.398867
275 59.8159 88.1513 -1.13536
276 14.3603 97.1852 0.221699
277 50.3038 75.4831 -2.13023
278 74.1568 88.4356 0.420024
279 62.5575 97.3482 -0.995775
280 81.2603 80.6387 0.839155
281 57.2629 69.1203 -0.690934
282 97.4752 29.3675 -2.2373
283 94.1786 90.5255 1.22201
284 83.0561 94.9363 0.874385
285 86.4055 86.4262 0.927764
286 69.2335 44.6853 -1.60171
287 57.1648 57.8171 -0.686053
288 13.4844 34.9822 2.78022
289 76.9164 92.8024 0.43517
290 59.5344 85.438 -1.11529
291 77.3822 89.7752 0.682144
292 0.843693 11.6694 2.06612
293 24.9408 83.8457 0.168831
294 92.6249 8.5924 1.20657
295 37.2274 23.1161 -1.12063
296 97.4509 2.46816 0.894426
297 65.136 89.6348 -1.70681
298 78.1373 90.7643 0.746378
299 91.1669 89.5358 1.04339
300 25.5538 79.3938 0.514686
301 85.1371 92.5708 1.41161
302 74.1856 96.3046 0.185111
303 64.889 80.3475 -1.6635
304 76.6886 85.8871 1.29692
305 83.5936 95.1273 1.35536
306 26.2751 0.558641 -0.0195504
307 79.7238 92.65 1.1292
308 92.6369 30.3859 -3.04138
309 38.2885 90.981 -1.99288
310 36.0888 14.5434 -1.3176
311 81.6168 15.9831 -2.88313
312 57.5854 95.7554 -0.883055
313 49.2065 92.1192 -1.43811
314 21.0601 37.4814 2.16849
315 61.5604 85.8607 -1.70271
316 90.4402 85.7071 1.28587
317 83.2997 83.2148 1.36986
318 91.9564 100.274 1.35279
319 87.824 89.5209 1.41473
320 83.7985 92.0445 1.20375
321 84.61 14.243 -2.323
322 86.0629 89.1589 0.658862
323 82.6153 83.8847 1.14677
324 79.9116 95.5664 0.712845
325 64.2223 93.4333 -1.60813
326 10.138 32.8563 2.52738
327 47.59 95.5271 -1.02292
328 97.3863 3.54689 1.56448
329 9.9207 37.8488 2.26928
330 53.328 93.7073 -1.7319
331 19.55 90.8223 0.201257
332 9.89738 38.3702 2.76444
333 2.44033 58.496 1.43585
334 72.7095 79.4073 0.833992
335 87.6499 90.8461 1.48737
336 94.8829 86.2915 1.36763
337 76.1086 80.4796 1.11343
338 63.6257 91.546 -1.69038
339 8.79108 33.887 2.50247
340 81.1031 87.579 1.3565
341 73.5773 85.7238 0.306352
342 79.8956 87.4147 0.655111
343 62.8712 96.2507 -1.46734
344 66.6258 82.6414 -1.44712
345 95.4244 7.91165 1.35468
346 82.6269 35.3356 -1.97116
347 13.6546 98.0471 0.617136
348 77.3357 83.3969 0.969009
349 83.4822 95.7736 0.744512
350 59.8084 93.5658 -1.37799
351 64.9038 86.9276 -1.03057
352 77.1026 89.2301 0.702911
353 60.2598 29.4372 -2.76457
354 57.0352 48.7517 -2.1476
355 89.3504 3.40287 1.67638
356 11.0461 36.778 2.95933
357 22.3444 91.8904 0.283991
358 93.7794 30.4352 -2.66103
359 98.5962 1.54512 0.955494
360 69.1493 97.0575 -1.04092
361 89.7823 96.4523 1.59372
362 84.6531 87.4902 0.586269
363 50.6831 3.34594 -0.584906
364 76.7512 92.0245 1.04252
365 55.9232 92.1705 -1.6856
366 91.0294 85.4601 0.717317
367 55.6531 78.1558 -1.36497
368 54.1044 93.5102 -1.58818
369 96.6312 6.1006 0.893806
370 89.4302 98.6053 0.788662
371 86.3471 94.7604 0.898599
372 91.2684 8.14667 1.13888
373 86.7827 37.3741 -2.1864
374 79.1157 93.3323 1.18589
375 55.4522 90.7095 -1.50032
376 57.9418 77.9327 -2.06037
377 36.2527 72.604 -0.638624
378 59.2939 94.2192 -1.08636
379 97.1469 90.9735 1.38949
380 63.9742 90.4039 -1.86086
381 16.2809 98.6755 0.429837
382 83.6904 86.7244 0.514631
383 20.8056 36.2491 2.27599
384 4.35824 12.3827 1.90024
385 38.854 18.1511 -1.11297
386 30.8621 19.5001 -1.35308
387 24.0669 74.4572 0.519477
388 64.6277 92.1263 -1.44777
389 96.0656 96.8169 1.27649
390 78.5102 88.7607 1.28378
391 95.0826 30.2037 -2.31057
392 79.3894 97.9965 1.4347
393 64.1675 94.998 -1.44475
394 87.9669 86.0298 1.03817
395 92.3591 25.9909 -2.49581
396 86.0902 17.1885 -2.6442
397 90.9927 93.3774 1.16114
398 86.9221 98.6782 1.4291
399 39.4207 76.2693 -1.95516
400 78.064 79.4962 0.805874
401 63.0431 43.7021 -2.27895
402 53.3928 1.83232 -0.391051
403 83.0837 85.0803 0.846051
404 19.9707 12.8573 0.859537
405 77.4781 85.9557 0.952083
406 72.4919 40.0218 -2.21046
407 88.2921 84.5856 1.24102
408 84.8867 37.059 -2.31892
409 92.2345 87.874 0.931536
410 75.6107 81.5574 0.927652
411 96.3407 5.26632 1.08936
412 52.966 1.44467 -1.11236
413 93.5325 21.2858 -2.155
414 61.7299 92.7085 -1.28142
415 1.27218 11.3785 1.29085
416 96.0137 99.8058 1.81712
417 82.8191 80.2175 0.976286
418 84.6642 88.3325 1.16792
419 73.467 72.3639 1.07854
420 99.7022 2.40383 1.19602
421 80.0625 85.7246 0.853785
422 97.5092 35.9377 -3.0466
423 50.6792 55.6374 -0.808405
424 93.934 4.19013 0.908681
425 88.7254 82.4644 1.26065
426 44.0111 76.1838 -1.51534
427 78.0026 94.4406 0.455925
428 58.8583 92.7322 -0.920585
429 60.6823 91.7989 -1.83218
430 61.0004 62.2606 -0.876128
431 59.7752 91.5411 -0.966186
432 64.3293 85.4285 -1.45295
433 44.6908 78.676 -1.83412
434 91.9188 4.88584 1.68249
435 73.0832 90.1259 0.948542
436 65.8153 90.9113 -1.27799
437 12.6647 2.25175 0.0480174
438 70.7986 78.3473 1.32344
439 48.2167 77.207 -1.67477
440 58.4831 47.9233 -2.46944
441 80.4474 75.7038 1.31752
442 85.0254 88.7038 0.87432
443 55.6153 49.0326 -2.36894
444 58.661 92.9018 -1.35003
445 85.9922 94.5339 0.958988
446 86.393 26.0035 -2.6052
447 70.429 45.5441 -2.15695
448 95.7262 2.59833 1.50823
449 85.6372 93.3336 1.17551
450 79.375 84.2385 0.637179
451 51.5189 99.5476 -0.590057
452 82.8206 94.3415 1.28104
453 65.243 88.6671 -1.80113
454 94.2195 38.7505 -2.74489
455 60.6689 43.0116 -2.45513
456 75.4868 78.2577 0.549244
457 -0.273878 34.3585 -3.09496
458 12.8058 40.2087 2.3204
459 51.1205 55.0462 -0.548955
460 95.603 95.3439 1.40597
461 13.3104 96.345 0.352278
462 61.8195 95.0363 -1.16772
463 56.9799 76.0487 -1.3694
464 61.0545 -0.462902 -1.30982
465 95.0616 32.5811 -3.10692
466 67.0463 95.2427 -1.09522
467 88.0762 88.5588 0.87945
468 95.2692 96.9989 1.24221
469 63.2855 90.212 -1.9642
470 79.6845 84.5513 0.685947
471 60.0845 95.4987 -1.89208
472 60.476 96.7166 -1.89251
473 82.7275 43.7851 -2.02739
474 94.5744 2.4242 0.922777
475 78.9784 35.8205 -1.82648
476 20.2728 96.8485 0.663744
477 23.7372 16.7501 1.27186
478 64.646 65.0879 -0.251912
479 0.340325 9.38025 1.80126
480 -0.0572801 33.3923 -3.14558
481 97.8098 1.35921 1.46256
482 15.237 97.423 0.720857
483 81.725 84.4602 0.666588
484 78.4478 97.2229 0.890289
485 74.9629 94.6319 1.07747
486 64.7196 88.2797 -1.09151
487 67.1534 96.5286 -1.58283
488 44.4149 82.0562 -1.30346
489 61.1375 46.1068 -2.42215
490 37.2325 22.1239 -1.03704
491 56.6777 62.1405 -0.254381
492 60.1667 93.9004 -1.81078
493 57.7448 72.4717 -1.25773
494 59.0836 58.185 -0.245715
495 34.7008 78.2074 0.200347
496 84.3725 93.5544 1.1517
497 92.1426 98.4744 0.868801
498 61.7547 92.4006 -0.978779
499 52.7645 53.9238 -0.389088
