500
Particles
0 62.2128 17.0037 2.06109
1 89.2485 10.9962 2.55556
2 71.1667 85.3199 -3.00223
3 61.1233 36.3434 1.16647
4 0.183766 5.5682 1.85472
5 71.7458 14.4192 2.3952
6 53.1797 24.5702 1.63075
7 58.5784 49.835 1.18056
8 90.5211 18.1163 2.99614
9 90.6641 20.7918 2.85231
10 81.2562 17.4565 2.8067
11 34.5209 65.5475 0.581788
12 52.5101 37.8758 1.5279
13 2.33288 96.4649 1.84875
14 0.712388 7.33747 2.17694
15 7.67681 36.8872 -2.11635
16 87.2667 21.8671 2.64587
17 98.0829 34.3293 -2.24072
18 99.1939 15.0043 2.77949
19 63.9972 31.879 1.40877
20 56.4133 37.1352 1.71073
21 46.8775 24.8197 1.46818
22 76.3234 26.6243 2.95936
23 4.20457 1.43394 2.20419
24 60.0607 40.7703 1.46405
25 69.1198 21.1979 2.35823
26 71.9179 11.3403 3.18766
27 25.3089 57.7394 0.847108
28 60.9244 21.8068 1.79996
29 9.25426 97.1893 2.6111
30 72.5229 92.489 -2.63291
31 72.0207 25.7432 1.97666
32 57.0028 35.6522 1.79322
33 73.6207 82.5091 -2.73183
34 73.7914 22.8412 2.47094
35 97.3306 22.0441 2.14597
36 29.733 68.5897 0.98575
37 53.3974 30.5742 2.02111
38 65.1222 21.4713 2.77982
39 1.55659 3.2027 2.39541
40 77.7842 23.4684 2.55338
41 99.4472 2.50873 2.43018
42 83.7223 23.6677 2.86867
43 60.2856 37.0421 1.10193
44 88.8311 13.1924 3.06813
45 84.2757 20.6662 2.99692
46 74.647 25.9877 2.33444
47 84.0626 41.0438 2.15769
48 77.8194 22.7222 2.20839
49 70.1324 16.5369 2.21688
50 5.04395 23.9144 2.33726
51 77.9934 28.1573 2.12142
52 59.4035 39.0931 1.53606
53 28.5543 68.1393 0.394662
54 3.46614 6.10146 2.10923
55 69.5536 33.3691 1.78332
56 5.05532 8.13415 2.50407
57 80.3213 13.4806 2.21898
58 1.06248 10.4283 1.90925
59 66.6423 20.5773 2.82387
60 3.42579 20.1809 2.17122
61 81.5668 21.684 2.32785
62 88.7439 16.2066 2.93617
63 87.2913 5.75846 3.35678
64 50.5015 29.3565 1.82547
65 69.3773 37.4196 1.95815
66 1.16387 22.5372 2.28922
67 1.60939 22.3921 2.11381
68 68.7012 34.748 1.50087
69 85.815 14.5954 2.55778
70 51.7907 27.8128 1.31355
71 72.7393 21.5391 2.17076
72 1.65528 18.1986 2.58711
73 55.1676 29.9526 1.45075
74 79.1128 15.4742 2.26296
75 63.0228 44.4381 1.46764
76 81.3501 14.0469 2.47045
77 53.3943 27.4991 1.55133
78 72.2106 8.90943 2.6634
79 2.6611 12.1893 2.80401
80 77.4612 18.8076 2.28837
81 0.47204 21.2014 2.86578
82 64.5688 29.0071 1.89811
83 98.8988 10.6324 1.90969
84 71.7463 30.8611 1.92022
85 77.3131 19.8935 2.22713
86 78.2732 18.0617 2.63229
87 63.2342 26.8348 2.58996
88 64.6193 32.431 1.62826
89 75.9281 14.831 2.7953
90 58.9546 40.7519 1.2867
91 69.6559 25.5765 2.43563
92 63.3494 25.6698 2.77225
93 99.0666 6.80694 2.61879
94 79.5454 21.5568 2.91604
95 60.5803 31.7788 1.52806
96 46.0849 27.5841 2.15208
97 54.4959 31.2737 2.02609
98 76.1537 15.3417 2.42021
99 62.5881 25.746 2.04263
100 61.4421 39.5017 1.82384
101 1.83516 16.3527 2.03724
102 82.0904 19.1142 2.17899
103 72.764 19.1467 3.06588
104 79.5845 25.6558 2.2755
105 56.6119 42.2116 1.67834
106 2.21927 6.61874 2.57538
107 59.7184 19.6638 2.53223
108 77.6978 26.9525 2.44887
109 7.45935 11.2595 2.17652
110 85.6199 48.571 0.103791
111 53.7244 29.6802 2.08499
112 58.546 35.8013 1.85913
113 56.4075 23.5887 1.50111
114 44.216 33.7821 1.15839
115 52.643 37.0101 1.47261
116 79.4089 12.0845 2.34799
117 70.0561 24.4917 2.14828
118 56.0748 37.8204 1.93468
119 2.16769 7.45619 2.37422
120 69.3737 20.1961 2.56435
121 93.9141 19.4094 2.57711
122 78.7238 23.2821 2.13895
123 95.5648 12.7024 2.69015
124 98.848 92.3734 2.4871
125 68.7614 32.8632 2.25284
126 85.2953 30.0344 2.88948
127 0.212603 98.9778 2.10789
128 62.0289 40.839 1.1245
129 68.2192 87.42 -2.25792
130 62.713 22.5554 2.29337
131 79.6221 16.5664 2.17727
132 74.3367 34.7684 2.32007
133 73.8472 36.7949 1.51742
134 70.1438 15.4335 3.00502
135 57.1045 28.5221 1.98053
136 78.101 15.6045 2.92144
137 51.5762 29.2779 1.20728
138 80.3486 20.9061 2.45626
139 71.372 19.6349 2.99767
140 82.3412 17.053 2.16523
141 70.2004 34.9896 1.6992
142 1.32452 9.87629 2.48272
143 87.333 23.3934 2.59233
144 51.0142 32.4678 1.75636
145 67.1631 88.6621 -2.09895
146 63.1856 20.018 2.89032
147 71.5324 81.2946 -2.36874
148 60.7182 29.2673 1.79099
149 0.422553 20.9029 2.57166
150 85.1681 22.6505 2.11762
151 58.6406 34.1219 1.44888
152 79.1515 13.9095 2.88705
153 76.6202 24.8855 2.40674
154 87.382 22.2297 2.08581
155 76.1991 38.255 1.71766
156 94.9543 18.8542 2.69941
157 83.6508 31.1992 1.91508
158 71.2049 13.3414 2.49618
159 88.8044 28.048 2.18544
160 73.4451 87.6458 -2.73482
161 85.6052 26.5621 2.94494
162 0.268059 24.1458 2.90615
163 68.3602 31.6824 1.71926
164 66.8972 40.6946 2.00525
165 97.0361 19.9117 2.17162
166 65.5499 31.3709 1.66577
167 57.7194 31.9424 1.34889
168 0.743239 13.9611 2.51627
169 63.5277 38.4867 1.86157
170 89.6675 3.85955 3.12027
171 53.0528 24.6795 1.33985
172 59.6277 17.8034 2.01555
173 84.368 17.9889 2.12116
174 71.3989 13.0305 2.59078
175 72.8453 32.3982 1.96255
176 4.07885 34.5736 -2.17212
177 74.2565 19.7857 2.6137
178 62.5697 39.9711 1.71122
179 61.1582 22.47 2.2904
180 55.8234 24.802 1.56039
181 90.8182 22.5468 2.1508
182 6.12437 8.27422 2.09028
183 64.0973 17.7727 2.49665
184 66.6095 27.1335 2.54731
185 71.7696 38.5463 1.85716
186 80.247 24.3781 2.06366
187 58.5005 35.2583 1.52472
188 95.7764 10.076 2.827
189 72.2506 88.7832 -2.46289
190 71.2008 13.8521 2.90202
191 52.4674 33.5865 1.72775
192 77.2165 14.5415 2.58789
193 74.1004 27.1044 2.01099
194 75.9832 16.985 2.70418
195 51.2893 26.0777 1.34335
196 72.6848 19.2053 2.27513
197 79.011 17.735 2.32243
198 62.3025 25.5318 2.51513
199 72.1779 16.0764 2.67691
200 55.5951 27.4629 1.1728
201 8.71653 95.4719 2.18505
202 60.1287 40.2306 1.78795
203 88.6155 29.0137 2.54846
204 72.6817 12.1729 2.88274
205 57.71 29.7735 1.79523
206 75.6427 19.3741 2.56145
207 69.1971 23.8949 2.19566
208 67.9891 29.8198 2.55491
209 57.4262 37.2539 1.5975
210 3.05996 18.2497 2.13719
211 78.274 23.4974 2.93839
212 73.2496 36.1692 1.90348
213 60.8679 32.3355 1.26215
214 92.5297 7.48023 2.8203
215 57.404 20.7443 1.98612
216 84.7261 25.6836 2.54812
217 50.962 24.1548 1.73324
218 85.5494 37.5994 1.76317
219 0.208432 34.714 -2.58268
220 56.6509 30.2483 1.54878
221 78.8371 28.9754 2.82331
222 54.808 30.8124 1.56359
223 56.6357 44.6074 1.26409
224 59.59 36.6496 1.5756
225 36.5029 64.456 0.716236
226 87.496 20.3703 2.78163
227 79.9588 24.6932 2.93966
228 80.6127 19.1327 2.19142
229 82.2965 20.3963 2.28449
230 3.12369 98.2014 1.84602
231 6.88209 19.1319 2.6877
232 71.0534 27.2231 2.15232
233 73.7445 22.8505 2.95476
234 71.1042 19.4064 2.86428
235 4.9113 6.00159 2.71533
236 87.4236 19.098 2.96432
237 73.2954 88.6996 -2.9719
238 4.65871 6.02068 2.63857
239 98.5742 7.3689 2.74879
240 48.6921 33.7852 1.66615
241 91.1338 16.8401 2.56658
242 80.6433 28.0259 2.32124
243 56.6848 26.4143 1.87078
244 88.0795 27.6251 2.45529
245 77.927 26.9717 2.75095
246 80.3968 19.8262 2.41155
247 89.1445 96.7253 2.17048
248 -0.0165899 8.54069 2.54291
249 77.534 14.1162 2.69889
250 23.252 60.0357 0.572377
251 70.2434 86.8551 -2.00307
252 55.7106 47.7431 0.783158
253 58.3342 38.4373 1.95995
254 80.7215 18.0606 2.42217
255 -0.272143 19.7664 2.57825
256 81.3703 25.9063 2.84567
257 79.9863 19.4287 2.35371
258 92.8487 20.2372 2.83282
259 5.60889 7.21087 2.05839
260 73.7835 15.7432 2.72912
261 1.87721 8.63764 2.3689
262 84.4849 21.7971 2.78997
263 71.7643 27.1418 2.44424
264 72.6059 82.9735 -2.88684
265 77.9388 16.5028 2.35921
266 74.7489 17.9213 2.53855
267 46.8404 30.0481 1.51627
268 71.4589 22.0853 2.72098
269 26.6706 60.1811 0.180901
270 3.94169 10.9857 2.17759
271 7.31134 8.10766 2.57399
272 59.6025 32.4015 1.51533
273 71.984 19.8479 2.536
274 74.3287 24.9426 2.10792
275 80.3588 18.1939 2.3728
276 75.4185 17.6967 2.23895
277 59.7805 24.5692 1.79133
278 85.5283 8.87863 2.29804
279 81.1203 28.7799 2.17609
280 4.01812 9.91894 1.80465
281 80.6215 23.3079 2.16513
282 2.78029 6.88063 1.98554
283 53.8465 36.1642 1.5223
284 84.5492 12.6048 2.93307
285 53.434 27.9613 1.55796
286 98.272 2.1481 2.03651
287 78.2914 20.6259 2.55078
288 63.0615 32.8098 1.37665
289 85.3086 13.6661 2.77312
290 74.531 23.5722 2.54337
291 91.8001 13.0475 2.68113
292 64.1161 37.7594 1.72185
293 72.2743 23.5651 2.54714
294 5.40651 5.49402 1.87889
295 89.6745 39.8736 1.87364
296 67.3204 28.0113 2.27023
297 86.0065 21.7856 2.91969
298 94.2711 16.032 2.49973
299 55.2376 32.0325 2.03351
300 76.4546 19.924 2.34213
301 2.81844 19.9569 2.07719
302 66.4288 17.5422 2.17888
303 79.945 21.3196 2.93964
304 87.3129 7.71081 2.99056
305 71.8936 87.8237 -2.49037
306 35.7842 64.3466 0.0373751
307 73.1368 86.7669 -2.25599
308 3.10413 10.8178 2.13558
309 73.1184 26.0278 2.09233
310 38.5025 63.9858 0.583721
311 4.89801 0.459018 2.44624
312 76.9557 26.3299 2.57851
313 58.4943 33.6259 1.77739
314 0.133093 26.8687 2.99267
315 78.2192 23.3955 2.83165
316 57.4553 25.5703 1.78549
317 2.75555 12.4162 2.22688
318 54.7964 39.1259 1.59921
319 54.3478 32.4738 1.2123
320 54.1347 29.9175 2.05337
321 -0.381157 32.2722 -2.68837
322 57.448 27.442 1.648
323 1.26618 11.8627 2.52183
324 79.431 7.77065 3.11075
325 84.7203 24.7823 2.60312
326 80.1409 17.2674 2.53999
327 75.6807 21.1422 2.72355
328 65.7292 28.5893 2.20418
329 62.9009 33.6386 1.37109
330 59.0928 32.3256 1.1596
331 72.2895 77.0866 -2.53813
332 59.9383 33.7805 1.71821
333 62.9422 26.6356 2.32235
334 0.175461 5.08111 2.09575
335 51.6208 32.4811 1.66921
336 56.5617 28.691 1.3141
337 98.7108 5.73061 2.12739
338 82.5958 23.8463 2.26925
339 80.5699 22.9858 2.95526
340 44.0857 25.9555 2.34419
341 98.9601 10.9912 2.79305
342 0.784702 14.69 2.51369
343 83.3386 27.3594 2.48949
344 81.8769 21.2411 2.60839
345 63.7212 37.2809 1.38975
346 96.9658 4.32151 2.91283
347 71.5239 12.3613 3.35927
348 95.8821 9.43406 2.15424
349 71.7884 9.74498 2.62187
350 78.6957 25.9418 2.35231
351 92.683 20.4149 2.29346
352 88.793 12.0812 2.84536
353 58.5363 43.3117 1.2501
354 77.3056 16.8693 2.55548
355 82.3813 15.2594 2.27313
356 61.5209 27.9325 2.074
357 85.68 43.276 1.69877
358 5.14047 12.2931 2.04913
359 68.9422 20.9374 2.75497
360 91.8788 27.1289 2.32011
361 68.26 16.5717 2.63034
362 48.2531 27.9486 1.38135
363 79.2208 17.5746 2.30054
364 74.3602 84.1661 -2.32796
365 73.9687 26.849 2.02022
366 54.5543 26.7905 1.21443
367 57.6869 30.5563 1.26466
368 63.2517 20.1465 2.5351
369 61.7804 32.47 2.07811
370 55.9004 40.0044 1.64239
371 1.17526 21.1986 2.63887
372 7.53951 6.01175 1.72854
373 55.1598 28.6023 1.35894
374 71.5566 88.9718 -2.87336
375 71.9614 26.9389 2.84802
376 8.28341 9.40682 2.18446
377 57.2198 33.7672 1.64836
378 74.1757 25.4973 2.3712
379 55.1449 32.7176 1.87128
380 81.9924 20.1264 2.63764
381 74.9656 10.7914 2.54737
382 50.1851 25.5694 1.25501
383 64.7432 34.7496 1.79293
384 70.8788 27.3603 2.10569
385 42.7992 62.454 0.347847
386 29.7454 67.7482 0.161786
387 72.1251 17.2505 2.36252
388 85.6884 22.7575 2.90864
389 66.962 19.0135 2.98202
390 96.3652 14.4116 2.12485
391 2.21067 9.80572 2.03971
392 67.7108 17.2789 2.21497
393 82.9942 28.3505 2.18644
394 49.6953 27.9524 1.79274
395 3.2393 11.9499 2.34023
396 0.430335 32.5585 -2.977
397 51.6902 36.6843 1.84798
398 59.7799 32.1322 1.89334
399 93.4952 16.7025 3.0027
400 98.142 6.72646 2.43169
401 65.8705 31.9866 2.10228
402 77.5676 16.4094 2.27112
403 48.3801 24.1535 2.22083
404 76.8468 21.705 2.69509
405 88.1378 11.2388 2.35397
406 0.242284 95.6438 2.46075
407 51.6395 26.4657 2.00724
408 58.812 21.5289 2.25084
409 57.6967 29.2333 1.92243
410 98.5858 8.36507 2.39978
411 47.4431 35.4187 1.917
412 86.6738 17.1308 2.13619
413 0.703773 9.29702 2.02856
414 81.4755 26.8837 2.76714
415 63.543 37.1295 1.36734
416 66.4776 26.699 2.44528
417 96.8223 6.72649 2.81845
418 3.97082 17.7854 2.07719
419 65.3324 33.9124 1.16096
420 71.39 22.8689 2.18708
421 99.0404 14.9946 2.08054
422 3.01633 8.45699 2.18339
423 56.9734 28.5049 1.40815
424 2.60404 32.5702 -2.69726
425 53.1934 22.6999 1.5705
426 55.2692 33.9838 1.46256
427 68.5318 89.6613 -2.55652
428 79.268 25.2826 2.66332
429 83.845 24.2558 2.48793
430 86.5707 24.0487 2.82179
431 74.3537 28.6347 2.52078
432 0.691176 22.3576 2.69502
433 58.0088 31.4457 1.4116
434 75.1609 22.4557 2.11493
435 72.6921 81.9604 -2.40348
436 89.192 23.0397 2.17032
437 72.9382 19.3167 3.05461
438 8.15968 97.7623 2.55327
439 56.213 31.3253 1.32932
440 81.4861 13.8561 2.18735
441 99.4908 95.4075 1.94334
442 50.6035 28.5313 1.65058
443 75.3414 16.3234 2.3064
444 77.3427 28.4358 2.57118
445 71.4524 13.7731 2.77648
446 78.5595 75.5145 3.27717
447 0.561998 0.864457 2.79202
448 9.42251 43.4672 -2.39486
449 84.4861 13.9733 3.00936
450 1.00505 12.2959 2.13936
451 78.3698 18.4944 2.41376
452 70.763 89.932 -2.95153
453 83.2124 18.1712 2.90661
454 67.1531 89.331 -2.30337
455 67.0298 35.2772 2.11611
456 95.6038 5.51479 2.32315
457 4.6611 5.99568 2.32239
458 29.9966 28.3498 1.56342
459 71.522 36.0082 1.56149
460 72.26 19.9249 2.99274
461 59.583 40.4424 1.08434
462 79.107 28.1212 2.7228
463 6.97355 9.63236 2.6646
464 81.6382 31.1619 2.51374
465 2.59593 12.104 2.65897
466 82.6973 23.9424 2.33868
467 55.5124 29.6732 1.56924
468 67.3346 19.6666 2.8907
469 91.717 21.0621 2.28842
470 91.1046 10.5918 2.87834
471 78.876 26.1679 2.12542
472 79.036 28.3103 1.95785
473 59.1595 24.7866 1.64649
474 8.60506 38.197 -1.64488
475 0.372932 98.9017 2.11856
476 87.5776 43.8688 2.06955
477 77.6977 17.2752 2.69869
478 71.7876 30.3873 2.39432
479 62.4238 35.9019 1.2421
480 7.13884 4.73612 2.6297
481 68.1355 28.6561 1.95011
482 78.182 16.5874 2.70904
483 99.0412 12.758 2.41202
484 64.5896 21.2845 2.53299
485 66.0912 17.249 2.18412
486 85.8465 18.8315 2.44097
487 84.1673 24.9492 2.74738
488 93.6674 19.9778 2.10605
489 67.5923 33.532 2.0388
490 55.0947 46.8683 1.27489
491 80.5064 20.0408 2.57644
492 79.3853 30.8732 2.62469
493 78.2273 25.7212 2.79598
494 79.8105 18.5765 3.03401
495 70.8366 23.5287 2.76005
496 51.4334 33.8491 1.49238
497 4.1379 31.5013 -2.62252
498 86.3171 21.9731 2.664
499 84.578 39.2382 1.79115
