500
Particles
0 15.1472 39.4905 -1.66539
1 90.1538 49.609 1.62362
2 64.3479 14.802 1.77956
3 65.655 37.3602 1.60196
4 20.555 76.1855 2.69618
5 93.578 46.155 1.99039
6 40.4893 87.2627 2.71793
7 76.6938 44.3426 2.03072
8 14.1848 86.7969 2.3807
9 36.7703 32.8853 3.40906
10 39.5419 65.1918 2.61309
11 38.328 97.4694 2.71303
12 72.9597 14.1735 1.81321
13 12.4287 51.8419 2.97752
14 22.0978 79.105 2.5115
15 14.1362 57.1094 2.51043
16 59.8208 75.2141 2.37684
17 33.6176 2.35249 2.27249
18 25.0058 91.5553 2.5645
19 10.0267 95.8101 -0.199528
20 66.518 38.0603 1.3201
21 39.151 86.9175 2.36059
22 37.8285 75.4639 2.18635
23 14.6105 62.8952 2.6708
24 70.1916 40.6646 1.45023
25 25.5214 65.5747 2.68165
26 9.98526 34.1445 -0.478581
27 35.0808 92.7799 3.01344
28 37.2124 82.5308 2.8854
29 74.5736 12.5278 1.72642
30 48.6613 12.3972 1.05586
31 36.3725 78.1468 2.77197
32 86.0395 12.6987 1.6669
33 59.8455 47.361 1.80574
34 25.4587 62.2877 1.72733
35 25.0745 97.1023 2.58432
36 51.613 48.3372 2.34967
37 76.0501 10.3641 1.64221
38 25.977 69.1948 1.71219
39 16.9612 65.5091 2.2364
40 23.9995 55.5176 2.90196
41 13.1954 62.8375 2.61864
42 42.233 67.1453 1.68389
43 67.6316 38.2091 1.11863
44 94.3333 51.0401 2.25461
45 48.0849 71.8381 2.36471
46 25.7476 65.1759 2.42382
47 84.0348 34.1961 1.56647
48 35.0822 67.2276 2.09104
49 17.6479 32.526 -1.21997
50 31.8881 95.6434 2.71937
51 45.1949 80.3977 2.32411
52 65.0191 40.3161 1.72039
53 55.4761 48.4253 1.91783
54 23.2555 76.7335 3.0968
55 72.0798 35.1534 2.04117
56 24.2273 76.6447 3.15385
57 39.1296 57.983 2.78302
58 27.7108 85.4864 2.16957
59 17.6363 56.0746 3.22493
60 30.6851 91.0877 2.33091
61 37.2047 66.1785 2.53256
62 9.79064 65.6657 2.40851
63 15.2756 96.9284 2.14937
64 35.4644 89.3423 2.93041
65 84.2745 34.6112 1.49982
66 27.3809 94.6543 2.30496
67 30.5078 95.3644 2.63017
68 88.0463 30.5049 1.87152
69 53.8087 67.24 2.51721
70 37.877 89.6908 3.02726
71 26.3582 64.8308 2.2161
72 27.7403 91.2421 2.70313
73 74.855 7.46562 2.18419
74 41.2092 65.35 1.82259
75 76.528 41.0788 2.09066
76 42.339 64.6656 1.90197
77 41.4468 89.727 2.68334
78 79.3075 14.4223 2.44549
79 29.1264 88.6139 2.60091
80 38.2933 68.2208 2.15511
81 30.7632 96.8566 2.92103
82 16.9245 93.0409 2.32063
83 20.6372 86.8023 2.61206
84 70.1785 32.9041 2.02788
85 38.5993 70.0461 2.64423
86 39.0254 67.1665 1.6629
87 80.361 4.865 1.73335
88 73.2003 33.9983 1.37568
89 36.6282 62.544 2.18348
90 69.1087 41.0232 1.75814
91 36.6743 78.6106 2.12388
92 44.0086 87.6436 2.69186
93 16.1305 74.0396 3.25311
94 36.3937 67.6154 2.65468
95 34.7017 16.0674 1.10465
96 39.1674 90.4696 2.84115
97 42.2387 94.0367 2.67043
98 29.8598 55.8768 3.3359
99 40.3465 84.7479 2.6729
100 69.2512 41.0736 1.71737
101 28.4124 93.3645 2.50436
102 38.4573 64.785 1.62721
103 21.256 54.1526 2.40203
104 38.06 72.7356 1.84013
105 67.5447 43.0119 1.10229
106 24.09 76.3587 2.70007
107 17.6228 60.8204 2.28083
108 40.1731 78.3591 2.03212
109 27.6939 83.9006 3.02132
110 77.6724 41.9441 2.1455
111 82.6128 9.82928 1.89823
112 64.2406 35.9929 1.17784
113 37.8917 84.696 2.34018
114 36.1243 94.11 2.3185
115 64.2634 11.0804 2.25483
116 39.534 59.1936 2.15601
117 26.3513 68.9613 1.70918
118 50.9262 8.42744 1.27184
119 20.8209 80.1893 3.30017
120 17.3944 50.4565 2.57068
121 80.742 43.3253 2.61268
122 30.4885 63.877 1.92665
123 16.817 74.7488 3.30948
124 63.9004 14.5155 1.65914
125 82.6012 13.8575 2.13717
126 57.882 77.565 2.32942
127 10.2636 55.2509 2.93928
128 72.9104 39.657 1.76393
129 30.1559 92.0154 2.45822
130 26.9733 71.1783 2.62622
131 41.2969 65.6055 1.88995
132 84.184 12.0345 1.39986
133 23.0014 12.5316 1.75039
134 60.0156 53.2893 1.0885
135 70.6118 94.3924 -0.0798977
136 36.4834 59.7115 2.76457
137 38.6187 90.083 2.98679
138 40.2366 68.9949 2.05621
139 19.1092 52.06 3.41944
140 41.8443 65.2363 2.17367
141 1.36649 3.79938 0.592856
142 22.2856 84.7624 2.52188
143 22.2125 6.14835 2.26274
144 38.2411 91.3858 2.3715
145 32.1063 96.9835 2.47678
146 17.4029 59.1089 2.95707
147 61.7164 47.3382 1.57236
148 75.3899 6.79271 1.50048
149 26.0531 96.4298 2.93564
150 40.5544 66.9623 2.02258
151 3.83165 8.28863 1.48223
152 38.098 61.2476 2.3185
153 39.4749 75.4949 2.71747
154 60.2584 72.0494 2.60314
155 18.1477 22.8874 -1.38704
156 17.7901 87.6788 2.79223
157 6.29613 59.6422 2.55896
158 11.5622 34.8979 -0.691524
159 33.5701 12.0245 1.69272
160 54.7914 48.3576 2.13377
161 35.4526 14.0815 1.42076
162 25.4615 95.4448 3.05234
163 76.063 29.5333 1.68291
164 84.3909 35.0364 1.71599
165 20.1746 91.9907 2.04824
166 72.0265 32.7942 1.69518
167 83.2728 8.19042 1.35693
168 30.9057 91.7722 2.77475
169 81.3201 37.364 2.10827
170 38.9365 21.5892 1.07264
171 39.3727 88.3346 2.47757
172 15.1537 55.9198 2.98673
173 43.6389 65.8448 2.33304
174 86.7274 41.7126 2.27259
175 84.75 12.4473 1.67718
176 65.133 16.3333 1.41087
177 20.8151 50.1514 3.11267
178 67.3255 39.2691 1.8259
179 36.4006 82.5768 2.42449
180 41.2413 89.0179 2.73662
181 25.1166 6.65504 1.71732
182 27.9004 81.0474 2.42663
183 14.6733 31.1473 -0.952926
184 48.4012 90.5039 2.4888
185 87.0671 33.8941 2.10347
186 41.1825 73.4288 1.91636
187 44.2207 24.0653 0.322095
188 7.29185 57.0881 2.65003
189 40.5516 1.86751 2.49567
190 87.1782 39.2053 2.34486
191 69.5088 98.884 -0.120765
192 29.423 49.0083 3.31416
193 45.3975 83.3726 2.84509
194 27.8011 56.3796 2.8194
195 35.4745 86.2033 2.59178
196 18.5108 49.8081 2.62184
197 35.0269 62.6299 2.06319
198 46.2883 90.1296 2.40947
199 34.6185 22.8962 0.35523
200 45.9265 91.7452 2.36316
201 70.7816 9.60133 1.51606
202 68.7185 41.3303 1.4016
203 38.6536 13.8323 1.19752
204 11.1392 32.7925 -1.27366
205 81.8707 8.00333 1.44388
206 25.0004 55.5445 2.88822
207 22.9683 65.5415 2.68516
208 22.6437 98.9952 2.22756
209 42.3774 22.7013 0.493318
210 30.844 93.9604 2.5971
211 41.3849 74.1271 2.86579
212 18.3989 19.9782 -0.803573
213 87.7546 7.5894 2.07358
214 7.38498 55.1887 2.93977
215 22.9583 68.5839 2.31867
216 46.6607 73.4915 2.42281
217 35.8095 85.2735 2.56944
218 49.241 8.16028 1.31603
219 33.6955 3.10808 2.07387
220 76.7228 8.56518 1.64045
221 48.5512 84.3741 2.88556
222 74.2192 9.16877 1.6536
223 74.2951 44.1683 1.64806
224 59.9766 37.7378 2.04706
225 67.0413 14.0042 2.23028
226 30.9821 15.8886 1.52721
227 44.3417 77.5474 2.36175
228 39.4322 67.2969 2.41836
229 45.1461 71.9341 2.26631
230 12.6743 56.8091 3.00791
231 33.0887 91.7666 2.82503
232 42.8776 83.2479 2.77449
233 25.3801 63.3614 2.2697
234 20.1425 55.5788 2.82837
235 22.9569 74.3292 2.84286
236 57.2803 70.0455 2.16562
237 65.7737 14.052 1.53754
238 30.8931 84.188 2.90006
239 23.2963 85.8585 2.71354
240 35.3195 92.49 2.76823
241 15.9871 85.7077 2.3765
242 42.8533 75.43 2.8529
243 44.1902 90.6882 2.64957
244 35.4656 13.6924 1.09911
245 43.6181 79.099 2.01046
246 41.4362 71.0408 2.24565
247 87.7318 37.6403 2.08365
248 19.1352 76.6022 3.13311
249 31.8743 55.4566 2.45262
250 31.6746 92.2941 2.89979
251 38.9883 2.43212 2.02286
252 70.0608 44.5781 2.00038
253 53.6235 37.8177 2.40799
254 39.2437 63.9501 1.86389
255 25.8317 93.7947 2.09851
256 43.6368 74.3751 2.11334
257 34.7732 62.8017 2.35184
258 17.607 90.6413 2.46883
259 22.725 75.4695 2.37338
260 26.1137 13.7163 1.68725
261 21.141 81.4263 2.24124
262 43.654 68.4149 2.57312
263 42.4874 82.9335 2.27733
264 60.7665 48.7044 1.83938
265 36.3055 63.3888 2.44345
266 19.0824 39.4881 -2.71945
267 35.9847 91.8669 2.59375
268 17.414 51.2309 3.07003
269 33.0516 94.4996 2.52875
270 26.8166 82.3041 2.88551
271 25.7368 79.2672 3.21071
272 85.954 7.06627 1.91372
273 19.2479 53.1733 3.175
274 27.995 68.0551 2.66882
275 41.874 68.6656 2.11937
276 21.3813 32.5846 -2.03173
277 45.3472 88.7427 2.45807
278 81.3591 44.2811 2.62221
279 43.7468 76.6264 2.24672
280 35.8473 90.6241 3.00161
281 39.5294 70.7818 1.8955
282 22.9333 78.9373 3.14553
283 84.9173 7.05754 1.94588
284 58.6947 67.2775 2.58842
285 42.6955 92.2544 2.78636
286 10.6965 60.3757 2.58912
287 38.1104 69.1322 2.29895
288 37.7831 9.17864 1.05643
289 53.468 66.3337 2.9078
290 27.1028 64.2003 2.20062
291 16.2599 27.0142 -1.10084
292 15.5327 23.4854 -0.773525
293 24.2136 64.0802 1.9974
294 26.7537 77.875 2.34399
295 38.149 86.2329 2.38525
296 50.3455 90.5605 2.24502
297 58.7714 74.0995 2.76089
298 20.7156 88.2087 2.20472
299 69.8578 9.63363 2.03452
300 31.0316 64.1651 2.42764
301 30.1333 94.3152 2.74624
302 16.1493 51.1819 2.95631
303 38.9321 69.7663 1.95252
304 16.1307 99.4641 2.29555
305 41.661 2.17542 2.42855
306 60.44 44.2046 2.03823
307 66.6067 12.0244 1.31431
308 22.1204 85.3594 2.5943
309 25.9843 66.7293 1.75773
310 66.3696 46.4954 2.03981
311 18.2471 66.1319 2.842
312 42.8468 79.7809 2.10141
313 87.3062 8.73363 1.97169
314 28.9717 96.6733 2.76487
315 43.1038 75.9005 2.11377
316 44.1298 87.1483 2.46212
317 25.5228 83.635 2.49992
318 63.673 12.2012 2.20898
319 73.5201 10.0408 1.83624
320 77.5642 8.57606 1.56576
321 31.0338 99.7502 2.41774
322 75.7666 4.97992 1.30214
323 28.1953 88.102 2.07684
324 33.9963 18.3515 0.378127
325 47.7023 73.3241 2.79732
326 36.3259 63.705 2.14857
327 26.3071 61.1087 2.02457
328 83.9055 5.2851 1.41684
329 80.8683 16.8474 1.92576
330 87.5549 6.6021 1.61741
331 69.1211 49.7993 0.903971
332 36.2189 19.4281 0.874138
333 49.3744 92.5275 1.90971
334 17.2203 68.5864 3.09295
335 68.1553 8.3411 2.37521
336 78.8555 7.71812 1.56917
337 20.6931 78.4979 2.77284
338 49.5003 75.4322 2.64444
339 32.573 64.2132 2.15697
340 12.1437 49.3099 2.71559
341 22.1744 86.9826 2.20546
342 30.96 92.6676 2.71771
343 46.9974 74.715 2.14862
344 42.0338 70.0295 1.88047
345 73.807 37.9726 1.43412
346 14.9266 64.9663 2.65244
347 27.0101 13.7772 1.54654
348 9.18909 61.6238 2.82368
349 87.3928 36.2634 1.97624
350 39.6859 73.3867 2.63081
351 19.4612 98.9853 2.75726
352 95.7306 47.9563 2.23431
353 73.7218 42.5292 2.00059
354 28.575 52.5185 2.81301
355 40.7389 62.5434 2.67168
356 79.9646 4.07184 1.14459
357 86.7579 35.9678 2.11236
358 34.3315 90.0541 2.38273
359 23.7673 63.877 2.04496
360 25.3343 98.4271 2.85901
361 16.9448 36.7648 -1.61752
362 35.2009 87.1112 3.08442
363 39.7991 68.6599 2.2506
364 72.1857 48.5233 1.46353
365 39.9919 80.31 2.1423
366 43.0661 90.862 2.86986
367 81.8258 8.97859 1.37527
368 14.6803 54.2092 2.71036
369 91.2371 7.54313 1.41785
370 57.6224 40.8181 1.74778
371 28.4676 94.5869 2.56796
372 32.7896 82.4744 2.48185
373 48.9894 96.1391 1.95801
374 31.1131 95.1725 2.89426
375 50.2837 90.0025 2.27384
376 34.5761 87.344 2.20731
377 86.17 10.1244 2.08053
378 27.7463 66.6547 2.42386
379 78.5491 11.0847 1.4528
380 39.5562 65.9014 2.59983
381 31.6614 21.0986 0.332114
382 40.332 89.7317 2.43545
383 74.9016 35.6901 1.86572
384 41.6639 83.0311 2.15342
385 76.5651 44.1098 1.44673
386 52.9655 45.4576 2.44173
387 18.0515 30.2855 -1.38664
388 48.2449 71.2616 1.86543
389 22.9279 63.167 2.70194
390 19.3138 89.3413 1.97479
391 26.7974 86.1086 3.0474
392 24.0122 62.3895 2.2535
393 47.1114 76.449 2.28649
394 39.6449 90.358 2.62568
395 32.1409 89.014 2.39917
396 33.5764 1.1139 1.72451
397 34.3776 91.4463 2.33781
398 87.0718 7.12791 1.83488
399 16.8006 83.5075 2.72862
400 19.4383 79.844 3.16917
401 34.4314 16.86 0.909786
402 28.3152 51.984 2.43611
403 40.0383 87.5499 2.45118
404 30.2782 64.6453 2.67633
405 92.4179 48.3426 1.77854
406 10.4607 51.7211 3.00897
407 42.7131 92.7156 2.32304
408 24.3073 69.7492 2.22933
409 83.3469 7.20724 1.34945
410 20.7574 81.5446 3.13303
411 33.8813 93.3377 2.0829
412 40.097 60.691 2.66903
413 21.5127 84.2635 2.32721
414 45.7552 75.8463 2.15801
415 80.7456 35.0586 2.09724
416 44.4642 86.4477 3.01614
417 19.3776 79.1819 2.97458
418 34.055 94.8601 2.24689
419 73.2447 35.4786 1.97555
420 21.1838 59.3618 2.15477
421 33.2629 94.2477 2.42771
422 23.2522 79.5099 3.18955
423 72.4341 3.12176 1.55919
424 34.655 1.7874 2.1729
425 37.6607 82.6024 2.68282
426 26.5297 17.4083 1.44827
427 33.6074 98.4396 2.06818
428 34.7874 69.6196 2.12769
429 42.2358 69.0844 2.45709
430 23.02 8.86741 2.00264
431 48.8399 86.5652 2.03361
432 28.092 96.3504 2.14366
433 88.2529 3.9502 1.4136
434 27.4627 61.8894 2.69034
435 72.235 47.1166 1.53176
436 26.8959 7.76702 1.51641
437 19.6259 52.0548 3.17702
438 77.0323 14.6819 1.84972
439 80.7534 10.1508 1.66399
440 42.6322 63.5518 2.40077
441 8.35662 51.3786 3.06278
442 37.8423 91.752 2.83832
443 33.2097 24.2244 -0.0125719
444 42.3773 80.2913 2.62779
445 83.893 41.1606 2.20082
446 76.7481 43.7359 1.84616
447 12.7825 60.6619 2.40091
448 36.9091 89.2824 2.64104
449 52.2227 67.29 2.3415
450 24.0236 88.2974 2.29312
451 27.3784 53.7477 2.62435
452 36.243 2.04103 1.75211
453 38.4346 62.1096 2.0234
454 38.4653 98.8356 2.2627
455 79.631 36.5045 1.91117
456 16.9557 75.0485 2.69493
457 26.6766 80.0798 2.98076
458 28.903 75.9643 2.14019
459 89.4867 32.3449 1.85658
460 23.831 59.3235 2.23876
461 60.1664 40.8115 1.8668
462 44.0869 79.1138 1.98135
463 30.7816 84.8494 2.37548
464 51.0163 82.4607 1.8868
465 23.6388 85.4396 2.77925
466 43.7369 71.4354 2.81682
467 80.7567 8.48312 2.08637
468 15.8928 53.4154 3.35134
469 22.0118 0.791285 2.21404
470 25.7297 11.3627 1.57101
471 29.2453 65.5624 2.55914
472 45.7525 80.943 2.26552
473 45.9681 89.0896 2.0185
474 35.5587 22.3219 1.11939
475 11.6629 54.4005 3.04393
476 87.6804 35.4279 2.21534
477 43.4557 71.4909 2.46814
478 25.5941 2.20878 1.7824
479 71.6495 36.9944 1.4199
480 19.6781 65.7439 2.06958
481 80.4214 2.83193 1.72996
482 29.814 53.6831 2.7136
483 21.1935 87.1397 2.17706
484 16.3018 59.1755 2.34088
485 14.9621 36.2123 -0.986965
486 45.1053 68.2607 1.94085
487 41.4685 69.7595 1.93709
488 16.9764 85.1888 2.19907
489 70.3713 36.2689 1.8806
490 78.5268 40.5218 2.23242
491 34.2277 63.8729 2.01997
492 45.6463 83.2242 2.4255
493 38.7085 73.9514 2.30877
494 30.6832 55.7576 2.64181
495 22.9571 63.4293 2.50579
496 36.1708 91.7478 2.11493
497 33.5312 96.3911 2.1529
498 44.2414 66.6993 1.86692
499 79.6627 15.9011 1.62647
