500
Particles
0 17.0966 8.91672 1.06368
1 50.8284 89.7588 -1.89875
2 90.6416 31.3913 -2.52176
3 94.8162 6.30975 0.788632
4 46.3369 78.9896 -0.263904
5 84.3295 54.5587 -2.85358
6 0.875294 75.5093 -2.55647
7 39.8654 63.4035 -0.877223
8 79.666 26.4696 -2.40185
9 65.6648 34.2613 -0.786098
10 64.6836 77.8486 -1.83622
11 82.6168 84.4606 -0.902436
12 60.8118 77.0032 -1.45548
13 19.9064 42.6295 2.99212
14 50.5347 46.8841 1.91038
15 74.7784 61.69 0.998238
16 96.1512 7.02552 0.523166
17 36.5983 35.9686 2.21547
18 50.1038 75.1586 -0.447109
19 47.9231 97.7039 -1.11989
20 30.9646 74.4116 -2.2099
21 4.93483 75.7155 -2.97535
22 64.3173 94.1977 -3.0391
23 39.5373 40.4166 1.81218
24 28.1404 4.05428 -2.63152
25 84.7677 74.4388 -0.0438405
26 77.9295 66.0722 1.19003
27 42.7971 60.9349 -0.793336
28 13.6522 11.8946 0.289416
29 4.26793 15.9647 -1.78842
30 70.0863 7.53236 -0.636756
31 48.0973 5.83267 -0.763313
32 31.4674 70.562 -1.54615
33 90.3902 27.0967 -2.18792
34 26.6948 72.1101 -1.60258
35 14.5797 9.19785 0.127964
36 12.7726 85.816 2.71741
37 61.2843 53.7902 -0.698523
38 95.0489 28.3415 -2.36532
39 49.4125 98.1353 -1.06279
40 94.1022 31.5709 -1.8194
41 22.4061 45.1179 3.06833
42 63.7165 34.8058 -1.15991
43 75.5146 84.9293 -1.49121
44 52.9548 3.73044 -1.07027
45 64.3719 39.1436 -0.491205
46 18.207 13.3126 0.4424
47 9.47359 92.533 2.94446
48 76.652 25.6821 -2.23219
49 83.1911 69.7746 0.215916
50 87.3631 25.0719 -2.63984
51 20.0488 17.8344 -0.0961173
52 98.0316 69.4889 -0.183592
53 16.3678 86.32 2.92029
54 70.5783 80.0442 -1.86895
55 46.3524 61.653 -0.362534
56 27.0616 69.5059 -1.21481
57 85.3688 5.83751 -0.932607
58 32.2885 59.7706 -1.16334
59 88.7555 77.074 0.445161
60 57.816 56.9029 -0.371163
61 64.3317 30.4893 -0.254111
62 14.3612 15.0989 0.388542
63 47.1247 87.3011 -0.248661
64 54.5735 88.6853 -2.07081
65 3.59768 59.6311 -1.21104
66 56.2591 78.8332 -0.0546512
67 31.2246 9.15569 3.38713
68 4.38904 57.0509 -1.51678
69 18.0783 21.5454 -1.24294
70 91.4995 76.6576 0.180835
71 26.1181 85.7554 -0.685221
72 53.2145 76.6443 -0.598777
73 58.3036 17.7466 -1.65602
74 97.9402 47.5799 2.47489
75 10.3167 33.8022 -1.21209
76 16.0133 23.6529 -1.24862
77 52.784 72.9647 0.490205
78 63.4387 98.7456 -1.58563
79 82.1524 44.7855 2.79701
80 13.7942 19.5021 -1.65751
81 59.0392 67.9324 -0.733078
82 21.368 72.9076 -1.14777
83 48.0441 65.7003 -0.221446
84 41.5853 36.0469 2.38087
85 17.7636 61.7277 2.23446
86 13.7047 30.8466 -1.13678
87 4.32458 42.2341 2.11608
88 1.99631 67.6338 -1.85495
89 75.8002 67.5276 0.590872
90 78.8732 65.4372 1.38776
91 48.1039 5.44187 -0.719016
92 44.9644 61.3666 -0.152654
93 28.8588 61.8494 -0.679876
94 25.7288 91.2389 -1.13029
95 14.4195 13.537 0.801507
96 77.1751 45.5663 2.08251
97 73.4812 51.2862 2.28279
98 76.9949 68.6012 0.55716
99 90.3909 4.57573 0.187826
100 2.02697 68.8166 -1.40852
101 52.0707 52.7968 0.857354
102 80.4748 27.3025 -3.04767
103 14.2839 74.1262 2.86789
104 20.1346 9.57287 0.605806
105 78.3304 66.5216 0.956167
106 24.9411 72.1788 -1.97955
107 64.1849 20.6771 -2.20366
108 26.3678 19.795 -0.270906
109 72.3001 22.7518 -2.91306
110 76.5551 11.8494 -2.04005
111 77.0818 48.9061 2.25918
112 88.8398 22.6887 -3.1223
113 33.7969 44.7911 -3.12463
114 73.0857 65.0053 1.30337
115 53.4371 19.4441 -1.56449
116 61.6015 71.4395 -1.24453
117 74.9034 67.4668 1.10327
118 96.8613 6.60496 0.122211
119 38.1625 53.1549 -2.56582
120 82.7712 59.695 2.7193
121 42.6629 97.2564 -0.705992
122 25.4599 90.6331 -1.91111
123 51.0026 67.3343 0.0227594
124 9.21387 48.981 3.28883
125 1.00007 67.2509 -1.54958
126 50.7035 13.162 -1.07553
127 3.03985 62.0829 -1.32421
128 28.2296 1.65887 -2.46469
129 20.4427 9.66593 1.20885
130 17.8268 19.6238 -0.702948
131 61.4321 75.8908 -1.60557
132 80.3322 81.7012 -1.36294
133 79.5778 80.9364 -1.54289
134 91.4913 80.1112 -0.440367
135 4.68732 76.6956 -2.63779
136 11.8295 87.9462 2.76356
137 96.5651 82.0807 -0.12897
138 32.3187 98.4003 -1.29123
139 11.5862 21.4852 -2.15572
140 80.8099 28.7618 -2.60165
141 1.15116 67.9513 -1.59786
142 1.39121 72.2778 -2.09499
143 69.7924 37.9065 -0.254134
144 66.1132 52.6898 -0.369833
145 64.966 18.8928 -2.27541
146 15.975 16.2717 -0.0989136
147 92.4362 27.6276 -2.12803
148 16.7981 13.6967 0.474311
149 64.8598 55.6868 -0.0520143
150 28.4014 13.252 1.32797
151 12.9543 11.9988 0.861264
152 38.296 88.6733 -1.03654
153 17.8901 10.2249 0.640768
154 71.8122 37.7876 -0.955873
155 85.7027 93.7151 -0.826845
156 76.9157 29.8613 -2.33058
157 55.1275 36.7035 0.193936
158 93.3575 88.1277 -1.40725
159 67.2057 76.6743 -2.50696
160 55.3901 8.89743 -1.40546
161 42.8492 1.65819 -0.982072
162 84.215 29.6858 -2.72154
163 7.46961 43.9101 1.57077
164 7.71925 67.8655 3.00036
165 13.5485 9.35323 0.760494
166 2.57539 56.7646 -1.61223
167 9.6233 72.9821 2.57827
168 53.2751 86.9424 -2.45795
169 78.4853 7.76774 -1.26807
170 89.7306 25.1354 -2.30369
171 81.933 45.2174 2.88288
172 58.6533 20.608 -2.10233
173 71.0868 31.6164 -0.176893
174 78.461 54.3666 2.87005
175 46.7913 9.18915 -0.415687
176 70.7351 63.0279 1.24193
177 17.6296 63.1224 2.61551
178 41.9575 42.443 2.32965
179 14.59 11.8631 0.607371
180 31.5575 48.7038 -2.47281
181 75.8687 34.4364 -1.4966
182 29.1853 65.4228 -1.57283
183 52.0134 38.647 0.0854046
184 84.1573 59.3559 3.24287
185 21.1749 38.7623 3.50938
186 25.5882 92.0782 -1.03651
187 86.0355 24.5776 -3.10228
188 44.8389 83.6138 -0.254249
189 62.4378 4.18218 -1.61056
190 59.0308 79.1582 -0.912056
191 78.3031 50.4323 2.25104
192 25.6151 98.7675 -2.70416
193 63.2663 26.9475 -0.381478
194 81.9442 0.476971 -1.21225
195 52.3253 72.0569 0.741825
196 93.5075 83.8482 -0.275181
197 15.3029 28.9019 -1.85014
198 26.2917 77.6322 -1.83395
199 3.06474 82.1902 -3.27332
200 8.49763 71.6222 2.77686
201 46.3376 97.1188 -1.16316
202 44.4582 66.5303 0.261535
203 22.5664 21.3125 -0.645874
204 88.6933 54.2446 -3.13047
205 64.9744 19.1542 -2.31499
206 2.72871 17.5938 -1.97832
207 87.4972 77.9721 0.466333
208 75.4232 62.8644 0.837174
209 66.7027 71.7918 -1.8935
210 56.3076 54.22 0.591279
211 60.3553 83.297 -1.66531
212 79.6559 83.8437 -1.59692
213 17.0529 19.6047 -1.20644
214 49.1763 64.3209 0.289365
215 27.6718 53.5158 -2.77933
216 65.4472 41.2925 -0.248954
217 6.73413 72.9625 2.66075
218 51.0588 36.0965 0.234682
219 24.4454 33.6865 2.92761
220 13.436 59.6596 2.33043
221 30.8412 24.4368 -2.99039
222 58.4331 55.666 -0.561777
223 1.20326 21.638 -2.24079
224 93.9382 4.35322 0.0230087
225 36.6455 60.6171 -1.13747
226 62.4443 34.7693 -0.69114
227 80.4911 25.7179 -3.34122
228 20.6301 29.8984 -2.22813
229 34.3364 19.8818 -2.97787
230 16.1692 45.3095 2.90916
231 54.4993 69.2146 0.135306
232 45.2453 2.04068 -1.16799
233 19.1424 48.0976 2.95826
234 89.6554 81.1097 -0.123556
235 26.0483 67.9478 -1.59972
236 82.6923 27.9622 -2.56135
237 62.5686 0.931864 -1.64243
238 41.6441 45.8234 2.22194
239 46.0621 80.8482 -0.108291
240 65.9554 58.5107 -0.100124
241 58.6158 89.8754 -2.1358
242 21.4744 17.3068 0.0576317
243 6.72696 73.0961 2.82044
244 38.4679 96.8589 -1.17302
245 22.3101 16.5665 0.730083
246 31.9562 89.0952 -1.18804
247 10.7742 53.2947 2.68826
248 53.68 47.0448 1.59408
249 80.2194 50.8571 2.41626
250 10.5574 32.8105 -1.00881
251 96.3102 24.1073 -1.99046
252 35.9868 65.5745 -0.529454
253 25.4259 37.2906 2.72732
254 63.822 5.65059 -0.812023
255 60.6458 59.9306 -0.553789
256 25.3019 17.3682 -0.312036
257 28.703 90.9878 -1.13011
258 86.3072 26.5737 -2.66856
259 26.6923 73.2342 -2.01596
260 5.91509 80.301 3.43299
261 32.6376 43.9644 -3.08163
262 70.0141 36.1662 -0.681092
263 13.0695 62.1072 2.27271
264 82.741 16.0504 -1.94296
265 19.4097 49.0042 2.74901
266 10.571 96.8499 3.07494
267 57.1533 89.0167 -2.90692
268 68.2813 4.67856 -0.553444
269 96.1512 89.151 -0.893678
270 26.1508 64.6632 -1.04032
271 26.8671 68.1164 -1.3727
272 19.6584 29.2718 -1.66488
273 92.0278 81.9494 -0.382112
274 9.6675 83.1652 2.94581
275 35.1496 15.8405 -3.04995
276 77.8638 69.3804 1.25105
277 62.7545 18.9228 -1.97721
278 90.4874 20.2755 2.78826
279 37.8529 25.4808 2.92753
280 80.2039 41.2475 2.25342
281 50.8594 13.2297 -1.49607
282 39.0929 37.9347 2.09301
283 97.1245 82.92 -0.913471
284 60.4926 91.2384 -2.70952
285 85.578 46.8561 2.56188
286 9.14249 47.1923 2.36488
287 28.9568 91.109 -1.58997
288 92.5673 4.56107 0.231075
289 93.1566 13.2034 0.943457
290 68.0142 28.3527 -0.89046
291 51.3879 93.3881 -1.4656
292 76.4416 5.66189 -1.04265
293 13.6365 66.4445 1.68298
294 73.2358 82.2843 -1.6326
295 38.3494 67.7714 -1.20755
296 74.876 63.105 1.10073
297 69.4105 34.7403 -0.924409
298 52.3473 7.65942 -0.521108
299 89.631 75.3104 0.574791
300 15.1171 58.8058 2.63979
301 60.3054 68.081 -0.965996
302 93.2378 29.9024 -1.89152
303 83.1105 20.6443 -2.60824
304 54.7992 85.1775 -2.71886
305 56.1856 76.0199 -0.653451
306 14.5327 90.9537 3.02966
307 54.9718 5.30895 -1.50944
308 35.2051 47.3655 -3.25149
309 5.66031 97.379 2.44494
310 44.8138 50.106 -1.31386
311 7.31172 92.6095 2.86348
312 19.2438 14.9312 -0.00859656
313 9.85562 14.1629 0.828435
314 99.5201 5.18342 0.849078
315 75.4205 29.7131 -0.79155
316 99.7204 77.4334 -0.919362
317 95.7404 71.269 -0.476842
318 67.4887 62.405 1.16125
319 87.5097 50.2381 2.78392
320 55.5995 68.7051 0.225965
321 10.0825 92.1138 3.16598
322 77.4674 49.3178 2.91575
323 82.7026 43.7289 2.8857
324 55.3851 10.4038 -0.942564
325 58.4508 36.3078 -0.169369
326 88.4993 5.89462 -0.410853
327 10.0411 20.0858 -1.91091
328 76.3757 62.4695 1.386
329 28.7612 71.7985 -1.55081
330 15.7252 17.123 -0.160826
331 79.3188 76.9167 -1.52
332 30.9211 71.7472 -1.60806
333 30.7628 50.9777 -2.24677
334 42.5579 86.9301 -0.680398
335 83.1557 48.7123 3.19626
336 10.8031 72.1934 2.25016
337 47.5011 77.5368 -0.616224
338 64.2899 36.4217 -0.548725
339 88.0467 8.14671 -0.483605
340 53.2173 68.1419 0.3619
341 78.0198 15.9889 -1.87442
342 52.1146 69.3925 0.51075
343 34.834 23.0567 -2.90556
344 84.2417 23.8609 -2.41462
345 73.5231 67.9902 1.40189
346 22.2423 44.5657 2.32959
347 77.6085 69.8397 1.52613
348 49.6478 80.0312 -0.615595
349 57.4251 78.7615 -0.173377
350 23.4116 12.67 0.40296
351 70.7803 31.5766 -0.88027
352 53.1383 2.68821 -0.587973
353 97.1936 46.9411 3.35869
354 99.233 52.3582 2.38054
355 67.7513 72.768 -2.23802
356 92.5951 7.8354 0.225813
357 82.0797 83.4615 -1.20102
358 36.1878 47.2081 -2.69623
359 77.9918 60.3818 1.26663
360 71.8037 40.6937 -1.00001
361 78.9157 54.504 2.39406
362 77.0036 46.4673 2.22421
363 15.7176 27.4373 -1.44803
364 93.4516 17.7978 1.65532
365 17.8807 12.2657 0.63157
366 4.02603 78.4767 -3.32037
367 67.5691 21.2214 -3.26673
368 15.7667 16.3257 -0.352709
369 72.5957 67.2798 0.456809
370 70.784 57.3263 1.38926
371 62.3967 68.7539 -1.7625
372 71.7717 80.8522 -1.509
373 27.2534 49.5038 -3.13172
374 52.5217 9.77338 -1.14892
375 18.5465 11.8601 0.379063
376 76.8358 18.9204 -2.82903
377 31.3804 3.67073 -2.59323
378 21.826 14.739 0.900582
379 9.2413 79.9923 3.14347
380 71.5794 34.6261 -0.519661
381 78.634 87.1323 -1.11595
382 59.7049 50.2331 0.272811
383 96.7612 6.05927 -0.0384367
384 96.926 12.0494 0.831707
385 40.7742 63.2226 -0.930174
386 34.5238 63.2779 -0.350244
387 14.1259 54.8635 2.95804
388 62.4745 36.8979 -0.691278
389 84.7749 56.6648 -3.08839
390 54.9932 84.6746 -2.84369
391 37.6391 44.265 2.39298
392 58.3865 10.5757 -1.49627
393 53.4126 34.4517 -0.372416
394 5.44771 74.0777 -3.07865
395 32.3513 45.9532 -2.72249
396 4.19793 19.5897 -2.45829
397 83.0494 52.2721 3.1033
398 63.2862 73.6511 -2.47739
399 31.9593 6.65963 -2.41854
400 95.0943 51.8117 2.8897
401 6.0943 45.624 1.56814
402 18.2968 25.9372 -1.61217
403 55.9005 50.7027 0.751425
404 83.338 2.91201 -1.71878
405 49.6627 85.8206 -0.89777
406 15.5336 43.8005 3.05962
407 0.213837 76.4791 -3.01058
408 26.2809 46.0934 2.98554
409 7.19156 76.0863 3.42591
410 45.1962 83.6025 -0.142597
411 73.4276 65.4345 0.952579
412 15.4428 24.2525 -1.705
413 27.8045 37.0534 3.14254
414 29.5744 20.3887 -2.72157
415 78.753 2.99238 -0.978421
416 88.5958 59.3828 -3.17868
417 99.5967 70.438 -0.616045
418 60.1123 52.4594 -0.444805
419 48.2333 95.3498 -1.02241
420 77.8671 62.4733 1.59551
421 51.1368 77.9338 -0.352659
422 29.3734 64.0092 -1.28173
423 24.2606 88.9037 -1.86781
424 71.5081 63.7156 1.23689
425 1.34376 74.7292 -2.90488
426 56.1013 18.6576 -1.16108
427 55.6636 13.7453 -1.51235
428 21.5854 13.7936 0.161623
429 26.4444 15.1456 0.341965
430 39.0462 96.5428 -1.05317
431 24.3701 12.6541 0.536612
432 84.2344 26.3611 -2.46216
433 57.9999 19.5225 -2.08353
434 68.0281 66.9432 -1.19684
435 91.5656 24.0822 -2.15419
436 65.3894 35.4268 -0.709678
437 79.4481 98.6631 -1.73323
438 47.2066 98.627 -0.953074
439 60.18 20.1471 -2.58781
440 98.8798 54.8733 2.38101
441 5.00609 69.4273 -2.87043
442 73.7898 48.2032 2.02335
443 44.7735 66.7285 0.344824
444 21.1032 11.3065 0.672665
445 63.0099 57.3363 -0.313305
446 27.0548 41.6144 2.8566
447 10.1266 49.0518 2.57398
448 75.8211 61.1641 0.752781
449 62.0512 55.8014 0.171091
450 49.5541 82.8987 -0.11798
451 13.0476 21.9444 -1.20372
452 55.9419 74.6711 -0.27689
453 82.1851 30.7085 -2.65611
454 22.5375 67.3824 -1.1016
455 3.22696 51.2426 2.75052
456 46.0825 78.7867 -0.104058
457 41.8037 41.1781 1.84812
458 30.4615 74.2164 -1.9836
459 25.0501 87.9991 -1.30271
460 89.2235 58.0861 -2.88606
461 76.6824 69.3632 1.11187
462 25.3325 15.8914 0.938753
463 69.7814 19.0427 -2.73963
464 35.1381 25.9671 2.93823
465 36.784 51.8257 -2.98745
466 66.3982 40.0817 -1.1434
467 95.9487 79.3394 -0.215837
468 84.308 72.9124 0.104469
469 67.4866 34.6733 -0.496482
470 48.8681 73.8238 0.634758
471 27.1401 22.2207 -2.07121
472 25.7699 21.2513 -1.19533
473 13.1381 48.5993 2.60316
474 72.7327 61.7429 1.24551
475 18.9615 43.9619 2.5629
476 83.406 91.7679 -0.83694
477 84.235 10.0536 -1.212
478 49.1118 7.87479 -0.535121
479 77.4038 88.9224 -1.82012
480 40.8897 41.0803 2.49471
481 80.1711 58.8593 2.33719
482 77.9367 81.9015 -1.27023
483 78.5978 43.4167 2.06991
484 69.7571 3.20406 -0.533817
485 95.123 26.7862 -2.12291
486 68.5169 33.0908 -0.439509
487 63.5883 40.4558 -1.14684
488 13.7732 7.20374 0.29638
489 3.52529 53.4714 -2.40945
490 38.7436 66.4588 -1.01802
491 28.9904 93.21 -1.19643
492 25.154 17.6757 -0.417337
493 62.3901 17.1063 -2.42628
494 32.0149 90.8566 -1.26887
495 26.7314 6.86161 -2.79829
496 59.5217 68.5422 -1.55433
497 70.5892 57.7723 1.27961
498 32.7029 18.8948 -2.61562
499 28.8844 85.5038 -1.38116
