500
Particles
0 56.5323 64.0586 -1.88282
1 92.212 7.57981 1.34439
2 89.6666 12.7828 1.27774
3 90.7867 48.5909 2.96792
4 91.6378 95.4464 0.312109
5 8.48827 14.9485 0.679651
6 99.276 7.39782 1.25214
7 50.3425 0.364353 -0.287306
8 66.5989 59.6319 -1.26882
9 67.3817 65.6307 -1.2037
10 87.0634 26.4857 1.78024
11 47.4449 98.421 -0.336339
12 91.9485 22.0121 1.55916
13 64.9414 16.4778 -3.0631
14 93.9869 97.8627 0.314087
15 98.7389 26.8509 2.17732
16 96.0056 48.4107 2.70014
17 74.0481 20.2787 2.71075
18 94.5777 6.15762 0.791861
19 89.3072 84.2224 0.860191
20 88.0728 50.0314 3.04218
21 1.93567 4.39983 1.20996
22 82.5446 22.5376 2.33016
23 76.2028 22.5954 2.62483
24 20.7215 61.9846 2.61285
25 5.82413 20.868 0.745877
26 26.0932 14.1949 0.267849
27 54.7152 99.3335 -0.664716
28 53.0494 66.6358 -1.69376
29 77.2866 23.3824 2.67151
30 94.5761 15.7461 0.982117
31 89.5452 67.416 0.775061
32 85.3591 48.8075 2.32605
33 90.8015 11.4933 0.760761
34 81.7044 33.2162 2.69599
35 48.7924 64.4457 -1.76074
36 47.4469 0.179475 0.364276
37 1.75539 9.63294 0.583409
38 88.5393 15.4372 1.49833
39 90.1022 97.1167 0.230937
40 84.5688 19.9611 2.33194
41 64.7262 18.1593 -2.95394
42 64.1824 65.8667 -2.01277
43 96.658 33.8916 1.93978
44 92.7219 12.3463 0.949531
45 70.7921 69.503 -1.28857
46 58.0725 67.8962 -2.023
47 72.1268 15.514 2.56899
48 64.7849 57.493 -1.71122
49 7.97305 14.3298 0.884515
50 74.7712 61.2823 -1.6912
51 61.5058 70.7867 -1.64833
52 99.7495 75.7224 -1.71445
53 48.2853 99.1981 0.342462
54 77.7524 22.5468 3.12056
55 57.4411 16.6367 -2.34552
56 77.043 30.8138 3.06575
57 27.5675 38.6956 0.841151
58 75.0952 25.5673 3.30222
59 7.32399 17.9316 0.916822
60 99.6642 10.5688 0.831099
61 63.0316 62.0389 -1.93771
62 51.2495 68.9859 -1.67768
63 91.091 4.51969 0.599931
64 96.3249 10.3649 1.34328
65 54.0144 27.6583 -2.73693
66 1.43445 13.6194 1.25865
67 42.1258 54.5892 -1.54749
68 52.079 22.9133 -2.22897
69 54.5654 72.9449 -1.54431
70 1.37858 7.54545 0.821204
71 44.6792 30.5399 -1.94097
72 97.4455 10.8783 1.07068
73 49.6051 47.8828 -2.0842
74 42.5055 16.4884 3.21564
75 56.7485 11.5259 2.70169
76 52.2343 73.714 -1.58403
77 96.3277 9.50758 0.635096
78 95.3996 14.3612 1.21334
79 96.919 5.11361 1.10672
80 50.7357 74.4567 -1.51206
81 99.7031 13.6093 0.631361
82 24.2871 74.2421 0.118921
83 96.9036 2.63647 0.821736
84 15.345 31.3416 0.748928
85 43.7359 66.1807 -1.45433
86 46.2132 82.8699 -1.97894
87 52.7732 17.8413 -1.95014
88 97.0556 94.3688 0.64346
89 24.6731 15.5664 0.780574
90 36.1867 99.2081 0.141416
91 89.2344 66.3742 0.300384
92 53.4959 15.6618 -3.08147
93 75.6135 26.7073 2.94668
94 76.5819 48.3041 -0.812211
95 52.6665 67.2422 -1.46139
96 97.8091 7.54957 0.837069
97 1.5458 11.5637 0.695746
98 31.75 12.54 0.925456
99 89.9155 43.5973 3.05876
100 99.1637 74.1489 -1.3887
101 93.8525 6.42944 0.742639
102 68.0801 60.4402 -1.48446
103 37.2863 42.2152 -1.9737
104 58.737 64.547 -1.70661
105 36.0314 97.561 -0.193558
106 76.2288 33.3665 2.64281
107 59.6226 53.0912 -1.94519
108 62.887 69.2511 -1.9429
109 61.4883 56.3638 -1.82736
110 89.7092 19.3679 1.9213
111 1.81727 9.44374 1.33794
112 71.4379 60.2561 -1.67635
113 69.589 21.817 3.42626
114 97.5334 30.1836 1.5439
115 43.769 53.1947 -1.20124
116 100.188 14.9418 1.09068
117 14.8655 24.0753 0.787186
118 94.7941 48.7771 2.93192
119 75.2458 26.1717 2.78129
120 15.488 20.3029 1.54006
121 83.6341 51.8317 2.46578
122 76.1099 48.9197 -1.1851
123 92.5948 5.75011 1.36038
124 56.9299 23.2251 -2.36429
125 54.1689 27.0219 -2.5285
126 81.278 63.1144 0.114575
127 56.545 23.5381 -2.03111
128 20.1484 63.0685 2.63541
129 58.2379 64.219 -2.11323
130 56.3444 71.4313 -1.22858
131 87.3152 24.0278 1.878
132 43.4038 98.5125 0.301745
133 40.7981 0.846462 0.376204
134 9.6898 13.6369 1.01877
135 4.07698 7.49201 0.466826
136 41.3916 10.9422 0.644025
137 3.01816 8.86512 1.36896
138 74.9637 51.454 -0.463926
139 47.9796 72.7839 -1.67189
140 66.5012 62.5678 -1.26337
141 52.1246 28.8459 -1.85613
142 99.6337 99.5127 0.926831
143 72.3695 69.2164 -1.3285
144 1.9704 10.7669 0.998381
145 56.0865 50.7547 -1.84012
146 56.9051 69.8478 -1.75387
147 89.0425 9.82601 1.45773
148 55.9882 70.1614 -1.22812
149 1.76023 13.6256 1.22601
150 62.8016 65.2801 -1.89495
151 52.6195 67.5355 -1.33575
152 48.0565 29.9637 -2.0551
153 59.6717 65.6591 -2.03936
154 73.6498 69.3421 -1.0881
155 43.2138 1.7787 -0.264868
156 67.2807 60.9741 -1.71646
157 68.7806 72.3277 -1.49929
158 17.1531 12.5383 0.0595034
159 95.016 27.5013 1.92083
160 94.079 14.1784 1.22373
161 87.1363 63.7365 0.448281
162 71.1249 63.4115 -1.36195
163 56.2816 20.0054 -2.55153
164 5.18944 75.8363 -0.107755
165 47.5185 62.5894 -1.00441
166 52.0246 23.0075 -2.68427
167 7.46041 8.1703 1.44377
168 94.0204 7.05869 0.75021
169 97.8673 36.1935 1.45712
170 88.5962 9.36246 1.35631
171 99.1671 6.53442 0.400457
172 51.0491 51.8048 -1.58659
173 65.9956 63.1851 -1.93245
174 3.95882 16.6722 0.656197
175 85.8587 68.1271 0.691388
176 95.8472 27.7211 1.72169
177 42.572 67.8381 -1.24185
178 1.15392 41.3143 2.85254
179 54.0558 66.0068 -1.55796
180 68.5546 23.6065 -3.14578
181 70.6955 64.8801 -1.47263
182 75.9615 32.0104 3.1136
183 84.3117 7.84942 0.822907
184 5.02578 24.3786 1.18591
185 64.7543 11.7032 2.70492
186 74.8791 49.2263 -1.04012
187 69.1474 60.5225 -1.18498
188 91.1897 2.31392 0.83076
189 96.4361 14.9675 1.02374
190 98.4986 17.7527 1.57599
191 2.18291 12.0956 1.03035
192 45.634 66.564 -1.78137
193 61.9843 59.1076 -1.1165
194 39.4714 13.1093 0.66318
195 97.5533 7.48258 0.682889
196 12.6201 13.1588 0.596842
197 48.157 82.9189 -1.95641
198 26.6767 70.1908 0.476553
199 14.821 13.4274 0.832797
200 4.33994 5.02158 0.706617
201 87.7829 95.3 1.06072
202 97.0731 75.9347 -1.20624
203 62.6807 79.1327 -1.69609
204 5.27323 14.7332 0.400517
205 53.1736 50.9468 -1.50458
206 23.4253 36.611 0.406908
207 10.677 21.8409 1.21285
208 4.20216 26.4538 0.749752
209 91.1529 24.4477 2.03933
210 96.1336 9.5553 0.804542
211 83.5964 23.8416 2.05042
212 42.0782 98.5782 0.345067
213 56.6466 73.3619 -1.97053
214 94.1508 2.25733 0.63818
215 71.136 28.7934 2.75671
216 70.6514 73.1405 -1.51648
217 0.896607 5.80809 0.802886
218 65.5402 75.2307 -1.54472
219 76.8996 20.6891 3.18692
220 15.1781 5.88402 0.860919
221 64.9719 73.263 -2.14633
222 99.6836 9.74939 0.496049
223 61.2446 11.0435 2.59469
224 91.9769 47.2789 2.23172
225 49.3014 99.904 -0.0361358
226 66.1349 66.4507 -1.97933
227 67.4868 58.5795 -1.03986
228 49.0894 83.999 -1.63758
229 66.7338 68.5279 -1.34759
230 61.7123 19.5172 -2.15587
231 96.768 10.8533 1.16982
232 89.613 64.5277 0.43402
233 35.0054 40.9241 -1.39788
234 12.9174 15.7739 0.310652
235 77.5345 28.998 3.3785
236 66.9519 62.067 -1.23384
237 98.1942 13.4221 0.745662
238 78.4245 25.3688 3.14846
239 92.7097 98.9442 0.545337
240 91.7204 23.0928 1.75243
241 97.2719 13.7824 0.807738
242 62.2418 71.1141 -1.67026
243 2.29144 7.25184 0.700405
244 84.5201 61.6075 0.650974
245 61.6026 70.7642 -1.83784
246 81.5498 46.1423 -1.03234
247 58.8155 23.9478 -2.42169
248 95.3092 99.7941 0.795581
249 1.82257 14.3297 1.31786
250 57.4481 96.027 -0.0522227
251 93.2277 14.5772 0.909653
252 50.633 2.35831 -0.346999
253 65.2315 12.2868 3.13966
254 86.1087 23.9024 2.16257
255 1.51311 14.0106 1.16629
256 62.978 69.8093 -1.70664
257 79.3511 47.8953 -1.32116
258 70.9521 61.415 -1.56
259 77.9045 33.6879 2.84612
260 10.1713 14.0085 0.965233
261 69.7806 18.5805 2.66008
262 69.8459 66.7039 -2.08175
263 42.0997 73.6664 -1.04132
264 91.7713 11.6112 0.729171
265 38.4602 39.725 -1.31724
266 45.7743 68.6351 -1.35205
267 95.9246 9.95322 0.886871
268 79.3621 19.5368 3.08987
269 48.2691 96.3398 -0.250537
270 74.9213 27.7973 3.36406
271 77.5711 30.2448 3.15674
272 50.5173 83.6308 -2.37967
273 12.2654 15.052 0.368808
274 41.7112 71.4963 -0.756269
275 62.464 63.4478 -1.8775
276 34.499 11.3823 0.423149
277 49.1455 50.6162 -1.59412
278 90.5255 6.84867 1.03737
279 65.2425 72.7906 -1.75386
280 98.3324 98.9931 0.733337
281 76.1844 53.6703 -0.570331
282 75.9746 23.5215 2.9319
283 6.77092 11.6974 0.759828
284 98.0804 14.8595 0.554278
285 0.577813 7.00878 0.806346
286 59.0018 22.5135 -2.90149
287 77.9407 45.2271 -0.841094
288 91.9669 46.6833 2.56465
289 93.1091 11.9137 0.717694
290 60.6582 60.6163 -1.50123
291 93.7359 8.4376 1.02179
292 96.5879 36.0869 1.8055
293 41.6812 70.7602 -0.915156
294 78.4273 24.3059 2.81199
295 51.7914 4.31499 -0.38524
296 4.57612 25.7901 1.2295
297 69.2076 65.1716 -1.45232
298 94.4654 9.68059 1.2033
299 5.56003 9.58378 0.820263
300 41.6458 64.819 -1.01705
301 0.968221 11.9207 0.548522
302 89.9807 15.7797 1.27006
303 68.8974 55.6851 -1.41329
304 91.7084 5.59885 1.02714
305 98.2061 15.3984 0.678056
306 47.7063 1.27088 0.183119
307 94.7649 12.2833 0.738155
308 71.3481 22.3172 2.75461
309 45.3038 71.0762 -1.16113
310 51.7155 -0.190009 -0.43896
311 68.8977 13.7942 3.05122
312 61.6232 71.9641 -2.05976
313 51.0866 67.5452 -1.08364
314 98.7403 47.182 2.8168
315 63.6006 61.1065 -1.13859
316 3.11916 7.39042 0.486305
317 99.2943 2.49789 0.762694
318 92.1315 24.9865 2.01537
319 1.33296 9.97159 1.35521
320 0.755021 10.0935 1.3096
321 76.4009 19.3296 3.02107
322 1.19793 8.70157 0.544841
323 96.7982 4.08317 1.09694
324 95.2806 15.3897 0.832687
325 66.7944 68.6485 -1.47575
326 86.5288 39.7218 2.78818
327 47.3782 71.1491 -1.04987
328 3.94866 26.8593 1.2653
329 87.4843 48.0415 2.86648
330 54.2828 69.1412 -1.03815
331 42.8103 98.3706 0.0681022
332 86.9208 47.9018 2.82953
333 22.3436 70.6483 -0.0785936
334 90.4151 96.6621 0.61783
335 1.84931 10.7477 1.05339
336 8.8829 5.73088 1.46645
337 92.6381 99.084 0.961486
338 65.2225 66.6186 -1.78705
339 85.7885 39.3685 2.85397
340 95.1501 7.87681 0.555426
341 91.3244 3.55656 0.939515
342 93.9173 8.04142 1.00278
343 68.3936 72.3567 -1.59365
344 68.803 57.7438 -1.85898
345 96.728 32.8776 1.67145
346 65.3206 19.0713 -2.49222
347 34.1552 12.1156 0.437082
348 93.1929 2.37758 1.3989
349 96.5732 16.7595 1.28441
350 62.488 68.954 -2.07395
351 68.8706 62.4574 -1.41924
352 91.6844 9.00049 1.4578
353 47.1366 10.5869 -2.28904
354 47.2679 27.0059 -1.72281
355 88.6241 27.6971 2.04095
356 87.8436 45.76 2.23795
357 45.7745 99.5025 -0.125514
358 72.2469 22.9002 2.68364
359 13.4028 21.3553 1.32407
360 75.1071 72.9284 -1.27092
361 3.62188 17.0388 0.942763
362 99.1584 7.35151 0.531827
363 48.3592 80.4256 -2.49861
364 92.2357 11.4428 1.15951
365 58.4309 67.3461 -1.53786
366 4.01016 6.72594 0.841168
367 60.1684 54.0517 -1.98603
368 54.8966 68.9478 -1.31087
369 99.8824 30.6576 1.1817
370 94.7478 22.8658 1.72805
371 1.78897 14.191 1.01102
372 79.1306 24.3221 2.44442
373 67.902 25.5419 -3.32148
374 93.3962 13.543 1.44518
375 57.2931 66.1005 -1.15264
376 62.9349 53.6101 -1.4942
377 38.6574 48.4673 -1.95623
378 61.5559 69.4653 -1.70063
379 14.0137 8.33204 0.546616
380 66.6933 65.7368 -1.41954
381 37.3947 11.4403 1.11634
382 98.35 6.58397 1.19199
383 -0.13131 47.272 3.12482
384 14.1641 26.9859 0.753387
385 53.0348 99.6884 -0.313989
386 47.1019 3.05548 -0.089664
387 41.9559 64.9788 -1.06857
388 68.7604 67.4221 -1.47997
389 12.1506 15.7442 0.65909
390 93.2083 8.99641 0.816007
391 74.0341 22.3753 3.5223
392 92.1682 18.8873 1.21436
393 66.4136 70.6159 -2.0692
394 0.6922 7.28163 0.613404
395 70.4516 19.5477 2.45925
396 75.336 19.2268 2.89133
397 4.53909 13.9846 0.914144
398 88.0348 23.2236 1.62107
399 41.6208 51.9197 -1.20567
400 95.8479 97.0159 0.752358
401 54.4714 20.7196 -2.33622
402 49.8867 79.5343 -2.02543
403 96.6416 6.10202 1.21181
404 24.5769 36.2076 0.64339
405 91.3231 6.52851 1.50116
406 61.8098 18.0415 -2.41401
407 0.584904 6.00064 1.00549
408 66.1101 23.7756 -2.5346
409 6.12877 8.48941 1.25207
410 93.5941 98.4607 0.827773
411 99.1392 29.8142 1.32303
412 50.4398 78.1776 -1.68858
413 72.0003 17.8703 3.3606
414 64.6612 68.2238 -1.4635
415 96.2742 35.6336 1.9772
416 3.12608 23.2042 0.828996
417 97.7177 100.32 1.10531
418 99.1391 8.31171 1.26672
419 92.374 86.1136 0.837479
420 14.9879 21.9441 0.745732
421 93.3408 6.74465 0.92883
422 76.235 28.0129 2.74402
423 51.9064 36.5249 -2.49147
424 96.0812 28.6914 1.96518
425 2.74893 3.08999 1.30045
426 45.9308 51.5565 -1.42508
427 92.5395 14.6689 0.827749
428 60.1096 68.0439 -2.15312
429 64.8531 67.3273 -1.64794
430 84.9919 63.4108 0.280494
431 60.9704 66.9175 -2.14327
432 68.5922 60.7384 -1.69109
433 47.8323 54.0597 -1.55901
434 82.838 25.3766 3.18839
435 88.6769 9.66317 1.16021
436 70.4856 66.5386 -1.41264
437 32.6985 16.3455 1.09694
438 87.4695 96.8228 0.854018
439 48.4994 52.416 -1.46689
440 48.8969 25.7009 -2.47477
441 3.56455 79.2861 -0.109627
442 98.2348 9.901 0.421009
443 44.932 27.5672 -2.46011
444 62.5266 68.6157 -2.24641
445 100.055 15.2295 0.701922
446 65.4416 14.3584 -3.35827
447 61.7265 23.2917 -2.0576
448 98.9605 27.5916 1.53719
449 99.6875 13.7937 1.14649
450 95.6116 3.32375 0.920009
451 49.7767 74.893 -1.54322
452 97.3121 14.8432 1.1707
453 67.5064 63.8259 -1.59555
454 72.8031 29.8405 2.91729
455 49.4515 21.198 -2.49356
456 92.5745 96.3321 0.920295
457 78.5158 27.6168 3.22383
458 91.5046 51.0488 2.8154
459 50.7557 35.5968 -2.12425
460 9.3452 15.1223 0.528085
461 37.5296 97.9391 -0.368242
462 64.0545 70.3525 -1.401
463 65.4701 53.0071 -1.86571
464 65.6408 75.0813 -1.25497
465 73.6202 24.4995 3.00875
466 67.5375 70.3063 -2.18249
467 2.2135 8.78575 1.12249
468 6.35927 18.6073 1.25011
469 66.6065 65.4251 -1.25488
470 92.8798 5.79841 1.23862
471 63.5966 71.0202 -2.11467
472 63.3695 72.3172 -2.07399
473 67.7337 29.016 3.46775
474 98.0203 26.7367 1.92229
475 63.4723 18.113 -2.27529
476 43.2569 1.00323 -0.297227
477 27.0031 41.1238 0.686012
478 87.6255 67.7437 0.955616
479 98.74 33.4873 1.5845
480 78.6042 26.2003 2.99892
481 6.07968 24.3651 0.663101
482 35.1672 11.5122 1.05002
483 96.353 4.82036 0.644842
484 90.8281 18.3339 1.30314
485 88.8529 15.0533 0.790307
486 67.5805 63.5246 -1.13879
487 71.6126 72.2904 -1.52353
488 43.7173 57.7622 -1.55223
489 51.5091 23.3663 -2.42609
490 51.7485 3.79289 -0.169836
491 77.8733 49.98 -1.26779
492 61.6434 69.1921 -1.97839
493 71.7109 53.3149 -1.41031
494 79.9034 44.635 -0.879668
495 38.1879 56.2158 -1.38515
496 99.1627 13.5143 0.900664
497 95.7782 22.8414 2.21868
498 65.9811 68.2695 -1.6642
499 51.4651 33.3835 -1.73087
