500
Particles
0 96.3647 72.3881 2.6268
1 35.7892 77.3015 2.13411
2 3.39677 6.22873 3.00426
3 60.4392 22.3449 1.33378
4 80.7581 83.7406 0.967773
5 97.7492 48.0401 -3.0887
6 18.1408 1.57894 2.29492
7 79.2717 30.4314 1.29984
8 48.5471 89.5403 1.36453
9 43.023 91.21 1.34305
10 20.2457 79.0846 2.19116
11 1.61783 99.9114 3.25825
12 6.87617 6.17492 2.5666
13 86.8184 75.2225 0.445357
14 85.4429 87.536 0.87994
15 92.0706 77.9269 2.48177
16 36.5338 90.5844 2.25389
17 84.5479 1.47264 1.43971
18 78.9573 93.7655 1.10826
19 56.9545 15.1575 2.58775
20 60.6665 23.5647 1.28078
21 99.3911 88.8178 1.75336
22 22.7678 93.7905 2.77417
23 85.6144 80.0503 0.878517
24 68.5611 26.3092 2.07959
25 7.30718 82.3906 1.78502
26 96.8599 39.099 -2.74302
27 92.993 95.3722 2.05264
28 7.82531 89.8715 1.86048
29 18.6956 11.7988 2.05817
30 59.3683 34.048 1.61945
31 16.5339 92.3183 2.20616
32 47.1619 20.9126 2.49677
33 68.6878 32.4525 1.67433
34 11.0924 82.858 2.70997
35 78.5384 97.4096 1.37108
36 59.6302 41.1523 2.49141
37 24.1893 9.91729 2.13369
38 6.3877 85.7168 2.48206
39 84.98 80.1916 1.00202
40 12.7414 80.4858 2.81303
41 82.967 80.7282 1.48934
42 31.1019 92.1425 2.57916
43 65.0079 23.26 1.39633
44 36.7123 80.5908 2.37854
45 28.6379 87.0595 2.12919
46 12.9447 86.5866 2.0194
47 86.0766 21.0377 0.933163
48 18.2265 84.684 2.19117
49 1.80495 69.9583 1.91994
50 88.6374 97.562 1.79029
51 24.9116 94.8005 2.45926
52 68.0314 25.2702 1.51085
53 60.0868 40.5315 2.51703
54 85.2661 84.5558 1.46248
55 73.2107 19.1712 1.86782
56 88.6326 86.7098 1.50645
57 17.8655 71.6365 2.29893
58 87.1811 90.0363 1.22785
59 7.1893 83.4628 2.50844
60 89.396 94.5917 0.982806
61 18.9921 81.1288 2.78718
62 43.038 86.8104 1.95995
63 36.1804 71.3066 2.81983
64 6.20382 96.9596 2.66536
65 82.2902 22.3599 1.49248
66 84.1019 98.6278 1.75908
67 85.6544 98.093 1.56414
68 81.8822 19.3749 0.786314
69 22.8922 74.1541 2.87735
70 19.14 6.08628 2.71708
71 13.1714 85.172 2.67779
72 85.7065 95.1092 1.37693
73 23.7182 7.46561 2.78537
74 15.7306 74.24 2.59847
75 80.9059 27.9689 1.63408
76 20.0199 75.8608 2.11249
77 23.5004 6.2108 2.58193
78 -0.123412 35.3225 -1.89253
79 88.5436 92.3163 0.926576
80 16.5336 80.0718 2.04743
81 82.4437 96.7965 1.67476
82 69.4644 1.7077 1.20798
83 75.4443 90.0663 1.00855
84 73.5685 16.3006 1.71743
85 16.6103 81.9474 2.21823
86 17.0539 79.7001 2.80005
87 25.6632 4.73181 2.35358
88 75.6557 18.0189 1.78193
89 13.2791 73.8051 2.21508
90 68.6647 26.2867 2.0488
91 15.3114 92.1662 2.88683
92 23.1169 1.73754 2.64716
93 79.1064 84.4663 1.38807
94 17.0975 81.8141 2.31328
95 58.0954 16.2351 2.43747
96 0.0394613 92.7518 2.22267
97 21.4229 8.334 2.40291
98 13.3005 75.0539 2.00276
99 21.6599 100.264 2.25944
100 69.6499 26.0331 2.04636
101 83.3895 94.421 1.48777
102 20.9315 80.4351 2.45172
103 9.57656 78.4066 2.15537
104 19.8988 87.9105 2.60295
105 68.8684 27.5975 1.60004
106 86.0207 84.7841 1.17263
107 0.169931 81.9648 2.38228
108 18.7838 90.4828 2.30333
109 93.895 92.3055 1.24932
110 82.8024 29.2138 1.22442
111 26.2703 10.3018 1.88253
112 59.1682 21.4806 1.71763
113 18.8613 99.8849 2.40666
114 96.6102 95.8124 2.19113
115 10.8896 8.3638 2.49082
116 16.1487 70.2474 2.1641
117 12.396 88.983 2.78023
118 51.9784 24.0099 2.21457
119 81.8316 87.2613 0.902208
120 3.23818 76.4913 2.75275
121 55.5561 77.1974 -2.13282
122 17.9427 85.2694 2.79337
123 75.1077 84.5613 1.47423
124 99.3218 4.42978 2.64869
125 83.6723 16.4136 1.57571
126 31.4223 97.0597 2.78356
127 82.5524 77.8952 0.851204
128 70.3725 26.0426 2.11398
129 93.4531 96.7354 2.21184
130 6.31099 87.6805 2.09419
131 18.304 78.2111 2.45488
132 85.3815 17.7184 1.0775
133 85.1528 20.4474 1.4341
134 0.982526 67.567 1.93076
135 23.9212 7.13854 1.89819
136 13.3771 71.3444 2.33382
137 6.90341 97.3434 2.55584
138 19.8844 82.5418 2.40637
139 7.77024 78.3509 1.79967
140 22.0008 79.7805 1.96467
141 79.3166 18.7051 1.74634
142 78.7603 87.5788 1.79414
143 40.2608 94.9257 2.42651
144 3.50972 95.8633 3.24042
145 93.4899 99.4302 2.04786
146 2.18761 82.2096 2.62157
147 65.5928 32.2649 1.54567
148 25.0114 7.32015 1.78979
149 82.0578 96.9394 1.46506
150 23.4126 82.8181 2.63221
151 51.3419 19.5399 2.56325
152 16.369 74.182 1.89552
153 19.8297 89.5306 2.62793
154 37.8908 92.6101 1.87354
155 86.0918 21.936 1.32367
156 50.2232 89.4852 1.33261
157 38.384 1.89004 2.20385
158 95.9204 41.1127 -2.23455
159 41.8827 98.443 2.52906
160 64.1781 34.1252 1.00372
161 41.2851 98.6372 1.7098
162 81.547 97.9311 1.50771
163 74.1294 15.8294 0.944324
164 83.1306 24.0845 1.32011
165 76.6236 95.0959 1.83247
166 73.7115 17.2807 1.39484
167 27.2594 10.3105 2.01567
168 87.6335 93.7971 1.14145
169 82.0791 22.5364 1.31121
170 50.8436 54.278 -3.48095
171 15.5316 100.328 2.16791
172 96.4051 75.8511 2.42969
173 22.4789 78.9258 2.0454
174 94.74 39.3085 -1.97862
175 84.2691 14.524 2.01214
176 13.2579 13.2547 2.23269
177 9.71682 76.695 1.92702
178 68.4408 25.1248 1.46526
179 9.00861 90.6324 2.92671
180 17.4106 1.19897 2.66162
181 46.0948 93.8276 1.25954
182 91.6156 87.7582 1.90953
183 96.2305 71.1807 2.78459
184 23.0227 1.00533 1.88874
185 82.8233 22.3657 1.08739
186 22.2828 88.0828 2.05663
187 54.8049 21.2204 2.28862
188 77.1307 77.4899 0.293638
189 99.2476 1.70256 2.31489
190 96.9878 41.2141 -2.06785
191 12.1449 5.89087 2.35661
192 11.9247 69.8609 1.88045
193 24.0515 96.9649 2.58318
194 14.9222 78.7528 1.95302
195 7.72983 95.6065 3.26142
196 6.4227 75.2383 2.65533
197 16.8432 77.9848 2.54759
198 20.7664 0.68924 2.53661
199 -0.0946844 50.1596 -2.75447
200 23.3149 4.74354 2.79038
201 20.2423 9.65371 2.05446
202 66.3715 26.5084 1.50592
203 43.7602 100.074 2.31234
204 95.9429 38.7048 -2.01752
205 27.4736 9.28474 2.69045
206 13.7005 79.6222 2.28263
207 7.74932 84.9323 2.24842
208 70.1338 14.0207 1.17169
209 52.1808 22.9793 2.41135
210 86.2921 95.8324 1.81254
211 18.898 85.3173 2.25362
212 85.1589 19.3185 1.77478
213 52.301 17.656 2.06843
214 73.5711 75.5076 0.809596
215 2.72598 86.2002 2.16562
216 30.8711 92.429 1.933
217 6.56573 92.6707 2.3687
218 91.2916 7.75768 2.17825
219 87.3103 2.17095 1.13321
220 24.2549 8.96591 2.66658
221 26.5742 97.0276 2.08508
222 23.3722 9.33693 2.16813
223 72.935 28.676 2.06324
224 56.0211 22.8177 2.28856
225 11.2297 9.28673 1.90003
226 40.1815 90.4763 1.87377
227 22.2231 89.5996 2.76445
228 18.6305 79.8856 2.71434
229 19.6166 79.931 2.28081
230 85.504 77.3246 0.951429
231 90.5157 93.7295 1.52694
232 22.1271 97.8983 2.17738
233 14.1329 85.2207 2.71421
234 5.80079 76.6836 2.52646
235 87.1605 84.3963 1.43494
236 36.2505 87.8103 2.73235
237 2.99062 4.7284 2.23992
238 89.4129 86.2649 1.3092
239 78.2417 87.0628 1.26153
240 -0.12886 96.197 2.70573
241 48.4692 88.2313 0.993046
242 27.9696 95.2813 2.14504
243 21.5746 3.30861 2.44995
244 41.1599 99.1635 1.8839
245 24.1378 93.673 2.82506
246 19.5791 82.1957 2.04753
247 92.1878 33.6806 -1.30436
248 81.8378 87.4021 1.57939
249 13.9913 72.6056 2.07178
250 92.9716 95.0513 1.4109
251 96.4847 2.60963 2.50654
252 76.9357 29.3393 1.92603
253 56.819 24.6971 1.75146
254 17.8602 77.2328 1.90441
255 82.2492 96.6171 1.22795
256 28.9778 94.3695 2.31078
257 18.3134 80.8734 2.13968
258 49.7914 93.0209 0.832011
259 90.5968 85.8839 1.00666
260 98.4807 44.2801 -2.12298
261 82.4793 88.7222 1.05108
262 29.0192 88.7101 2.44695
263 19.7602 96.1036 2.12775
264 63.7979 32.935 1.8401
265 16.0575 77.1668 1.90258
266 8.71398 74.0478 1.89578
267 2.0073 96.6621 2.89462
268 6.69783 80.1448 2.00048
269 91.9016 96.4799 1.80332
270 90.0807 89.8512 1.53868
271 92.181 88.6217 1.45683
272 48.2822 16.8261 2.18309
273 9.29588 80.2517 2.43288
274 16.0011 89.5686 2.83916
275 18.589 79.1752 2.70848
276 7.09086 70.0569 2.83431
277 20.2868 99.5787 2.76954
278 31.9172 71.9363 2.40888
279 27.9675 96.1258 2.40704
280 91.704 90.2495 1.71243
281 20.9132 86.1422 1.96447
282 84.3778 86.6247 1.1097
283 30.9345 10.1534 1.8621
284 25.2407 74.2166 1.97859
285 19.5713 5.10125 2.09412
286 78.8903 79.3643 1.18522
287 17.1098 82.0702 2.37638
288 61.5853 17.1907 2.25372
289 26.9454 76.7606 2.07363
290 14.8152 85.7368 2.86437
291 48.6665 84.8265 1.81873
292 83.9273 20.5796 1.28064
293 13.463 87.9838 2.88076
294 91.5088 86.0815 0.981461
295 99.161 89.5577 2.05592
296 26.297 3.48094 2.43284
297 32.9055 89.7697 2.01167
298 53.3103 87.418 1.01953
299 21.0764 9.47663 2.78119
300 12.9798 79.7385 2.65875
301 86.2222 96.5493 0.981692
302 2.58585 76.205 2.72116
303 19.7471 83.9691 2.16938
304 36.1937 73.4927 2.75537
305 99.4969 2.44649 2.32459
306 62.6416 29.2372 1.2275
307 0.684907 1.12031 2.33444
308 82.5796 91.1104 1.34497
309 14.3652 89.4474 2.49228
310 66.1665 30.5678 1.7421
311 89.4904 82.1852 1.3508
312 22.0635 93.0731 2.169
313 53.6485 18.1119 2.49686
314 86.7015 0.454208 0.950637
315 19.6119 86.5713 2.93234
316 22.1004 1.31221 2.79779
317 90.1181 91.5904 1.65922
318 9.67411 8.34597 2.22457
319 20.4573 8.89032 2.62349
320 22.5201 8.51662 2.09171
321 84.4027 99.8477 1.10569
322 25.8796 6.88378 2.00241
323 86.7833 91.9414 0.874596
324 35.3837 12.4069 1.8018
325 31.4769 92.8198 2.59077
326 17.4105 77.602 2.29536
327 14.9827 83.8025 2.19394
328 30.1448 6.16981 2.0613
329 61.4625 18.5488 1.82323
330 53.2974 16.7007 2.14588
331 73.7944 32.5242 1.60041
332 55.5517 17.9787 2.24532
333 22.5926 2.02227 2.343
334 83.8553 82.6112 1.20905
335 13.2523 6.57281 1.73999
336 26.5631 8.92766 2.46838
337 81.4131 85.2862 1.51873
338 29.5426 91.9587 2.05217
339 18.5739 82.7877 2.04666
340 94.224 73.6212 2.21609
341 77.9204 90.5187 0.9551
342 84.766 92.8992 1.56392
343 31.2601 95.7405 2.42093
344 21.6316 83.8131 2.55198
345 74.4343 22.6609 1.88089
346 81.7391 81.0106 1.52513
347 98.2455 45.7901 -2.58173
348 76.2111 78.9405 1.0586
349 95.1477 36.1207 -1.90309
350 24.6652 93.1185 2.00428
351 46.6211 89.4344 1.29481
352 37.2008 79.347 2.50475
353 71.9897 27.693 1.88092
354 10.9982 71.9588 2.01685
355 19.6362 75.1874 2.73108
356 26.3288 5.30916 1.96038
357 86.5648 23.4445 0.719391
358 90.633 90.9308 1.29972
359 7.24086 81.8989 2.57964
360 83.3999 1.70546 1.25738
361 99.091 68.5897 2.9136
362 1.02371 92.571 2.70973
363 17.7797 79.76 2.65957
364 68.9392 33.1749 1.75374
365 19.6407 94.1546 2.39481
366 19.8918 2.6874 2.56901
367 24.9078 8.37792 2.12977
368 99.4902 78.1145 2.4064
369 57.2254 17.5871 2.08918
370 57.8643 26.201 1.2287
371 81.866 95.5672 0.889685
372 95.1577 86.5125 1.68495
373 21.5283 5.60834 2.77184
374 96.9276 1.36141 2.65066
375 23.2177 97.8794 2.3024
376 96.5027 90.0673 1.86682
377 49.5533 19.1143 1.91029
378 13.8809 87.7605 2.11662
379 24.3852 10.9939 2.10797
380 19.8052 79.9712 1.9689
381 2.36068 39.419 -1.34995
382 5.57726 93.823 2.81682
383 76.3956 20.3743 0.974775
384 21.8176 98.2627 2.11077
385 74.4724 30.9967 1.32892
386 61.3767 39.4442 1.75483
387 3.42932 69.2238 2.34234
388 31.6476 89.5411 2.67654
389 4.86403 80.4121 2.71956
390 75.9386 92.0196 1.67343
391 85.9094 90.1625 1.38112
392 4.59501 77.6033 1.85841
393 30.516 95.3242 2.21972
394 6.41401 96.4462 2.6043
395 90.7096 91.2521 1.17118
396 87.1944 0.949827 1.21366
397 3.16067 98.4475 2.91661
398 53.9994 16.435 2.49477
399 49.2805 87.2018 1.19787
400 78.8164 86.1063 1.13537
401 56.2454 15.0437 2.54566
402 13.1869 73.4973 2.58793
403 1.93204 89.635 2.28702
404 16.1485 83.8017 2.02958
405 35.9224 77.6578 2.28503
406 83.7371 74.7109 0.646199
407 15.6137 2.43935 2.60427
408 1.42774 84.8945 1.8262
409 30.6083 8.27952 2.62
410 81.8347 88.0761 1.62397
411 98.316 97.5157 2.01206
412 24.8721 78.6897 2.01549
413 79.7042 88.1184 0.907675
414 29.3057 94.7902 2.62571
415 79.5235 21.6097 1.27918
416 22.9024 0.842816 2.66225
417 77.1948 85.8321 1.45897
418 87.8458 95.5896 1.52012
419 73.5322 19.123 1.75917
420 13.1443 86.5035 1.98157
421 84.7658 94.5477 1.28186
422 89.3822 88.464 1.35869
423 23.9846 6.09361 1.90785
424 86.5233 99.3113 1.38368
425 14.5246 97.4701 2.67246
426 34.6151 8.63704 2.37865
427 94.8667 0.779873 2.1141
428 18.4237 86.6396 2.76147
429 27.8776 90.3499 2.69904
430 38.2226 95.3511 1.90342
431 22.6817 96.684 2.6498
432 83.4393 97.8135 1.41553
433 32.3963 8.70139 2.4423
434 13.1675 82.7903 2.83982
435 74.6411 31.3343 1.15832
436 44.5029 95.1053 1.59125
437 8.09333 77.4286 2.43429
438 16.1141 12.2729 2.01195
439 24.9771 10.2222 2.25052
440 21.4812 75.6109 2.57811
441 82.9923 75.3274 0.782614
442 15.401 5.48972 1.80722
443 3.74926 65.7757 2.62571
444 23.257 95.3751 2.91327
445 95.3867 45.1741 -2.98906
446 82.4906 31.1978 1.05408
447 85.2863 79.4334 0.849285
448 95.6139 90.148 2.07461
449 25.0184 75.9834 2.08262
450 82.1629 91.7008 1.50677
451 12.6169 75.6514 2.6818
452 95.5584 2.28923 2.42956
453 21.6002 78.9139 2.82761
454 95.4551 98.1857 1.27155
455 78.3955 20.9411 1.39786
456 75.445 84.2995 1.31711
457 87.3789 86.3642 1.70166
458 98.6048 85.9684 1.61609
459 83.5895 20.0464 0.975408
460 9.30575 79.8807 2.02184
461 65.7253 26.5867 2.26324
462 25.7057 95.2316 2.72813
463 93.3107 89.053 1.6263
464 28.0487 97.3959 2.97252
465 84.0753 90.244 1.70355
466 29.3744 91.6542 1.98284
467 26.0396 8.53602 2.43429
468 3.39668 78.319 2.74234
469 47.3572 91.662 1.71268
470 39.0288 77.814 2.17799
471 18.0482 88.2842 2.84831
472 26.4808 96.0735 2.66834
473 21.8005 100.108 2.60935
474 12.2279 43.3444 2.82207
475 86.0579 77.5634 0.450514
476 87.5543 24.1879 1.095
477 18.4958 80.4832 2.88071
478 77.6622 13.2942 0.913232
479 72.728 21.667 1.51128
480 91.9445 81.3249 1.8791
481 27.7881 4.67163 2.15861
482 11.067 71.4505 2.50019
483 80.0198 92.7541 1.65811
484 2.35851 82.85 1.97657
485 97.6597 70.1349 2.41405
486 24.1319 79.9638 2.4361
487 29.7617 92.2143 2.72474
488 47.9554 87.9933 1.61791
489 72.7563 19.2706 1.29774
490 81.4209 28.5315 1.02948
491 18.2016 80.9354 1.90267
492 26.0267 98.1034 2.6903
493 20.4765 89.1876 2.40329
494 15.6883 76.1868 2.56677
495 12.103 87.1608 2.81997
496 4.53497 99.465 3.01665
497 89.4739 95.4768 1.64244
498 31.7456 89.5718 1.88729
499 88.9885 14.4408 1.55001
