500
Particles
0 59.6161 89.7384 1.07049
1 20.0915 89.9308 2.60766
2 6.29044 89.9284 3.10501
3 60.8894 98.8153 1.02373
4 18.0691 72.1239 1.5254
5 6.26079 97.9771 2.54275
6 47.9902 87.0831 1.3247
7 30.6679 37.8025 2.04049
8 22.7454 98.8743 1.94516
9 23.3904 2.28019 2.9842
10 14.9292 99.3859 2.66233
11 17.564 33.5689 1.7893
12 57.4279 0.742469 1.64348
13 96.4428 69.6359 -0.480793
14 20.6191 74.8661 2.36895
15 26.0172 11.185 2.77844
16 20.9572 4.29325 2.29889
17 11.474 61.246 2.64163
18 25.1073 87.4422 2.29556
19 88.6796 11.0731 2.55446
20 60.4595 99.4374 1.57791
21 45.0939 86.6301 0.902744
22 8.87126 6.29791 2.99968
23 21.4608 68.4698 1.41074
24 67.9204 16.431 -1.64404
25 2.68673 4.00536 3.01538
26 7.11132 96.8871 2.45785
27 18.3364 25.8843 1.4682
28 61.4401 90.9159 1.66628
29 15.619 63.6231 2.81128
30 7.67273 93.242 3.32926
31 5.34878 7.84537 2.25324
32 60.2378 97.5302 1.43234
33 8.69328 87.5206 3.51414
34 8.17095 5.69929 2.27316
35 26.5176 98.0754 2.41931
36 13.6144 36.9173 1.72754
37 49.3552 92.5816 1.04115
38 97.3534 2.08254 -3.44526
39 14.341 68.9772 1.80835
40 10.7008 3.56108 3.19522
41 98.9561 74.965 -0.317729
42 16.7262 4.39485 2.20298
43 67.5774 8.66061 -1.69182
44 20.3287 93.6775 2.33251
45 18.5446 4.09997 2.50172
46 7.66238 6.9816 2.39564
47 3.08977 29.3394 -2.40522
48 10.5183 3.4126 3.12545
49 3.76731 98.6089 3.07765
50 32.2627 98.9925 1.93621
51 9.99099 8.19988 2.77368
52 66.1313 13.1837 -1.85993
53 11.766 35.3842 2.17304
54 25.4364 75.3118 2.36811
55 0.295378 12.6976 3.09393
56 27.9418 77.5102 2.60736
57 14.6108 96.4891 2.99526
58 24.6428 80.9905 2.21758
59 0.355187 2.81698 2.81578
60 28.8983 93.1592 2.05835
61 14.7311 3.14665 2.88726
62 22.2931 98.2181 2.35089
63 17.2391 84.7572 1.84388
64 44.2219 91.9152 0.77301
65 98.6015 14.9005 2.03315
66 28.4787 96.2833 2.2404
67 29.282 97.3295 1.70617
68 97.1532 12.5796 2.8048
69 19.6182 96.7592 2.80736
70 47.0147 90.0376 1.20684
71 6.35642 4.21578 2.42765
72 30.7538 93.1429 1.97071
73 52.1725 92.0786 1.18668
74 12.3343 96.4916 2.28732
75 68.6832 21.7871 -2.51252
76 15.4338 96.5537 3.05273
77 46.7569 89.9361 1.70325
78 7.32648 93.9093 2.56342
79 27.0723 83.4295 1.73997
80 11.5041 99.9827 2.51129
81 27.079 95.0971 2.21037
82 92.6341 8.40018 2.3812
83 22.0818 80.3768 2.39284
84 3.22578 10.1917 2.84947
85 10.397 0.669992 2.79613
86 11.7834 99.5118 3.1096
87 93.0608 8.0467 2.41997
88 88.9145 10.1844 2.88339
89 10.109 96.7315 2.63089
90 66.2928 18.799 -2.06691
91 2.8254 7.17515 2.83991
92 93.2765 7.53898 2.5495
93 24.0141 77.6186 2.2198
94 12.2982 1.70114 2.78859
95 59.7352 94.4839 0.982111
96 42.0251 90.5252 1.19008
97 50.8079 94.2026 1.27545
98 9.49557 96.8923 3.16014
99 68.3611 92.3421 1.20672
100 66.9671 14.1108 -2.23856
101 26.6234 88.2096 2.59572
102 16.3851 1.6907 2.50216
103 6.57191 1.24808 2.72574
104 11.7206 5.28499 3.10066
105 63.9499 18.3256 -2.22043
106 27.5417 77.9741 2.20271
107 60.2607 91.3399 1.48132
108 10.1304 6.39169 2.99431
109 29.8028 80.3801 2.53299
110 73.548 80.0598 -2.10022
111 49.4579 92.1432 0.86116
112 60.8095 98.7645 1.26781
113 52.0511 86.9255 0.839509
114 41.9189 8.77038 -1.67285
115 52.4884 98.9285 1.81447
116 13.7707 94.3419 3.12915
117 2.56581 5.76362 2.57812
118 58.3412 100.228 1.54417
119 23.6271 75.7266 2.5063
120 3.96943 4.11806 3.08651
121 25.9251 99.9362 2.33324
122 10.7681 2.6982 2.81951
123 22.0106 86.5467 2.2657
124 90.8042 68.7998 -0.0927985
125 99.3986 11.9781 2.53994
126 17.331 9.03415 2.90839
127 94.596 72.4121 -0.194563
128 67.0495 16.7447 -1.58572
129 60.2998 86.1576 1.31083
130 66.3095 91.4878 1.48234
131 14.249 99.7346 2.80731
132 1.66735 33.4009 -2.69273
133 1.15194 39.5129 -2.65537
134 3.85128 97.4485 2.96327
135 52.42 91.0044 1.67606
136 11.6721 97.1324 2.31854
137 49.6567 91.4845 1.09914
138 14.0077 2.37625 2.19052
139 5.54821 2.94226 3.11488
140 17.7347 2.12007 2.13295
141 0.490363 13.6572 2.57794
142 24.8491 80.5581 1.75363
143 21.0743 4.97924 2.457
144 47.3759 94.6979 1.19138
145 58.168 88.4253 1.65382
146 66.0529 90.957 1.58107
147 5.71112 87.3055 2.97584
148 65.0265 93.0724 1.29907
149 28.6889 95.6276 1.73195
150 17.7761 2.87111 2.0756
151 59.4399 96.4391 1.05664
152 13.7336 96.9039 2.58128
153 10.0224 6.26565 2.92932
154 21.0601 4.5603 2.13655
155 4.09639 40.2962 -2.31662
156 27.442 0.395462 2.70013
157 14.4773 8.77762 2.81504
158 5.52522 97.0892 2.62703
159 21.6926 10.1945 2.4944
160 8.35508 90.903 3.28582
161 19.051 8.69764 2.49131
162 29.5584 1.32572 2.37824
163 96.4943 9.86731 2.57282
164 75.0847 43.6977 -1.91528
165 26.6886 96.9758 2.33166
166 92.7716 10.0073 3.03587
167 54.1742 94.2494 1.06755
168 26.8714 86.5684 2.62126
169 71.5594 14.1487 -1.68016
170 10.2361 85.8491 3.34504
171 48.8696 86.7169 1.18402
172 56.7164 89.7965 1.476
173 18.8411 1.63056 2.28345
174 5.89511 97.1842 3.24888
175 3.81477 9.58648 2.98201
176 23.4524 12.2942 2.75805
177 8.15001 1.93604 2.29511
178 70.2312 15.1554 -2.11111
179 61.1962 91.1186 1.89315
180 51.5462 87.8725 1.458
181 22.8699 2.92138 2.22158
182 28.3114 77.6279 2.3266
183 74.0725 95.0682 1.02545
184 96.8536 8.01113 2.75282
185 98.2884 41.297 -2.13872
186 12.8033 4.25137 2.34699
187 61.5185 97.7521 0.959244
188 19.8497 81.3643 1.63818
189 8.31558 91.8733 2.75636
190 5.23027 97.6595 2.95679
191 47.6622 96.02 0.79574
192 11.4926 97.6956 2.50285
193 6.88174 7.70188 2.47577
194 9.72346 98.6657 3.15293
195 45.4809 88.5584 1.81342
196 5.73209 0.327059 2.78046
197 13.1008 0.981545 2.49532
198 92.5746 7.02361 2.32991
199 6.73385 99.9582 2.47052
200 49.0103 89.9551 1.29579
201 9.75623 64.1391 2.42841
202 66.333 14.866 -1.8284
203 19.6516 9.30734 2.03689
204 7.52876 96.7685 2.57034
205 54.3109 91.9854 1.48995
206 9.68386 1.79879 2.40479
207 2.13738 5.39234 3.13578
208 98.4009 8.56848 2.27774
209 61.8517 99.9817 1.13986
210 29.2827 91.2917 2.25762
211 10.9266 4.13824 2.59817
212 0.533138 35.3457 -2.9239
213 64.5605 95.4291 1.56351
214 18.9308 81.7359 2.24815
215 55.0126 88.3369 0.891272
216 17.8279 6.41672 2.60272
217 46.234 86.34 1.88474
218 12.9581 12.5003 2.67669
219 12.5601 60.637 2.27581
220 52.0847 92.55 1.19939
221 11.5674 9.44846 2.35655
222 48.372 93.3255 1.04908
223 66.017 24.6432 -2.94115
224 62.4335 99.0719 1.48548
225 17.9858 34.2228 1.18874
226 20.8248 1.98193 2.74246
227 12.6165 4.81448 2.46914
228 13.8668 99.8262 2.9637
229 16.6584 3.58165 2.20327
230 96.888 71.6037 0.287827
231 34.0364 92.7287 1.67469
232 3.84798 8.65481 2.30858
233 6.36786 3.38347 2.82287
234 4.17492 1.29941 2.29015
235 26.7155 74.8375 2.10093
236 20.7412 0.590107 2.44837
237 9.97535 91.5825 3.40548
238 24.6435 73.5167 2.46477
239 21.1846 76.8454 1.97661
240 42.235 1.24122 0.111043
241 21.2963 94.5156 1.88736
242 12.51 6.63775 2.69857
243 52.2549 88.6972 1.3015
244 20.5531 8.05539 2.37694
245 11.1832 7.7958 2.63626
246 14.0609 1.71383 2.58167
247 93.6154 76.4779 0.264918
248 23.6711 78.9644 2.16042
249 11.064 95.9794 2.28611
250 15.6174 28.809 1.48993
251 4.80102 91.4712 2.86498
252 28.3188 36.7129 1.44081
253 65.3735 12.3681 -1.9201
254 13.9157 99.6364 2.95817
255 28.6025 95.552 2.45624
256 14.456 7.20203 2.70279
257 13.9134 1.8483 2.76423
258 24.475 99.8472 2.19958
259 28.7554 76.6651 1.98739
260 7.93127 98.7575 3.20615
261 26.5148 79.7632 2.18424
262 18.877 4.93788 2.08119
263 4.6935 8.15675 2.88659
264 7.96859 87.9438 2.93918
265 11.4458 98.3784 2.45873
266 8.81366 0.723213 2.39261
267 43.803 92.4084 0.858115
268 5.79078 5.96807 3.12858
269 18.2686 27.951 1.69547
270 26.8623 80.8779 1.6531
271 30.1264 77.7596 1.82249
272 64.2141 95.3807 1.09859
273 4.62621 1.39939 2.838
274 6.93668 4.68187 2.82966
275 15.103 2.21713 2.8247
276 8.65038 98.9511 3.05296
277 56.8552 91.1422 1.62808
278 18.0497 90.0091 2.37998
279 13.2949 8.97803 2.58353
280 25.2043 78.797 2.49798
281 13.6062 3.38923 2.24458
282 25.339 76.0936 2.21918
283 52.9103 98.3602 1.69136
284 18.0101 94.8908 2.58433
285 48.2105 90.4265 0.826922
286 93.3563 75.3505 -0.163429
287 12.0479 3.06464 2.42173
288 68.9681 95.7529 1.8123
289 17.4055 93.4732 2.54865
290 8.14128 5.7191 3.12619
291 21.7658 90.7979 2.02786
292 70.5933 11.2442 -1.66909
293 5.93638 5.73518 3.22049
294 25.7878 73.7848 2.27255
295 15.6615 12.6876 2.14551
296 98.4888 8.21928 2.99198
297 19.8914 4.33265 2.14875
298 22.8483 92.4276 2.29385
299 50.6295 94.4749 1.20378
300 9.90402 1.52778 2.40352
301 30.5155 94.2788 2.30025
302 0.348036 0.114551 2.98506
303 13.0934 2.78394 3.04007
304 18.0076 86.928 2.62079
305 7.26832 92.7958 3.37316
306 17.5057 34.7508 1.22083
307 8.57878 90.7718 2.62954
308 26.5262 80.1156 1.5971
309 6.07997 7.08885 2.4155
310 20.9676 34.0195 1.59864
311 0.931669 70.5414 -0.310331
312 10.2739 7.43421 3.06997
313 60.7741 96.0188 1.17844
314 20.2205 11.0499 1.93794
315 11.1472 4.39549 2.23783
316 52.4008 89.0976 0.894047
317 26.2857 83.1704 2.49724
318 56.9373 1.62237 1.4762
319 47.9729 95.1036 0.663765
320 50.6414 91.682 0.797352
321 12.6102 60.1946 3.00126
322 51.8858 90.3108 0.838646
323 27.116 84.1084 2.03645
324 12.5516 93.1798 2.97552
325 17.638 5.11734 2.81338
326 13.2763 98.7479 3.17319
327 9.53472 3.64991 2.68236
328 95.9002 8.29008 2.66761
329 64.5946 96.4902 1.48762
330 59.3011 95.3515 1.28177
331 88.49 48.1779 1.04657
332 63.7041 96.7814 0.900049
333 88.7809 6.0726 2.90965
334 19.622 72.4435 1.90343
335 47.6973 94.7351 0.709844
336 51.0537 91.9919 0.868782
337 20.9176 74.8856 2.17251
338 16.5625 5.73527 2.27702
339 12.6384 2.29215 2.34325
340 41.8502 88.1104 1.20667
341 21.7974 80.9896 1.67988
342 27.4563 87.4498 2.12732
343 15.1423 6.22558 2.95128
344 15.3501 2.23847 2.27503
345 68.424 8.54873 -2.07194
346 0.658771 76.3435 -0.0824174
347 6.68277 97.9812 2.86122
348 20.0444 80.6003 1.55813
349 6.61906 94.6164 2.91201
350 12.1142 7.78798 2.71451
351 25.2732 1.77435 2.72995
352 19.3962 90.4608 2.89565
353 66.7772 21.4228 -2.4008
354 10.8513 98.6232 2.23274
355 16.0286 97.1668 3.08873
356 66.889 93.6957 1.28494
357 4.98801 42.4757 -2.24591
358 28.8611 82.5407 1.7399
359 3.64591 4.63001 2.78292
360 23.7233 6.46348 2.18282
361 2.11352 99.1352 2.38215
362 44.2949 90.1373 1.6112
363 13.508 100.205 2.33149
364 8.75443 88.9312 3.21703
365 7.60021 8.64682 2.52804
366 49.4878 89.0731 1.56655
367 54.148 92.8208 1.02201
368 64.7475 90.8519 1.70709
369 69.2608 4.06675 -1.52323
370 60.4436 2.89679 1.55693
371 29.4724 95.5433 2.28194
372 28.2758 74.0098 1.87508
373 50.6231 90.6898 1.06003
374 7.69907 90.1509 2.99981
375 5.84861 9.80914 2.44123
376 32.0207 79.6984 2.66698
377 57.2345 95.6948 1.23279
378 7.40884 7.1491 3.1779
379 52.6743 94.6731 1.41037
380 15.7903 1.87903 2.56635
381 9.76257 95.4255 2.48354
382 46.0016 87.221 1.53122
383 74.081 20.6935 -3.08129
384 2.77287 6.927 2.93363
385 24.7103 33.6323 2.35568
386 11.4331 36.0987 1.71429
387 6.37727 0.365834 2.67431
388 19.5443 5.08536 2.14601
389 1.70998 2.85181 2.41854
390 24.8067 90.8281 2.14162
391 25.0858 79.4978 2.02719
392 98.7614 97.4887 1.85353
393 14.6533 7.06799 2.75569
394 46.5041 89.922 1.04504
395 28.9401 84.2116 1.97106
396 13.944 58.5971 2.1681
397 49.6648 99.408 1.36127
398 62.8102 95.5161 1.75597
399 24.1414 96.4104 2.21086
400 21.5709 76.2114 1.63956
401 94.4269 11.033 2.74905
402 11.8272 99.0691 2.58003
403 44.4489 86.6086 1.44379
404 9.97467 2.6502 3.07155
405 19.3307 90.4855 2.74511
406 94.3952 71.5019 -0.201573
407 47.4067 88.7968 0.807609
408 54.8828 88.7776 0.897221
409 52.423 91.6586 1.36267
410 18.447 76.0736 1.93413
411 43.415 8.43506 -1.4165
412 19.7036 98.1635 2.74221
413 24.4871 79.098 2.12513
414 14.1117 7.23939 2.66848
415 67.7339 8.89387 -2.1446
416 99.0048 7.28334 2.78585
417 21.0899 78.3272 1.69779
418 31.042 91.4734 1.78781
419 77.6133 20.2736 -3.56808
420 4.64112 4.83825 3.18043
421 26.2469 88.98 1.8326
422 26.6797 78.6814 2.54519
423 51.1505 90.4818 1.40127
424 23.3083 11.4964 2.67734
425 47.3129 85.6723 0.978923
426 54.0862 96.244 1.04076
427 3.07088 92.8185 3.14709
428 12.6524 6.63001 2.63587
429 16.866 4.84318 2.7392
430 19.9521 5.68963 2.57815
431 6.73729 8.86512 2.94399
432 28.9145 97.7678 1.85703
433 60.3383 94.5241 1.62962
434 8.9026 4.43247 2.79067
435 7.63918 87.4883 3.04429
436 21.9882 3.30152 2.84582
437 6.51723 1.89179 3.15355
438 13.5305 65.7378 3.08754
439 52.6516 93.6093 1.41893
440 15.7479 96.6433 2.95488
441 92.1995 70.2732 0.279164
442 47.5127 90.3867 1.20755
443 9.24195 98.0768 3.08107
444 9.8819 7.60237 3.05455
445 4.43331 95.696 2.88689
446 94.9329 66.9163 0.187493
447 97.2292 74.0001 -0.1318
448 30.6184 17.7011 2.34885
449 17.065 94.587 2.43985
450 22.7484 81.3532 1.68291
451 11.4666 99.5182 2.30124
452 5.85779 94.1706 2.67584
453 18.5168 3.28434 2.77553
454 58.185 87.4989 1.90689
455 92.4869 12.8141 2.6759
456 13.2066 72.3329 2.29665
457 25.8194 74.1258 1.6065
458 34.4598 99.5432 2.57224
459 2.22417 15.4292 2.50058
460 4.47799 99.3401 2.33583
461 66.3565 17.3976 -1.63616
462 11.6872 7.97016 2.72872
463 29.4291 79.4423 2.14916
464 13.5696 10.3803 3.11187
465 26.3199 82.4428 2.47813
466 16.2393 5.22872 2.98537
467 50.7203 91.4353 1.73282
468 1.96344 2.67317 2.44767
469 23.7274 1.56246 2.86079
470 20.5278 87.7386 2.20734
471 12.2825 7.31391 2.70405
472 11.2017 7.97402 3.23298
473 54.8162 89.4333 1.70885
474 27.1759 12.444 2.31155
475 96.1582 71.0913 0.0596739
476 6.03507 42.3826 -2.64177
477 11.5119 99.5127 3.13653
478 4.27183 11.195 3.12396
479 71.9301 10.112 -1.63681
480 27.1394 72.4196 2.37392
481 -0.418815 7.57622 3.0066
482 11.6742 97.6682 2.36273
483 24.3532 84.7302 1.8184
484 96.0949 1.70036 -2.86351
485 99.209 98.6119 3.20303
486 19.5996 0.67367 2.80177
487 17.1627 6.0862 2.25873
488 24.6888 98.8455 2.8436
489 94.6103 11.0321 2.82196
490 29.1382 36.5622 1.64614
491 15.0517 2.92795 3.02608
492 10.9811 9.10676 2.63645
493 10.9582 5.77584 2.65907
494 14.0673 1.32297 2.71148
495 4.78243 5.43378 2.51654
496 46.9394 96.0399 1.49952
497 24.4646 8.99866 2.69206
498 19.7577 3.60505 2.14214
499 2.85921 16.2455 3.16033
