500
Particles
0 78.8714 2.31902 1.93247
1 5.68276 81.7209 -2.45755
2 91.505 39.5515 2.6033
3 57.9606 58.0358 2.03901
4 75.5099 18.3295 2.64004
5 90.7251 67.0511 1.34813
6 91.9471 24.3222 1.62472
7 72.9695 65.1558 1.54466
8 41.6296 22.6594 1.5972
9 28.7522 9.84636 -2.07226
10 97.5358 6.66163 2.10191
11 86.9004 31.3508 1.99704
12 91.949 36.7331 2.51548
13 77.3821 6.20589 2.5163
14 80.4404 22.5888 1.59535
15 78.5388 9.43852 2.11234
16 9.14133 13.4066 1.86188
17 80.2446 35.6221 2.32483
18 76.2 28.9383 1.82162
19 39.3601 45.518 1.52292
20 57.3573 59.3066 1.12999
21 90.6511 22.6452 1.99007
22 95.5431 16.0269 2.09809
23 78.7114 14.2019 2.39362
24 65.6098 61.7339 1.63757
25 82.8308 7.99985 2.65647
26 90.0472 61.983 0.712383
27 86.6724 29.4634 2.40551
28 90.2696 19.9359 2.14445
29 94.9425 36.8417 2.68127
30 51.7776 63.5831 1.76739
31 90.775 16.4272 1.8918
32 32.0559 51.8173 1.41396
33 64.7796 67.4477 1.59618
34 84.3737 6.24642 2.55923
35 73.8131 31.5729 1.61485
36 55.6028 68.3061 1.26378
37 96.7686 33.2779 2.59172
38 86.0263 14.7708 1.70717
39 79.311 15.0405 1.72083
40 88.1181 6.41097 2.67428
41 77.0878 14.4544 2.18158
42 -0.437032 8.40053 2.9389
43 60.4583 58.8236 1.48703
44 6.85508 84.9557 -3.14079
45 -0.15531 7.99247 2.7912
46 87.8383 11.8549 1.87402
47 88.4593 56.759 1.49965
48 94.8348 11.2411 2.53177
49 81.0415 97.9842 1.75147
50 83.5476 32.3453 1.86519
51 97.7757 17.5576 2.2867
52 62.3138 60.6415 1.98914
53 57.5711 68.545 1.02316
54 80.6388 19.602 1.71468
55 77.4528 54.2736 1.4542
56 81.6189 21.2056 1.97403
57 97.0358 100.295 1.72236
58 82.2748 25.077 2.06645
59 82.9987 9.01175 2.65326
60 83.8948 29.2851 2.28927
61 95.0796 8.25255 2.31712
62 40.081 19.1326 1.92578
63 10.6362 71.8177 -1.72115
64 88.5066 26.9655 2.61956
65 85.2434 58.2147 1.6118
66 79.9207 32.4885 2.40102
67 83.068 32.696 2.3498
68 87.4869 54.7516 0.978952
69 0.460495 0.759535 2.03492
70 91.8696 28.1433 1.96244
71 88.4298 11.2212 2.31443
72 81.3855 29.6879 1.95842
73 96.5088 30.5049 2.2995
74 95.204 3.66307 2.28386
75 72.6491 61.8337 2.09118
76 97.736 3.49272 2.39219
77 94.8679 27.5737 2.18309
78 96.8706 39.5875 2.28337
79 82.8028 27.0591 1.72061
80 94.7843 8.6064 2.17961
81 79.2871 31.6353 1.76549
82 66.0073 30.0772 1.8913
83 71.9607 24.0808 2.63555
84 77.2249 51.7039 1.58472
85 95.1322 10.3469 2.19189
86 95.6736 7.40986 2.62015
87 97.4482 26.5115 2.20423
88 79.3851 53.0414 1.57155
89 92.4206 2.55898 2.64247
90 62.4497 61.7661 1.96971
91 89.3431 16.1216 2.03186
92 95.4175 24.1768 2.16035
93 73.0346 19.1605 2.18257
94 95.246 9.79535 2.15534
95 44.1332 48.6356 2.49985
96 89.0375 26.0122 2.56808
97 92.8679 29.8565 2.53171
98 91.9364 3.30017 2.15123
99 94.8069 23.4453 2.24687
100 66.0786 61.8657 1.46039
101 79.0574 28.8757 1.72591
102 97.7499 7.56787 1.62945
103 84.3315 3.90117 2.48345
104 95.6921 13.957 1.80595
105 63.6453 63.282 1.74905
106 81.034 19.5806 2.38685
107 81.7793 11.3141 1.78091
108 92.4349 14.4285 2.23999
109 86.1919 26.7358 1.76959
110 75.5152 63.4825 1.84882
111 97.7454 31.8082 2.79331
112 58.2076 57.1718 1.22335
113 92.7853 23.3606 1.75909
114 86.6544 29.7984 1.9476
115 91.0264 35.3033 1.96486
116 95.0045 99.2281 2.01453
117 86.6512 13.4192 2.60145
118 45.2025 58.2217 2.11017
119 76.4049 22.1399 2.46581
120 81.8026 4.94175 2.21717
121 85.3537 68.81 1.2066
122 92.4439 10.3562 2.41054
123 69.3255 18.7523 2.59801
124 88.0496 37.6895 2.25318
125 89.4062 50.3476 1.24995
126 5.86787 18.8047 3.54146
127 73.9802 9.87932 2.49977
128 65.3595 61.1815 2.0174
129 84.6644 30.8726 2.55013
130 85.8976 16.7382 2.03891
131 97.1646 6.56442 1.80414
132 93.1669 52.0892 1.68286
133 92.0998 55.6952 1.28227
134 79.5699 95.5365 2.62384
135 95.538 28.6345 1.96225
136 94.6846 1.70499 2.1344
137 90.8796 26.9868 1.97473
138 97.1043 9.75504 2.36027
139 83.9411 4.64686 1.89218
140 99.1831 7.37092 2.33671
141 82.9487 54.1366 1.85125
142 73.8593 22.3221 2.0013
143 35.1727 28.4039 2.08098
144 88.7253 27.1639 2.14001
145 84.3076 33.2305 2.22528
146 81.4459 9.64695 1.84102
147 62.7014 67.3046 1.3562
148 97.1493 29.873 2.76351
149 76.511 31.9377 2.23991
150 99.0248 9.05015 1.92542
151 34.3828 50.4771 1.78915
152 96.441 3.79608 2.52076
153 95.0787 14.7305 2.14302
154 12.8767 13.7442 2.02691
155 90.7357 57.3972 0.820934
156 45.2299 22.9041 2.45282
157 28.0896 35.7053 2.77258
158 89.0388 63.6645 1.56335
159 35.0146 32.256 1.22692
160 60.8735 69.2147 1.54138
161 36.8815 33.3091 1.02232
162 77.6584 32.5806 1.88586
163 79.2332 50.5102 2.24588
164 85.9666 59.5512 1.20001
165 71.3217 29.5957 1.9674
166 79.3937 52.3043 2.115
167 98.3386 30.6454 2.27261
168 82.5898 28.2994 1.99043
169 86.2994 58.0144 1.5361
170 39.9978 66.1733 -2.64165
171 91.4015 24.8024 2.1777
172 78.67 6.053 2.04731
173 98.8406 5.43301 2.25146
174 88.4026 63.0678 1.41169
175 92.7525 47.7658 1.10905
176 92.134 39.6606 2.48998
177 86.132 3.63763 2.72083
178 64.471 60.114 1.64326
179 87.9717 18.7594 2.34355
180 92.2776 24.9322 1.83555
181 37.0511 27.2389 2.0412
182 84.3071 22.08 2.57053
183 76.206 99.6807 2.39431
184 95.7782 23.9651 1.76374
185 89.0214 57.6897 0.813653
186 96.6847 12.2995 1.66849
187 48.258 55.3178 2.14147
188 70.4983 9.30051 2.3012
189 87.9745 35.2745 1.95016
190 90.0473 62.9011 1.63744
191 91.9631 32.5432 1.82095
192 91.1653 98.4465 1.29465
193 97.4489 20.1564 1.9219
194 91.2982 5.6902 2.32897
195 89.536 24.4147 1.73963
196 83.2133 2.21701 1.98523
197 96.2206 7.56854 2.42218
198 94.3567 24.2437 2.26793
199 11.1372 64.6607 -0.184801
200 95.1786 26.6325 2.14629
201 94.2322 33.6365 2.08455
202 60.9959 61.6046 1.42706
203 37.7378 34.3309 1.57671
204 90.8052 60.9596 1.66245
205 98.6588 30.5356 1.95301
206 89.6875 6.19985 2.57245
207 84.4639 11.3213 2.79092
208 69.1759 33.6431 2.25138
209 45.8927 57.0971 2.12249
210 83.4466 30.7557 1.9274
211 95.3743 11.877 1.91417
212 91.1978 54.161 1.12658
213 35.9909 49.2088 2.24079
214 70.3422 6.89591 1.87103
215 84.084 15.6534 2.52933
216 -0.0803346 10.2432 2.93968
217 89.0243 23.3797 2.10985
218 82.8448 40.1996 2.54169
219 81.2275 36.078 2.44574
220 95.6359 30.4519 2.54135
221 99.1915 20.162 3.15888
222 95.1255 31.5598 2.44645
223 67.7053 64.1198 1.30736
224 55.6654 58.3519 1.38295
225 92.1402 36.7235 1.91656
226 12.0228 10.5945 2.47658
227 96.837 13.81 2.3833
228 96.8539 8.35844 2.00663
229 97.5013 7.97431 2.11082
230 75.7458 8.57898 2.37912
231 85.2633 28.5467 2.32696
232 95.1228 20.5963 2.45878
233 87.3099 9.44405 2.52022
234 83.2662 4.50135 2.13492
235 81.3448 19.5471 1.72287
236 10.3882 8.90254 2.41114
237 90.604 37.9623 1.69116
238 82.9575 21.1179 2.47198
239 73.3131 21.7949 2.42306
240 87.5765 29.2507 2.26735
241 45.1141 21.5298 2.32839
242 98.3953 14.5036 2.01382
243 95.22 26.5996 2.2238
244 36.5166 34.2019 1.6585
245 97.4085 17.2407 1.62135
246 97.1414 10.1529 2.09512
247 89.0117 61.1442 0.74923
248 77.6122 22.0342 1.9521
249 93.5817 1.65228 1.67664
250 85.0229 29.8241 2.2241
251 85.4325 35.6586 1.83749
252 71.6142 64.2299 1.50684
253 54.0956 59.7935 1.52958
254 97.9754 6.42205 2.45574
255 78.5576 31.3581 1.74514
256 98.8022 13.685 1.7777
257 95.5366 7.9376 2.17017
258 44.5729 26.6496 2.63903
259 82.2702 20.7884 2.40985
260 92.7066 65.3709 1.50798
261 77.0993 23.5927 1.78165
262 99.3207 7.83207 2.85366
263 94.328 19.7883 2.64051
264 62.4459 68.141 1.24399
265 94.9797 5.97556 2.36494
266 86.4668 1.41908 2.59898
267 87.2624 28.1748 2.59958
268 81.57 5.51193 2.65954
269 85.6445 31.5416 2.05056
270 83.4377 24.2244 2.23264
271 84.9411 23.2952 2.53512
272 31.5885 47.5552 1.95367
273 85.2206 6.6226 2.19447
274 89.1839 13.5737 2.62136
275 97.1352 8.10301 2.49354
276 87.7942 99.3304 1.76735
277 95.2777 23.8537 1.79394
278 0.281678 82.2279 -2.61183
279 98.1518 14.9576 1.95209
280 84.9883 24.8727 1.67783
281 97.5006 12.5644 2.04107
282 79.3629 21.7506 1.92638
283 2.86938 32.2235 2.39692
284 3.71749 2.28851 1.61846
285 92.3754 27.1333 2.16087
286 73.9611 12.6435 1.91995
287 94.9245 9.75995 2.30256
288 52.161 50.268 1.67372
289 3.66682 2.85808 1.95376
290 88.7783 10.2597 2.59733
291 69.3266 93.5754 1.06083
292 90.2348 55.9176 1.31788
293 86.9804 11.9056 2.3814
294 83.3397 20.1198 2.42425
295 88.8559 22.2212 2.01347
296 98.2523 25.0709 1.77276
297 3.46027 9.79114 2.61538
298 51.4758 22.5561 2.04534
299 94.6299 33.6614 2.17654
300 89.3016 6.60235 2.10869
301 82.0897 30.7508 2.40862
302 81.0421 3.95772 2.27148
303 96.907 11.0625 1.89863
304 7.05288 74.3632 -1.54952
305 87.5784 34.8522 1.66651
306 58.7493 64.312 1.69844
307 89.6523 34.6281 2.02535
308 77.6265 26.2539 2.028
309 87.5328 13.3152 1.83534
310 62.1692 65.8999 1.06452
311 81.364 15.0063 2.3841
312 96.8715 17.6797 2.33827
313 37.2503 49.8478 1.67899
314 80.9447 34.773 2.44137
315 95.8801 13.3579 2.54783
316 94.2274 23.2353 2.40933
317 84.2524 26.1543 2.37392
318 90.8854 35.8863 2.07979
319 94.8143 33.3029 2.21397
320 94.8842 30.6186 2.7092
321 79.8343 34.3767 2.32412
322 97.5636 27.8336 1.99491
323 81.4818 26.4704 1.89282
324 9.94875 33.1811 2.33526
325 0.576149 11.3705 2.80742
326 95.6281 5.76181 1.88909
327 87.6602 7.55781 2.28928
328 1.43382 27.9324 2.60855
329 55.9904 53.7064 1.05336
330 36.5565 48.3171 1.97266
331 69.2855 68.1217 1.39951
332 39.2238 49.9025 1.55786
333 96.0774 25.5002 2.38652
334 77.2046 16.1501 2.13675
335 92.1903 32.2317 1.96996
336 97.9558 30.6061 2.65885
337 75.8447 19.7223 2.45632
338 0.154299 11.378 2.59685
339 94.9164 9.37766 1.72899
340 77.2222 4.01488 2.57862
341 73.7093 25.1472 2.07012
342 81.4664 28.159 1.84062
343 98.8938 11.2234 1.89962
344 98.474 10.3437 2.04552
345 75.1758 58.3363 1.97328
346 77.2707 15.1171 2.4907
347 91.6246 66.1703 1.40878
348 70.7483 10.5173 2.54773
349 89.9798 60.596 0.991109
350 97.1798 14.356 1.74758
351 38.5851 23.5061 1.78073
352 8.41571 82.1543 -2.94206
353 67.1538 63.3013 2.03475
354 89.7311 99.7653 2.26757
355 97.353 3.43261 2.21776
356 98.1471 26.7665 2.47281
357 88.8136 59.423 1.24242
358 85.0072 25.286 2.21239
359 83.474 8.25278 2.43954
360 79.0167 36.3618 2.05045
361 79.6992 97.499 2.45381
362 88.7571 25.1368 1.81848
363 96.3088 8.22302 1.99222
364 66.5747 68.6518 1.67416
365 91.6648 16.7278 2.59634
366 92.9749 25.7784 2.31323
367 96.9085 30.944 2.31717
368 78.8252 6.9153 1.94154
369 40.1242 48.1217 1.751
370 55.4574 61.3169 1.9163
371 78.7039 30.8739 1.88525
372 85.6982 20.3524 1.94406
373 94.9418 28.7405 2.50425
374 84.7536 33.7166 1.772
375 97.2481 22.3772 1.85987
376 88.1435 24.848 1.67041
377 32.1558 49.9663 1.24004
378 89.6004 13.2816 2.68851
379 96.1693 33.4819 2.55676
380 97.7677 8.12849 1.7025
381 0.315609 38.4792 1.47827
382 90.8036 25.0305 2.59135
383 81.0581 55.9231 1.22503
384 94.713 21.1413 1.78718
385 70.3825 65.868 2.00354
386 55.0788 66.9637 1.78174
387 81.085 97.7541 2.28425
388 1.40399 8.16424 2.44386
389 83.7954 8.72372 2.11143
390 71.5676 27.0162 2.05527
391 80.6581 25.4003 1.67717
392 82.0509 5.25471 2.73303
393 0.103291 13.9265 2.26988
394 89.6685 26.6113 2.08115
395 85.092 26.0067 2.33162
396 82.2358 35.0899 2.63402
397 87.6129 29.4908 1.75838
398 37.1301 48.0483 2.2304
399 47.2703 21.6739 2.23675
400 73.6649 20.3357 1.87598
401 42.9179 47.4208 2.30023
402 93.7641 3.53008 1.90319
403 90.6206 23.1653 1.58256
404 91.6861 9.81914 2.27036
405 6.26642 81.7314 -2.76897
406 76.2381 5.58492 2.27694
407 92.1153 27.2831 2.39682
408 83.3129 15.2183 2.0282
409 2.23322 30.3507 2.70331
410 76.2636 22.7788 2.44728
411 88.5358 31.6363 2.23139
412 0.603333 4.95466 2.25937
413 74.9047 23.0427 1.88881
414 98.8673 13.2917 2.24408
415 85.1173 56.5651 1.21595
416 95.9156 23.7403 2.05177
417 72.5611 20.3352 2.26805
418 84.7962 30.5685 1.93642
419 75.574 54.8277 1.71071
420 86.1217 9.2309 2.19824
421 82.2952 28.9377 2.64242
422 81.1781 23.0474 1.90645
423 95.8861 28.0783 2.37775
424 80.4699 34.4745 1.9281
425 90.4093 20.3535 2.27839
426 5.07404 27.4096 3.08276
427 84.4058 34.1055 2.60658
428 92.828 11.3526 1.87237
429 98.8023 9.93141 1.66129
430 33.9605 29.8191 1.54054
431 97.315 21.3038 1.756
432 77.9928 32.1411 1.87976
433 3.17469 28.5262 2.69031
434 88.7143 8.70863 2.6539
435 69.8207 66.162 1.7258
436 37.1147 28.9266 1.7966
437 84.0555 4.17291 2.08888
438 95.3004 38.8466 2.63655
439 96.7712 32.3898 2.65315
440 98.3644 2.74417 2.31985
441 74.2987 6.67858 2.07178
442 91.3289 30.2319 1.98746
443 10.1669 67.9529 -1.13297
444 96.148 18.3451 1.82676
445 87.7655 65.5051 1.02318
446 74.1879 65.5329 1.85537
447 77.0222 12.3527 2.16224
448 87.1344 24.5761 1.99394
449 2.08297 3.47309 2.0428
450 78.0311 26.9546 1.98147
451 91.446 3.96515 1.90522
452 84.2946 35.2292 2.44239
453 98.1442 5.52633 2.50835
454 86.2942 32.1264 2.59702
455 81.8191 56.8986 1.86418
456 72.1995 18.1169 1.79263
457 81.9283 20.8709 1.60611
458 85.8577 18.8158 2.39338
459 91.2758 55.4529 1.56488
460 84.9987 5.80592 2.54467
461 59.5505 61.3507 1.07536
462 97.4084 16.1952 2.5044
463 85.4403 23.651 1.71638
464 2.31795 22.0756 2.91502
465 79.2205 25.0912 2.52096
466 99.2032 10.6322 2.31281
467 98.1577 30.3285 1.94904
468 80.2664 5.52285 2.45018
469 38.938 24.7819 1.29864
470 8.79877 79.2641 -2.68803
471 91.4763 11.8634 1.71392
472 98.1824 17.5106 1.7618
473 95.4312 23.5286 2.53142
474 14.4488 62.8265 -0.305608
475 78.0063 9.34956 2.82363
476 89.614 59.6621 0.872549
477 96.3885 8.0117 2.51198
478 73.1689 36.7011 1.84576
479 73.634 57.2607 1.45869
480 82.7968 15.7605 2.32162
481 0.346788 26.4573 2.50005
482 91.0588 0.652338 1.94113
483 75.3693 27.3484 2.25151
484 82.1826 11.0145 2.01336
485 76.7943 98.1584 2.00438
486 0.0490053 6.56762 1.9731
487 -0.201151 11.4018 2.292
488 43.4888 21.2912 2.24667
489 73.4757 54.941 2.12475
490 73.8962 62.6765 2.00356
491 95.71 8.4575 1.98903
492 98.1147 19.9639 2.54168
493 94.8691 13.8088 2.14094
494 95.2681 5.13959 1.66533
495 86.9656 12.5491 2.7027
496 88.4627 29.1046 1.87066
497 82.4976 30.0338 2.34982
498 1.86643 8.47505 2.65437
499 93.4133 43.6474 1.841
