500
Particles
0 6.77278 47.4701 0.995605
1 70.7677 82.9077 2.63353
2 63.3105 55.7365 0.963367
3 54.0228 75.8008 1.30702
4 86.631 100.154 1.97689
5 74.0839 80.7066 2.75735
6 10.6501 17.1331 2.48005
7 65.7031 83.2799 2.04773
8 80.3676 8.19388 2.45121
9 47.6936 59.6816 2.81728
10 8.49252 93.3085 2.97467
11 9.62237 26.5477 2.23793
12 72.7916 55.1408 1.40073
13 75.5115 69.0338 2.06717
14 88.0537 1.38676 2.10446
15 79.9231 79.1111 2.08591
16 45.5527 7.71898 -3.44845
17 4.78493 31.5865 2.38506
18 91.8784 17.2284 2.66832
19 86.9224 19.1373 2.29791
20 58.5344 78.3734 1.91622
21 5.63899 11.8889 2.31955
22 9.63803 6.47027 2.78312
23 83.2432 90.0986 2.9309
24 58.8995 79.4452 1.43243
25 91.7154 90.9697 2.75356
26 98.362 46.2315 1.0506
27 2.92655 19.5968 2.32929
28 3.35428 6.90581 2.66781
29 86.9357 52.369 1.80165
30 59.5086 50.6341 1.10092
31 6.23913 6.76098 2.25247
32 96.977 52.648 1.20164
33 42.6656 84.5967 1.94176
34 92.0505 87.142 2.43485
35 92.8742 24.1004 2.61916
36 21.2388 58.3408 -1.73665
37 85.5182 51.0108 1.0546
38 93.5856 96.6757 2.48574
39 85.617 93.2299 2.91941
40 88.4552 76.9203 2.56785
41 78.0223 85.3383 2.10801
42 12.6798 97.1524 2.87448
43 56.7607 77.7199 1.59018
44 73.9585 82.8711 2.13413
45 22.6668 5.46086 2.87842
46 91.2488 89.7962 3.13859
47 70.1826 71.8102 1.94533
48 5.63938 97.1241 2.22149
49 91.0187 37.4579 2.65821
50 97.6643 20.2653 2.40378
51 14.7601 8.87748 2.893
52 55.5181 80.1814 1.78466
53 23.8726 58.6813 -2.6394
54 88.6251 98.8948 1.89102
55 64.4915 74.6675 1.511
56 88.4956 97.8808 2.71453
57 7.98205 85.5491 2.81825
58 95.0446 11.4312 2.27279
59 83.8961 78.5767 2.57086
60 97.4751 16.8245 2.2887
61 6.15883 94.6096 2.17099
62 73.6996 86.1378 2.18184
63 84.1976 21.9421 2.2491
64 2.20825 14.7133 3.02027
65 71.0359 72.9018 1.94966
66 94.3085 21.1224 2.51283
67 97.6133 21.3726 2.90114
68 73.6335 66.9028 1.75903
69 21.48 61.6902 -1.89164
70 6.94615 18.1506 2.56971
71 93.6177 91.7182 2.78825
72 94.1773 17.0657 2.52649
73 81.8768 48.6469 1.24516
74 10.8014 94.0151 2.66368
75 64.0603 79.7912 1.67242
76 10.621 91.4563 2.54484
77 10.9421 19.1827 2.17508
78 90.6548 54.0918 1.24087
79 96.54 14.6581 2.64411
80 6.70623 95.4295 1.99932
81 98.6468 23.7361 2.21827
82 88.2244 17.45 1.82497
83 89.0384 13.1819 1.96556
84 64.1199 71.8031 2.12079
85 9.41375 100.27 2.35006
86 8.19708 95.4357 2.68521
87 87.8238 45.6116 1.14728
88 66.4259 73.4079 2.16401
89 5.75047 90.5558 2.96149
90 57.3897 80.186 1.7015
91 5.67736 7.07075 2.73891
92 12.7959 15.7848 2.65034
93 83.2164 98.4208 2.37387
94 4.88485 95.7355 2.04262
95 56.4997 50.8726 0.82656
96 5.99416 16.5665 2.70694
97 12.7787 23.6603 2.13713
98 97.2956 79.7141 1.87919
99 9.20435 13.1118 2.81691
100 61.3567 81.5658 1.46862
101 95.1928 19.1506 2.88741
102 7.54066 92.8216 2.96078
103 86.7246 75.1118 1.90721
104 6.94658 1.43567 2.97956
105 57.2144 82.932 1.48315
106 88.6696 98.6982 2.76994
107 86.649 88.483 2.3752
108 9.09237 6.71988 2.58059
109 96.0414 11.4483 2.03774
110 65.6143 80.9289 1.71112
111 90.2914 50.8201 1.39481
112 53.8208 75.518 2.01898
113 4.84239 11.2369 2.41292
114 3.89737 21.5767 2.32862
115 63.8288 52.3133 0.898002
116 8.494 85.977 2.80332
117 95.0508 96.9236 2.09845
118 75.5996 39.9715 0.525654
119 85.8282 1.38383 2.07366
120 80.5557 67.5843 2.0222
121 69.5884 82.1401 2.38254
122 98.2408 90.2184 2.90397
123 83.1024 98.3297 2.06175
124 63.404 56.1111 1.70023
125 93.2501 53.9401 1.16847
126 46.468 10.2012 -3.42327
127 75.1939 72.8778 2.18085
128 62.7367 79.4166 2.11729
129 95.1486 16.1744 2.72112
130 96.2934 99.3693 3.12888
131 10.4118 94.0938 2.59576
132 94.8612 52.6976 0.858176
133 90.1018 31.877 2.58067
134 69.23 86.8634 1.81536
135 71.1066 89.0258 2.49419
136 5.8154 87.8788 2.76946
137 6.03205 16.4014 2.38113
138 10.5518 98.2357 2.40582
139 81.8547 65.9024 2.46375
140 11.0482 93.7439 2.34659
141 81.5095 20.2462 2.34361
142 90.2474 12.014 2.41702
143 89.9274 29.573 2.71103
144 6.2836 18.6486 2.67132
145 98.0158 21.9853 2.63875
146 85.9603 87.1659 2.55328
147 46.2329 86.0098 1.71141
148 84.3113 47.5357 1.87691
149 93.7061 23.8847 2.39742
150 9.91332 95.7516 2.44353
151 98.7681 47.4103 1.02057
152 6.99841 88.9819 2.62665
153 10.7133 6.37754 2.78307
154 42.7426 1.03675 2.36365
155 85.1582 29.3846 1.64429
156 85.2452 12.2574 2.43741
157 77.1945 81.9034 1.92246
158 2.01345 44.3011 1.08141
159 54.2468 47.3609 1.31478
160 24.3139 59.4314 -2.00458
161 57.7734 48.47 1.18462
162 91.6138 20.5431 2.85633
163 87.4837 57.7585 0.957689
164 70.3354 72.904 2.34181
165 88.966 17.1194 2.22025
166 65.6664 71.8886 1.61655
167 89.8452 49.9544 1.55422
168 97.0682 16.6379 2.04661
169 68.3207 76.6161 2.02362
170 59.1355 56.049 1.6666
171 8.51667 16.9518 2.12591
172 78.6942 74.9893 2.6663
173 12.8307 94.3568 2.16697
174 71.9287 80.2108 1.6575
175 94.9023 52.9357 1.68734
176 64.9616 57.9549 1.31945
177 7.72471 51.8462 0.490805
178 55.9372 78.2284 1.86202
179 3.10871 7.1768 2.97997
180 8.06496 14.8769 2.78231
181 92.931 30.1754 2.46916
182 96.8954 8.44219 2.82599
183 89.9761 37.1493 2.0875
184 17.8358 19.698 2.14451
185 72.7527 71.3199 2.02824
186 12.9807 4.44223 2.28266
187 60.8159 55.9415 1.4931
188 75.9452 78.9915 2.13464
189 40.5501 31.4418 -0.0695485
190 71.6747 76.7402 2.35237
191 80.0645 16.0486 2.37969
192 6.72646 63.0342 -0.789205
193 13.3936 10.6021 2.90971
194 91.1145 75.0823 2.19615
195 1.20406 10.3295 2.92891
196 81.3134 64.0646 2.74886
197 4.99244 91.6319 2.8344
198 16.3333 19.1902 2.8279
199 56.0321 56.6499 1.72123
200 16.1884 21.0656 2.36154
201 71.5897 50.5555 1.06484
202 57.5547 81.4288 1.73328
203 57.8308 50.5237 1.61348
204 97.6428 43.419 1.97077
205 89.1451 48.6479 1.36761
206 88.9263 75.1569 2.84688
207 89.5808 90.6786 2.99838
208 89.0256 23.9308 2.42455
209 59.8636 55.1629 1.45705
210 98.1272 20.4019 2.18679
211 11.5262 3.4759 2.34352
212 86.755 30.3345 2.03363
213 95.0136 48.0921 1.57516
214 74.4187 76.0339 1.81049
215 90.0337 94.6376 2.27221
216 18.6734 4.22465 1.94771
217 2.36002 10.3976 2.58303
218 76.5637 39.2982 -0.147693
219 4.82734 33.028 2.24409
220 85.9309 49.5775 1.10994
221 19.5715 14.3377 1.86976
222 84.812 49.4068 1.92738
223 61.0919 82.0949 2.33168
224 34.9253 63.7057 -2.41975
225 67.5124 55.7975 1.84519
226 51.614 50.8463 1.50906
227 14.6178 6.71026 2.45724
228 7.74098 94.1596 2.20623
229 17.2655 3.00681 2.35442
230 79.563 79.4505 2.16089
231 99.1083 16.1397 2.74452
232 11.9692 11.6428 1.94522
233 90.5568 86.5175 3.04045
234 84.7791 77.1694 2.00458
235 88.7693 98.5639 2.30007
236 42.1391 97.0562 -2.35795
237 62.8695 55.4316 1.85392
238 98.0701 9.90879 2.33005
239 92.5152 14.0029 2.19261
240 1.28512 16.6716 2.30551
241 81.0457 6.88087 2.57245
242 13.3986 5.36085 2.62327
243 14.8302 20.7248 2.82237
244 57.4709 48.2955 1.22118
245 13.7726 8.49984 2.13026
246 11.5485 0.664706 2.91161
247 72.6447 74.5473 1.58776
248 83.1593 97.4282 1.97974
249 -0.150594 76.2597 2.18721
250 97.6876 16.7647 2.50041
251 36.7988 32.3103 -0.370489
252 58.1079 83.8931 1.93663
253 27.1217 56.0696 -2.49322
254 9.22707 93.3668 2.07151
255 92.2519 18.5155 2.55866
256 13.3899 3.43739 2.04186
257 5.17503 92.2776 2.34799
258 84.3609 15.3241 2.40173
259 87.0397 97.0676 2.30086
260 6.78551 38.9824 1.06333
261 92.5208 10.5078 2.2298
262 15.2613 99.218 2.74894
263 11.6531 11.3988 2.71541
264 49.181 88.4311 1.55115
265 5.65055 91.754 2.32596
266 9.13199 46.0759 0.357454
267 2.66131 16.9333 2.10289
268 80.2098 65.9303 1.92658
269 0.714449 21.1024 2.43681
270 95.6883 10.3852 2.88342
271 91.4107 2.77632 2.18127
272 93.4831 47.9211 1.32397
273 84.1244 73.98 2.6168
274 97.6465 96.7204 3.0071
275 9.90731 96.73 2.59153
276 6.81113 42.418 0.935376
277 13.9579 16.7756 2.91166
278 68.8271 82.8342 2.07973
279 13.5374 5.96825 3.00401
280 2.22718 15.2156 2.26872
281 8.4099 98.8113 2.67049
282 88.4668 1.56615 2.01144
283 93.8048 47.0442 1.0452
284 41.3102 79.6827 0.433248
285 10.9905 19.9984 2.19995
286 75.941 82.8722 2.5152
287 6.83375 96.9532 2.94551
288 46.7227 40.6647 2.42278
289 20.9256 61.9529 -2.07088
290 95.8152 92.133 2.74142
291 84.745 30.0585 1.96872
292 82.8738 28.5495 2.37364
293 90.9824 89.125 3.06504
294 95.4075 4.26963 1.96957
295 4.13326 10.6986 3.00506
296 19.0975 18.1583 2.78266
297 43.1809 5.94169 3.11229
298 88.4203 14.9882 2.02455
299 67.9432 51.1881 1.35636
300 0.586021 93.1365 2.15534
301 96.4834 19.2747 2.42477
302 79.1101 67.052 2.63931
303 8.92935 99.2721 2.30183
304 84.5012 24.3708 2.63841
305 39.4508 31.9635 -0.124994
306 34.2359 74.1821 3.31804
307 66.6966 52.9366 1.55425
308 90.1983 12.1532 2.01911
309 94.5235 94.8354 2.27154
310 54.5475 85.1006 1.84852
311 84.5968 90.1894 2.35427
312 13.1592 9.95029 2.41827
313 94.8185 49.0143 1.42803
314 96.0015 23.3318 2.65919
315 14.0725 6.24121 2.31426
316 12.4797 15.1506 2.66942
317 93.8878 11.1087 2.02204
318 65.3036 53.8075 1.83079
319 82.1794 51.0482 1.66885
320 86.9136 49.6371 1.82815
321 98.4667 26.1958 2.69078
322 82.6305 46.1534 2.03321
323 95.4983 14.0622 3.00277
324 54.3335 53.9521 1.08218
325 19.6056 3.7731 2.89895
326 5.78958 92.2455 2.25007
327 92.4061 84.8656 3.01518
328 91.4223 45.9782 1.18824
329 93.7506 56.2093 1.15781
330 94.5446 47.195 1.19455
331 52.5148 87.2663 1.30463
332 57.4287 54.6413 1.15799
333 19.8554 22.0012 2.62934
334 84.2734 93.8747 1.99831
335 67.5252 49.3853 1.03983
336 88.9344 48.2561 0.952473
337 85.851 100.305 2.32464
338 20.2481 5.51279 2.0732
339 2.67558 93.5418 2.94577
340 76.446 68.0455 2.28291
341 89.831 13.3503 1.98175
342 98.5386 19.623 2.73407
343 18.6737 5.45939 2.38989
344 13.2607 0.469803 2.70803
345 65.0261 76.6106 1.84816
346 83.7961 92.5768 2.11951
347 8.19055 39.34 0.945507
348 75.2858 85.5376 2.03502
349 71.6929 72.462 2.07938
350 9.36466 2.51673 2.99025
351 87.6201 24.2478 3.07684
352 73.7472 80.9372 2.77774
353 61.0793 80.9504 2.10202
354 92.0289 71.0849 2.17519
355 9.91868 90.6357 2.24619
356 88.3197 44.6467 1.09437
357 72.3895 73.8102 1.79797
358 99.4038 13.4506 2.30693
359 88.9323 87.7017 2.89911
360 92.6305 24.1703 2.95088
361 5.94806 44.5699 0.743234
362 0.655254 10.292 2.50033
363 8.04251 96.2554 2.56096
364 54.7207 85.7995 1.2955
365 10.3459 10.8566 2.03944
366 12.8534 19.9885 2.31823
367 90.9634 48.9739 0.983737
368 77.6193 72.9586 2.19153
369 97.1397 48.1361 1.06289
370 31.4399 67.979 -2.99218
371 94.7226 19.8094 2.08555
372 -0.406852 7.8404 2.88754
373 66.5259 3.70492 0.771012
374 98.3594 21.5222 1.92065
375 20.1463 18.5316 2.53998
376 0.807256 12.1429 2.5372
377 94.8087 50.2751 1.56844
378 96.5516 94.5797 3.12086
379 88.9846 52.0528 1.17348
380 8.16179 93.5049 2.99622
381 54.2247 55.3885 1.33712
382 9.96468 18.9139 2.3188
383 67.5347 76.561 1.50731
384 10.3938 11.2527 2.4915
385 66.3867 82.6104 2.36912
386 21.5054 56.5194 -1.82975
387 90.426 35.5745 1.94861
388 18.8494 1.18823 2.46812
389 89.9664 88.8039 2.18027
390 86.7195 15.2861 2.28298
391 94.8385 13.4358 2.10771
392 91.2458 87.4502 2.73155
393 18.0398 6.03962 2.39332
394 8.89345 18.9835 2.22552
395 97.1988 12.1408 2.61906
396 4.37518 30.9989 1.87107
397 97.9955 12.8188 2.43775
398 94.9707 47.4681 1.25866
399 80.9837 3.1795 2.84606
400 84.5083 2.13405 1.98705
401 55.8088 51.8247 0.864077
402 91.3105 70.8287 1.77121
403 9.62195 17.0846 2.0187
404 1.11973 95.0492 2.33616
405 71.9622 81.2713 2.57804
406 75.4129 72.7909 2.48098
407 13.0171 21.989 1.90786
408 92.7547 97.5669 2.31292
409 91.1511 48.0537 1.38322
410 85.0324 2.87686 2.03145
411 0.680998 19.4802 2.09906
412 9.46028 89.0107 2.82575
413 89.69 11.5533 2.10345
414 17.7453 6.80236 2.30139
415 69.2321 74.8657 2.28982
416 14.1925 15.5668 2.88268
417 85.8233 2.69649 2.05782
418 1.42715 21.6144 2.55776
419 64.7879 74.7396 1.61554
420 88.5171 85.3259 2.82704
421 0.70886 20.7379 2.0142
422 89.1057 3.32507 2.3571
423 45.6255 32.9025 2.60845
424 3.61263 29.4208 2.06219
425 5.52108 9.74105 2.53121
426 8.93736 42.9431 1.16523
427 0.818064 24.5122 2.19897
428 3.04445 96.1789 1.96303
429 10.6292 97.0606 2.31684
430 91.8888 32.8087 2.58075
431 17.8399 14.9358 2.79278
432 95.432 23.2902 2.16499
433 95.7954 44.621 1.47448
434 94.8437 87.2755 2.94999
435 57.626 85.9501 1.26895
436 96.3951 30.8534 2.36975
437 81.7815 65.5468 2.14442
438 88.5806 54.1213 1.09655
439 91.527 50.4005 1.33668
440 10.9069 90.9515 2.42781
441 73.8539 71.8403 1.96293
442 4.07769 16.6783 1.98671
443 55.2872 57.6969 1.64809
444 12.7918 10.1765 2.1413
445 71.2105 79.4391 2.11249
446 64.5521 82.2751 2.0793
447 81.4121 88.8461 1.95433
448 2.83539 13.5673 2.50781
449 19.2996 61.3282 -1.91221
450 91.805 14.6171 2.12967
451 91.3962 72.8778 2.28523
452 6.9012 31.9224 2.11587
453 7.84298 90.2945 2.96163
454 12.3589 30.0971 2.17219
455 69.0034 76.309 2.00808
456 83.4747 98.4445 2.41758
457 91.9336 2.41326 2.00928
458 95.5918 1.16522 2.67035
459 73.9849 68.0728 2.3154
460 91.4527 85.3188 2.36
461 32.8165 67.3435 -2.30665
462 14.1137 8.72366 2.74628
463 97.8373 10.493 2.38163
464 40.4886 3.78958 2.42726
465 93.0901 13.9642 2.27029
466 16.488 3.34607 2.86933
467 89.0065 49.3329 0.974049
468 80.6366 73.0828 1.98457
469 92.9186 29.5425 2.06808
470 95.9831 36.6148 2.26276
471 98.295 93.7481 2.25439
472 13.605 8.39418 2.91122
473 13.8196 16.004 2.84814
474 56.8756 57.2557 1.59461
475 76.7143 74.6137 2.45096
476 72.4896 71.6044 2.26826
477 14.9817 1.9426 2.11096
478 93.127 26.3353 2.66055
479 63.5659 75.9099 1.83368
480 86.9783 91.2377 2.24838
481 85.7816 43.1876 1.84244
482 95.2625 75.8405 2.19679
483 89.1726 14.1341 1.95835
484 85.7718 87.4216 2.69249
485 7.16798 43.4144 0.878734
486 13.4427 96.036 2.02729
487 12.5897 99.9058 2.01053
488 81.6062 5.17044 2.46314
489 62.3228 74.4665 1.59792
490 66.8643 79.0484 1.59086
491 3.89704 92.5542 2.6219
492 15.5467 13.1232 2.35631
493 8.1926 2.38927 2.26845
494 97.1733 77.0654 1.49093
495 89.9805 89.4111 2.6062
496 4.7836 19.1328 2.40153
497 -0.0492232 21.4299 2.33718
498 12.8638 94.2404 2.26707
499 91.155 55.2158 1.09335
