500
Particles
0 16.1816 35.2054 -1.48576
1 87.2505 52.7534 2.29281
2 63.0854 18.9553 2.14362
3 64.2896 41.5618 1.90262
4 16.6034 77.9201 2.35781
5 91.2686 49.4782 3.05992
6 37.1858 90.1383 2.88757
7 74.5575 48.089 2.34066
8 10.1354 88.3329 2.51175
9 34.1385 30.1953 -1.5233
10 37.0967 68.822 2.07505
11 35.3109 0.380802 3.11813
12 72.4607 18.3414 1.45823
13 8.30502 53.1355 3.15488
14 18.0897 80.732 2.87311
15 10.125 58.5088 3.18475
16 56.2254 77.4688 2.79917
17 31.3444 5.80705 1.94925
18 21.278 93.6524 2.33814
19 9.2084 99.114 2.27706
20 64.8018 41.9748 1.89488
21 35.4551 89.1168 2.56877
22 34.762 78.6422 2.52303
23 11.2717 65.7774 2.33067
24 68.4045 44.4203 2.2356
25 22.1745 68.4074 2.37463
26 11.9563 30.3381 -1.11609
27 31.7923 95.66 2.82823
28 34.1965 85.6102 2.8266
29 74.9295 16.847 1.0881
30 50.0226 16.5279 1.0055
31 32.9093 80.6565 2.66375
32 85.7156 16.8514 2.01591
33 58.5073 51.4736 2.33006
34 22.3264 65.1721 1.99529
35 21.8619 100.017 2.37936
36 49.3151 52.0066 1.91112
37 76.2137 14.6574 1.60921
38 23.2956 72.6553 2.32971
39 13.215 67.5971 3.02724
40 20.5762 58.1402 2.239
41 9.7009 65.2624 2.99735
42 40.1868 70.9396 2.20117
43 66.032 42.2073 2.17057
44 91.8532 54.4143 2.54925
45 45.9833 75.6781 2.06796
46 22.5865 68.1714 2.15729
47 81.8294 37.8544 2.00221
48 32.2599 70.5138 2.29991
49 17.4349 28.1541 -1.62647
50 28.4427 98.3107 2.41615
51 42.4519 83.705 2.4237
52 63.8112 44.2739 1.951
53 53.1155 52.0321 1.83845
54 19.0505 77.9394 3.1938
55 71.3953 39.3913 1.48157
56 20.1899 78.2045 2.49304
57 36.4142 61.3428 1.88812
58 24.3154 88.3182 2.18097
59 13.5587 57.823 3.00467
60 27.3722 93.9681 2.64806
61 34.3256 69.5141 2.01016
62 6.05801 67.837 2.6079
63 11.9203 99.6222 2.89991
64 32.2304 92.2999 2.58395
65 82.0736 38.3305 2.33633
66 24.0111 97.4219 2.33359
67 27.2595 98.2645 2.29867
68 86.0651 34.3947 2.39461
69 50.2693 69.7371 2.51515
70 34.9063 92.953 2.07633
71 23.762 68.39 1.94255
72 24.0993 93.5446 2.61405
73 74.0804 11.6428 1.25161
74 39.1646 69.1269 1.87239
75 74.0261 44.7108 1.89511
76 40.1534 68.3726 2.6128
77 38.1234 92.5316 2.71639
78 79.1439 18.677 1.49659
79 25.2555 90.6073 2.27668
80 34.9712 71.1343 2.61851
81 27.2492 99.3119 2.73361
82 13.0769 95.1716 2.55806
83 17.0086 89.0475 3.10083
84 69.5901 37.0869 1.39597
85 35.5103 73.0763 1.96103
86 35.8387 70.1625 2.50142
87 80.0023 9.17029 1.29346
88 73.2136 38.3422 1.745
89 33.6645 65.6978 2.74361
90 68.1573 45.2639 2.24623
91 33.3212 81.5216 2.38547
92 40.3126 90.0917 2.48988
93 11.9059 75.3936 2.73185
94 32.8247 70.2205 2.50401
95 37.3736 19.4838 0.742331
96 35.0768 92.1859 2.64598
97 38.9874 96.9509 2.12468
98 26.2245 58.2719 2.80937
99 37.049 87.6339 2.54847
100 67.0881 44.7728 2.40932
101 24.9629 95.8052 2.20035
102 35.8804 68.2585 1.82717
103 17.2991 55.5998 2.35248
104 35.5717 76.245 1.90152
105 66.6432 47.3283 1.80977
106 20.0512 77.9035 3.05186
107 14.2243 63.5107 2.52106
108 36.8073 81.1188 2.65996
109 24.0098 86.2154 2.69279
110 74.9816 45.3477 2.57765
111 82.4145 14.0577 2.10451
112 62.3165 39.7732 2.5444
113 34.5396 87.4357 2.06899
114 32.7896 96.8779 2.00535
115 63.8461 15.3813 1.60962
116 37.168 62.8167 1.83031
117 23.0446 71.7135 1.89308
118 51.8691 12.738 0.974599
119 16.5671 81.2498 3.07797
120 13.1198 51.2042 2.79309
121 79.0221 47.3197 1.89387
122 27.7528 67.1385 2.66784
123 12.9289 76.6237 3.24715
124 63.3622 18.7314 1.53316
125 82.9151 18.1168 1.43132
126 54.4939 79.7717 3.34287
127 5.99416 55.881 2.46779
128 71.4891 43.6356 2.0405
129 26.3388 94.1065 2.16791
130 24.277 74.6618 1.85929
131 38.1453 68.5962 2.54877
132 84.4736 16.3804 1.18995
133 21.2628 16.4647 2.17022
134 60.1007 57.4577 1.57973
135 74.2845 92.0408 -0.57455
136 33.3902 62.7371 2.04943
137 34.8881 92.3715 2.35994
138 37.9557 72.5879 2.1122
139 14.9293 53.1138 2.6723
140 39.1316 68.7542 2.1317
141 5.57593 3.70334 -0.556328
142 18.5636 87.0239 2.72681
143 20.1994 9.99286 2.16353
144 34.8298 93.9016 2.16531
145 28.75 99.7311 2.15568
146 13.3709 60.8064 2.82918
147 61.1899 51.7097 1.71713
148 74.9948 11.1815 1.49263
149 22.267 98.5498 2.52164
150 37.8813 70.2869 1.96602
151 3.41243 12.6525 1.89533
152 35.3533 64.4752 1.87902
153 37.3388 79.2025 1.77755
154 56.4679 74.1341 2.87044
155 18.6044 18.6936 -2.1167
156 13.9814 89.8001 2.55818
157 2.92852 62.2625 2.22687
158 12.7314 30.885 -1.71827
159 35.1958 16.0928 1.20326
160 52.7226 52.2724 1.74712
161 38.1882 17.4658 0.750752
162 21.8754 97.8509 2.721
163 75.083 33.8511 1.78454
164 81.8063 38.5606 2.46185
165 16.4393 94.0685 3.05057
166 71.5205 37.0828 1.68315
167 83.3507 12.601 1.64406
168 27.0597 93.6965 2.75717
169 78.6297 40.8386 2.58714
170 42.1801 24.5166 1.03316
171 35.7111 90.7508 2.33208
172 11.017 57.2261 2.32789
173 40.5913 68.8469 2.69501
174 83.6201 44.6217 1.9326
175 85.1566 16.7772 2.16369
176 63.9743 20.5807 1.74353
177 16.5129 50.2593 3.27946
178 65.5247 43.0598 1.8478
179 32.7652 84.7878 2.69201
180 37.5648 91.2041 2.25542
181 23.3083 10.4861 1.47776
182 24.3231 83.5814 2.40592
183 15.2625 26.8428 -1.23517
184 44.8743 93.028 2.9118
185 85.9386 38.1653 1.8247
186 38.6754 76.9961 1.7569
187 47.9161 26.3315 0.787684
188 3.88981 59.8087 2.36096
189 38.5898 5.52177 2.39349
190 84.0356 42.3176 2.0465
191 73.7756 98.483 0.00104701
192 26.2421 51.9635 2.76636
193 42.5126 86.5272 2.69325
194 24.1119 58.6832 2.97183
195 31.5676 87.8809 3.05907
196 14.2024 50.4178 2.4822
197 32.2466 65.8413 2.61054
198 42.8634 92.6991 2.80576
199 38.5374 24.8505 0.872706
200 42.3703 94.1851 2.44122
201 70.3879 14.0088 1.87835
202 66.4161 44.874 2.07731
203 41.0983 17.3901 0.400169
204 12.259 28.6485 -1.4659
205 81.6887 12.268 2.05221
206 21.4378 58.1264 2.28583
207 19.7637 68.425 2.15922
208 20.0359 2.46783 1.9876
209 44.9486 26.2331 1.12699
210 27.6212 96.6756 2.59788
211 38.6205 77.4652 2.41637
212 19.1086 16.0182 -2.35829
213 86.8156 11.8156 2.06015
214 3.2479 56.6639 2.4598
215 19.8812 71.5529 2.52984
216 43.7864 76.6897 2.06234
217 32.3716 87.8732 2.35861
218 51.7831 11.6482 0.898628
219 30.9444 6.26281 2.41614
220 76.7585 12.8638 1.40309
221 45.6154 87.5798 2.05969
222 74.8062 13.5149 1.33279
223 71.8482 47.8156 2.50433
224 59.4506 42.1141 1.99906
225 66.6463 18.2914 2.23277
226 33.0535 19.7632 0.679436
227 41.8479 81.0262 2.02948
228 36.8946 70.8486 2.41693
229 42.4843 75.2807 2.16696
230 8.36828 57.7548 2.988
231 29.5244 94.1968 2.75546
232 39.423 86.0089 2.42866
233 22.3435 66.3799 2.27421
234 15.8294 56.074 3.12123
235 19.5814 76.999 2.47788
236 53.9011 72.784 2.40784
237 65.0695 18.4325 2.06566
238 27.3284 86.6128 2.13674
239 19.6738 88.0167 3.00679
240 31.7281 94.9782 2.66781
241 12.4265 88.0217 3.08583
242 39.8277 78.4893 2.33391
243 40.7553 93.3224 2.91997
244 37.3812 17.4971 0.43406
245 40.5225 82.0675 2.63816
246 37.99 73.8417 2.40853
247 85.525 41.4612 1.98273
248 15.1339 78.4202 2.72584
249 28.3662 57.677 2.11924
250 27.8625 94.412 2.76676
251 37.1387 6.19063 1.60368
252 68.5772 48.5638 2.46713
253 52.0094 41.7181 1.28703
254 36.6415 67.3703 1.90898
255 22.2495 96.361 2.78452
256 40.791 77.6425 1.93562
257 31.7097 65.9192 2.33378
258 13.629 92.3733 2.86902
259 19.183 78.0722 2.27607
260 24.491 17.8345 1.93802
261 17.5494 83.7676 3.24558
262 41.2374 71.914 2.48964
263 39.2753 85.7264 2.53996
264 60.4835 53.0201 1.87492
265 33.2907 66.4421 2.34732
266 18.9536 35.3329 -1.9975
267 32.5117 94.5054 2.57964
268 13.1775 52.0588 3.01883
269 29.7105 97.3396 1.9957
270 23.1815 84.4963 2.57985
271 22.1196 81.6523 2.46363
272 85.4033 11.3353 1.25887
273 15.2178 54.4273 2.92061
274 25.4065 71.3264 2.65832
275 38.9102 71.8701 2.34995
276 21.6925 28.376 -1.94164
277 41.8932 91.4399 2.45446
278 78.7715 47.7719 2.23103
279 40.9463 80.0529 2.36569
280 31.9018 92.6335 2.66951
281 37.0422 74.3468 2.36418
282 19.0179 80.7182 3.08375
283 83.8436 11.3041 1.65544
284 54.9307 69.4327 3.08145
285 39.2203 94.6854 2.03803
286 6.97565 62.657 2.21303
287 35.0314 72.2563 2.65284
288 39.9203 12.9752 1.09357
289 50.1277 69.1194 2.30416
290 24.3905 67.5235 2.77065
291 16.5166 22.9673 -2.00007
292 16.1656 19.1539 -1.44783
293 21.0963 66.9373 2.13739
294 23.1668 79.9297 2.59393
295 34.4024 88.2151 2.93721
296 46.9754 92.9226 3.09891
297 54.7771 75.958 2.74409
298 16.9211 90.333 2.41144
299 68.5592 13.7179 2.2164
300 28.1672 67.4095 2.24143
301 27.1578 97.4426 1.93472
302 11.9199 52.0269 2.94814
303 36.7828 73.493 2.46824
304 15.497 3.84739 1.5632
305 40.1123 6.30581 1.8647
306 58.6007 48.1885 2.29038
307 65.7457 16.1038 2.29589
308 17.8977 86.6733 2.84047
309 23.0405 69.8563 2.58142
310 65.3591 50.5398 2.15795
311 14.2724 67.9636 2.956
312 40.2796 83.2683 1.91012
313 86.4447 13.0519 1.74292
314 25.3233 99.178 2.34474
315 40.1128 78.973 2.0842
316 40.7398 89.8774 2.25952
317 22.2092 86.5523 2.46933
318 62.958 16.4361 1.52936
319 73.4244 14.4631 1.48008
320 77.5603 12.856 1.87205
321 27.6091 2.46868 2.23605
322 75.811 9.25735 1.37689
323 24.0099 89.372 2.683
324 36.9354 21.4083 1.08325
325 45.5611 76.9853 1.85437
326 33.8873 67.2717 1.84569
327 23.2658 64.2715 2.45356
328 83.4838 9.41845 2.17054
329 80.2343 21.1411 1.44514
330 86.2891 10.8392 2.00273
331 67.3428 53.7848 1.86573
332 39.7022 22.0752 0.976935
333 45.804 95.0486 2.34656
334 13.6617 70.8745 2.5549
335 66.9525 12.4454 1.89783
336 78.0444 12.0401 1.68985
337 16.6938 80.1458 2.74229
338 46.4804 78.6188 2.22435
339 30.2583 67.8558 1.87752
340 7.99377 50.3928 2.71494
341 18.3728 89.016 2.73855
342 28.0319 95.8115 2.17111
343 44.1508 78.0324 2.1988
344 39.6596 73.5158 2.72919
345 72.7438 42.1505 1.55224
346 11.399 67.4599 2.77199
347 26.3498 18.0878 1.8322
348 5.72481 64.2215 2.5003
349 84.9425 39.8266 2.6906
350 36.5914 76.3267 2.45921
351 17.5995 2.89787 1.5957
352 93.4573 51.6949 2.18834
353 71.4732 46.2416 1.65255
354 25.3895 55.5693 2.84434
355 38.2789 66.1526 2.16215
356 79.4076 8.48066 1.48512
357 84.7128 39.8422 2.39614
358 30.4334 92.1183 2.61155
359 20.4125 66.5679 2.66704
360 22.9001 1.86978 1.78335
361 17.867 32.4847 -1.15384
362 31.4906 89.5429 2.45609
363 37.4626 72.2851 2.36432
364 70.2496 52.1133 2.46497
365 36.903 83.3436 2.80109
366 39.3784 92.9177 2.12426
367 81.5433 13.2327 2.087
368 10.4527 55.3265 2.77671
369 90.4871 11.8539 1.94285
370 55.9243 44.7494 1.60745
371 25.2162 97.339 1.89066
372 28.9626 84.4647 2.70581
373 46.1381 98.8059 3.23269
374 27.5606 97.5643 2.23575
375 47.404 93.0621 2.36033
376 30.6982 89.1915 2.62343
377 85.7647 14.363 1.38603
378 25.3019 70.3743 2.15211
379 78.6774 15.4353 1.58957
380 36.7041 69.1001 2.56528
381 35.0611 23.9283 0.742501
382 36.8387 92.3742 2.28927
383 74.4103 40.0688 1.50613
384 38.4833 86.0601 2.31169
385 74.2341 47.7849 2.42526
386 50.0532 48.8244 2.23694
387 18.0291 25.8948 -1.48464
388 45.3847 74.4186 2.53444
389 19.6043 65.9645 2.24384
390 15.5364 91.6382 2.50212
391 23.5858 89.1725 2.20618
392 21.0725 65.525 2.77886
393 44.2089 79.6451 2.66524
394 36.1486 92.9348 2.90951
395 28.4342 91.2569 2.55047
396 30.9579 4.37965 1.96389
397 30.5676 93.3811 2.80204
398 85.9438 11.2148 1.92746
399 12.9963 85.3914 2.71771
400 15.4563 81.756 2.62596
401 37.0452 20.2438 0.813278
402 24.847 54.6953 2.09147
403 36.7833 90.4243 2.18783
404 27.8942 68.2466 2.30471
405 89.5171 51.6226 2.15862
406 6.25466 52.8777 2.69416
407 38.6787 94.3866 2.69059
408 21.2138 72.7771 2.813
409 82.9896 11.4658 1.34442
410 16.8598 83.3099 2.28922
411 30.5181 96.098 1.97506
412 37.2845 64.0601 1.90559
413 17.7043 86.359 2.87122
414 43.5394 79.5358 1.95486
415 78.8149 38.9883 2.2387
416 40.9114 88.8089 2.10064
417 15.8194 81.6029 2.31094
418 30.9347 97.9233 2.34795
419 72.1055 39.7145 2.19634
420 17.5352 61.7467 2.95179
421 29.2404 96.1059 2.83353
422 19.3819 81.5999 2.5463
423 71.6497 7.38186 1.95741
424 31.1505 4.3743 2.55497
425 34.1833 85.2744 2.34579
426 25.6122 21.5006 1.1329
427 30.2867 1.30172 2.76844
428 31.4055 72.3536 2.14852
429 39.4953 72.4005 2.51756
430 21.4988 12.9354 1.9264
431 45.7445 89.6142 2.35553
432 24.8417 99.3678 2.18347
433 88.0421 8.25751 1.71525
434 24.4326 65.0316 2.65419
435 70.335 51.0128 1.97959
436 25.1614 11.8144 2.12497
437 15.2717 52.4047 3.11137
438 76.408 18.8344 1.47521
439 80.8259 14.2969 1.20946
440 40.2086 67.1866 2.01343
441 4.06635 52.3195 2.83405
442 34.0547 93.7879 2.08937
443 37.3694 25.4996 0.786151
444 39.736 83.7311 2.13486
445 80.607 44.1095 2.00588
446 74.1987 47.2014 2.38418
447 9.23521 63.2053 2.13619
448 32.9705 91.1285 2.78342
449 48.4177 69.3706 2.78385
450 19.9546 89.735 3.1372
451 24.0258 56.4459 2.75877
452 33.7078 5.58374 2.34355
453 35.6271 65.2774 2.57109
454 36.4611 2.68204 1.74618
455 77.8165 40.3162 2.15917
456 13.0269 76.4562 2.22561
457 22.8441 81.8433 3.05086
458 25.7457 78.7321 2.06108
459 87.7831 36.2598 2.22331
460 20.6852 62.1631 2.75134
461 57.982 44.5282 1.84516
462 41.3013 82.3647 2.84039
463 27.1271 87.2364 2.52869
464 48.5462 86.006 2.54619
465 19.6996 87.0653 3.25425
466 41.4634 75.1239 1.9924
467 80.6934 12.7796 1.48751
468 11.6987 54.5582 2.52166
469 20.4714 4.71207 2.2443
470 23.8374 15.1527 1.56094
471 26.404 68.7144 2.86472
472 42.9628 84.3414 2.57129
473 41.7818 90.5422 3.01263
474 39.3017 24.7007 0.365532
475 7.47952 55.7186 2.64781
476 85.2278 38.96 1.82628
477 40.1235 74.3659 2.09429
478 23.6535 6.04382 2.0705
479 70.861 41.2111 1.48872
480 16.2024 68.2899 2.79243
481 80.1435 7.00664 2.02855
482 26.1625 55.9843 2.258
483 17.4715 89.177 2.60383
484 12.5469 61.4143 2.49069
485 16.4534 32.1373 -1.30717
486 42.6087 71.7331 2.61482
487 39.1262 73.361 2.03199
488 12.719 86.2533 2.93993
489 68.9919 40.4837 1.88033
490 75.6986 43.7592 1.99179
491 31.159 66.7508 2.72667
492 42.5099 86.1223 2.22881
493 35.988 77.2911 2.44562
494 26.7912 57.7183 2.68479
495 19.9749 66.5164 1.97135
496 32.9925 94.7451 2.42641
497 30.135 99.1824 2.15588
498 41.758 70.2629 2.75878
499 78.5954 20.0886 1.47453
