500
Particles
0 65.4585 12.8142 2.20891
1 94.2128 8.98789 2.33331
2 75.8713 87.6997 -2.16735
3 60.6005 31.0738 1.86486
4 3.33804 1.37668 2.7717
5 76.3366 11.8795 3.06731
6 53.1446 19.3995 1.24387
7 54.1631 47.9603 -0.221235
8 95.058 15.6959 2.8901
9 95.3652 18.6571 2.82854
10 85.9344 15.1306 2.50032
11 29.6158 63.2716 1.40997
12 52.2537 32.6409 1.94309
13 5.75844 92.4885 2.25075
14 3.76578 3.00967 2.13992
15 12.0914 38.9953 -3.06039
16 91.9738 19.2388 3.27215
17 1.74686 38.0981 -2.71086
18 3.43189 11.8434 2.6489
19 65.2512 26.8304 2.00003
20 56.46 31.8316 1.71854
21 46.8642 19.5837 1.76628
22 80.6195 23.5509 2.40186
23 8.01093 97.9282 2.08692
24 60.1197 35.503 1.66815
25 73.7998 18.959 2.25236
26 77.0058 9.94069 2.95626
27 21.8665 53.8454 1.18761
28 63.888 17.5217 2.54033
29 13.0572 93.3921 1.8011
30 76.6186 95.7579 -2.74829
31 76.4204 23.0886 3.02846
32 57.4 30.3621 1.68571
33 78.4651 84.8086 -2.53709
34 78.1271 19.8831 3.12403
35 1.54707 18.8499 2.34003
36 25.8193 64.9087 0.686684
37 53.9733 25.3153 1.38451
38 69.2845 18.2092 2.58504
39 5.01103 99.1694 2.34836
40 81.9136 19.9952 2.53496
41 3.48104 98.9797 2.30939
42 87.8413 20.3053 2.32858
43 60.0958 31.8103 1.42892
44 93.7853 11.7039 2.36226
45 88.7925 18.0686 2.68766
46 78.864 22.7827 2.7206
47 86.5013 36.5188 2.63957
48 81.9473 19.3348 2.74122
49 74.8795 14.1257 2.49281
50 10.0125 21.8844 3.10213
51 82.0779 24.8046 2.90043
52 58.0858 34.0002 1.01183
53 24.8883 64.7679 1.35793
54 6.86415 2.09597 2.74883
55 72.2697 29.0486 2.71196
56 8.73189 4.29162 2.15274
57 85.1052 11.0627 2.93997
58 4.98411 6.91329 2.68919
59 71.6363 18.6045 2.60206
60 7.69796 16.9026 2.68534
61 85.823 18.6076 2.91009
62 93.5828 14.3414 2.86251
63 92.415 4.32281 3.05591
64 50.519 24.0425 1.55625
65 72.1905 33.3521 2.28984
66 5.386 19.3343 2.27017
67 5.85149 19.2798 2.46606
68 70.748 30.0285 2.62685
69 90.8231 12.9412 2.50086
70 52.4531 22.4963 1.91536
71 77.301 19.2513 3.14191
72 6.08801 15.2146 2.85833
73 55.2014 24.6768 1.71187
74 83.6994 12.7769 2.6096
75 62.3711 39.3743 1.43236
76 85.9456 11.4568 2.63532
77 53.0699 22.2475 1.27678
78 77.1821 7.08832 2.97961
79 7.03774 9.12543 1.99424
80 82.2143 16.3552 2.50373
81 4.51436 17.974 2.2995
82 67.0885 24.3602 2.14565
83 2.38992 6.74695 1.84123
84 75.7278 27.4545 2.338
85 81.5971 16.8491 2.965
86 83.1915 15.9655 2.35642
87 66.4914 22.654 2.50186
88 66.3372 27.45 1.77657
89 80.902 12.7003 2.49859
90 57.8616 35.5062 1.59581
91 74.1506 22.8328 2.53317
92 66.3073 21.4879 2.17696
93 3.60929 4.05773 2.39662
94 83.889 18.5196 2.8822
95 60.7776 26.5553 1.6614
96 46.4468 22.54 1.66948
97 54.8799 26.1179 1.52153
98 80.6857 12.6937 3.02251
99 65.3825 21.3729 2.1745
100 60.0114 34.3234 1.39023
101 5.78796 12.8943 2.37765
102 86.8082 16.9351 2.9958
103 77.9361 17.6052 2.36543
104 83.5185 22.0979 2.73739
105 56.2721 36.8927 0.934068
106 6.59495 3.55692 2.36725
107 62.8192 15.3569 2.44995
108 82.0238 23.8166 2.29353
109 10.9392 7.22152 1.99677
110 82.3372 52.175 -0.941756
111 54.3256 24.3688 1.97321
112 57.3826 30.65 1.32774
113 56.95 18.3559 1.87266
114 45.0623 28.6228 1.88455
115 52.0842 31.8567 1.05946
116 84.2934 10.0529 2.72939
117 73.9341 20.8499 3.12777
118 55.6004 32.6516 1.12964
119 5.69032 3.39343 2.60639
120 74.1399 17.9057 2.79237
121 98.5746 16.9272 3.19027
122 83.0764 20.4945 2.90296
123 0.570108 10.8757 2.27154
124 2.84506 88.7262 1.6597
125 71.9083 28.7143 2.19656
126 89.8564 27.1708 2.96479
127 3.94801 95.194 1.98393
128 61.3376 35.6968 0.98169
129 71.4257 91.7514 -2.72923
130 66.364 18.7717 1.95448
131 84.4792 14.3413 3.14911
132 78.5117 31.4121 2.49652
133 77.268 32.8679 2.74231
134 75.1464 13.4437 2.244
135 57.3295 23.2494 1.41802
136 82.9783 13.3956 2.60936
137 51.8681 24.1029 1.28968
138 85.1226 18.7839 2.67117
139 76.4371 18.1289 3.11583
140 86.9734 14.65 3.20167
141 73.3994 30.8602 2.36295
142 5.6346 6.74206 2.25934
143 92.0621 20.9724 2.87939
144 50.7014 27.159 1.13024
145 70.6988 92.7275 -2.49926
146 67.6375 17.1643 2.37071
147 75.6926 84.475 -2.41555
148 62.3312 24.274 2.15006
149 5.01418 18.0738 3.09515
150 89.0453 19.1214 2.5965
151 58.8306 28.7167 1.35501
152 84.2203 12.1366 2.81123
153 81.0519 21.8956 2.54662
154 91.3073 18.8554 2.87919
155 79.3106 34.4682 2.07346
156 -0.451079 16.7872 3.06978
157 87.9383 28.2691 2.31323
158 76.1562 11.4515 2.81985
159 93.648 25.8554 2.81367
160 77.6223 90.7928 -2.80325
161 89.9605 23.7046 3.15215
162 5.15635 22.2238 3.21489
163 70.3607 26.8981 2.6527
164 68.7744 40.1613 -0.625546
165 1.06125 16.6772 3.14153
166 67.9919 26.9498 2.41136
167 57.9036 26.5873 1.3099
168 5.27824 11.1881 2.40814
169 63.5358 33.1933 1.19241
170 95.0035 3.5011 2.75031
171 53.1312 19.3622 2.0035
172 63.0846 14.1334 2.79311
173 89.0489 15.7245 2.95505
174 76.5872 11.7317 3.069
175 76.7953 28.9022 2.16536
176 8.31503 37.7998 -2.67365
177 79.1017 17.6412 2.97794
178 62.7335 34.6249 1.47692
179 64.045 18.1883 2.52071
180 56.6275 19.6139 1.47222
181 94.8974 19.4711 3.06451
182 9.5415 4.18435 2.48165
183 68.0747 14.316 2.04335
184 70.0666 23.3126 2.06168
185 75.4042 35.1111 2.69555
186 84.1857 20.8099 2.99109
187 59.0235 30.0025 1.93247
188 0.337923 7.59718 1.80313
189 77.1097 91.1779 -2.51501
190 75.8095 11.2717 3.25422
191 51.9816 28.2945 1.39074
192 81.7881 11.8428 2.24805
193 78.2259 24.0892 2.86765
194 80.8746 14.9995 2.58418
195 50.6827 20.8476 2.01923
196 77.3812 16.7419 2.66519
197 83.4398 14.7237 2.27786
198 65.9061 21.6883 2.59946
199 77.166 14.2273 2.49481
200 55.1233 22.2443 1.87303
201 12.5178 91.6465 2.19257
202 59.7989 35.0528 1.80395
203 92.9311 26.0288 2.79891
204 77.8742 10.7673 2.57117
205 58.6009 24.4263 1.04398
206 80.4003 17.1876 2.26887
207 73.3063 20.5475 2.83113
208 71.6958 26.0942 2.7441
209 56.6712 32.0717 1.60951
210 7.74078 15.7427 2.67929
211 82.7289 20.8888 2.15892
212 76.4321 32.049 2.87301
213 61.1211 27.1887 1.98636
214 97.7765 6.21861 2.68269
215 59.468 15.9904 2.47398
216 88.9155 22.3978 2.97702
217 50.6658 18.8454 2.06765
218 87.5936 32.8263 1.95087
219 4.55637 37.8804 -1.98276
220 56.9987 24.9464 1.60209
221 83.1348 25.9074 3.04952
222 54.4841 25.3768 1.7626
223 53.7673 40.42 1.35675
224 59.0669 31.3649 1.33406
225 31.588 62.5427 0.787297
226 92.0152 17.6523 3.19735
227 84.1129 21.4533 2.4175
228 85.0602 16.2734 2.71001
229 86.8511 17.4489 3.14178
230 6.5907 94.2726 2.37122
231 11.6838 16.7362 2.78937
232 74.4938 23.2113 2.37742
233 78.2894 20.1356 2.29645
234 75.6272 16.6577 3.20351
235 8.59186 2.16721 2.49017
236 92.1098 16.7647 3.16688
237 78.3321 90.4299 -3.03589
238 7.7521 1.70761 2.73821
239 2.83696 4.17592 2.46442
240 48.3095 28.5076 1.37337
241 95.6077 14.6332 2.79589
242 84.4766 24.3546 2.34209
243 57.1387 21.1574 1.95909
244 91.9561 24.0984 3.16712
245 82.3476 23.9571 3.00043
246 85.0952 17.539 2.45313
247 94.0502 96.506 2.97586
248 3.85576 5.14653 2.62951
249 82.2789 11.8823 2.30483
250 19.1077 56.7576 0.557866
251 74.2082 90.3465 -2.75597
252 51.1618 45.2912 -0.968201
253 57.6423 33.1928 1.04142
254 85.4664 15.9119 3.18192
255 4.19236 16.9792 2.57539
256 85.527 22.5242 2.50692
257 84.9263 17.3666 2.58299
258 97.4473 17.8471 2.75835
259 8.73238 2.92682 2.67327
260 78.7652 13.7412 2.46077
261 5.5938 4.94188 2.52007
262 88.9745 18.9777 2.96415
263 75.9647 23.8366 3.00807
264 77.3525 85.3308 -2.34201
265 81.8458 12.7581 2.81498
266 79.6173 15.8302 2.98226
267 47.0326 24.804 1.65478
268 76.1243 20.079 2.79429
269 22.8578 56.7473 1.04247
270 8.11125 7.75276 2.85731
271 10.2585 3.78219 2.52056
272 60.0844 27.2243 1.39316
273 76.8146 17.7356 2.60269
274 78.7697 22.0874 2.51572
275 84.7151 15.3154 2.99167
276 80.0168 15.014 2.84713
277 61.9927 19.8131 1.71153
278 90.4475 7.09068 3.015
279 85.2923 25.7256 2.76146
280 7.31693 5.98939 2.73595
281 85.1033 20.2628 2.44728
282 6.11584 2.7461 2.31131
283 52.7276 30.9348 1.49856
284 89.5401 10.8078 2.93535
285 53.4017 22.6337 1.6727
286 0.526552 98.096 2.54472
287 83.0686 18.2966 2.59527
288 63.4811 27.5292 1.17667
289 90.0965 11.3504 2.63215
290 79.2307 21.11 2.33588
291 96.9427 11.6196 3.07948
292 63.2891 32.5158 1.79721
293 76.752 20.8678 2.83371
294 8.63024 1.5078 2.49395
295 91.703 35.0086 2.1275
296 71.0255 24.2181 2.676
297 90.1652 18.6194 2.94563
298 98.7701 13.6787 2.91907
299 55.2779 26.7842 1.67252
300 80.9226 17.1058 2.20965
301 6.93797 16.635 2.11363
302 70.75 14.5089 2.93619
303 84.3325 18.4747 3.07363
304 92.5081 6.64955 2.58045
305 76.2879 90.8681 -2.92579
306 30.6616 63.0428 0.346293
307 77.5251 89.7621 -3.01989
308 6.93744 7.04981 2.25511
309 77.5113 23.2841 3.12207
310 33.4939 62.5274 0.470152
311 8.46797 96.7517 2.6457
312 81.3468 23.5779 2.28208
313 58.8514 28.4213 1.91972
314 2.20728 27.1047 -0.320057
315 82.7077 20.6466 2.12014
316 57.5647 20.2347 2.06967
317 6.73921 8.95469 2.4991
318 54.1072 33.9107 0.81682
319 53.276 27.2659 1.20495
320 53.9981 24.6459 1.23546
321 3.75834 35.7661 -2.83621
322 58.0643 22.2142 1.97836
323 5.59454 8.80212 2.54083
324 84.5387 6.62388 2.938
325 88.8933 21.4524 3.17029
326 84.2373 13.6962 2.32416
327 80.4287 18.9181 2.5389
328 68.7887 24.3819 2.41343
329 63.4181 28.2902 1.53442
330 58.5806 27.144 1.1433
331 75.0704 75.6249 1.93861
332 60.7661 28.5616 2.10174
333 66.459 22.769 2.59997
334 4.03244 1.37817 2.41233
335 51.4558 27.1969 1.91349
336 56.0249 23.5069 2.03886
337 2.75618 2.13775 2.13059
338 87.0286 21.0517 3.13833
339 84.7415 19.6523 2.21698
340 44.2998 20.8291 1.77888
341 3.17277 7.9389 2.34575
342 5.10645 11.5231 2.76178
343 87.6769 24.4676 2.3312
344 86.3338 18.4758 2.34133
345 63.0457 31.95 1.59396
346 0.64604 0.686162 2.26455
347 76.3828 10.7761 2.79446
348 0.275103 6.58916 1.84156
349 76.5523 7.31327 3.20273
350 82.7345 22.4687 2.81755
351 97.0894 17.7206 2.9871
352 93.3869 9.48641 2.94644
353 57.4069 38.0926 1.59555
354 82.0967 14.708 2.20636
355 86.8001 12.491 2.7601
356 63.6481 23.0604 1.88348
357 88.5061 38.9171 2.02226
358 8.65677 8.33218 2.03836
359 73.6349 18.7285 3.16757
360 96.2256 23.9851 2.51599
361 73.1104 14.2892 2.31276
362 48.8539 22.6978 1.46469
363 83.539 14.4821 2.66588
364 78.6728 87.2146 -3.09693
365 78.2744 23.7257 2.49402
366 54.2223 21.4848 1.33267
367 58.4433 25.416 1.17931
368 67.5261 17.0433 2.13068
369 62.6135 27.2883 1.95277
370 55.7231 34.6372 0.893583
371 5.17895 17.5323 3.07068
372 10.6998 1.75897 2.32585
373 54.5905 23.3412 1.10339
374 76.1687 91.5762 -2.72535
375 76.281 24.1054 3.05239
376 11.4976 5.31769 2.26946
377 56.929 28.4707 1.02311
378 78.6746 22.8601 2.5437
379 55.2319 27.3278 1.4364
380 86.6577 17.4294 2.96685
381 79.7069 8.34727 2.61828
382 50.0451 20.2013 1.88755
383 65.2328 29.53 1.31945
384 74.7585 23.7308 2.30439
385 37.6396 62.0125 0.401165
386 25.821 64.6012 1.51122
387 76.7377 14.5744 2.98593
388 90.1452 20.008 2.4608
389 71.8932 17.0755 2.81842
390 0.922151 12.0435 2.96478
391 6.13547 6.32237 1.93716
392 72.2487 14.5069 3.0883
393 86.8573 24.6974 2.39715
394 49.9855 22.6252 1.78827
395 7.4218 8.66387 2.70028
396 4.84649 35.523 -2.06115
397 50.8033 31.5169 1.60642
398 60.4994 26.9451 1.61824
399 98.4006 14.8863 3.17848
400 1.91403 3.04395 2.2376
401 68.2849 27.3107 1.76828
402 81.7888 13.2084 2.54142
403 48.7651 19.017 1.43143
404 81.7784 19.785 2.40775
405 92.8501 8.73628 2.81619
406 4.05348 92.2515 2.41094
407 51.9713 21.2687 1.3285
408 60.7957 16.6655 2.48497
409 57.7793 23.8212 1.57488
410 2.32628 4.56317 1.96582
411 47.5196 30.2205 1.4034
412 91.4584 15.0089 2.90623
413 4.27361 5.33058 2.19217
414 85.9908 24.1066 3.10876
415 63.0974 31.8572 2.01482
416 70.828 23.5038 2.44699
417 1.49953 4.12684 2.53973
418 8.03882 14.6181 2.68707
419 65.7637 28.7911 1.38147
420 75.7117 19.8052 2.3352
421 3.36807 12.0422 2.17528
422 6.7051 4.6827 2.71132
423 57.1391 23.1688 1.48872
424 6.72688 35.3847 -2.77976
425 53.0383 17.3551 1.54769
426 55.6302 28.7316 1.16454
427 72.4809 93.0884 -2.2037
428 83.7255 22.4187 2.85841
429 88.0165 20.9596 2.7722
430 91.4432 21.8525 2.79882
431 78.4241 25.2941 2.90571
432 5.36786 19.7777 3.15478
433 58.8761 26.2167 1.24831
434 79.9578 20.2317 3.06591
435 77.1066 84.8383 -2.63904
436 93.9292 20.768 2.95497
437 77.3642 16.8331 2.64255
438 12.2627 94.542 1.93257
439 56.5644 25.9632 1.55811
440 86.4231 11.8391 2.80088
441 3.00188 91.3061 2.22784
442 50.8076 23.2246 1.61883
443 79.7888 13.2951 2.59713
444 81.7735 25.354 2.27383
445 76.29 11.6464 2.83951
446 83.783 76.6649 2.97791
447 4.0624 96.9319 1.84685
448 14.5933 44.7446 2.39654
449 89.3587 11.7402 2.80234
450 4.66931 8.45745 1.83341
451 83.2666 16.3764 3.05294
452 74.9539 93.0749 -2.33277
453 88.1549 15.96 2.31985
454 70.5916 93.3099 -2.48486
455 67.7468 30.0478 1.53759
456 99.7304 2.0623 2.03341
457 7.95875 1.66964 2.16827
458 27.5768 23.8657 0.665227
459 74.6053 32.1108 2.78453
460 77.0357 17.5774 2.28643
461 58.2787 35.3862 0.994996
462 83.7861 25.4389 2.42157
463 10.9078 6.20237 2.37643
464 85.3281 27.4627 2.4582
465 6.36294 8.29142 2.20891
466 87.2862 21.3032 2.95292
467 54.7569 24.4216 1.40802
468 72.2391 17.5322 2.42911
469 96.3289 18.9817 3.09558
470 96.2364 8.89477 3.03222
471 82.985 22.8719 2.71072
472 83.2937 25.5179 3.04745
473 60.2991 19.6611 1.50855
474 12.9425 40.4609 3.07412
475 3.2701 94.462 2.61607
476 89.3755 38.8855 2.41494
477 82.6756 15.5006 3.04832
478 76.0907 27.1835 2.24226
479 62.7103 30.7099 1.88238
480 10.2127 0.537776 1.67369
481 71.9236 25.0945 2.07492
482 82.99 14.378 2.25537
483 3.01163 9.25257 2.0651
484 68.8921 18.0826 2.61537
485 70.9811 15.2119 2.2612
486 90.5129 16.3012 2.3193
487 88.3302 21.7677 3.14912
488 98.0296 17.0863 2.82469
489 69.1808 28.4642 2.25357
490 51.1667 43.3485 0.414883
491 85.2538 17.6153 2.52499
492 83.4908 27.6973 2.68369
493 82.47 22.5962 2.33687
494 84.4834 15.9172 2.47451
495 75.4428 21.0895 2.80991
496 51.0194 28.6161 1.16545
497 8.59364 34.3938 -2.61452
498 91.0623 19.5725 2.66342
499 87.2567 34.6461 1.82845
