500
Particles
0 16.2262 34.2091 -1.45178
1 86.2826 52.96 3.07477
2 62.6824 19.8305 1.73143
3 63.5733 42.2595 2.35646
4 15.6103 78.0374 3.01386
5 90.7929 50.3578 2.06788
6 36.4225 90.7829 2.48437
7 74.2557 49.036 1.76913
8 9.14917 88.207 3.37601
9 33.7897 29.2586 -1.95778
10 36.4724 69.5696 2.038
11 34.6664 1.10495 2.54609
12 72.9205 19.2257 1.17268
13 7.34075 53.3617 2.77285
14 17.1147 80.7896 3.29895
15 9.26711 58.8379 3.18077
16 55.243 77.5901 2.87664
17 30.7125 6.5817 2.22891
18 20.3417 93.949 2.64579
19 8.2097 99.1648 3.09434
20 64.4795 42.9185 1.97515
21 34.7087 89.7413 2.21296
22 34.1625 79.3621 1.908
23 10.5026 66.4127 2.38101
24 68.0438 45.2666 2.37649
25 21.4348 69.0435 2.21016
26 12.2164 29.4447 -0.912592
27 31.2121 96.466 2.07686
28 33.2165 85.7847 2.86961
29 74.9926 17.8369 1.37985
30 50.4495 17.4302 1.06995
31 32.0006 81.0625 2.81891
32 85.7788 17.8493 1.5218
33 58.0128 52.3336 2.2184
34 21.4479 65.5902 2.93046
35 21.0714 0.627202 2.43595
36 48.8274 52.8782 2.03154
37 76.3458 15.6462 1.36767
38 22.387 73.0723 2.73412
39 12.3975 68.1216 2.33099
40 19.7312 58.5905 2.35914
41 8.92792 65.822 2.21142
42 39.6122 71.7548 2.25704
43 65.8507 43.1887 1.6901
44 90.9165 54.7551 2.87364
45 45.3858 76.4648 2.06443
46 21.8642 68.7899 2.11889
47 81.3857 38.7045 2.33974
48 31.8275 71.4083 1.90735
49 17.2201 27.1875 -1.64902
50 27.612 98.8374 2.75767
51 41.8186 84.3894 1.94794
52 63.386 45.1594 1.83007
53 52.7554 52.9554 2.07742
54 18.1285 78.2854 2.60743
55 71.0556 40.3055 1.70365
56 19.1954 78.1407 3.28933
57 35.8232 62.1105 2.47721
58 23.4417 88.7849 2.51339
59 12.7412 58.3196 2.89168
60 26.4783 94.4142 2.72242
61 33.6974 70.2911 2.29273
62 5.40012 68.5707 2.13113
63 10.97 99.9285 2.77483
64 31.3948 92.8403 2.66592
65 81.8438 39.3036 1.78642
66 23.2961 98.1072 2.2386
67 26.8003 99.1295 2.26244
68 85.8314 35.3447 2.02075
69 49.4253 70.2689 2.50961
70 34.0428 93.3779 2.40929
71 23.1771 69.183 2.03514
72 23.4052 94.2212 2.61742
73 73.9054 12.5844 1.46271
74 38.6329 69.9495 1.9417
75 73.6473 45.5191 2.47643
76 39.3778 68.998 2.5493
77 37.569 93.3598 2.24357
78 79.5011 19.6074 1.12214
79 24.3403 91.004 2.66109
80 34.0629 71.5521 2.73407
81 26.6822 100.134 2.11858
82 12.1162 95.334 2.74667
83 16.2445 89.6873 2.52716
84 69.592 38.0869 1.57273
85 34.7277 73.648 2.26183
86 35.3838 71.0377 1.8847
87 79.9003 10.1603 1.7707
88 73.1308 39.293 1.96094
89 33.0023 66.4178 2.52369
90 67.5179 45.9906 2.54615
91 32.5987 82.1775 2.18379
92 39.4575 90.6081 2.64288
93 11.1396 75.9899 2.72183
94 32.2406 70.9591 1.89652
95 37.8557 20.359 1.02797
96 34.4207 92.936 2.2066
97 38.1631 97.4443 2.32093
98 25.3906 58.8205 2.4983
99 36.1936 88.1512 2.62468
100 66.4439 45.5371 2.24172
101 24.086 96.2773 2.7384
102 35.085 68.8623 2.44019
103 16.3955 55.9644 2.53163
104 35.2612 77.1935 1.82521
105 65.8039 47.8706 2.6076
106 19.0774 78.1217 2.85665
107 13.2627 63.7732 2.9562
108 35.9774 81.6464 2.39316
109 23.2626 86.8526 2.24508
110 74.4528 46.1958 2.16005
111 82.1987 14.9959 1.52316
112 62.0841 40.7362 1.67072
113 33.8668 88.1724 2.3791
114 32.2991 97.7482 2.04012
115 63.4322 16.2703 2.204
116 36.4565 63.4933 2.57212
117 22.543 72.552 1.89569
118 52.5345 13.4116 1.11888
119 15.6502 81.6111 2.59603
120 12.1852 51.4947 2.63381
121 78.6602 48.2459 1.83702
122 26.9262 67.6992 2.49588
123 12.0183 76.9804 2.55775
124 62.824 19.5693 2.04946
125 82.9047 19.1074 1.71814
126 53.5473 80.0665 2.7092
127 5.01775 56.0763 2.85192
128 71.0559 44.4935 2.3183
129 25.7255 94.8297 1.95112
130 23.6845 75.4592 2.09553
131 37.6418 69.439 2.30058
132 84.1832 17.3366 1.90166
133 20.8382 17.308 1.70157
134 59.9689 58.448 1.6583
135 75.009 91.3754 -0.562158
136 32.6445 63.3871 2.57146
137 34.3818 93.2159 1.9349
138 37.3317 73.3338 2.5024
139 14.1271 53.7048 2.42237
140 38.2673 69.2379 2.77001
141 6.27228 3.00604 -0.9568
142 17.6876 87.5039 2.68575
143 20.1053 10.9555 1.92506
144 34.2536 94.7126 2.0873
145 28.1137 0.497905 2.17953
146 12.6105 61.4005 2.2128
147 60.9213 52.622 1.54284
148 75.3025 12.1326 1.28538
149 21.4952 99.179 2.36546
150 37.2701 71.0754 2.29914
151 3.57365 13.6258 1.24232
152 34.9233 65.353 2.23889
153 36.7098 79.9795 2.27698
154 55.6584 74.6571 2.29789
155 18.1619 17.8179 -2.23347
156 13.1407 90.3275 2.70409
157 2.14028 62.8145 2.80615
158 13.2172 30.0287 -1.23109
159 36.1249 16.4545 0.4477
160 52.0431 52.9976 2.43567
161 38.6504 18.3221 1.30827
162 20.9799 98.2909 2.75195
163 74.5649 34.7064 2.11737
164 81.1648 39.3276 2.28007
165 15.7892 94.8264 2.33512
166 71.1531 37.996 2.13026
167 82.9926 13.5196 1.77434
168 26.3558 94.2623 2.90822
169 78.0812 41.658 1.99349
170 42.9727 25.1248 0.611146
171 35.0886 91.4453 1.93244
172 10.0314 57.3315 2.9031
173 40.0925 69.7115 2.15407
174 83.1462 45.5004 2.12268
175 84.8576 17.6768 2.2155
176 63.465 21.424 2.28687
177 15.6153 50.6859 2.58693
178 64.8977 43.81 2.47875
179 31.7821 84.9529 3.05468
180 36.9433 91.9688 2.42444
181 22.6158 11.207 2.30751
182 23.5984 84.2704 2.37142
183 15.1629 25.932 -2.09188
184 44.0689 93.4227 2.22785
185 85.3532 38.951 2.01011
186 37.9222 77.6474 2.51995
187 48.396 27.2071 1.12439
188 2.96285 60.1761 2.68794
189 38.1481 6.41272 1.92552
190 83.5464 43.1852 2.17336
191 74.7464 98.72 0.276218
192 25.6249 52.7378 2.10383
193 41.6253 86.9859 2.71198
194 23.2312 59.0752 2.99184
195 30.5993 88.1302 2.90674
196 13.3436 50.9236 2.52799
197 31.7252 66.6746 1.94534
198 42.0299 93.1301 2.31149
199 39.1787 25.5873 1.07065
200 41.4811 94.62 2.82921
201 70.662 14.9705 1.29355
202 65.8454 45.6433 1.91772
203 41.6865 18.1772 0.742563
204 12.412 27.6668 -1.30198
205 81.506 13.2064 1.4654
206 20.4841 58.4024 2.97977
207 19.0764 68.9897 2.92828
208 19.4742 3.26067 2.42584
209 45.7186 26.8711 0.7034
210 26.7582 97.1591 2.77797
211 38.1395 78.327 1.91804
212 18.227 16.4899 2.63194
213 86.5192 12.7176 1.56902
214 2.27666 56.8328 3.13811
215 19.0038 72.0219 2.75126
216 43.4898 77.641 1.78824
217 31.4938 88.3353 2.78336
218 52.5085 12.3353 0.79999
219 30.346 7.03498 2.44551
220 76.6276 13.851 1.61189
221 45.0494 88.4002 2.09357
222 74.8494 14.4948 1.33077
223 71.3281 48.5357 1.71888
224 58.9798 42.8874 2.55642
225 66.5487 19.2763 1.52567
226 33.9034 20.2489 0.724893
227 41.325 81.8784 2.10401
228 36.2884 71.5047 1.85039
229 41.8914 76.0809 2.11728
230 7.62992 58.4142 2.55453
231 28.7346 94.8099 2.50445
232 38.6213 86.5485 2.80915
233 21.5842 67.0192 2.31956
234 15.0017 56.6171 2.41892
235 18.7148 77.4215 2.4191
236 53.0553 73.3036 2.71157
237 64.7581 19.3063 2.29582
238 26.6541 87.3426 2.20391
239 18.853 88.5354 2.33652
240 30.9381 95.5834 2.38951
241 11.4279 88.0388 3.0747
242 39.3152 79.3419 2.00975
243 40.1419 94.1101 2.28995
244 38.0358 18.2473 0.760107
245 39.8512 82.7093 2.75828
246 37.3379 74.5658 2.07734
247 84.9581 42.203 1.85694
248 14.2368 78.7229 2.48849
249 27.5023 58.0853 2.40069
250 27.0626 94.9216 2.89694
251 36.7321 7.0946 2.12622
252 67.7984 49.1829 2.57146
253 51.9092 42.7111 1.60785
254 35.8885 68.0264 2.47518
255 21.4187 96.9171 2.57511
256 39.9902 78.2361 2.42335
257 31.3672 66.8582 1.8882
258 12.8066 92.9323 2.43849
259 18.3032 78.4744 2.96901
260 24.4631 18.7848 1.91562
261 16.787 84.4061 2.33856
262 40.8906 72.8386 1.7714
263 38.5655 86.3189 2.05502
264 60.1565 53.963 1.96767
265 32.4999 67.0396 2.36158
266 18.9419 34.3851 -1.25883
267 31.8392 95.1691 2.69665
268 12.1802 52.0041 3.1475
269 29.1181 98.0811 2.56543
270 22.5096 85.2172 2.49162
271 21.1404 81.7746 3.17974
272 85.1267 12.218 1.48479
273 14.2882 54.6015 3.28695
274 24.721 72.0121 2.1093
275 38.1275 72.4766 2.34244
276 21.7211 27.3785 -1.60678
277 40.9149 91.6458 2.90991
278 78.3915 48.6321 1.63995
279 40.123 80.6005 2.7042
280 31.1369 93.1291 2.14276
281 36.6669 75.2688 1.86155
282 18.0248 80.6297 3.30798
283 83.767 12.2889 1.49168
284 54.0133 69.7739 2.99152
285 38.5092 95.3849 2.29366
286 6.09894 63.1135 2.81383
287 34.4549 73.0709 2.12187
288 40.7879 13.4665 0.438943
289 49.2856 69.5487 2.3375
290 23.6716 68.218 2.34371
291 16.1013 22.0576 -1.99048
292 15.5005 18.4273 -2.48508
293 20.5697 67.7722 2.29413
294 22.2722 80.2687 3.07483
295 33.7152 88.9283 2.19866
296 46.0783 93.1664 3.2537
297 54.0134 76.6002 2.37751
298 15.9593 90.5871 2.98454
299 68.2152 14.6374 1.73729
300 27.6247 68.1762 1.8361
301 26.5179 98.0728 1.90859
302 10.9806 52.199 3.26172
303 36.2003 74.2718 1.97806
304 14.9698 4.69662 2.09642
305 39.7943 7.23375 1.70516
306 58.1797 49.0058 2.45098
307 65.4911 17.044 1.60687
308 16.9376 86.8464 3.18449
309 22.1795 70.364 2.57857
310 64.6189 51.1703 2.67202
311 13.3518 68.3194 2.93418
312 39.5965 83.9716 2.53946
313 85.9914 13.9143 2.28217
314 24.5022 99.7482 2.5595
315 39.5232 79.7678 2.35341
316 40.0203 90.4902 2.76913
317 21.3944 87.0141 2.26796
318 62.6399 17.3779 2.00594
319 73.3556 15.4195 1.35487
320 77.6298 13.8435 1.6423
321 26.9797 3.15671 1.94224
322 75.8499 10.2461 1.67617
323 23.1509 89.8367 2.86227
324 37.5237 22.2168 0.925313
325 44.8895 77.6692 2.6361
326 33.303 67.9441 2.75794
327 22.3994 64.7667 2.68623
328 83.5919 10.4105 1.52714
329 80.433 22.0824 1.63891
330 85.787 11.7027 2.14429
331 66.8236 54.6265 2.27196
332 40.4973 22.6499 0.430693
333 44.9748 95.5502 2.34848
334 12.7018 71.0688 3.14543
335 66.7013 13.36 2.16107
336 78.0231 13.0142 1.36532
337 15.7631 80.3436 3.24496
338 45.6647 79.1971 2.51036
339 29.6679 68.6592 2.12668
340 6.99732 50.3092 3.21553
341 17.4356 89.3047 2.64568
342 27.4154 96.5677 2.47593
343 43.5405 78.8232 2.27574
344 38.9731 74.2235 2.50917
345 72.4042 43.0451 1.63859
346 10.554 67.9884 2.49999
347 26.5029 19.0446 1.66195
348 4.91628 64.8079 2.56341
349 84.2599 40.5377 2.16678
350 35.7675 76.8932 2.55595
351 17.1617 3.77042 2.25427
352 92.8263 52.4601 2.38878
353 70.962 47.0096 1.76196
354 24.8299 56.3974 2.1297
355 37.6862 66.9095 1.95618
356 79.3168 9.47232 1.57054
357 84.1168 40.6448 2.23461
358 29.6836 92.78 2.41082
359 19.5146 67.0042 2.74815
360 22.507 2.78024 1.8495
361 17.5961 31.5221 -1.84327
362 30.6187 89.9473 2.98703
363 37.079 73.2073 2.01409
364 69.8305 52.9701 1.7205
365 36.3417 84.1565 2.33167
366 38.5413 93.439 2.75149
367 81.441 14.1796 1.36875
368 9.46879 55.4435 3.15856
369 90.3511 12.8404 1.79952
370 55.6723 45.6819 1.57316
371 24.7238 98.2093 2.07341
372 28.0356 84.8395 2.76721
373 45.2842 99.3037 2.76569
374 26.9316 98.3086 2.04603
375 46.491 93.4187 2.56954
376 29.8333 89.6926 2.58768
377 85.3282 15.2561 1.91567
378 24.7071 71.09 2.639
379 78.9755 16.3813 1.39335
380 36.2228 69.9532 1.88186
381 35.8195 24.5793 0.740366
382 35.9401 92.7928 2.83798
383 74.1761 41.0182 2.0233
384 37.7752 86.7475 2.20933
385 73.609 48.5124 2.56739
386 49.417 49.5554 2.53621
387 17.5524 25.0157 -2.07322
388 44.8967 75.2809 2.22103
389 18.7524 66.4867 2.55199
390 14.6348 92.017 2.53362
391 22.7669 89.742 2.46255
392 20.1181 65.8206 2.88242
393 43.7031 80.4571 2.42337
394 35.5334 93.7149 2.12452
395 27.5654 91.7384 2.52011
396 30.3246 5.09341 1.99275
397 29.6913 93.8102 2.46527
398 85.7739 12.1777 1.95672
399 12.1157 85.8553 2.55924
400 14.4603 81.6732 3.25589
401 37.5422 21.103 1.16834
402 24.2945 55.5264 2.22061
403 36.2011 91.225 2.34069
404 27.2956 69.0088 2.48551
405 88.7676 52.1926 2.14794
406 5.52075 53.5524 2.4766
407 37.7658 94.7527 2.94176
408 20.5042 73.481 2.39286
409 82.7018 12.3022 2.38742
410 15.8715 83.1589 3.31187
411 29.8224 96.8141 2.28411
412 36.5586 64.7045 2.65866
413 16.8261 86.8296 2.73548
414 42.8353 80.1762 2.09193
415 78.3135 39.7894 1.79702
416 40.5034 89.7217 2.00769
417 14.9021 81.7754 3.32287
418 30.3185 98.703 2.12735
419 71.497 40.5056 2.28888
420 16.6409 62.1877 2.75876
421 28.6566 96.9133 2.11158
422 18.4863 81.9028 2.48355
423 71.6627 8.38174 1.56607
424 30.314 4.91901 2.50575
425 33.4362 85.9333 2.50628
426 25.8679 22.4558 1.45864
427 29.6553 2.04276 2.50698
428 30.5854 72.8646 2.84476
429 39.0074 73.2435 2.32428
430 20.998 13.7923 2.2217
431 44.9634 90.2342 2.54523
432 24.2474 100.172 2.22397
433 87.559 9.1244 2.2026
434 23.8431 65.8148 2.41489
435 70.0454 51.9516 2.05749
436 25.0662 12.7958 1.83479
437 14.3858 52.6801 2.45748
438 76.7392 19.7101 0.850394
439 80.6554 15.2686 1.57995
440 39.5687 67.9186 2.05326
441 3.1239 52.5558 2.65712
442 33.4094 94.5096 2.04755
443 37.7571 26.4207 1.13697
444 39.0569 84.3309 2.85494
445 80.1979 44.9926 2.23628
446 73.5602 47.9664 2.18202
447 8.59442 63.9725 2.23943
448 32.334 91.8978 2.20622
449 47.5522 69.7916 2.41373
450 18.9972 89.9492 2.72666
451 23.2405 57.0534 2.36306
452 33.1001 6.35115 2.44639
453 35.1095 66.1307 2.05274
454 35.8121 3.42183 2.11257
455 77.4373 41.1739 1.63262
456 12.0869 76.7181 2.64944
457 21.9007 82.1163 2.67059
458 24.9028 79.2211 2.3893
459 87.4948 37.2078 2.00136
460 19.9298 62.7517 2.18741
461 57.4363 45.3603 2.25009
462 40.3513 82.6749 2.85974
463 26.3243 87.7112 2.23828
464 47.8963 86.6953 2.65257
465 18.7452 87.3213 3.03407
466 40.7227 75.7928 2.46917
467 80.1821 13.627 2.25665
468 10.7056 54.6366 2.9757
469 20.2088 5.6754 1.89206
470 23.6145 16.1016 2.02681
471 25.863 69.516 2.42177
472 42.0677 84.7862 2.65083
473 41.2705 91.3855 1.94951
474 40.0563 25.3185 0.463184
475 6.4838 55.7712 3.16495
476 85.0028 39.9323 1.7357
477 39.6434 75.2429 2.09076
478 23.3428 6.95176 1.6153
479 70.474 42.1301 1.89448
480 15.2485 68.582 2.77523
481 80.0026 7.98848 1.5858
482 25.231 56.3372 2.86765
483 16.4881 89.3266 2.88801
484 11.7196 61.9678 2.45603
485 16.6786 31.1769 -1.5056
486 41.8012 72.3079 2.38966
487 38.4832 74.0518 2.65722
488 11.7409 86.3112 3.28405
489 69.0084 41.4792 1.46032
490 75.0474 44.509 2.16831
491 30.5119 67.4364 2.6674
492 41.8564 86.8332 2.5771
493 35.3451 77.9844 2.64997
494 26.1103 58.4448 2.41595
495 19.2366 67.1885 2.45795
496 32.3217 95.3971 2.73156
497 29.576 99.9345 1.85309
498 40.8891 70.7373 2.49943
499 78.9539 20.9901 0.947667
