500
Particles
0 15.4712 6.54927 0.249575
1 52.8939 91.7142 -1.5757
2 92.2714 33.5436 -1.77761
3 92.7396 4.3221 0.702275
4 43.5751 80.0591 0.0818998
5 87.0997 55.3186 -3.10803
6 2.91642 77.4899 -2.01656
7 37.8228 65.4603 -0.77869
8 82.0199 28.1415 -2.24119
9 63.153 35.7614 -0.742935
10 66.6176 79.9589 -2.58628
11 82.2405 87.2599 -1.94157
12 62.2273 79.3016 -2.9486
13 22.4369 41.3733 2.32034
14 51.1872 44.193 1.22995
15 74.1255 59.0411 2.46282
16 93.9777 5.18769 1.0031
17 36.9725 33.1307 1.24176
18 47.2536 75.1242 0.633321
19 46.0843 -0.154551 -1.64602
20 31.6536 77.2106 -2.12512
21 7.83434 76.1039 3.25758
22 67.2012 94.6653 -3.09467
23 40.1819 37.5748 1.50467
24 30.7203 5.55955 -2.29209
25 82.2504 73.1798 0.756832
26 76.3331 63.5854 0.841979
27 40.4678 62.7545 -0.157415
28 11.6027 9.88493 0.623467
29 5.41034 18.6841 -1.66623
30 67.5256 8.79706 -1.67435
31 46.0009 7.91804 -0.820044
32 32.3615 73.3779 -1.99173
33 92.7107 28.8713 -2.09014
34 27.0099 75.0016 -1.42979
35 12.0757 7.95308 0.586586
36 15.3377 84.4934 2.89165
37 58.8344 55.1727 -0.595472
38 95.999 30.8008 -1.73519
39 46.9729 99.5556 0.222077
40 94.8426 34.3027 -1.14974
41 25.0172 43.9214 3.32162
42 61.598 36.6633 -0.846075
43 75.0791 87.8363 -1.88743
44 51.943 6.39035 -1.27844
45 62.5976 41.4285 -1.30772
46 16.5887 11.0013 1.53799
47 12.3808 92.0374 2.96592
48 78.9957 27.3613 -2.41137
49 80.3625 68.9762 -0.216942
50 90.1906 25.8736 2.63787
51 17.498 18.5343 -0.810768
52 95.1046 69.5894 0.305483
53 19.0103 85.0788 2.51656
54 72.1367 82.4493 -2.49412
55 43.5384 62.1762 0.181285
56 26.8049 72.4215 -1.42335
57 85.1181 8.62868 -1.99814
58 30.3219 61.7948 -0.53828
59 86.2553 75.5735 1.17346
60 55.2536 58.2469 -0.690384
61 61.7808 31.9637 -0.0329027
62 11.6617 15.0763 -0.060687
63 45.4325 89.38 -1.1572
64 56.8624 90.3688 -2.91734
65 2.29274 62.1858 -0.62447
66 53.3667 79.3833 0.190264
67 33.97 10.0637 -2.51883
68 3.76225 59.9166 -1.12683
69 18.5922 24.339 -1.79701
70 89.4205 74.73 0.866727
71 24.8701 88.3451 -1.6139
72 50.482 76.8523 0.191542
73 56.8893 20.1768 -1.11341
74 0.151383 45.8191 2.10036
75 8.16163 34.9345 0.467693
76 16.329 26.5314 -1.46879
77 50.116 71.8379 0.666371
78 61.8509 99.9844 0.242259
79 85.0014 44.0152 2.56013
80 13.6406 22.4119 -1.96321
81 56.4145 68.1874 -0.182292
82 19.7201 75.2815 -0.678672
83 45.11 65.7855 -0.0217804
84 42.3926 33.2946 1.45351
85 19.4577 59.2819 2.2682
86 11.8137 32.7902 0.431991
87 5.63593 39.5628 1.55263
88 3.30301 70.2424 -2.29596
89 73.9769 65.297 0.136184
90 77.0111 63.2324 1.06486
91 45.8946 7.4486 -0.763045
92 42.2203 61.4437 0.381256
93 26.8797 64.0062 -0.20932
94 25.9402 94.0291 -1.8253
95 11.9504 11.9633 0.388514
96 79.1578 43.4533 1.52833
97 76.015 49.8312 2.61993
98 74.8176 66.842 -0.248533
99 87.417 4.39176 0.526578
100 3.46086 71.1342 -2.09133
101 51.1571 50.1502 1.21909
102 83.1538 28.2014 -2.21618
103 15.9817 71.907 1.45459
104 18.7961 7.0729 1.71871
105 76.7126 64.1442 0.795408
106 24.2431 74.8118 -0.764474
107 66.4708 22.4944 -2.26217
108 24.9119 22.0896 -2.39622
109 74.8994 23.796 -2.60254
110 77.3003 14.6778 -2.26432
111 79.3411 47.1038 2.85215
112 91.653 22.5313 2.86881
113 36.7357 45.1953 -2.97566
114 71.822 62.4461 1.01945
115 52.0866 21.9841 -0.875718
116 62.6823 73.7679 -2.19696
117 73.4048 64.9605 0.55644
118 94.4831 5.07243 0.671444
119 40.7691 54.55 -2.92171
120 85.5338 59.9756 -2.58308
121 41.4701 -0.0793627 -0.991928
122 25.7743 93.5263 -1.85986
123 48.3003 66.5971 0.523637
124 12.1839 48.8933 2.69999
125 99.0681 68.8376 -0.128276
126 49.3619 15.7856 -0.848278
127 1.75 64.691 -0.819854
128 30.0409 3.95126 -1.67457
129 19.3038 7.01371 1.82731
130 17.8044 22.2576 -1.99622
131 62.7933 78.4594 -2.34727
132 80.1653 84.6657 -1.73943
133 78.9958 83.7253 -1.92594
134 88.6901 79.7619 -0.31628
135 7.49745 76.9932 -2.50497
136 14.4326 86.7176 2.55269
137 93.8386 83.017 -0.795095
138 33.1074 1.09538 -2.27872
139 12.7843 24.1832 -2.21912
140 83.6563 29.5052 -2.42016
141 100.245 70.3853 0.412196
142 2.83302 74.7592 -2.00169
143 67.0906 39.1518 -0.789481
144 63.6815 54.2243 -0.775927
145 67.6078 20.0183 -2.60219
146 13.1361 17.124 -1.26529
147 93.9947 30.0684 -1.69746
148 14.0328 12.8676 0.544537
149 62.5023 57.2547 -0.642433
150 30.2431 12.7339 -2.3458
151 10.2529 11.3442 -0.17389
152 38.0626 91.3672 -1.71357
153 15.5012 8.46463 0.810672
154 69.4397 39.1878 -0.923833
155 83.628 95.8278 -0.878619
156 76.1994 31.5416 -0.381302
157 52.2373 36.5589 0.54933
158 92.2181 90.8161 -0.702815
159 69.3136 78.666 -2.15949
160 54.4969 11.6055 -1.13981
161 41.6208 4.30092 -1.07767
162 86.7069 31.2786 -2.87839
163 8.59432 41.2198 2.36715
164 9.26439 66.2691 1.63017
165 11.1589 7.72734 0.319513
166 2.23516 59.4506 -1.20642
167 11.4574 71.0046 1.91227
168 55.7125 88.5243 -2.31768
169 78.441 10.6639 -1.0456
170 92.276 26.5449 2.18509
171 84.6602 44.0048 3.36838
172 58.1481 23.2909 -0.919667
173 68.3054 32.2586 -0.268891
174 81.2968 53.6757 3.41323
175 44.9918 11.3891 -0.651614
176 70.0055 60.1715 1.82974
177 20.3302 61.9466 1.91738
178 42.836 39.7068 1.91306
179 12.4419 9.82801 0.956678
180 33.7526 50.5567 -2.48512
181 73.5741 35.6504 -0.0955109
182 28.0261 68.012 -0.6156
183 49.1708 38.1443 0.341904
184 86.8718 60.0085 -2.14263
185 23.8199 37.935 2.67621
186 25.6875 94.9256 -1.16021
187 88.8553 24.5463 2.2297
188 43.2863 85.8155 -1.24778
189 60.8318 6.48332 -0.272325
190 57.0183 81.2697 -0.598302
191 80.5568 48.5917 2.82273
192 27.2279 1.04009 -1.79092
193 60.8964 28.3428 0.0431577
194 80.6618 3.15048 -1.27026
195 49.6067 71.0891 0.467611
196 91.4501 85.8833 -1.07574
197 14.3583 31.4447 -0.158328
198 26.1809 80.449 -0.965338
199 5.83013 82.1221 -2.40668
200 10.5738 69.5832 1.77229
201 44.16 98.9184 -0.100485
202 41.6377 67.2626 -1.2834
203 21.576 23.7747 -2.42814
204 91.4048 55.2998 -2.67363
205 67.5812 20.3142 -2.57907
206 4.61196 19.8697 -2.13144
207 85.0277 76.362 1.25707
208 73.9321 60.35 1.65436
209 68.4424 74.124 -2.34658
210 54.2093 52.5104 1.72036
211 62.3264 85.2938 -2.87833
212 79.1092 86.6406 -1.21853
213 16.8861 22.4415 -1.97053
214 46.3021 63.7775 0.725593
215 30.0253 55.0317 -3.24331
216 64.0658 43.6272 -1.7636
217 8.85526 71.0456 1.47877
218 48.1731 35.8196 0.655386
219 27.0467 32.3809 3.11106
220 15.1681 57.2558 2.07297
221 33.5612 25.3697 -3.24015
222 55.54 55.9531 -0.124013
223 3.07333 23.8247 -2.07554
224 91.6565 2.75493 0.895182
225 34.8496 62.7659 -1.35115
226 59.7983 35.978 -0.034463
227 83.0162 26.6977 -1.74191
228 23.161 30.7596 2.71058
229 37.1112 20.7303 -2.97273
230 18.786 44.0734 2.59055
231 51.825 67.9729 0.25366
232 44.0461 4.76725 -1.39478
233 21.9545 47.3822 2.80589
234 87.0802 79.9285 0.603357
235 24.8681 70.3877 -1.12469
236 85.3059 29.1023 -2.61014
237 61.5979 3.70579 -0.895282
238 42.4482 43.0688 1.45706
239 43.4369 81.9573 -0.522953
240 64.2999 60.1873 -1.92612
241 61.0007 91.5425 -2.36346
242 18.5728 17.0516 -0.0452417
243 9.20164 71.6857 1.77337
244 37.7823 -0.317471 -1.44298
245 19.7709 15.0985 -0.025715
246 31.0224 91.8788 -1.66572
247 13.5418 52.3285 2.45045
248 53.9332 44.2088 0.74561
249 82.6835 49.2593 2.98502
250 8.28739 34.3228 0.635532
251 98.5324 25.6381 -3.13198
252 34.318 67.9583 -1.20395
253 28.277 36.7189 2.31596
254 62.1745 8.01056 -1.08474
255 58.7813 61.842 -0.961494
256 22.5598 18.4998 0.507766
257 27.511 93.6751 -1.61911
258 89.0504 27.1166 2.60699
259 26.9412 76.1668 -1.64479
260 8.72378 80.4105 -3.05346
261 35.4802 44.6459 -2.84693
262 67.167 36.9209 -0.837669
263 14.2256 59.5806 1.58629
264 84.6075 18.3325 3.52083
265 22.0217 47.7503 -2.77174
266 13.3901 96.3211 2.59606
267 59.5369 90.6118 -3.08341
268 65.5957 5.95605 -1.02169
269 94.3904 91.4963 -1.1071
270 24.7382 67.2068 -0.828129
271 25.4223 70.5747 -1.28452
272 20.6594 31.5041 -3.46545
273 89.2862 82.9679 -0.18958
274 12.5306 82.7513 2.57791
275 37.9714 16.7732 3.38282
276 75.8305 67.7485 -0.296849
277 65.0595 20.6312 -2.7621
278 92.9935 18.7787 1.95062
279 40.7638 25.0976 2.67917
280 80.7711 38.6372 1.74327
281 49.4946 15.7227 -0.951629
282 39.8435 35.1038 1.98779
283 94.4146 83.8093 -0.346022
284 63.1357 92.3956 -3.09704
285 88.3627 45.8777 3.1811
286 11.3972 45.2427 2.24206
287 28.7812 94.0528 -1.31236
288 90.1584 2.9253 0.615931
289 92.2617 11.071 2.72117
290 65.59 29.9805 0.180576
291 52.074 96.161 -1.65505
292 75.9141 8.52359 -0.812915
293 12.8878 63.653 1.262
294 73.3258 85.2541 -2.47159
295 37.5508 70.5751 -1.37244
296 74.1145 60.4628 1.91815
297 66.8302 35.9979 -0.411368
298 50.4032 9.79653 -1.28391
299 87.3868 73.5142 1.10364
300 16.5621 56.3669 2.32711
301 58.2938 69.4327 -0.171484
302 94.3611 32.6745 -1.29
303 85.8517 21.0409 2.83043
304 57.1765 86.8362 -2.95147
305 53.5029 75.7526 0.190088
306 17.2049 89.716 2.78024
307 53.5986 7.89963 -1.29615
308 37.7293 48.6562 -2.61041
309 8.46982 96.5829 -0.60008
310 45.6812 52.8347 -2.48176
311 10.0766 91.9665 3.06222
312 16.3716 14.4899 0.461546
313 7.17581 14.0645 -0.840776
314 97.4988 3.10923 0.142088
315 72.751 30.6724 -0.171328
316 97.891 77.5779 2.11097
317 92.9921 71.8692 0.100477
318 66.8824 59.9046 2.91793
319 90.3447 49.3627 2.99744
320 52.7101 68.1387 0.68241
321 12.8038 91.2177 2.69909
322 79.8853 47.753 2.13911
323 85.4108 42.6654 2.51399
324 54.0809 12.8665 -1.74274
325 55.5357 36.8281 0.604807
326 87.2508 8.24515 -2.09964
327 11.2562 22.6687 -2.11568
328 75.7874 59.6347 1.84016
329 28.3042 74.6255 -2.03294
330 12.761 17.4103 -1.285
331 79.5334 79.7968 -1.50952
332 30.8274 74.7083 -1.64431
333 32.7162 53.2452 -2.65465
334 41.335 89.4955 -1.78891
335 86.0969 48.6191 2.76893
336 12.1432 69.6727 1.56244
337 44.9029 78.8103 -0.447731
338 62.1473 38.3533 -1.1915
339 88.0178 10.3136 -2.2411
340 50.3247 67.7314 0.286177
341 79.8373 18.2033 -2.59056
342 49.2961 68.5217 0.994362
343 37.534 23.8776 3.35065
344 87.074 24.0713 2.87598
345 71.8091 65.6822 -0.0804887
346 24.6522 42.862 2.32133
347 75.8767 68.2034 -0.430829
348 47.1009 81.4108 -0.318208
349 54.6056 79.1105 -0.435997
350 22.3375 10.1636 1.82572
351 68.1625 32.6665 0.0211875
352 51.3457 4.95002 -1.115
353 99.9517 46.1803 1.51484
354 1.20706 50.2802 2.34499
355 70.0831 74.577 -2.75716
356 90.1267 6.49339 0.248108
357 81.6905 86.3876 -1.89833
358 38.7935 48.4406 -2.42814
359 77.8885 57.4682 1.71354
360 70.1263 43.1414 -1.1684
361 81.2352 52.722 3.13992
362 78.4951 43.987 2.18919
363 15.9949 30.2381 -1.51507
364 95.7501 16.325 3.02021
365 15.8172 10.2565 0.704363
366 6.86439 79.1106 -2.58543
367 70.356 22.0803 -2.68679
368 13.2817 17.9053 -1.21963
369 69.9331 66.2886 -0.420454
370 70.6154 54.3763 1.41021
371 63.3341 71.4867 -1.44856
372 72.8389 83.3706 -2.39969
373 29.7073 50.9408 -2.5508
374 50.7017 12.0864 -1.41047
375 16.7151 9.79558 1.22771
376 79.3504 20.4565 -2.3946
377 33.5833 5.56695 -2.67895
378 19.4744 12.9592 1.07147
379 12.0984 79.7648 3.18383
380 68.8726 35.7586 -0.0437993
381 77.9164 89.9461 -1.17816
382 58.6851 48.1932 1.49988
383 94.195 4.77778 0.400432
384 95.4583 9.51293 0.903948
385 38.6714 65.234 -1.28018
386 31.9437 64.6673 -0.994462
387 16.1016 52.9137 2.30805
388 60.4766 38.9926 -0.723499
389 87.619 57.3301 -2.75228
390 57.5446 85.9294 -2.81078
391 39.4443 41.9377 1.67305
392 57.3747 13.269 -1.8587
393 50.8518 34.0899 1.3239
394 8.31597 73.8852 2.45924
395 34.6743 47.6313 -2.5675
396 6.13858 21.7792 -2.49126
397 85.9149 51.5436 -2.875
398 65.5977 75.5309 -2.51709
399 33.9457 8.66009 -2.54875
400 97.3977 50.0456 -2.52962
401 7.21531 42.9348 2.35981
402 19.8377 28.3787 -2.71392
403 55.3289 48.1819 1.59378
404 82.6221 5.65347 -0.825047
405 47.4591 87.7782 -1.23373
406 17.9114 42.4095 1.87464
407 2.81782 77.6725 -2.35018
408 29.1651 45.8317 -2.51377
409 9.89933 75.1749 2.044
410 42.8365 85.0999 -1.07144
411 72.1162 62.8428 1.26985
412 16.644 26.8895 -1.33399
413 30.6794 36.613 2.97066
414 32.2144 21.6216 -3.01778
415 77.5907 5.60346 -1.13101
416 91.3287 60.1451 -2.25538
417 96.7948 70.6225 0.64847
418 57.7643 51.4715 2.12849
419 46.0621 97.1769 0.39212
420 77.2289 59.6905 2.37324
421 48.2151 78.3749 0.117897
422 27.8485 66.5192 -0.672974
423 24.2219 91.8506 -1.3176
424 70.5685 60.8798 1.48223
425 3.78267 76.168 -2.31581
426 54.3598 21.0103 -0.674667
427 54.5275 16.2762 -1.1836
428 20.015 11.6458 1.42611
429 26.9635 13.5185 -2.78756
430 37.3854 99.0001 -0.596078
431 23.7007 10.0858 2.47964
432 86.9521 27.2279 -2.879
433 57.5091 22.0086 -1.2414
434 67.9177 69.8764 -1.52179
435 93.9182 25.685 3.44669
436 62.8416 36.8229 -0.825652
437 78.0334 100.45 1.24659
438 46.6002 1.4425 -1.228
439 61.5119 22.3602 -1.16223
440 1.24779 53.7799 2.87159
441 7.54796 68.7452 2.24944
442 75.6087 45.8776 2.60572
443 42.2041 67.614 -0.412442
444 19.8752 8.7884 1.35644
445 60.7692 58.9451 -1.30554
446 29.6283 41.5471 -2.75048
447 13.0131 48.4405 2.62662
448 74.5332 58.5704 1.50556
449 59.4063 56.6943 -0.561403
450 47.1393 84.447 -1.09466
451 13.1396 24.7633 -2.2788
452 53.4265 73.4702 0.548364
453 84.9131 31.4609 -2.67529
454 21.499 70.0103 -0.202889
455 5.28061 49.1391 2.3699
456 43.7544 80.2678 -0.69677
457 42.5677 38.3709 1.35859
458 30.6713 77.0803 -2.10263
459 24.5643 90.832 -1.32031
460 91.8916 59.0977 -1.89745
461 74.5844 67.7169 -0.0249118
462 23.6576 13.7806 3.38817
463 72.5422 20.0958 -2.3274
464 37.9846 25.9699 3.61304
465 39.4269 53.11 -2.98168
466 64.5484 42.1436 -1.91428
467 93.0587 79.8916 -0.275185
468 81.3854 72.6454 -0.316229
469 64.8872 35.9591 -0.353745
470 46.3116 72.6476 0.798854
471 29.3371 23.8916 -2.7887
472 25.9584 23.566 -2.4549
473 15.865 47.5951 2.81089
474 72.3824 58.8664 1.44456
475 21.2054 42.0347 2.29938
476 81.1592 93.651 -1.02094
477 85.0277 12.7867 -2.0809
478 46.975 9.81661 -1.30321
479 77.1329 91.7392 -1.20973
480 41.8576 38.4463 1.93099
481 82.7295 57.9445 -2.16736
482 77.8503 84.8745 -1.61971
483 80.0998 40.9698 1.45606
484 67.754 5.16241 -1.41248
485 96.5275 29.3581 -2.33139
486 65.709 33.8583 -0.68992
487 61.7051 42.6415 -1.83793
488 11.531 5.3785 0.36692
489 6.17076 53.1944 2.28024
490 37.3692 69.0944 -0.891223
491 28.2198 95.9655 -0.969718
492 22.3068 18.4603 -0.00862641
493 64.8705 18.6843 -2.40069
494 30.9935 93.5144 -1.15327
495 29.2608 8.34433 -2.67188
496 57.799 70.3657 0.212859
497 71.3472 55.0354 2.15193
498 35.4312 19.7539 -2.7679
499 27.8614 88.2308 -1.6989
