500
Particles
0 65.0745 15.0568 2.637
1 91.9624 87.3816 1.82952
2 81.0019 54.8095 2.25335
3 55.1821 76.1523 1.15056
4 66.6842 34.6065 1.75138
5 91.3895 85.1255 1.20135
6 81.5331 39.7866 2.57978
7 70.3444 83.7554 1.20984
8 41.698 40.0979 1.10138
9 13.521 0.789321 -2.92792
10 83.9063 19.3053 2.06407
11 77.0986 46.8004 1.70354
12 82.5558 52.7848 2.05084
13 64.7003 19.7416 2.02396
14 69.759 37.9403 2.59638
15 65.9856 23.0688 2.22962
16 98.1538 27.34 1.59361
17 71.9717 51.9169 1.47329
18 68.0099 45.5468 1.75935
19 31.907 62.435 1.71714
20 55.6371 77.7915 1.2277
21 79.6341 37.7987 1.90687
22 82.4457 29.6543 2.16242
23 65.2493 26.8959 1.90654
24 63.8825 80.1091 1.38993
25 72.1645 23.6262 1.9124
26 94.4622 79.7888 1.01537
27 76.3206 44.6849 2.0274
28 79.131 35.1047 2.51706
29 84.0512 51.8798 1.82562
30 46.0276 80.6825 1.77325
31 78.7494 30.7934 1.98315
32 23.5524 68.136 1.84007
33 61.4084 85.6384 2.05421
34 73.0646 21.2083 1.78239
35 63.8742 46.7195 1.72389
36 56.0151 86.8521 1.75036
37 85.8807 48.429 1.75122
38 74.3498 29.2959 2.06229
39 65.177 27.4729 2.24163
40 76.7267 21.0338 2.7901
41 62.92 26.607 1.90856
42 86.2287 21.4608 2.48541
43 57.6405 77.1883 1.68926
44 93.4382 88.9017 1.08373
45 89.5903 23.6365 2.11167
46 76.068 26.1207 2.96005
47 91.9121 75.1841 1.88434
48 81.4383 24.2236 2.50618
49 67.2062 10.0497 2.2764
50 73.767 48.2398 2.49554
51 85.6042 31.5814 2.76915
52 59.5443 78.8747 1.94443
53 58.1864 87.0243 1.71981
54 70.2712 35.1345 2.09159
55 76.5306 73.092 1.49404
56 71.8556 37.264 2.272
57 85.2703 14.3727 2.33741
58 72.6899 40.9878 1.67732
59 69.932 22.4623 2.6557
60 73.3376 44.6441 2.12814
61 81.644 20.7965 2.53917
62 40.4673 34.3657 0.501598
63 20.1674 55.6517 -0.489103
64 77.6076 42.3063 2.37444
65 89.7284 76.362 1.58937
66 70.8708 48.5702 1.96851
67 72.8644 48.124 2.25014
68 91.9431 72.7955 1.19051
69 92.6871 17.7431 1.95315
70 79.7046 42.2148 2.52645
71 75.4342 24.4197 2.80432
72 71.7558 45.5919 1.57768
73 87.2826 46.6974 1.69153
74 83.0401 17.7749 2.92167
75 70.9322 80.0548 1.36694
76 84.7898 16.8201 2.85888
77 83.3012 42.1452 2.17014
78 87.2142 55.4401 1.81504
79 72.3237 42.2872 1.66946
80 82.6154 22.7433 2.1485
81 71.4746 48.6114 1.62656
82 58.3584 46.6258 2.59096
83 61.9408 39.6798 1.9479
84 75.2903 70.4956 1.42193
85 82.1745 23.6256 2.43618
86 82.343 20.51 2.35811
87 88.4262 43.0511 2.12104
88 78.1646 71.8243 2.1284
89 80.9456 16.9002 2.3208
90 61.7396 80.0341 1.50906
91 78.3821 31.0616 2.18028
92 84.8869 39.6105 1.95007
93 61.433 33.7349 1.82012
94 81.8745 22.7465 2.91546
95 37.6052 65.9485 2.11807
96 79.0661 41.7517 2.36543
97 81.7147 44.5242 1.73242
98 79.0522 16.5996 2.68744
99 84.334 38.9062 2.07406
100 63.6 80.0811 1.57758
101 69.2773 44.7898 1.62798
102 84.0891 20.3741 2.13293
103 72.8463 18.6404 2.49339
104 82.8477 27.6027 2.23279
105 61.9504 81.3503 1.5597
106 70.7832 34.9533 1.99401
107 68.4553 24.1214 2.71276
108 80.1658 28.6945 2.11555
109 74.9029 41.6865 1.80542
110 73.5244 81.4883 1.36262
111 88.9909 48.1383 2.14385
112 56.5443 75.7602 1.6388
113 80.9192 37.6425 2.42307
114 78.391 46.3248 2.29746
115 81.7676 50.9819 2.07295
116 83.9317 13.7822 2.38442
117 74.6046 27.5794 2.41761
118 43.9243 75.9217 1.14435
119 66.8348 38.094 2.03155
120 70.061 19.3531 2.63458
121 82.7601 84.6885 1.97632
122 80.5596 24.7094 2.29759
123 59.4587 34.1635 2.12263
124 77.7983 53.4193 1.58326
125 92.0506 68.7113 1.8443
126 95.7889 30.5153 2.40909
127 58.5454 20.4626 2.11645
128 62.5137 79.6014 1.72303
129 74.7724 46.5943 1.69153
130 75.5616 31.9686 2.64139
131 84.4333 19.8732 2.04637
132 2.7455 67.3736 0.0690721
133 97.643 73.0826 2.19924
134 63.8508 95.0959 3.07035
135 84.4732 43.6178 2.44369
136 82.3404 15.4683 2.09861
137 79.2418 41.4749 2.561
138 84.2629 23.2348 2.37856
139 72.3309 19.182 2.59729
140 86.2654 20.7801 2.86533
141 83.1081 72.5967 1.18254
142 63.1587 37.5427 2.26262
143 33.6226 46.5355 2.0903
144 79.0878 43.1048 2.41659
145 74.6992 49.1601 1.90842
146 68.5651 22.957 2.50527
147 62.4749 85.7976 1.90981
148 87.0742 45.3145 1.979
149 66.5291 47.7365 2.16108
150 84.72 21.2838 2.2232
151 25.4111 66.6698 1.79589
152 83.8978 17.2878 2.50452
153 82.7566 28.6794 2.52963
154 98.7966 24.2456 1.90873
155 95.3897 75.4206 1.28568
156 46.7 39.5898 0.676756
157 26.4861 43.7862 -1.17151
158 93.7748 81.1784 1.9397
159 33.4708 50.0568 2.52393
160 60.9295 87.6923 1.55088
161 36.1431 51.3502 1.4817
162 66.5719 47.5939 2.37259
163 75.9606 68.8665 2.11698
164 91.3918 77.4007 1.6087
165 63.0265 46.1508 2.54773
166 76.9057 70.7922 1.59161
167 89.539 46.8238 1.74948
168 72.8859 44.2301 1.98896
169 88.6235 76.7283 1.99941
170 30.2808 71.153 2.20514
171 79.4044 38.9358 2.77505
172 66.3641 19.831 2.70365
173 86.5024 19.1934 2.65185
174 92.7648 80.9544 1.10337
175 95.1835 65.8102 1.98648
176 80.9284 54.8744 1.7717
177 74.6864 18.0918 1.82457
178 60.5039 78.1323 2.37251
179 78.0357 34.5184 1.95655
180 81.4619 40.5043 1.99675
181 34.9476 45.8299 1.59436
182 73.1214 37.231 2.25237
183 61.7587 11.7605 2.61804
184 85.5375 39.8753 2.44371
185 94.0351 75.6287 1.60499
186 84.8864 27.1312 1.92471
187 47.1399 73.1398 1.67371
188 55.1811 20.0038 2.68325
189 78.0742 51.3437 2.25329
190 93.9662 80.9358 1.89244
191 81.876 47.9365 1.73928
192 81.3142 13.4129 2.27848
193 87.0276 35.5273 1.88645
194 78.668 19.4838 2.56076
195 79.6466 40.1863 1.97033
196 70.1764 15.7637 2.42736
197 83.0385 20.847 2.70096
198 83.571 39.1978 2.5334
199 11.1723 47.7504 -1.92815
200 84.4223 41.3752 2.60903
201 84.4638 49.4822 2.50778
202 59.4624 80.0464 1.55931
203 38.3349 52.315 1.85717
204 96.6933 78.6014 1.02304
205 89.5394 46.2967 1.66901
206 77.527 20.1324 2.1293
207 72.8199 25.9436 2.44108
208 60.0857 50.0249 2.29515
209 44.0047 74.5803 1.37935
210 74.0655 46.8055 2.36198
211 83.1777 26.185 2.03377
212 94.2344 72.4147 1.23694
213 26.3759 64.4849 2.36942
214 55.7648 17.8222 2.05528
215 72.6506 30.5249 2.1862
216 88.5424 25.1885 2.3618
217 78.413 38.7423 2.31622
218 73.2377 56.393 1.64026
219 71.4434 52.0385 2.29198
220 85.9558 46.4863 2.3013
221 88.1627 35.1374 2.66796
222 85.6527 47.6224 2.2473
223 66.2507 82.7809 1.44941
224 53.9553 76.6633 1.37395
225 82.5822 53.0593 2.21206
226 100.362 21.218 0.183971
227 85.7433 29.1443 2.54855
228 83.9191 21.6393 2.69232
229 86.9168 23.3609 2.30698
230 62.6848 21.4384 2.25125
231 75.3494 44.3814 2.0052
232 84.5167 35.9267 2.68161
233 75.0628 23.3992 2.32112
234 71.9207 19.5308 1.77838
235 70.7712 34.9819 2.02346
236 97.2349 21.3595 2.03689
237 80.3805 53.4975 1.48289
238 73.3833 37.055 2.54496
239 64.3025 38.0622 1.91644
240 77.2381 45.0156 1.9432
241 45.0676 38.0271 0.732018
242 86.2018 28.736 2.61625
243 84.5285 41.8033 2.12272
244 36.0909 52.4009 1.60877
245 84.5871 30.7004 2.6822
246 84.4584 23.9349 2.74749
247 93.6565 79.1548 1.61378
248 67.3502 37.725 2.28301
249 80.8607 15.469 2.37419
250 75.2151 45.6852 2.09155
251 76.3851 52.1701 2.15956
252 67.7464 82.3135 1.70672
253 49.0989 77.8554 1.63463
254 84.6418 19.4915 2.88708
255 68.5593 47.3861 1.81121
256 85.7725 26.8223 2.85784
257 81.0225 19.6841 2.95089
258 45.3552 43.4937 1.48084
259 70.1796 34.83 2.25963
260 96.29 83.0456 1.82419
261 67.0141 38.9205 2.52159
262 87.0948 21.6938 2.73789
263 82.9166 34.588 2.02001
264 62.1973 86.3939 2.42317
265 82.9776 19.993 2.375
266 74.2543 15.602 2.6205
267 78.0457 44.4237 2.24138
268 69.6535 19.3297 1.75384
269 75.466 47.0959 2.50377
270 73.1917 39.6709 2.37755
271 73.1095 37.8031 2.43027
272 23.9319 63.6178 1.9795
273 72.1909 20.1769 2.05969
274 77.2624 27.7595 1.9875
275 84.6953 22.0007 2.69125
276 76.5164 13.7774 2.18995
277 84.355 39.0099 2.73467
278 86.6863 87.9124 2.37872
279 86.6325 29.7398 1.94576
280 75.3046 40.9835 1.83116
281 83.3612 24.994 2.20514
282 68.7196 37.0875 2.12426
283 92.1005 46.0784 2.36351
284 96.3925 17.621 1.96322
285 83.2339 43.6254 2.21674
286 59.1196 23.7502 2.18923
287 81.8098 23.12 2.11682
288 40.2898 61.7327 1.77006
289 93.7323 18.4356 1.89618
290 76.3443 24.1796 2.42421
291 62.3601 8.67733 1.94523
292 95.4127 73.8537 1.58118
293 74.457 25.8912 2.7686
294 72.9568 35.3072 2.55546
295 77.9096 37.6432 2.38467
296 88.007 40.3715 2.3748
297 95.6024 25.9899 2.02899
298 51.6311 38.5938 0.759631
299 84.0376 48.8993 1.76803
300 77.1395 20.2635 2.70948
301 73.1137 47.0275 1.94734
302 67.9212 17.5533 2.56962
303 84.1432 24.4982 2.16786
304 16.759 58.8009 -0.354335
305 77.6185 50.6185 2.422
306 58.225 82.5999 1.68156
307 81.2572 51.3042 1.71035
308 68.2867 42.3503 2.0008
309 75.1303 27.2352 2.32574
310 62.8018 84.355 1.65591
311 68.2888 28.5391 1.98714
312 84.4475 31.6204 1.95022
313 28.6662 66.1906 1.75606
314 72.1981 51.1298 1.60511
315 83.7392 27.409 2.21494
316 83.2921 38.2202 2.27156
317 72.7626 40.9628 2.56781
318 81.0813 51.7308 2.3932
319 84.7493 48.9395 2.14608
320 85.3065 46.4548 2.0754
321 71.1387 50.8915 2.41332
322 87.741 43.4266 1.96165
323 71.2968 41.9632 1.56391
324 8.65563 44.5892 -2.23917
325 89.1943 25.6269 2.86037
326 82.3188 19.0839 2.80018
327 75.5527 21.9184 1.95083
328 91.8858 43.4077 2.16078
329 54.2004 72.1768 1.05506
330 27.4142 64.4758 2.04964
331 68.3102 86.788 1.3133
332 31.2639 66.5449 1.5065
333 85.8815 41.0943 2.72424
334 64.5928 29.7202 2.21364
335 82.6537 48.281 2.33313
336 88.6103 46.2142 1.71407
337 64.969 34.8382 1.849
338 89.3413 26.4143 1.97157
339 80.5499 21.5146 2.60872
340 64.5547 17.6351 2.5522
341 63.625 40.8148 2.24346
342 71.9376 44.1239 1.81412
343 86.981 25.5519 2.6842
344 85.2879 23.2277 2.54443
345 72.2359 76.4937 2.0617
346 63.6596 27.7902 2.60173
347 95.7017 83.5927 1.84802
348 55.9394 21.9813 2.77097
349 93.622 78.8043 1.57529
350 83.7689 27.149 2.27013
351 35.5868 41.438 2.03263
352 95.6641 86.5829 1.17791
353 64.534 81.6961 1.95624
354 78.9302 14.8112 2.2495
355 84.8229 17.0276 2.01972
356 89.0551 42.9547 1.79252
357 92.1571 77.455 1.97915
358 74.2323 40.371 1.89871
359 71.8037 23.0559 2.15342
360 68.5734 51.9799 2.05535
361 66.6741 10.4199 2.66032
362 76.9023 39.2553 1.7661
363 83.1753 21.5382 2.2295
364 65.1876 86.7751 1.7282
365 79.4857 31.0217 2.01498
366 81.3995 40.3737 2.75129
367 87.3244 46.8108 2.01718
368 66.4681 20.9985 2.41466
369 33.4927 65.3859 1.57037
370 52.5407 79.7069 1.058
371 70.903 47.3627 1.6796
372 75.0987 35.3675 2.30916
373 84.7323 44.3831 2.15112
374 75.2003 49.7139 2.37614
375 86.5235 37.7821 1.97712
376 77.2948 40.1257 2.3983
377 24.0162 66.3171 1.66274
378 77.4795 27.3919 2.77894
379 86.9495 49.1949 1.66596
380 84.7137 21.1162 2.32303
381 6.5679 47.5061 -2.30802
382 79.4621 39.6328 2.47114
383 78.8953 74.5197 1.45126
384 82.7045 35.0934 2.74203
385 67.3268 84.0933 1.3267
386 54.8292 85.705 2.06097
387 67.8388 10.6313 2.21151
388 89.9783 22.9161 2.93517
389 71.2062 22.6565 2.30264
390 61.331 42.9156 2.15114
391 70.4532 40.8253 1.83783
392 71.3929 20.3979 1.87859
393 88.2417 27.9399 2.15206
394 79.7229 42.2482 2.0405
395 74.6683 41.6838 2.14856
396 73.5154 51.5381 2.44362
397 77.0336 44.6873 1.98221
398 28.2391 64.2538 2.53895
399 48.0729 38.602 1.2205
400 63.4622 35.5947 1.63599
401 36.4848 64.7908 2.27247
402 80.4225 16.3709 2.88048
403 81.707 39.5449 2.00709
404 78.8584 23.3764 2.20775
405 93.2909 86.8154 1.58127
406 60.6614 16.1465 2.01199
407 82.0897 43.3284 2.18831
408 72.6413 30.4199 2.21398
409 91.4546 45.545 2.19718
410 66.4396 38.7555 2.53861
411 78.047 47.1837 2.24403
412 88.0165 18.8368 2.20519
413 65.3261 38.9074 1.83947
414 87.1351 27.6067 2.07539
415 87.2264 74.9578 1.81062
416 86.8585 39.9903 2.31351
417 63.0123 35.8581 1.60725
418 75.4019 46.6716 1.68221
419 73.7539 73.2521 2.19185
420 73.4286 23.2179 2.25811
421 73.8545 45.4525 1.57163
422 70.5778 38.3368 1.66436
423 85.0311 43.1631 2.43017
424 72.4501 50.9789 1.78194
425 78.6356 34.9828 2.4083
426 1.93265 43.1866 1.35202
427 74.8966 50.2395 2.15179
428 79.9819 24.7249 2.94342
429 85.1521 22.7603 2.07101
430 32.0205 48.0835 2.44393
431 86.7007 36.7662 1.94759
432 68.6853 48.286 2.47097
433 94.7106 44.5741 2.41864
434 77.0607 23.0042 2.07316
435 67.4343 84.6555 1.18206
436 36.1251 47.2581 2.49063
437 71.5008 17.6483 2.49168
438 85.2236 54.3463 2.3922
439 87.9511 48.5978 2.10606
440 86.6958 17.066 2.08492
441 58.7591 17.1556 2.58669
442 80.8623 45.5011 2.3431
443 9.89459 50.6187 -2.18939
444 84.7535 32.9175 2.71388
445 89.9167 83.675 1.61553
446 71.8551 83.3548 1.88495
447 63.103 24.6939 2.05341
448 77.5012 40.5827 1.76953
449 91.508 18.8646 2.09767
450 66.8937 42.018 2.39243
451 78.8593 17.9121 2.16954
452 75.3632 51.7158 1.73584
453 84.7088 18.3872 2.72269
454 76.8178 47.8902 2.4969
455 82.2756 75.2509 1.45616
456 62.1859 33.34 2.34874
457 71.8835 36.7535 1.72372
458 75.1093 33.9972 1.88744
459 95.1597 73.508 2.08212
460 73.5991 20.2165 1.68081
461 58.0989 79.9954 2.17223
462 85.0128 30.0103 2.7178
463 74.5315 38.7623 2.64903
464 91.9343 35.2046 2.11362
465 68.4531 40.4595 2.42183
466 86.4408 24.1364 2.95678
467 89.2222 46.2887 2.43514
468 68.0781 19.3542 2.57645
469 38.5465 43.2116 1.66697
470 4.11786 83.1332 0.327235
471 77.4561 24.2978 2.1206
472 86.6848 32.3553 2.26483
473 84.4111 38.673 2.53599
474 13.1881 46.3682 -2.51731
475 64.6336 22.3797 2.53114
476 93.3044 77.665 1.78363
477 84.0092 21.8445 2.8568
478 63.185 51.7623 2.14104
479 70.9907 75.1857 2.27582
480 71.6417 30.4937 2.75173
481 91.1589 42.5013 2.35903
482 80.4846 15.8321 2.32688
483 66.763 43.7507 1.76426
484 67.8204 23.068 2.69305
485 63.5327 11.5234 2.06082
486 87.2492 20.3796 2.75053
487 86.8189 24.6571 2.63703
488 42.8538 36.9358 0.967339
489 72.622 73.7962 1.52701
490 72.2662 81.0424 1.25621
491 82.0634 21.4794 2.6796
492 86.2932 34.1628 2.16959
493 82.7513 28.0544 2.19263
494 81.6747 18.0474 2.47354
495 74.9809 26.8822 2.74205
496 77.8347 44.0303 2.63573
497 73.5009 46.2438 1.54021
498 88.4973 21.826 2.64952
499 84.0981 59.719 2.0982
