500
Particles
0 2.77226 41.3187 1.17741
1 75.5354 77.866 2.4345
2 61.4228 48.7842 1.58567
3 52.4458 68.8423 1.7425
4 91.1225 94.4006 2.55623
5 79.5286 75.9449 2.67468
6 15.0166 11.2332 2.07247
7 66.3134 76.4331 1.78276
8 85.9357 4.20988 2.39581
9 48.2662 53.2543 1.19355
10 14.1403 89.0492 2.15504
11 12.0602 19.9164 2.0882
12 73.3139 48.1401 1.31554
13 80.434 64.0187 2.24649
14 92.032 95.5089 2.71524
15 84.9292 73.7149 2.49543
16 51.3767 3.87464 2.12063
17 8.67295 25.5947 2.69292
18 97.4736 12.6647 2.94733
19 93.1545 15.6956 2.6397
20 58.0134 71.0483 0.995901
21 12.3003 8.99878 2.09227
22 15.3796 2.21499 2.54417
23 89.0043 85.7787 2.98671
24 59.4796 72.2731 0.986617
25 98.4039 87.7689 2.06515
26 98.2616 39.085 1.26066
27 8.27404 14.7887 2.34331
28 10.0928 4.76289 2.75873
29 85.0748 45.3718 1.74557
30 58.4958 43.6074 1.46156
31 12.5985 3.57064 2.2924
32 95.3884 45.5376 0.787665
33 43.1048 77.478 2.59187
34 96.8311 81.7123 2.57329
35 98.41 19.3874 2.66941
36 25.5549 63.8033 -2.33696
37 84.1226 43.9856 1.9077
38 99.2333 92.2015 2.86946
39 90.5931 88.1019 2.4137
40 93.3652 71.7565 2.56106
41 83.9941 81.3012 2.2542
42 18.2607 92.5316 2.24558
43 57.3462 70.5202 0.960658
44 79.1335 77.9737 2.61381
45 27.2967 99.8768 2.1686
46 97.065 85.5104 2.634
47 74.4724 66.1214 2.23636
48 11.301 92.8421 2.909
49 95.9053 32.1212 2.3235
50 2.79899 15.5357 2.40999
51 19.9561 4.03957 2.52154
52 55.7471 72.8597 1.67223
53 28.6705 63.7892 -1.92498
54 93.6319 93.9221 2.2114
55 64.3156 67.7465 1.4107
56 93.5179 92.7694 2.51486
57 14.3196 82.1391 2.54982
58 0.246206 6.71989 2.58031
59 88.3846 72.78 1.79962
60 2.69738 11.7893 2.04634
61 12.3461 91.1898 2.59518
62 79.8326 82.151 2.67507
63 90.1141 17.93 2.92226
64 8.66471 11.5887 2.51358
65 74.6815 66.8079 2.00129
66 99.7939 16.3963 1.95661
67 3.07452 16.7544 2.32547
68 77.5728 61.2218 2.42171
69 25.5968 67.5167 -2.76374
70 12.0701 13.1426 2.14121
71 0.189221 88.4771 2.77355
72 99.3853 12.151 2.65128
73 81.0817 41.3525 1.28749
74 17.0974 90.1611 2.05258
75 64.3529 72.9095 1.76782
76 17.0438 88.2278 2.767
77 15.834 13.8938 2.86723
78 89.7833 46.9103 1.38449
79 1.47238 9.28382 2.23591
80 12.6419 91.5244 2.14962
81 3.64717 18.5093 1.99162
82 93.7487 13.0417 3.19318
83 94.3337 8.55531 2.18197
84 63.1848 65.0801 1.65352
85 14.5302 94.9417 2.29697
86 13.8084 90.8886 2.29068
87 86.8029 38.6397 1.25667
88 65.3596 66.7081 0.695299
89 11.813 86.9408 2.25994
90 58.131 73.2548 1.46784
91 12.086 3.71874 2.07449
92 17.837 10.6333 2.11091
93 87.7306 93.0598 2.97734
94 10.725 91.6061 2.94497
95 54.7273 43.949 1.03068
96 11.411 11.6953 2.50514
97 17.2682 18.0656 2.31034
98 0.77877 73.5841 1.98355
99 14.6587 8.49456 2.10544
100 61.9945 74.555 1.08121
101 0.92389 14.8453 1.97215
102 13.8164 89.3304 2.33899
103 90.11 68.7187 2.75917
104 12.623 96.9998 2.4561
105 57.9315 75.7218 1.65662
106 93.5403 93.3977 2.20501
107 92.772 84.6288 1.81322
108 15.1654 2.66149 2.48106
109 1.4249 6.68495 2.3031
110 66.7507 73.813 1.57802
111 89.1581 43.6553 1.43777
112 53.8535 68.4391 1.3005
113 11.1595 7.65294 2.06936
114 9.095 16.7231 2.062
115 61.6149 45.4879 1.10359
116 14.8397 82.6824 2.17395
117 0.755468 92.5719 2.06492
118 71.9841 33.8545 1.14513
119 91.0816 96.8079 2.29207
120 84.4558 61.7685 2.66474
121 73.3772 76.1557 2.68961
122 4.31106 86.8739 2.99013
123 87.0794 92.2054 2.3953
124 61.7623 48.9848 1.02811
125 91.5768 46.9438 0.878217
126 51.7507 5.38954 2.33071
127 79.443 66.9784 2.81104
128 64.2566 72.3017 1.61245
129 0.506747 11.3225 2.26863
130 1.83535 95.0458 2.07329
131 16.2726 89.7342 2.98507
132 92.6013 45.8519 1.13661
133 94.6214 26.3185 2.3086
134 72.2523 80.3269 2.02279
135 76.0116 83.7176 1.74534
136 11.9914 84.2475 3.0232
137 11.5763 11.8529 2.35058
138 16.7102 94.3967 2.72851
139 85.9684 59.9263 2.01417
140 17.0879 89.9019 2.45638
141 87.6427 16.5226 2.31165
142 95.8777 7.57419 2.82223
143 95.2806 24.5991 2.14634
144 11.8279 14.2524 2.2173
145 4.40276 18.4702 2.57148
146 91.9093 82.8654 2.51959
147 47.5727 78.8314 1.98306
148 83.9431 40.442 1.26551
149 98.7968 18.6286 2.58618
150 15.5663 91.211 2.6882
151 98.5603 40.1711 1.65555
152 12.9224 85.0307 2.04552
153 16.3177 1.88294 2.83492
154 49.5098 99.0299 2.71812
155 91.0487 25.4266 2.81822
156 90.9565 7.93168 2.61119
157 82.3279 77.0234 2.62582
158 99.4454 37.4174 1.30515
159 53.1187 40.2255 0.617283
160 28.3589 64.8835 -1.94471
161 56.969 41.3064 0.741784
162 97.1584 15.8808 2.64801
163 84.8604 51.0849 0.888186
164 74.7498 67.2789 2.83459
165 94.6494 12.7479 2.95148
166 64.8632 65.176 0.903455
167 88.623 42.7455 1.86389
168 2.07993 11.4917 1.99921
169 70.5264 69.8356 1.89527
170 57.2377 49.1796 1.37631
171 13.7828 11.9081 1.93193
172 84.2648 70.2995 2.80232
173 18.6964 90.1603 2.68059
174 75.7827 74.1007 2.59872
175 93.3829 45.9169 1.40836
176 63.0734 50.9848 1.12463
177 4.33831 45.6769 1.26204
178 55.4214 71.2144 1.00888
179 9.96949 4.93605 2.89634
180 13.5937 10.0991 2.53441
181 98.3809 25.5549 1.9819
182 2.82013 4.35886 2.59895
183 94.4264 31.3574 1.79368
184 22.8057 14.3419 2.57687
185 76.5988 65.2513 2.39666
186 18.4337 99.8969 2.01537
187 59.5564 48.8763 0.94272
188 81.1706 73.9893 2.60591
189 33.9808 30.4248 1.12793
190 76.2074 71.353 2.79554
191 86.4727 12.5961 2.93438
192 -0.185436 62.2492 2.50987
193 19.0772 6.11676 2.72561
194 95.9787 69.8083 2.12302
195 7.40538 6.74585 2.49463
196 85.3376 58.2723 1.7465
197 11.222 88.0266 2.96984
198 21.3126 14.1659 1.95314
199 55.0031 49.5362 1.5741
200 20.2892 15.3236 2.713
201 69.3545 43.7383 1.18116
202 58.7824 74.1794 1.72081
203 56.2754 43.4761 1.59601
204 98.0386 36.2078 2.05236
205 88.5875 41.4628 1.37569
206 93.5872 70.0218 1.96813
207 95.0113 86.1487 1.74644
208 95.2439 20.3284 2.31839
209 58.6283 48.106 1.52967
210 3.50471 15.704 2.10765
211 17.7115 99.581 2.1973
212 91.7491 25.3522 2.8453
213 92.9447 41.1478 1.87838
214 78.4691 70.1274 2.88615
215 95.8194 90.2897 2.19512
216 23.6153 99.1531 2.47997
217 8.78884 7.05178 2.13584
218 72.36 33.942 0.773763
219 8.41154 26.7077 2.62417
220 84.1758 42.5024 1.53449
221 24.9702 9.78856 2.41459
222 83.9615 42.3176 0.973297
223 62.4444 75.2085 1.73341
224 41.2952 65.3045 2.99577
225 65.8298 48.8291 1.07823
226 49.2427 44.25 0.896472
227 20.3978 2.4558 2.71642
228 14.479 91.5125 1.99258
229 22.4787 98.1407 2.67644
230 84.1757 73.9008 2.50855
231 5.51319 12.8317 2.76331
232 17.532 7.09344 2.50551
233 97.2535 83.5019 2.5569
234 89.4774 71.4896 2.79381
235 93.2605 92.9098 2.65161
236 48.6044 98.9978 2.35256
237 61.7357 48.2679 1.29942
238 4.29701 6.20472 2.32272
239 97.2806 8.52059 2.44325
240 7.13311 12.7432 2.24263
241 86.5452 2.35401 1.89421
242 19.2757 1.17291 2.70414
243 19.9042 15.6658 2.24144
244 55.7691 41.1583 1.58126
245 19.6657 4.41834 2.09468
246 16.0001 94.9384 2.25319
247 76.3089 68.4259 2.34127
248 88.1934 92.6575 2.79294
249 2.19825 71.1674 1.6359
250 3.46094 12.7002 2.11537
251 29.9235 31.1575 0.656034
252 60.0359 76.8672 1.11128
253 33.2529 54.8369 -2.95562
254 14.8805 88.8961 2.66074
255 98.0887 14.2801 2.40834
256 18.8169 98.7005 2.7843
257 11.0171 88.1747 2.10361
258 90.082 11.021 2.72081
259 92.2659 92.2046 2.96763
260 3.06621 32.7934 1.5518
261 97.9351 5.77743 2.40922
262 20.822 94.4957 2.16727
263 17.6676 7.25139 2.38407
264 50.1556 81.4468 2.00771
265 11.8492 88.3774 2.91012
266 4.45571 40.9806 1.50542
267 7.93422 11.9873 2.20719
268 84.0884 59.6925 2.22159
269 6.49199 16.8498 2.24329
270 1.05828 5.88347 2.75744
271 95.4708 96.8432 2.28736
272 92.464 40.7127 1.13543
273 88.5561 68.3634 2.80797
274 3.87934 93.0008 2.55295
275 15.6902 92.2632 2.14068
276 3.30716 36.1293 1.03373
277 18.0775 11.0099 2.82787
278 71.9331 76.3796 2.65079
279 19.7153 2.18068 1.9872
280 8.29468 11.4374 2.56402
281 14.3916 94.7894 2.05455
282 93.1731 96.2779 2.23242
283 91.7493 40.2624 1.04773
284 34.6683 80.8688 -1.16944
285 15.1633 14.0227 2.31886
286 81.7751 78.6694 2.25811
287 13.0162 93.2553 2.49379
288 48.9008 34.3615 1.30462
289 25.109 67.7642 -2.72708
290 1.82921 88.2234 2.55921
291 89.9752 25.6105 2.24899
292 88.6052 24.4776 2.44071
293 96.6544 84.9084 2.42614
294 99.0864 98.0217 2.50202
295 10.9608 8.07863 2.75524
296 24.6782 13.7604 2.50206
297 49.2659 2.38927 2.55919
298 93.9206 10.2148 2.86859
299 66.2643 44.1181 1.15689
300 6.1409 88.6639 2.85005
301 1.77317 14.4402 2.34472
302 83.617 61.6727 1.87435
303 14.6577 94.6743 2.55945
304 90.568 20.4563 2.72383
305 32.5478 30.9705 1.14686
306 40.9694 71.9235 2.42111
307 64.0089 46.3052 1.09265
308 95.6374 7.27224 2.43147
309 -0.0124446 90.0747 1.914
310 56.0004 77.9648 1.38427
311 90.5418 86.0843 2.72049
312 18.5586 5.03617 2.29245
313 93.9522 41.9319 0.92847
314 1.20374 18.3788 2.77359
315 18.9306 0.877638 2.45447
316 18.2245 10.6902 2.69296
317 99.1695 6.31146 2.47503
318 63.3988 46.8652 1.37017
319 80.9945 44.0761 1.74029
320 85.1956 42.5956 1.39243
321 4.40676 22.1108 2.0493
322 81.959 39.0264 1.42666
323 1.01331 9.4931 2.86561
324 51.7279 47.2375 1.32907
325 24.9645 99.1828 1.81307
326 12.1286 88.6451 2.31969
327 99.2827 82.6563 2.8051
328 88.7644 39.1946 1.549
329 91.9242 49.2086 0.999522
330 93.5435 39.9764 1.67211
331 53.4137 80.245 2.00339
332 55.9438 47.4708 0.986586
333 25.316 17.4577 2.03459
334 89.0994 88.4107 2.14863
335 65.4674 42.5141 1.59175
336 87.0966 41.3296 1.20425
337 90.468 94.9949 2.48204
338 25.5674 0.550056 2.31492
339 8.51781 89.3806 2.80642
340 80.5728 62.1787 2.29989
341 94.9511 8.18756 2.69663
342 4.25548 15.3989 2.00189
343 23.8653 0.437649 2.12277
344 18.7747 95.7487 2.44797
345 64.6142 69.6661 0.930154
346 89.4135 88.1134 2.59402
347 4.75972 33.0661 1.28355
348 80.6628 80.8658 2.28401
349 75.6593 66.2875 2.54958
350 15.2222 98.2887 2.85421
351 93.793 20.8986 2.05591
352 79.0271 76.2501 1.90447
353 62.3989 73.9815 1.78466
354 96.5811 65.5146 2.31709
355 16.3108 87.2021 2.23215
356 87.2109 37.5731 1.73725
357 76.0569 67.7169 2.18836
358 5.5952 9.84774 2.20643
359 95.2605 83.9761 2.43024
360 98.6852 20.2103 2.92306
361 1.60229 38.9236 1.25791
362 7.2826 7.32959 1.87349
363 14.3627 92.6294 2.60782
364 55.5073 78.6941 1.77707
365 15.6018 5.71068 2.70571
366 17.4245 14.3746 2.77979
367 89.8631 41.9879 1.5995
368 82.6839 67.8326 2.35358
369 96.1219 40.9547 1.16952
370 37.9658 68.2527 2.74694
371 -0.19188 14.8739 2.62214
372 6.03213 4.48333 2.84357
373 60.1873 3.8995 -0.667962
374 3.66167 16.6913 2.63172
375 25.684 14.028 2.5892
376 6.79258 8.2396 2.6476
377 93.4009 43.2484 1.84328
378 2.68796 90.954 2.72933
379 87.6408 44.8912 1.32407
380 14.2592 89.6719 2.53063
381 51.9344 48.562 1.00787
382 14.4674 13.1313 2.24885
383 68.2999 69.3479 1.61769
384 15.9785 6.6881 2.48216
385 67.0608 75.7621 1.01413
386 26.3745 61.6416 -2.21421
387 94.7382 30.1405 2.54785
388 24.1599 96.2675 1.99539
389 95.1125 83.6962 2.04234
390 92.0396 10.5957 2.66698
391 -0.351184 7.99031 2.45092
392 97.3991 84.0997 1.88731
393 23.779 1.77303 2.30791
394 13.7288 13.7137 1.8964
395 3.57251 8.93382 2.52182
396 8.02415 24.8981 2.48518
397 3.87339 8.73536 2.60712
398 93.9539 40.3853 1.2418
399 86.7578 98.9099 2.40088
400 90.0628 97.5683 2.24812
401 54.1804 44.846 0.965919
402 96.6746 66.2698 3.05701
403 14.4739 11.793 2.54817
404 7.27296 91.099 2.77493
405 77.8917 77.1572 2.03797
406 80.4886 67.7611 2.25483
407 17.3516 16.2285 2.04867
408 97.9232 92.361 1.96673
409 89.8251 40.9631 1.41978
410 91.1869 99.1239 2.34037
411 5.75244 14.2519 2.63299
412 15.3662 84.9373 2.76834
413 95.3766 7.095 2.34532
414 23.1629 2.16138 2.82745
415 72.1818 68.3706 2.38406
416 19.0197 10.308 2.74022
417 90.4393 97.3454 2.91064
418 6.93187 16.8761 2.16463
419 64.7438 67.6632 1.52975
420 94.4461 81.2845 2.48143
421 5.31148 15.3031 2.47667
422 94.1548 98.1707 2.38206
423 51.0198 28.3855 1.89366
424 7.92578 23.9851 2.69888
425 11.7892 6.15918 2.31958
426 5.31625 36.9123 1.44509
427 6.55615 20.2212 2.30333
428 9.31106 92.8139 2.66675
429 16.3965 92.8539 2.20594
430 96.6171 27.4129 2.35466
431 22.6474 9.56448 2.40593
432 0.991472 18.6227 1.98263
433 94.1198 37.7961 1.53108
434 1.25004 84.3512 2.51842
435 59.497 79.0621 1.68256
436 0.431555 26.152 1.96973
437 85.8867 59.8108 2.05205
438 86.2397 47.4981 1.31202
439 90.0406 43.3256 1.11083
440 16.6853 86.7852 2.57059
441 78.0363 66.1359 2.39209
442 9.81633 12.2365 2.76272
443 53.0963 50.9399 1.46475
444 18.7901 5.88883 2.49012
445 75.4286 73.7257 2.83165
446 65.6526 75.1789 1.15271
447 86.9561 84.1606 2.41415
448 9.10389 9.94221 2.53948
449 23.9149 66.8253 -2.87822
450 97.4674 10.1066 3.01844
451 96.1394 67.579 2.46343
452 10.8652 25.9271 1.99385
453 13.5029 85.9094 2.89763
454 14.5391 23.1728 2.39149
455 71.4321 69.5088 2.29285
456 88.0343 92.8575 2.61776
457 96.4719 96.776 2.54178
458 0.499279 95.9334 2.0454
459 77.5497 61.7257 2.70323
460 96.9724 80.775 2.08689
461 39.4459 67.8965 2.21918
462 19.7575 4.15969 2.0155
463 3.76209 6.47321 2.56551
464 45.9101 0.467936 0.838757
465 98.5542 9.18393 2.5307
466 21.2552 98.0965 2.04023
467 87.6544 42.3003 1.81131
468 85.1885 67.727 2.03364
469 97.3395 23.9173 1.89599
470 99.1376 29.9609 2.21334
471 4.24582 89.7864 2.32924
472 19.6814 4.35651 2.3884
473 19.1692 11.0682 2.27927
474 54.967 50.3465 1.18326
475 80.9821 68.9125 2.09693
476 76.5056 66.0044 2.76805
477 19.5533 96.2057 2.03321
478 98.7423 21.8947 2.62278
479 63.0055 68.947 0.896463
480 92.0719 86.3746 2.60574
481 86.2363 35.986 1.29436
482 -0.222553 70.2817 2.32279
483 94.7982 9.6275 2.30563
484 91.5281 83.0089 2.49068
485 2.3255 38.0457 1.21925
486 19.1893 91.6674 2.5051
487 18.3482 95.6674 2.60934
488 87.3054 1.25487 2.13405
489 61.1835 68.0384 0.795668
490 68.3655 71.9513 1.02154
491 9.87741 88.4289 2.94141
492 20.1898 7.39507 2.73379
493 14.3821 98.6557 2.20921
494 0.448021 70.8299 2.40837
495 95.7059 85.0387 2.02104
496 10.0783 14.5099 2.57211
497 5.30925 16.4775 2.45002
498 19.3643 90.771 2.98715
499 89.4215 48.1977 0.845441
