500
Particles
0 4.64239 32.7763 2.62413
1 76.5393 69.1646 1.37559
2 61.6296 40.0404 1.51324
3 54.1242 60.1097 2.02429
4 97.3721 87.6628 2.45335
5 82.4887 67.5901 1.66937
6 21.7239 5.12707 2.28566
7 65.7948 67.2396 2.15514
8 90.105 96.1138 2.61088
9 45.3295 44.6605 0.825302
10 21.0903 83.4247 2.02723
11 19.6843 14.8852 2.59188
12 72.51 39.0712 1.37788
13 87.7803 58.7235 2.80121
14 99.1042 89.8128 1.85461
15 90.54 66.5118 2.87657
16 52.9785 95.5421 1.52446
17 15.9952 20.3413 2.93929
18 4.99216 7.3377 2.66599
19 99.11 9.02852 2.43517
20 57.5015 62.1251 1.26404
21 19.9676 3.92391 2.98882
22 20.776 94.7689 2.96658
23 94.2427 78.7103 2.29172
24 59.0293 63.3333 1.40148
25 5.53505 81.9776 2.14442
26 98.472 30.0132 1.8287
27 15.17 8.92922 3.04483
28 17.2172 98.9612 2.74594
29 81.8972 36.8009 0.838067
30 55.0291 35.3221 1.39924
31 18.3477 96.4038 2.55384
32 92.1908 37.0694 0.81376
33 47.9122 70.0383 1.51484
34 4.15298 76.732 2.6744
35 4.5446 12.5625 2.26338
36 32.1894 63.4936 1.84169
37 80.9899 35.4799 1.68042
38 6.80616 86.9069 2.39468
39 97.0217 81.5933 1.94792
40 0.836684 66.3103 3.05912
41 90.0415 74.3746 3.05725
42 25.0958 86.3149 3.00029
43 57.194 61.5933 1.67792
44 80.3035 69.3398 1.84699
45 31.7399 92.1594 2.20733
46 4.53163 80.1884 2.78411
47 79.7697 58.7363 2.1188
48 17.8478 86.7138 2.61955
49 1.00801 25.9789 2.72818
50 9.81404 9.71687 2.87837
51 26.3212 97.4172 2.67953
52 56.2615 63.8854 1.51016
53 34.9568 62.0513 2.41125
54 -0.21668 87.1991 2.28531
55 62.8226 58.8595 1.99011
56 0.967168 87.651 2.9397
57 21.781 77.1285 2.43178
58 8.09761 2.16035 2.91015
59 93.9159 66.3392 2.20823
60 10.4679 7.07312 2.0698
61 19.0022 84.8346 2.58572
62 86.5475 76.0395 2.90259
63 96.4025 11.6653 2.68873
64 15.9844 6.34851 3.02757
65 79.4778 59.0973 2.16751
66 6.59446 10.3058 2.6646
67 10.0417 10.9728 1.97878
68 83.9869 54.9761 2.16516
69 31.1879 74.4482 -2.18613
70 19.5058 8.04928 2.16327
71 7.41435 82.6346 2.27378
72 6.5126 6.4926 2.59723
73 78.2058 32.6734 0.698832
74 24.4873 84.751 2.96326
75 64.2997 63.7501 1.56873
76 24.6888 83.1605 2.59966
77 22.8958 8.09397 2.07449
78 87.432 38.0802 1.21735
79 8.31777 3.10208 2.43218
80 19.8481 86.2536 2.12884
81 10.6026 12.6496 2.63141
82 1.19227 8.05121 2.74623
83 1.58581 3.31552 2.24792
84 61.5785 56.4704 1.12179
85 21.084 88.5921 2.23674
86 21.1214 85.9581 3.00634
87 85.1872 29.8249 1.36363
88 65.2021 57.8096 1.12877
89 19.0773 81.5384 2.36053
90 58.4702 64.3262 1.91139
91 18.0418 96.7731 2.51525
92 24.7625 4.75752 1.96652
93 93.4481 86.0332 1.95743
94 17.8416 85.9459 2.62066
95 49.3178 36.7553 1.57346
96 18.1209 5.47348 3.02456
97 23.855 11.9783 2.82696
98 6.72193 66.8483 2.79642
99 21.6307 2.63572 2.43905
100 61.5364 65.43 1.60181
101 7.90707 8.9334 2.14068
102 20.8458 83.7163 2.37321
103 97.2446 63.5246 2.99076
104 20.1088 91.6071 2.85132
105 58.2272 66.8061 2.37176
106 0.716423 87.73 2.82711
107 97.4063 76.9615 2.06868
108 21.47 96.3117 2.58457
109 8.5582 1.12369 2.33777
110 65.6769 64.6809 2.06602
111 87.2635 34.7276 0.789871
112 54.235 59.4667 1.74399
113 17.7939 1.20395 2.5999
114 16.225 11.1159 2.28473
115 60.3449 36.4138 1.6549
116 22.5326 77.9781 2.80508
117 7.65287 86.5848 2.56657
118 65.8441 27.2003 0.920741
119 97.1033 89.9817 2.80783
120 92.3149 57.1722 2.30723
121 72.6576 67.777 1.96742
122 11.3619 81.1265 2.19784
123 93.3274 85.747 1.95126
124 62.0934 40.1167 1.92661
125 88.5042 38.4417 1.38315
126 52.0414 97.1962 1.54353
127 85.8302 60.4409 1.85096
128 63.9314 63.1543 1.35423
129 8.27034 6.28215 2.95147
130 9.67642 90.4192 2.44308
131 23.3763 83.9229 2.05359
132 90.7085 36.8595 1.32778
133 1.27073 20.4964 3.13099
134 67.377 74.5758 0.376717
135 83.4015 78.6022 2.28351
136 19.3699 79.2232 2.45805
137 19.4039 7.23239 2.48665
138 23.8086 88.6048 2.24813
139 93.8409 55.7851 3.03771
140 24.4362 84.4444 2.35872
141 93.7509 10.0695 2.37572
142 2.68836 1.56551 2.07626
143 2.52229 18.8473 3.04769
144 18.4237 7.91913 2.50716
145 11.7002 12.8839 2.54174
146 97.6663 75.5571 1.63638
147 52.0448 70.9352 2.37102
148 80.8708 31.9867 0.640825
149 6.20636 13.1853 2.3018
150 22.814 85.6408 2.11351
151 98.1656 30.9195 2.09181
152 19.9397 79.5191 2.16477
153 22.8803 95.3412 2.18759
154 52.5477 91.5288 0.816887
155 98.8356 20.5224 2.13101
156 98.3633 2.71038 1.91201
157 86.0877 68.8355 2.10632
158 99.5685 28.6951 2.4401
159 48.1962 32.827 1.34524
160 35.2391 63.4467 2.58811
161 51.2566 34.1437 0.823775
162 5.19111 11.3115 2.66045
163 78.329 47.2762 0.527755
164 79.3818 59.4766 2.32992
165 2.44435 8.05852 2.47326
166 62.7631 56.384 1.93317
167 88.0054 33.5925 1.44939
168 9.78435 6.47195 2.08337
169 74.6823 61.6794 1.64194
170 53.9476 41.0857 1.80016
171 20.4284 5.716 2.38035
172 90.5128 63.7942 2.62509
173 26.1725 85.1428 2.07732
174 77.7641 65.4479 1.2821
175 91.8122 37.042 0.816653
176 63.3592 41.8248 2.30198
177 2.28137 50.5424 -0.464442
178 56.2734 62.4736 2.02031
179 16.4833 98.7661 1.96626
180 20.6187 4.2029 2.64889
181 5.05248 19.6237 2.9552
182 8.23463 98.0855 2.2778
183 99.2226 23.8168 2.08572
184 29.6818 8.10421 2.67332
185 82.3841 58.3691 2.0341
186 23.8504 92.3815 2.65222
187 58.0508 40.5652 1.66085
188 85.2954 66.014 1.52586
189 28.5123 24.0469 1.49705
190 80.7904 63.4286 2.3262
191 92.432 5.77424 2.39392
192 6.23049 59.0018 2.80675
193 25.7107 99.8831 2.77474
194 4.04609 65.9823 2.83599
195 14.9644 1.77682 2.66063
196 92.881 53.3283 2.9645
197 18.5821 82.6514 1.96138
198 27.6145 7.55045 2.14559
199 49.9973 42.0016 0.733433
200 26.4215 8.80315 2.56067
201 70.3567 35.0161 1.7363
202 59.5651 65.1847 1.6633
203 51.4864 35.9083 0.682438
204 98.7672 27.8628 2.31432
205 86.6981 32.4937 1.42808
206 0.822179 64.4614 3.03623
207 1.74229 80.0529 2.71372
208 2.76671 15.349 2.07604
209 57.526 39.4311 1.85582
210 10.2314 9.47975 2.76594
211 23.0414 91.9545 2.83694
212 98.5874 19.2832 2.61055
213 92.2697 32.0491 0.896097
214 84.8128 63.6093 2.19376
215 3.66003 85.9837 2.27819
216 28.4545 91.6329 2.10362
217 16.0172 1.88938 2.97548
218 66.1477 27.2769 1.26039
219 15.8292 21.1327 2.75627
220 80.8008 34.0078 1.16559
221 31.1567 3.41196 2.58452
222 80.1594 34.0464 1.18784
223 62.7015 66.4773 2.3081
224 48.7144 60.5709 2.08958
225 66.2159 39.8767 1.95265
226 45.2363 36.0268 1.67996
227 26.9679 96.3446 2.54613
228 22.1169 86.4059 2.50063
229 28.015 91.1217 2.23049
230 88.9103 65.9662 2.15685
231 12.1833 7.01074 3.08581
232 24.4753 1.5296 1.95166
233 4.07062 77.5246 2.97398
234 96.5278 65.7318 2.38113
235 0.719356 87.4499 3.04029
236 51.6788 91.5214 1.13491
237 61.7088 39.1374 2.18676
238 12.1339 1.7924 2.27816
239 4.25764 2.93465 2.29555
240 13.7565 6.77531 3.10355
241 92.2527 95.5381 2.87783
242 24.4937 93.6604 2.2478
243 26.2778 9.22837 2.149
244 50.3194 33.8679 1.51423
245 25.8106 97.8284 2.612
246 22.8693 88.9735 2.59377
247 83.0534 62.055 1.83371
248 95.3492 86.7701 2.41372
249 8.31577 65.011 2.07913
250 10.5697 7.17396 2.41666
251 25.1958 23.8699 2.28399
252 59.9867 68.012 1.71701
253 41.0745 58.2899 2.97175
254 21.9368 83.0255 2.67981
255 5.20032 8.69866 2.51585
256 24.9128 91.9145 2.42452
257 17.0601 81.4783 2.53438
258 97.7204 5.85596 1.77885
259 -0.0469399 87.28 2.72758
260 6.05049 24.6175 2.90546
261 2.11188 98.2491 1.95364
262 27.17 87.7692 2.75172
263 24.1555 1.06722 2.2357
264 53.0992 72.8862 1.87075
265 18.357 82.013 2.38983
266 6.48006 32.3136 1.82889
267 14.9275 6.53132 3.13113
268 91.9567 55.4338 2.41316
269 13.4326 11.1771 2.14534
270 8.1228 99.9725 2.07405
271 3.10033 91.8032 2.48544
272 90.1168 31.8935 1.31917
273 95.2302 62.1799 2.62305
274 10.8054 86.9464 2.3852
275 22.9439 86.6814 2.43472
276 5.31533 27.7651 2.34933
277 24.8544 4.67841 2.80346
278 72.1727 67.7469 2.02465
279 25.0912 94.7676 2.2853
280 15.7843 6.71703 2.30542
281 21.1009 88.8329 3.08313
282 -0.200765 90.1054 2.90855
283 90.1799 31.4075 0.881172
284 40.7344 83.9085 2.19779
285 22.0411 7.97983 2.869
286 88.0427 72.0464 2.71428
287 20.3187 87.7596 2.21581
288 53.7117 27.2145 1.25785
289 30.4802 74.6536 -2.56423
290 9.15571 82.7425 2.55948
291 96.9425 19.7418 2.54594
292 95.8607 18.9246 2.20481
293 3.35517 78.8242 2.18096
294 6.12976 92.23 1.94411
295 18.4303 2.70089 2.1049
296 30.3524 6.52144 2.81977
297 50.9594 94.0223 1.04303
298 0.946444 4.25003 2.3531
299 66.2753 34.8965 1.55621
300 12.8321 82.5039 2.38319
301 9.29626 9.26598 2.88271
302 90.5224 55.905 2.63916
303 22.2521 89.2086 2.97605
304 97.6457 14.672 2.95986
305 28.339 23.4105 1.487
306 48.2046 66.8573 1.70375
307 64.2274 37.4349 1.81094
308 2.31696 1.12487 2.40098
309 7.4207 84.9093 2.76021
310 56.8634 69.4205 2.17778
311 96.7561 79.8419 1.77632
312 25.0434 98.3202 2.17248
313 91.6185 33.1023 1.23105
314 8.64669 13.0451 2.42188
315 24.6439 93.7021 2.90679
316 25.3369 4.9444 2.00867
317 6.50256 0.912986 1.74221
318 63.7729 37.7764 1.83488
319 77.8492 35.5312 1.36835
320 82.7151 33.824 0.842157
321 10.4087 15.3067 2.00896
322 78.5773 30.7031 0.970111
323 8.075 3.56895 1.9616
324 46.8188 39.6412 0.93576
325 29.838 91.4032 2.96152
326 20.0455 83.7717 1.96065
327 5.57841 76.0965 2.75667
328 88.0294 30.1929 1.15004
329 88.2969 40.8965 1.09834
330 91.6964 30.9844 1.21819
331 55.9597 71.7561 2.01553
332 51.1371 39.6617 0.983944
333 31.4641 10.693 2.51912
334 95.4946 81.9046 2.33397
335 64.6855 33.4715 1.83104
336 84.6812 32.4621 1.40967
337 97.2352 88.9102 2.02881
338 30.6714 93.191 2.94645
339 15.4022 83.292 2.80038
340 87.7502 56.4103 2.41814
341 2.1874 2.65071 2.1941
342 11.4597 9.83261 2.45726
343 28.8851 93.0939 2.99391
344 25.5638 89.6943 2.13141
345 62.8069 61 2.09062
346 94.7657 80.8338 1.64172
347 8.79202 25.6147 2.88993
348 86.6762 73.929 2.46454
349 82.1947 59.9275 2.00691
350 21.4487 91.739 2.46774
351 -0.137469 14.2802 2.30732
352 81.8509 67.671 1.50508
353 61.8206 65.0462 2.24997
354 5.11787 62.0916 2.3059
355 23.4162 81.6383 2.71808
356 85.4883 28.6605 0.455391
357 81.2748 60.1082 2.29133
358 12.986 4.71591 2.6831
359 2.47167 78.6326 2.95829
360 6.29902 15.092 1.9555
361 5.26411 30.8898 2.17482
362 15.2076 3.38356 2.54529
363 21.9845 87.2213 2.65083
364 58.5565 70.1184 2.65365
365 21.9832 99.1556 2.88939
366 24.8497 8.94113 2.45002
367 87.8517 33.1679 0.969189
368 90.4141 62.8774 2.30972
369 95.0625 32.0392 1.73842
370 45.6708 63.327 1.90751
371 7.33284 9.5128 2.43819
372 13.4439 99.0171 1.85328
373 53.7736 10.0637 -0.291441
374 10.806 11.2055 2.33175
375 32.6534 8.06469 2.43209
376 14.1278 3.26529 2.31227
377 92.4852 34.4623 1.44571
378 9.20517 84.5424 2.33093
379 84.583 36.2796 1.3912
380 21.581 84.3279 1.98978
381 47.3896 40.6863 1.49177
382 21.63 7.40616 2.46178
383 67.6449 60.4027 1.31721
384 22.8146 0.722605 1.97396
385 66.0496 66.678 1.7636
386 32.716 60.1232 1.75104
387 1.17067 24.36 3.21743
388 30.3032 89.6215 2.5694
389 1.49532 77.3519 2.76666
390 99.2334 5.17253 2.58163
391 7.0217 2.73971 2.46905
392 3.51997 77.2778 3.02929
393 28.8369 94.3835 2.9136
394 20.6223 7.80177 2.88531
395 10.8159 3.50984 2.61499
396 15.0285 19.0856 2.38375
397 11.7857 4.14487 2.6548
398 91.8626 31.5018 1.36169
399 92.5979 92.0742 2.72225
400 96.0575 90.6021 2.09049
401 48.1563 37.9868 1.54905
402 5.1001 62.6568 2.18455
403 21.1037 5.32606 2.57494
404 13.5922 84.5129 2.40743
405 80.0251 68.6452 2.02642
406 86.3978 60.702 2.22273
407 24.3574 10.2205 2.65376
408 5.28728 86.9979 2.66381
409 87.339 32.2433 1.34448
410 97.7611 92.8123 2.05992
411 13.2607 9.22023 2.60088
412 22.9842 79.7365 2.89153
413 2.27802 1.30495 2.63574
414 28.5037 94.8044 2.49709
415 76.3392 60.3864 1.76988
416 25.8189 4.3008 1.95128
417 97.0303 91.216 2.00534
418 13.6561 10.7928 3.02426
419 63.3461 58.8186 1.44047
420 0.458538 74.6276 2.35825
421 12.4054 9.39165 2.55881
422 0.54192 91.9041 3.01197
423 57.1461 22.9548 1.83869
424 15.2492 18.4804 2.88602
425 19.3509 1.00855 2.36483
426 8.57842 28.8739 2.15128
427 14.003 14.7937 2.33438
428 16.6992 87.602 2.60763
429 23.4481 87.0046 2.67012
430 2.38094 20.5888 2.82669
431 29.6636 3.99201 2.59148
432 8.22933 13.0876 2.52643
433 93.2057 28.6609 0.828573
434 8.1536 78.5286 2.1152
435 60.8385 70.2668 1.95794
436 6.50858 19.5987 3.18369
437 93.9784 55.8524 2.67582
438 83.9862 38.6369 0.665228
439 87.0094 34.6097 0.996033
440 24.305 81.5075 2.77584
441 84.9749 59.9788 2.4356
442 16.8062 6.65255 2.85469
443 48.068 43.2203 1.00392
444 25.0252 99.4444 2.258
445 76.5447 65.2377 1.2137
446 64.9006 66.329 2.25083
447 93.0152 77.4664 1.77851
448 16.9062 5.3087 2.66621
449 29.2423 74.0599 -2.10179
450 4.62691 4.59006 2.86668
451 4.13189 63.6957 2.74801
452 18.5053 20.8706 2.69915
453 21.1394 81.2055 2.50791
454 22.285 18.5459 2.55092
455 73.8972 60.9978 1.36676
456 93.8392 85.7019 1.96722
457 3.62533 91.6462 1.99898
458 7.90912 90.5311 2.86467
459 84.727 56.2489 2.49194
460 2.97886 73.7508 2.40995
461 47.4657 63.5244 2.34755
462 25.9815 97.5867 2.08959
463 11.3804 1.88807 2.96381
464 37.1936 1.14285 0.575126
465 4.93608 2.59847 2.31873
466 26.6734 90.8378 2.18948
467 85.7339 33.4275 1.04712
468 90.9467 60.4391 2.51694
469 3.44289 17.1528 2.10578
470 5.17678 23.3227 3.05266
471 10.7566 83.383 2.49412
472 26.4257 98.0992 2.7673
473 26.5617 5.88592 2.90993
474 50.507 42.2493 0.794305
475 87.3954 62.523 2.46623
476 83.1259 59.8243 2.64197
477 26.2987 90.3293 3.04343
478 5.76806 16.2027 2.70522
479 61.2588 60.3538 1.57737
480 98.3378 79.6764 2.18154
481 85.4081 27.1807 1.12529
482 6.31419 64.9164 2.34538
483 2.12746 4.10272 1.85897
484 97.3073 76.1014 1.66955
485 4.41125 29.72 2.55762
486 26.486 86.1216 2.3812
487 24.5242 88.9707 2.79015
488 92.7596 93.7933 3.14713
489 59.4575 59.5374 2.03703
490 67.6986 63.1086 2.23346
491 16.6155 82.3777 2.15711
492 26.5956 0.97172 2.56287
493 20.7814 92.1569 2.19548
494 6.61668 65.0025 2.65254
495 1.99153 78.5574 2.52048
496 17.0791 9.11859 2.93748
497 12.6722 11.4192 2.12032
498 26.5302 85.3742 2.14061
499 85.8011 39.948 1.45064
