500
Particles
0 54.4741 62.2024 1.03201
1 28.6097 63.184 2.17732
2 22.3224 70.2506 1.38535
3 50.9105 94.9014 -2.12621
4 23.8529 45.2045 1.84505
5 27.8665 81.5871 1.54601
6 45.6286 58.9191 1.69582
7 20.471 12.2815 0.869827
8 44.2248 91.51 -1.714
9 45.8512 99.1283 -1.91625
10 40.2296 87.1277 -2.67415
11 15.4286 6.4099 0.928038
12 52.3129 0.337814 -1.73998
13 68.1246 72.2013 -0.184962
14 25.5476 47.393 2.02675
15 44.0168 22.7116 -2.39829
16 46.4311 6.60515 -1.93
17 25.9795 38.2388 2.14022
18 31.6979 60.4868 2.18199
19 -0.0368023 87.1554 2.01329
20 51.2402 93.6872 -1.4555
21 43.9623 58.3776 1.60176
22 32.0973 90.1381 1.87026
23 29.3312 42.409 1.02392
24 91.3862 19.9756 -2.33961
25 22.4836 85.9584 1.31786
26 29.309 81.2708 1.1619
27 19.0951 98.2097 1.45509
28 53.6543 65.0983 1.47421
29 28.9898 40.4447 2.08386
30 24.6846 73.99 2.12839
31 29.7355 94.3107 -2.52299
32 47.9749 88.921 -2.13768
33 25.3052 69.2401 1.72449
34 31.718 90.4796 3.09204
35 41.1048 75.9878 1.25428
36 12.1065 10.4068 0.93481
37 43.8784 65.0145 1.54386
38 11.2161 79.6919 1.88568
39 22.6908 43.0538 1.45275
40 34.3738 87.9672 3.19069
41 71.0207 76.2887 0.05152
42 40.2732 98.003 -1.94953
43 88.3421 5.0226 0.636482
44 30.367 67.997 1.62304
45 44.4957 4.49458 -2.65268
46 33.7259 -0.251759 -1.7225
47 4.23795 18.3774 -3.29437
48 36.2651 92.4651 -2.29529
49 22.6231 80.8692 1.72307
50 47.7812 95.1268 -2.04069
51 34.9272 3.30499 -1.77716
52 90.2889 17.9976 -2.80986
53 13.032 9.07801 0.0887721
54 32.6406 48.3121 1.97357
55 16.4964 90.372 2.12964
56 33.6892 50.1842 1.90728
57 39.0648 82.9067 2.7246
58 31.879 53.539 1.40873
59 20.1662 83.823 1.6144
60 37.2678 68.781 1.51874
61 39.9159 94.4398 -1.96805
62 40.1616 78.2472 1.00966
63 25.8493 58.6673 1.36653
64 39.3637 65.1392 1.32818
65 12.401 91.2257 2.3733
66 38.8289 72.092 0.962817
67 41.5149 73.846 1.52942
68 10.4308 88.6963 1.84535
69 40.7409 79.003 1.4054
70 43.4097 61.9536 1.48745
71 27.4262 86.5294 1.59108
72 37.2466 67.5286 1.60651
73 49.09 63.7937 1.40715
74 34.4036 80.3342 1.89772
75 59.9027 43.2648 -1.89436
76 38.3513 80.8813 1.74139
77 42.4263 62.0073 1.20552
78 24.389 74.064 1.72544
79 31.1745 55.9447 1.69044
80 34.8755 84.4495 2.43347
81 39.1442 71.1428 1.80722
82 2.02212 83.974 2.90869
83 27.7656 52.8317 1.95746
84 24.68 92.3729 1.66968
85 32.2319 83.5633 1.15216
86 36.1666 85.4961 3.12787
87 6.34103 85.8866 2.02698
88 98.5246 86.0149 2.60796
89 32.5581 81.545 1.8048
90 59.1137 39.4913 -1.76745
91 27.8853 94.9953 -3.27912
92 5.83364 84.4053 1.85472
93 30.5417 50.1973 1.34069
94 37.2911 89.8208 -3.14873
95 49.5141 69.121 1.6565
96 39.9717 62.4312 1.36692
97 44.7655 66.4362 0.885732
98 31.968 81.3485 1.93053
99 54.1945 85.9808 -1.48697
100 91.6992 16.977 -2.89803
101 34.9716 61.4134 1.58226
102 41.5783 94.6116 -2.30145
103 28.8409 85.2891 1.12281
104 37.4448 96.2748 -2.74537
105 57.8882 39.3093 -1.60851
106 33.8133 50.495 1.72592
107 53.4282 64.4141 0.869758
108 36.0909 2.26785 -1.61876
109 35.9785 53.1581 1.30876
110 68.4082 93.5771 -0.780132
111 45.7185 64.2594 0.965765
112 50.3201 92.3394 -1.3815
113 48.318 58.8732 1.06904
114 43.4677 36.3931 -2.66653
115 43.5165 72.054 1.468
116 32.1463 75.1555 1.23941
117 23.3821 88.5625 1.4661
118 50.9694 98.3176 -1.79634
119 29.7804 48.8266 1.32383
120 24.6706 86.2708 1.20137
121 45.1623 92.1957 -2.18946
122 36.2292 91.3436 -2.42742
123 29.3776 60.0707 2.05541
124 63.427 73.3203 0.374241
125 13.9462 89.4876 1.91299
126 25.9654 9.64191 0.219666
127 66.5273 75.132 0.126156
128 90.9692 21.2658 -2.94129
129 54.0444 58.6798 1.79898
130 54.8191 69.4085 1.21357
131 39.0117 86.5932 -3.39698
132 98.2949 55.755 -0.0777938
133 98.1715 61.7686 -0.608624
134 23.512 79.5325 2.04168
135 47.5754 63.4219 1.2755
136 32.5725 78.9927 1.8058
137 46.237 63.4344 1.69634
138 38.7871 90.4401 -2.24705
139 29.7423 89.0621 2.35895
140 42.3165 95.9431 -2.27986
141 15.2773 90.9988 1.59036
142 30.428 52.9387 1.53862
143 46.0865 4.49388 -1.78267
144 41.8841 66.9818 1.54828
145 53.0884 60.7932 1.35405
146 55.2822 66.9951 1.72442
147 21.7808 68.0588 1.64712
148 53.3808 68.7342 1.02235
149 37.7191 71.4549 1.12543
150 41.8519 96.197 -1.85597
151 47.0364 72.8241 1.0578
152 36.5988 80.9594 1.78949
153 35.7567 97.936 -2.33331
154 46.2504 5.66503 -2.14573
155 98.653 61.6921 -0.182238
156 45.844 94.0424 -1.50421
157 39.9313 5.7604 -2.57609
158 27.7533 82.3907 1.14348
159 41.151 19.6765 -2.83735
160 24.8105 72.6352 1.69543
161 27.0991 13.1941 0.167983
162 48.1845 97.2589 -2.44895
163 11.329 87.1746 1.68122
164 64.7332 61.6662 -0.123739
165 40.4101 75.4871 1.2585
166 8.29686 87.9822 2.13741
167 48.4246 66.497 1.28566
168 33.2013 59.6958 2.0853
169 93.3247 9.62718 2.66165
170 23.7852 66.0253 1.35964
171 44.3378 58.8296 1.66085
172 51.6588 61.9877 1.09522
173 42.5589 96.6643 -1.73238
174 24.9528 79.8952 1.36702
175 27.2922 1.51887 -1.97448
176 43.1802 23.5837 -2.70284
177 31.013 86.5053 1.36512
178 92.0754 10.7199 2.94266
179 53.8654 64.5152 1.00975
180 48.7802 60.2346 1.62217
181 45.9965 -0.306279 -2.30886
182 35.485 50.7531 1.63483
183 62.1005 89.4828 -2.1638
184 9.49426 84.4433 2.04357
185 94.5717 62.6365 -0.438187
186 37.0265 90.0239 -2.37257
187 49.6521 93.013 -1.89925
188 24.3089 53.7022 1.21515
189 25.0317 74.1837 1.66275
190 23.4139 79.1407 1.14861
191 41.5147 68.6216 1.73882
192 34.664 82.2898 1.38707
193 31.8611 95.1786 -2.59555
194 30.35 80.8858 1.38656
195 42.0249 60.5893 1.15177
196 23.6721 81.4633 1.35442
197 36.7216 85.6052 2.45339
198 5.26258 84.4717 2.21062
199 25.9563 81.29 1.16251
200 46.3524 61.6877 1.61901
201 23.5187 40.8422 2.0169
202 89.7314 18.8123 -2.21534
203 36.7966 19.26 -2.67462
204 27.031 80.0306 1.41405
205 51.0171 64.2853 1.60403
206 32.9257 86.8727 1.88539
207 21.3855 86.101 1.33288
208 13.5287 86.234 2.22781
209 52.8988 94.9969 -1.9017
210 35.7237 64.3324 1.65313
211 34.3251 88.2633 2.48048
212 97.9498 57.4902 -0.826765
213 48.9216 74.8144 1.05274
214 24.9081 54.5896 1.21033
215 51.2134 60.4439 1.64792
216 43.5734 7.85496 -2.31259
217 45.3854 57.9349 0.805097
218 37.7411 9.15285 -2.25953
219 26.6298 37.3864 2.37434
220 47.4683 64.6462 1.57156
221 36.586 7.09213 -1.79975
222 40.9106 66.0029 1.51757
223 58.4088 45.0944 -1.94988
224 50.2859 92.9197 -1.92912
225 15.6827 7.97648 0.314358
226 44.0031 99.3674 -1.72774
227 37.6841 94.2089 -2.50092
228 37.6466 84.912 2.93555
229 42.2499 -0.203821 -2.29209
230 68.8844 73.8305 0.544636
231 37.6426 66.0935 1.76689
232 28.0305 94.5899 -3.14839
233 28.8627 86.9851 1.5603
234 23.4535 82.5303 1.98794
235 33.5529 47.6275 1.65375
236 42.66 95.0509 -2.0201
237 27.6028 73.1724 1.47401
238 29.2891 46.0607 1.83376
239 24.0732 49.0926 1.73205
240 50.7784 0.340268 -1.8625
241 33.6095 70.1238 1.37306
242 38.087 3.0177 -2.49193
243 47.4929 60.9369 1.63737
244 26.6874 11.2863 0.448823
245 36.0625 4.05242 -2.36093
246 39.2941 89.0776 -3.00672
247 65.8715 77.7722 -0.330968
248 27.803 51.6951 1.44532
249 30.1413 77.0653 1.09104
250 14.9611 0.702375 1.87734
251 21.8192 73.5674 2.05728
252 19.2946 10.7406 0.169212
253 87.6195 10.2073 1.02891
254 38.7342 86.1941 -2.92443
255 38.4028 72.3984 1.72632
256 39.7461 1.19105 -2.30755
257 38.9619 89.8759 -3.01764
258 45.3219 95.2163 -2.44003
259 36.6391 49.9393 1.54067
260 26.9869 80.2029 1.06826
261 29.6101 52.1709 1.30191
262 43.1775 1.40006 -2.02858
263 27.4997 91.7621 2.54036
264 25.158 69.6284 1.62443
265 34.6221 83.6481 2.17388
266 30.9736 84.6397 1.23676
267 38.6472 64.684 1.49261
268 29.7992 91.6925 2.02492
269 16.3354 99.9493 1.83628
270 32.1004 53.2365 1.57226
271 34.5709 49.9461 2.00325
272 47.7668 84.0727 0.596912
273 24.455 83.4841 1.86007
274 30.3938 89.6053 2.36601
275 40.3116 95.258 -2.09948
276 27.8081 80.6349 1.7564
277 51.3855 63.4073 0.985521
278 27.1077 63.9147 2.06427
279 38.8669 5.29576 -1.87449
280 30.0867 51.4051 1.55275
281 38.9522 92.3544 -2.67744
282 29.9192 48.4831 1.57981
283 44.0081 71.9739 1.16597
284 32.9502 73.0073 1.54812
285 45.0378 62.4187 1.0083
286 65.2082 76.5626 0.345919
287 36.271 89.4329 -2.90287
288 57.2015 89.6328 -2.32325
289 28.7096 67.9165 1.7754
290 33.5132 94.7892 -2.34753
291 30.5152 64.7729 2.16966
292 92.3339 6.82419 2.38178
293 28.7182 89.6654 1.89569
294 31.1913 46.2187 1.96705
295 22.1971 9.77214 0.590639
296 10.9926 84.4247 2.10074
297 43.2589 -0.288199 -2.38599
298 31.8908 66.2926 1.25993
299 45.1427 66.781 1.63596
300 32.4411 85.2176 1.98795
301 39.5309 69.5052 1.04179
302 14.5128 77.3148 2.28119
303 38.2826 91.5564 -2.03459
304 27.3613 60.7781 1.56018
305 24.607 75.3673 1.99273
306 15.4667 7.92354 0.525438
307 23.793 71.678 2.17068
308 31.4739 52.5393 1.76824
309 26.6617 88.0344 2.01971
310 17.034 7.02891 0.733977
311 72.7005 72.7516 0.381191
312 35.5152 4.61884 -2.55726
313 47.9851 73.3188 1.1896
314 37.3181 21.6471 -2.19617
315 36.7983 94.8622 -1.91068
316 48.0788 61.3302 1.08312
317 31.6381 55.6369 2.20004
318 51.2713 1.49204 -1.56793
319 42.5364 67.5203 0.846994
320 44.5966 64.3249 1.42449
321 25.9903 37.3091 2.19791
322 47.1702 62.4318 1.73711
323 30.4875 56.2363 1.72336
324 29.6977 73.0048 1.53937
325 42.0807 0.585522 -1.917
326 39.1315 86.5998 -3.11543
327 30.6079 85.9643 1.41463
328 8.72083 84.8508 2.49487
329 51.633 89.2354 -1.17932
330 46.6181 71.8112 1.29368
331 98.091 58.4825 -0.313307
332 51.1266 88.9834 -1.37426
333 99.1873 82.7914 2.16536
334 24.2628 45.0361 1.47438
335 43.6788 66.7781 1.30176
336 46.6288 64.2305 0.981453
337 25.5415 47.6115 1.50003
338 40.7945 99.089 -2.16122
339 36.8345 88.0767 -2.86047
340 38.616 60.2664 1.34565
341 24.4118 53.1433 2.00165
342 36.1868 60.9773 1.32063
343 41.5168 5.48565 -2.31225
344 40.6887 92.4577 -1.85928
345 90.1049 3.7751 1.1175
346 72.5978 76.7845 0.355129
347 27.5042 81.466 1.2658
348 24.6871 52.9934 1.31305
349 24.0762 76.1137 1.28398
350 38.0339 1.03859 -2.35849
351 45.6578 94.6426 -1.46027
352 28.9376 64.2593 1.86552
353 60.9496 42.0093 -1.31864
354 33.4664 82.963 1.55167
355 42.5407 87.4365 -2.4287
356 53.7397 87.0571 -1.38353
357 1.49623 63.0424 0.329792
358 32.8282 55.0182 1.42367
359 24.3404 87.6903 1.82792
360 40.8678 15.668 -2.98645
361 20.1069 80.5164 1.97777
362 40.6624 62.1697 1.28363
363 36.7927 84.4229 1.82181
364 25.5913 69.9765 1.69504
365 32.8401 -0.452331 -1.78253
366 47.4654 60.6815 1.10879
367 50.2644 65.1316 1.00576
368 54.9392 66.0955 1.30281
369 88.4909 1.1177 1.17904
370 54.068 3.25205 -1.44564
371 39.3189 72.0151 1.61671
372 32.682 46.3725 1.19286
373 46.9975 62.5774 1.49811
374 24.3833 72.1283 1.77725
375 30.723 99.1012 -2.46027
376 36.1945 52.7054 1.68729
377 46.3431 70.0212 0.917959
378 33.5408 3.18555 -2.49097
379 46.8646 67.1588 1.6607
380 41.1232 98.3945 -2.30596
381 32.1317 80.1324 1.70202
382 42.4541 59.1705 0.923723
383 97.4943 19.7888 -3.21083
384 25.6579 90.7794 2.23781
385 19.3449 6.31482 0.16559
386 11.3971 10.4631 0.692191
387 28.4575 84.7191 1.71824
388 43.5934 1.13641 -2.47776
389 20.3013 83.3085 1.88005
390 33.7636 64.37 1.73737
391 31.6356 51.813 1.61995
392 8.42437 75.5953 0.644519
393 39.8883 3.45526 -1.82791
394 43.8506 61.5154 1.3382
395 34.5568 56.6248 2.25448
396 28.0698 36.4566 2.06406
397 42.524 72.4176 1.52275
398 49.3601 84.7844 -1.32813
399 37.7375 74.0966 1.48247
400 26.1449 48.4993 1.45099
401 9.06732 87.6124 2.30717
402 35.2836 84.6223 2.14455
403 40.6135 58.8953 1.30839
404 33.1461 86.9909 1.53531
405 28.0082 64.563 1.89575
406 66.0879 73.7102 0.356187
407 43.8307 60.7107 1.32019
408 49.4463 61.1077 1.18334
409 49.5658 63.6828 0.94161
410 24.3726 48.7366 1.72276
411 45.2475 34.7292 -2.21592
412 43.0401 82.2175 1.23584
413 29.4313 51.5117 1.85911
414 38.6163 0.686999 -2.42867
415 90.5279 6.51366 1.6333
416 12.2936 83.9877 2.53629
417 27.0595 51.1725 1.98234
418 37.3333 65.1597 1.88644
419 2.24881 21.2449 -3.31252
420 25.6386 87.171 1.99682
421 33.768 61.9913 1.86807
422 32.0066 51.5008 2.09637
423 46.2162 62.475 1.46029
424 42.2072 23.4674 -2.97118
425 45.0594 57.4173 1.55479
426 45.8158 69.264 1.46162
427 20.4466 73.3265 1.3222
428 37.5435 -0.26983 -2.29011
429 42.2853 -0.222349 -2.20708
430 27.3754 11.9332 0.00100827
431 32.4531 0.804728 -2.43061
432 46.5061 93.0062 -1.62235
433 48.8045 69.7891 0.888876
434 32.8848 89.6241 2.59871
435 22.7071 68.0769 1.76084
436 45.469 1.11889 -2.02434
437 28.7349 85.8489 1.54641
438 24.8231 41.192 1.84019
439 49.4423 65.6074 1.5767
440 35.4111 77.2914 1.30169
441 64.1155 69.1298 0.802273
442 43.268 62.3164 1.30806
443 31.9257 83.6425 2.00727
444 35.4184 2.02546 -1.89146
445 23.0065 78.1762 2.17948
446 66.7559 70.2064 -0.319364
447 69.3288 77.3396 0.067135
448 44.7791 27.3814 -2.70256
449 32.5799 72.9279 1.56253
450 29.8195 54.5128 2.15776
451 34.3322 83.9652 2.34206
452 21.8224 74.5168 2.12709
453 41.9837 98.1953 -2.38082
454 54.2139 59.7588 1.48017
455 3.56094 88.4155 2.21887
456 22.7801 46.8961 1.46747
457 33.7188 46.6589 1.67073
458 50.2116 97.7565 -1.59086
459 22.0433 96.2613 1.83906
460 23.8051 81.1484 1.32517
461 59.2949 39.2806 -1.79871
462 36.926 3.30748 -1.79347
463 35.0527 52.0421 1.32819
464 39.6969 8.92985 -1.79301
465 30.8831 54.8696 1.41657
466 41.5435 3.02526 -2.05475
467 46.1027 63.3096 1.20864
468 19.8832 83.7204 1.70195
469 44.4388 97.7378 -1.52022
470 30.4908 61.8858 1.33958
471 37.164 3.64241 -2.12042
472 36.2255 5.0325 -1.65474
473 50.0552 61.6217 1.67677
474 43.9876 23.6838 -2.75906
475 68.0821 72.8893 0.331404
476 99.5955 63.2668 -0.789033
477 35.8363 85.8413 2.98564
478 27.4232 96.0141 -2.45104
479 94.7504 4.35717 1.8915
480 32.4066 45.2255 1.67907
481 11.5086 84.1597 2.30874
482 33.3469 81.0425 1.25305
483 31.8326 57.737 2.18813
484 7.25261 80.9015 2.7592
485 14.0166 76.3573 2.61305
486 43.9044 96.2466 -2.27182
487 43.1498 8.02528 -2.42459
488 39.6849 76.5828 1.31603
489 7.65208 87.6822 1.9995
490 20.308 10.9546 0.218434
491 39.6452 90.3834 -2.04869
492 35.6885 2.3943 -2.37252
493 35.5522 91.9122 -2.86816
494 38.7339 88.9547 -3.14477
495 26.0276 87.7368 1.84642
496 41.2104 68.4737 1.28134
497 42.7502 20.0269 -3.11596
498 43.2249 -0.237981 -1.94805
499 20.3284 94.3486 1.86482
