500
Particles
0 55.6349 56.9424 -1.94279
1 98.4499 11.4259 1.02739
2 95.5191 17.0962 0.517931
3 83.9227 50.6737 -2.91719
4 97.0458 100.127 1.05798
5 12.4769 20.9412 0.406621
6 4.71575 12.051 1.02312
7 57.6494 0.65911 -0.456082
8 66.213 52.4448 -1.22294
9 67.4297 58.3545 -1.63552
10 83.774 32.6284 2.47873
11 54.7323 98.4808 0.382961
12 89.7508 28.8613 2.1413
13 58.0168 14.747 -3.19349
14 99.641 2.17212 1.08565
15 95.2831 33.2111 2.04033
16 89.6721 51.5174 -2.71773
17 66.9664 20.117 2.49901
18 100.087 10.4843 0.802729
19 93.5856 90.005 0.226517
20 81.1478 51.2924 -2.79898
21 7.10032 9.19803 0.36048
22 75.7106 25.0486 2.94516
23 69.0193 23.2406 3.28542
24 14.713 66.097 2.58415
25 11.2157 25.3936 0.794625
26 31.5485 16.889 1.77387
27 60.3431 95.2642 0.0125884
28 53.2136 59.5213 -2.22169
29 69.99 23.1478 2.91053
30 99.6752 20.6976 0.500659
31 92.9712 73.288 1.11751
32 79.0544 46.8223 -2.44683
33 96.0117 16.2784 0.44334
34 75.0866 34.4156 3.25661
35 49.4191 57.202 -1.60133
36 54.5904 0.344517 -0.346887
37 6.48482 14.9801 0.866132
38 91.6763 21.8677 1.48018
39 95.6802 1.68221 0.803491
40 78.7426 24.2318 2.75136
41 57.8578 16.0221 -3.19337
42 63.8075 58.6615 -1.54905
43 95.7223 40.9854 1.3873
44 98.3645 16.8304 0.622732
45 70.9198 62.2775 -1.49257
46 57.3456 60.6958 -1.3544
47 65.0804 15.0755 3.33994
48 63.9554 50.2604 -1.5017
49 12.4689 20.0618 1.18726
50 73.7827 54.0482 -1.69323
51 59.5797 63.8737 -1.86286
52 1.50506 68.8566 -0.969568
53 55.5587 98.6579 0.141294
54 70.5675 23.3753 3.30741
55 51.6239 12.3282 -2.3521
56 69.9441 31.9067 3.01996
57 32.3709 44.0907 1.17076
58 67.9782 25.5986 3.21855
59 12.305 23.2782 0.73142
60 3.96761 16.1295 1.15782
61 62.8753 54.7609 -1.89846
62 51.1847 61.8014 -1.27577
63 96.2271 9.43653 0.768651
64 2.06826 14.5552 1.08076
65 50.0707 21.494 -2.55082
66 6.45037 18.7502 0.615037
67 42.1642 47.2988 -1.42329
68 48.3196 16.7134 -1.7978
69 53.9504 65.8943 -1.87103
70 6.26502 12.8565 1.02405
71 40.2561 25.2866 -3.14002
72 2.74206 15.5221 0.716175
73 50.3014 40.7956 -1.66865
74 40.0777 19.6112 2.70927
75 50.7356 7.83672 -2.19926
76 50.9739 66.512 -1.58245
77 2.71866 13.156 0.384758
78 1.11343 18.6095 0.388347
79 2.87543 9.0355 0.241809
80 49.8013 67.2886 -1.23678
81 4.88806 18.7486 0.559431
82 28.9557 78.1317 1.11152
83 3.07361 5.81597 0.387871
84 20.6318 35.6915 0.352871
85 45.7925 59.3628 -1.83476
86 41.7505 77.2203 -2.34754
87 47.8848 12.7196 -2.05576
88 2.41478 99.1881 1.26427
89 30.4766 16.7061 1.77976
90 43.2682 99.701 -0.322446
91 92.5131 72.5462 2.00147
92 47.7151 11.4588 -2.73793
93 68.4641 26.1014 3.36181
94 76.5314 42.2804 -2.04855
95 52.7211 60.0088 -1.40356
96 2.78142 12.7061 0.94921
97 6.96305 16.4187 0.714494
98 34.3132 18.7573 1.95996
99 83.1952 44.0947 -2.36861
100 1.62383 67.6585 -1.19932
101 99.1779 11.2816 0.848561
102 68.0365 53.3321 -1.24992
103 38.7804 35.4088 -0.967275
104 59.2527 57.366 -1.44489
105 43.3652 97.8537 -0.215446
106 68.9728 33.8379 3.28264
107 59.695 45.9254 -1.35972
108 61.1615 62.269 -2.08379
109 61.1951 49.1529 -1.10873
110 89.4083 26.4999 2.04331
111 6.77655 14.7213 0.438781
112 71.2428 53.049 -1.81231
113 62.5302 22.8118 2.69326
114 94.5787 36.6962 1.61225
115 44.4857 46.182 -1.09752
116 3.8854 20.9939 0.759186
117 20.2351 28.3174 0.395094
118 87.8586 50.2578 -2.74892
119 68.0952 26.699 3.29232
120 20.2356 25.3791 0.143801
121 77.4093 48.9507 -2.47969
122 76.23 42.3893 -2.01481
123 98.2719 10.3605 1.09252
124 52.7873 17.2262 -2.45811
125 50.7012 20.7635 -2.57538
126 85.5322 68.5595 1.6423
127 51.8602 17.9908 -2.62143
128 14.3234 67.071 1.80057
129 56.6352 57.1607 -1.67568
130 55.7408 64.3611 -2.03693
131 83.5817 30.2233 2.28323
132 50.5673 97.9716 -0.311324
133 47.9568 0.901379 -0.342109
134 14.7853 18.8674 0.3681
135 9.43121 12.2227 0.193601
136 41.9343 17.4297 2.19472
137 8.05749 14.0608 0.694806
138 75.2183 45.1797 -2.21347
139 46.4909 65.6594 -1.95241
140 66.9277 55.2902 -1.42662
141 49.2306 22.2464 -1.66436
142 4.54652 4.23852 0.34616
143 72.3441 61.9231 -1.80796
144 7.16921 15.8596 0.516637
145 56.2536 43.5253 -1.39885
146 57.0961 62.6377 -1.77737
147 94.3772 14.6366 0.95526
148 54.8042 62.9921 -2.14355
149 6.06621 19.2836 0.430694
150 62.8662 58.1125 -1.85967
151 52.328 60.4041 -1.97309
152 44.8108 23.5075 -2.08493
153 59.9134 58.3187 -1.49343
154 73.0516 62.0775 -1.78531
155 50.3784 2.94667 -0.0626298
156 68.7268 53.8706 -1.62622
157 67.4972 65.0764 -1.57659
158 21.6571 18.4337 1.06366
159 91.3952 33.8343 2.02434
160 99.6029 18.5235 0.55969
161 89.7997 70.2796 1.25011
162 71.1507 56.1713 -1.86415
163 50.8593 15.0439 -2.09258
164 12.4873 76.1803 -0.341641
165 49.192 55.4853 -1.59399
166 48.0668 17.1057 -2.07563
167 12.2336 13.582 0.722849
168 99.5232 11.4417 0.498779
169 99.2137 43.2763 1.36594
170 94.6449 13.3858 0.971363
171 4.23113 11.859 0.95755
172 51.3521 44.5119 -1.71216
173 66.3734 55.9265 -1.22768
174 8.5286 21.8667 0.630684
175 88.977 74.2961 1.02771
176 93.1496 34.1322 2.32381
177 44.782 60.8105 -1.53017
178 0.201311 46.7459 2.06219
179 54.2658 58.8487 -2.07386
180 61.577 24.8775 2.37484
181 70.8188 57.644 -1.44574
182 68.7812 32.4973 2.84795
183 89.6268 12.7553 0.544283
184 10.5603 28.9028 0.919514
185 58.1775 8.50178 -2.69888
186 75.6342 43.0034 -2.41242
187 69.7254 53.328 -1.42801
188 96.5879 7.13035 0.706407
189 1.78913 19.69 1.08362
190 3.65813 22.7142 0.681849
191 6.37653 17.979 0.725702
192 46.7606 59.3186 -1.72275
193 61.1765 52.1154 -1.21536
194 39.5632 19.6397 2.44051
195 3.60971 11.3605 0.338806
196 17.2056 18.6442 1.19669
197 44.7853 76.5097 -2.20436
198 31.2367 73.8514 1.61184
199 19.6773 18.8431 0.379055
200 8.84818 10.736 1.1131
201 93.1354 100.185 0.716416
202 0.633174 70.5541 -0.041453
203 63.431 71.9588 -1.2243
204 9.74527 20.1582 0.832513
205 53.2536 43.8274 -1.11901
206 28.3636 41.6742 1.53509
207 15.8735 26.2213 0.301278
208 9.94041 30.6827 0.681889
209 88.4306 31.1362 1.61462
210 2.17678 13.5207 0.416848
211 78.1511 28.1284 2.45459
212 49.2655 99.2852 -0.467352
213 55.6228 66.1339 -1.73492
214 99.8268 6.59708 0.701058
215 63.9995 29.4448 2.52535
216 71.0085 66.0163 -1.97139
217 5.92493 11.0155 0.808549
218 64.7539 68.0888 -1.87034
219 69.8778 20.7881 3.27118
220 21.359 8.79738 -0.197171
221 63.4351 66.1865 -2.10871
222 5.25691 14.1073 0.305128
223 54.6089 8.94148 -2.64789
224 84.906 48.2405 -3.10718
225 56.5952 99.3372 -0.170032
226 66.606 59.3218 -1.08056
227 66.5308 51.4256 -1.28674
228 44.6015 78.3489 -2.04841
229 65.0453 61.4569 -2.09881
230 55.6781 15.8932 -2.86272
231 2.68228 14.8796 0.749403
232 92.9359 70.6912 1.54166
233 37.1301 34.0734 -0.789856
234 17.7687 21.0597 0.594588
235 70.341 29.7727 2.66822
236 66.3857 54.8862 -1.59516
237 3.21517 18.3996 0.467171
238 71.4121 25.6953 3.48341
239 98.354 3.66209 0.319387
240 88.9294 29.6666 2.23781
241 2.69625 18.3349 1.07795
242 61.9669 63.857 -1.98588
243 6.83886 12.816 0.267089
244 89.5071 66.4558 1.54502
245 60.9476 63.7018 -2.05952
246 80.994 39.3514 -2.53285
247 53.9267 18.6421 -2.03056
248 0.781539 3.96773 0.441231
249 6.49704 19.7512 0.92327
250 62.808 91.0967 -0.331
251 98.3829 19.2726 0.822772
252 57.8396 1.69431 0.356399
253 57.9776 11.2154 -3.17116
254 82.4923 30.0897 2.75459
255 6.12645 19.4982 0.387377
256 61.3243 62.7269 -1.90164
257 79.4183 41.355 -2.55877
258 71.4703 54.3584 -1.63255
259 70.7002 34.2922 2.56258
260 15.011 19.269 0.744323
261 62.5501 19.1241 2.73827
262 69.132 59.568 -1.67256
263 42.5155 66.9464 -1.52924
264 97.4898 15.7797 0.347563
265 40.7758 32.7328 -1.10575
266 46.5892 61.34 -1.45381
267 1.93663 13.6489 1.12687
268 72.1974 19.9487 2.85371
269 55.2024 95.0323 -0.319821
270 67.8783 28.2271 2.9479
271 70.5474 32.1154 2.60175
272 47.6445 77.037 -2.42544
273 17.0174 20.4851 0.587294
274 43.2248 64.5682 -1.12515
275 62.3576 56.2966 -1.21001
276 36.6498 17.8589 2.28268
277 50.3055 43.5871 -1.18575
278 96.4989 10.807 0.408582
279 63.0515 65.9025 -1.80839
280 4.2516 2.98253 0.761178
281 75.7571 46.9827 -2.10232
282 68.7924 24.1197 2.68642
283 11.6546 17.1837 0.446561
284 3.33136 19.5567 1.13668
285 5.84562 12.1211 0.716568
286 53.6863 17.617 -2.53525
287 78.04 38.8632 -1.62156
288 85.1324 47.781 -2.62794
289 98.9496 15.9593 0.904018
290 59.9973 53.3892 -1.83608
291 99.3001 12.7688 1.16317
292 96.9923 43.1287 1.33864
293 42.1876 63.6905 -1.26783
294 71.3902 24.5848 3.40568
295 59.1422 4.32311 0.427177
296 10.3791 29.5653 0.634255
297 69.5104 57.8482 -1.68042
298 99.9984 14.3141 0.935937
299 9.89983 15.3617 0.758654
300 44.0279 57.9348 -1.04339
301 5.65619 17.3663 1.2185
302 94.1101 21.7272 1.1492
303 68.3467 48.6534 -1.63573
304 97.7541 9.27583 0.991634
305 3.23767 20.5757 0.269458
306 54.9305 0.76094 -0.336628
307 0.582974 16.4447 0.501238
308 64.2106 23.2053 3.15665
309 45.9463 64.0073 -1.23801
310 58.4023 98.1491 -0.401514
311 61.7463 12.4992 2.98778
312 59.9024 65.0547 -1.99066
313 50.45 60.3123 -1.83466
314 92.5683 50.9034 2.7836
315 62.649 53.866 -1.90314
316 7.82906 12.6462 0.948561
317 5.00717 6.93924 0.263405
318 89.423 31.6746 1.86874
319 6.29444 15.2306 1.03115
320 5.71119 15.2756 0.887092
321 69.3035 19.1102 2.69565
322 5.91763 14.0867 1.12648
323 2.42738 8.1816 0.247198
324 0.95891 19.7945 0.938202
325 65.9544 61.2956 -1.75672
326 81.8002 35.3915 -2.72882
327 47.002 64.1433 -1.2524
328 9.18856 31.2373 0.636473
329 80.8234 48.4149 -2.39016
330 53.0187 62.0853 -2.25222
331 49.9905 98.7608 0.21169
332 80.2046 47.0989 -2.24056
333 27.5197 74.1108 1.19553
334 95.8121 1.52055 0.648318
335 6.73431 16.1081 1.18811
336 13.1219 11.1889 0.708745
337 98.3827 3.26903 0.20794
338 65.2347 59.3662 -1.18284
339 80.1762 35.7566 -1.96683
340 1.17172 11.6425 0.877544
341 97.5984 7.07454 0.452236
342 100.041 11.5065 0.84325
343 68.6317 65.0205 -1.4739
344 68.817 50.6035 -1.58777
345 96.1306 39.8703 1.41172
346 58.4734 16.6399 -2.95982
347 36.9475 18.3294 2.09024
348 99.3372 5.60642 0.400433
349 2.14318 21.0233 0.516549
350 62.2261 61.652 -1.85974
351 69.2525 55.2567 -1.32213
352 97.1231 13.4966 0.903013
353 50.0669 6.23113 -0.595347
354 42.3622 22.196 -3.07373
355 84.3256 33.5801 2.43275
356 80.9967 46.1367 -2.53284
357 53.072 99.1661 -0.405378
358 65.0831 23.9231 2.91434
359 17.8789 26.2355 0.469619
360 75.2333 65.7662 -1.29262
361 7.97067 22.6976 1.1064
362 4.11015 12.7464 0.890636
363 44.678 74.1824 -2.09706
364 97.484 16.1105 0.488897
365 56.7103 60.2993 -1.94516
366 8.90107 11.9071 0.312651
367 58.8303 47.0292 -1.68965
368 55.0992 61.6958 -1.62235
369 98.0707 37.6172 1.46375
370 91.9022 29.5544 2.14075
371 6.45824 19.6718 0.751718
372 71.985 25.1971 2.67176
373 60.736 26.1422 2.82794
374 98.527 18.5248 0.00580837
375 56.7805 59.0023 -1.68278
376 61.6772 46.6949 -1.95595
377 39.2412 41.2546 -1.07324
378 59.9406 62.4551 -1.76766
379 19.9669 11.9094 -0.00543169
380 65.9289 58.7408 -1.70312
381 38.65 17.8554 2.24602
382 3.68479 11.3346 1.08272
383 0.146969 54.0186 1.81323
384 20.1457 30.8664 0.0353606
385 59.2857 96.6497 -0.337887
386 54.2591 3.18718 -0.26766
387 43.5868 57.827 -1.50324
388 68.4539 60.1179 -1.32482
389 16.9928 20.9447 0.724925
390 99.1522 13.1899 0.626245
391 66.8122 23.1123 2.64419
392 92.5311 25.8822 1.60558
393 64.9894 63.5385 -1.62375
394 6.01031 12.2694 0.66793
395 63.4875 21.486 2.6536
396 68.2643 20.4112 2.63766
397 9.45438 19.127 0.516255
398 85.0169 29.7669 2.34106
399 42.1107 44.6305 -1.3615
400 1.33697 1.70791 0.869297
401 49.8275 15.333 -2.44026
402 47.1103 72.9684 -1.67148
403 2.3619 10.3779 0.604416
404 29.7892 40.8419 1.24505
405 96.6827 11.0851 1.07687
406 55.4112 14.8067 -2.55908
407 5.42448 11.2632 0.978246
408 59.03 23.4451 2.64624
409 11.3661 13.5459 0.987345
410 99.3678 2.90837 0.619073
411 95.6231 36.1551 2.32139
412 48.9566 71.0122 -1.64148
413 64.887 17.889 3.35272
414 63.7118 60.9883 -1.73982
415 96.926 42.8474 1.5759
416 8.69816 27.714 0.260265
417 3.4603 4.124 0.937758
418 4.21299 13.4544 0.744686
419 97.3721 91.2748 0.532028
420 20.3739 26.5203 0.645666
421 99.4726 10.5286 0.216978
422 69.1018 29.581 2.75909
423 49.8028 29.5888 -1.91184
424 93.4877 35.4821 1.69732
425 6.63732 9.14944 0.745995
426 45.7249 44.2779 -1.41244
427 98.0202 19.126 0.424892
428 60.1565 60.8229 -1.36942
429 65.6129 60.1279 -1.79053
430 89.8025 68.5632 0.947858
431 59.9414 59.8837 -2.02175
432 68.3327 53.3937 -1.67067
433 47.9818 46.865 -1.71266
434 77.4777 30.3246 2.91762
435 94.1885 14.1052 0.277745
436 70.0722 59.4031 -1.97101
437 35.0923 22.4661 1.91803
438 93.5238 0.807097 0.283555
439 48.9433 45.1902 -1.7976
440 44.9246 19.5564 -2.12374
441 10.8692 79.8729 0.474034
442 3.01232 15.1661 0.870875
443 40.0643 23.3076 -2.95766
444 61.99 61.4091 -1.29353
445 3.74747 21.5306 0.90498
446 58.5209 12.0169 -3.15827
447 55.6706 19.6124 -2.93829
448 95.3333 33.8457 1.76729
449 4.42453 19.2576 0.626776
450 1.61501 7.33279 0.601713
451 47.292 68.0936 -1.29373
452 2.51971 19.8349 0.993734
453 67.9702 56.6688 -1.18848
454 65.9362 31.8809 3.43887
455 44.4606 16.0025 -2.76026
456 97.8172 1.25317 1.15348
457 71.2605 27.3604 3.0793
458 84.8139 52.4747 -3.20341
459 49.1314 28.5283 -1.97742
460 14.4338 20.2773 0.532195
461 44.6254 99.2594 0.54608
462 63.0306 63.2212 -1.85689
463 64.1506 45.8057 -1.57199
464 64.6234 68.0587 -1.20557
465 66.3419 24.2997 3.23751
466 67.2281 63.0188 -1.13677
467 6.72954 14.5117 0.760218
468 11.1787 24.0293 0.349188
469 67.3703 58.253 -1.28504
470 98.4045 10.3723 0.662605
471 62.0096 63.8801 -1.39506
472 62.3355 65.1274 -1.535
473 60.6691 29.2178 2.76225
474 94.9957 33.1257 2.11914
475 56.8999 15.3538 -2.3495
476 50.4522 2.62622 0.324522
477 31.619 46.3395 1.64781
478 90.7675 74.0635 1.39996
479 98.3029 40.6673 1.77437
480 71.3049 26.6752 3.40962
481 11.3853 28.7891 0.80894
482 37.2443 18.1581 1.93986
483 1.68964 9.51635 1.13528
484 93.6161 24.7574 1.55944
485 93.2445 20.9023 1.32723
486 67.6942 56.2589 -1.68537
487 72.4293 65.0156 -1.38767
488 43.9942 50.8266 -2.0042
489 47.6376 17.441 -2.2769
490 58.9384 2.56621 -0.35195
491 77.7153 43.6383 -2.44554
492 60.2969 62.157 -1.67661
493 71.7439 46.3099 -1.2664
494 80.3118 38.0646 -1.66979
495 37.4481 49.3409 -1.9892
496 4.78471 18.1289 0.367424
497 92.8937 29.5085 1.95182
498 66.3065 61.0171 -1.58378
499 48.8304 26.5464 -1.9613
