500
Particles
0 11.6684 58.785 2.54272
1 49.7212 61.8064 1.69606
2 21.6926 96.3673 2.29645
3 61.3137 2.2472 1.67974
4 76.6437 63.519 1.1997
5 17.5732 52.1477 2.12876
6 30.1804 84.2491 2.12931
7 74.7786 10.1598 1.65338
8 49.7326 68.5296 1.76136
9 49.8765 71.2659 2.28535
10 35.7686 65.1075 2.36995
11 21.5083 93.4186 2.27911
12 23.2364 93.2796 2.77492
13 82.8867 55.0229 1.50823
14 80.7629 67.2243 1.61314
15 96.9496 58.4499 1.59261
16 46.808 72.1692 1.76739
17 76.7417 82.0095 1.63825
18 75.1996 72.8923 1.67655
19 62.5391 96.7327 0.859281
20 61.9217 2.7559 1.31062
21 11.7925 72.9359 2.39055
22 35.0448 77.2738 2.27575
23 81.9782 59.5013 1.86695
24 67.2362 5.63954 1.21766
25 19.9309 65.3116 2.63565
26 16.059 45.6003 2.29858
27 6.23657 82.5353 2.57233
28 21.2274 73.772 2.15681
29 33.8178 6.6935 -2.53967
30 56.2423 14.6977 2.12194
31 30.6548 76.7689 2.04099
32 51.2084 0.87628 1.39107
33 67.9074 11.5561 1.08094
34 25.3847 67.6999 2.36764
35 74.5285 76.8596 1.27205
36 57.9869 21.4363 2.03844
37 34.7573 92.1105 1.73243
38 18.7208 68.563 2.28751
39 78.9368 60.3181 1.35042
40 27.8358 65.8284 2.17835
41 76.423 60.8795 1.22839
42 42.8069 75.1138 2.25215
43 64.816 2.53124 1.40186
44 48.681 63.7148 1.57085
45 40.7893 69.8357 2.74508
46 26.7114 70.62 1.97812
47 78.466 1.45161 1.43862
48 33.1241 70.2935 2.59163
49 19.2154 58.4214 2.47392
50 82.2282 77.4831 1.56323
51 36.2832 77.3336 2.16259
52 68.0715 4.51952 1.29925
53 57.1938 21.0624 1.9571
54 80.5877 64.6314 1.74939
55 69.6839 98.4908 1.09561
56 83.4679 66.5092 1.64436
57 32.699 56.8235 2.77195
58 81.0947 70.0284 1.63272
59 19.6855 66.6342 2.03039
60 81.2776 75.2407 0.927798
61 34.2345 66.9944 2.42069
62 47.0054 66.1746 1.5899
63 47.3719 55.1397 2.1568
64 23.3252 86.5847 2.28097
65 74.8914 2.64787 1.07881
66 78.4505 78.37 1.40616
67 78.4953 78.1641 1.10028
68 73.3408 99.7884 1.20064
69 39.277 60.6533 2.1566
70 31.3436 89.0856 2.21976
71 28.0011 70.0495 2.21697
72 79.5744 74.9833 1.04249
73 36.6707 90.8386 2.46579
74 30.1553 58.8429 2.0353
75 74.943 7.65956 1.41018
76 34.4132 60.6048 2.77815
77 35.0205 88.681 1.81583
78 13.9824 35.8555 -3.53802
79 82.5627 71.9342 1.30852
80 31.5065 65.1624 2.35277
81 77.7623 76.2384 1.32826
82 59.8364 93.8132 1.46499
83 73.2209 69.0645 1.60915
84 71.0886 95.4389 1.1957
85 31.9067 67.4123 2.30544
86 32.2703 65.2173 2.69659
87 36.6533 86.4989 2.06591
88 70.9799 97.5327 1.31394
89 28.1803 59.678 2.73656
90 67.9756 5.8132 1.34485
91 30.3588 77.654 2.78313
92 35.2619 84.8364 2.56243
93 75.8725 63.8375 1.85857
94 32.9416 67.6388 2.59813
95 64.2801 97.48 1.04097
96 13.7508 78.472 1.87122
97 34.2267 92.0651 2.69555
98 27.9143 60.0649 2.32362
99 34.8769 84.3286 2.02381
100 68.9145 5.05498 1.23163
101 78.761 73.9996 1.38869
102 37.2114 66.9871 2.57814
103 24.2902 63.4227 2.55874
104 35.5185 74.0255 2.34171
105 66.9991 6.75057 0.804395
106 81.4945 64.0755 1.94067
107 13.9478 66.199 2.04461
108 33.7011 75.3367 2.55703
109 90.4525 71.7434 1.287
110 78.2941 8.66332 1.02212
111 36.5641 92.1335 2.17824
112 63.0086 1.17284 0.989118
113 30.7268 82.6475 2.46768
114 10.8627 82.2618 2.40393
115 25.6719 93.8465 2.06433
116 30.9099 55.1045 2.10288
117 27.2673 73.9722 1.70224
118 56.306 3.81877 1.29972
119 78.7262 66.6444 1.97956
120 17.9557 61.607 2.57663
121 68.6887 73.646 1.64034
122 32.6523 70.4608 1.82442
123 64.9421 68.1518 1.46582
124 18.2868 99.1415 2.39321
125 73.9247 97.9191 1.43418
126 43.4923 79.9647 1.98254
127 78.3059 57.7507 1.76175
128 68.7621 5.71449 0.834441
129 7.93632 83.5667 2.68975
130 19.4588 71.7959 2.35245
131 33.1549 63.1524 2.44101
132 76.7949 98.7294 0.78228
133 76.546 1.13174 1.44899
134 18.0094 55.4879 2.66969
135 36.8074 90.6397 1.78722
136 27.9305 56.7008 2.66781
137 23.4586 85.7689 2.85358
138 35.6521 68.6149 2.18959
139 21.6134 62.548 2.12077
140 36.5075 64.7093 2.12891
141 72.2944 99.0117 1.03844
142 76.2161 66.6573 1.85089
143 48.4733 75.8374 1.72189
144 22.9648 88.5748 2.40714
145 9.5254 86.7597 2.57066
146 16.1154 66.2606 2.04051
147 66.4202 11.6256 1.34134
148 37.0318 90.4493 2.47524
149 77.1258 76.5103 1.67487
150 39.1971 68.8338 2.31154
151 56.729 100.097 1.6187
152 30.4259 58.6129 2.11255
153 33.9675 74.2788 2.14445
154 46.7916 73.3436 2.01978
155 78.5333 2.3884 0.910068
156 54.1785 69.0516 2.34175
157 47.2149 84.4564 2.10296
158 15.6456 47.579 2.70544
159 52.7272 81.0359 2.41831
160 63.9801 13.0995 0.978645
161 49.7718 80.2182 2.43094
162 76.116 77.7956 1.3442
163 68.9044 96.0134 1.15994
164 74.5889 4.82797 1.51219
165 72.5113 74.7249 2.03758
166 69.6395 96.6095 1.32547
167 40.0569 93.7225 2.59332
168 82.256 73.6136 1.88582
169 74.2295 2.92475 1.38417
170 68.0285 59.666 1.8814
171 28.3033 83.3842 1.95764
172 11.6709 61.7823 2.18838
173 37.982 64.7952 2.11199
174 14.2776 44.9392 2.33409
175 74.8522 96.7033 0.948515
176 29.1587 11.8389 -2.15765
177 25.1591 62.6476 2.58686
178 68.4097 4.63383 1.09483
179 23.9571 76.287 2.5745
180 30.1577 84.5963 1.98666
181 50.7932 73.2231 2.4143
182 87.3164 66.9759 1.00518
183 12.7108 58.5995 1.75915
184 35.7957 84.8113 1.99889
185 74.9828 2.65411 0.979016
186 36.4039 72.8828 2.66695
187 59.1861 1.6229 1.45475
188 62.7922 64.3731 1.80968
189 18.4044 94.2478 2.82179
190 15.9877 48.8502 2.24204
191 26.5408 90.8262 2.13329
192 27.3493 55.8274 2.84173
193 36.6794 80.2257 2.42137
194 29.2928 63.4057 2.15727
195 24.1094 83.8438 2.37466
196 20.8475 60.0931 2.13952
197 31.9034 63.1013 2.02848
198 33.4366 84.0874 2.65415
199 18.3126 53.3585 2.23754
200 34.8707 87.4753 2.22596
201 35.0583 4.8369 -2.2539
202 66.0337 5.97006 1.3165
203 54.0854 82.6795 2.15684
204 15.2512 44.2776 2.83138
205 40.1376 92.6016 1.74068
206 28.1669 64.27 2.1485
207 21.9528 69.6974 1.86805
208 66.3435 94.1395 1.28082
209 57.5069 3.17595 1.18449
210 80.663 75.345 1.91521
211 33.6802 70.9165 2.69533
212 76.8916 100.088 1.29692
213 57.1228 97.9487 1.54205
214 60.3459 62.3856 1.44947
215 15.1878 69.4829 2.63965
216 42.2874 75.0226 2.55822
217 22.9833 81.1702 1.70077
218 79.4007 95.1604 1.20281
219 79.0992 82.8557 1.0277
220 35.9351 91.2971 2.31392
221 38.8584 80.4473 2.66073
222 35.1873 92.0522 1.97858
223 70.4598 8.42475 0.983857
224 59.9128 3.26372 1.8846
225 26.216 94.8724 2.83583
226 47.1766 70.8177 2.01894
227 35.6329 73.5366 1.93376
228 33.9108 65.6609 2.13991
229 34.7171 65.0747 2.07635
230 82.2485 56.7364 1.87306
231 83.8756 73.799 1.20285
232 34.7174 81.4131 2.82536
233 29.2491 70.377 2.64009
234 20.3918 61.4793 2.55219
235 83.5701 63.741 1.1144
236 46.7731 69.4984 1.86223
237 21.3514 96.2251 2.20609
238 83.9921 65.7642 1.9474
239 75.8158 66.0921 2.03141
240 19.2116 87.9008 2.3444
241 50.794 67.6791 2.19899
242 40.9292 78.8687 2.08631
243 34.7538 86.5825 2.14179
244 50.4423 80.4438 1.91581
245 36.6571 77.0107 2.53044
246 34.1894 66.8813 2.67313
247 74.3254 38.0312 0.519688
248 77.6779 66.7394 1.2312
249 29.5771 58.5267 1.91316
250 4.42363 81.7095 2.63373
251 13.2918 90.7627 2.4996
252 71.4999 8.93294 1.31193
253 60.5954 4.44778 1.44403
254 34.4 64.3687 2.24762
255 77.3109 76.2391 1.91122
256 40.8402 77.0451 2.72102
257 33.555 66.2599 2.58859
258 53.6737 72.5205 2.38859
259 85.7281 65.4213 1.6401
260 17.6928 50.5363 2.54601
261 79.0108 68.2642 1.20605
262 41.0698 71.2948 2.1347
263 32.8718 79.6358 1.92467
264 63.3197 12.2787 1.02466
265 31.3583 62.9327 2.31617
266 24.4102 59.9225 2.40925
267 20.0635 86.7916 2.56629
268 20.9031 64.5309 2.46104
269 4.58857 83.5546 2.92743
270 83.411 69.8191 1.37136
271 87.3464 68.0599 1.93901
272 50.6632 97.5537 1.4713
273 23.7852 64.9863 2.55232
274 30.4986 74.2684 2.25238
275 33.0065 63.9921 2.67985
276 23.5562 57.2661 2.75826
277 32.6805 82.7794 2.83252
278 44.328 56.7701 1.96175
279 40.6318 79.3314 2.43256
280 84.9563 70.131 1.74121
281 34.9039 70.3719 2.74553
282 80.2573 66.2979 2.07796
283 46.0258 0.565918 1.52252
284 40.0417 59.4759 2.69962
285 31.8825 87.974 1.943
286 73.6954 59.4496 1.62182
287 31.6125 66.6824 2.19754
288 66.8003 98.0091 0.732127
289 41.581 61.9927 2.60731
290 30.5295 71.787 2.47577
291 54.0852 65.0245 2.201
292 74.1621 1.98772 1.29728
293 28.3351 73.1932 1.79032
294 86.2736 65.6579 1.81321
295 6.65564 75.3714 2.73963
296 37.5185 85.5522 2.60519
297 44.1407 71.9569 2.09752
298 57.9345 67.6884 2.08631
299 34.4493 93.1929 2.22116
300 28.2316 65.1277 1.98627
301 80.3806 76.5417 1.52044
302 17.063 60.9997 1.93764
303 33.79 67.9759 1.9231
304 48.765 57.1531 2.25882
305 18.4976 93.3102 2.557
306 63.1415 8.33115 1.9613
307 20.1662 93.9695 2.44679
308 78.9744 70.7376 1.41355
309 29.4695 75.3848 2.31403
310 66.0567 9.78212 1.16798
311 87.6313 61.4305 1.00171
312 35.7469 77.1518 2.19121
313 60.6234 99.0541 0.886942
314 79.1196 80.995 1.81455
315 34.7271 72.2044 2.07687
316 35.1456 85.222 2.75923
317 82.5971 71.8181 1.66643
318 25.0623 94.0356 1.94263
319 33.3204 92.5022 2.24418
320 34.0742 91.0919 1.76034
321 77.2002 80.1048 1.67437
322 37.0547 89.0581 2.13752
323 80.6405 72.0935 0.996196
324 46.8267 10.98 -1.17538
325 42.848 75.2293 2.13855
326 32.5477 62.8933 2.70118
327 29.5734 68.472 2.04661
328 40.5473 87.8097 1.65213
329 65.6525 98.6541 1.43473
330 59.3859 97.9028 1.54497
331 71.7808 11.815 0.956046
332 60.8828 99.2154 1.3927
333 34.9926 85.1934 2.77243
334 78.2631 62.5905 1.4688
335 28.1808 91.9641 2.46781
336 37.5253 90.7793 2.38161
337 78.0896 64.5055 1.16643
338 38.976 72.9445 2.1852
339 33.687 68.1727 2.4896
340 -0.241279 65.7057 2.31843
341 75.4169 69.7865 1.90995
342 78.5403 72.9405 1.14093
343 43.4187 78.6146 2.52116
344 36.9916 69.4683 2.12839
345 70.5513 1.99144 0.679944
346 75.6856 61.0385 1.11183
347 17.8296 50.4954 2.78921
348 63.8562 64.2598 1.64499
349 13.5452 37.7833 -3.134
350 36.4975 75.7361 2.26448
351 50.5429 68.871 1.69199
352 50.3993 63.5368 1.56519
353 70.8815 7.02852 1.29901
354 26.7885 58.401 1.93429
355 36.1067 61.9416 2.76828
356 37.8901 87.8285 2.73059
357 77.5183 4.34873 1.36679
358 84.1507 70.9849 1.54901
359 21.1128 66.4196 2.03494
360 74.9605 82.4025 0.987466
361 16.1999 56.5195 2.55733
362 16.4351 81.6652 1.833
363 32.7165 64.7717 2.24202
364 68.5846 12.5383 1.36477
365 33.249 77.9121 2.09926
366 33.6288 86.7021 2.73049
367 37.2195 91.4091 1.97473
368 13.9506 63.2135 1.98745
369 63.25 97.9717 1.26639
370 60.2066 5.50419 1.7483
371 76.331 75.4773 1.42693
372 88.7915 66.588 1.69392
373 34.1492 88.7362 1.82728
374 14.5593 90.5594 2.83885
375 36.4428 81.8344 2.01624
376 92.2739 69.6651 1.66918
377 53.9677 99.2691 1.22383
378 29.319 73.7318 1.72304
379 37.1122 94.5657 2.41464
380 35.6547 66.4357 2.51518
381 19.7591 45.8858 2.77343
382 23.0901 82.9474 2.38721
383 70.5837 100.15 0.746015
384 35.7625 82.4137 2.36391
385 70.6901 10.8101 1.30528
386 59.4047 19.5273 1.1203
387 20.4128 57.4162 1.77872
388 42.5144 71.5853 2.09616
389 19.2722 64.8961 1.89259
390 73.1086 71.2561 2.08454
391 80.7726 69.7936 1.82796
392 18.334 61.8149 2.45684
393 41.4811 78.047 2.43655
394 23.718 86.0118 2.17615
395 82.8189 71.8685 1.87842
396 78.948 81.6745 1.21332
397 21.861 90.1591 2.46612
398 60.8962 97.9212 1.65483
399 53.159 67.2231 1.73186
400 75.3009 65.1266 1.20096
401 62.4024 96.742 1.00865
402 28.4501 58.7397 2.09268
403 14.2142 73.304 2.61863
404 31.2812 69.0652 1.79948
405 48.9661 62.1357 2.03173
406 81.3625 54.2348 1.17362
407 27.211 84.856 2.39453
408 14.7122 68.7098 1.87778
409 42.7125 91.0482 1.67848
410 78.1495 67.594 1.59467
411 14.8683 85.7051 1.82979
412 40.7726 64.8464 2.57929
413 76.8503 67.3871 1.34269
414 40.4549 77.1994 2.09889
415 71.4306 2.1133 1.10573
416 36.6287 84.8447 2.1588
417 74.5416 64.9876 1.14733
418 82.151 75.2345 0.923901
419 68.6657 98.9564 0.789648
420 27.9198 71.8745 1.88574
421 78.0051 74.4188 1.48895
422 82.8193 68.5243 1.87694
423 36.4117 89.1146 1.81407
424 80.1867 79.2517 1.11587
425 27.9479 81.4478 2.49603
426 46.9265 98.2674 1.31089
427 11.9171 90.3422 2.78582
428 34.2302 72.7596 2.32354
429 40.5683 73.681 1.87328
430 46.7021 75.9259 1.90382
431 35.7975 80.7289 2.26257
432 76.6154 77.7154 1.32466
433 44.8457 95.9856 1.47345
434 27.3177 67.1914 1.7407
435 72.2191 11.0109 0.798549
436 51.2626 75.5215 1.80438
437 22.2917 61.6732 1.8622
438 31.0217 8.09279 -2.31648
439 37.0205 92.8203 1.96594
440 37.6981 61.8437 1.83425
441 78.948 54.8681 1.85805
442 26.5536 87.7054 2.07396
443 21.6278 54.534 2.43301
444 36.0913 78.7639 2.97359
445 15.7341 48.6739 2.73892
446 76.9645 10.8792 1.36636
447 80.2392 59.0465 1.31833
448 93.5745 69.3117 2.19757
449 39.3708 60.3705 2.69777
450 76.9187 71.4248 2.07193
451 27.697 60.9603 2.61742
452 13.8472 91.7988 2.5645
453 38.0345 65.9393 2.64044
454 9.6891 85.4389 2.18677
455 72.122 0.708632 1.47336
456 71.5883 63.7553 1.59972
457 83.3676 65.7803 1.44815
458 95.3283 65.6966 1.66743
459 76.0305 100.222 0.690209
460 22.4744 63.5774 2.46237
461 64.885 5.64071 1.07013
462 38.1709 78.9213 2.86694
463 87.5672 69.0819 1.12754
464 39.5851 80.1826 2.29139
465 78.7112 70.0962 1.63425
466 40.9673 74.0399 2.14276
467 37.615 91.1502 1.73375
468 18.1555 63.4718 1.9686
469 51.9521 71.2506 1.88079
470 52.6526 62.0449 1.84274
471 33.7046 74.2241 2.37561
472 39.0367 79.4604 2.35023
473 35.4298 84.5159 2.68786
474 25.6457 32.1021 1.7186
475 81.6151 57.2952 1.16957
476 78.674 5.13113 1.25564
477 33.9537 66.4586 2.4265
478 72.253 93.5916 1.21515
479 69.182 0.944274 1.3449
480 95.9051 61.4281 1.92511
481 37.9961 86.25 2.07334
482 26.2701 56.8019 2.5612
483 76.7623 71.8499 1.69874
484 16.537 67.1767 2.82478
485 13.6329 56.7701 2.65484
486 40.2206 66.1804 2.25172
487 41.5176 74.8462 1.95961
488 50.947 67.2392 2.25132
489 68.9073 98.5397 0.953884
490 74.3572 8.39631 1.26012
491 33.4045 66.3684 2.20877
492 39.2813 82.0034 1.97442
493 34.3734 73.8479 2.78704
494 32.0711 63.2597 2.3119
495 27.1813 72.8801 1.7161
496 22.9949 90.3935 2.57035
497 82.4148 75.7202 1.23159
498 43.4306 72.015 1.86068
499 77.7204 97.1699 1.43191
