500
Particles
0 99.3117 68.4865 1.75856
1 39.5141 73.489 3.02671
2 8.11168 3.80562 2.74494
3 62.1376 17.6122 1.85096
4 78.2508 79.1074 1.57948
5 2.70822 49.8978 -2.74075
6 21.3033 97.3463 2.08135
7 78.2612 25.2133 1.10136
8 48.0239 84.2378 1.71005
9 43.4229 85.8561 1.54466
10 23.8641 75.3835 2.41154
11 6.73437 99.2181 2.39096
12 10.0015 1.90425 2.09867
13 84.0212 70.8488 0.942108
14 83.3929 82.7014 1.00204
15 94.6058 73.5066 0.956822
16 39.2101 86.2025 1.86372
17 82.8319 96.5195 0.916167
18 77.5793 88.708 1.30049
19 60.1779 10.9831 2.76417
20 61.2556 18.584 1.79132
21 0.756511 84.1292 2.15173
22 26.4167 90.0738 2.63597
23 83.4551 75.1669 1.67018
24 69.6016 21.0712 2.02685
25 10.3436 78.0822 2.00341
26 1.34491 41.7754 -3.19635
27 93.5833 90.1593 1.42832
28 11.6351 86.1329 2.31906
29 21.6266 7.49951 1.69933
30 58.2826 28.7793 1.90168
31 20.5586 88.7582 2.76579
32 49.7208 16.2319 2.03709
33 68.9682 27.1596 1.59296
34 14.927 79.231 2.25237
35 77.1712 92.2791 1.37964
36 60.6197 36.157 1.5297
37 27.6114 5.81623 2.27615
38 9.19461 81.1781 2.28648
39 82.4829 75.7527 1.38149
40 16.7187 77.0707 2.59818
41 80.295 76.2197 1.10055
42 34.688 88.3436 1.96676
43 65.721 18.0665 1.69978
44 40.3084 76.8164 2.84088
45 31.6921 82.838 2.18256
46 16.744 82.8045 2.22713
47 85.0259 15.7361 1.35871
48 22.4374 81.5163 2.962
49 6.21988 67.2601 2.79862
50 87.8279 92.3196 1.44331
51 28.63 91.0716 2.27515
52 69.5698 20.1194 2.05038
53 60.9539 35.6761 0.722562
54 82.8607 79.9626 1.71523
55 72.7142 13.8958 1.86969
56 87.4088 81.558 1.53079
57 21.7572 68.1815 1.95854
58 85.7502 85.0513 1.00784
59 10.4634 79.2344 2.85222
60 87.2466 89.8863 0.806556
61 22.8674 77.6289 2.62436
62 42.7614 81.558 1.74822
63 40.3847 68.3354 1.95412
64 11.1676 95.2542 3.45306
65 80.8586 17.1895 0.995328
66 83.3493 93.4549 0.714658
67 83.9891 93.1335 1.1425
68 79.8965 14.4218 1.23162
69 27.175 70.9227 2.53446
70 22.3209 1.97458 1.88993
71 17.3255 81.8485 2.35028
72 84.6759 89.8393 1.58938
73 27.4425 3.71001 2.19665
74 19.6604 70.7006 2.24952
75 79.5455 22.855 1.20812
76 23.547 71.9498 2.029
77 26.7664 2.1188 1.95797
78 1.65902 36.5209 2.81946
79 86.8509 87.4055 1.3864
80 20.4283 76.3583 2.94826
81 81.4003 91.8369 1.60297
82 64.906 -0.448865 -1.50912
83 74.379 84.9318 1.20265
84 74.2263 10.9358 1.49538
85 20.8789 78.765 2.593
86 21.2662 76.5488 2.86913
87 28.9291 100.454 1.78672
88 74.8562 12.7784 0.956078
89 17.021 70.0833 2.83558
90 70.0936 21.2513 2.01643
91 19.9047 89.3661 2.38774
92 27.1237 98.3315 1.97025
93 77.7439 79.264 1.90304
94 21.4768 78.6771 2.03173
95 61.0981 11.8427 2.145
96 2.89482 88.7627 1.86996
97 25.1745 4.52083 2.50647
98 16.7428 71.0777 2.69521
99 26.0668 97.3211 2.48355
100 70.0563 20.8045 1.38552
101 82.3997 89.1409 1.48295
102 25.1636 77.262 2.91821
103 13.1285 74.5492 2.90301
104 24.4364 85.3867 2.39758
105 69.8606 22.265 1.79669
106 84.2221 79.6643 1.01669
107 3.82931 78.1709 2.90392
108 22.762 86.9977 2.54637
109 93.1472 87.1361 1.04633
110 82.3162 23.895 0.951538
111 29.6235 6.18101 1.86421
112 61.0122 16.5055 2.18966
113 22.7602 96.2482 1.78909
114 99.6041 91.3263 1.74767
115 12.8609 3.48404 2.22857
116 20.026 66.5432 2.43755
117 16.7942 86.0393 2.14034
118 54.2578 19.1416 1.95447
119 79.9736 82.2972 1.25711
120 6.54148 72.4174 2.40314
121 59.5942 80.546 2.91295
122 22.2769 82.2393 2.1481
123 72.9194 79.776 1.46128
124 4.22318 2.7974 3.42365
125 82.1708 11.5662 1.11181
126 34.86 93.0706 2.62685
127 80.1401 73.3873 1.36043
128 71.9493 20.9694 1.25162
129 94.8547 91.6607 2.53891
130 10.0259 83.8031 2.91154
131 22.9917 75.4622 2.40714
132 83.639 12.8299 1.08993
133 83.422 15.2979 0.739933
134 5.44715 65.2646 2.55737
135 27.2075 3.18924 2.04522
136 16.8405 67.2822 3.11135
137 11.9596 95.8469 2.72034
138 23.9282 79.0134 2.83692
139 11.4289 74.5812 2.50962
140 25.8649 76.4008 2.55017
141 77.5176 13.7597 1.27863
142 77.7118 82.4372 1.20429
143 43.4697 90.6627 2.03722
144 8.77615 95.1732 3.25847
145 96.06 94.8559 1.73559
146 5.63644 78.0736 2.17085
147 66.7608 27.1942 1.70644
148 28.4424 3.31188 2.36
149 81.0021 91.9205 0.930204
150 27.3668 79.3108 2.95161
151 53.5843 14.7377 1.97704
152 19.6994 69.9029 2.54448
153 24.1129 86.3061 1.89208
154 39.5443 87.6431 2.14753
155 84.168 17.1854 1.61797
156 51.2092 84.2196 1.885
157 42.3356 98.4981 1.69973
158 0.424366 43.9723 -2.61618
159 45.7186 94.6256 1.97386
160 64.5338 28.9288 1.115
161 44.647 94.5125 2.41707
162 80.11 92.8923 1.26528
163 74.0317 10.6697 1.95497
164 81.1181 19.1146 0.937846
165 75.4534 90.0415 0.972795
166 73.0845 12.0499 1.78578
167 30.5762 6.1945 2.7076
168 86.7097 88.738 1.00433
169 80.3466 17.5082 1.27078
170 55.0043 57.1265 -2.62282
171 18.7336 96.1373 2.0892
172 0.707599 72.7094 2.68447
173 26.4418 75.5273 2.40396
174 99.0173 42.0884 -2.87278
175 83.2565 9.68851 1.10683
176 15.9946 8.93635 2.15731
177 13.0514 72.8745 2.84115
178 69.6584 20.0724 1.79093
179 13.2692 87.591 2.56016
180 21.0548 97.371 1.82998
181 46.4945 88.6693 1.6482
182 90.6601 82.5355 1.58894
183 0.715568 68.7386 2.75282
184 27.1296 97.9374 2.43285
185 80.533 17.508 1.44857
186 25.9448 84.5918 2.02257
187 57.0714 16.5259 2.49751
188 73.6622 73.6298 0.582323
189 3.82483 0.378437 2.65849
190 1.40209 44.039 -2.5224
191 14.78 1.19821 1.77271
192 15.4248 66.0748 2.57767
193 28.3515 93.7525 2.6651
194 18.5578 74.9941 2.18427
195 12.6632 93.7642 3.14071
196 9.87067 71.3746 2.86192
197 20.7853 74.4662 2.68025
198 24.6485 97.1994 2.38906
199 3.47996 52.2078 -2.69395
200 26.8136 0.847669 2.25985
201 23.5682 5.5535 2.1607
202 67.52 21.3751 1.29211
203 47.3796 96.4073 1.70129
204 0.194113 41.3784 -3.16783
205 30.5355 5.04677 2.26203
206 17.1946 75.4602 2.74605
207 11.1564 81.0215 2.81914
208 70.5998 8.78375 1.35188
209 54.6911 18.2529 2.05145
210 85.0464 90.6327 1.48422
211 23.1202 82.33 2.14912
212 83.8711 14.328 0.788156
213 54.443 12.8759 1.80313
214 69.6882 71.9782 0.373424
215 5.48155 81.8023 2.14927
216 34.5534 88.6403 1.70565
217 11.3564 90.6104 2.83407
218 92.5308 2.66777 1.13286
219 84.8226 97.434 1.11824
220 27.7096 4.99973 1.73751
221 30.3537 93.4401 2.21284
222 26.0518 4.76738 2.36658
223 74.6441 23.5483 1.66528
224 58.4453 18.1824 1.69935
225 13.867 4.72074 2.66124
226 40.8782 85.2464 1.61999
227 26.4325 86.4196 1.89804
228 22.556 76.2715 2.94696
229 23.3958 76.2886 2.16555
230 83.4363 72.5285 1.24053
231 89.9464 88.4188 0.940719
232 26.3691 94.6707 2.68653
233 18.3338 81.964 1.94952
234 9.78197 73.0641 2.91134
235 85.2588 79.4273 1.37322
236 38.7812 83.3244 1.58056
237 7.46155 2.00628 2.67587
238 87.9374 81.1559 1.32536
239 76.5953 82.0616 1.71671
240 5.16989 95.1 2.79432
241 49.2892 83.2257 1.73129
242 31.7121 91.5857 2.68603
243 25.0796 99.2809 2.08358
244 44.4698 94.9979 1.95612
245 28.4888 90.5732 2.11383
246 23.2392 78.3459 2.19643
247 88.3777 36.6031 -0.636969
248 80.4577 82.2148 1.30864
249 17.9696 69.0953 2.38371
250 92.3136 89.9643 1.96201
251 -0.283397 98.5068 3.04637
252 76.909 23.9934 1.37816
253 57.7225 19.384 2.42348
254 21.8851 73.8931 2.45855
255 80.7438 91.6479 1.34365
256 32.4879 90.3861 2.34233
257 22.3353 77.581 2.41626
258 50.004 87.9615 1.5612
259 88.9357 80.8655 1.77921
260 3.0578 46.7943 -2.22876
261 81.2579 83.7062 1.23912
262 32.6756 84.7552 1.67024
263 23.4478 92.3234 2.55232
264 65.2474 27.9137 1.85261
265 19.8195 73.4843 2.96832
266 12.7235 70.664 2.72235
267 7.11658 95.4658 2.9597
268 10.1593 76.0832 2.71566
269 92.178 91.1369 1.73834
270 88.5033 84.8754 1.09033
271 90.5455 83.7182 1.42366
272 50.4232 12.1985 1.58029
273 12.0335 75.8005 2.60685
274 20.1717 86.277 2.17014
275 21.7486 75.0101 2.89736
276 11.5927 67.5783 2.8612
277 24.0988 95.9518 2.21798
278 35.8647 68.7239 2.40864
279 31.7769 92.4221 2.32636
280 89.9082 85.2176 1.45697
281 24.6825 82.3633 2.74208
282 82.6054 81.6122 0.907292
283 33.8738 5.74488 2.35353
284 28.3551 69.8861 2.10054
285 22.6884 0.776615 1.71663
286 76.499 74.8076 1.57353
287 21.2455 78.7216 2.82327
288 64.5199 12.6964 1.8958
289 30.7875 73.2156 2.23615
290 19.3464 82.9237 2.84061
291 49.3766 79.4892 1.76199
292 82.0208 15.7356 1.08771
293 17.685 84.8387 2.63785
294 89.6854 81.0283 1.38099
295 0.16712 84.3827 1.46974
296 29.2722 99.1206 1.82859
297 35.82 85.4353 2.39402
298 53.9197 82.2751 2.36051
299 24.5828 5.69218 2.3504
300 17.3132 76.6353 2.03868
301 83.9765 91.8854 1.02958
302 6.39042 72.5144 2.52739
303 23.1927 79.8681 2.56567
304 40.4824 70.3288 2.68193
305 4.02535 99.8474 3.41282
306 63.5628 24.0888 1.74347
307 5.61872 99.7968 2.64212
308 80.9864 86.0791 1.13537
309 19.0161 86.8341 2.74337
310 67.0308 25.2851 2.13638
311 89.1107 76.8682 1.5276
312 26.2615 89.7528 2.68384
313 56.6331 13.8238 2.32168
314 84.7037 95.8318 1.13302
315 24.0733 83.6384 2.49503
316 26.1985 98.0264 2.37671
317 88.8009 86.5159 1.15097
318 12.7828 4.07125 2.4415
319 24.5933 5.57884 2.42827
320 25.8057 4.35577 2.51033
321 83.2064 94.6938 0.76073
322 28.746 2.44589 2.33742
323 85.1202 86.9456 0.750662
324 36.966 7.40546 2.05959
325 34.7961 88.7048 2.44171
326 21.3632 74.1131 2.48601
327 18.9337 80.3111 2.62731
328 32.7791 1.55037 2.10606
329 63.8099 13.8378 1.75137
330 56.537 12.4156 2.77145
331 74.3951 27.2718 1.54406
332 58.7648 13.8444 2.33247
333 26.7573 98.6261 2.46532
334 81.8939 77.834 1.04597
335 16.1959 2.21604 1.8194
336 29.7352 4.63905 2.66153
337 79.7585 80.1763 1.78883
338 32.197 87.3063 1.7956
339 22.1437 78.9948 2.18845
340 97.4231 69.754 1.60103
341 76.8849 85.3017 1.49635
342 83.0038 87.9912 1.34658
343 34.9979 91.8918 2.68038
344 25.6494 80.334 2.75017
345 73.7486 17.4364 2.04482
346 79.875 76.0729 1.68492
347 3.06572 47.8688 -2.94584
348 73.1349 74.7887 0.753453
349 -0.354707 38.12 -3.31664
350 27.7969 88.8922 2.31095
351 46.5663 84.3232 2.07674
352 40.6592 75.2174 3.08949
353 73.2992 22.6227 1.85814
354 14.4646 68.1491 2.73976
355 23.9922 72.2148 2.09247
356 29.4876 1.05996 2.25602
357 84.3394 18.5692 0.828048
358 89.2708 85.8775 1.1836
359 11.2962 78.5691 2.40532
360 80.5281 97.3261 1.55384
361 3.96685 66.7136 2.31644
362 4.84502 89.6851 2.20507
363 21.8141 76.322 2.05597
364 70.1617 27.9923 1.82446
365 23.6378 90.6088 2.40691
366 23.8553 99.2622 2.33376
367 28.1125 4.1871 2.07836
368 3.42377 74.6026 2.24048
369 59.5491 12.754 2.16016
370 58.549 21.065 2.02317
371 80.2807 90.6966 0.80147
372 92.8887 81.7609 1.17249
373 25.1022 1.8037 2.68994
374 0.68554 98.1968 2.48537
375 27.4433 94.6936 2.64862
376 95.1126 85.0773 1.73849
377 52.0433 14.3421 2.52842
378 18.0989 84.7078 2.17444
379 27.9143 7.0887 1.90429
380 23.9243 76.8157 2.80991
381 4.5919 42.2938 -2.45646
382 10.3131 91.4837 2.96897
383 75.6956 15.1814 1.44535
384 25.8855 94.8311 1.86689
385 74.9467 25.7734 1.6064
386 62.0551 34.2183 0.718729
387 8.24242 67.0665 2.85523
388 34.9239 85.4741 1.89104
389 8.50465 76.4611 2.81547
390 74.9828 86.8972 1.31661
391 83.9138 85.2351 1.26106
392 8.32296 73.8045 2.07226
393 34.7033 92.1352 2.46216
394 11.2533 94.2209 3.009
395 88.6045 86.4914 0.96918
396 85.688 96.0706 1.63227
397 8.48904 97.7323 2.78499
398 56.8472 12.0627 2.08941
399 49.3766 82.0302 2.09289
400 77.4673 80.9671 1.60267
401 59.6739 10.9701 2.66405
402 17.1595 70.0099 2.73702
403 4.45619 85.1768 2.16144
404 19.8791 80.0606 2.70057
405 39.9015 74.2883 2.11947
406 82.1252 69.9128 1.21355
407 18.4544 98.0201 2.45739
408 4.08611 80.2755 1.98121
409 33.683 4.0455 1.97028
410 80.0231 83.1544 1.45625
411 2.69447 95.1548 2.67292
412 28.64 75.0223 2.37035
413 78.1519 83.204 1.12793
414 32.8114 90.9914 2.37178
415 77.1922 16.7315 1.37152
416 27.187 97.6115 2.37684
417 76.1276 80.6443 1.23962
418 86.7584 90.4071 1.00881
419 73.3501 13.8682 1.11016
420 17.5591 83.5515 1.9174
421 82.9055 89.5794 1.00503
422 87.3431 83.6841 1.02902
423 27.2378 2.02758 2.65149
424 85.3353 94.2256 0.798669
425 18.1041 93.6001 2.68124
426 36.6362 3.7429 2.30689
427 97.4735 96.2042 2.07265
428 22.7265 83.5515 1.98369
429 31.6 86.559 1.79382
430 40.757 90.5767 2.06783
431 27.1802 93.8725 2.11066
432 81.5241 92.7768 1.34558
433 34.9029 4.09998 2.13661
434 16.4845 78.7121 2.81357
435 74.9152 26.1733 1.71069
436 46.1246 90.1125 2.32474
437 11.3135 73.1866 2.37754
438 17.9574 7.34823 1.59497
439 28.6175 6.26874 2.02976
440 25.7464 72.3284 2.52118
441 80.7038 70.4432 1.8255
442 17.526 0.64896 2.21583
443 8.46444 63.1935 2.80067
444 27.2718 92.0345 1.84663
445 0.381396 46.7438 -3.00395
446 81.1037 26.1205 1.65702
447 83.6502 74.3727 1.45104
448 94.6989 85.0177 1.50951
449 28.273 71.8051 2.14902
450 80.7547 86.6652 1.17488
451 16.5422 72.0816 2.67243
452 99.274 98.4162 2.4966
453 25.7018 75.6736 2.79694
454 96.5598 93.0719 1.76248
455 76.4925 15.9233 1.55306
456 74.0796 79.1184 1.83838
457 86.1303 81.2788 1.41719
458 97.9363 80.7251 1.166
459 82.2998 14.9448 0.923609
460 12.4183 75.5874 2.81312
461 66.2049 21.3339 1.93752
462 30.1804 92.2761 2.70093
463 91.7668 84.1482 0.970568
464 32.1638 94.1043 1.84666
465 82.2685 85.4125 0.861131
466 32.7134 87.621 2.06388
467 29.347 4.40196 2.75959
468 7.89262 75.373 2.21554
469 48.3099 86.5576 2.01276
470 42.9443 74.2169 2.88833
471 22.2119 85.0251 2.32264
472 30.61 92.8394 2.2376
473 26.233 97.2673 2.53461
474 17.5166 42.8541 3.08106
475 83.9691 72.9626 1.64134
476 85.3696 19.3677 1.44384
477 22.6165 77.2613 2.06714
478 76.8434 8.17693 1.70332
479 72.0998 16.3365 1.31932
480 92.7476 76.3536 1.08622
481 30.8403 0.509628 1.99958
482 14.9484 67.7647 2.51065
483 78.5878 87.6248 1.65834
484 5.99327 79.1653 2.08098
485 1.98943 66.9296 1.83046
486 27.4027 75.7356 2.75434
487 33.1979 88.2541 2.17882
488 47.2183 82.7439 1.62481
489 72.4383 13.9033 0.961055
490 79.6483 23.4676 1.61828
491 21.8541 77.0453 2.17659
492 30.3349 95.1122 2.67319
493 24.6745 85.9656 2.06106
494 19.67 72.7308 2.71837
495 16.5557 84.2529 2.45312
496 9.66735 98.1106 3.08487
497 88.3588 90.3381 0.835919
498 35.1567 85.566 2.40727
499 86.688 9.58749 1.24009
