500
Particles
0 49.0377 36.7336 -1.63693
1 16.0957 22.6486 0.1135
2 11.8141 30.065 1.05679
3 72.3281 34.0016 -1.79288
4 16.1895 8.36078 0.259613
5 25.4444 36.8975 1.05418
6 24.2212 20.5911 0.5467
7 78.4347 1.76647 -0.588019
8 64.6393 31.6459 -1.62061
9 67.9127 37.8688 -2.19403
10 67.466 22.0073 -2.19619
11 74.6497 91.8895 -0.211628
12 76.3333 37.7849 -2.43441
13 42.922 1.00033 -1.8772
14 18.8336 10.4568 0.859308
15 80.2641 46.4576 2.85687
16 73.7345 41.5685 -2.45819
17 46.0601 18.5933 -2.34606
18 18.8737 20.3886 0.817556
19 6.18677 0.131387 -0.0759754
20 71.2316 33.0967 -1.39977
21 25.3169 19.2979 0.629688
22 55.3422 23.2619 -2.31473
23 48.0618 20.5655 -2.70952
24 14.2275 54.0613 -1.80373
25 23.5615 41.2912 1.12023
26 28.2049 36.5454 1.67142
27 80.2442 87.8611 -0.177035
28 47.1678 39.0002 -2.21863
29 49.1871 19.8281 -3.08052
30 16.6568 32.8758 0.325036
31 1.27453 92.3162 1.50887
32 68.1456 28.586 -1.53653
33 13.0115 28.7698 0.815868
34 56.8865 26.9587 -2.64639
35 40.7806 38.3243 -1.8202
36 74.022 93.5109 -1.07135
37 24.2878 26.2471 0.327859
38 95.7657 42.4282 0.960883
39 14.2788 9.6775 0.472484
40 59.7568 20.7512 -2.03265
41 43.433 1.39326 -2.38903
42 61.1615 37.9865 -2.37625
43 90.486 61.3035 2.14593
44 16.4334 27.9507 0.6561
45 69.2149 41.9211 -2.19363
46 52.5115 40.1307 -1.6924
47 44.4559 14.6609 -3.32694
48 60.0127 30.3508 -2.01143
49 25.7878 36.1867 1.14024
50 69.7489 34.2832 -2.23537
51 55.2535 43.1812 -1.93686
52 12.946 51.9379 -0.952413
53 74.8863 91.1175 -0.862928
54 49.5077 22.3032 -2.91815
55 38.8543 95.9784 -2.09196
56 51.1102 27.8796 -2.57866
57 37.5347 56.5795 -0.562821
58 47.0158 24.2368 -2.98228
59 25.1822 39.4074 1.01386
60 21.2278 28.2661 0.114567
61 60.8057 33.9001 -1.79363
62 42.7669 42.2223 -2.30938
63 15.0038 18.9269 0.231619
64 19.8301 26.2334 0.636308
65 33.1082 8.80784 -2.79083
66 23.1302 31.4811 0.211429
67 36.3229 31.3679 2.76867
68 33.5438 2.25548 -1.93288
69 46.1853 46.7427 -1.60699
70 24.3911 23.4732 0.0432985
71 31.7942 42.0509 1.71918
72 18.7748 28.905 0.673042
73 42.3041 26.4874 -2.82306
74 32.2677 35.4272 1.11181
75 55.7245 87.4427 -1.42431
76 43.2349 46.9142 -1.78017
77 21.1872 23.5053 0.482996
78 16.8477 32.4258 0.655253
79 22.264 17.1836 0.702795
80 41.8926 48.374 -2.68884
81 21.3758 31.3949 0.217713
82 29.742 96.3237 2.69652
83 21.981 14.7465 0.904612
84 28.3653 49.88 2.12297
85 37.2267 40.7468 -2.62342
86 35.8005 58.7209 -1.41354
87 33.2586 98.3257 -2.25437
88 9.89124 88.359 -1.91195
89 29.4854 36.6572 1.0526
90 55.6282 84.2854 -1.20363
91 1.05132 91.154 1.08084
92 35.0304 95.524 -2.48827
93 47.6447 23.3991 -2.48601
94 62.2755 26.8382 -2.54195
95 45.5438 40.343 -1.39314
96 20.1992 24.3204 0.67581
97 24.8971 27.4384 0.106217
98 30.6389 36.6873 1.45449
99 71.2365 26.8341 -2.0514
100 14.5846 51.2382 -1.06801
101 17.6289 21.6875 0.15372
102 64.915 33.1653 -2.05573
103 33.7196 40.9108 1.78995
104 56.698 36.6171 -2.07318
105 55.9634 83.306 -1.91095
106 50.443 29.1322 -2.22221
107 46.1097 32.7763 -2.80815
108 58.813 41.3982 -2.30229
109 51.2746 32.3535 -2.36499
110 77.139 31.7126 -1.87008
111 24.9223 25.638 -0.010649
112 68.837 32.9955 -1.88461
113 41.6195 22.5942 -3.1209
114 83.2743 54.1588 2.64411
115 37.7107 29.7219 -3.43148
116 20.7765 33.7006 0.707686
117 27.9036 43.9299 1.40466
118 73.2811 37.2712 -2.36669
119 47.5405 23.0716 -2.4924
120 28.7987 41.6604 1.26297
121 67.9035 30.132 -2.16462
122 61.2154 28.1175 -2.53515
123 16.3245 20.608 0.86401
124 38.1712 2.47793 -2.27006
125 35.025 6.61644 -2.14432
126 89.1616 89.0441 1.41136
127 37.4125 2.42449 -2.2475
128 14.4026 54.6812 -1.40147
129 50.9086 37.2096 -2.23376
130 48.5667 44.9794 -1.54172
131 67.9945 20.4216 -1.76775
132 65.1939 83.7155 -0.834298
133 62.6938 86.2133 -0.567082
134 27.0928 35.5824 1.49719
135 26.6821 24.1664 0.141669
136 33.5094 33.8891 1.70313
137 26.3999 24.0286 1.00722
138 62.3805 28.6653 -2.08636
139 37.8483 47.0651 -2.65752
140 64.3505 35.002 -2.18674
141 33.447 8.8089 -2.05957
142 23.1028 13.234 0.719353
143 70.6111 41.682 -1.6149
144 24.7454 26.9501 0.140596
145 45.135 28.0606 -2.32908
146 50.5871 42.5297 -2.15569
147 9.98375 28.2602 0.467876
148 48.1846 43.0214 -1.56968
149 23.6107 30.8511 0.214504
150 60.3532 36.9636 -1.78923
151 43.5296 41.2352 -2.29744
152 33.8165 36.463 2.17859
153 57.5194 37.6246 -2.39556
154 71.602 42.3565 -2.39443
155 64.7097 87.8722 -0.904963
156 67.7192 33.1539 -1.90547
157 62.9265 44.6543 -2.15412
158 28.8382 37.7574 0.939483
159 76.7064 45.5058 -2.95955
160 15.8045 31.8618 0.937224
161 96.2661 90.1374 0.681413
162 69.7921 36.2654 -1.58753
163 35.5341 0.748854 -1.74508
164 32.9606 78.0378 -0.298222
165 40.5216 36.6709 -2.14739
166 31.4465 5.12792 -2.68891
167 29.0771 25.8316 0.0658163
168 18.4013 20.8991 0.241171
169 12.1354 46.8484 -1.21788
170 10.6969 26.174 0.75599
171 23.1813 20.7999 0.0511701
172 43.5971 28.0015 -2.9456
173 65.9038 35.3258 -1.83682
174 23.9665 36.0897 0.53356
175 95.3425 94.15 0.941264
176 78.6168 48.4089 2.43611
177 34.6285 42.8783 -2.70297
178 11.2077 48.2242 -1.67602
179 47.1129 38.8854 -1.30678
180 41.0128 22.786 -2.53341
181 69.2658 37.8217 -2.36129
182 49.8071 28.5849 -3.1283
183 79.5553 26.0827 2.80989
184 23.3205 44.2079 0.97247
185 61.1212 89.9679 -0.728627
186 61.5679 27.2466 -2.68017
187 68.8568 33.0686 -2.23525
188 15.9361 15.3114 0.2471
189 18.4533 32.7468 1.16447
190 19.6718 36.2985 0.394175
191 24.6689 28.693 0.539173
192 38.3205 40.3074 -2.15928
193 57.2828 32.3796 -2.51457
194 32.4275 36.3097 1.97112
195 21.8071 21.8438 0.599457
196 27.6598 36.4943 1.39315
197 36.4159 59.1688 -0.554423
198 32.2235 92.9715 2.22542
199 28.7472 36.5596 0.849941
200 26.9917 21.4457 0.410906
201 11.3831 7.954 -0.237373
202 11.6137 53.1128 -1.65604
203 62.9457 51.4703 -1.99697
204 24.2442 35.5348 0.938589
205 44.4208 28.4304 -2.86016
206 34.541 55.1532 -1.08554
207 26.8364 41.6909 1.24761
208 23.9944 44.2993 0.948748
209 73.4629 34.8443 -2.4521
210 20.7212 23.7899 0.115835
211 60.2912 23.414 -1.83716
212 65.1939 85.9239 -0.70385
213 47.2561 46.9176 -2.32139
214 18.8028 16.2355 0.510901
215 43.3786 25.5345 -2.9319
216 68.3862 45.1045 -1.9705
217 25.0008 19.5456 0.479169
218 61.7053 47.246 -1.56307
219 49.1529 18.022 -2.5954
220 33.7834 22.4814 1.34824
221 61.0407 45.2222 -1.47451
222 22.4644 26.0314 0.935581
223 57.0591 89.22 -1.71596
224 72.793 31.4982 -2.29993
225 76.4192 92.5699 -0.288729
226 65.3147 39.0182 -1.64919
227 61.6672 31.5142 -1.90665
228 37.4631 60.4989 -0.797983
229 62.054 40.6306 -2.02392
230 42.5006 -0.227133 -2.43883
231 20.1804 26.5517 0.924825
232 99.6076 90.4379 1.38047
233 30.9145 42.0743 1.39632
234 27.279 37.8724 1.6429
235 51.0053 27.4634 -2.7129
236 64.4265 34.4284 -1.95129
237 19.6364 31.6448 0.611353
238 50.2857 23.3354 -2.67229
239 17.5414 12.2128 1.00287
240 75.3524 37.8221 -2.35781
241 20.0834 29.9595 0.12974
242 58.3274 43.0788 -1.70391
243 25.2388 22.9104 0.264716
244 91.8027 87.1421 0.906944
245 59.5447 42.6054 -1.35424
246 65.3931 25.0321 -1.90353
247 38.8851 4.1917 -2.05401
248 19.1434 14.2183 0.58983
249 22.3989 33.6412 0.96065
250 76.1482 85.7464 0.356538
251 14.7328 32.4964 0.901227
252 78.8059 1.58954 -0.437705
253 58.7256 95.9944 -0.264302
254 66.8677 21.2156 -2.40815
255 22.6161 32.2534 0.23251
256 60.1976 41.4788 -1.35575
257 64.6814 26.4877 -2.1153
258 68.162 34.1875 -2.06536
259 51.8233 28.6466 -2.43219
260 27.6504 35.5 0.671804
261 41.801 17.9768 -2.76446
262 68.3032 38.9875 -2.38505
263 32.7403 48.7468 -2.85346
264 13.9544 29.1074 1.01683
265 35.1121 38.7772 1.89565
266 38.0729 42.4484 -2.1851
267 18.4865 26.5604 0.886833
268 51.7597 16.2396 -2.86216
269 75.0792 88.0264 -0.641249
270 46.9965 25.2703 -3.16395
271 51.2174 29.7561 -2.69178
272 39.565 59.3746 -1.33157
273 26.691 38.5025 1.3681
274 34.1088 46.0261 -2.64803
275 60.0631 36.0618 -2.42722
276 30.4542 35.5231 1.62934
277 41.7754 27.0859 -2.68449
278 13.2586 23.6428 0.544187
279 60.3869 44.9502 -2.22743
280 23.7522 11.3518 0.321581
281 63.6957 29.7347 -2.30374
282 48.2223 23.3852 -2.60268
283 27.8474 30.796 0.558653
284 20.4022 31.5215 0.217319
285 23.247 24.1359 0.59475
286 38.5406 3.11933 -1.74455
287 62.2201 25.5109 -1.75163
288 72.8895 30.8838 -1.79437
289 16.0513 28.134 0.75994
290 55.7128 33.7834 -1.68833
291 16.8533 24.4303 0.640507
292 91.8187 62.7207 1.86713
293 32.4225 45.3418 3.00543
294 50.348 22.3645 -3.07904
295 79.901 4.61143 -0.638697
296 24.3155 44.2959 1.58833
297 68.1934 37.2225 -2.31102
298 17.5346 25.8428 0.104203
299 27.9088 26.1335 0.726721
300 34.5078 41.23 2.10058
301 22.7302 29.6218 0.11647
302 99.2461 42.0746 1.02753
303 61.8539 29.7057 -2.43489
304 15.5152 20.4103 0.577499
305 19.5121 33.7851 0.842011
306 74.9175 95.2891 -0.167386
307 16.5313 30.5918 0.668312
308 43.4933 20.5145 -3.02188
309 36.2639 45.8904 -2.7074
310 77.6316 90.3405 -0.492127
311 45.6791 -0.0611492 -1.64982
312 56.9487 44.1916 -2.06105
313 42.6728 40.84 -1.6624
314 73.8337 46.7837 -2.65997
315 59.8938 33.431 -1.69213
316 25.7098 23.5885 0.603802
317 23.5797 16.3064 0.999421
318 75.2841 38.3922 -2.26164
319 23.0442 27.6254 0.811861
320 23.3058 26.4566 0.366152
321 48.296 17.8415 -2.74592
322 24.1355 24.5559 0.192825
323 21.4229 17.063 0.19645
324 18.5115 31.7062 0.611929
325 63.2446 40.4678 -2.08128
326 65.2467 23.2554 -2.42117
327 38.3478 45.12 -2.1723
328 22.3482 46.2347 1.68627
329 70.5742 29.6258 -1.60939
330 45.9161 42.4164 -2.26875
331 65.1073 85.1651 -0.859923
332 69.3291 29.3507 -1.86372
333 28.9778 93.4645 2.15191
334 14.6918 9.67989 0.27111
335 24.2074 28.1953 0.448613
336 30.8059 22.6308 0.341248
337 17.7468 10.883 0.302446
338 62.6457 38.787 -1.63971
339 64.18 23.4396 -1.7543
340 19.4528 22.0363 0.440668
341 16.7002 15.2328 0.164382
342 18.6115 21.6707 0.227468
343 64.9211 44.2217 -1.97756
344 63.3372 31.0612 -1.73807
345 91.6742 59.7275 1.88972
346 42.8374 2.72865 -2.26481
347 30.3955 36.4662 1.50177
348 18.3968 14.7398 0.377626
349 18.169 34.4632 0.378894
350 59.5714 40.6781 -2.2615
351 66.8231 34.3733 -1.988
352 13.9676 25.8078 0.0393229
353 56.5319 86.5736 -1.36362
354 32.6225 37.8488 1.88793
355 67.108 24.5035 -2.48746
356 71.3981 27.668 -1.67043
357 70.1562 86.9801 -1.04974
358 44.4992 21.9166 -2.42108
359 27.4308 42.747 1.03595
360 72.3233 46.3025 -1.85088
361 23.2877 36.9829 0.821458
362 22.0866 22.8962 0.486061
363 38.938 55.1671 -0.78907
364 13.7419 28.97 0.580965
365 53.0262 39.6251 -2.17485
366 27.4796 21.919 0.604479
367 46.7907 32.6342 -2.94452
368 49.0876 41.5498 -1.46877
369 92.5986 58.017 1.5083
370 77.9799 39.7424 -2.11249
371 24.0453 31.5318 0.315949
372 51.1289 22.7473 -2.24664
373 40.2099 24.2396 -2.79822
374 15.4591 31.1628 0.475046
375 52.1198 38.574 -1.86234
376 50.9203 31.3012 -2.3097
377 35.2082 27.9578 2.85025
378 55.8912 41.811 -1.53414
379 34.0636 24.6756 1.10703
380 63.2995 37.699 -2.02692
381 32.3208 35.3658 1.28364
382 22.3261 20.6446 0.892951
383 14.7865 49.1141 -1.61476
384 28.0067 46.0837 2.06529
385 79.5467 90.8825 -0.701245
386 72.9764 94.6993 -0.347393
387 34.9676 40.6157 2.85461
388 66.8503 39.5523 -1.96795
389 26.3046 38.7352 1.37916
390 16.5479 25.1585 0.274706
391 45.8217 21.9608 -2.40079
392 91.7845 46.3683 1.43809
393 62.1378 42.774 -1.80335
394 24.3332 22.5088 0.522995
395 42.4226 20.8036 -3.21202
396 47.5178 17.7606 -2.62101
397 26.8878 31.3389 0.692441
398 70.7292 22.0227 -1.97106
399 36.0402 30.2319 2.56599
400 20.651 9.98671 0.274985
401 34.1294 1.72271 -2.03433
402 40.8847 52.8879 -2.09054
403 21.5733 19.628 0.0831466
404 34.3661 55.1689 -0.775128
405 13.6613 23.4449 0.452905
406 40.193 0.456638 -2.52918
407 23.7368 21.8015 0.303091
408 38.6101 21.7221 3.21478
409 29.8054 23.5113 0.597617
410 18.7011 10.9588 0.228383
411 84.0654 53.0892 1.9295
412 42.9794 50.9606 -1.82501
413 43.8483 18.0414 -3.14288
414 60.8713 40.0218 -1.41416
415 90.9654 62.5839 2.02283
416 22.5164 42.2813 1.59931
417 22.7534 13.0846 0.394538
418 21.2194 25.5039 0.861432
419 12.6103 4.04763 -0.128677
420 28.98 42.0909 1.56429
421 16.9939 22.0718 0.0892068
422 48.5704 26.6547 -2.58423
423 34.6394 20.1242 1.72334
424 78.2399 47.9679 3.36992
425 24.5504 20.0954 0.200193
426 38.9783 27.9049 -2.74064
427 14.6573 32.1302 1.10847
428 56.9501 40.1421 -1.55891
429 63.3647 39.4708 -2.20948
430 93.81 89.2419 1.06091
431 55.3943 39.4796 -1.70973
432 66.765 32.8638 -2.29601
433 40.029 30.5995 -3.31987
434 59.6848 23.7884 -2.01989
435 10.5439 27.2749 0.813545
436 69.9485 38.9452 -1.60788
437 30.7073 40.7541 1.18335
438 12.8088 7.8357 0.699457
439 41.9049 28.8494 -2.63344
440 33.5962 32.4527 1.61126
441 31.6908 81.2056 0.271118
442 21.9608 24.7094 0.439078
443 31.5972 38.8718 1.53049
444 58.846 40.6938 -2.2605
445 19.4974 35.6675 1.2904
446 42.8183 98.3434 -2.93248
447 42.0087 3.74535 -2.16414
448 82.2328 49.4108 2.9166
449 21.4527 31.7316 0.717193
450 20.7119 16.1711 0.141313
451 42.0402 48.0806 -1.7398
452 19.0704 32.635 0.600776
453 65.581 36.2902 -2.3248
454 46.5663 27.8319 -3.16853
455 26.1292 6.40962 -2.57333
456 16.4192 10.5472 0.94538
457 50.933 24.5216 -2.38789
458 71.7713 37.1181 -2.29012
459 34.9805 13.1366 -2.52654
460 26.9898 36.2234 1.1526
461 56.644 84.0586 -1.75162
462 59.5444 42.6103 -1.33423
463 51.0479 32.0318 -2.88061
464 62.4322 47.2224 -2.1663
465 45.3161 22.2664 -3.06805
466 64.1769 42.1402 -1.67261
467 24.9736 24.8732 0.530025
468 25.073 39.593 1.00065
469 65.6794 37.5966 -2.3806
470 16.4452 21.7989 0.607984
471 59.039 43.0058 -1.55804
472 58.0943 44.2282 -1.63372
473 40.8414 25.1791 -2.80959
474 80.4159 47.4591 2.74993
475 41.4833 1.79386 -2.47388
476 64.0828 86.6047 -0.963296
477 35.9275 58.4554 -0.526172
478 98.8957 93.1385 1.50354
479 93.4776 60.5135 1.40049
480 50.5555 22.8755 -2.30176
481 24.6835 42.8869 1.89294
482 31.3271 35.9581 1.22945
483 20.7132 18.5002 0.550249
484 96.4882 45.171 1.46193
485 98.4623 41.3759 0.89551
486 64.8587 35.9888 -2.43297
487 69.8075 44.391 -1.73279
488 37.9274 33.3451 -2.91733
489 30.8898 5.08784 -1.79558
490 79.9375 3.70158 -0.279278
491 64.5054 27.4073 -1.82379
492 59.0121 40.9911 -1.51256
493 60.1598 28.5071 -2.4672
494 64.5686 24.9105 -2.38044
495 31.7056 43.3366 2.36962
496 22.7448 29.1685 0.448287
497 79.4929 44.4447 3.20805
498 63.7379 40.0346 -2.01255
499 34.6319 11.1841 -2.51951
