500
Particles
0 15.1944 39.9883 -2.19966
1 90.1802 49.1097 2.38565
2 64.4515 14.3129 1.88069
3 65.6706 36.8605 1.86982
4 21.0062 75.9701 2.84168
5 93.7817 45.6984 1.59599
6 40.9451 87.0572 2.73057
7 76.9158 43.8946 2.3391
8 14.5469 86.4521 2.42899
9 37.2525 33.0174 2.96846
10 39.9737 64.9397 2.349
11 38.7828 97.2617 2.50451
12 73.0797 13.6882 1.19231
13 12.922 51.7602 2.74224
14 22.5017 78.8104 2.62941
15 14.5399 56.8144 3.09267
16 60.1816 74.8679 2.17432
17 33.9404 1.97061 1.84306
18 25.4249 91.2825 2.4358
19 9.53663 95.9092 -0.304009
20 66.3939 37.5759 1.04899
21 39.5061 86.5655 3.12064
22 38.1172 75.0557 2.55941
23 15.0561 62.6684 2.52904
24 70.1315 40.1683 1.33147
25 25.9695 65.3528 2.31025
26 9.54143 34.3747 -1.19146
27 35.5767 92.716 2.66944
28 37.6961 82.4041 2.20664
29 74.6511 12.0338 1.82278
30 48.4151 11.9621 1.07244
31 36.8388 77.9661 2.06581
32 86.0874 12.201 1.34614
33 59.9619 46.8747 1.69557
34 25.5366 61.7938 2.1008
35 25.4988 96.8379 2.43383
36 51.9642 47.9813 2.56405
37 76.0858 9.86535 1.9734
38 26.0475 68.6998 2.05249
39 17.27 65.1158 2.87109
40 24.4852 55.399 3.02273
41 13.6286 62.5877 2.72794
42 42.2894 66.6485 1.64254
43 67.4131 37.7594 1.6887
44 94.6492 50.6525 1.93896
45 48.4414 71.4876 2.74778
46 26.1243 64.847 2.34513
47 84.0326 33.6961 1.80442
48 35.3307 66.7938 1.98043
49 17.4761 32.9956 -1.75208
50 32.3442 95.4385 2.58939
51 45.537 80.033 2.58808
52 65.0936 39.8217 1.70758
53 55.6461 47.9551 1.82181
54 23.755 76.7111 3.10217
55 72.3064 34.7077 1.23972
56 24.7273 76.6508 3.03662
57 39.5978 57.8076 2.64749
58 27.9926 85.0734 2.93277
59 18.1346 56.1162 3.00474
60 31.0296 90.7253 2.93648
61 37.6148 65.8925 1.79161
62 10.1622 65.3312 2.19517
63 15.549 96.5098 2.56869
64 35.9532 89.2375 2.77385
65 84.2391 34.1125 2.27694
66 27.7159 94.2831 2.83372
67 30.9438 95.1196 2.65462
68 88.1944 30.0273 2.64149
69 54.2143 66.9477 3.17568
70 38.3738 89.6338 3.08506
71 26.6589 64.4313 2.00013
72 28.193 91.0299 2.83786
73 75.1428 7.05677 1.89241
74 41.3337 64.8658 2.47926
75 76.7764 40.6448 1.49562
76 42.5015 64.1927 1.89496
77 41.8952 89.5058 2.49149
78 79.6912 14.1017 1.59371
79 29.5551 88.3565 2.18395
80 38.5691 67.8038 2.03149
81 31.2511 96.7472 2.74992
82 17.2652 92.675 2.34344
83 21.0687 86.5497 2.39406
84 70.3991 32.4554 1.94845
85 39.0387 69.8075 1.7462
86 39.0714 66.6686 1.89466
87 80.4419 4.37159 1.60772
88 73.1034 33.5078 1.62561
89 36.9157 62.135 1.89486
90 69.2019 40.532 2.00756
91 36.9369 78.1852 3.00839
92 44.4589 87.4263 2.60838
93 16.6274 74.0952 -3.24192
94 36.8356 67.3815 2.13308
95 34.477 15.6208 1.32477
96 39.645 90.3217 2.7405
97 42.6843 93.8097 2.10904
98 30.3504 55.9734 3.20212
99 40.7926 84.522 2.69848
100 69.3243 40.579 1.53214
101 28.8142 93.0671 2.12359
102 38.4855 64.2857 2.04283
103 21.6254 53.8156 2.48582
104 38.1931 72.2536 2.4332
105 67.319 42.5658 1.67003
106 24.5421 76.145 2.55987
107 17.9488 60.4413 3.22023
108 40.3956 77.9114 2.28264
109 28.1903 83.8406 3.08031
110 77.9442 41.5244 1.50775
111 82.7736 9.35584 2.17104
112 64.0491 35.531 1.33803
113 38.2396 84.3368 2.94239
114 36.4643 93.7434 2.77306
115 64.5793 10.6929 2.26666
116 39.8102 58.7768 2.43132
117 26.4203 68.4661 2.69372
118 50.7789 7.94962 0.786553
119 21.3146 80.2683 3.11243
120 17.8151 50.1863 3.19488
121 81.1737 43.073 2.35279
122 30.6627 63.4084 2.15324
123 17.31 74.8324 -2.67028
124 63.9445 14.0174 1.4587
125 82.8695 13.4356 2.30116
126 58.2259 77.2021 2.1409
127 10.7534 55.1505 3.04602
128 73.0064 39.1663 1.12187
129 30.5437 91.6997 2.8323
130 27.4084 70.9319 1.93848
131 41.4538 65.1308 1.68696
132 84.0989 11.5418 2.33187
133 23.0907 12.0397 1.5293
134 59.7837 52.8464 1.63687
135 70.1134 94.4323 -0.71114
136 36.9483 59.5274 2.7489
137 39.1127 90.0059 2.11224
138 40.4699 68.5527 2.06005
139 19.5901 52.1971 2.77528
140 42.1278 64.8245 1.70857
141 0.95182 3.52002 0.199184
142 22.6926 84.472 2.65055
143 22.5315 5.76335 1.93594
144 38.6 91.0377 2.19506
145 32.4998 96.6751 2.15967
146 17.8944 59.0171 2.70289
147 61.7172 46.8382 1.95678
148 75.3548 6.29394 2.0458
149 26.5426 96.3275 2.77146
150 40.7727 66.5125 2.32762
151 3.78742 7.79059 1.12874
152 38.4379 60.8809 2.43481
153 39.9306 75.2892 2.85667
154 60.6876 71.793 2.48459
155 18.0564 23.379 -0.999406
156 18.2599 87.5077 2.04661
157 6.71364 59.3671 2.53366
158 11.1771 35.2168 -0.903989
159 33.6309 11.5282 1.41704
160 55.0583 47.9348 2.31698
161 35.3779 13.5871 0.981103
162 25.9595 95.4003 2.46777
163 76.1189 29.0364 1.56585
164 84.4632 34.5416 1.73891
165 20.4043 91.5466 2.65105
166 72.0885 32.2981 2.04926
167 83.1667 7.70181 1.61366
168 31.3725 91.5929 2.20769
169 81.5761 36.9345 1.90398
170 38.6976 21.15 1.14038
171 39.7665 88.0264 2.48542
172 15.6477 55.8426 2.58952
173 43.9842 65.4832 1.7819
174 87.0502 41.3308 1.89611
175 84.8031 11.9502 1.42795
176 65.0534 15.8397 2.06215
177 21.3148 50.1369 3.22286
178 67.4517 38.7853 1.15378
179 36.7774 82.2482 2.7707
180 41.7009 88.8209 2.33681
181 25.1896 6.1604 1.52158
182 28.278 80.7196 2.9614
183 14.3836 31.5549 -0.722639
184 48.7984 90.2002 2.60623
185 87.321 33.4634 1.63859
186 41.3519 72.9584 2.48569
187 43.7464 23.907 -0.0406323
188 7.73265 56.8521 2.65988
189 40.9509 1.56654 2.97746
190 87.5278 38.8478 2.0586
191 69.0125 98.9442 -0.0321893
192 29.9156 49.0941 2.89617
193 45.8756 83.2265 2.07387
194 28.2754 56.2213 2.40968
195 35.9008 85.9421 2.89992
196 18.9447 49.5598 3.22796
197 35.2633 62.1893 2.68363
198 46.6602 89.7954 2.83299
199 34.1497 22.7223 0.253882
200 46.2825 91.3941 1.95365
201 70.7542 9.10208 1.95264
202 68.6343 40.8375 1.24916
203 38.4712 13.3667 1.07039
204 10.9928 33.2706 -0.538527
205 81.8074 7.50735 1.76347
206 25.4844 55.4191 2.6588
207 23.4171 65.3211 2.59154
208 22.949 98.5992 2.72307
209 41.937 22.4645 0.219979
210 31.2717 93.7014 2.372
211 41.866 73.991 2.63592
212 18.0518 20.3381 -1.27525
213 87.9955 7.15128 1.5041
214 7.87483 55.0885 2.15579
215 23.2983 68.2173 1.77225
216 47.037 73.1623 2.07779
217 36.2299 85.0028 3.07617
218 49.115 7.67642 0.817896
219 33.9366 2.67003 1.77565
220 76.7576 8.0664 1.35699
221 49.0349 84.2474 2.25108
222 74.2605 8.67048 1.48819
223 74.3337 43.6698 1.46574
224 60.2059 37.2935 1.40578
225 67.3476 13.6091 1.64018
226 30.9603 15.3891 0.904644
227 44.6972 77.1958 2.4935
228 39.807 66.9659 2.52327
229 45.4665 71.5502 2.52193
230 13.1698 56.7424 2.14198
231 33.5638 91.6109 2.83288
232 43.3443 83.0685 2.70884
233 25.7018 62.9786 2.23388
234 20.6182 55.4247 3.00609
235 23.4347 74.182 2.76586
236 57.5604 69.6314 2.6452
237 65.757 13.5523 1.45225
238 31.3786 84.0684 2.32698
239 23.7512 85.6509 2.17388
240 35.7851 92.3077 2.69769
241 16.3477 85.3614 1.91629
242 43.3326 75.2877 2.12925
243 44.6309 90.452 2.63786
244 35.2384 13.247 1.74868
245 43.8309 78.6465 2.62846
246 41.7486 70.6504 1.75603
247 87.9771 37.2047 1.85843
248 19.6352 76.5979 3.05467
249 32.2602 55.1387 2.38227
250 32.16 92.1744 2.18601
251 39.2067 1.98234 2.96927
252 70.2691 44.1235 1.94915
253 53.9949 37.4829 2.07679
254 39.3882 63.4714 2.21886
255 26.0835 93.3627 2.85627
256 43.8949 73.9469 2.72078
257 35.1253 62.4466 2.03993
258 17.9981 90.3297 2.25377
259 23.0845 75.122 2.71584
260 26.1718 13.2197 1.58736
261 21.4516 81.0345 2.7707
262 44.0754 68.1458 1.83273
263 42.812 82.5532 2.06275
264 60.8992 48.2224 1.41976
265 36.6886 63.0674 2.53166
266 19.5385 39.6929 -2.51362
267 36.4116 91.6065 2.75832
268 17.9127 51.1951 3.25508
269 33.4606 94.212 2.37834
270 27.3003 82.1774 2.66976
271 26.2356 79.3017 2.5708
272 86.1221 6.59539 2.20564
273 19.7476 53.19 2.28599
274 28.4401 67.8274 2.4788
275 42.1347 68.2389 2.39758
276 21.6037 33.0325 -2.44331
277 45.7348 88.427 2.27132
278 81.7931 44.0329 2.46901
279 44.0596 76.2363 2.4026
280 36.3424 90.5543 2.3117
281 39.6889 70.3079 2.57617
282 23.4333 78.9392 2.73639
283 85.1005 6.5923 1.73625
284 59.1201 67.0149 2.42412
285 43.1643 92.0805 2.44248
286 11.1221 60.1133 2.88484
287 38.4432 68.759 1.72945
288 37.5371 8.74333 0.891894
289 53.9544 66.2179 2.33471
290 27.3973 63.7963 1.81243
291 16.0335 27.46 -0.893487
292 15.175 23.8347 -0.943358
293 24.4205 63.625 2.27097
294 27.1029 77.5171 2.45838
295 38.5127 85.8898 2.86364
296 50.6576 90.1699 2.84393
297 59.2357 73.9137 2.75743
298 21.0118 87.8059 2.67345
299 70.0815 9.18643 1.4143
300 31.4095 63.8377 2.24548
301 30.5947 94.1226 2.35249
302 16.6407 51.0898 3.16526
303 39.1183 69.3022 2.57327
304 16.4621 99.0898 1.80929
305 42.0392 1.84835 2.59585
306 60.6653 43.7582 1.47214
307 66.4799 11.5407 2.05498
308 22.5474 85.0992 2.7713
309 26.0772 66.238 1.87139
310 66.5956 46.0494 1.24212
311 18.7248 65.9843 2.38539
312 43.0998 79.3497 2.16576
313 87.5013 8.27327 2.1048
314 29.4367 96.4893 2.06277
315 43.3622 75.4724 2.17586
316 44.5187 86.8341 2.17255
317 25.9233 83.3358 2.98322
318 63.9709 11.7996 1.29697
319 73.6513 9.55834 1.48763
320 77.5617 8.07607 1.60098
321 31.4084 99.4191 2.35192
322 75.6339 4.49785 1.27361
323 28.4377 87.6647 2.34533
324 33.5317 18.1669 0.924382
325 48.1729 73.1554 2.25119
326 36.599 63.2862 2.6218
327 26.5263 60.6593 2.08457
328 83.8288 4.79102 2.27398
329 81.042 16.3786 1.87646
330 87.5782 6.10264 1.36944
331 68.8118 49.4064 1.15984
332 35.898 19.0447 1.22441
333 49.5406 92.056 2.58804
334 17.7197 68.5621 2.91954
335 68.5156 7.99433 2.04128
336 78.8547 7.21812 1.69035
337 21.1595 78.3177 2.92099
338 49.9397 75.1937 2.20727
339 32.8496 63.7966 2.55548
340 12.599 49.1032 2.4011
341 22.4708 86.58 2.46536
342 31.4157 92.462 2.34836
343 47.2705 74.2962 2.022
344 42.1862 69.5533 2.39035
345 73.7389 37.4773 1.12653
346 15.3679 64.7314 2.42212
347 26.9979 13.2774 1.5172
348 9.66404 61.4675 2.76728
349 87.59 35.804 2.24374
350 40.1221 73.1422 2.31884
351 19.9247 98.7978 2.3841
352 96.0386 47.5624 1.91439
353 73.9301 42.0747 1.72553
354 29.0482 52.3571 2.89549
355 41.1847 62.317 2.36688
356 79.7579 3.61657 1.42973
357 87.0157 35.5393 1.65032
358 34.6943 89.71 2.57345
359 23.9956 63.4321 1.8308
360 25.8144 98.2877 2.43686
361 16.9682 37.2642 -2.00886
362 35.7001 87.0827 2.52196
363 40.1134 68.271 2.30616
364 72.1322 48.0262 1.68572
365 40.2623 79.8895 2.60575
366 43.5478 90.7278 2.70655
367 81.7287 8.48812 1.80603
368 15.1345 54.0002 2.51676
369 91.1609 7.04897 1.59499
370 57.7104 40.3259 1.82245
371 28.8876 94.3155 2.90051
372 33.1846 82.1679 2.55541
373 49.1782 95.6761 1.96811
374 31.5979 95.0501 2.32342
375 50.6069 89.6211 2.13855
376 34.8733 86.9419 2.97361
377 86.414 9.688 1.97144
378 28.1229 66.3259 2.35852
379 78.4903 10.5882 1.8123
380 39.9846 65.6435 2.41189
381 31.1887 20.9355 0.335284
382 40.7124 89.4072 2.2209
383 75.0469 35.2117 1.58358
384 41.939 82.6136 3.03671
385 76.5032 43.6137 2.37873
386 53.348 45.1356 2.14831
387 17.9599 30.777 -1.49015
388 48.3901 70.7832 2.53843
389 23.3804 62.9542 1.83743
390 19.5104 88.8816 2.72262
391 27.2952 86.0616 2.79894
392 24.3276 62.0015 2.5729
393 47.4395 76.0717 1.97182
394 40.0798 90.1114 2.81704
395 32.5093 88.676 2.24874
396 33.653 0.619794 1.84205
397 34.7246 91.0863 2.89121
398 87.2023 6.64524 1.80947
399 17.2585 83.3068 2.13254
400 19.9381 79.8578 2.61822
401 34.1244 16.4653 1.35902
402 28.6959 51.6598 3.05363
403 40.4238 87.2315 2.67679
404 30.725 64.4209 2.41642
405 92.521 47.8534 2.05464
406 10.9563 51.655 2.69496
407 43.0547 92.3505 2.65164
408 24.6133 69.3538 1.72782
409 83.2371 6.71944 1.67845
410 21.2574 81.5403 2.79442
411 34.1263 92.9018 2.49883
412 40.5422 60.4634 1.89153
413 21.8559 83.8999 2.31834
414 46.0322 75.4301 2.84022
415 80.9969 34.6263 2.10898
416 44.9603 86.3851 2.94711
417 19.8706 79.0988 2.46624
418 34.3679 94.4701 2.58382
419 73.4416 35.019 1.91554
420 21.4594 58.9447 2.24117
421 33.6408 93.9204 2.29995
422 23.7516 79.5338 3.20748
423 72.4283 2.62179 1.64656
424 34.9382 1.37532 1.83626
425 38.109 82.381 3.1124
426 26.4686 16.912 1.11709
427 33.8459 98.0002 1.91413
428 35.0516 69.1951 1.76962
429 42.6232 68.7682 1.85252
430 23.2292 8.41331 1.64661
431 49.0632 86.1178 2.0858
432 28.363 95.9303 2.92024
433 88.1746 3.45636 1.32791
434 27.9127 61.6714 2.46725
435 72.2155 46.617 1.349
436 26.8687 7.26776 2.18706
437 20.1255 52.0725 2.73693
438 77.17 14.2012 2.03292
439 80.8 9.65294 1.96093
440 43.0011 63.2143 1.90063
441 8.85507 51.3392 2.84022
442 38.3195 91.6026 2.08757
443 32.7097 24.2307 0.587542
444 42.8127 80.0456 2.34027
445 84.1876 40.7566 2.25416
446 76.8841 43.2548 2.3897
447 13.1515 60.3245 2.16366
448 37.3477 89.0424 2.44417
449 52.571 66.9313 2.50436
450 24.3542 87.9222 2.78842
451 27.813 53.5004 3.15108
452 36.3332 1.54922 2.18384
453 38.6532 61.6599 2.30723
454 38.7843 98.4506 2.683
455 79.798 36.0332 2.4943
456 17.4066 74.8325 -3.3213
457 27.1702 79.9997 2.5293
458 29.1725 75.5431 3.08222
459 89.6276 31.8652 2.54621
460 24.1407 58.931 2.13396
461 60.3123 40.3332 2.17673
462 44.2865 78.6554 3.01193
463 31.1419 84.5028 2.38514
464 51.1717 81.9855 2.66995
465 24.1064 85.2623 2.30539
466 44.2107 71.2759 2.21256
467 81.0032 8.04812 1.40519
468 16.3818 53.5196 3.21173
469 22.3117 0.391207 2.71035
470 25.7298 10.8627 2.08437
471 29.6628 65.2874 2.48483
472 46.0726 80.5588 2.05115
473 46.1846 88.6389 2.33117
474 35.3406 21.8719 0.490828
475 12.1605 54.3517 3.24645
476 87.9808 35.0282 1.79819
477 43.8465 71.1791 1.86282
478 25.6991 1.71994 2.48984
479 71.5743 36.5 1.58354
480 19.9173 65.3048 2.76034
481 80.5006 2.33825 1.14496
482 30.2689 53.4755 2.66826
483 21.4784 86.7288 2.59998
484 16.6499 58.8166 3.15699
485 14.6865 36.6295 -0.888035
486 45.2861 67.7946 2.65644
487 41.6476 69.2927 2.5531
488 17.2703 84.7843 2.40031
489 70.5237 35.7927 1.49752
490 78.834 40.1273 1.73113
491 34.4449 63.4225 1.73934
492 46.0235 82.896 2.68519
493 39.0449 73.5815 2.281
494 31.1221 55.518 3.209
495 23.3594 63.1324 2.55472
496 36.4296 91.32 2.17791
497 33.8061 95.9735 2.79238
498 44.3873 66.221 2.31488
499 79.6905 15.4019 2.04391
