500
Particles
0 67.2429 10.5426 2.04783
1 96.8839 7.89481 3.33194
2 78.2057 89.3897 -2.24904
3 60.3777 28.1424 1.38244
4 5.16248 99.1651 2.34598
5 79.2446 11.1947 2.79391
6 53.0991 16.4653 1.1947
7 51.5362 48.8708 -0.125566
8 97.7392 14.4616 2.93006
9 98.1146 17.6916 2.89539
10 88.4476 13.6391 2.48318
11 28.3294 60.8135 1.21518
12 51.7825 29.8559 1.53847
13 7.14176 89.9016 2.45887
14 5.69697 0.850029 1.94281
15 14.7492 38.5704 2.01176
16 94.7511 18.4745 2.8698
17 3.1015 40.2035 -0.879251
18 5.39839 9.71938 2.60539
19 66.2227 24.0474 1.772
20 55.7865 29.02 1.91801
21 46.816 16.6842 1.20121
22 82.8175 21.5984 2.50965
23 9.25616 95.3232 2.03605
24 59.9509 32.5902 1.32239
25 76.2071 17.5622 2.40771
26 79.6323 8.73827 2.56968
27 20.4589 51.3198 0.478759
28 65.9378 15.507 2.38335
29 13.8309 90.7185 1.03951
30 79.1108 97.2025 -2.574
31 79.0618 21.9079 2.18414
32 57.4768 27.4053 1.44396
33 81.0977 86.1237 -2.20869
34 80.7841 18.8871 2.72063
35 4.02814 17.4819 2.91243
36 24.4168 62.3637 1.19057
37 53.6518 22.4465 1.45993
38 71.605 16.3972 2.06168
39 6.67864 96.7347 1.7938
40 83.8468 17.7533 2.43439
41 5.1933 96.5613 1.85249
42 90.4873 19.1561 3.02461
43 59.9915 28.9493 1.13318
44 96.508 10.7551 2.61353
45 91.6147 17.5273 2.78604
46 80.912 20.8034 2.27914
47 88.8316 34.7323 2.60023
48 84.5572 17.9785 2.80592
49 77.4499 12.8611 2.95762
50 12.7603 20.9244 3.25928
51 84.6192 23.4316 2.46767
52 57.803 31.2342 1.16839
53 23.9808 61.9575 0.980125
54 8.78602 100.109 1.68037
55 74.3872 27.1248 2.12287
56 10.8929 2.38202 2.80606
57 87.7624 9.81307 3.34203
58 7.17402 4.9527 1.92934
59 74.3224 17.3705 2.72207
60 10.3735 15.6753 2.38185
61 88.5691 17.4797 2.83058
62 96.2607 13.2288 2.83056
63 95.315 3.78393 2.83788
64 50.3002 21.1661 1.81338
65 73.7667 30.9259 2.83836
66 8.03251 18.2223 2.49366
67 8.30095 18.0075 2.68494
68 72.1125 27.5453 2.27561
69 93.4592 11.8811 2.44065
70 52.3349 19.5747 1.66522
71 79.6774 17.7779 2.76739
72 8.69734 13.872 2.8608
73 54.8002 21.8019 1.87069
74 86.2476 11.277 3.1939
75 61.5635 36.5288 1.32022
76 88.5167 10.107 3.32068
77 52.5243 19.4067 1.76375
78 80.1155 6.8633 2.7621
79 8.85609 6.82626 2.33624
80 84.6883 14.7365 2.89311
81 7.24947 17.0661 3.07641
82 68.2298 21.7162 1.69642
83 4.05445 4.332 2.21576
84 77.7049 25.3447 2.01831
85 84.1862 15.4727 2.71369
86 85.7154 14.5345 2.49826
87 68.4959 20.5933 1.91773
88 67.268 24.7435 2.15183
89 83.7484 12.0923 2.46436
90 57.1271 32.6619 2.04985
91 76.6052 21.2517 2.09477
92 68.4129 19.4047 2.29371
93 5.3859 1.80996 1.93423
94 86.4114 17.27 2.91092
95 60.8091 23.6136 1.38661
96 46.4685 19.6449 1.76113
97 54.6798 23.2809 1.81802
98 83.4362 11.7647 2.19284
99 67.5846 19.3717 2.2934
100 59.3434 31.5745 1.99749
101 7.66615 10.8508 2.84707
102 89.2295 15.2851 2.35269
103 80.3153 15.9239 2.23278
104 85.5468 20.0522 2.59229
105 55.4993 34.1405 1.38285
106 8.38094 1.19672 2.6599
107 64.865 13.4028 2.14835
108 84.3687 22.0255 2.62804
109 13.21 5.39086 1.94386
110 79.9255 53.7615 0.0878003
111 54.4591 21.441 1.81978
112 57.2101 27.784 2.13437
113 57.3581 15.4889 1.43827
114 45.5623 25.8327 1.46543
115 51.8886 29.0373 1.22104
116 87.0902 9.23069 2.74522
117 76.4782 19.5882 2.17928
118 54.9115 29.8678 1.20463
119 7.51965 1.10552 2.79457
120 76.9401 17.0915 2.77565
121 1.17397 15.7557 3.26361
122 85.6718 19.2081 2.54102
123 2.42819 8.58573 2.00852
124 3.75206 85.9492 2.4491
125 73.4687 26.2755 2.03606
126 92.6276 26.2015 2.91907
127 5.50034 92.7735 1.59456
128 60.7496 32.93 1.17057
129 74.0492 93.163 -3.0796
130 68.1888 16.5105 2.6202
131 87.1948 13.3711 2.94816
132 80.9083 29.8391 2.51834
133 79.3738 30.8358 2.62127
134 77.7496 12.0888 2.63777
135 56.7452 20.3404 1.61399
136 85.7493 12.4449 2.99758
137 51.6642 21.2213 1.58813
138 87.8815 17.7263 2.33885
139 78.8191 16.5586 3.06481
140 89.787 13.8328 2.9357
141 75.17 28.5373 2.17569
142 7.70243 4.82491 2.72518
143 94.8722 20.1266 2.69244
144 50.6623 24.2693 1.49744
145 73.1309 94.3661 -3.08196
146 69.3041 14.7423 1.97063
147 78.0968 85.8488 -3.025
148 63.2659 21.4837 1.94693
149 7.63101 16.9852 2.68113
150 91.5921 17.7713 2.8104
151 58.4718 25.7858 1.25943
152 86.8699 10.9284 2.57098
153 83.5505 20.5312 2.98876
154 94.0914 17.9806 2.48724
155 81.6357 32.7449 3.15665
156 2.4867 16.4103 2.76385
157 90.0224 26.3036 2.16116
158 78.7972 10.4057 2.74586
159 96.5122 25.2781 2.72082
160 79.993 92.2563 -2.56106
161 92.8561 23.1955 2.99552
162 7.8237 21.2379 3.04544
163 72.2128 24.7315 1.73332
164 66.6885 42.2406 -1.22536
165 3.71555 15.7907 3.19641
166 69.335 24.3695 2.19448
167 57.8848 23.7428 1.795
168 7.74198 9.63126 2.22943
169 63.496 30.3185 1.29401
170 97.8483 2.74266 2.5117
171 53.3534 16.5042 1.80414
172 65.1537 12.1305 2.65295
173 91.9185 15.1023 2.92102
174 79.2536 10.6746 3.09407
175 79.0449 27.0375 2.15517
176 10.5583 39.2524 2.38412
177 81.8327 16.6258 3.20539
178 62.3572 31.6681 1.82359
179 66.0632 16.193 2.18541
180 57.0026 16.7544 1.44008
181 97.4957 18.279 2.80229
182 11.7549 2.28818 1.99152
183 70.2868 12.4068 2.66721
184 71.9875 21.1644 1.68065
185 77.9729 33.5991 2.27782
186 86.6951 19.3216 3.06156
187 59.3144 27.2044 1.84925
188 1.60419 4.95547 2.36852
189 79.6895 92.6404 -2.62755
190 78.5029 10.2539 2.3769
191 52.0758 25.4548 1.80384
192 84.4211 10.6985 2.58567
193 80.8844 22.9294 2.33709
194 83.3036 13.2592 2.52053
195 50.7307 18.042 1.67097
196 79.9392 15.5239 2.61666
197 85.8809 13.3288 2.92826
198 68.0198 19.6678 2.01145
199 79.617 12.6827 2.37438
200 55.3671 19.3455 1.66333
201 13.3933 89.0078 1.6403
202 59.3057 32.2299 1.38588
203 95.8878 25.7972 3.05052
204 80.5172 9.53303 2.79976
205 58.4608 21.587 2.00304
206 83.0875 16.0815 2.65129
207 76.0134 19.4392 2.77086
208 73.9024 24.2676 2.30374
209 56.3541 29.1534 1.67389
210 10.1447 14.2058 2.81215
211 84.5172 18.5147 2.78477
212 78.5486 30.2852 2.44997
213 61.0264 24.2759 1.22504
214 0.443172 5.02785 2.5683
215 61.1808 13.5906 2.0475
216 91.6313 21.3731 3.07117
217 50.6532 15.9604 2.15078
218 89.6798 30.7743 2.00677
219 6.29802 40.2601 -1.47728
220 57.1067 22.0509 1.76439
221 85.4197 24.2235 2.21386
222 54.6145 22.4553 1.40742
223 53.3377 37.5349 1.82548
224 59.0062 28.4798 1.87833
225 29.7902 60.2572 0.84703
226 94.7257 16.7289 2.7996
227 86.3989 19.7303 2.76058
228 87.6318 15.0256 2.29133
229 89.4727 16.3868 2.73069
230 8.29056 92.0013 2.03309
231 14.1402 15.2616 2.55821
232 76.9281 21.6729 2.26511
233 81.0135 19.1011 2.25588
234 78.3442 15.7842 2.79857
235 9.75661 99.6036 2.4245
236 94.7521 15.5799 3.10103
237 80.7917 91.9909 -3.06403
238 9.65459 99.6442 1.66964
239 4.50251 1.76122 2.41955
240 48.4584 25.5665 1.72784
241 98.2954 13.4234 2.38086
242 86.8147 22.7205 2.3002
243 57.1102 18.2681 1.25846
244 94.6369 22.9575 2.65911
245 84.8658 22.4793 2.87461
246 87.6031 15.9778 2.2888
247 96.9818 95.9215 2.77544
248 5.6408 2.86888 2.53472
249 84.8915 10.7169 2.384
250 16.8229 54.9347 1.03825
251 76.8055 91.7499 -2.31371
252 48.7557 46.9965 0.00779013
253 57.4925 30.3159 1.97509
254 88.0511 14.7371 2.38424
255 6.80077 15.7129 2.63536
256 88.006 20.9599 2.14588
257 87.3235 15.813 2.56897
258 0.155675 16.7777 2.47279
259 10.6594 0.782261 2.7218
260 81.1971 12.3632 2.90613
261 8.14986 3.46251 2.43038
262 91.6538 18.0468 2.87387
263 78.5041 22.4405 2.99306
264 80.0386 86.4765 -2.67979
265 84.464 11.3818 2.4115
266 82.2574 14.6325 2.5333
267 47.5599 21.9142 1.38954
268 78.7059 18.7395 2.92301
269 20.7218 54.7119 1.07462
270 10.3143 5.8145 2.16207
271 12.7407 2.18803 2.16536
272 59.8147 24.332 1.27903
273 79.3091 16.2816 2.82923
274 81.1559 20.3461 2.16293
275 87.3222 14.0778 2.51392
276 82.7946 14.1225 3.23277
277 63.0893 17.1955 2.20984
278 93.153 6.15457 3.34949
279 87.4992 24.0402 2.38317
280 9.44558 4.02909 1.97151
281 87.4673 18.5881 2.61377
282 8.54272 1.10136 2.04871
283 52.5257 28.0489 2.03139
284 92.1975 9.9652 2.98665
285 53.6865 19.7044 1.4383
286 1.92237 95.6583 2.40702
287 85.4821 16.7631 3.15267
288 64.4595 24.8709 1.94389
289 92.7555 9.98957 2.77302
290 81.3825 19.1833 2.50867
291 99.5472 10.4422 2.16857
292 63.5426 29.577 1.52354
293 79.5565 19.9085 2.43717
294 9.79924 99.1514 1.65013
295 93.7132 33.0008 2.43202
296 72.7776 21.9682 1.86716
297 92.8963 17.7272 2.83964
298 1.33742 12.3396 2.7112
299 55.4369 23.8698 1.48936
300 83.586 16.0019 2.58395
301 9.30691 15.0341 2.73163
302 73.4005 13.3913 2.9831
303 86.7245 16.8509 3.21972
304 95.1386 5.56697 2.88295
305 78.6737 92.5706 -2.38581
306 28.8362 60.9919 0.826898
307 80.2227 90.7087 -2.3992
308 9.28388 5.24163 1.94395
309 79.893 21.7546 2.90954
310 31.2184 60.6308 0.634216
311 9.75605 94.2407 1.93644
312 83.861 22.0988 2.75975
313 58.8983 25.5014 1.43878
314 100.264 27.4135 0.185385
315 84.7762 18.7135 2.52322
316 58.1764 17.4932 1.57535
317 8.59477 6.67539 2.48307
318 53.1762 31.2194 1.93158
319 52.7036 24.4355 1.62913
320 53.6905 21.7909 1.4626
321 5.35292 37.8651 -1.69615
322 58.5589 19.3841 1.56006
323 7.61539 6.71507 2.03648
324 87.3828 6.09825 2.28686
325 91.6948 20.7452 3.02133
326 86.9036 12.7228 2.93276
327 82.755 17.1115 2.94089
328 70.6571 22.0802 2.04495
329 63.3246 25.3877 1.81117
330 58.9035 24.3403 1.43785
331 76.6225 73.1022 2.20836
332 61.2312 25.7138 2.10044
333 67.7683 20.1884 1.94211
334 5.48109 98.91 1.87454
335 51.4402 24.3025 1.88291
336 56.6495 20.6392 1.55298
337 5.07018 0.374308 2.4981
338 89.8135 20.1342 2.84603
339 86.9686 17.8444 2.67545
340 44.7469 17.9637 1.56709
341 5.21381 6.00689 2.33949
342 7.27277 9.57609 2.03454
343 89.8843 22.6572 2.62289
344 88.8117 16.9476 2.83993
345 62.4478 29.0433 1.18518
346 1.84462 98.0579 2.03629
347 79.3382 10.4309 2.79827
348 2.38205 4.60794 2.36812
349 79.3727 6.88602 2.63314
350 85.2561 21.0598 2.22541
351 -0.208652 16.9245 2.3392
352 95.9037 8.15743 2.69376
353 57.2924 35.1723 1.19281
354 84.6663 13.5384 2.47181
355 89.625 11.6291 2.91921
356 65.1235 20.5925 1.95508
357 90.1641 36.4957 2.81917
358 10.7714 6.46503 2.69978
359 76.4375 17.8359 2.57456
360 98.6438 22.4666 2.30138
361 75.6112 12.9869 2.77262
362 48.5156 19.7661 1.14894
363 86.1898 13.4196 2.49339
364 81.3161 88.3217 -2.77648
365 80.9259 22.4066 2.34478
366 54.2475 18.6412 1.85098
367 58.4 22.5459 1.15273
368 69.1947 14.5994 2.26424
369 63.023 24.4231 1.99078
370 54.7569 31.9752 1.49346
371 7.74694 16.2625 2.96289
372 11.7156 99.0781 1.69342
373 54.5554 20.4911 1.44112
374 78.7761 92.759 -2.92523
375 78.9867 23.0044 2.32909
376 13.8421 3.53636 1.93093
377 56.4616 25.6913 2.05225
378 81.1854 21.4444 2.56211
379 55.3932 24.3786 1.67899
380 89.2896 16.2476 2.39207
381 82.3428 7.18421 3.07479
382 50.1702 17.3684 1.20538
383 65.5961 26.6505 2.21049
384 76.8314 21.6761 2.91599
385 35.3257 60.2184 0.804068
386 24.8779 61.8798 0.654996
387 79.4516 13.3791 2.91925
388 92.854 18.9776 2.21636
389 74.6201 15.9768 2.67884
390 3.38167 10.4779 2.75794
391 7.86361 3.99307 2.12348
392 75.0728 13.6637 2.51489
393 89.3169 23.0717 2.43079
394 50.1422 19.6927 1.74261
395 9.77205 6.9227 2.33872
396 6.84355 37.6294 -1.9112
397 50.7301 28.588 1.67346
398 60.7902 24.1353 2.10468
399 1.02795 13.8357 2.42635
400 3.46313 0.599719 1.84612
401 69.4355 24.7333 1.78484
402 84.5712 12.3518 2.63292
403 48.5023 16.1471 1.88331
404 83.7512 17.6615 2.84694
405 95.5336 7.5886 2.7343
406 5.73564 89.818 2.23155
407 51.9365 18.3961 1.20781
408 62.8095 14.5219 1.75168
409 57.4048 20.9392 1.44247
410 3.97289 2.3037 2.59664
411 47.4233 27.3458 1.49504
412 94.129 13.7401 2.46746
413 6.21769 3.09738 2.67659
414 88.5351 22.8362 2.479
415 63.656 29.1078 1.0907
416 72.9028 21.47 2.65047
417 3.83706 2.45659 2.62242
418 10.4387 13.062 2.77206
419 66.5108 26.0469 1.50067
420 78.202 18.2929 2.89116
421 5.49786 10.0887 2.94202
422 9.1565 3.04744 2.44377
423 56.4357 20.2905 1.76937
424 9.22528 36.9105 -2.94176
425 53.1829 14.4777 1.676
426 54.879 25.858 1.34143
427 74.7366 94.9425 -2.67473
428 85.9972 20.6706 2.38732
429 90.638 19.6882 3.01061
430 94.2118 20.8978 2.58397
431 81.1062 24.11 2.11831
432 8.19925 19.2192 2.27135
433 58.9117 23.392 1.80384
434 82.1809 18.5055 2.89206
435 79.916 85.8168 -2.13603
436 96.6363 19.7712 2.82669
437 79.8819 15.4026 3.14329
438 12.8158 91.6271 1.23188
439 56.8429 23.1075 1.89908
440 89.1172 10.692 2.44321
441 4.24858 88.632 2.22071
442 50.5982 20.3781 1.69432
443 82.3019 11.9775 2.79288
444 84.1664 23.6655 2.57312
445 79.0275 10.675 2.84323
446 85.4477 74.6825 1.79179
447 5.39237 94.2942 2.23135
448 16.8325 42.7798 2.4188
449 91.9936 10.5547 2.78539
450 6.33652 6.10649 2.29802
451 85.7261 14.8148 2.24758
452 77.1917 95.0414 -2.50475
453 90.6452 14.4554 3.05896
454 73.0872 94.6733 -3.16071
455 68.9107 27.4382 1.55227
456 1.38819 99.7089 1.9547
457 9.4037 99.2471 1.92744
458 24.7633 23.4767 -0.0462297
459 76.777 30.225 2.3648
460 79.367 15.8175 2.17467
461 57.8393 32.5841 1.43599
462 86.2672 23.9865 2.13731
463 12.6364 4.0438 1.89984
464 87.4596 25.4997 2.69415
465 8.27093 5.99216 2.77345
466 89.8668 20.0697 2.84804
467 54.9106 21.5657 1.70341
468 74.9305 16.3815 2.82324
469 99.1235 18.0198 3.18637
470 98.673 7.55864 2.99264
471 85.4908 21.42 2.89445
472 85.5868 23.7624 2.57804
473 61.6859 17.1391 2.17985
474 15.6476 39.3155 2.11148
475 4.89889 92.1244 1.74337
476 91.5867 36.9102 2.43639
477 85.4936 14.6333 3.19821
478 77.7831 24.8615 2.19475
479 62.6015 27.8865 1.8225
480 11.5845 98.0831 1.5333
481 73.9087 23.023 2.13004
482 85.657 13.2623 2.23046
483 4.97236 7.16095 2.93034
484 71.2622 16.3638 2.07958
485 73.2629 13.3846 3.04921
486 93.0925 15.0607 2.90811
487 90.9131 20.7852 2.82263
488 0.760352 16.149 2.95743
489 70.5629 25.9491 1.80464
490 48.9043 44.7186 -0.337914
491 87.8268 16.2816 2.75779
492 85.5137 25.5848 2.32664
493 85.0322 21.1229 2.49225
494 87.0776 14.7351 3.01423
495 78.2333 20.0384 2.67304
496 51.1162 25.7146 1.19154
497 10.9629 35.595 2.7019
498 93.9554 18.8988 2.6415
499 89.1058 32.4989 2.26312
