500
Particles
0 37.5828 2.91125 0.302675
1 62.021 72.483 -0.27189
2 74.8862 19.5547 -2.01542
3 13.0784 15.835 0.873952
4 60.3016 63.9682 0.023715
5 83.0071 72.9353 0.842223
6 84.4506 63.104 3.39989
7 42.5196 43.5915 -1.71115
8 72.0034 7.31813 -1.9514
9 67.2265 14.4696 -1.97578
10 78.4063 80.305 1.31857
11 1.22476 82.5283 0.24654
12 77.2702 75.4271 0.318729
13 99.4968 46.2691 3.01002
14 67.1372 57.4727 0.759061
15 86.7955 79.5749 0.670923
16 15.6082 15.4795 0.711445
17 18.6755 32.9253 -1.9998
18 67.5579 66.6557 0.479365
19 55.8317 78.0358 -1.63095
20 27.1646 53.8093 -2.76945
21 89.2712 62.3779 -2.80255
22 72.5305 80.0678 0.459098
23 20.7121 38.5565 -2.39404
24 16.4226 86.1727 -2.81844
25 85.8647 75.8333 0.885485
26 91.2712 82.7677 1.39096
27 44.3468 41.4136 -2.75986
28 33.7764 5.80867 0.0918042
29 13.7789 19.9683 1.34579
30 74.1516 87.7032 -0.922422
31 57.2812 87.2661 -0.900414
32 25.0189 50.9869 -2.90596
33 77.1266 11.5134 -2.11756
34 22.6707 52.0544 -2.21103
35 34.8304 2.94223 0.0375554
36 2.49513 87.9493 0.0370308
37 76.2391 67.8437 0.206563
38 79.574 16.4033 -1.79669
39 57.9496 78.4165 -1.29883
40 79.1807 19.984 -1.60237
41 1.39177 48.8338 2.49428
42 65.178 15.3225 -1.73807
43 87.2325 85.8244 1.36442
44 62.6607 84.6466 -0.612643
45 67.9978 18.955 -1.45403
46 38.437 7.79357 -0.576655
47 90.467 99.6803 1.44244
48 69.1636 5.90528 -1.52795
49 83.6107 70.9863 1.09595
50 75.6868 8.34167 -1.51702
51 40.3442 10.7471 -0.0244274
52 85.1617 57.0387 -2.56092
53 1.65489 84.3529 0.637591
54 81.1216 84.4003 0.629459
55 49.442 44.0729 -2.22401
56 21.4795 50.5187 -2.58998
57 5.40567 2.66068 -0.0320555
58 18.9533 45.6934 -2.71482
59 86.1492 73.8466 1.32696
60 75.5591 67.7675 0.263699
61 64.6236 10.4879 -2.06901
62 33.9899 7.68827 -0.166194
63 60.479 71.0909 -0.450921
64 66.0531 74.0288 0.291989
65 86.519 55.1967 -2.80505
66 73.543 74.0715 0.446835
67 25.5978 92.6745 -1.9442
68 85.8149 51.8173 -2.70346
69 37.145 11.2723 -0.344244
70 84.3284 63.8095 2.9728
71 32.2668 66.1142 -1.03583
72 70.2879 70.4809 0.631808
73 56.4835 96.7146 -1.82796
74 77.8774 47.7075 -2.17561
75 23.4037 18.5555 0.20532
76 33.5042 11.6844 0.0368813
77 70.8305 67.9511 0.061106
78 66.5551 80.7661 -0.772781
79 77.5606 60.2286 0.70227
80 33.5861 10.7537 -0.107857
81 75.4693 70.7831 0.959591
82 15.5339 54.9786 -3.28383
83 68.0281 63.6757 0.0481707
84 23.2837 33.7216 -2.19016
85 6.08014 76.1702 1.06171
86 27.9468 16.7244 0.298534
87 84.6228 45.7126 -2.56933
88 83.1143 57.5941 -2.9782
89 91.5518 82.2886 0.766397
90 93.102 81.7011 0.808518
91 57.8857 86.5102 -0.825968
92 47.8624 43.5493 -1.97915
93 19.0384 44.859 -3.00734
94 34.1718 71.4172 -0.826579
95 34.8076 6.57584 -0.0993025
96 78.211 62.5467 0.669504
97 79.6147 67.1821 0.772657
98 92.5246 82.8908 0.961211
99 9.24838 12.5333 0.406831
100 84.971 56.4517 -3.08591
101 71.2308 62.0608 0.106286
102 71.2144 8.41303 -1.45917
103 10.8775 80.0582 -1.00616
104 40.6401 4.02543 -0.334028
105 93.3843 81.6305 0.96541
106 20.6669 53.4369 -2.86693
107 58.4313 1.18372 -1.92006
108 45.7208 10.425 -0.112888
109 64.977 3.83576 -1.71647
110 75.288 91.2551 -0.815326
111 79.4042 66.5547 1.35903
112 74.6531 7.64325 -2.18611
113 12.4433 44.0471 -2.92634
114 85.2324 82.5559 1.10072
115 47.1882 -0.152452 -1.81477
116 77.4666 70.8231 0.610617
117 89.5573 82.7195 1.46125
118 15.5382 15.0729 1.06422
119 18.2716 45.7324 -2.8347
120 90.3127 78.7373 0.846197
121 52.161 78.3668 -0.910037
122 34.1353 70.983 -1.37174
123 70.4841 62.8417 -0.122691
124 89.1954 52.4251 -3.18004
125 84.151 54.7692 -2.7957
126 55.3856 93.246 -2.07124
127 88.7942 54.3559 -2.50348
128 13.3006 86.1604 -2.06807
129 40.9539 3.49865 -0.038351
130 37.9333 11.3311 -0.29054
131 77.4046 77.3579 0.703406
132 98.0469 83.7313 0.432166
133 96.577 85.0371 0.941613
134 85.9689 70.7558 1.81865
135 87.9709 65.3564 -2.68763
136 98.9172 94.2411 0.292297
137 89.2419 66.4296 -3.44823
138 40.5229 81.211 0.240784
139 29.1686 10.4741 -0.0678632
140 71.0808 10.0583 -1.70482
141 83.796 55.9977 -2.68082
142 84.304 59.5997 -2.74014
143 70.7546 18.2255 -2.06264
144 78.6454 68.4481 1.00963
145 60.1472 99.3504 -1.60378
146 36.2655 9.44099 -0.17899
147 76.2539 15.3324 -1.71357
148 37.6474 8.43531 -0.683065
149 78.9519 70.6278 0.984246
150 48.1874 6.70289 -0.0630087
151 32.9149 6.01923 -0.23432
152 52.8582 73.6079 -1.36848
153 38.8251 4.75895 -0.0906399
154 72.1242 17.7042 -1.6618
155 98.5179 89.2472 0.774874
156 70.4177 9.75749 -1.62507
157 64.6941 21.7403 -2.46615
158 90.2169 74.3576 1.82958
159 79.9837 80.9717 1.36893
160 64.5599 89.2788 -1.24676
161 51.3121 82.784 -1.04845
162 73.8923 11.2645 -1.54653
163 89.4107 49.2067 -2.9904
164 90.8989 57.6729 -2.2834
165 33.1206 1.89331 0.0203473
166 84.3902 52.689 -3.50986
167 91.9479 65.861 -3.01339
168 64.6946 70.3527 -0.145865
169 89.2775 94.9396 1.58123
170 76.0783 10.7529 -2.10172
171 79.3256 61.9488 0.66102
172 54.1598 0.186264 -1.26403
173 69.9621 11.0392 -1.47307
174 81.7672 72.5406 1.34323
175 53.5692 90.2356 -1.40355
176 83.4644 80.4331 0.774731
177 5.66741 76.5762 1.23561
178 22.8915 43.7793 -2.32532
179 34.5466 5.17933 -0.457248
180 10.4888 46.0478 -2.56913
181 71.3211 14.0484 -2.3508
182 21.6097 48.6124 -2.83366
183 61.6904 24.1509 -2.24568
184 87.2706 78.5606 1.04458
185 6.22552 26.1755 -3.10837
186 33.0254 72.0382 -1.5725
187 73.7526 8.10228 -1.91865
188 60.3361 68.953 -0.648643
189 67.1046 83.9176 -0.472744
190 73.836 74.7188 0.986222
191 80.885 68.4036 0.836348
192 8.35292 86.6368 -2.3354
193 65.0516 8.01782 -1.23959
194 97.053 91.4285 0.317128
195 71.3617 66.6187 -0.0124398
196 87.3801 71.4904 1.36308
197 29.5124 16.0746 -0.170108
198 23.9803 57.1494 -2.52001
199 89.6907 72.5969 1.9035
200 90.1391 63.0477 -3.02984
201 56.9975 78.5223 -0.981947
202 61.6528 60.2066 -0.0474871
203 42.9992 14.4889 -0.879232
204 83.5878 70.9013 1.34107
205 58.8314 -0.322226 -1.38828
206 99.4197 6.02523 -0.354911
207 87.7591 78.2343 1.72078
208 86.6931 81.1684 0.768082
209 80.34 77.2994 1.12918
210 74.3821 65.4719 0.122558
211 75.7095 78.2505 0.420747
212 96.8223 84.7415 0.332539
213 36.5336 10.5754 -0.593284
214 68.0981 61.6363 0.159454
215 6.66559 51.8614 2.96692
216 70.9026 22.5413 -1.51139
217 88.4274 62.5172 -2.79036
218 59.0848 21.3688 -2.43479
219 9.23207 22.3853 -3.22814
220 96.4033 68.4498 -2.86296
221 47.2418 13.1574 -0.385531
222 76.1389 67.2929 0.534039
223 85.6086 9.62386 -1.6798
224 12.2139 13.8195 0.412826
225 39.1351 40.5066 -2.50845
226 66.93 15.3366 -2.00856
227 70.6851 6.82215 -1.64804
228 32.6653 16.8031 0.121598
229 49.8377 11.1256 -0.138723
230 95.5349 49.4892 -2.49912
231 72.5953 68.4125 0.725882
232 55.3307 83.219 -1.46369
233 5.6532 63.1202 1.60032
234 86.871 74.4976 1.51162
235 20.9406 49.515 -2.68189
236 72.3058 9.95444 -2.15211
237 67.451 82.469 -1.15872
238 22.0345 45.4707 -2.89375
239 60.675 66.7359 0.010644
240 80.1086 74.9103 1.24336
241 68.6016 75.5943 0.729473
242 41.7575 10.7016 -0.655665
243 88.969 64.0096 -3.13416
244 46.9614 77.6517 -0.272754
245 42.7921 9.76386 -0.815469
246 40.3999 70.0154 -0.879149
247 92.152 54.4053 -2.65972
248 71.3712 58.4033 0.170233
249 81.6036 69.8285 1.35549
250 22.1642 16.3349 0.202311
251 81.3356 10.0394 -2.13807
252 39.576 45.4518 -1.69145
253 9.47885 25.1349 -2.06387
254 69.9916 86.6677 -0.550061
255 77.5747 71.3472 0.985757
256 45.489 10.5238 -0.365076
257 37.49 71.5863 -1.60481
258 73.4377 9.79204 -1.97337
259 22.3478 53.5808 -3.03257
260 88.872 70.9518 2.304
261 11.7595 39.8258 -2.5636
262 70.4465 15.721 -2.28047
263 1.18713 76.7168 0.978138
264 70.3887 0.0952516 -1.31367
265 7.31322 63.7856 0.955758
266 23.4554 99.8973 -0.126587
267 66.4558 72.4716 -0.519656
268 76.0333 85.8287 -1.62353
269 2.82284 80.2521 0.445733
270 18.4173 47.8627 -2.78705
271 21.9744 49.4624 -2.44736
272 32.3893 15.3578 -0.152911
273 87.2903 73.5565 1.82589
274 1.15362 77.8133 1.5445
275 50.299 6.74535 -0.452014
276 95.0878 82.4001 1.01891
277 56.9259 99.1279 -1.14955
278 75.9309 6.195 -2.26399
279 49.5522 15.835 -0.804657
280 74.5983 56.928 1.37912
281 55.0967 93.6041 -1.42505
282 20.5169 37.2684 -2.44608
283 89.3727 67.9444 3.13794
284 69.2415 76.4209 -0.104518
285 80.3514 62.469 1.52292
286 91.4272 52.9561 -3.27247
287 37.7349 72.0235 -1.03826
288 11.2362 13.9089 1.0624
289 78.8571 7.20582 -2.0039
290 66.6838 8.51262 -1.76245
291 61.2992 74.9763 -0.192782
292 88.6894 92.2987 0.316704
293 1.7922 77.7241 1.12568
294 83.9269 85.2911 0.598012
295 41.0537 47.6055 -2.19467
296 87.9848 79.8712 1.42112
297 68.246 13.9088 -1.75393
298 61.539 88.2227 -0.728792
299 83.5419 66.4326 2.12693
300 3.17767 73.0874 0.94527
301 75.9653 69.7157 1.03756
302 78.1119 18.9186 -2.24707
303 72.1879 3.96772 -1.45481
304 64.3278 68.29 -0.422682
305 73.7434 73.2186 0.732561
306 5.36155 92.9634 -0.35037
307 64.7993 86.596 -1.27023
308 14.5997 42.7539 -2.4436
309 18.9589 0.345204 -0.155055
310 41.3487 37.7981 -1.90686
311 88.7379 1.65099 2.51157
312 39.5817 8.99261 -0.378008
313 28.9691 5.16392 -0.463258
314 17.8739 15.8143 0.55221
315 69.1541 9.01685 -1.94593
316 87.3167 63.5471 -3.14747
317 81.884 59.9347 2.73229
318 81.8076 78.2977 1.51153
319 82.4843 65.2996 1.17866
320 74.6586 69.3038 0.555779
321 91.5592 99.1608 1.97375
322 78.8602 65.6166 0.474266
323 77.8431 59.6531 0.640191
324 65.4396 91.4266 -0.483913
325 62.7566 18.0069 -1.87341
326 7.82257 12.4403 0.855029
327 26.9909 8.08772 -0.131748
328 87.6483 80.6655 1.52192
329 26.1068 51.5652 -2.61221
330 35.8222 9.29799 -0.264602
331 98.0374 81.4309 0.967904
332 27.4069 51.3683 -2.37994
333 9.38779 50.0285 -2.6797
334 56.3527 70.9782 -0.848423
335 81.9573 66.522 1.1667
336 92.3645 65.8363 -2.51706
337 62.3727 63.9332 -0.401758
338 65.3887 16.6561 -1.91743
339 7.46939 13.5848 1.20615
340 72.0833 66.2547 0.320129
341 66.9844 -0.304561 -1.44412
342 70.7191 65.2975 0.44457
343 49.4447 14.8055 -0.537453
344 72.8649 6.43608 -1.77361
345 86.9974 84.6122 0.863174
346 1.66339 48.1974 3.16915
347 94.5438 82.8387 0.899087
348 64.1632 65.6855 -0.0290482
349 73.2497 73.7442 0.619967
350 43.9918 8.36486 -0.238088
351 69.6185 11.2333 -1.89707
352 61.2524 83.0044 -0.464627
353 77.1648 46.6156 -2.49121
354 80.2209 52.9792 2.70718
355 80.9399 80.5165 0.679612
356 11.0247 17.0412 1.14029
357 99.0124 84.8923 0.442634
358 14.9526 43.2912 -2.47239
359 86.3957 79.9516 0.871095
360 72.6367 21.1423 -1.85836
361 81.2546 73.3859 1.25304
362 77.5893 63.9459 0.443634
363 30.4605 13.7348 0.143587
364 79.8628 5.63448 -1.81242
365 38.4143 7.08229 -0.195297
366 89.1114 64.5906 -2.544
367 61.6895 1.95269 -0.962289
368 36.0271 8.6148 -0.702057
369 86.6934 83.44 0.64751
370 81.5476 75.5662 1.02342
371 77.8288 71.6387 0.564958
372 81.8017 85.2647 1.19679
373 5.71 48.7069 3.36586
374 62.6663 91.3015 -1.26966
375 38.9753 6.77479 -0.14802
376 66.1096 1.25428 -1.10409
377 20.9684 85.2057 -2.20144
378 42.6999 10.5122 -0.224821
379 92.4882 69.2185 2.77287
380 69.6 14.3673 -1.67653
381 95.5867 86.4777 1.11487
382 74.9519 63.8237 0.478923
383 15.5571 15.0803 1.25426
384 96.4397 7.08478 -0.0684828
385 41.9569 42.8078 -1.76008
386 36.1593 42.8206 -2.27516
387 2.07129 69.6373 1.11955
388 65.509 16.8856 -1.66049
389 84.2739 75.1263 0.812033
390 66.4496 69.9656 0.23863
391 17.3289 41.3679 -3.04136
392 69.1142 92.0147 -0.912884
393 61.6059 18.5781 -2.08107
394 87.3377 63.8514 -3.12004
395 11.7733 41.1708 -2.69829
396 8.20051 21.6252 -2.76624
397 83.183 69.8225 1.0552
398 77.648 76.0585 0.984903
399 25.9676 88.4032 -1.28847
400 77.1086 55.3781 2.27242
401 85.9236 49.4848 -2.73803
402 33.0256 13.6389 0.0719961
403 73.7886 62.3714 0.633969
404 2.21903 1.31391 -0.830632
405 62.9308 69.4705 -0.524941
406 95.2329 49.0465 -2.45798
407 85.4112 62.1833 -3.17209
408 4.95849 47.8593 2.79567
409 89.2375 66.0922 -3.04173
410 59.3323 68.6153 -0.00517825
411 86.325 82.4763 0.807603
412 32.6636 12.7976 0.0775819
413 12.5011 25.4885 -2.43389
414 47.2307 9.31625 -0.223212
415 92.2807 89.7498 0.386258
416 86.6479 77.1536 1.00263
417 84.6279 58.8268 -3.22328
418 76.1644 65.6337 0.577129
419 56.585 75.4855 -1.32782
420 89.606 80.2354 0.812297
421 67.184 66.7907 -0.107939
422 19.2922 48.5439 -2.95811
423 31.3316 68.5323 -1.09154
424 83.6955 81.722 0.882442
425 85.7274 61.1437 -3.34366
426 49.4835 98.8212 -2.04006
427 62.3258 93.8935 -0.7384
428 41.8686 7.94601 -0.318446
429 46.456 7.43836 -0.813845
430 45.299 76.8307 -0.503759
431 44.6578 6.878 -0.397603
432 73.4883 8.20568 -2.28987
433 50.528 0.26569 -1.07603
434 82.8873 82.0902 1.41569
435 76.5446 9.2547 -1.92639
436 68.719 15.5797 -1.7652
437 94.339 88.8852 0.348953
438 56.7055 79.8251 -1.56079
439 54.2506 0.19064 -1.68694
440 80.603 54.1857 2.84853
441 87.1188 58.1924 -2.79997
442 78.2305 65.0544 0.741094
443 60.1288 58.2715 -0.312807
444 41.8441 6.91927 -0.30076
445 78.5174 71.0929 1.30528
446 11.4167 29.2172 -2.1675
447 92.7951 53.4125 -3.00017
448 86.9775 79.4697 0.706798
449 78.1861 69.5039 1.16717
450 64.4561 68.101 0.0686225
451 31.1579 11.0014 -0.109972
452 72.7614 71.8085 0.979627
453 72.5529 12.2376 -2.12071
454 15.6645 50.0701 -2.78758
455 83.4675 48.8582 -3.40317
456 60.6878 63.7223 -0.308483
457 22.8535 43.1701 -2.53014
458 28.6057 53.6438 -2.73711
459 31.3915 67.9277 -1.6146
460 85.5711 72.5916 1.00832
461 93.3936 82.4174 0.617909
462 46.0666 10.2056 -0.434059
463 63.1342 -0.0130293 -1.84375
464 46.5735 16.1258 -0.320548
465 16.6557 44.7787 -2.75817
466 68.5824 19.5645 -2.22466
467 84.4553 65.3034 2.83864
468 85.32 75.0428 0.858092
469 68.684 14.6891 -1.99798
470 66.9184 65.5868 -0.103588
471 46.0337 12.5999 -0.251273
472 45.4048 12.7305 -0.86389
473 1.87963 53.82 -0.745096
474 84.1889 79.8393 1.08373
475 98.4209 49.0256 2.95399
476 97.2206 88.7797 0.828535
477 4.18281 5.51156 -0.607118
478 56.7595 88.0509 -1.29203
479 90.7142 87.291 1.18588
480 22.8917 42.7133 -2.52425
481 88.0749 78.4525 1.0264
482 94.7543 85.1303 0.864443
483 75.2285 60.5746 0.99755
484 76.2884 83.9729 -0.202837
485 79.824 14.0122 -1.97481
486 67.9023 12.8741 -1.86929
487 68.7021 20.7764 -1.5899
488 32.3891 100.118 0.435439
489 84.216 50.7027 -2.63761
490 42.2555 46.3494 -2.36848
491 36.3413 73.975 -1.2659
492 45.3523 10.8833 -0.321416
493 61.2292 96.6731 -1.57445
494 39.2017 71.5582 -1.60347
495 19.7071 88.7249 -2.33561
496 76.6383 70.1618 0.409888
497 81.5317 76.2018 1.37829
498 49.168 10.1248 -0.12215
499 33.6916 65.8971 -1.68445
