500
Particles
0 55.5582 23.9211 2.69721
1 91.1713 100.115 1.7828
2 74.8233 66.1839 1.77575
3 57.8953 88.8579 1.56193
4 58.3101 44.2326 1.7939
5 90.8021 97.7678 1.41433
6 73.2094 49.7321 2.65786
7 65.7528 95.6967 1.67292
8 46.3367 50.0363 2.52402
9 22.1378 0.277721 -0.241147
10 75.2631 29.013 2.01394
11 69.4205 57.2636 2.62316
12 77.4719 64.8041 1.7821
13 54.9288 27.8854 2.1996
14 61.4813 47.7411 2.16126
15 56.014 31.1302 2.92684
16 92.3649 38.9623 2.59878
17 65.1419 62.7902 2.17395
18 61.8163 56.7581 1.97394
19 27.9475 74.6752 2.17758
20 57.2321 90.3948 0.819426
21 71.5108 47.9931 2.19995
22 73.7423 39.3403 1.94484
23 56.0812 35.8989 2.12728
24 61.2095 91.9468 1.18279
25 62.2918 31.9461 2.75335
26 91.8532 92.1966 1.68525
27 68.9262 55.2354 2.02714
28 71.0434 45.4421 2.04617
29 78.2109 63.3063 1.67686
30 46.7827 93.5322 1.45483
31 70.1117 40.4804 1.91985
32 21.08 80.6523 2.1371
33 58.6608 98.2584 1.66366
34 63.2244 29.4454 3.00557
35 57.3727 57.9537 2.53495
36 54.0227 99.5147 1.53111
37 79.8266 59.9317 1.90928
38 64.5063 37.3854 2.86623
39 57.3184 37.3597 2.55119
40 66.8008 29.2668 2.28558
41 54.9277 36.4632 2.04228
42 75.9358 29.4987 2.42157
43 58.9559 89.8623 1.71939
44 92.5365 1.82877 1.2254
45 80.1368 32.5258 2.46166
46 65.1859 33.4801 2.22228
47 89.7995 87.613 1.73954
48 71.7997 32.7829 2.20578
49 59.7936 21.0149 2.51555
50 66.6993 59.2173 2.67427
51 77.2563 41.5475 1.95214
52 58.6579 91.5989 1.07248
53 55.9864 99.6856 1.38192
54 61.3063 44.3766 1.99912
55 73.0665 85.2386 2.44336
56 64.2878 47.7389 1.65545
57 75.0713 22.2081 2.51206
58 64.805 51.1446 2.41708
59 60.3017 31.0557 2.89288
60 65.8932 55.3246 1.76806
61 71.3192 28.7176 2.86457
62 46.8336 44.1859 2.8047
63 30.0034 52.2933 0.499246
64 69.7332 52.4491 2.26782
65 87.2517 88.9696 1.86232
66 63.4703 59.2301 2.50068
67 64.7769 57.9976 1.92716
68 90.2467 85.2277 1.71697
69 84.4478 27.4067 2.2187
70 71.8684 52.4729 2.52635
71 65.5481 32.7663 2.17411
72 63.55 55.5891 1.8167
73 80.9296 57.9278 1.86779
74 72.645 25.7667 2.01454
75 67.2714 92.0164 1.51307
76 75.148 25.5431 2.72107
77 74.5758 51.6508 2.26738
78 82.5692 66.9592 2.29753
79 64.8081 52.9228 1.81128
80 73.0329 31.5224 2.00032
81 64.9031 59.5234 2.70835
82 50.4819 56.9134 2.41447
83 55.3247 50.5667 1.9942
84 71.8905 82.8122 1.74579
85 72.5549 32.5231 2.68178
86 72.3844 28.9323 2.19774
87 82.1269 54.406 1.68546
88 75.0404 83.9857 1.80896
89 71.3527 25.5083 2.2082
90 60.3107 92.8294 1.42692
91 69.2985 40.3573 2.44614
92 76.1713 49.3284 2.5876
93 54.8818 44.8518 1.86322
94 72.1379 31.2941 2.31099
95 32.3015 77.6991 2.01872
96 71.3794 52.0828 2.66531
97 73.6407 54.5652 2.49853
98 68.6691 24.4249 2.66337
99 74.9102 47.9489 2.19319
100 60.9742 92.3356 1.57025
101 62.1831 55.2863 2.11942
102 73.5073 27.9446 2.87369
103 63.697 27.8583 2.45475
104 73.1848 36.177 2.47203
105 59.4565 93.8167 1.10172
106 61.7109 44.116 1.857
107 59.4767 33.6599 2.73321
108 72.251 38.9472 1.80045
109 66.5542 51.6235 1.96276
110 69.1306 93.2358 1.70897
111 83.1835 59.5425 2.09865
112 57.548 88.3198 0.91541
113 71.6773 47.0574 1.93667
114 70.8711 56.8986 2.04099
115 75.4013 62.173 2.18527
116 75.2902 23.2736 1.86622
117 64.9871 36.2869 2.48591
118 44.8584 88.6195 1.44534
119 58.7043 48.3138 1.92365
120 60.0843 27.3106 2.95384
121 79.1338 95.8456 2.22813
122 69.8328 32.1605 2.83611
123 52.8569 45.0321 1.87665
124 72.9306 65.5277 1.6719
125 90.3742 81.3503 2.2554
126 90.1535 42.1427 2.16754
127 50.2101 30.6817 2.67822
128 60.8935 92.3553 1.15615
129 67.2133 57.1551 2.15822
130 65.5138 40.03 2.50556
131 74.653 28.1676 2.48025
132 8.83843 75.1406 2.54323
133 95.8522 85.479 2.16054
134 59.3294 4.46847 0.751037
135 77.1656 54.4053 1.84206
136 72.8863 24.4126 1.98058
137 71.1057 51.8046 2.70706
138 74.579 31.8484 2.43302
139 62.2606 27.2899 2.33269
140 76.6755 29.2476 2.0961
141 80.0198 85.0609 1.35917
142 55.9192 48.0661 1.72795
143 29.5755 58.0416 1.62411
144 70.9343 53.0352 2.22446
145 67.5232 60.047 2.07478
146 58.6656 30.8914 1.98888
147 59.9351 98.5011 1.42757
148 80.6449 56.2775 2.44779
149 60.3195 59.1657 1.71046
150 74.0977 28.6952 2.45647
151 23.1669 79.1891 1.95785
152 73.2554 24.861 2.6176
153 74.558 38.9302 2.27404
154 93.1115 35.7917 1.67819
155 93.6136 87.8742 2.08438
156 51.2198 50.8109 1.85601
157 17.8288 37.4267 -2.05277
158 90.9978 93.7863 1.5042
159 30.4234 62.6633 2.07307
160 58.4648 100.436 1.75569
161 33.2841 63.6366 1.7043
162 59.4992 58.4049 1.98094
163 73.5625 81.3951 1.92667
164 87.753 89.8459 2.19633
165 56.6592 57.3065 1.79698
166 73.5848 82.9687 2.33837
167 83.8495 58.2815 2.0718
168 64.7414 54.1393 2.40113
169 84.8944 89.1529 1.36036
170 30.7833 83.7871 1.41967
171 71.1512 48.9164 2.0886
172 56.5983 28.5124 2.11398
173 76.1162 26.9035 2.54777
174 89.8951 93.7182 1.64303
175 94.0145 78.2738 2.34182
176 75.5242 66.7775 2.06774
177 64.7956 26.355 2.05382
178 60.3982 90.785 0.830535
179 70.3473 44.9011 1.97347
180 73.0079 50.3902 2.45469
181 30.7511 57.7476 1.40513
182 64.4998 46.9064 1.94767
183 52.0793 19.9421 2.32919
184 78.7784 51.1188 1.88619
185 92.1901 88.3365 2.08739
186 75.3936 36.0155 2.22686
187 47.5851 85.7783 2.07817
188 46.807 29.9572 1.83834
189 71.1592 62.4024 2.42141
190 90.9867 93.2796 1.43493
191 74.1281 58.3387 2.5537
192 70.7103 20.836 2.5892
193 78.3723 45.0386 2.09583
194 68.0129 26.9951 2.26184
195 71.6331 50.3914 2.2328
196 60.2883 24.0765 2.48943
197 72.3231 28.3054 2.50663
198 75.7139 49.2737 1.74265
199 11.42 36.4758 -1.36011
200 76.1516 51.3538 2.28118
201 78.2494 60.6197 1.62688
202 58.9194 92.8164 0.976278
203 34.558 64.574 1.80589
204 93.2327 91.0967 1.93164
205 83.6566 57.7116 1.91767
206 67.1146 27.6544 2.2613
207 62.7132 33.8991 2.34664
208 52.3806 60.0974 2.81802
209 45.0502 87.2898 1.38219
210 66.9034 57.6868 2.14089
211 74.2477 35.3764 2.18658
212 93.145 84.9076 2.04517
213 23.6351 76.8972 1.41237
214 47.1838 27.2441 1.88866
215 63.2332 39.5555 2.55101
216 80.7342 35.5836 1.91796
217 70.5084 49.0744 2.60736
218 67.4464 67.9096 2.2795
219 65.4281 63.4932 1.98177
220 80.4766 58.3033 1.50683
221 80.9851 45.8282 2.09246
222 79.2389 58.9168 1.88687
223 63.4586 95.3724 1.1553
224 56.1771 89.235 1.04421
225 76.3216 64.317 2.40186
226 4.43831 27.2018 0.522506
227 77.072 38.649 2.68526
228 73.9472 29.7922 2.73433
229 77.6964 32.4501 1.86273
230 53.9666 30.9413 2.49834
231 67.5032 54.674 2.67321
232 75.8357 45.5292 2.56009
233 65.1189 31.8127 2.62076
234 63.02 29.0917 2.28327
235 62.7253 45.1057 1.8778
236 88.0584 30.2376 2.72664
237 74.2715 64.9923 1.67367
238 65.9599 47.7288 2.14016
239 56.9159 48.9309 1.69871
240 69.3497 55.3333 2.44994
241 48.929 48.6188 2.54617
242 76.9035 37.7811 2.60437
243 76.7852 52.445 1.99663
244 32.2657 64.6174 1.4945
245 76.6605 41.0685 1.95341
246 74.876 32.573 2.26534
247 91.0177 91.8776 1.8928
248 59.1852 47.6819 1.95603
249 70.2503 22.8137 2.7949
250 67.0308 55.735 2.63624
251 69.7936 63.2074 2.5614
252 62.7124 94.436 1.90561
253 52.5273 90.3149 1.42201
254 74.5404 27.4849 2.05097
255 61.4709 58.1351 2.53678
256 77.484 36.592 1.90208
257 70.5527 26.9987 2.66827
258 49.3288 54.0557 2.13901
259 62.2152 44.8942 1.87357
260 93.4549 95.2769 1.80868
261 58.6834 48.8986 2.3244
262 77.6944 30.8842 2.03868
263 75.3722 45.2486 2.33479
264 59.4169 99.0211 1.80864
265 72.7145 27.6196 2.44972
266 64.8986 24.5523 2.44849
267 70.0369 54.5196 2.73386
268 59.9403 27.7755 2.23485
269 67.6152 57.3434 2.41814
270 65.2964 49.9467 1.76218
271 64.4331 47.2351 2.12832
272 21.8223 75.9602 2.18737
273 62.5926 28.5953 2.78422
274 68.0053 36.9487 2.73945
275 74.8405 30.3838 2.48925
276 66.4466 21.5115 2.23454
277 76.8687 49.3708 2.0432
278 82.1328 99.3136 2.22901
279 77.37 38.9632 2.7948
280 67.1954 51.1913 2.53673
281 74.4611 34.2811 2.07636
282 60.3182 47.1215 1.79986
283 85.6863 57.3003 2.2465
284 87.6622 26.9755 1.98224
285 75.3909 53.9078 2.59536
286 51.7343 34.5293 2.41677
287 72.3576 31.967 2.7355
288 48.7699 67.6435 0.711137
289 84.708 27.7418 2.49578
290 66.6824 32.7962 2.27952
291 52.584 17.3789 1.95122
292 93.3465 86.2219 1.30642
293 64.6843 33.9882 2.99336
294 64.6477 45.1851 2.0819
295 70.2741 48.2515 2.46061
296 80.3792 50.7879 1.7899
297 91.0261 38.2511 2.64515
298 52.5853 50.1273 2.11861
299 77.4949 60.035 2.09386
300 67.2939 28.5513 2.98583
301 65.2012 57.5399 1.85485
302 58.6132 26.3714 2.63315
303 74.9409 33.4997 2.78054
304 27.1865 53.8341 0.882943
305 71.8177 62.1644 1.86668
306 56.9618 95.2691 1.39424
307 75.3976 62.8271 1.73605
308 60.4261 52.7307 2.31397
309 65.2657 35.5968 2.3656
310 59.5896 96.935 1.74116
311 60.0198 38.4928 2.79897
312 75.9025 41.319 2.30663
313 23.6386 78.1079 2.33729
314 64.5864 61.6057 2.83365
315 75.6595 37.4563 1.83703
316 75.1153 48.1112 1.95556
317 64.5456 51.1631 2.0819
318 76.1514 63.6934 1.64302
319 78.641 60.4202 1.53595
320 79.3512 58.0505 1.99489
321 65.3562 62.3702 2.40517
322 81.8547 54.9229 1.64315
323 63.9192 52.3747 2.46786
324 8.82703 31.764 -1.75747
325 80.1924 34.7612 1.95581
326 72.5656 27.7523 2.14784
327 65.1727 29.6115 2.38455
328 85.6582 54.7454 1.79239
329 54.9512 85.247 1.12645
330 23.8475 76.7732 1.81265
331 64.374 99.2181 1.62007
332 29.1893 79.2254 1.869
333 77.991 51.5118 1.94403
334 56.717 39.7987 1.86229
335 76.541 59.6586 1.63476
336 82.6768 57.6715 2.08877
337 57.4893 45.5792 2.02883
338 81.3849 36.5868 2.04974
339 70.3348 29.7005 2.8362
340 55.5276 26.989 1.96805
341 57.3869 52.0385 2.40565
342 64.6912 55.013 1.81152
343 77.9917 34.712 2.16376
344 75.3046 31.8464 2.13992
345 68.5469 88.8802 1.52725
346 56.1477 37.8359 1.69842
347 94.89 96.092 1.44567
348 48.1655 32.5233 2.13169
349 90.46 91.2496 1.71201
350 74.3401 36.1747 2.65879
351 33.0084 53.8054 1.55048
352 94.3449 99.2346 1.11925
353 62.6403 94.0649 1.30844
354 69.2886 23.6947 2.07335
355 74.7819 25.211 2.72806
356 82.2353 53.7245 2.4327
357 89.8463 90.1564 1.58765
358 67.221 51.3756 2.02375
359 61.7793 31.1958 2.10608
360 61.3305 62.9088 2.03133
361 58.4346 20.396 2.00326
362 68.8377 49.3833 2.4986
363 73.7456 30.5578 2.7171
364 62.5663 99.5265 2.05643
365 71.8686 41.6471 1.76356
366 73.7624 50.969 1.95146
367 81.8549 58.3989 1.61457
368 56.9973 29.6076 2.70995
369 27.772 77.0201 2.29782
370 55.5389 92.4134 1.45457
371 63.3101 57.8568 2.60935
372 67.0297 45.7161 2.2843
373 76.0165 54.1747 2.70796
374 67.0585 59.6197 2.0643
375 79.7598 49.1591 2.49838
376 68.6707 49.8882 2.14366
377 22.1422 79.0055 2.1024
378 67.3873 35.2658 2.14345
379 81.9608 61.1809 1.83262
380 74.8495 29.518 2.17898
381 6.01184 35.5229 -1.89327
382 71.5519 49.9824 2.49016
383 76.1151 86.3929 2.14173
384 73.9328 44.5484 1.85678
385 63.6875 96.2892 1.17791
386 52.2293 98.1731 1.59409
387 59.143 20.1593 2.61024
388 81.0618 32.5639 2.43987
389 62.0406 31.3882 2.71713
390 55.089 54.226 1.62567
391 63.2727 51.8515 1.89565
392 62.5865 29.8872 2.71755
393 80.4813 38.275 2.76471
394 71.9418 52.3824 2.63748
395 66.6039 51.8272 2.57764
396 66.6206 62.479 2.40375
397 69.0155 54.8058 2.05886
398 24.3941 76.5732 1.38595
399 51.7682 49.3002 2.11645
400 56.7489 46.7427 1.75241
401 32.9412 77.1648 1.79382
402 69.5791 23.3447 2.32167
403 73.2202 49.1176 2.34255
404 69.4618 32.4417 2.22562
405 91.9875 99.6299 1.64628
406 50.9208 24.7749 2.65393
407 74.1319 53.3741 2.76699
408 63.0763 38.8584 2.871
409 85.1727 56.7881 2.14553
410 59.2287 49.5099 2.15846
411 69.4243 56.9456 2.10816
412 77.5547 26.4158 2.87619
413 57.7997 49.4194 2.54614
414 77.9489 36.8095 1.87134
415 85.6173 87.9771 1.88471
416 78.8398 49.8949 2.16917
417 55.9113 46.802 1.78737
418 68.6382 57.8647 1.88885
419 70.9267 85.7219 2.0059
420 63.5055 31.5183 3.00836
421 66.5179 56.1796 2.38645
422 62.5065 48.6033 1.94515
423 78.9478 54.8107 2.15125
424 65.5265 61.8519 2.07622
425 69.8815 44.4193 2.52147
426 3.1146 33.3331 -1.28702
427 67.8648 61.0404 2.13981
428 71.8044 34.8049 1.96615
429 75.4984 31.2315 2.29173
430 27.8032 60.0933 2.00087
431 79.161 47.3709 1.78077
432 62.7474 59.5717 1.92958
433 87.2852 54.9037 1.87848
434 67.8467 31.9065 2.5482
435 63.0082 96.7983 1.3626
436 32.0127 59.4292 1.60993
437 62.1108 26.6568 2.53985
438 79.8708 66.2034 1.62459
439 81.8325 59.8702 1.94779
440 77.8493 26.7308 1.94432
441 49.0762 25.6245 2.41073
442 72.2522 55.2384 2.3836
443 9.01566 39.4136 -0.873454
444 76.5458 42.9568 2.35964
445 85.3972 95.6514 1.65951
446 67.6553 95.0051 1.25373
447 54.1088 33.7871 2.73864
448 69.2552 50.5821 1.85631
449 81.7219 27.5236 2.01224
450 59.8078 52.8978 2.42713
451 68.4035 25.38 2.27094
452 67.7199 62.247 2.17325
453 74.2997 26.1057 2.2901
454 70.2829 59.1736 2.02236
455 81.6444 88.2852 1.85614
456 54.5776 43.8451 2.20688
457 63.6432 46.8817 2.25798
458 65.9793 43.2194 2.01581
459 93.6291 85.8574 1.64769
460 64.5521 29.5652 2.25174
461 58.0831 93.0957 1.59977
462 76.4521 39.9747 2.41696
463 66.534 49.1484 2.59381
464 85.3721 45.9423 2.1817
465 60.84 50.8627 2.59591
466 78.1179 34.0142 2.28862
467 82.7575 57.5294 1.82513
468 58.2632 27.8394 2.75276
469 34.0478 54.7765 1.94533
470 15.1009 76.8565 -1.42342
471 68.7861 33.983 2.21246
472 77.9973 42.2003 2.34274
473 77.2348 49.4661 1.97654
474 14.067 34.8092 -1.87626
475 54.1099 30.1547 2.7767
476 89.4524 90.0067 1.76515
477 75.5589 31.7343 2.54875
478 55.9489 62.5446 1.98598
479 67.8116 87.655 1.87285
480 61.5234 38.3702 2.63858
481 84.9465 53.7366 2.26165
482 69.8548 23.4518 2.48854
483 59.9168 54.7837 2.5105
484 57.4972 30.7721 2.72913
485 53.7182 20.1599 2.65293
486 78.0822 29.4479 1.84662
487 77.2436 33.6066 2.33152
488 47.9163 46.7942 2.21577
489 69.4225 86.3039 2.345
490 67.3095 92.7583 2.01203
491 71.4658 29.2341 2.6648
492 79.5241 45.3011 1.97796
493 73.145 36.8322 2.79932
494 70.9122 24.9782 2.72857
495 64.4161 34.5937 2.78069
496 70.3339 54.4655 1.78658
497 66.7565 57.5291 2.57022
498 78.7235 29.8841 1.87546
499 78.1341 70.6622 2.00857
