500
Particles
0 65.7564 12.4126 2.75043
1 94.5582 8.62634 2.68229
2 76.1522 88.1133 -2.75563
3 60.7454 30.5952 1.54718
4 3.80422 1.19592 2.47075
5 76.8352 11.8424 2.89718
6 52.984 18.926 1.53176
7 53.6753 48.07 -0.20421
8 95.5423 15.5715 2.86591
9 95.8409 18.5031 2.61684
10 86.335 14.8315 2.26528
11 29.5357 62.778 0.576914
12 52.4356 32.1752 1.11683
13 6.07282 92.0997 1.8627
14 4.03523 2.58848 2.71637
15 12.5898 39.0359 -2.54918
16 92.4696 19.3038 2.83779
17 2.20119 38.3069 -2.78757
18 3.87242 11.6069 2.41391
19 65.4593 26.3758 1.73355
20 56.5336 31.3371 1.14077
21 46.9614 19.0932 1.35588
22 80.9888 23.2138 2.54063
23 8.25768 97.4934 2.17384
24 60.1683 35.0054 1.69064
25 74.1148 18.5707 3.15883
26 77.4972 9.84855 2.62661
27 21.6795 53.3816 1.33219
28 64.3003 17.2389 2.40785
29 13.1714 92.9053 2.34711
30 77.0804 95.9495 -2.02454
31 76.9172 23.0322 2.9128
32 57.4574 29.8654 1.80826
33 78.8765 85.0928 -2.41204
34 78.627 19.8743 3.06781
35 1.89486 18.4907 2.47331
36 25.4326 64.5917 1.29126
37 53.8807 24.8239 1.76482
38 69.7091 17.945 2.68312
39 5.3618 98.8131 2.29422
40 82.3244 19.7102 2.47095
41 3.81767 98.61 2.24192
42 88.185 19.9421 2.68308
43 60.0251 31.3153 1.22205
44 94.141 11.3525 3.02438
45 89.2418 17.8493 3.16095
46 79.3204 22.5783 2.13014
47 86.9396 36.2782 2.51094
48 82.4077 19.1399 2.50002
49 75.2779 13.8236 3.11582
50 10.5122 21.8647 2.91448
51 82.5634 24.6852 2.50143
52 57.8206 33.5763 1.06284
53 24.7827 64.2791 1.45655
54 7.32607 1.9046 2.56467
55 72.7242 28.8403 2.10908
56 9.00672 3.87392 2.66911
57 85.595 10.9626 2.58361
58 5.43381 6.69473 2.10414
59 72.0653 18.3476 2.595
60 8.14681 16.6823 2.66496
61 86.3096 18.4929 2.90543
62 94.0634 14.2036 2.43374
63 92.9132 4.28002 2.66495
64 50.5117 23.5425 1.21368
65 72.5198 32.9758 1.94671
66 5.70787 18.9517 2.90425
67 6.24168 18.9672 2.26215
68 71.1832 29.7824 1.78754
69 91.2239 12.6423 2.36078
70 52.622 22.0257 1.55343
71 77.801 19.2515 2.52574
72 6.56809 15.0748 3.01021
73 55.2717 24.1818 1.07373
74 84.1303 12.5233 2.90635
75 62.3021 38.879 1.14267
76 86.3829 11.2144 2.43319
77 52.925 21.769 1.53952
78 77.6755 7.00768 2.75064
79 7.24319 8.66959 2.15412
80 82.616 16.0574 2.50691
81 4.84731 17.6009 3.17818
82 67.3604 23.9405 2.21906
83 2.5235 6.26512 2.01381
84 76.0749 27.0946 2.09623
85 82.0894 16.7612 2.48011
86 83.5451 15.612 2.26462
87 66.8926 22.3555 2.60446
88 66.4394 26.9606 2.19688
89 81.3022 12.4005 2.84689
90 57.8741 35.0064 1.15201
91 74.5609 22.547 2.66367
92 66.5922 21.0769 2.40356
93 3.97684 3.71875 2.35897
94 84.3723 18.3913 3.1067
95 60.8229 26.0574 1.2365
96 46.496 22.0425 1.77866
97 54.8552 25.6185 1.10635
98 81.1822 12.6343 2.94118
99 65.6663 20.9613 2.42626
100 59.9216 33.8315 1.02118
101 6.14901 12.5484 2.06278
102 87.3029 16.8625 2.44626
103 78.2929 17.255 2.45974
104 83.9782 21.9013 2.10098
105 55.9748 36.4907 1.30338
106 6.95239 3.2073 2.35846
107 63.2043 15.0379 2.68174
108 82.3545 23.4416 2.52798
109 11.1458 6.7662 2.66839
110 82.043 52.5792 -0.939614
111 54.5214 23.9087 1.23706
112 57.2623 30.1647 1.32382
113 57.0987 17.8785 1.39542
114 45.2166 28.1472 2.15232
115 51.8395 31.4207 1.43832
116 84.7515 9.85262 2.78416
117 74.4341 20.8429 2.74526
118 55.3869 32.1995 1.00758
119 6.1204 3.13842 1.90299
120 74.6097 17.7346 2.81845
121 99.074 16.9515 2.31904
122 83.5622 20.3764 2.19211
123 0.892503 10.4935 2.00229
124 2.88945 88.2281 1.50376
125 72.2012 28.309 2.5143
126 90.3486 27.0828 2.39871
127 4.14875 94.7361 2.44434
128 61.0598 35.2811 1.2647
129 71.8838 91.9518 -2.78991
130 66.5512 18.3081 2.07898
131 84.9791 14.3451 2.93907
132 78.9113 31.1115 2.86851
133 77.7286 32.6735 2.38825
134 75.4582 13.0528 2.73491
135 57.2534 22.7552 1.16171
136 83.4092 13.1418 2.87642
137 51.7294 23.6225 1.84921
138 85.5683 18.5573 2.85629
139 76.9369 18.116 2.53348
140 87.4725 14.6801 2.80518
141 73.7553 30.5091 2.35919
142 5.95231 6.35597 2.70162
143 92.545 20.8428 2.64161
144 50.4882 26.7068 1.9704
145 71.0992 93.0271 -2.27796
146 67.9962 16.8159 2.07387
147 76.0665 84.807 -2.94596
148 62.605 23.8555 1.87069
149 5.51364 18.0506 2.39088
150 89.4728 18.8622 2.67773
151 58.7235 28.2283 1.35336
152 84.6933 11.9744 2.46893
153 81.466 21.6154 2.76524
154 91.7902 18.7257 2.48328
155 79.5514 34.0301 2.84692
156 0.0476322 16.7513 3.22635
157 88.2763 27.9007 2.18335
158 76.6305 11.2934 2.34302
159 94.1214 25.6944 3.33657
160 78.0939 90.9588 -2.09261
161 90.4604 23.7098 2.8488
162 5.655 22.2604 3.07521
163 70.8021 26.6633 1.79909
164 68.3691 40.4541 -0.795561
165 1.56125 16.6772 3.04018
166 68.3644 26.6163 2.34511
167 57.7747 26.1042 1.64985
168 5.64967 10.8533 2.80965
169 63.3511 32.7287 1.81091
170 95.4658 3.31041 2.88249
171 53.3408 18.9083 1.98585
172 63.5546 13.9627 1.94461
173 89.5402 15.6317 2.85596
174 77.0859 11.6954 3.16895
175 77.0754 28.488 2.23361
176 8.76128 38.0253 -2.21629
177 79.5951 17.5597 2.90513
178 62.6866 34.1271 1.61701
179 64.4517 17.8974 2.67983
180 56.5783 19.1164 2.03645
181 95.3959 19.4326 3.00674
182 9.93651 3.87782 1.9821
183 68.3023 13.8708 2.33245
184 70.3023 22.8716 2.58123
185 75.8553 34.8954 2.65482
186 84.6801 20.7349 2.48494
187 59.2004 29.5348 1.25225
188 0.453046 7.11062 1.90323
189 77.5148 91.4711 -2.47115
190 76.3064 11.3279 2.54506
191 51.8921 27.8026 2.06324
192 82.1014 11.4531 2.62361
193 78.7072 23.954 3.02826
194 81.2989 14.735 2.53438
195 50.8995 20.397 1.10696
196 77.8255 16.5126 3.12422
197 83.7646 14.3436 3.12244
198 66.3344 21.4304 2.11956
199 77.565 13.926 2.64125
200 55.2721 21.7669 1.48633
201 12.8091 91.2401 2.25057
202 59.9144 34.5663 1.19812
203 93.402 25.8607 3.2094
204 78.295 10.4973 2.65776
205 58.3495 23.994 2.03534
206 80.7217 16.8045 2.7548
207 73.7824 20.3948 2.55173
208 72.1568 25.9006 2.57414
209 56.6906 31.5721 1.21431
210 8.1883 15.5197 2.17447
211 83.0063 20.4728 2.28176
212 76.9142 31.9163 2.10242
213 61.3229 26.7313 1.33539
214 98.2248 5.99712 2.52623
215 59.8606 15.6809 1.92011
216 89.4087 22.3159 2.63082
217 50.9041 18.4059 1.47281
218 87.7791 32.362 2.48071
219 4.75658 38.3386 -2.30767
220 57.0143 24.4466 1.79619
221 83.6327 25.8614 2.73099
222 54.5794 24.886 1.2203
223 53.6611 39.9314 1.33977
224 58.9496 30.8788 1.11908
225 31.2351 62.1884 0.560233
226 92.5144 17.6801 2.87658
227 84.4875 21.1221 2.1646
228 85.5144 16.0642 2.35006
229 87.3511 17.449 2.76815
230 6.94953 93.9244 1.88565
231 12.1531 16.5637 2.54981
232 74.8548 22.8653 2.79112
233 78.6212 19.7616 2.90404
234 76.1263 16.6886 2.97622
235 8.98947 1.86405 2.26996
236 92.6097 16.7774 2.38295
237 78.8293 90.4826 -2.47945
238 8.21197 1.51134 2.73777
239 3.22664 3.86263 2.03993
240 48.2115 28.0173 1.52555
241 96.0781 14.4638 2.42316
242 84.8251 23.9961 3.08577
243 57.328 20.6946 1.779
244 92.456 24.1112 2.9532
245 82.8427 23.8867 2.65925
246 85.4813 17.2213 2.76408
247 94.5433 96.4235 3.06959
248 4.29162 4.90153 2.05203
249 82.6138 11.511 2.8673
250 18.6835 56.4929 0.564288
251 74.6715 90.5346 -2.4115
252 50.8784 45.7031 -0.439383
253 57.3898 32.7613 1.58458
254 85.9659 15.9321 2.60273
255 4.61434 16.7109 2.8509
256 85.9296 22.2278 2.4009
257 85.3503 17.1016 2.51735
258 97.911 17.6601 2.63342
259 9.17854 2.70112 2.324
260 79.1537 13.4265 2.72441
261 6.00029 4.65074 2.77057
262 89.4667 18.8895 3.16714
263 76.4602 23.77 2.20312
264 77.701 85.6893 -2.82851
265 82.3193 12.5977 2.57846
266 80.111 15.7509 2.69893
267 47.0745 24.3058 1.76398
268 76.5944 19.9088 2.9654
269 22.6057 56.3154 0.55367
270 8.59118 7.61252 2.18984
271 10.6651 3.49125 2.81961
272 59.9961 26.7321 1.40179
273 77.2437 17.479 2.49185
274 79.1749 21.7945 2.75437
275 85.2094 15.2408 2.88486
276 80.4953 14.8689 2.77622
277 62.0629 19.3181 1.84167
278 90.9435 7.02755 2.59691
279 85.7566 25.5401 3.01878
280 7.77635 5.79208 2.51872
281 85.4876 19.9428 2.9111
282 6.45317 2.37704 2.25264
283 52.6915 30.4361 1.37427
284 90.0295 10.7054 2.2299
285 53.4526 22.1363 1.97684
286 0.940101 97.815 2.33919
287 83.4959 18.0369 2.43172
288 63.2891 27.0676 1.91668
289 90.5331 11.1065 2.58974
290 79.577 20.7494 2.12897
291 97.4418 11.5886 2.9351
292 63.4013 32.0286 1.80054
293 77.2284 20.7163 2.80413
294 9.02899 1.20614 2.82878
295 91.9672 34.5841 1.92501
296 71.4722 23.9937 2.41583
297 90.6556 18.522 3.19295
298 99.2577 13.5683 2.34679
299 55.3287 26.2868 1.35745
300 81.2207 16.7044 3.09523
301 7.19625 16.2069 2.94296
302 71.2395 14.4069 2.73134
303 84.8313 18.4407 2.56467
304 92.9315 6.38347 2.23048
305 76.7763 90.9752 -2.39402
306 30.1913 62.8731 0.485253
307 78.0214 89.8228 -3.01138
308 7.25351 6.66239 2.53771
309 78.0112 23.2744 2.20787
310 33.0481 62.3009 0.999478
311 8.90774 96.5137 2.06012
312 81.6732 23.1992 2.64287
313 59.0223 27.9514 1.45371
314 1.73267 27.262 -0.565684
315 82.9688 20.2202 2.22157
316 57.8039 19.7956 1.38036
317 7.13951 8.6551 1.931
318 53.765 33.5462 1.55219
319 53.0971 26.799 1.07959
320 53.8335 24.1737 1.20612
321 4.23521 35.9164 -2.08903
322 58.2624 21.7552 1.65976
323 6.00699 8.51948 2.63664
324 85.0284 6.52279 3.19737
325 89.3931 21.4667 3.09658
326 84.5794 13.3315 3.02976
327 80.8406 18.6346 2.52942
328 69.1619 24.0491 2.02218
329 63.3999 27.7905 2.06192
330 58.3733 26.689 1.84806
331 75.2502 75.1583 1.95487
332 61.0193 28.1305 1.69751
333 66.8875 22.5112 1.97837
334 4.40528 1.04501 1.78921
335 51.6238 26.726 1.3114
336 56.2505 23.0606 1.5688
337 3.02168 1.71407 2.44664
338 87.5285 21.0501 2.93515
339 85.0425 19.2531 2.27896
340 44.4031 20.3399 1.81494
341 3.52261 7.58168 2.80116
342 5.57081 11.3377 2.56403
343 88.0215 24.1054 2.82424
344 86.6821 18.117 2.66132
345 63.0573 31.4502 1.36362
346 0.965754 100.302 1.76139
347 76.8529 10.606 2.94083
348 0.408838 6.10738 2.39507
349 77.0513 7.34382 2.59969
350 83.2085 22.3095 2.28246
351 97.5835 17.6436 3.06122
352 93.8774 9.38946 3.17793
353 57.4193 37.5927 1.75863
354 82.3936 14.3056 2.81398
355 87.2641 12.3048 2.9023
356 63.8019 22.5847 2.00237
357 88.7243 38.4672 2.18304
358 8.88213 7.88584 2.88242
359 74.1348 18.7415 2.85727
360 96.6309 23.6923 2.3539
361 73.4483 13.9207 2.7968
362 48.8009 22.2006 1.6536
363 83.9835 14.2532 2.55961
364 79.1723 87.237 -2.97098
365 78.6732 23.424 2.78222
366 54.1044 20.9989 1.94965
367 58.2525 24.9538 1.6117
368 67.7917 16.6197 2.38551
369 62.7999 26.8244 1.8244
370 55.4098 34.2476 1.19632
371 5.67769 17.4969 2.23429
372 11.0425 1.39485 2.34689
373 54.3652 22.8948 1.56638
374 76.626 91.7784 -2.7506
375 76.779 24.0609 2.36062
376 11.8191 4.93483 2.35073
377 56.6686 28.0438 2.03826
378 79.0878 22.5786 2.74043
379 55.1649 26.8323 1.83251
380 87.1501 17.3425 2.99294
381 80.14 8.0974 2.85754
382 50.2008 19.7262 1.88634
383 65.1084 29.0457 1.49976
384 75.0933 23.3595 2.44689
385 37.1793 61.8173 0.426045
386 25.7912 64.1021 1.37327
387 77.2317 14.4968 2.64879
388 90.5337 19.6933 3.04761
389 72.3673 16.9167 2.58462
390 1.41436 11.9555 2.77766
391 6.31458 5.85555 1.93779
392 72.7479 14.4803 2.6009
393 87.225 24.3586 2.83248
394 50.0934 22.137 1.60253
395 7.8739 8.4503 2.67166
396 5.08196 35.9641 -2.31849
397 50.8211 31.0172 1.80211
398 60.5231 26.4456 2.00268
399 98.9002 14.9048 2.95261
400 2.22327 2.65105 1.94191
401 68.383 26.8205 2.06072
402 82.2014 12.926 2.58333
403 48.6956 18.5219 1.28762
404 82.1497 19.4502 2.18105
405 93.3239 8.57643 3.15094
406 4.42585 91.9179 1.86389
407 51.8513 20.7833 1.15395
408 61.1917 16.3602 2.42576
409 57.7814 23.3212 1.48295
410 2.5187 4.10167 1.87074
411 47.4363 29.7275 1.26068
412 91.9446 14.8923 2.50238
413 4.56468 4.92404 2.31004
414 86.4905 24.0901 2.71107
415 63.3122 31.4057 1.83374
416 71.2122 23.1838 2.63087
417 1.91167 3.84374 2.4524
418 8.48805 14.3986 2.02328
419 65.6696 28.3001 1.71585
420 76.0577 19.4443 2.75906
421 3.65224 11.6308 2.58396
422 7.15952 4.47415 2.45081
423 57.0981 22.6705 1.18395
424 7.19451 35.5617 -2.30106
425 53.0267 16.8552 1.90505
426 55.4326 28.2723 1.58677
427 72.7766 93.4916 -2.44493
428 84.2056 22.279 2.92175
429 88.4827 20.779 3.12315
430 91.9141 21.6844 2.76202
431 78.9102 25.1773 2.78523
432 5.86782 19.7843 2.85653
433 58.7176 25.7425 1.80265
434 80.4564 20.1939 2.29554
435 77.5448 85.0792 -3.04049
436 94.4205 20.6752 2.74231
437 77.8032 16.5938 2.56307
438 12.4397 94.0743 1.6559
439 56.5581 25.4632 1.15293
440 86.8943 11.672 2.95678
441 3.30727 90.9102 2.05698
442 50.8316 22.7252 1.25625
443 80.2165 13.0361 2.92182
444 82.0968 24.9726 2.68307
445 76.7674 11.4976 2.90476
446 84.2763 76.5834 2.88642
447 4.19868 96.4509 2.37516
448 14.9608 44.4056 2.65002
449 89.8302 11.5738 2.76689
450 4.79911 7.97459 2.03067
451 83.7647 16.3321 2.66451
452 75.2991 93.4366 -2.67459
453 88.4954 15.5938 2.67658
454 70.9876 93.6152 -3.14006
455 67.7302 29.5481 1.80647
456 -0.0464401 1.61485 2.73846
457 8.24002 1.25626 2.59076
458 27.1834 23.5571 0.2194
459 75.0738 31.936 2.37848
460 77.3637 17.2001 2.634
461 58.0064 34.9668 1.27533
462 84.162 25.1092 2.99817
463 11.2684 5.85604 1.8799
464 85.7158 27.147 2.56279
465 6.66078 7.88981 2.25382
466 87.7773 21.2094 2.40133
467 54.6759 23.9282 2.00689
468 72.6175 17.2053 2.69887
469 96.8283 18.9587 2.97576
470 96.7334 8.8402 2.39344
471 83.4393 22.6631 2.17721
472 83.7915 25.4709 2.26835
473 60.268 19.162 1.98053
474 13.4414 40.4272 2.9257
475 3.70263 94.2111 2.01987
476 89.7492 38.5533 2.34904
477 83.1735 15.4541 2.81117
478 76.4017 26.792 2.83607
479 62.8636 30.2339 1.1772
480 10.2641 100.04 2.78536
481 72.1651 24.6567 2.33131
482 83.3062 13.9907 3.10782
483 3.24884 8.81242 2.27174
484 69.3244 17.8314 2.48887
485 71.2995 14.8264 2.35371
486 90.8532 15.9348 2.91669
487 88.8302 21.7715 3.0431
488 98.5047 16.9305 3.06701
489 69.4963 28.0763 2.29722
490 50.7091 43.147 -0.7725
491 85.6617 17.3262 2.35383
492 83.9393 27.4763 2.5121
493 82.8167 22.2359 2.81275
494 84.8762 15.6079 2.20867
495 75.9155 20.9267 2.84783
496 50.8223 28.1566 1.74133
497 9.02578 34.6453 -2.69567
498 91.5062 19.3425 3.1126
499 87.3841 34.1626 2.00147
