500
Particles
0 52.047 48.4049 -1.42419
1 5.15784 17.7353 0.963967
2 2.30902 22.9905 0.658347
3 78.7692 43.5881 -2.00469
4 4.60646 5.32227 0.509614
5 20.2081 25.8945 0.319651
6 13.2158 15.6748 0.5187
7 66.8651 0.25946 -0.00484899
8 67.2174 43.4097 -2.0106
9 70.0192 49.6257 -1.7562
10 75.0612 31.0177 -2.85235
11 63.3868 95.3641 -0.262396
12 86.2883 37.2991 1.75817
13 49.8621 10.7651 -2.56354
14 7.31112 6.98514 0.878247
15 90.8735 41.1149 2.09478
16 83.7281 45.5464 -2.12217
17 57.7884 20.1104 3.42722
18 8.04899 14.9689 0.423731
19 2.13824 92.4256 0.264927
20 76.4167 43.7607 -2.33035
21 14.7478 13.8844 0.766626
22 66.7614 26.0471 3.05499
23 59.8406 22.5901 3.19615
24 9.0662 64.2731 -1.41922
25 18.3766 31.0695 0.579189
26 27.2945 24.5696 1.10996
27 68.7363 91.5688 -0.602263
28 51.0061 50.5564 -1.52875
29 60.9397 22.4408 2.62861
30 6.48718 26.5442 0.804831
31 96.4502 81.4611 1.52686
32 74.0983 39.0086 -1.97872
33 2.88527 22.1421 0.897503
34 65.8936 34.5633 -2.95746
35 46.2784 48.726 -2.53648
36 63.6168 98.392 -0.627178
37 13.7485 20.4483 0.0969001
38 92.9542 30.9567 1.77685
39 2.69378 7.37321 0.0502853
40 69.6186 25.2113 -3.21151
41 50.0387 11.2974 -2.45369
42 64.3615 49.3982 -1.8292
43 94.0961 49.7918 1.5018
44 6.13292 21.7959 0.869227
45 71.9934 53.224 -1.34833
46 55.859 51.7217 -2.0237
47 56.0614 16.1772 3.0622
48 65.0339 41.1523 -1.85081
49 19.7321 25.5526 1.10048
50 74.8713 45.0891 -1.81185
51 58.3105 54.9042 -1.49791
52 6.26245 61.1028 -1.31323
53 63.7513 94.7971 -0.280183
54 61.5334 23.9001 2.88721
55 46.4889 4.76825 -2.09643
56 61.4086 34.2113 -3.13012
57 32.1928 53.2854 1.96684
58 58.823 26.0734 3.21366
59 19.5187 28.9509 0.599251
60 11.1848 21.6361 0.412676
61 63.7753 45.5862 -1.41979
62 47.8474 53.3218 -1.70305
63 4.55376 13.0244 0.18908
64 9.54378 19.907 0.475134
65 42.5971 16.247 -2.50098
66 12.988 25.0854 0.875224
67 44.5151 38.8734 -2.16501
68 40.9459 11.658 -2.76041
69 52.3726 56.9077 -2.03959
70 13.8469 17.8777 0.234106
71 32.6697 30.2066 2.27534
72 9.11271 22.0378 0.368548
73 51.7298 32.1405 -2.07322
74 32.2563 24.4174 2.48874
75 52.3079 99.0603 -1.64399
76 48.7008 57.6201 -1.49678
77 10.8462 17.3684 0.213053
78 7.60598 24.8841 0.94272
79 11.1209 12.6703 -0.0274182
80 47.7007 58.4058 -1.61201
81 11.5682 24.7568 1.14662
82 33.3052 85.9229 0.930829
83 11.3239 10.0034 0.334704
84 28.911 38.4842 0.586184
85 42.9544 50.9588 -2.07564
86 39.0298 68.7346 -2.45098
87 41.0159 6.86803 -2.044
88 10.9982 97.6721 -0.596232
89 27.3639 25.1241 1.19609
90 50.609 95.0007 -0.808381
91 96.6863 80.258 1.39091
92 41.4933 4.90998 -2.28366
93 59.2305 26.6487 3.29136
94 70.7072 35.4086 -2.60558
95 49.8024 51.5692 -2.34537
96 9.90492 18.4033 0.614396
97 14.1637 22.0209 0.837667
98 27.8297 25.1077 2.37134
99 77.6534 36.9449 -2.20506
100 6.47231 59.8975 -1.41947
101 6.84244 16.3067 0.862051
102 69.2761 44.2259 -1.42187
103 37.6339 30.0177 2.95381
104 59.8144 48.2988 -1.10487
105 51.2826 93.8937 -1.42433
106 60.3632 35.1838 -2.67356
107 57.2838 37.711 -2.83974
108 60.3826 53.0953 -1.66236
109 60.4063 40.3273 -1.72215
110 85.5395 34.914 2.34601
111 14.4671 19.6416 0.117495
112 73.0817 44.0345 -1.64914
113 53.6298 24.1373 -3.41986
114 91.5973 45.3818 2.19233
115 46.3032 37.3005 -1.98318
116 10.6924 26.9305 0.480952
117 27.9956 31.8628 1.50178
118 82.1947 43.6593 -1.7294
119 59.0096 26.141 2.87879
120 28.28 29.6552 1.24109
121 73.2984 40.9602 -1.84174
122 69.4588 36.4906 -2.23382
123 5.34168 15.9808 0.162512
124 45.4863 11.8438 -2.68584
125 43.6489 15.0054 -2.49297
126 87.4412 77.4801 1.7553
127 45.2511 11.4735 -2.58428
128 8.65083 65.0955 -1.62418
129 54.8635 48.234 -1.56866
130 53.5194 55.7138 -2.03979
131 75.2924 29.3677 -2.94479
132 58.1412 93.4657 -1.19756
133 55.2249 95.5144 -1.2669
134 21.8819 24.7165 0.880997
135 16.5102 17.9772 1.05386
136 34.5178 22.5636 2.24772
137 15.9022 18.661 0.153058
138 69.1276 38.3905 -2.44924
139 44.5641 56.8896 -1.80066
140 68.439 46.3377 -2.02579
141 41.8369 17.0085 -2.13186
142 12.6756 7.96714 0.0396834
143 73.2144 53.0933 -1.89365
144 14.0541 21.6977 0.993446
145 54.9409 34.821 -1.88175
146 54.4953 53.7559 -1.57102
147 99.9698 21.8608 1.01054
148 51.9549 54.3907 -1.39094
149 13.5517 24.5466 0.290314
150 62.1509 48.9804 -1.11292
151 48.4162 52.1868 -2.35321
152 36.6343 25.7776 2.33537
153 59.3259 49.3413 -2.11748
154 74.5557 53.0655 -1.8058
155 57.6107 97.5375 -1.16446
156 70.3737 44.8446 -1.3088
157 64.9762 56.4018 -1.43696
158 26.6847 26.0466 0.856855
159 87.8441 42.2689 2.55176
160 6.11333 25.0025 1.03617
161 92.1854 79.0881 1.17928
162 73.8058 47.5289 -1.35645
163 44.0334 8.61711 -2.48979
164 21.1622 79.4048 0.600325
165 46.876 46.8063 -2.24821
166 39.8568 13.3128 -2.51585
167 19.0569 19.48 0.621568
168 7.42113 16.082 0.540508
169 3.50229 51.2992 1.66006
170 0.736501 19.5872 0.352625
171 12.1008 16.602 0.4837
172 52.3466 35.3512 -1.57721
173 68.7466 47.0318 -1.58642
174 15.4086 27.5916 0.451225
175 91.5313 82.9721 1.17708
176 88.8648 42.2283 2.36745
177 41.2202 52.7375 -2.28235
178 2.49445 54.3507 0.4237
179 50.2712 50.4305 -2.16204
180 52.651 25.6213 -2.51743
181 72.7332 48.5975 -1.40144
182 60.3143 34.0653 -2.60363
183 88.9783 19.3834 3.0525
184 18.1177 34.2321 0.74362
185 56.755 0.722398 -1.4311
186 69.4181 36.2655 -2.0676
187 72.3208 44.343 -1.18524
188 4.34687 11.6317 -0.050135
189 8.92216 25.429 0.536686
190 9.87117 29.4684 0.943988
191 13.8717 23.3109 0.609833
192 43.741 50.9032 -2.50993
193 62.5474 43.1781 -1.86703
194 32.1109 24.9079 2.0895
195 11.0061 16.6577 0.0322229
196 23.6253 25.0852 1.07893
197 41.1011 68.2853 -2.17065
198 35.1646 81.9103 1.22951
199 25.9052 25.0253 1.08129
200 16.0612 16.2391 0.284606
201 100.123 4.66469 -0.400575
202 4.75548 62.8809 -0.915414
203 63.8525 63.0682 -1.70777
204 16.8509 25.9496 1.09891
205 53.5834 35.4132 -1.99245
206 28.9712 50.9015 1.64841
207 24.2362 29.9631 0.685452
208 17.5073 35.577 0.121631
209 83.9971 39.1078 2.13763
210 10.0273 18.2994 0.272142
211 69.7928 29.6528 -3.23808
212 56.9912 94.8551 -0.460915
213 53.3213 57.2586 -1.27241
214 7.90613 11.0915 0.0555831
215 54.8599 29.4239 -2.53313
216 70.6587 56.9661 -1.85682
217 13.6668 15.45 0.0364591
218 63.3275 59.0603 -2.12846
219 60.7178 20.4476 3.54078
220 25.4561 15.4889 0.326188
221 62.1449 57.0794 -1.47523
222 12.3279 19.5323 0.447756
223 53.5598 0.309168 -1.86071
224 79.7235 41.0765 -1.68635
225 65.2742 96.0016 -0.483634
226 67.9044 50.5994 -2.0579
227 67.0529 42.3313 -2.05308
228 42.1262 69.7781 -2.33051
229 64.4252 52.4265 -1.70531
230 49.1304 9.35947 -2.35735
231 9.98312 20.3488 0.609454
232 96.1967 78.8622 0.797144
233 33.7799 30.8909 2.38761
234 25.0259 26.3273 1.29562
235 62.0282 32.0718 -2.57102
236 66.8573 45.9681 -1.85705
237 9.6393 24.9386 0.427667
238 62.1251 25.8874 2.92584
239 6.66873 7.75166 0.529466
240 85.8111 38.2841 1.77926
241 9.22641 24.6095 0.884595
242 60.5808 54.8017 -1.75918
243 14.3908 17.7477 0.22955
244 90.8083 75.4484 1.92441
245 60.7879 54.6059 -1.53694
246 73.4788 33.8065 -2.49563
247 46.2906 13.7412 -2.30477
248 8.24512 9.34229 0.714138
249 13.0608 26.067 0.466301
250 69.0965 84.7773 -1.5898
251 5.05214 25.6648 0.390284
252 66.8032 0.886698 0.657262
253 53.5773 3.29441 -1.4518
254 74.1395 30.344 -2.7093
255 12.6429 25.8074 0.579223
256 60.4127 53.5868 -2.12017
257 72.4161 35.5789 -2.50759
258 72.0741 45.2042 -1.99624
259 61.8755 34.8216 -2.5706
260 22.1948 24.9631 0.645467
261 53.4436 19.9442 2.85731
262 70.7122 50.4215 -1.22644
263 39.7115 58.4245 -1.78065
264 4.02774 22.2387 0.468204
265 37.5716 27.8716 2.79684
266 44.296 52.7747 -1.67312
267 9.06252 19.226 0.339121
268 63.0271 19.8591 2.68402
269 63.8274 92.0496 -0.125399
270 58.7428 28.0433 3.41843
271 62.1413 35.0671 -2.71472
272 43.9752 68.9323 -1.74483
273 23.3908 26.9939 1.33522
274 41.2832 55.7463 -2.11468
275 63.8032 47.2636 -1.99462
276 29.8739 23.5419 2.40811
277 50.7558 34.4916 -1.6733
278 3.17331 17.1001 0.602936
279 62.4346 56.6356 -1.48434
280 12.6969 6.68007 0.654497
281 70.7199 39.4614 -2.17405
282 59.8141 25.5632 2.81743
283 18.6747 22.9603 0.371819
284 10.0849 25.6642 1.13925
285 12.883 18.0133 0.773409
286 45.9833 12.6099 -2.95684
287 70.3222 34.2026 -2.59097
288 79.9143 40.386 -2.36306
289 5.97559 21.4791 0.297016
290 61.2888 44.4122 -1.39071
291 6.29783 18.5128 0.874171
292 95.7318 51.5261 2.24099
293 38.9728 55.0613 -1.70718
294 62.2076 24.4462 2.97716
295 68.237 3.46217 0.209967
296 18.0649 34.3993 0.97545
297 71.1647 48.7811 -1.61626
298 7.14827 20.1629 0.463459
299 17.2871 20.5249 0.00817562
300 41.3105 49.2544 -2.11365
301 12.9106 22.9129 0.662879
302 96.3736 30.4469 1.61056
303 68.3444 39.4859 -1.54559
304 4.77319 15.1188 0.97103
305 9.67319 26.8389 1.21345
306 63.8756 98.9275 -0.000973267
307 7.32703 22.8454 1.12127
308 54.9993 23.4111 -2.74652
309 43.7328 55.3068 -2.16117
310 66.5656 94.6243 -0.414575
311 53.2562 8.81802 -2.40073
312 59.3302 55.9743 -1.29535
313 47.6237 51.8663 -2.46148
314 85.3474 45.5051 -2.66493
315 63.7646 44.7234 -1.26006
316 14.8945 18.3523 0.0486736
317 12.9038 11.298 0.00660522
318 85.6309 39.8937 2.4802
319 12.8548 21.6253 0.696951
320 12.8597 20.8212 0.253697
321 60.0918 19.7521 3.23262
322 13.8174 18.7553 0.468471
323 10.3174 12.6921 0.615534
324 8.2597 25.282 0.383277
325 65.7133 52.1873 -1.34538
326 73.609 31.2382 -2.30585
327 44.1233 55.5587 -1.6238
328 16.569 36.5803 0.243433
329 76.0374 40.3777 -2.07651
330 50.9165 53.0923 -2.25143
331 58.1945 94.6068 -0.628729
332 74.1726 40.42 -1.73102
333 31.4027 82.3947 0.747233
334 2.98359 7.21796 0.0475593
335 14.2113 21.2815 0.38668
336 20.6903 16.2408 0.319274
337 6.40351 7.26205 1.11233
338 65.4711 50.3371 -2.0748
339 71.6264 32.6151 -3.06181
340 8.67297 16.8121 0.542201
341 5.17388 12.115 0.747186
342 7.58642 16.5688 0.0668049
343 67.1353 55.9937 -1.36511
344 69.0781 41.3654 -1.97426
345 94.7058 48.2623 2.22375
346 50.5112 11.9331 -2.54015
347 30.6505 24.5874 2.70354
348 7.11091 10.5789 0.000204241
349 8.42442 27.3667 0.531881
350 61.3952 52.5316 -1.85271
351 69.6039 46.0759 -1.73986
352 3.66414 19.8386 0.341326
353 53.4479 98.3907 -0.565129
354 34.58 26.4856 2.33023
355 75.9016 32.3756 -2.12983
356 75.9464 38.5967 -2.04448
357 61.1627 94.9374 -0.712246
358 56.1172 24.574 -2.70306
359 25.5882 30.7706 1.19186
360 77.0964 56.8651 -1.71719
361 14.3172 29.089 1.29836
362 11.685 17.3702 0.45716
363 41.4259 65.6928 -1.97943
364 3.5483 23.0557 0.611671
365 55.7346 51.1962 -1.88206
366 16.4947 16.8934 0.913197
367 56.8883 38.8712 -2.5566
368 52.8629 52.8769 -1.42581
369 95.9964 46.5021 1.9794
370 88.409 38.0687 1.84318
371 13.6648 25.3547 0.371931
372 62.9478 25.0663 3.39608
373 51.7206 27.0228 -3.41447
374 5.09645 24.9033 1.08176
375 56.4536 49.9473 -1.39132
376 60.6116 38.3471 -2.75588
377 43.7617 33.6974 -1.8728
378 58.434 53.4856 -1.98577
379 24.6792 18.8673 1.08598
380 66.0938 49.4751 -1.90335
381 31.9965 24.0299 2.04949
382 11.1738 16.4126 0.123034
383 6.30554 56.4672 -1.24091
384 28.4593 34.1018 1.06356
385 67.9927 93.7344 -0.302326
386 62.2869 99.071 -0.0246936
387 41.1894 49.2165 -1.90431
388 69.0132 51.1841 -1.66583
389 23.6785 27.013 1.21933
390 6.16558 19.163 1.09308
391 57.673 23.2121 2.76382
392 91.0341 34.7595 1.35741
393 65.5352 54.3192 -1.22546
394 13.037 17.8539 0.457267
395 54.3658 21.8902 -3.02642
396 59.1502 20.066 3.02289
397 17.2386 24.1259 0.7859
398 77.6616 31.0971 -3.14226
399 44.8779 36.0973 -1.66667
400 9.67322 5.41033 0.19924
401 42.8271 9.5555 -2.89482
402 44.189 64.4146 -2.25319
403 10.6612 14.3628 0.311537
404 29.3771 49.9259 1.75805
405 3.24828 17.0863 0.737485
406 47.739 9.66835 -2.39827
407 12.8407 16.4977 0.926852
408 50.2002 24.5369 -2.59379
409 18.8915 18.487 0.124689
410 7.20842 7.84825 0.378918
411 92.4994 44.6276 1.6664
412 47.5702 61.8592 -2.17114
413 55.6755 18.7523 3.02927
414 62.5799 51.9032 -1.74633
415 94.5836 51.2084 2.19791
416 16.2893 32.7885 0.96139
417 11.4555 8.85858 0.502569
418 10.958 19.5741 1.0073
419 4.7175 96.2036 0.677079
420 28.0645 30.342 1.67149
421 6.68474 16.0063 0.215529
422 60.0953 30.5297 -2.95877
423 43.4045 22.982 -2.43382
424 89.1333 43.3441 2.56463
425 13.8954 14.7088 0.125695
426 47.9533 35.4315 -1.30936
427 5.26225 24.7048 0.87777
428 59.4607 51.8172 -2.0632
429 66.1098 51.102 -1.73095
430 91.4965 77.7162 1.42802
431 58.1422 51.0192 -1.85079
432 70.1658 44.4159 -1.23407
433 48.6066 38.058 -1.67302
434 68.9541 30.8707 -3.02196
435 0.509993 20.6609 0.839284
436 72.1064 50.5257 -1.35552
437 29.1692 28.9213 1.47144
438 1.11512 5.59451 0.0980292
439 50.87 36.3113 -1.40166
440 36.3723 21.5692 3.16921
441 19.7404 82.0632 0.240442
442 10.8898 20.0319 0.20258
443 32.0712 27.0516 2.67551
444 61.8192 52.1608 -1.91899
445 10.7285 27.4924 0.589102
446 50.8275 7.1908 -2.86841
447 48.547 13.866 -2.84964
448 91.5829 42.0758 2.31304
449 11.5594 24.9589 0.712148
450 9.61661 11.911 0.260125
451 47.0276 58.9772 -1.80109
452 8.8044 26.3459 1.00711
453 68.9061 47.7208 -1.97722
454 57.2102 33.0437 -2.47047
455 35.949 13.4105 -2.22442
456 5.08675 6.83592 0.378204
457 62.1425 29.0894 2.73502
458 79.2141 46.034 -1.66224
459 43.6535 21.5376 -2.01652
460 21.7237 25.5422 0.332753
461 52.1929 94.726 -1.54542
462 61.7517 54.1905 -1.30469
463 61.4995 37.9735 -2.98785
464 63.9619 58.9705 -1.62127
465 57.1968 24.1299 -3.25663
466 66.9 53.9584 -1.21529
467 14.1037 19.7788 0.777858
468 18.5988 29.4066 0.233675
469 67.9537 49.1265 -1.42729
470 5.75154 15.9879 0.780859
471 60.9422 54.821 -1.74409
472 60.2649 56.178 -1.57569
473 51.8656 29.5128 -2.96658
474 90.5296 41.1049 2.25418
475 48.6951 11.2978 -2.90196
476 57.066 96.25 -0.477046
477 30.4535 55.1633 1.33723
478 94.1676 82.358 0.988232
479 96.9486 48.8518 1.70468
480 62.1312 26.3366 3.20583
481 19.1623 33.409 0.159071
482 30.4104 24.0976 1.8834
483 9.38702 14.5058 0.780987
484 92.7735 33.9235 1.42717
485 96.064 29.6508 1.29963
486 68.6699 47.2207 -1.33337
487 72.8878 55.6563 -1.58327
488 45.1033 42.4706 -2.04066
489 39.4918 13.5171 -2.78723
490 67.9956 2.0591 0.22882
491 71.0713 37.3269 -2.56622
492 59.9611 52.9878 -1.65206
493 66.9583 38.5452 -2.22478
494 72.4254 33.7564 -2.8757
495 37.5335 48.2803 -1.78726
496 12.3883 23.2444 0.161922
497 89.2842 37.9169 2.48832
498 65.5738 51.9042 -1.3352
499 43.4222 19.1742 -2.51698
