500
Particles
0 49.8771 48.2846 1.18944
1 29.7069 48.4485 1.26323
2 24.4667 55.5297 1.69181
3 56.4098 8.67131 -2.22298
4 26.0207 30.5806 1.49872
5 28.9016 66.5973 1.31071
6 41.8153 44.4229 1.7283
7 7.50579 4.71413 0.632594
8 49.4907 5.46589 -1.6324
9 52.7304 12.3143 -2.1026
10 50.5533 97.6876 -2.65479
11 4.20979 96.4755 0.370982
12 58.0321 14.1692 -1.50496
13 54.0414 75.9933 -0.721502
14 27.9858 32.8504 1.67962
15 54.5664 32.9668 -2.60187
16 53.249 19.6234 -1.91152
17 26.1334 23.4864 1.37427
18 31.4224 45.8115 1.53848
19 11.3858 81.9808 -1.75479
20 55.8961 7.62921 -1.82604
21 40.498 43.9974 1.69613
22 38.4873 98.7535 -2.2801
23 28.2586 27.476 1.70092
24 4.34746 26.3272 -1.43402
25 24.0681 71.1099 1.43098
26 28.347 66.4406 2.13673
27 9.94359 90.6972 -0.0432329
28 49.3715 50.8247 1.49937
29 28.9576 25.7032 1.80076
30 26.9746 59.499 1.31824
31 25.8781 4.81298 -0.42623
32 52.554 2.87707 -1.64976
33 25.7761 54.4826 1.29495
34 39.3254 2.23672 -2.08281
35 39.758 61.1174 1.23544
36 3.65425 98.0068 0.169846
37 39.7569 50.5824 1.54091
38 14.2565 65.6279 0.775077
39 24.0397 28.4764 1.51959
40 43.4273 98.6155 -1.88402
41 56.7687 78.6382 -0.239647
42 46.4602 11.51 -2.15935
43 88.1162 90.8626 1.44925
44 29.4829 53.343 1.37989
45 51.1742 17.6516 -2.18856
46 41.159 12.3528 -2.50137
47 19.0162 16.6521 2.61562
48 42.7391 5.81711 -1.78896
49 25.3342 66.2517 1.46599
50 54.4069 8.32979 -1.98689
51 41.3161 16.572 -1.75577
52 2.84245 24.0989 -1.79541
53 3.60064 98.1948 0.803063
54 32.0405 33.3351 1.42804
55 25.6297 79.44 3.0202
56 34.0606 35.323 1.93018
57 40.6186 68.9503 1.74567
58 31.9338 38.7068 1.58294
59 23.9986 69.3172 1.74453
60 34.9273 54.0397 1.19944
61 45.0341 8.48396 -1.78965
62 38.3461 63.5592 1.70987
63 26.6939 43.772 1.81162
64 34.2829 51.3017 0.913725
65 22.2329 81.2856 -2.89722
66 35.2889 57.6807 1.40999
67 38.7449 59.1506 1.50446
68 18.8732 77.1941 -2.96895
69 39.5579 64.0777 1.09505
70 40.1288 47.3957 1.7545
71 28.5536 71.6384 1.66409
72 32.6102 53.5747 0.993268
73 45.1915 49.448 1.52423
74 34.349 65.5457 1.34185
75 56.8356 57.6443 -1.92779
76 38.0096 66.0864 1.51945
77 37.4753 47.9743 1.08552
78 25.5209 59.434 1.70122
79 32.3222 41.4039 1.43707
80 35.8807 70.0677 1.84522
81 35.4453 56.6607 1.21764
82 13.4917 74.9382 3.40353
83 29.4017 38.033 1.83319
84 28.6029 78.2389 1.51432
85 32.4209 68.8599 2.0756
86 37.6307 72.5489 1.47589
87 16.9054 75.6187 3.27127
88 6.9545 80.2503 -1.37174
89 33.0454 66.7319 1.63384
90 57.0007 53.9958 -1.63474
91 24.5418 4.77839 -0.727618
92 16.5878 74.5465 2.67748
93 31.7147 35.3377 1.6751
94 45.0706 2.09467 -1.82228
95 45.6201 54.7715 1.05697
96 35.9179 48.3314 1.31399
97 40.4302 52.3491 1.5152
98 32.9423 66.5033 2.0271
99 58.3277 -0.0327033 -1.35669
100 4.76469 22.8908 -2.11038
101 32.6284 46.4811 0.776488
102 49.0052 7.69211 -1.62205
103 28.7328 70.5782 1.45547
104 43.4588 9.71125 -1.82029
105 55.0822 53.5978 -1.63466
106 33.9786 35.3982 1.20195
107 47.8866 50.7544 1.21722
108 43.9221 14.964 -2.08371
109 35.692 38.3435 1.80378
110 61.9441 6.31407 -1.46586
111 42.253 50.0376 1.11013
112 54.8443 6.40814 -2.35156
113 43.859 44.4833 1.68168
114 57.1695 40.9533 -2.7883
115 41.4372 57.3439 1.21291
116 31.3858 60.4025 1.80933
117 25.7997 73.9072 1.97428
118 57.3174 11.7673 -1.98211
119 31.0374 33.9397 1.20394
120 25.5954 71.2905 1.78642
121 49.0929 6.49803 -2.44635
122 43.1442 4.47198 -1.82674
123 29.5353 45.4006 1.50394
124 49.7018 77.6351 -0.506943
125 23.7754 79.1912 -2.65498
126 11.8784 4.41786 0.266075
127 52.7135 79.0162 -0.168514
128 4.65428 26.6593 -2.17985
129 50.9324 44.5245 0.585494
130 49.5733 55.4193 1.42973
131 49.6509 96.5405 -2.55635
132 84.7304 61.4158 -0.111812
133 83.9854 66.2399 -0.689933
134 27.1804 65.2066 2.25041
135 42.6181 49.1847 0.723113
136 33.5137 64.1416 1.05639
137 41.7622 49.1617 1.00423
138 44.7328 3.93211 -2.27039
139 31.2852 74.2331 1.37484
140 48.088 9.63969 -1.64224
141 23.788 80.6682 -2.20663
142 30.9984 37.9787 1.09875
143 53.2015 17.0291 -1.83506
144 38.359 52.5153 1.12739
145 48.0481 46.7494 0.68223
146 50.8628 52.8846 0.970664
147 23.2429 53.3824 1.23468
148 48.1611 54.799 1.45763
149 35.4115 56.8717 1.23863
150 47.3555 9.89487 -1.90089
151 43.9089 58.3755 1.44842
152 36.8509 66.0049 1.40799
153 43.1063 10.9791 -1.97729
154 52.7263 18.9192 -1.99608
155 84.3288 65.8504 -0.545403
156 51.4545 7.57158 -1.84212
157 47.1495 18.8053 -2.03533
158 26.5712 67.6045 1.97467
159 52.4976 29.0643 -2.07537
160 27.7737 58.0662 1.5555
161 13.0157 8.33254 0.615633
162 54.6242 10.4925 -1.60981
163 20.1329 76.1523 -2.68519
164 50.592 65.2507 0.531643
165 37.5675 60.7906 1.19343
166 18.803 78.2589 -2.94684
167 43.3657 52.511 1.31335
168 32.5399 45.1279 0.932321
169 4.73662 18.1826 -1.96327
170 23.9675 51.2589 1.31512
171 39.8271 44.7365 0.834583
172 46.5102 48.1667 1.11785
173 48.8152 10.1725 -2.56244
174 26.1559 65.1567 1.50197
175 18.7241 9.8633 0.340315
176 53.9117 33.5624 -2.31473
177 31.0103 71.5983 1.17714
178 3.55906 19.5889 -1.62155
179 48.4807 50.7589 0.888607
180 44.9735 45.7172 1.52003
181 51.9063 13.3201 -2.03374
182 35.4445 35.7188 1.71344
183 63.5844 3.87933 -1.56132
184 18.7151 72.8174 2.66354
185 81.4731 69.2506 -0.724843
186 44.0412 2.74792 -1.69991
187 53.9619 6.86626 -1.77713
188 24.8352 39.3 1.47895
189 27.0162 59.4529 1.92634
190 25.2555 64.3369 1.91252
191 38.5668 54.0518 1.4078
192 34.5666 67.4737 1.66926
193 40.183 7.55516 -1.75903
194 31.7482 66.2833 1.62843
195 37.8968 46.1333 1.60566
196 25.4495 66.6888 1.58409
197 39.3186 72.3686 0.891931
198 14.9684 73.3244 2.46863
199 27.6144 66.6713 1.88088
200 41.5953 47.4461 1.59118
201 23.0851 26.1893 1.10255
202 1.92062 25.2928 -2.31926
203 48.2606 28.2258 -2.01158
204 27.5262 65.2458 1.31894
205 46.7642 50.1288 1.65054
206 33.8586 72.038 1.89036
207 23.6404 71.5089 1.90817
208 20.8486 73.2778 3.00658
209 58.3913 8.82652 -2.4098
210 33.5363 49.6555 1.27742
211 42.827 98.9814 -2.39794
212 84.3581 63.6912 -0.167411
213 45.3669 60.6164 1.27477
214 27.6423 40.0222 1.55743
215 45.8083 46.6799 0.985101
216 50.3689 20.9461 -2.21515
217 41.6869 43.6539 1.14064
218 44.9773 22.1753 -2.26571
219 27.3637 22.8139 1.20663
220 43.1386 50.6076 0.891104
221 45.2016 19.4209 -2.33825
222 36.7436 51.8485 0.897111
223 56.8504 59.5716 -1.8035
224 55.6758 6.64973 -1.71742
225 6.25467 97.2539 0.933457
226 50.2546 12.8511 -2.2443
227 44.7898 7.02827 -1.99154
228 40.2717 72.8742 1.5293
229 49.1888 12.9108 -1.70888
230 55.4308 76.74 -0.472267
231 33.2093 51.982 1.37679
232 23.283 3.74918 -0.724244
233 28.4 72.0305 1.95192
234 25.8662 67.9979 1.79208
235 34.7187 32.8287 1.10879
236 49.8483 8.25897 -1.8111
237 28.4944 58.2182 1.29285
238 31.2861 31.3855 1.94713
239 25.7537 34.2815 1.79986
240 57.628 13.4045 -2.23239
241 31.8168 55.3508 1.8484
242 44.7186 16.1881 -2.1978
243 42.2474 47.052 1.29801
244 13.2858 5.20208 0.367298
245 43.5942 16.9579 -2.11637
246 49.5912 99.4701 -1.83777
247 52.0066 80.3782 -0.315863
248 28.3457 37.0298 1.34046
249 29.3187 62.0415 1.81659
250 3.22501 93.0731 1.15092
251 24.1993 59.1269 2.06128
252 7.82777 1.56238 0.508828
253 87.3964 95.8276 1.48013
254 48.5861 97.059 -2.50597
255 36.1002 57.7097 1.27214
256 46.5789 14.6913 -2.41679
257 46.3242 2.52205 -1.79045
258 51.5485 8.79606 -1.77841
259 36.7102 34.8154 1.10683
260 28.2276 65.5114 1.8107
261 30.1846 37.236 1.92174
262 51.2557 13.8028 -1.55993
263 30.4667 77.723 1.55046
264 26.6054 55.118 1.40333
265 34.9667 68.8182 1.96749
266 31.148 69.8851 2.02768
267 34.3019 50.3923 1.63998
268 29.5006 1.54849 -0.94268
269 4.16326 93.6005 0.957024
270 32.0225 38.6013 1.35649
271 35.3308 35.4099 1.21854
272 44.051 70.367 1.03489
273 26.7256 68.6853 1.86964
274 32.0794 74.8957 1.62411
275 46.2582 9.02338 -2.18436
276 29.4731 65.7034 2.04162
277 46.5647 49.3899 1.43967
278 26.8315 49.1534 1.13928
279 46.0789 18.3135 -2.06584
280 29.7941 36.5923 1.9034
281 45.3778 5.65674 -2.00421
282 31.8043 33.855 1.74092
283 41.0471 57.3633 1.18912
284 32.1198 58.1099 1.27896
285 40.5104 48.3021 0.915829
286 51.0603 78.7407 -0.525508
287 44.0756 1.64029 -2.18173
288 60.1224 3.67721 -1.4203
289 29.456 53.0905 1.20101
290 39.0015 8.38485 -1.84458
291 29.5402 50.1695 1.14051
292 91.0794 92.1452 1.26634
293 30.5317 74.9339 1.66111
294 33.5843 31.5473 1.45392
295 9.18407 3.61017 0.73234
296 20.9419 73.622 2.38631
297 51.7626 11.8278 -2.21733
298 31.2846 51.4167 1.00925
299 41.9723 52.17 1.60048
300 32.8792 70.3169 1.98819
301 36.2948 55.2099 1.45387
302 17.8023 64.7067 0.96911
303 44.4097 4.95527 -2.21995
304 27.4812 46.047 1.10872
305 27.6138 60.7583 1.40713
306 5.00632 98.0363 0.457277
307 26.076 57.0947 1.98226
308 31.2287 37.6328 1.58676
309 29.0167 73.3783 1.88255
310 6.81047 96.5019 0.869124
311 58.569 75.9341 -0.983082
312 42.6344 17.6352 -2.2665
313 43.2261 59.1878 1.43648
314 49.4903 29.969 -2.32286
315 44.0511 7.95006 -1.70103
316 42.792 47.5462 1.38667
317 32.9094 41.0851 1.7963
318 56.6967 15.168 -1.69401
319 37.6872 53.3956 0.996144
320 40.0517 49.8922 1.0156
321 26.3104 22.5932 1.55767
322 42.1313 48.4781 1.4124
323 32.2321 41.4931 1.77875
324 29.6607 58.2491 1.71476
325 49.2878 13.3704 -2.07613
326 48.5829 97.9246 -2.66381
327 30.6863 71.1163 1.20051
328 18.0444 73.6119 2.59674
329 55.3118 3.49771 -1.98182
330 44.4788 57.0827 1.37521
331 84.6535 64.0798 0.221005
332 54.2784 3.05 -1.45575
333 10.9383 74.818 3.1555
334 25.1468 30.4509 1.5027
335 41.1121 52.0679 1.77344
336 41.9392 50.4056 1.60349
337 26.1105 32.8322 1.16396
338 47.3586 12.5683 -1.59081
339 44.958 0.205666 -2.6337
340 35.4422 45.6562 0.760152
341 25.8192 39.0679 1.74984
342 33.8816 46.3754 0.784082
343 48.3729 18.67 -2.10634
344 46.2866 6.04194 -1.87466
345 90.3673 89.03 0.976352
346 58.616 79.6733 -0.514161
347 28.6464 66.5205 1.49604
348 25.9325 38.4302 1.71541
349 26.0144 61.4201 1.80139
350 45.2111 13.9987 -2.4501
351 50.9223 8.69225 -1.81047
352 29.3221 49.4442 1.39235
353 58.894 56.8013 -1.13991
354 33.3877 68.0228 1.2037
355 51.1726 99.1893 -2.82104
356 57.4598 1.30308 -2.05766
357 87.6621 66.6752 -0.361697
358 33.2543 40.2456 1.71332
359 26.4024 72.7458 1.25238
360 51.0473 25.5509 -2.58308
361 23.8746 66.164 2.23049
362 36.3926 47.9709 1.65123
363 36.5847 69.5658 1.87171
364 25.8105 54.9858 1.72309
365 39.8864 12.5579 -2.44088
366 43.678 46.3164 1.02863
367 47.3349 50.5195 0.769875
368 49.3049 52.3215 0.578404
369 89.099 87.003 1.01699
370 58.8949 17.3642 -1.62716
371 36.8556 57.2591 1.61819
372 34.8206 31.6919 1.95777
373 43.0899 48.1804 1.45921
374 26.1587 57.2824 1.58648
375 37.4023 12.2184 -1.9373
376 36.9193 37.7777 1.38692
377 42.0363 55.6931 1.79802
378 39.552 16.494 -1.86268
379 43.0019 52.7311 1.57304
380 48.544 11.1892 -2.32648
381 32.0712 65.3936 1.47718
382 38.14 44.9567 1.36482
383 7.72229 20.3836 -1.92073
384 27.5069 75.9186 1.87953
385 8.68709 96.3128 0.98075
386 2.43417 99.1825 0.936653
387 29.5468 69.8105 1.83934
388 51.4602 13.521 -2.16824
389 22.8152 68.6029 2.15971
390 30.9885 49.7569 0.992318
391 32.0321 37.0706 1.20335
392 9.31302 63.9444 0.997074
393 47.7425 16.2871 -2.07089
394 39.5641 47.4299 1.63647
395 35.0197 41.7638 1.70775
396 25.9712 21.759 1.91612
397 39.803 57.7157 1.79002
398 55.1752 96.34 -2.14753
399 34.9277 59.5138 1.86853
400 26.6489 33.4753 2.0106
401 18.5854 76.9197 -2.7973
402 35.9655 69.5977 1.91638
403 36.7539 44.4106 1.43719
404 33.0261 72.3826 2.00475
405 27.482 49.7711 1.53211
406 51.8301 76.2619 -0.885613
407 39.1996 46.5801 1.47388
408 44.7579 46.7618 1.22798
409 44.3758 49.7885 0.743826
410 25.4482 34.0943 1.59472
411 59.0015 39.5887 -3.32976
412 40.4646 67.8498 1.61218
413 30.8069 36.7731 1.16913
414 45.1435 14.004 -2.47075
415 89.178 91.9484 1.44248
416 20.0668 71.629 1.89359
417 27.733 36.484 1.72054
418 35.4415 50.5607 1.55343
419 16.9621 19.1622 2.76535
420 26.3684 72.2024 2.20514
421 31.6107 47.3337 1.03875
422 32.5832 36.8751 2.02644
423 43.2022 48.0412 1.48501
424 52.602 33.8936 -2.46111
425 41.0727 43.288 0.98118
426 41.36 54.8575 1.44064
427 23.3463 58.9176 2.21032
428 44.3066 13.0064 -2.0769
429 48.3959 13.1773 -1.60296
430 13.3295 7.72462 -0.121284
431 39.4577 13.966 -1.69321
432 51.6792 6.9198 -2.32127
433 43.6467 55.8801 1.56805
434 40.4354 0.875152 -2.67188
435 23.2466 53.2898 1.88969
436 53.3612 13.7201 -2.28123
437 29.0777 70.9071 1.53762
438 24.6394 26.6172 1.34508
439 45.5395 51.3006 1.3167
440 35.2576 62.3604 1.57135
441 49.4452 69.9285 0.23093
442 38.9075 48.1904 0.796584
443 31.4351 68.9293 1.30297
444 43.248 14.7926 -1.87087
445 24.9627 63.6208 1.46621
446 53.8171 75.0422 -0.531873
447 55.354 80.3336 -0.509904
448 56.5559 36.129 -2.3815
449 32.0233 58.0337 1.84399
450 31.0751 39.7929 1.73613
451 35.0498 69.1699 1.48905
452 25.4459 60.1176 1.89855
453 48.48 11.5599 -2.38154
454 48.8408 46.2161 1.1575
455 14.9207 80.2039 -2.26952
456 24.2814 32.2206 1.74911
457 34.6018 31.7195 1.94154
458 55.3187 11.6571 -2.21952
459 27.4777 85.7893 -2.20714
460 26.1538 66.4376 1.30227
461 58.3146 54.3296 -1.82144
462 44.7239 16.1517 -2.08775
463 35.6388 37.0918 1.88513
464 46.6099 21.8011 -2.56137
465 31.8018 39.9252 1.8358
466 48.6517 15.9663 -2.25994
467 42.055 48.987 1.23679
468 23.1967 69.4309 2.18522
469 50.6064 11.0788 -2.52633
470 29.439 46.9712 1.41176
471 45.4868 16.0541 -2.41064
472 43.899 17.6853 -1.9008
473 46.0058 47.243 0.908678
474 54.8804 33.8728 -2.40931
475 54.2892 76.8968 -1.00549
476 85.1508 67.2061 -0.0870711
477 38.6802 72.2439 0.988608
478 23.1451 5.84507 -0.0976766
479 93.71 89.8231 1.17201
480 32.8199 30.6032 1.28518
481 19.4139 71.8685 2.46248
482 32.3464 66.1395 1.93502
483 32.6382 42.891 1.48503
484 14.838 68.6839 1.1024
485 17.6952 63.5047 1.03505
486 49.7917 9.66062 -2.11961
487 51.3276 20.3775 -2.26873
488 37.0701 62.2416 1.7831
489 18.18 78.6899 -2.33585
490 7.9021 3.0037 0.504438
491 45.3005 4.07256 -2.45004
492 42.6216 15.6768 -2.04535
493 41.2433 5.03654 -2.53548
494 47.15 0.570288 -2.49329
495 27.9671 73.1503 1.67302
496 37.855 53.9382 1.64715
497 54.0489 29.3747 -2.69663
498 49.338 13.4707 -2.29049
499 26.6883 82.1938 -2.28353
