500
Particles
0 54.5947 24.1844 2.92415
1 90.8096 1.04127 2.04774
2 74.5694 67.048 2.30624
3 58.5228 89.6274 1.00556
4 58.0197 45.1768 1.71321
5 90.9593 98.7534 1.47423
6 72.6465 50.5385 1.99803
7 65.5906 96.6834 1.74215
8 45.9257 50.9463 2.04981
9 23.0319 100.055 0.154366
10 74.4171 29.5319 2.46915
11 69.0082 58.1614 2.15669
12 77.3267 65.7928 1.67963
13 53.9534 28.0996 2.97606
14 60.7415 48.4134 2.4333
15 55.2853 31.7771 2.64224
16 91.4909 39.4456 2.68737
17 64.3564 63.4088 2.45847
18 61.1907 57.535 2.31971
19 27.6032 75.6139 1.90501
20 57.7581 91.2452 1.00981
21 70.8352 48.7249 2.40643
22 72.92 39.8932 2.68475
23 55.4044 36.6302 2.40175
24 61.3905 92.8751 1.70911
25 61.5519 32.5303 2.81334
26 91.9634 93.1824 1.33245
27 68.5519 56.1627 1.95837
28 70.1678 45.9241 2.66859
29 77.9284 64.2206 2.16506
30 46.8473 94.5291 1.46149
31 69.3544 41.0813 2.72946
32 20.8822 81.6055 2.00629
33 58.5814 99.2443 1.50311
34 62.5969 30.221 2.18206
35 56.9718 58.8138 2.32802
36 54.3748 100.451 1.20339
37 79.6819 60.8923 1.96002
38 63.6784 37.8574 2.31548
39 56.5261 37.9346 2.30814
40 65.8838 29.6491 2.86022
41 54.431 37.2438 2.52645
42 75.2738 30.2477 2.32014
43 59.5388 90.6614 0.79315
44 92.459 2.82368 1.71298
45 79.4001 33.1656 2.64739
46 64.4411 34.0728 2.78087
47 89.3114 88.4709 1.92735
48 70.8841 33.1834 2.69457
49 58.9236 21.4567 2.89215
50 66.2097 60.0609 1.87421
51 76.9412 42.4944 1.95687
52 58.8787 92.5137 1.67909
53 55.7629 0.653595 1.91235
54 60.9293 45.2833 1.77472
55 72.6756 86.0918 1.64805
56 63.6278 48.4896 2.3239
57 74.5016 23.028 2.12063
58 64.0781 51.8311 2.40448
59 59.6131 31.7569 2.16115
60 65.4387 56.1587 2.38745
61 70.3594 28.9975 2.87963
62 45.9299 44.6048 2.61907
63 30.3881 53.2094 1.28683
64 69.3723 53.3815 1.92354
65 87.2177 89.964 1.70428
66 62.8366 59.9888 2.11484
67 64.0275 58.6579 2.37097
68 90.3187 86.2174 1.37419
69 83.6146 27.9278 2.39653
70 71.0631 53.0656 2.51814
71 64.7079 33.2985 2.68118
72 63.1585 56.5092 1.96459
73 80.683 58.8933 1.90425
74 71.705 26.0981 2.88375
75 67.0455 92.9359 1.48431
76 74.4322 26.2403 2.40843
77 73.9368 52.4128 2.3744
78 82.0715 67.7371 2.53359
79 64.1583 53.6516 2.5162
80 72.4077 32.3006 2.18809
81 64.1995 60.2161 2.20502
82 49.782 57.6174 2.4744
83 54.8767 51.4027 2.38516
84 71.4053 83.6864 2.09265
85 71.8845 33.208 2.63506
86 71.6954 29.601 2.65462
87 82.221 55.4015 1.48135
88 74.631 84.8964 1.93921
89 70.8008 26.3152 2.38323
90 60.5243 93.7721 1.08867
91 68.5659 41.0107 2.60487
92 75.6363 50.1593 2.29627
93 54.4903 45.7292 2.27141
94 71.5673 32.1133 2.12076
95 31.6384 78.4476 2.30571
96 70.5494 52.6395 2.51732
97 72.9285 55.189 2.0944
98 67.9087 25.0656 2.33551
99 74.4621 48.8101 1.80845
100 60.7924 93.3187 1.72928
101 61.6222 56.1065 2.05796
102 72.6696 28.4216 2.89333
103 63.0258 28.5541 2.07982
104 72.5457 36.9374 2.38535
105 59.5427 94.8117 1.53522
106 61.4374 45.0759 1.91004
107 58.7297 34.3246 2.4059
108 71.3623 39.4037 2.62559
109 66.1715 52.5106 1.71714
110 68.8631 94.1707 2.0849
111 82.8389 60.4793 1.98356
112 58.3219 88.944 0.571254
113 71.1895 47.9304 2.0801
114 69.9745 57.3204 2.56663
115 74.949 63.0457 2.23412
116 74.8158 24.1479 2.171
117 64.1234 36.7739 2.75805
118 44.8653 89.5737 1.8672
119 57.9937 49.0162 2.40377
120 59.233 27.704 3.06322
121 78.5343 96.566 2.6211
122 68.928 32.5783 2.79136
123 52.6397 45.9878 1.99437
124 72.6003 66.4348 2.18431
125 89.8729 82.2123 2.02299
126 89.2287 42.5214 2.7162
127 49.4551 31.3157 2.27479
128 61.3385 93.2263 0.888757
129 66.5265 57.8701 2.20522
130 64.8254 40.7437 2.46805
131 73.995 28.9144 2.19648
132 8.00959 75.6914 2.65296
133 95.5201 86.4178 1.8191
134 59.9809 5.10458 1.19962
135 76.4783 55.1305 2.28795
136 72.1793 25.0085 2.832
137 70.2805 52.3693 2.53085
138 74.0675 32.7046 2.18252
139 61.3201 27.6161 2.90281
140 75.7322 29.5797 2.7999
141 79.8143 85.9349 1.34581
142 55.509 48.9443 2.25605
143 29.2078 58.9602 1.80617
144 70.3426 53.7566 1.88963
145 66.9214 60.8391 2.11841
146 57.8258 31.3561 2.35186
147 59.9853 99.4383 1.165
148 80.5613 57.2739 1.66909
149 59.5206 59.7671 2.4857
150 73.2929 29.2877 2.54257
151 22.9587 80.1529 1.95041
152 72.4617 25.4469 2.34096
153 73.8654 39.6308 2.52255
154 92.2504 36.2989 2.64473
155 93.5298 88.8663 1.56179
156 50.7226 51.6575 1.91076
157 17.0905 36.7655 -2.54494
158 91.0561 94.7812 1.59448
159 30.0571 63.5853 1.8236
160 58.2838 1.41903 1.7582
161 33.2504 64.5942 1.89615
162 59.0785 59.3017 1.87219
163 73.2001 82.3166 1.80508
164 87.8958 90.8333 1.49471
165 55.8689 57.9183 2.4497
166 73.2085 83.8923 2.03144
167 83.4617 59.2031 1.95293
168 64.501 55.1004 1.67917
169 84.5309 90.039 1.66851
170 30.4125 84.7035 1.80444
171 70.3562 49.5199 2.55214
172 56.0193 29.3225 2.28421
173 75.2614 27.4059 2.74094
174 89.7925 94.684 1.43648
175 93.4904 79.0872 2.39801
176 75.165 67.7097 1.9827
177 63.8544 26.6599 2.68185
178 60.5595 91.7608 1.55492
179 69.8605 45.7684 1.97834
180 72.3172 51.1111 2.27868
181 30.6 58.7148 1.9313
182 63.8702 47.6795 2.33166
183 51.5045 20.6477 1.82697
184 78.1067 51.8315 2.52986
185 92.2186 89.3361 1.53565
186 74.4995 36.4576 2.61003
187 47.1848 86.6852 1.85442
188 46.3207 30.8053 2.30337
189 70.6144 63.154 2.57914
190 90.7809 94.2555 1.70648
191 73.5306 59.1216 2.39698
192 69.9347 21.4131 2.76082
193 77.564 45.6272 2.52223
194 67.0496 27.2602 2.91505
195 70.8066 50.952 2.59672
196 59.4765 24.5609 2.93584
197 71.6419 28.9207 1.9989
198 75.116 50.0544 2.04158
199 11.4888 35.4957 -1.68826
200 75.4748 52.0898 2.33101
201 77.6956 61.4369 2.0059
202 59.2588 93.7558 1.17543
203 34.3651 65.5463 1.89875
204 93.2947 92.0809 1.34106
205 83.2403 58.592 2.24174
206 66.3192 28.2463 2.37166
207 62.1192 34.6936 2.33972
208 51.8139 60.9047 2.01726
209 44.9166 88.251 1.46535
210 66.5979 58.6388 1.89891
211 73.7311 36.1996 1.89336
212 92.7482 85.7494 1.63677
213 23.0649 77.7147 2.26065
214 46.6524 28.0716 2.32371
215 62.5636 40.253 2.59357
216 80.1376 36.3057 1.90345
217 69.7705 49.6705 2.78398
218 67.1096 68.8498 1.86455
219 64.7403 64.2036 2.48995
220 80.2957 59.257 2.00129
221 80.3879 46.6303 2.21773
222 79.0525 59.8261 2.15411
223 63.546 96.3242 1.18095
224 56.5425 90.165 1.15562
225 75.9366 65.1609 2.38169
226 5.24057 27.7967 0.588535
227 76.4712 39.4427 2.31466
228 73.0968 30.3181 2.60604
229 76.938 33.0882 2.30958
230 53.2695 31.4519 3.03707
231 66.7561 55.323 2.28217
232 75.0675 46.1569 2.32973
233 64.2653 32.3334 2.60564
234 62.3195 29.7956 2.2361
235 62.3083 45.9545 1.69668
236 87.2393 30.7967 2.67096
237 73.9938 65.9127 1.58508
238 65.2905 48.46 2.1798
239 56.4534 49.7865 1.83139
240 68.5233 55.8879 2.45284
241 48.5024 49.5041 2.20628
242 76.4339 38.605 2.41154
243 75.9745 53.0212 2.62807
244 32.0441 65.5875 1.6966
245 76.0477 41.851 2.34549
246 74.4499 33.4757 2.07161
247 90.6167 92.7929 1.94667
248 58.7753 48.584 1.86155
249 69.6084 23.5185 2.0027
250 66.2799 56.3858 2.53987
251 69.6252 64.1916 1.79554
252 63.1636 95.3204 1.21865
253 52.9366 91.227 1.12685
254 73.9529 28.2916 2.13693
255 60.7449 58.7833 2.64452
256 76.6598 37.1248 2.37454
257 69.7957 27.6361 2.29732
258 48.6976 54.7668 1.98199
259 61.903 45.8147 2.13507
260 93.2748 96.2604 1.73431
261 58.1504 49.7311 1.98856
262 77.0659 31.6503 2.39258
263 74.5293 45.7838 2.52015
264 59.2037 99.9904 1.90978
265 71.9271 28.2318 2.55322
266 64.0897 25.1402 2.51881
267 69.4588 55.3215 2.04432
268 59.0843 28.2784 2.73081
269 66.8072 57.9269 2.43428
270 64.6873 50.6923 1.98227
271 63.8271 48.0167 2.37891
272 21.354 76.7775 2.4336
273 61.7128 29.0705 2.64538
274 67.2885 37.6254 2.21606
275 73.9201 30.7722 2.69689
276 65.909 22.3388 1.98383
277 76.4942 50.296 1.89416
278 81.431 100.026 2.32179
279 76.6331 39.6275 2.53331
280 66.8828 52.1412 1.88811
281 73.5867 34.7664 2.63337
282 59.9352 48.038 2.0825
283 85.5879 58.2773 1.86105
284 86.7217 27.3152 2.80224
285 74.486 54.3224 2.61559
286 50.8669 35.0267 2.60708
287 71.4533 32.3724 2.58614
288 49.2376 68.5243 1.15756
289 83.9445 28.3385 2.7279
290 65.8367 33.2607 2.90504
291 51.8796 18.0664 2.54583
292 93.3935 87.218 1.59862
293 63.7408 34.2979 2.70638
294 64.1241 46.0325 2.21227
295 69.4153 48.7534 2.5097
296 79.9138 51.6248 1.7862
297 90.5467 39.085 2.36951
298 52.1926 50.9916 2.31712
299 77.2457 61.0032 1.79861
300 66.556 29.1653 2.73149
301 64.5547 58.2986 2.19599
302 57.8242 26.8735 2.21307
303 74.2952 34.2613 2.21869
304 27.2494 54.8046 1.74071
305 71.2305 62.9313 1.96213
306 57.2584 96.21 1.10113
307 75.0284 63.7335 1.75099
308 59.8309 53.4717 2.56383
309 64.434 36.1314 2.41966
310 60.0117 97.8281 0.97287
311 59.5315 39.3642 2.12849
312 75.3564 42.146 2.0203
313 23.1535 78.9131 1.76461
314 63.9733 62.351 2.52455
315 74.8132 37.9857 2.52238
316 74.2475 48.5954 2.74453
317 64.1283 52.0719 1.99777
318 75.5031 64.4542 2.24675
319 78.503 61.3977 1.5508
320 79.4826 59.0401 1.38088
321 64.7376 63.0476 1.90165
322 81.2735 55.7085 1.99353
323 63.4737 53.2215 2.34996
324 8.71299 30.8266 -1.35654
325 79.5343 35.4303 1.99529
326 71.6875 28.1841 2.89213
327 64.3738 30.2121 2.52881
328 85.2162 55.5999 2.32471
329 55.5681 86.0333 0.939639
330 23.4494 77.5983 1.6079
331 64.5284 100.177 1.65048
332 28.9816 80.2036 1.78134
333 77.3729 52.193 2.71073
334 56.2099 40.6603 2.07891
335 76.2105 60.5981 1.99904
336 82.0694 58.464 2.16981
337 57.3987 46.568 1.78128
338 80.7245 37.3253 2.16424
339 69.6144 30.3862 2.48453
340 54.7579 27.4565 2.14591
341 57.1087 52.9951 1.9408
342 63.976 55.6744 2.62326
343 77.4699 35.5204 2.42001
344 74.437 32.3431 2.64427
345 67.9774 89.7019 2.20008
346 55.4268 38.4613 2.73026
347 95.0597 97.0407 1.66371
348 47.4426 33.1916 2.21911
349 90.3073 92.2174 1.92856
350 73.6683 36.891 2.51381
351 33.1578 54.7011 0.973643
352 94.2553 100.212 1.46748
353 62.5271 95.0583 1.66132
354 68.5768 24.3954 2.31496
355 74.0353 25.8707 2.50406
356 82.0372 54.68 1.99562
357 89.9017 91.1209 1.25214
358 66.6382 52.1873 2.23169
359 60.8685 31.5709 2.57783
360 60.6564 63.6451 2.36989
361 57.579 20.913 2.62345
362 68.2125 50.0516 2.7377
363 73.1816 31.3827 2.13268
364 62.7665 100.493 1.52588
365 71.427 42.4799 2.39862
366 73.1258 51.651 2.69008
367 81.5656 59.3111 2.17231
368 56.066 29.9698 2.73174
369 27.3904 77.9069 2.24097
370 56.0135 93.2934 1.09471
371 62.5946 58.4803 2.74546
372 66.5871 46.5055 2.52116
373 75.3566 54.8562 2.66211
374 66.3556 60.2543 2.73416
375 79.2276 49.9774 1.92865
376 68.1573 50.7 1.85282
377 21.6456 79.8669 1.98675
378 66.4481 35.59 2.92282
379 81.7599 62.1441 1.95602
380 74.0793 30.1531 2.51035
381 6.15556 34.5339 -1.46143
382 71.1256 50.8829 1.92799
383 76.07 87.3916 1.64104
384 73.6579 45.5075 1.91744
385 64.1034 97.197 1.1945
386 52.8031 98.985 0.847082
387 58.4625 20.8276 2.0598
388 80.5223 33.4024 2.21938
389 61.5436 32.2559 2.0814
390 54.5933 55.0802 2.25439
391 62.8202 52.696 2.35334
392 61.7035 30.3066 2.91048
393 79.8593 38.9533 1.91079
394 71.1132 52.8824 2.85294
395 66.0051 52.6106 2.05597
396 66.2031 63.3684 1.8223
397 68.5828 55.696 1.88038
398 23.6509 77.2397 2.35305
399 51.5639 50.24 1.50758
400 56.286 47.6015 2.28653
401 32.6959 78.109 1.60298
402 68.8931 24.0717 2.35669
403 72.4201 49.6941 2.68328
404 68.608 32.9376 2.45574
405 91.9354 0.617953 1.47768
406 50.2179 25.4043 2.74927
407 73.388 53.9952 2.19651
408 62.5503 39.6703 1.88935
409 85.0559 57.7639 1.50377
410 58.788 50.353 2.36549
411 68.6513 57.5537 2.29354
412 76.8262 27.0932 2.29046
413 57.472 50.3423 1.70836
414 77.5276 37.6865 2.25171
415 85.4011 88.9484 1.69081
416 78.0959 50.53 2.64451
417 55.5212 47.7219 1.93239
418 68.1836 58.7118 2.34215
419 70.6413 86.673 1.74363
420 62.8072 32.1612 2.07727
421 66.2042 57.119 2.03175
422 62.3191 49.5855 1.77371
423 78.6612 55.7597 1.73197
424 64.8843 62.5834 2.06027
425 69.1051 45.0319 2.62197
426 2.80028 32.3839 -1.88383
427 67.2221 61.7923 2.13041
428 71.4455 35.7379 1.96443
429 74.5551 31.5632 2.7874
430 27.4121 61.0042 1.84481
431 78.4044 48.0053 2.60285
432 62.2783 60.4549 2.05806
433 86.7894 55.7649 1.98109
434 67.0517 32.5019 2.61511
435 63.407 97.7119 1.23878
436 31.432 60.2416 2.24439
437 61.3933 27.3514 2.32181
438 79.3814 67.0413 1.85549
439 81.5698 60.8256 1.97427
440 76.9363 27.1368 2.76356
441 48.2116 26.1266 2.60145
442 71.317 55.5835 2.86684
443 9.23358 38.4527 -1.17647
444 75.7589 43.5519 2.32976
445 85.0472 96.559 2.17276
446 67.3695 95.9632 1.87864
447 53.3894 34.4125 2.11908
448 68.6132 51.2554 1.95699
449 80.8958 28.0786 2.64744
450 59.0567 53.5573 2.39015
451 67.5671 25.884 2.81607
452 67.4574 63.2108 1.78814
453 73.5192 26.7308 2.45693
454 69.737 59.9346 1.83494
455 81.5296 89.2214 2.03151
456 54.2661 44.7929 1.82098
457 63.4241 47.8538 1.70809
458 65.2598 43.9036 2.2621
459 93.6975 86.8543 1.46254
460 63.6362 29.9593 2.65847
461 58.1227 94.0756 1.72747
462 75.9138 40.8158 2.19296
463 65.7187 49.7238 2.46198
464 84.7942 46.7489 2.0683
465 60.2099 51.6263 2.11896
466 77.324 34.6181 2.42054
467 82.4932 58.4862 1.7188
468 57.6495 28.6288 2.24591
469 34.289 55.7454 1.38258
470 15.6038 75.9922 -1.0381
471 68.1423 34.6554 2.70831
472 77.4237 42.8714 1.78924
473 76.6152 50.1713 2.64351
474 13.4999 33.9862 -2.20803
475 53.4773 30.8919 2.51931
476 89.7058 90.9672 1.19758
477 74.9537 32.4244 2.69876
478 55.127 63.1142 2.5395
479 67.6589 88.6427 1.68987
480 60.7602 38.9686 2.23011
481 84.9715 54.7229 1.38141
482 69.1205 24.09 2.65916
483 59.1476 55.399 2.29374
484 56.6191 31.2237 2.5075
485 53.1078 20.9283 2.43578
486 77.6113 30.3153 2.23002
487 76.8205 34.4984 1.85284
488 47.2557 47.4931 2.60565
489 69.0526 87.2089 1.74706
490 67.351 93.7563 1.48333
491 70.8122 29.975 2.13867
492 78.9659 46.1192 2.30847
493 72.2925 37.3494 2.52072
494 70.106 25.5276 2.32188
495 63.7155 35.2479 2.67928
496 69.8574 55.3329 2.21684
497 66.0878 58.2704 2.24704
498 78.2007 30.7358 2.08344
499 77.6223 71.4959 2.33022
