500
Particles
0 80.1177 0.807798 2.52061
1 7.42559 82.432 -2.89586
2 92.9222 38.2033 1.35297
3 58.6475 56.1825 1.22622
4 76.6138 16.8447 2.45246
5 90.4558 65.1637 1.15125
6 92.8436 22.681 1.77308
7 73.1792 63.1743 2.2362
8 42.4772 20.9899 2.86034
9 29.5547 11.6178 -1.98284
10 98.7839 5.11924 2.18653
11 87.9514 29.7813 2.24834
12 93.1412 35.2599 2.19204
13 78.4643 4.58548 2.40859
14 80.9289 20.766 1.74486
15 79.694 7.83996 2.15486
16 10.332 11.8732 2.79528
17 81.5487 34.1479 1.77612
18 77.0548 27.1773 2.12153
19 39.7571 43.6149 2.49137
20 57.31 57.3834 1.88817
21 91.3767 20.8254 1.72519
22 96.5214 14.3701 1.96059
23 79.7341 12.5217 1.88051
24 65.6728 59.8168 1.51783
25 84.1878 6.73105 2.40995
26 89.2066 60.2871 1.73855
27 88.1617 28.1449 2.17947
28 91.5503 18.4427 1.73992
29 96.1768 35.476 1.7711
30 52.1121 61.6455 2.08547
31 91.8479 14.7708 2.31618
32 32.5448 49.9567 2.04197
33 64.4965 65.5553 1.60933
34 85.8749 4.99277 2.52299
35 74.411 29.7674 2.28639
36 55.6464 66.3552 1.45413
37 98.0441 31.8955 2.23866
38 86.8024 13.0318 2.66018
39 80.0397 13.2741 2.49031
40 89.6722 5.20289 2.07767
41 78.057 12.7431 2.25654
42 1.42121 7.76739 2.27005
43 60.8294 56.9579 1.70462
44 8.76046 85.18 -2.99365
45 1.61731 7.10659 2.57782
46 89.018 10.3304 1.97064
47 88.457 54.8045 1.63184
48 96.0621 9.70242 1.49314
49 81.7415 96.1295 2.81163
50 84.3052 30.5067 2.27461
51 98.9204 16.0377 2.1115
52 62.6083 58.7332 1.1382
53 57.0076 66.6558 1.63514
54 81.5892 17.9955 1.5118
55 77.6414 52.3663 1.92692
56 82.8142 19.6324 2.19103
57 97.5077 98.3554 2.55585
58 82.8347 23.1777 2.17329
59 84.4408 7.835 2.15757
60 84.9431 27.6414 1.93343
61 96.3814 6.77591 2.05673
62 41.1428 17.4714 2.87344
63 10.8812 73.7457 -2.27954
64 89.6455 25.4605 2.65327
65 85.1091 56.2961 1.03905
66 81.5064 31.2869 1.92707
67 84.1368 31.0926 2.68269
68 86.9326 52.876 1.33673
69 0.838731 99.2778 1.69876
70 93.1114 26.6163 2.70182
71 89.5405 9.62126 1.85022
72 82.7904 28.3601 1.89373
73 97.8666 29.1079 1.99064
74 96.418 2.08475 1.92826
75 73.4954 60.0779 1.53082
76 99.0032 1.95585 2.1987
77 96.1627 26.085 2.67863
78 97.2942 37.7286 1.61567
79 83.549 25.234 2.18644
80 95.7141 6.91159 1.73309
81 79.8007 29.7303 1.66004
82 66.4663 28.2128 0.347188
83 73.1076 22.5603 2.28569
84 78.0309 49.9615 1.56861
85 95.9947 8.60578 1.84924
86 96.7475 5.92963 2.33403
87 98.791 25.0876 2.64628
88 79.97 51.1758 2.12078
89 93.6285 1.03622 2.55049
90 62.248 59.9069 1.93652
91 90.0742 14.2914 2.41604
92 96.7577 22.7822 2.68268
93 74.1243 17.4883 2.36793
94 95.8089 7.94642 1.56171
95 45.0093 46.9628 1.8526
96 90.4941 24.6911 2.20753
97 94.263 28.5195 2.01224
98 92.8873 1.55815 2.25095
99 96.2888 22.1621 2.05767
100 66.4532 59.9785 1.865
101 80.3268 27.4837 1.99418
102 98.4646 5.82187 1.99258
103 85.7853 2.53524 2.20216
104 96.4001 12.1801 2.27015
105 63.7468 61.2965 1.58163
106 81.9831 17.8687 2.0959
107 82.5943 9.57407 2.12349
108 93.6525 12.9089 1.81206
109 86.5968 24.7819 1.86593
110 75.9511 61.5904 2.07501
111 99.1033 30.4547 1.98005
112 57.8353 55.2354 1.60523
113 93.4797 21.5246 2.41544
114 87.487 27.9913 2.18013
115 92.2205 33.8047 2.4682
116 95.4559 97.3291 2.25669
117 87.8166 11.9151 2.26712
118 46.273 56.5353 2.68596
119 77.625 20.6467 2.16687
120 83.1838 3.50834 2.12991
121 84.0603 68.2006 -0.710314
122 93.7486 8.88445 1.93843
123 70.691 17.3283 2.02817
124 89.3664 36.2925 2.24923
125 89.0748 48.4263 1.84839
126 7.8108 18.8893 2.50373
127 75.4097 8.50207 2.37536
128 65.9085 59.3102 1.08925
129 85.4068 29.131 2.31935
130 86.9637 15.0751 2.46537
131 97.9294 4.80075 1.82916
132 93.2545 50.1041 1.53461
133 91.8948 53.7367 1.70764
134 80.8914 94.1009 2.09591
135 96.6213 27.0414 2.57957
136 95.9706 100.188 1.93415
137 91.4605 25.0801 2.53868
138 97.7568 8.00966 1.93329
139 85.2458 3.23282 2.61381
140 0.838024 6.29053 2.67597
141 83.08 52.1568 1.90938
142 74.9657 20.6804 2.23973
143 35.0918 26.5348 1.21611
144 89.6931 25.4254 2.42668
145 85.5533 31.7319 2.6132
146 82.6899 8.25425 2.5458
147 62.3629 65.3778 1.42308
148 98.3769 28.5154 2.50333
149 77.5044 30.2365 1.91988
150 0.304569 7.67329 2.40305
151 34.8361 48.5712 2.21063
152 97.316 2.1562 1.92354
153 95.7106 12.8735 2.02738
154 14.2553 12.4458 2.87306
155 89.8531 55.6872 1.08759
156 46.5867 21.4657 2.23006
157 29.4762 34.3572 2.48546
158 88.5264 61.7886 1.19118
159 34.7227 30.3811 1.90392
160 60.5155 67.2698 1.47996
161 35.8714 31.5899 1.25742
162 78.3294 30.707 2.55036
163 80.1841 48.7781 2.08077
164 85.4434 57.6371 1.58017
165 72.1729 27.865 2.0923
166 79.8179 50.4544 1.65259
167 -0.389134 29.3327 3.13242
168 83.4842 26.5674 1.92981
169 86.1762 56.1318 1.60506
170 41.4881 67.401 -1.72997
171 92.7456 23.3567 2.28097
172 80.088 4.71263 1.80168
173 -0.0245367 4.07476 2.34069
174 87.5955 61.2677 1.42274
175 92.5221 45.8325 1.49188
176 93.0995 37.9879 2.21467
177 87.5194 2.28953 2.6095
178 65.0251 58.218 1.0945
179 88.9158 17.0365 2.21057
180 93.1234 23.1701 1.74899
181 37.8723 25.4225 2.17272
182 85.4877 20.5765 2.39423
183 77.4959 98.1593 2.26546
184 96.6157 22.2309 1.88755
185 88.2294 55.9345 1.65549
186 97.7329 10.6958 2.27269
187 49.5981 53.8629 2.17693
188 71.7628 7.75916 2.50456
189 88.9301 33.6034 2.17381
190 89.6961 60.9989 1.13436
191 92.981 30.9707 1.92825
192 91.2088 96.5463 1.93431
193 98.0869 18.2968 2.48361
194 92.7817 4.35897 1.93175
195 90.662 22.8786 2.04114
196 84.4302 0.687306 2.20513
197 97.2837 5.9296 2.1385
198 95.4863 22.7144 2.35022
199 9.41288 65.5757 -0.399977
200 96.3695 25.1001 2.64726
201 95.2434 31.9317 2.03309
202 61.0666 59.6424 1.82882
203 37.1084 32.5048 1.39767
204 90.0049 59.2298 1.36085
205 0.0159876 29.1667 2.28198
206 90.8852 4.75736 2.41216
207 86.0186 10.129 1.97882
208 69.7698 31.7951 2.20734
209 47.1131 55.6298 2.77831
210 84.1788 28.9689 2.64494
211 96.4881 10.2761 2.0291
212 90.7554 52.23 1.43292
213 36.612 47.4073 1.66633
214 71.1723 5.13888 1.86963
215 85.0164 13.9764 2.29099
216 1.54572 9.2023 2.03399
217 90.016 21.7415 2.45467
218 84.5367 39.2286 2.50881
219 82.8682 34.9598 1.97192
220 97.3304 29.3913 2.32624
221 1.14442 19.8641 2.60909
222 96.366 30.0956 2.7651
223 67.5719 62.177 2.08142
224 55.5061 56.4289 1.77163
225 93.1352 35.1088 1.92712
226 13.3817 9.19041 1.95991
227 97.8825 12.1333 1.78476
228 97.8257 6.67073 2.40256
229 98.3174 6.20123 1.64281
230 76.9332 7.03495 2.29177
231 86.6922 27.1949 1.78629
232 96.6425 19.3246 2.23226
233 88.643 8.00341 2.17362
234 84.2731 2.78425 2.23607
235 82.5244 18.0563 1.96777
236 11.4617 7.36086 1.95704
237 91.1263 36.0422 2.47154
238 84.0188 19.5491 1.74498
239 74.5518 20.2682 1.59152
240 88.8338 27.7359 2.60166
241 46.4861 20.297 2.09298
242 99.0942 12.6775 1.78677
243 96.1373 24.8364 2.02558
244 36.2193 32.2505 1.20684
245 98.3044 15.5703 2.19095
246 97.8832 8.37799 1.97696
247 88.1494 59.505 1.33375
248 78.3668 20.2189 1.77774
249 94.154 99.8364 2.29323
250 86.0596 28.1215 1.72934
251 86.8646 34.4663 2.28563
252 71.7187 62.3064 1.8727
253 54.0525 57.8312 1.93778
254 98.839 4.70312 1.57327
255 79.7431 29.8627 1.97253
256 -0.141346 12.1069 1.96402
257 96.4986 6.32459 2.03547
258 46.0648 25.3434 2.42465
259 83.2255 19.1457 1.95636
260 92.1002 63.4943 1.42333
261 78.0157 22.028 1.79465
262 1.19679 7.14685 2.06899
263 95.6917 18.3964 2.4946
264 61.8807 66.2769 1.18806
265 95.9133 4.2834 2.04439
266 87.5557 100.055 1.71025
267 88.6462 26.855 2.30325
268 82.9918 4.1509 2.61467
269 86.6869 29.9165 2.71379
270 84.1902 22.5046 2.189
271 85.9 21.642 1.66755
272 32.3988 45.7945 2.40869
273 86.3694 5.0147 2.15658
274 90.5829 12.2095 2.07357
275 97.979 6.47477 1.8908
276 87.7591 97.374 1.666
277 96.1674 22.1721 2.01514
278 1.76189 83.536 -2.76058
279 99.0275 13.181 2.21279
280 85.7938 23.1842 2.4667
281 97.9506 10.6451 1.82285
282 80.1729 20.0148 1.43416
283 4.46434 31.0495 2.6254
284 3.86046 100.343 2.08469
285 93.5123 25.6048 2.70156
286 74.7218 10.983 2.35685
287 95.7761 8.01198 1.63043
288 51.8731 48.3463 1.43345
289 4.62229 1.23124 2.19502
290 90.1624 8.97771 1.95578
291 68.0122 92.136 0.049201
292 89.7923 54.0328 1.70937
293 88.093 10.307 2.71301
294 84.485 18.6079 2.22225
295 89.9491 20.5945 2.44564
296 99.2763 23.4774 2.61733
297 4.86667 8.45677 2.93828
298 52.0911 20.7078 1.84753
299 96.2012 32.4808 2.02436
300 90.1644 4.81006 1.82884
301 83.2671 29.2527 2.20388
302 82.3861 2.61862 1.90828
303 97.3944 9.14026 2.20666
304 7.83631 76.0997 -2.13623
305 88.4543 33.1291 2.54739
306 58.589 62.4614 1.60169
307 90.7702 33.1173 2.53643
308 78.449 24.4428 1.52406
309 88.5034 11.5922 1.90034
310 61.6844 64.0139 1.05513
311 82.6447 13.6022 2.59533
312 97.5921 15.8872 1.77802
313 37.6184 47.9484 1.75564
314 82.315 33.4071 2.52221
315 96.6849 11.7405 2.34849
316 95.5466 21.7431 2.35614
317 85.4562 24.6964 1.69839
318 92.072 34.3672 2.23716
319 96.3698 32.0883 1.90165
320 96.1404 29.2285 2.41118
321 81.1916 32.9247 2.12177
322 98.7155 26.3309 2.44674
323 82.4142 24.7617 2.33973
324 11.7233 32.5122 3.00197
325 2.22841 10.3469 2.41007
326 96.7419 4.16969 2.22156
327 89.2571 6.3808 2.64084
328 3.13539 26.937 2.90355
329 55.4728 51.8089 1.35921
330 37.1739 46.4873 2.37832
331 69.5226 66.2052 1.40767
332 39.9882 48.1366 1.92013
333 97.385 24.0893 2.35497
334 78.3192 14.5221 2.24032
335 93.4005 30.7205 1.91723
336 99.5574 29.498 2.5704
337 76.6777 18.0065 1.57263
338 1.7559 10.3018 2.00418
339 95.3684 7.46688 1.71325
340 78.6809 2.69662 2.1467
341 74.9635 23.6289 2.33883
342 82.034 26.2831 1.78873
343 0.268429 9.91726 2.62287
344 99.1941 8.50266 1.85026
345 75.6883 56.4642 1.77409
346 78.2027 13.5102 2.00827
347 90.9753 64.4517 0.885897
348 71.9548 8.99516 2.41741
349 89.6758 58.7494 0.857377
350 97.7909 12.5045 1.44782
351 38.9819 21.5664 1.94222
352 10.0737 83.1704 -3.21596
353 67.3953 61.3837 1.72834
354 90.526 97.9991 1.41129
355 98.4166 1.84255 2.21528
356 99.2455 25.1552 2.47407
357 88.349 57.5493 1.5666
358 86.0663 23.6796 1.82204
359 84.9846 6.96377 2.6784
360 79.9821 34.6586 2.48122
361 80.9522 96.0215 2.13129
362 89.5599 23.3329 1.69092
363 97.1029 6.42253 2.27647
364 66.4443 66.7316 1.37808
365 92.8972 15.2752 1.64661
366 94.2235 24.2575 2.26885
367 98.0757 29.366 1.9673
368 80.0886 5.41846 2.04938
369 41.0801 46.4192 1.72251
370 55.3341 59.3839 1.79294
371 79.6115 29.1442 2.49186
372 86.9165 18.808 2.16258
373 96.1534 27.1876 2.1438
374 85.7099 32.0555 2.65391
375 98.296 20.7718 1.93534
376 88.6348 22.9295 1.913
377 32.7076 48.2346 1.91611
378 90.8974 11.8373 2.15287
379 97.6661 32.1859 2.20971
380 98.2534 6.19712 1.93908
381 0.215168 37.043 1.66602
382 91.9553 23.4985 2.29109
383 80.4932 54.0185 1.58559
384 95.5144 19.3886 2.08817
385 71.2943 64.0946 1.77399
386 54.9842 65.021 2.10337
387 82.2529 96.145 2.08067
388 2.67784 6.6536 2.83124
389 85.0724 7.23817 1.9813
390 72.4087 25.2782 1.46622
391 81.2383 23.6006 2.07563
392 83.375 3.90516 2.04035
393 1.53008 12.7785 2.84312
394 91.1897 25.3984 2.1804
395 86.0178 24.3441 1.96345
396 83.5685 33.6826 2.54857
397 88.9008 28.0996 2.54959
398 38.0457 46.2836 2.13594
399 48.0611 19.8637 2.55735
400 74.9917 18.9393 1.64683
401 43.3503 45.5666 1.82217
402 94.8009 1.84853 2.12632
403 90.955 21.2195 1.95313
404 93.0195 8.37584 1.86395
405 8.22639 81.9227 -2.30095
406 77.2424 3.89675 2.6034
407 93.1121 25.6686 1.89685
408 84.5762 13.7589 2.58464
409 3.96733 29.4332 2.4664
410 77.5723 21.3195 2.5022
411 89.5697 30.0202 2.58996
412 2.17622 3.76371 2.53216
413 75.6559 21.2263 1.96478
414 -0.138346 11.7206 2.86944
415 84.577 54.7542 1.04179
416 96.8371 22.0474 1.91225
417 73.9307 18.9257 2.49901
418 85.9264 28.9823 1.85317
419 76.0947 52.9153 1.9764
420 87.0493 7.59903 1.84872
421 83.778 27.6487 2.17539
422 82.0993 21.4094 1.99808
423 97.458 26.9571 2.1338
424 81.6558 32.9441 2.45445
425 91.4068 18.6737 2.38533
426 6.97929 26.9196 2.17702
427 85.4615 32.5394 1.98576
428 93.7715 9.63782 1.73422
429 99.5875 8.16139 2.17667
430 34.1089 27.8587 1.35757
431 98.4742 19.771 2.26126
432 78.6833 30.2897 2.55086
433 5.07128 28.0509 2.62994
434 90.1629 7.45058 1.87442
435 70.7266 64.4221 1.93023
436 37.0049 27.0671 2.27251
437 84.7493 2.30739 2.54635
438 96.3006 37.3502 1.9153
439 98.0387 30.9401 2.47567
440 99.4702 1.17568 2.44639
441 75.4071 5.12176 2.47235
442 92.7278 28.9172 1.88832
443 9.17557 69.6669 -0.786686
444 96.9467 16.5705 2.1171
445 87.2576 63.7791 1.29537
446 74.9187 63.7965 1.74148
447 78.1261 10.7379 2.32306
448 88.2888 23.0321 1.97538
449 3.10996 1.80464 2.52406
450 79.219 25.3804 2.25219
451 92.6265 2.40431 2.46302
452 85.231 33.5237 2.67488
453 -0.318874 4.40428 2.30285
454 87.793 30.8613 1.75583
455 81.6855 55.0384 1.80395
456 73.2548 16.5029 2.11361
457 82.3306 18.9345 1.98166
458 86.6882 17.0561 2.24932
459 91.0892 53.4877 1.4773
460 86.2248 4.34767 1.91916
461 59.2538 59.4123 1.41153
462 98.2867 14.5479 1.59095
463 86.1347 21.9138 1.56448
464 4.12133 21.4745 2.54066
465 80.2133 23.5169 2.33411
466 0.763111 9.50876 2.07065
467 99.3942 28.8837 2.36679
468 81.8394 4.3515 1.94682
469 38.7622 22.8114 1.66486
470 10.4001 80.3973 -2.47533
471 92.3788 10.1702 2.27776
472 98.8998 15.6783 2.29949
473 96.4702 21.9198 1.98787
474 12.5062 63.2945 0.207748
475 79.0005 7.787 1.99445
476 88.9228 57.8409 1.28822
477 97.1905 6.35237 2.42602
478 73.6345 34.784 2.13324
479 74.2999 55.4704 1.55716
480 83.8854 14.1451 1.7817
481 2.12316 25.7439 3.18661
482 91.5782 98.7655 1.57369
483 76.248 25.6802 1.97989
484 83.3704 9.43144 2.59592
485 77.6998 96.393 2.20275
486 1.35529 5.19835 2.67728
487 1.30825 10.2062 2.94718
488 44.6654 19.7399 2.13896
489 73.7143 53.0289 2.05547
490 74.5899 60.8799 1.44236
491 96.8722 6.85685 1.95594
492 -0.466923 18.7941 2.94365
493 96.0564 12.2233 1.88542
494 95.8488 3.31451 2.1205
495 88.2369 11.0889 2.04441
496 89.7878 27.7311 2.48389
497 83.9139 28.6455 1.72494
498 3.16321 7.04428 2.91875
499 93.9662 41.7321 1.33577
