500
Particles
0 52.6722 25.7257 2.3171
1 90.6073 3.43497 1.29979
2 73.815 69.3119 2.29985
3 59.1502 91.9706 1.55231
4 56.8157 47.3319 2.09848
5 91.3324 1.10044 1.40163
6 71.1755 52.4462 2.2392
7 66.4232 98.9964 1.12857
8 44.7632 53.0714 2.49512
9 25.4748 0.309539 0.224704
10 72.3015 30.7315 2.76519
11 67.6363 60.149 1.88178
12 76.5342 68.049 2.1387
13 52.3779 29.9287 1.81568
14 59.3946 50.4228 1.74193
15 53.7673 33.6658 2.09764
16 90.2822 41.3671 1.55762
17 63.2492 65.6117 2.26238
18 59.5014 59.3319 2.24079
19 26.4381 77.7882 2.02647
20 58.7064 93.5013 1.06279
21 69.0415 50.3008 1.96627
22 71.041 41.4137 2.47866
23 53.5482 38.1973 2.08576
24 61.5866 95.2753 1.36394
25 59.8355 34.2011 2.01861
26 92.5811 95.5412 0.896559
27 67.0596 58.0565 2.0926
28 68.1247 47.2191 2.21891
29 77.1982 66.5601 2.14947
30 46.8008 97.0071 1.53346
31 67.4783 42.5648 2.24735
32 19.9779 83.773 2.32191
33 58.7875 1.64004 1.90437
34 60.7181 31.6949 2.82611
35 55.0908 60.3523 2.71806
36 54.6069 2.88897 1.7467
37 79.0144 63.2009 1.6988
38 61.8908 39.5715 2.2359
39 54.8768 39.7206 2.34002
40 64.2744 31.3381 2.09523
41 52.531 38.6866 2.511
42 73.4668 31.9046 2.57175
43 60.0378 92.9871 1.2012
44 91.6832 5.12247 2.16668
45 77.7265 34.8816 2.27647
46 62.5457 35.5434 2.38609
47 89.3686 90.915 1.54981
48 68.7716 34.5016 2.59728
49 57.2824 23.1009 2.27613
50 64.5697 61.8749 2.08869
51 75.3893 44.4121 2.32182
52 59.0799 94.9064 1.68796
53 55.4963 3.06265 1.89755
54 59.5973 47.306 1.82202
55 72.5317 88.5501 1.889
56 62.1422 50.3802 2.3465
57 73.1173 25.0687 2.47026
58 62.6271 53.8167 1.99927
59 57.7282 33.3699 2.27906
60 64.1159 58.2421 2.08287
61 68.7898 30.8595 2.34023
62 44.3777 46.2032 1.87808
63 30.3286 55.6701 1.7535
64 67.9716 55.3382 2.7387
65 87.6814 92.2757 1.12942
66 61.0506 61.6013 2.18031
67 61.9342 59.9733 2.6318
68 90.6147 88.5913 1.2921
69 81.6649 29.4762 2.50587
70 69.4499 54.8266 1.83285
71 62.4575 34.2845 2.54109
72 61.4795 58.3013 2.20586
73 79.8072 61.1208 1.62619
74 70.0566 27.8504 2.77532
75 67.0443 95.396 1.45351
76 72.6717 27.9579 2.4052
77 72.312 54.1132 2.06413
78 81.4158 70.1045 2.01836
79 62.7188 55.5672 2.69398
80 70.5409 33.7617 2.10929
81 62.5943 61.9605 2.64221
82 48.0558 59.1514 2.56686
83 53.7722 53.5632 2.1362
84 71.1305 86.0276 1.23042
85 70.1596 34.8504 2.70219
86 69.6396 30.8304 2.51491
87 81.4363 57.7055 1.74929
88 74.001 87.2245 1.52773
89 69.0342 27.9568 2.10161
90 61.5335 96.0181 1.2438
91 67.066 42.9368 2.01377
92 73.9731 51.7175 2.43479
93 53.7002 47.9379 2.20087
94 69.9457 33.941 2.34277
95 30.7238 80.6124 1.52252
96 68.8919 54.3256 2.09778
97 71.3809 57.0473 2.28591
98 65.6283 26.0019 2.86119
99 72.5989 50.3257 2.51085
100 61.1191 95.6687 1.74234
101 59.6229 57.4813 2.49046
102 70.9049 30.0396 2.47429
103 60.9657 29.81 2.80234
104 70.7929 38.6117 2.00746
105 59.7676 97.27 1.45074
106 59.8331 46.8534 2.50538
107 56.8584 35.8794 2.11358
108 69.8682 41.3346 2.13306
109 64.0834 53.8654 2.48129
110 69.1418 96.6275 1.32352
111 82.6035 62.8901 1.86552
112 59.0521 91.2171 1.51101
113 69.3402 49.4362 2.5732
114 68.5324 59.1734 1.89674
115 74.1737 65.3422 2.26113
116 72.8741 25.6004 2.68971
117 62.0294 38.0824 2.5548
118 43.7383 91.643 2.49482
119 56.6023 51.0229 2.54888
120 57.4832 29.4497 2.61368
121 76.7921 98.298 2.5878
122 66.9723 33.8527 2.27613
123 52.3039 48.3249 2.12615
124 71.387 68.5499 2.34627
125 89.4231 84.5824 1.61994
126 87.8425 44.3343 1.64393
127 47.468 32.8106 2.45294
128 61.7498 95.577 1.85474
129 64.95 59.6115 2.67614
130 63.2584 42.6342 2.58473
131 72.1716 30.4938 2.09308
132 6.27445 77.4167 2.31585
133 95.352 88.7965 1.49941
134 59.7638 7.57322 1.73696
135 74.7431 56.7718 2.08819
136 70.2454 26.413 2.38437
137 68.9783 54.4686 2.33313
138 72.0943 34.1382 2.34231
139 59.6756 29.438 2.17257
140 73.9319 31.1289 1.8765
141 78.9206 88.1017 2.46133
142 54.7914 51.2248 2.23798
143 28.4992 61.2675 1.89796
144 68.5328 55.3084 2.30044
145 65.0632 62.3817 1.96028
146 56.1149 32.8218 1.79139
147 59.8258 1.78605 1.56452
148 79.4078 59.3206 1.91013
149 58.0007 61.6373 2.28359
150 71.4728 30.834 2.78624
151 22.1947 82.4225 1.75955
152 70.5658 26.8113 2.57506
153 71.9652 41.0586 2.57306
154 90.6305 38.1235 2.45925
155 93.7628 91.2313 1.0978
156 49.2268 53.6415 2.05413
157 16.3214 34.4656 -1.47579
158 91.7047 97.1234 1.73204
159 29.0446 65.7387 2.14431
160 58.4274 3.83631 1.16555
161 32.9674 67.0619 1.70955
162 58.1029 61.582 2.0108
163 72.8776 84.735 2.09015
164 87.9963 93.323 1.52622
165 54.4306 59.7648 1.85074
166 72.4548 86.203 1.57074
167 82.7171 61.493 1.82495
168 62.7377 56.7752 2.76859
169 84.0383 92.3717 1.66793
170 29.5286 86.9567 1.49254
171 69.0633 51.5704 2.19678
172 54.8166 31.3787 1.90739
173 73.7183 29.1439 2.06204
174 90.4671 97.0119 1.78223
175 93.2042 81.5211 1.49876
176 74.3421 70.0399 1.81283
177 61.6562 27.8045 2.85341
178 61.2421 94.0968 1.07387
179 68.4886 47.6981 1.89945
180 70.4903 52.7013 2.43249
181 29.7795 61.0573 1.81578
182 62.4379 49.532 1.85329
183 49.6518 22.2954 2.32954
184 76.394 53.4744 2.10315
185 92.0818 91.7799 1.71041
186 72.753 38.1016 2.2053
187 46.4332 88.9471 2.26956
188 44.7196 32.5707 1.93726
189 69.5258 65.2985 2.18708
190 91.0305 96.6664 0.99854
191 72.6736 61.4182 1.96688
192 68.2358 23.141 2.46864
193 75.9054 47.2065 2.81288
194 64.9059 28.3224 2.11888
195 68.9918 52.5253 2.48587
196 57.63 26.1644 2.38544
197 69.571 30.2554 2.75728
198 73.3705 51.811 2.28375
199 11.0501 33.1302 -1.44035
200 73.8575 53.8518 1.98119
201 77.365 63.8322 1.52741
202 60.2615 95.968 1.36964
203 34.221 68.0159 1.67127
204 93.7409 94.5117 1.37192
205 82.7625 60.8643 2.30659
206 64.4448 29.7037 2.85274
207 60.2438 36.2409 2.55062
208 49.8747 62.2486 3.02998
209 43.7562 90.4214 2.10175
210 64.6856 60.1355 2.53763
211 71.9331 37.8397 2.02692
212 92.1342 88.1284 1.68483
213 22.3069 80.0125 2.28131
214 45.2725 30.0442 2.68816
215 61.2607 42.3386 2.25073
216 78.6776 38.2296 2.21775
217 68.2163 51.4848 2.47601
218 67.0374 71.2928 1.26968
219 63.5192 66.351 2.04706
220 79.6069 61.6465 1.76982
221 78.8746 48.5126 2.0718
222 77.8982 61.9695 2.15893
223 64.4611 98.5559 1.62049
224 56.7815 92.5985 1.204
225 75.6418 67.5888 1.77155
226 7.37231 26.5448 -0.629744
227 74.848 41.1277 1.94865
228 71.0887 31.6955 2.3001
229 75.2025 34.7408 2.71161
230 51.7374 33.2201 2.58215
231 64.9673 56.9469 2.27232
232 73.5345 47.8928 2.79811
233 62.4445 33.8931 2.7363
234 60.3593 31.2017 2.09014
235 60.5685 47.6511 2.56874
236 85.1073 32.0639 2.58711
237 72.9475 68.1382 2.0131
238 63.7087 50.2557 2.53804
239 55.7942 52.1575 1.63182
240 66.9015 57.607 1.78744
241 47.098 51.5184 1.84369
242 74.5859 40.1807 2.71661
243 73.7753 54.1151 2.34182
244 31.6803 67.9538 1.21422
245 74.5823 43.783 2.70843
246 72.6068 35.0214 1.99873
247 91.2129 95.1268 1.06182
248 57.7465 50.8255 2.06095
249 67.8787 25.243 2.53113
250 64.1647 57.676 2.39301
251 68.2104 66.1882 2.14701
252 63.7344 97.6409 1.11009
253 53.245 93.6295 1.13625
254 71.9654 29.7189 2.49952
255 58.9979 60.494 2.62523
256 75.3368 39.145 1.86656
257 67.6876 28.9134 2.74586
258 47.6734 56.9932 2.20759
259 60.1862 47.5836 2.19736
260 93.5918 98.5794 1.07886
261 56.8882 51.7884 2.31021
262 75.4305 33.4523 2.62769
263 72.5414 47.196 2.8153
264 59.3998 2.43593 1.28349
265 70.189 29.9257 2.58956
266 62.2915 26.7576 1.99151
267 68.0097 57.2327 2.15943
268 57.399 29.9422 2.67405
269 65.1645 59.6794 2.49126
270 62.9365 52.3264 2.33807
271 62.3586 49.9439 1.96818
272 19.925 78.7205 2.23132
273 59.8797 30.7572 2.44356
274 65.129 38.8404 2.65965
275 72.6171 32.8013 1.93493
276 63.7546 23.5043 2.77102
277 74.7406 51.9237 1.97053
278 79.1001 -0.202205 -2.51823
279 74.7796 41.202 2.69972
280 65.6741 54.2966 2.10794
281 71.6493 36.2964 2.61989
282 58.856 50.1183 2.6185
283 84.6504 60.4998 1.73728
284 84.7406 28.7092 2.19997
285 72.9724 56.0864 1.87287
286 49.1969 36.7952 2.39781
287 70.0186 34.3391 2.0805
288 51.2789 69.8203 0.273805
289 82.0286 29.7842 2.57785
290 64.0178 34.8426 1.98957
291 49.8834 19.4721 2.32582
292 92.9694 89.587 1.32883
293 61.9515 35.8728 2.12251
294 62.4759 47.7373 2.76327
295 67.7083 50.2953 2.47443
296 78.2256 53.3894 2.26406
297 88.9288 40.9614 2.21177
298 51.0167 53.1242 2.07878
299 76.8408 63.4043 1.76946
300 64.6925 30.7286 2.48321
301 62.7674 59.9617 2.33602
302 56.1203 28.6531 2.3305
303 72.2886 35.557 2.78503
304 27.3828 57.1727 1.55973
305 69.377 64.5849 2.5428
306 58.1343 98.4315 1.02424
307 74.2301 66.0047 2.22083
308 58.5983 55.5816 1.77298
309 62.6958 37.8503 2.24058
310 60.7082 100.1 1.73523
311 57.5678 40.7684 2.77667
312 73.8569 44.0388 1.84642
313 22.0739 80.9987 2.30255
314 62.1028 63.9198 2.74461
315 73.5395 39.9416 1.86373
316 72.3561 50.0305 2.00907
317 62.862 54.1228 1.93689
318 74.9608 66.8213 1.65941
319 77.1756 63.489 2.05433
320 78.821 61.2792 2.127
321 62.7451 64.5264 2.27617
322 80.414 58.0135 2.03069
323 61.887 54.9807 2.72268
324 10.2329 28.9082 -1.13463
325 77.8617 37.2119 2.35992
326 69.8346 29.7603 2.84681
327 62.418 31.5474 2.26509
328 84.575 57.954 2.12434
329 56.0957 88.3686 1.77481
330 22.751 79.9169 1.50562
331 64.3193 2.65163 1.44696
332 28.8497 82.6636 1.46689
333 76.0708 54.2846 2.06562
334 54.6209 42.3941 2.75567
335 75.9196 63.0693 1.54242
336 81.2093 60.6934 1.56009
337 56.424 48.7628 2.22745
338 79.5187 39.4141 1.89153
339 67.5433 31.7029 2.39431
340 53.3449 29.4458 2.56968
341 55.8257 55.0194 2.65395
342 61.9742 57.131 2.40862
343 76.0643 37.499 2.07147
344 72.8875 34.1687 2.02604
345 67.7485 92.1409 1.91449
346 53.9371 40.3844 1.97803
347 95.6684 99.4096 1.20044
348 45.7939 34.9702 2.73214
349 90.9858 94.5825 1.13134
350 71.7154 38.3128 2.72051
351 32.5817 57.04 2.21462
352 93.874 2.65328 1.94375
353 62.6409 97.4408 1.10277
354 66.7639 25.8448 2.09096
355 71.7978 26.899 2.85678
356 81.6671 57.1195 1.86793
357 89.8715 93.5258 1.72532
358 64.7635 53.7789 2.44349
359 59.2848 33.4645 2.1859
360 59.1776 65.6167 2.00517
361 55.6578 22.3839 2.81399
362 66.1925 51.4583 2.78069
363 71.2337 32.7882 2.85893
364 62.1628 2.83618 2.03983
365 69.498 44.0289 2.49571
366 71.7112 53.5679 1.82262
367 81.1596 61.7673 1.7117
368 54.3767 31.6663 2.12345
369 26.515 80.1806 1.99032
370 56.5653 95.6252 1.65544
371 60.9953 60.3008 2.5146
372 64.9133 48.1684 2.72704
373 73.9872 56.7857 2.29346
374 64.711 61.9881 2.11001
375 77.6271 51.6175 2.3787
376 66.4369 52.3284 2.23944
377 20.2762 81.8884 2.4021
378 65.0221 37.5663 2.38223
379 81.0095 64.366 2.36958
380 72.3251 31.7936 2.75794
381 6.59953 32.1399 -1.80895
382 69.4649 52.661 2.2008
383 75.0785 89.5785 1.51471
384 71.9555 47.242 2.23356
385 64.5049 99.5733 1.53357
386 54.1533 0.831018 1.57499
387 56.788 22.5301 2.03258
388 78.4813 34.812 2.46901
389 59.6219 33.7118 2.58947
390 53.2339 57.1333 2.03272
391 61.3364 54.5356 2.54935
392 60.0695 32.0555 2.11606
393 78.5451 40.9524 1.7953
394 69.7535 54.9004 2.53304
395 64.9969 54.6922 1.85004
396 64.35 64.9756 2.24743
397 66.7062 57.3242 2.4952
398 22.7485 79.5417 2.10798
399 50.8414 52.5776 1.53733
400 55.6658 49.996 1.61325
401 32.169 80.4902 1.69417
402 66.6049 24.9131 2.37487
403 70.5276 51.2732 2.22461
404 66.4781 34.17 2.59286
405 91.1046 2.94141 2.03532
406 48.7724 27.3518 2.12643
407 71.7795 55.7068 1.86645
408 60.9482 41.4298 2.25918
409 84.7372 60.1819 2.01987
410 57.5025 52.2853 2.38801
411 67.4205 59.6129 2.55435
412 75.2739 28.9664 2.3437
413 56.4931 52.47 1.68311
414 75.946 39.4021 1.82362
415 85.7599 91.2795 1.10796
416 75.9633 51.7508 2.57212
417 55.1323 50.1223 1.7843
418 66.8023 60.6965 2.23331
419 70.2726 89.0897 1.56452
420 60.8222 33.5292 2.6944
421 65.1225 59.1689 1.93668
422 60.7736 51.5501 2.22714
423 77.2231 57.6993 1.89778
424 63.6763 64.5158 1.83118
425 67.7182 47.0913 2.15566
426 2.39664 29.9601 -1.58611
427 65.6984 63.72 2.23596
428 70.064 37.7662 1.89526
429 73.0348 33.4463 2.00234
430 26.3132 63.2211 2.07933
431 76.6045 49.6073 2.90495
432 60.3104 61.9046 2.77289
433 86.0667 58.0425 2.22348
434 65.4493 34.3068 2.19116
435 63.765 100.18 1.37914
436 30.8862 62.609 1.53247
437 60.1267 29.4981 2.02371
438 78.5358 69.3338 2.19957
439 81.0085 63.129 1.47914
440 75.3158 28.9952 2.40263
441 46.6447 27.9679 2.67343
442 69.444 57.1419 2.67305
443 8.98593 36.0244 -1.39058
444 74.1367 45.2387 1.81013
445 83.5677 98.3455 2.87097
446 67.0927 98.3796 1.58537
447 51.6822 36.1329 2.382
448 67.205 53.2817 2.45363
449 79.1414 29.601 2.07426
450 57.713 55.595 2.54163
451 65.7248 27.4339 2.41548
452 65.8337 65.0327 2.55404
453 71.6494 28.1619 2.62674
454 68.3085 61.9557 1.99465
455 80.5833 91.5252 1.87671
456 53.5967 47.1393 1.66706
457 62.0471 49.8329 2.07604
458 63.8899 45.7451 1.86942
459 93.0745 89.2327 1.60469
460 62.1796 31.9523 1.98307
461 58.1787 96.5023 1.08644
462 74.1693 42.4939 2.41314
463 64.3994 51.752 2.54926
464 83.3125 48.5837 2.55999
465 58.3497 53.2671 2.2405
466 75.8107 36.5352 2.42209
467 82.2057 60.9484 1.75598
468 55.5375 29.9548 2.67268
469 34.7671 58.0843 1.82344
470 16.9465 73.9412 -0.738114
471 66.4406 36.3416 2.85264
472 75.5984 44.4859 2.33421
473 74.8213 51.8528 2.50378
474 13.3225 31.5647 -1.52103
475 51.5286 32.388 2.21071
476 89.8248 93.3569 1.09656
477 73.5477 34.4627 2.38901
478 53.7586 65.1001 1.80294
479 67.0191 91.0141 1.60978
480 58.8011 40.3584 2.27677
481 83.6141 56.7727 1.81965
482 67.2111 25.4942 2.04841
483 57.4201 57.1634 2.29495
484 54.9581 33.0153 2.29541
485 51.2308 22.4373 2.37944
486 75.6934 31.6824 2.33192
487 75.0396 36.1082 2.45882
488 46.2495 49.685 1.83802
489 68.3979 89.5159 1.44323
490 68.1491 96.0295 0.914373
491 68.6903 31.1654 2.24209
492 77.4848 48.0374 2.13977
493 70.5297 38.8219 2.81661
494 67.9478 26.6455 2.86968
495 62.1026 36.9421 2.68277
496 68.4851 57.3082 2.6033
497 64.3193 59.9979 2.17407
498 76.4015 32.265 2.72199
499 77.0504 73.837 1.62943
