500
Particles
0 9.69242 53.4982 1.13715
1 65.8352 87.4311 1.86224
2 65.5202 61.9136 1.31273
3 51.8024 82.1486 2.07253
4 83.5768 6.13382 1.84666
5 69.1911 85.3127 2.35608
6 6.10399 21.8262 2.72507
7 62.5202 89.1012 1.78652
8 77.3339 14.1389 2.49065
9 41.5557 62.0945 2.85165
10 3.7239 97.9335 2.12754
11 4.49401 30.7717 2.79559
12 73.599 61.6159 1.04013
13 71.6375 74.3496 2.69965
14 84.9076 6.96105 2.00996
15 76.3113 84.9276 2.51301
16 41.6801 12.7072 1.66819
17 1.29662 37.2973 1.75606
18 86.9043 21.6944 2.44619
19 82.3202 23.9233 2.2004
20 55.2608 84.2269 2.22022
21 0.748161 16.4441 2.22116
22 5.13681 11.3929 1.96231
23 78.5312 94.8447 2.4442
24 56.1298 85.4589 1.76168
25 85.9724 94.4216 2.36199
26 1.58941 52.2247 1.33151
27 98.5738 24.6148 2.32455
28 98.6879 11.2134 1.87994
29 87.5427 59.1545 1.71403
30 60.2583 57.2714 2.14665
31 1.36403 11.377 1.9793
32 99.1119 58.9577 0.660436
33 41.9818 91.2928 1.59076
34 86.5601 90.3811 2.30884
35 87.7928 28.4215 2.50042
36 19.0191 52.011 -1.70833
37 86.8554 57.621 1.08372
38 88.3093 0.812668 2.28326
39 81.1476 98.2507 1.82218
40 85.1407 82.7619 2.44613
41 72.5618 88.9129 2.68371
42 7.87941 1.67088 2.33198
43 54.7015 84.2122 1.90032
44 69.0723 87.3874 2.63575
45 17.2108 9.62713 2.76598
46 85.2345 92.9093 2.47718
47 65.6976 76.9276 2.04964
48 0.847179 1.84958 2.32217
49 86.2083 42.2489 2.31475
50 92.6696 24.806 2.53934
51 10.0667 13.6208 2.65207
52 52.5101 86.2093 1.9635
53 20.7959 52.6992 -2.34891
54 84.642 4.32803 2.65066
55 60.8565 80.2994 2.68814
56 84.7132 3.05096 1.71733
57 3.86595 90.4617 2.03879
58 90.3048 16.2789 2.2182
59 79.4745 83.7974 1.9068
60 92.431 21.2291 2.1761
61 1.52347 99.3678 2.68249
62 68.9352 90.8841 2.77137
63 79.7334 26.8682 2.36302
64 97.8854 19.6855 1.95334
65 67.3007 78.5399 2.22399
66 88.749 24.9788 2.5455
67 93.2864 26.4374 1.91692
68 70.1557 72.6893 1.92782
69 18.7824 55.518 -1.73879
70 3.11438 23.7116 2.60179
71 88.0015 95.113 2.75936
72 88.988 21.2085 1.8921
73 81.7688 55.1903 1.88387
74 5.50045 97.9236 1.90741
75 60.6795 85.5244 2.0353
76 5.86887 96.0879 2.04445
77 7.09702 24.7353 2.21766
78 92.5607 60.5825 1.2906
79 91.8418 19.6013 2.75466
80 1.78816 100.065 2.06271
81 94.1634 28.7812 2.40546
82 83.8052 22.4344 2.03599
83 84.1963 17.8323 2.68111
84 61.1655 77.8299 2.02597
85 4.84595 5.28005 2.22445
86 3.60694 100.327 1.94559
87 88.9252 52.2481 1.65181
88 63.3028 79.3088 2.46633
89 1.03125 95.2346 2.36043
90 55.2752 86.636 1.78578
91 0.580396 11.3501 2.09681
92 8.89179 21.2598 2.08398
93 79.5371 3.98749 1.59234
94 -0.377609 99.8564 2.79361
95 57.3444 57.3894 1.76691
96 2.50915 22.3003 1.84625
97 8.39671 28.5772 2.11624
98 93.6332 85.1778 2.35921
99 4.28393 17.6252 1.95287
100 57.973 87.2407 2.46247
101 89.9959 23.4151 2.40321
102 2.42496 97.1903 2.57782
103 81.9737 79.8344 2.63874
104 1.56272 5.54405 2.0652
105 54.5282 89.0112 2.48804
106 83.8335 3.38602 1.72423
107 81.0016 92.0759 2.60876
108 4.5248 11.6747 2.35725
109 91.3829 16.3485 2.42009
110 62.2962 86.8158 2.13143
111 91.6875 57.5014 1.44735
112 51.7914 81.9901 1.64589
113 -0.171175 15.6184 2.55295
114 -0.0945745 26.9768 2.47149
115 66.1427 58.4138 1.03685
116 3.69232 90.4399 2.71481
117 90.2707 1.56244 1.80488
118 81.5314 41.1908 1.42085
119 82.3975 6.95122 2.40529
120 75.8027 72.1488 1.86029
121 64.2686 86.4079 2.46018
122 91.9502 92.7581 2.15982
123 78.8845 3.58485 2.17934
124 65.0076 62.7297 1.53059
125 96.277 59.8978 0.930428
126 42.9123 15.8738 2.08497
127 71.0012 78.1476 2.06804
128 59.6459 85.368 2.55696
129 89.6499 20.0159 2.12327
130 91.5429 3.91733 2.39964
131 6.05934 99.0083 1.97432
132 96.8616 59.1952 1.61364
133 86.6563 37.6247 1.68761
134 64.0501 91.1509 2.08385
135 66.6307 93.9757 2.25624
136 1.30469 92.6315 2.36937
137 2.53524 22.1795 1.93606
138 6.55502 3.32177 1.77347
139 77.1588 70.6906 1.99976
140 6.78422 98.6729 2.39705
141 77.1858 25.306 2.15055
142 85.9877 17.119 2.53771
143 85.308 34.4569 1.71647
144 3.16575 24.6514 2.43017
145 93.6462 27.1328 2.65426
146 80.7405 91.3568 2.16721
147 44.4289 92.4824 2.28307
148 83.9356 54.2251 1.38838
149 88.4759 27.7276 1.90997
150 5.33328 0.626444 2.62291
151 0.170841 54.0396 1.23234
152 2.44993 94.0148 2.41909
153 5.68357 10.7077 2.31493
154 36.1493 2.89638 2.95262
155 80.1397 34.0642 2.35607
156 80.0381 16.5876 2.64734
157 72.0971 86.1977 2.77493
158 5.39109 49.8967 1.16053
159 54.5574 53.9193 1.27691
160 20.5136 53.9631 -1.69599
161 59.3338 54.8264 1.63894
162 86.2934 24.6869 2.16698
163 90.1332 63.8435 1.1115
164 67.3582 78.945 2.80956
165 84.7977 22.4506 2.39883
166 61.8408 77.4001 2.42263
167 90.6175 56.5458 0.920237
168 91.7591 20.7196 2.89243
169 64.0834 81.9083 2.6974
170 60.3333 62.6503 1.49625
171 5.62288 22.9989 1.7112
172 74.9295 80.7632 2.10321
173 8.33497 99.4352 2.4851
174 67.1615 85.1672 2.39475
175 98.1569 58.955 1.18638
176 67.4803 64.2606 1.48573
177 11.4785 57.4455 0.948006
178 52.6408 84.219 2.20032
179 98.7619 12.3808 2.27919
180 4.31793 20.4678 1.96143
181 88.9505 35.4218 2.24194
182 92.4581 13.5399 2.66293
183 85.6834 42.2316 2.29967
184 13.685 24.9155 2.32171
185 69.2668 77.0829 1.96948
186 7.46889 8.26799 2.39553
187 62.4954 62.5797 1.57192
188 72.3723 84.5837 1.94317
189 46.9396 29.4298 -0.550251
190 68.2525 82.3107 2.11399
191 76.6246 21.8903 2.38316
192 8.6666 60.9559 0.908435
193 8.36296 15.2246 1.98634
194 86.9978 80.3564 2.0553
195 96.3322 14.6904 2.84052
196 76.1194 68.351 2.61502
197 -0.0780212 96.159 2.18377
198 12.1652 24.5898 2.53731
199 54.6195 63.3579 1.59872
200 12.8113 26.8867 2.20192
201 73.4707 56.9577 1.63185
202 55.6889 87.7104 2.62263
203 58.3961 57.0245 1.51259
204 99.4246 49.8252 0.916659
205 90.294 55.4213 1.34377
206 84.8834 80.4048 2.07294
207 84.0354 94.1525 1.8581
208 83.5723 27.898 2.74685
209 60.7 61.9083 1.17804
210 93.7886 25.5623 2.00955
211 6.29195 7.69887 2.23844
212 82.3071 35.1763 1.77441
213 97.6764 54.2825 0.878511
214 70.2263 81.3829 2.66091
215 84.5695 98.4503 2.47752
216 13.1797 8.17203 2.52876
217 97.3076 14.6253 2.2187
218 82.4814 40.6575 1.30188
219 1.27377 38.7219 1.85559
220 87.1868 56.131 1.24502
221 14.8375 18.995 1.96195
222 85.786 55.9836 0.884854
223 58.1881 88.2286 1.85583
224 29.051 64.9914 2.49732
225 69.9298 62.0247 1.52118
226 51.9033 57.4863 1.65795
227 9.35081 10.656 2.73921
228 2.98057 98.818 2.10093
229 12.5784 7.77981 2.10451
230 75.347 84.6561 2.30609
231 94.4422 21.0084 2.57768
232 7.41205 16.5263 1.95462
233 84.6584 89.3447 2.98873
234 81.4196 82.8457 2.25528
235 84.3343 3.38285 2.35268
236 40.6026 94.3771 2.07319
237 65.7189 61.5781 0.90162
238 93.5574 14.7714 2.51167
239 87.8202 18.8322 2.68574
240 97.5352 22.2728 1.78668
241 78.1329 12.9742 2.48669
242 9.0053 10.1807 2.139
243 10.9585 26.2615 2.14278
244 58.4384 54.7858 1.8165
245 9.54897 13.7144 2.70038
246 6.6372 5.2686 2.18456
247 68.7023 79.8136 2.79057
248 79.7679 3.14242 1.78469
249 2.48354 80.3583 0.982134
250 92.8687 21.3477 2.6655
251 42.6594 29.2512 -0.829975
252 56.258 90.2468 2.34752
253 23.7778 50.154 -1.7082
254 3.87789 97.5561 2.79749
255 86.9644 22.6263 2.28536
256 7.96891 7.43109 2.39531
257 -0.182919 96.3782 2.57788
258 80.5671 20.8643 2.39629
259 82.3175 1.80784 2.48616
260 10.2945 44.3848 1.66124
261 87.4172 14.7907 2.64301
262 9.71664 2.97338 2.38623
263 6.58742 15.732 2.72461
264 48.6021 94.7709 2.39673
265 0.311412 95.8445 2.81473
266 11.3293 52.5171 1.65392
267 98.8596 22.4383 1.95861
268 74.9199 70.128 2.42226
269 96.6026 26.4905 2.49368
270 90.4619 14.5627 2.77056
271 87.9434 8.47888 2.01025
272 95.5357 54.2918 0.8491
273 79.8378 79.1277 2.2677
274 92.4072 0.893529 2.17038
275 5.84129 2.04478 1.73376
276 9.3414 48.3774 1.26208
277 9.33521 21.6441 2.21081
278 64.8136 88.2182 1.91395
279 8.90818 10.5958 2.36302
280 98.1189 20.4273 2.51835
281 4.21323 3.85533 1.71358
282 85.0024 7.31215 2.14805
283 96.3438 53.3578 1.46307
284 46.5977 76.0382 -0.420669
285 7.12091 25.443 2.58606
286 70.9887 87.4127 1.95227
287 3.06813 2.60243 2.10317
288 40.8824 42.7925 -3.16447
289 17.873 55.8753 -1.98719
290 90.6454 96.5147 2.65828
291 80.7189 35.3987 2.21338
292 77.5369 32.8617 2.79151
293 84.9444 91.5365 2.05174
294 91.9433 9.74878 2.2086
295 99.7865 15.6418 1.72205
296 14.3755 23.0879 2.45527
297 36.6333 6.95887 3.54459
298 84.2998 20.3367 2.08446
299 70.7846 57.3783 0.975677
300 94.6949 96.4975 2.36301
301 91.0681 23.1276 2.56268
302 74.4268 71.9083 2.19485
303 4.5509 4.49157 1.75638
304 79.6877 28.9614 2.41075
305 45.9746 30.5791 -0.354173
306 27.8762 76.3742 3.39766
307 68.7919 59.292 1.57464
308 85.2221 16.8911 2.26624
309 89.3861 99.1508 1.98271
310 52.9645 91.6376 2.43072
311 79.9157 94.9874 1.89935
312 8.58487 14.858 2.12759
313 96.2674 55.5561 0.749531
314 91.4901 28.271 1.88703
315 9.10058 10.734 2.321
316 8.51255 20.6191 2.26462
317 89.4959 16.2405 2.87987
318 67.8639 59.9004 1.15881
319 82.3573 57.747 1.67199
320 88.6907 55.8652 0.895693
321 95.5213 32.2877 1.93297
322 82.2314 52.8651 0.970277
323 89.8969 17.8548 2.38221
324 55.2556 60.5552 1.72954
325 13.3974 6.39318 2.10367
326 0.258805 96.217 2.05097
327 86.2417 86.9732 2.99185
328 94.2827 52.0128 0.910808
329 96.9183 62.1736 1.00061
330 96.1775 53.7315 0.841523
331 52.2189 93.7796 2.61269
332 56.8947 61.2077 2.11221
333 16.0909 27.7242 2.12736
334 79.2562 98.0937 1.95817
335 69.6319 55.6999 1.65064
336 91.3563 54.48 1.31797
337 82.0492 5.89366 1.84152
338 14.6364 8.9753 2.96972
339 97.4296 97.849 2.64322
340 71.6921 72.8291 2.24465
341 84.8731 17.8759 2.05632
342 93.8975 24.5246 1.99032
343 13.4045 9.45759 2.21826
344 8.59846 5.31103 2.42857
345 61.7216 82.4226 2.62198
346 79.0149 97.4899 2.44915
347 11.4142 45.0999 1.55197
348 69.9467 89.7776 2.19146
349 68.3458 78.3238 1.89978
350 4.20985 6.98254 2.37589
351 82.784 28.6711 2.77774
352 69.0718 85.768 2.29465
353 58.7337 87.1333 1.6883
354 88.92 76.9574 2.12189
355 5.75231 95.7779 1.83806
356 90.8062 51.0141 1.11747
357 68.2403 78.8465 2.65859
358 95.2623 18.5263 2.36164
359 83.1527 90.4558 2.43499
360 86.9978 27.7569 2.52206
361 8.62799 50.8209 1.2632
362 95.8947 14.8413 2.47919
363 3.60416 1.45196 1.96919
364 54.3455 92.289 2.42107
365 5.53163 15.6213 2.87083
366 8.3742 25.0867 2.39264
367 92.6025 55.5425 1.57662
368 73.8309 78.526 2.13608
369 98.4101 54.7038 0.732963
370 25.3834 69.4573 3.07235
371 89.566 23.9521 1.89109
372 94.9131 12.7474 2.72623
373 69.3134 9.30483 0.227059
374 94.3099 26.9792 2.4086
375 15.5873 23.5377 1.88093
376 96.3678 17.2221 2.04177
377 96.3413 56.7356 1.76521
378 91.356 98.6878 1.88711
379 90.2382 58.6185 1.0432
380 3.95083 98.8857 2.20741
381 53.193 62.0417 2.02268
382 6.59294 24.8411 2.31749
383 63.4725 81.8738 2.43601
384 5.03485 15.3049 2.42961
385 61.6568 87.4045 2.26937
386 18.2139 50.6366 -2.04592
387 86.7509 41.1196 1.41732
388 13.6766 5.57002 2.32243
389 84.3049 92.2812 2.57133
390 82.3312 20.2458 2.82929
391 89.5355 17.7954 2.14278
392 85.7152 91.1696 2.19643
393 12.736 10.0246 1.9999
394 5.49434 24.7587 1.78428
395 91.9013 16.3803 2.11236
396 0.89756 36.553 1.45809
397 92.9973 17.0174 2.5864
398 96.7787 53.8838 1.04492
399 76.8691 8.22741 2.48452
400 81.3036 8.14724 2.28762
401 56.9267 58.2178 1.93669
402 88.0614 76.7785 1.99219
403 5.34527 22.2539 2.58443
404 95.4527 98.7552 2.10756
405 67.2011 85.9842 2.01797
406 71.224 78.0713 2.42144
407 9.46428 27.7793 2.30678
408 87.9044 2.19887 2.10153
409 93.0853 54.4477 0.882192
410 80.8224 8.07582 2.50717
411 96.2239 24.443 1.88898
412 5.02669 94.0215 2.10428
413 85.2832 16.5464 2.20779
414 12.4803 11.1037 2.56132
415 66.1448 80.7063 1.91048
416 9.39294 20.367 2.5627
417 82.3522 8.71613 1.89013
418 97.2684 26.8984 2.72174
419 60.8471 80.0304 2.62415
420 82.2712 87.7767 2.66746
421 95.6422 25.3235 2.28189
422 85.6157 9.03542 2.43216
423 50.0903 32.585 -0.82113
424 -0.105812 35.0747 2.26058
425 1.00161 14.7193 2.22789
426 11.4732 49.046 1.63388
427 97.2901 30.2517 1.98573
428 98.0491 0.645995 2.6044
429 6.40302 2.40297 1.82011
430 87.4513 37.7651 2.29887
431 13.3011 19.749 2.391
432 90.2826 27.7315 2.62791
433 98.1446 50.9909 1.01183
434 88.7422 89.9232 2.99353
435 55.9091 92.5274 2.22685
436 91.9591 35.8092 1.96195
437 76.2409 69.4039 2.17295
438 90.1189 60.8323 1.3432
439 92.9778 56.8558 1.14296
440 5.7206 95.2072 2.66355
441 70.0699 77.3898 2.47456
442 0.409629 22.2739 1.85071
443 55.1025 64.376 2.3189
444 7.92271 14.6839 2.51403
445 66.6331 84.2396 2.82809
446 61.1134 87.9467 2.50594
447 76.5006 92.898 1.82646
448 97.8645 17.7276 2.57109
449 16.1621 55.3568 -2.63795
450 86.792 19.2665 2.60236
451 88.2217 78.8223 2.04294
452 2.4154 37.0073 2.04376
453 3.21812 95.2341 2.24406
454 7.40198 34.7725 2.35084
455 64.9061 81.6713 2.37752
456 78.3839 2.89535 2.10977
457 89.2854 8.49131 2.18926
458 92.0925 6.6101 2.81056
459 70.1649 73.4712 2.11455
460 85.5211 88.593 2.44252
461 26.5644 68.6739 2.64247
462 8.89969 12.9161 2.76229
463 94.1182 15.9404 2.57114
464 33.7001 4.84904 3.22944
465 87.8103 18.1209 2.68464
466 10.8863 7.34257 2.77177
467 90.5323 55.9201 1.36149
468 77.2665 78.9221 2.02936
469 88.822 34.5524 1.65597
470 91.3444 41.538 1.95517
471 92.694 97.575 2.52637
472 8.21303 12.5995 2.4863
473 10.0034 21.5863 1.90891
474 55.271 63.7981 2.35809
475 72.6491 79.8862 2.17908
476 68.4453 77.0019 1.89866
477 9.78203 6.33575 2.20632
478 87.8515 30.5282 2.15478
479 60.3839 81.8193 1.99058
480 81.6654 95.2625 1.98641
481 85.8002 49.9115 1.33383
482 91.2536 81.0159 2.96361
483 85.1454 19.2501 2.02879
484 80.5087 91.6473 2.725
485 9.61034 49.482 1.80558
486 9.50103 1.49552 2.51166
487 7.53583 4.2866 2.48151
488 78.3768 11.0621 2.14153
489 58.6652 80.1602 2.69668
490 63.1564 84.5341 2.66853
491 99.0008 97.0829 2.50095
492 10.9172 18.0907 2.61176
493 3.31182 6.51892 1.80003
494 93.2779 82.2868 2.80049
495 84.1996 92.9695 2.60711
496 1.38679 24.9389 2.09442
497 95.2666 26.3185 1.98107
498 8.86016 99.7593 2.06037
499 93.3806 61.4215 1.65778
