500
Particles
0 33.8337 3.80733 -0.771209
1 58.8855 74.6689 -1.11869
2 76.8547 22.8676 -2.35072
3 10.4561 12.9736 0.543741
4 56.7984 65.5139 -0.303904
5 81.5432 69.5326 1.461
6 88.3533 63.6225 -2.88587
7 44.5144 46.8552 -2.1311
8 72.7155 10.967 -2.1279
9 68.8842 17.9878 -2.37701
10 76.4839 77.029 1.16766
11 97.953 80.4499 0.530377
12 74.7366 72.7176 0.637809
13 3.24554 45.9392 3.01465
14 63.8902 55.478 0.162191
15 84.6484 76.5455 1.04478
16 12.5628 13.1083 0.709774
17 20.4405 36.4733 -2.14645
18 63.7956 65.5313 -0.160969
19 54.561 81.6704 -1.56752
20 29.2375 56.9579 -2.44186
21 92.8375 63.93 -2.52424
22 68.9766 80.7289 -0.0906141
23 23.3986 41.4404 -2.31634
24 19.0892 88.8929 -2.10824
25 85.356 72.106 1.96146
26 88.8546 79.8048 0.335141
27 46.921 44.2624 -1.68805
28 30.1662 7.23163 -0.421818
29 12.1227 16.5061 1.22193
30 73.2314 91.4213 -2.04046
31 55.4191 90.7512 -1.19328
32 27.96 53.4159 -2.49593
33 78.6207 15.0255 -1.6187
34 25.4901 54.7335 -1.84255
35 31.2245 4.37191 -0.425858
36 99.089 86.0951 0.406429
37 73.0419 65.7914 1.03364
38 80.9283 20.046 -1.54838
39 56.448 82.03 -1.61659
40 80.0775 23.6959 -1.97522
41 5.07801 47.9122 -3.09586
42 66.218 19.1047 -1.57363
43 84.7926 83.0034 0.402839
44 60.5742 87.7085 -0.91868
45 68.3301 22.8557 -1.66458
46 35.0999 9.64067 -0.761522
47 92.9717 96.863 2.34613
48 69.6198 9.76995 -1.91147
49 83.3752 67.1537 1.45608
50 77.1328 11.7926 -1.80383
51 36.869 12.3125 -0.273144
52 88.8105 58.0469 -2.65784
53 1.04767 83.6421 -2.70603
54 79.269 81.0687 1.61504
55 51.6015 47.2543 -2.55641
56 24.6103 52.5863 -2.68525
57 1.83862 4.25407 -0.405377
58 22.3701 47.4741 -3.10878
59 86.1527 69.9816 1.90427
60 72.5317 65.4532 0.570627
61 65.5001 14.2089 -1.63993
62 30.336 9.04831 -0.158422
63 57.4311 73.2458 -0.923853
64 62.3646 74.6337 -0.65729
65 90.436 55.4754 -2.73809
66 70.3171 71.9694 0.688061
67 26.8399 96.459 -1.9295
68 89.4671 53.0961 -2.82961
69 33.376 12.3419 -0.820682
70 87.889 64.8928 -2.61441
71 31.4849 69.794 -0.979119
72 67.0849 68.5624 0.482862
73 56.736 0.539301 -1.0896
74 81.3092 49.4501 -3.10318
75 20.3665 20.4951 -0.549089
76 29.885 12.7244 -0.838747
77 67.4604 66.1112 0.319632
78 64.2158 83.7594 -1.17257
79 74.8163 57.5193 1.14874
80 29.8121 11.8449 -0.0854706
81 72.7098 67.9805 0.134056
82 19.0801 56.4968 -2.73534
83 64.5503 62.3265 0.677452
84 25.3517 36.9631 -2.16599
85 4.96278 72.4786 2.19833
86 24.4306 18.1626 -0.146284
87 88.4276 46.283 -2.65659
88 86.9887 58.2731 -3.11864
89 88.6034 79.6743 0.918321
90 90.4594 78.7129 0.920305
91 56.2763 89.933 -1.15948
92 50.8009 46.0282 -2.56668
93 22.267 46.9922 -2.34787
94 32.5701 74.9395 -1.34813
95 31.1216 7.6612 -0.233784
96 75.3733 59.967 0.788515
97 76.6391 64.7195 0.439657
98 89.8555 80.0149 0.126911
99 6.37718 9.96683 0.985376
100 88.6931 57.6918 -2.35747
101 68.0379 60.134 0.624758
102 72.3826 12.1445 -2.36587
103 7.42367 80.6705 0.520271
104 37.0505 5.37881 -0.788898
105 90.9629 78.6868 0.831383
106 23.8346 55.3967 -2.12315
107 58.2683 5.07943 -1.11735
108 42.5359 12.5734 -0.837184
109 64.7188 7.57382 -1.95435
110 74.9192 95.0478 -2.02948
111 76.7007 63.8232 0.813765
112 76.1559 11.2469 -1.80805
113 16.314 44.7999 -2.99862
114 83.1864 79.2421 1.4445
115 46.2769 3.50022 -1.33396
116 74.6464 68.3353 0.248371
117 87.3484 79.6633 0.28666
118 12.9152 12.1974 1.10455
119 22.0222 46.768 -2.75907
120 87.8376 75.6728 0.928357
121 50.5017 81.8637 -0.983512
122 33.1985 74.757 -1.21647
123 66.8287 61.7334 0.515212
124 92.9582 53.2193 -2.73514
125 87.9566 55.6506 -2.78887
126 56.6706 96.867 -1.79779
127 92.3037 55.6357 -2.77421
128 15.4858 89.3456 -2.05306
129 37.6235 5.408 -0.393057
130 34.2704 12.6504 -0.0791474
131 74.8997 74.3602 1.25267
132 94.8664 81.5193 0.317707
133 93.779 82.3072 0.0566229
134 88.6609 68.6979 -2.41906
135 91.7192 66.5218 -2.45277
136 96.0357 91.6339 0.562333
137 93.0445 67.2236 -1.98791
138 37.1001 82.4584 -1.04662
139 25.4609 11.6886 -0.56694
140 71.9267 13.8774 -2.41219
141 87.441 57.0755 -2.38991
142 88.0438 60.3708 -2.54568
143 72.7417 21.6051 -2.03722
144 76.1049 65.5782 0.30677
145 59.2117 3.0972 -1.47518
146 32.6868 10.9208 -0.0520424
147 77.7753 18.7551 -2.39892
148 34.2359 10.1433 0.0760109
149 76.411 67.633 0.408821
150 44.529 7.99855 -0.053394
151 29.374 7.32226 -0.810292
152 51.6159 77.1201 -1.00361
153 35.0985 5.71625 -0.269873
154 73.5527 21.294 -1.5919
155 95.415 86.8724 0.91788
156 71.1742 13.5779 -1.65793
157 65.6537 25.4823 -1.39077
158 93.2467 73.7733 -2.41759
159 77.9343 77.6454 0.936929
160 62.9198 92.8291 -0.879252
161 49.8302 86.2673 -0.745885
162 75.0009 14.9412 -2.37036
163 92.9134 50.5482 -2.62184
164 94.264 59.5843 -2.90386
165 29.5649 3.4 -0.772739
166 88.2466 52.7508 -2.9208
167 95.3387 67.1805 -2.53597
168 61.3209 72.1151 -0.550147
169 86.2574 93.1903 -0.0469094
170 77.1122 14.3056 -2.279
171 76.9014 59.0571 1.44845
172 53.419 4.04807 -1.80898
173 71.0239 14.6372 -1.72556
174 79.8064 69.329 0.675977
175 53.8102 94.1104 -1.29244
176 81.0941 77.3718 1.09874
177 4.28063 72.9081 2.00453
178 26.2107 45.5203 -2.10072
179 31.0791 6.69632 -0.437531
180 14.229 46.8735 -2.90332
181 73.354 17.3738 -2.44263
182 25.2202 50.0249 -2.95551
183 62.2129 27.8558 -1.94285
184 85.9452 74.9682 1.502
185 9.01747 28.331 -1.58361
186 31.8574 75.739 -1.34365
187 75.3575 11.6194 -1.5339
188 57.0523 70.8002 -0.598814
189 64.9595 87.0404 -1.03422
190 70.9004 72.3874 0.502649
191 78.7637 65.2265 0.862001
192 11.0976 89.3574 -2.33203
193 64.9894 11.8223 -1.70133
194 93.7262 89.5043 0.758088
195 67.6546 65.5129 0.589421
196 90.1094 70.7638 -3.32749
197 25.862 17.0417 -1.11388
198 26.4024 60.1728 -1.88339
199 92.988 71.9808 -2.58448
200 93.7114 64.5394 -2.04972
201 54.9765 81.8229 -0.921349
202 58.0388 61.4019 -0.504026
203 39.5816 16.1245 -0.349182
204 82.5976 67.111 1.63379
205 58.3899 3.49913 -1.58911
206 96.3534 8.34964 -0.852499
207 87.0689 74.4602 1.955
208 85.0641 77.645 1.06082
209 78.4905 73.9197 0.463621
210 70.8156 64.0814 0.99031
211 72.5444 76.0336 0.879712
212 93.5914 82.5626 0.294489
213 32.8904 11.9079 -0.12365
214 64.9307 59.5601 0.720646
215 10.3873 50.7581 -2.62595
216 71.5778 26.3652 -1.40098
217 91.8952 64.4529 -2.07959
218 60.0721 24.9518 -1.3885
219 12.6397 24.1143 -2.50573
220 -0.0424803 69.1083 2.33146
221 43.6821 14.7394 -1.01042
222 72.9371 65.1269 0.154221
223 86.556 13.4754 -2.0797
224 9.44172 11.1736 0.534103
225 40.6214 44.0013 -1.59942
226 67.563 19.1543 -1.71178
227 71.8904 10.4608 -1.67225
228 28.7177 16.9612 -0.149017
229 46.5007 12.745 -0.743612
230 99.3021 50.4313 2.56067
231 69.5932 65.9541 0.89305
232 53.968 86.854 -1.59785
233 6.3466 59.3164 1.77989
234 88.0546 71.1399 2.43927
235 24.1785 51.4615 -2.02887
236 74.2135 13.3909 -1.88395
237 65.1189 85.5845 -0.57382
238 25.5592 47.0504 -2.47605
239 57.0539 67.8848 -1.14542
240 78.1065 71.5826 0.939393
241 65.0099 76.1144 -0.24566
242 38.5854 12.9551 -0.770363
243 92.6281 65.3735 -2.15192
244 44.0643 80.1816 -0.756981
245 39.2845 11.4263 -0.727077
246 39.5825 73.7675 -1.69135
247 95.4994 56.331 -2.35689
248 68.3399 56.0752 0.302677
249 79.5422 66.641 1.09079
250 19.1721 18.3371 -0.598709
251 82.8104 13.568 -2.09384
252 40.6684 49.0791 -1.66429
253 12.3212 27.6668 -2.30526
254 68.5222 90.078 -1.37448
255 74.9963 68.4959 0.839688
256 41.9054 11.9286 -0.331825
257 35.9965 75.1694 -1.225
258 75.4604 13.0928 -1.84218
259 25.1254 56.1811 -2.49482
260 92.3318 70.7172 -2.72281
261 15.5775 40.6354 -2.40957
262 71.5671 19.418 -1.9891
263 0.260149 73.0546 2.15815
264 70.1559 3.87163 -1.50262
265 6.72458 59.9515 1.18795
266 19.7008 0.659444 -0.118477
267 62.9373 73.8912 -0.457657
268 75.2012 89.6247 -1.57583
269 100 77.9849 -0.177117
270 22.0236 49.2014 -2.54392
271 25.2073 51.6644 -2.60243
272 28.7417 16.5218 -0.548001
273 89.1408 70.4461 2.90137
274 100.091 74.4057 -0.710643
275 46.887 8.51206 -0.609521
276 92.5211 79.3984 0.976138
277 56.6257 2.98962 -1.38974
278 77.5507 9.65707 -1.65623
279 46.2146 17.7624 -1.11876
280 72.7709 53.5734 1.0133
281 56.4069 97.2146 -1.38825
282 22.9449 40.3171 -2.79185
283 92.8226 69.0259 -2.07523
284 65.3132 76.7588 -0.559694
285 78.1606 59.3553 1.41003
286 95.1154 54.1677 -2.61665
287 36.8385 75.7676 -1.47251
288 8.67116 11.1597 0.983605
289 81.102 10.319 -2.62297
290 68.035 12.1415 -2.00873
291 58.5636 77.6471 -0.92606
292 84.968 91.3463 0.309641
293 -0.209922 75.34 2.02649
294 82.0534 81.9831 0.867731
295 43.0476 50.9688 -2.12112
296 86.6368 76.2893 1.05466
297 69.3686 17.6428 -1.49671
298 58.8153 90.9552 -1.30371
299 86.4777 64.5779 -2.74102
300 2.79262 69.4858 1.49418
301 73.3968 66.8086 0.576344
302 78.7437 22.7201 -1.93243
303 72.8413 7.79638 -1.83962
304 60.6248 69.2105 -0.290421
305 70.6436 70.9241 0.127479
306 1.65977 93.344 -0.518821
307 62.5889 89.6438 -0.780871
308 18.2758 44.1082 -2.05025
309 15.0642 0.824219 -0.3149
310 43.3618 40.905 -1.36202
311 91.622 99.2601 2.08507
312 36.2046 10.8724 -0.469584
313 25.7454 7.1558 -0.7314
314 14.907 13.3771 0.717625
315 70.028 12.7646 -2.20778
316 90.7548 64.7686 -2.41927
317 85.648 59.8249 -2.55297
318 79.4891 75.3045 1.00678
319 81.5651 61.7978 0.883709
320 71.1608 67.6601 0.938459
321 93.0992 95.7428 2.05571
322 75.779 63.3711 0.641808
323 75.4919 56.5314 0.570226
324 63.2441 94.4608 -0.857547
325 64.19 21.562 -2.1883
326 4.69952 10.0654 1.1081
327 23.4875 9.71525 -0.256617
328 86.2777 77.1227 1.24497
329 28.8577 54.139 -1.79586
330 32.1616 10.5663 -0.63097
331 95.336 78.6823 0.542385
332 29.9839 54.2023 -1.62724
333 13.2202 49.7805 -2.92278
334 53.9241 73.9422 -1.48561
335 80.4143 63.2723 1.38226
336 95.9509 67.2539 -2.40114
337 58.7683 65.3296 -0.595387
338 66.5209 20.33 -2.33615
339 4.55618 11.0822 0.575143
340 68.7453 64.5109 0.863379
341 66.3477 3.52349 -2.1172
342 67.1303 63.9 0.635152
343 45.8127 16.0719 -0.154785
344 73.9308 10.1559 -2.17367
345 84.1738 81.8102 1.26574
346 5.40544 47.705 -2.84644
347 91.5452 80.4422 0.758347
348 60.5371 67.0536 -0.603939
349 70.3477 71.2397 0.124253
350 40.5918 10.093 -0.17182
351 71.0752 14.7245 -1.80271
352 59.04 86.1363 -1.33794
353 80.3578 48.8132 -2.27786
354 83.9438 53.4591 -3.14626
355 78.9366 77.3466 1.20267
356 8.92635 13.7467 0.668285
357 95.9661 82.4814 0.816915
358 18.5265 44.7706 -2.58624
359 85.0144 76.3023 1.34556
360 74.3994 24.5181 -1.49116
361 79.5426 69.852 0.384978
362 74.7981 61.2298 0.585579
363 26.6729 14.5822 -0.711338
364 81.1533 9.26999 -1.71693
365 34.8219 8.59737 -0.720946
366 92.4688 66.3584 -2.83276
367 60.7298 5.68686 -1.82381
368 32.4645 10.2289 -0.108034
369 84.3948 80.4623 0.827063
370 79.1114 72.4911 0.556909
371 75.0131 69.0162 0.659832
372 79.9398 81.8888 0.764176
373 9.62607 48.8691 -3.39133
374 60.5848 94.1223 -1.19045
375 35.2063 7.937 -0.773883
376 66.0901 4.98276 -1.78187
377 23.299 88.3104 -1.89041
378 39.2016 12.1153 -0.430585
379 95.999 70.6146 -1.94588
380 71.1083 17.917 -2.30307
381 92.6626 84.076 0.303997
382 71.7624 61.7939 1.24563
383 13.0674 12.0908 1.22453
384 93.2238 9.05488 -0.631283
385 44.1142 46.0517 -1.87772
386 37.4618 46.3772 -1.86006
387 1.74035 65.7962 1.35059
388 66.5883 20.5464 -1.50017
389 82.8202 71.6251 1.81119
390 62.5834 69.7976 -0.348872
391 20.686 43.2959 -2.31494
392 67.0276 95.2623 -1.23812
393 63.3789 22.058 -1.62794
394 90.9277 65.09 -2.43792
395 15.4801 42.4836 -2.68678
396 9.60843 20.0609 1.23365
397 80.9605 66.6936 0.638273
398 75.4161 73.0003 0.563282
399 27.336 91.9704 -2.13763
400 80.0573 54.2142 -2.92512
401 89.7831 49.3847 -3.30437
402 29.2214 14.0596 -0.441431
403 70.4678 60.6551 0.897029
404 98.856 3.02195 -0.770735
405 59.3479 71.0594 -1.08973
406 98.8285 48.9509 -3.08285
407 89.2138 63.0816 -2.81293
408 8.76637 46.964 -2.94538
409 92.9731 67.1532 -2.54244
410 55.7884 70.1067 -0.958277
411 84.1088 79.2932 1.02445
412 28.9802 13.9131 -0.177007
413 15.4029 28.1488 -2.29874
414 43.7064 10.9754 -0.689153
415 88.5673 88.722 -0.0526309
416 86.2408 73.4122 1.60767
417 88.4249 59.353 -2.94986
418 72.7489 63.7052 0.349872
419 54.9354 78.9663 -1.33202
420 87.9073 76.7556 0.813979
421 63.2985 66.3703 0.240014
422 23.0106 49.5838 -2.21207
423 29.8526 72.2075 -1.59829
424 81.6553 78.3871 0.873389
425 89.4175 62.1182 -2.46117
426 48.7392 2.55856 -1.61753
427 60.557 97.112 -1.92225
428 38.6116 10.1219 -0.422301
429 42.9582 9.13907 -0.221633
430 42.5122 79.5417 -1.13359
431 41.2044 8.76126 -0.0966318
432 75.1114 11.7168 -1.59922
433 49.558 3.93082 -1.81243
434 81.0295 78.77 0.760451
435 78.8501 12.4084 -2.40017
436 69.8015 19.2685 -1.51088
437 90.7842 87.1651 0.441449
438 55.1966 83.3009 -0.993677
439 54.1145 4.07059 -2.04876
440 84.3521 55.0767 -2.78189
441 90.5589 60.0716 -2.71046
442 75.1319 62.7954 0.934696
443 57.0505 60.6429 -0.570392
444 38.7514 9.35114 -0.430027
445 76.0479 68.2122 0.94088
446 14.3293 31.7768 -1.74934
447 96.2335 54.5747 -2.19278
448 84.7185 76.3063 1.38957
449 75.6847 66.5025 0.55844
450 60.9947 69.4401 -0.834503
451 27.3058 11.7178 -0.0801498
452 69.5683 69.6465 0.835352
453 74.402 15.5648 -2.13226
454 19.4188 51.2492 -2.3685
455 87.3101 49.1876 -3.40866
456 57.186 65.4556 -0.637579
457 26.0814 45.3743 -2.61218
458 30.7875 56.7763 -1.50739
459 31.1423 71.8664 -1.29151
460 84.2546 68.9301 1.74915
461 90.2542 80.0993 0.970911
462 42.5519 11.7068 -0.0632705
463 62.7924 3.84297 -1.83008
464 43.3092 18.1737 -0.576877
465 20.3553 45.7231 -2.9778
466 69.6666 23.292 -1.67794
467 88.3114 65.6868 -2.44188
468 84.4953 71.4628 1.9729
469 70.3111 18.1784 -1.64289
470 63.0622 65.1674 -0.00490414
471 42.6843 14.4828 -0.0119552
472 42.2758 15.0152 -0.245021
473 -0.0802722 55.2216 -2.1935
474 82.6607 76.3012 1.47933
475 2.29935 49.2793 2.91537
476 93.9633 86.5644 0.327293
477 0.635523 6.8182 -0.128513
478 56.3845 91.9523 -1.70875
479 87.7231 84.9074 0.487674
480 26.1383 44.8446 -2.23864
481 86.7463 74.7801 1.61762
482 91.9273 82.4911 0.942871
483 72.6831 57.7676 1.06307
484 75.4843 87.4657 -1.1364
485 82.0252 17.2579 -1.83391
486 69.3958 16.436 -2.35545
487 69.2867 24.6913 -2.03616
488 29.1676 1.66093 -0.779249
489 88.0053 51.2227 -3.25693
490 44.0248 49.7578 -1.8554
491 35.6564 77.7308 -1.3093
492 41.8541 12.3315 -0.663851
493 60.1639 0.402076 -0.993774
494 38.4753 75.2144 -1.27503
495 22.5455 91.2918 -1.93713
496 73.4521 67.9238 0.885582
497 79.8397 72.6862 1.16475
498 45.7287 11.8405 -0.637697
499 32.6251 69.5455 -1.48316
