500
Particles
0 57.0546 82.0299 1.26601
1 23.5086 82.5227 1.91105
2 13.8536 87.0073 2.54906
3 57.9054 91.2469 1.48713
4 21.7043 65.1893 1.48107
5 13.5986 94.328 3.12023
6 46.4295 79.1154 2.00692
7 28.7125 29.9396 0.775529
8 28.119 92.9712 2.23302
9 29.5169 96.9464 2.57612
10 22.106 95.5149 2.59373
11 18.7836 25.6161 2.08003
12 53.9169 93.3521 1.56611
13 88.2948 70.2541 -0.43072
14 23.5032 67.4034 1.41602
15 33.7911 8.62308 3.54444
16 28.4801 1.0379 2.38004
17 17.9385 56.5926 1.75128
18 28.5841 80.0769 2.40589
19 93.7689 5.28074 2.22344
20 58.1417 91.6205 1.52984
21 43.6188 78.6226 1.37555
22 16.0695 2.41062 3.1509
23 25.7022 61.7207 2.00983
24 73.117 22.3048 -2.39784
25 10.0618 0.55841 2.97233
26 14.8645 93.8153 3.08865
27 18.4061 17.6531 0.898783
28 61.243 82.6998 1.16488
29 21.8166 58.8115 1.78281
30 14.9951 90.1437 2.86699
31 12.4232 4.15696 2.9049
32 58.1108 89.5136 1.74381
33 16.5196 85.4541 3.03974
34 15.2297 1.56547 3.11735
35 31.7949 91.825 2.43784
36 15.7845 29.1435 1.79471
37 47.5591 84.7024 1.16511
38 4.41928 98.6102 2.11364
39 19.1081 62.5831 1.38018
40 17.3682 98.8725 2.9378
41 90.9951 76.0396 -0.312316
42 23.6138 0.163427 2.9909
43 73.695 13.0286 2.63057
44 25.1369 87.1147 2.33095
45 25.9635 0.811617 3.2536
46 15.0558 3.56864 2.39964
47 8.55474 24.6377 1.60131
48 18.0479 100.008 3.00349
49 10.8662 94.8396 2.31075
50 36.0505 91.7553 2.13147
51 17.3305 4.43615 2.24391
52 71.6238 19.2591 -2.57348
53 14.7345 27.7375 2.17194
54 29.2472 68.1347 1.76575
55 6.80236 7.75801 2.28984
56 30.8088 69.9699 1.37579
57 22.0951 93.2559 2.38795
58 27.7403 73.3631 1.97977
59 7.35078 98.5305 2.59235
60 33.1052 86.2602 2.25777
61 21.829 98.9808 3.07752
62 27.6499 92.1214 2.25539
63 21.5714 77.8395 2.37675
64 41.6512 84.9038 1.5958
65 4.1745 9.10567 2.20758
66 33.1526 89.5112 2.63533
67 33.8933 90.6009 2.50109
68 3.39831 7.46913 1.60746
69 26.2634 91.912 2.73836
70 46.2605 82.0099 1.65931
71 13.4544 0.3205 2.62299
72 35.0979 86.3491 2.56664
73 50.9666 83.9371 1.8305
74 19.5775 92.8316 2.18835
75 70.8632 28.3405 -0.204772
76 22.9371 93.3362 2.97677
77 44.9967 81.9727 1.24347
78 14.8446 90.7838 2.52666
79 29.9261 75.8026 2.11375
80 18.5608 96.0828 2.69727
81 31.9914 88.5946 2.06965
82 98.3037 2.99943 2.11787
83 24.5775 72.6144 2.23313
84 10.6322 6.5888 2.79201
85 17.2695 96.3144 2.54731
86 19.361 96.281 2.55651
87 99.591 3.32752 1.96456
88 94.8233 5.11959 1.95334
89 17.4207 93.238 2.24111
90 70.6009 25.1674 -1.45512
91 10.4798 4.03127 2.47573
92 99.8097 2.43605 1.73886
93 27.0141 70.0604 1.88959
94 19.4556 97.7391 2.80895
95 58.8298 86.5062 1.67231
96 41 82.4914 1.87579
97 48.3759 86.3832 1.23927
98 17.2239 94.4358 2.93897
99 67.8238 84.1807 0.936054
100 72.7301 19.71 -3.4763
101 30.0553 80.8854 2.28935
102 23.6726 97.8276 2.40049
103 14.2628 98.2901 2.86593
104 18.915 1.54821 2.34261
105 67.8303 24.613 -0.877972
106 30.8556 70.4737 1.83104
107 59.2632 83.2893 1.50828
108 17.7203 3.44116 2.71985
109 33.1523 72.9427 1.74735
110 80.6011 83.5139 -2.40986
111 47.4351 84.2184 1.84056
112 59.4362 90.7599 0.845073
113 49.9441 79.0581 1.06779
114 41.8203 17.0067 -1.45008
115 49.9762 91.1204 1.26371
116 20.9183 90.3907 2.25502
117 10.0701 2.64131 2.64447
118 55.0918 92.7941 1.04563
119 27.4495 68.7188 1.45342
120 11.2863 0.877318 2.70586
121 30.9052 93.5252 2.34253
122 18.5115 99.7364 2.58281
123 26.1795 79.5575 1.90283
124 83.0444 69.2919 -0.334617
125 5.75222 7.70327 2.28623
126 24.5717 5.62712 3.31166
127 86.4886 73.1189 0.286106
128 72.4246 22.5997 -2.26318
129 57.7208 78.4372 1.0567
130 66.3785 83.3105 1.31733
131 21.4216 96.2245 2.95232
132 7.28559 38.9464 -1.74759
133 6.56508 45.3602 -2.08346
134 11.1379 93.7002 2.05697
135 51.0889 83.0409 1.15265
136 18.8441 92.9951 3.02657
137 47.5591 83.5395 1.62762
138 20.7919 97.9568 2.38748
139 13.409 0.69692 2.51301
140 24.621 97.6226 2.34197
141 6.47444 8.50297 2.37629
142 27.9584 72.9754 1.19906
143 28.2847 1.08971 3.18935
144 45.3354 86.7176 1.45333
145 56.0427 80.5185 1.45607
146 64.4495 83.0166 1.49091
147 13.8313 85.6117 2.00828
148 64.4977 84.88 0.816491
149 32.615 88.5116 2.27405
150 24.4628 98.2595 2.85928
151 57.5724 88.5125 1.18996
152 21.2225 93.4725 2.33925
153 17.3655 2.55644 2.75497
154 27.9508 0.427096 2.67231
155 9.43868 46.5606 -1.88378
156 31.6036 93.513 2.7953
157 21.5223 4.55315 3.19696
158 13.3282 94.9595 2.74472
159 29.112 7.13302 -3.04165
160 16.3912 88.8769 2.0709
161 26.2681 4.92705 2.61894
162 34.2678 94.6689 2.74682
163 3.31873 5.44102 1.82213
164 78.4944 50.9942 -1.44375
165 31.437 90.2766 2.61962
166 99.1211 5.39252 1.56212
167 52.2142 86.1501 1.8692
168 30.3799 79.4868 2.23773
169 77.2034 19.6165 3.16552
170 17.9063 83.7052 2.21846
171 46.1019 78.9739 1.56671
172 54.0573 81.9746 1.55464
173 25.6363 97.08 2.59658
174 13.676 94.4903 3.134
175 10.783 5.29597 2.53893
176 30.9177 9.81756 3.59198
177 16.0464 99.409 2.27744
178 76.5378 19.9673 -3.53988
179 59.7605 83.2044 1.78317
180 49.3572 80.1727 1.49852
181 29.6621 98.6478 2.977
182 32.0614 70.518 1.63148
183 71.6698 87.1486 1.08894
184 3.21624 3.07395 1.9465
185 3.98738 47.3628 -2.03965
186 19.9947 100.279 2.21125
187 58.5596 90.2204 1.12797
188 22.5431 73.6029 1.86791
189 16.2225 90.0179 2.78129
190 12.6846 94.2678 2.89664
191 44.5245 88.4099 1.36776
192 19.0203 94.4302 2.22208
193 13.9194 3.59196 2.78657
194 16.8656 94.9078 2.3617
195 43.7557 80.6338 2.05464
196 13.3793 97.5155 3.00822
197 20.284 97.3383 2.44443
198 99.0277 2.21231 1.98004
199 13.7827 95.8834 2.92847
200 47.1912 81.988 1.46687
201 16.0774 59.42 2.23522
202 71.5216 21.1541 -2.1308
203 26.9918 6.03909 2.76535
204 15.1414 93.8059 2.17507
205 51.4783 84.3763 1.93109
206 16.9343 98.2125 2.16991
207 9.40996 1.8474 2.70803
208 5.39881 4.08781 2.40877
209 60.193 91.9944 1.05489
210 32.2899 83.7171 2.38052
211 17.685 99.5309 2.96485
212 6.50513 40.7933 -1.85008
213 62.8478 87.3788 1.69266
214 23.278 74.6839 1.69675
215 53.057 80.5159 1.04533
216 24.9219 2.67256 2.70002
217 46.1607 78.1605 1.6618
218 20.2275 8.99267 2.7447
219 19.1957 55.8649 1.90462
220 50.1261 84.6152 1.8632
221 19.0378 5.99616 2.99835
222 46.0523 85.4477 1.37443
223 67.7901 30.5097 -0.162278
224 59.5855 91.3687 1.3755
225 18.5122 25.9903 1.89925
226 27.5107 97.4595 3.06776
227 19.9429 1.19671 2.43144
228 20.9287 95.83 2.32475
229 23.6874 99.7311 2.52062
230 88.8907 72.6142 -0.259566
231 37.8414 85.5516 1.9315
232 10.8179 4.2962 2.03533
233 13.8304 100.166 2.73192
234 11.5648 97.8183 2.36564
235 30.1876 67.3417 1.51643
236 26.9406 95.2862 2.51107
237 17.7467 89.3642 2.88066
238 27.5407 65.9827 1.6346
239 23.802 69.2673 1.96379
240 42.0576 94.6631 1.8549
241 26.0195 88.113 2.17725
242 20.0077 3.30654 2.17036
243 49.7644 80.8603 1.27109
244 27.6369 4.19547 2.82247
245 18.619 4.44509 2.87301
246 21.2304 97.5028 2.43601
247 85.5867 76.3097 -0.378641
248 26.6688 71.5646 1.33072
249 18.0633 92.0054 2.28263
250 15.5638 20.4703 1.55145
251 12.7908 89.2896 2.93673
252 26.8476 28.6342 1.22075
253 71.5485 17.4613 -2.87967
254 20.9764 95.7764 2.38167
255 33.2092 88.8776 2.17132
256 21.4371 2.86747 2.26203
257 21.0623 97.8893 2.99762
258 30.4955 94.3973 2.16125
259 33.6266 69.8781 1.34047
260 15.3584 95.38 2.85444
261 29.31 72.202 1.54237
262 25.8235 0.848839 2.44698
263 12.0128 4.45029 2.15043
264 15.6429 86.0502 2.25671
265 19.0249 95.4683 2.63572
266 16.1431 97.3768 2.18761
267 41.6236 84.5478 1.90831
268 13.0828 2.4423 2.13455
269 17.7744 19.6855 1.0095
270 30.1045 73.3013 1.72272
271 32.5069 69.9567 1.90272
272 62.8628 87.2282 1.35464
273 11.9293 97.8987 2.97926
274 14.2431 1.27482 2.79021
275 22.1941 98.0837 2.71936
276 15.9462 95.3145 3.03998
277 55.901 82.9422 1.33689
278 22.7563 83.3445 1.93754
279 20.8029 5.38582 2.82525
280 28.8174 71.5505 2.06694
281 20.5546 98.9762 2.35405
282 27.6422 68.2765 2.0126
283 50.5927 90.8212 1.26394
284 24.372 89.9031 2.72038
285 46.3685 82.556 1.8682
286 85.2134 75.7024 0.332408
287 18.9119 98.6153 2.89183
288 68.3964 87.5762 1.38995
289 22.8203 87.1749 2.17595
290 15.6689 2.55198 2.18487
291 25.5477 83.7126 2.36015
292 77.0323 15.6341 2.87467
293 13.1655 2.13481 2.94917
294 28.869 66.3609 1.81923
295 22.9665 9.05465 2.43721
296 4.85472 3.66144 1.74507
297 26.6175 99.6983 2.29916
298 27.5775 85.8226 2.02539
299 48.4116 86.5138 1.13125
300 17.0622 97.6031 2.49322
301 34.9856 87.4963 2.30948
302 7.33141 95.98 2.39944
303 20.4265 99.6105 2.97788
304 22.8332 80.3813 1.89467
305 15.3527 91.2638 3.00253
306 18.8656 26.8975 1.73353
307 16.5467 89.1325 2.10101
308 29.593 72.617 2.11411
309 13.0358 2.68361 2.49902
310 22.0152 25.7971 1.27447
311 92.7639 70.6584 0.0409695
312 17.8826 4.55052 2.49259
313 59.3957 87.9876 1.41673
314 27.1727 7.71395 -3.36608
315 18.3423 0.771261 2.88197
316 49.756 81.4025 1.73381
317 29.8125 75.7957 1.57149
318 53.0259 94.541 1.4492
319 44.802 87.5766 1.39818
320 48.3203 83.9194 1.27407
321 19.2421 55.9853 2.2087
322 49.3992 82.5002 1.78867
323 29.2782 76.3758 1.98529
324 20.1164 89.7843 2.62335
325 24.7608 1.06304 2.79683
326 20.8613 95.6341 2.90296
327 16.595 99.5132 2.66708
328 2.0394 3.62561 1.93936
329 63.0413 88.5554 0.735499
330 58.1198 87.2004 1.22132
331 92.3218 41.7683 -3.1979
332 61.855 88.8232 0.752965
333 95.0979 1.19712 1.79462
334 22.7148 65.1013 1.68608
335 46.3396 86.7155 1.9332
336 48.51 84.2998 1.21547
337 24.3563 67.4501 1.27977
338 23.4367 1.4076 3.21994
339 19.3858 97.7338 2.98502
340 40.1134 80.3961 2.02881
341 24.3125 73.425 1.55552
342 31.1801 80.1182 1.98435
343 22.7415 3.16638 2.48214
344 22.1802 98.0408 2.29942
345 75.3679 12.1574 2.89327
346 92.6289 77.6716 0.325598
347 14.2801 95.2132 2.75125
348 23.1702 73.0862 1.76711
349 14.4438 91.9043 2.30156
350 19.3689 4.05015 2.21048
351 31.3817 96.203 2.44923
352 23.9022 83.7499 2.501
353 71.0515 27.6152 -0.65163
354 18.0106 94.6201 2.4047
355 23.5114 93.9762 2.53131
356 66.9149 85.604 1.711
357 10.73 48.16 -1.87157
358 32.0967 75.1084 1.24318
359 11.3332 2.00625 2.61168
360 30.9354 2.73276 2.72989
361 9.41404 95.4716 2.4416
362 42.9779 82.0979 1.76764
363 20.3976 95.8281 2.28259
364 16.6995 86.7116 2.29911
365 14.9354 5.2211 2.96712
366 48.0101 80.9542 1.69728
367 52.5607 84.7861 1.02338
368 63.7645 82.7421 1.78299
369 75.1796 8.47744 3.11915
370 57.6652 95.4919 0.727725
371 34.1549 88.8958 2.07664
372 30.9284 66.2054 2.01
373 49.3006 82.5369 1.87496
374 15.5291 88.2539 2.93221
375 13.0238 5.77681 2.16652
376 36.0587 72.8318 1.66336
377 55.4129 87.7035 1.38966
378 15.1979 4.61375 3.006
379 50.9648 86.7369 1.81241
380 22.6607 97.5461 2.92214
381 17.5388 92.8044 2.20363
382 44.491 79.0806 1.44248
383 80.3796 25.0766 -2.48666
384 10.1318 3.48401 2.66873
385 24.8995 25.6317 1.62369
386 14.0903 28.478 1.61789
387 13.8971 97.229 2.31474
388 26.1121 100.059 2.67419
389 8.78026 98.8925 2.04329
390 29.1552 83.8926 1.8663
391 28.3465 71.9812 1.23962
392 3.62373 91.0933 0.882067
393 21.7921 2.9587 2.78776
394 45.3017 81.7806 1.48472
395 31.7756 76.5659 1.53152
396 20.5947 54.4964 1.5457
397 45.9126 92.2282 2.1311
398 62.397 87.2413 1.55291
399 29.2972 90.0886 2.86572
400 24.2665 68.4244 1.82331
401 0.3596 5.63152 2.32084
402 19.31 95.901 2.85034
403 42.0754 78.9561 1.35737
404 17.2913 99.0183 2.52783
405 23.4342 83.6112 2.10707
406 86.1742 71.8838 -0.113233
407 45.6933 80.7854 1.53338
408 52.6258 80.9593 1.39863
409 51.4046 83.6336 1.48355
410 21.5502 68.6315 1.59773
411 42.7187 16.4559 -2.05465
412 26.1765 93.2706 2.68062
413 27.9758 71.5203 1.45226
414 21.3695 3.626 2.23755
415 74.6925 13.0103 3.02927
416 5.26383 2.016 1.768
417 24.7543 71.0653 1.65549
418 35.1241 84.7321 2.76339
419 84.0976 24.759 -2.39216
420 12.1532 1.70338 2.25476
421 28.1894 81.1118 2.10813
422 30.1949 71.621 2.10249
423 48.9791 82.5581 1.77002
424 30.6651 8.54207 -2.83993
425 45.8908 77.5762 2.02349
426 52.1662 88.4781 1.71639
427 10.2244 89.3251 2.28465
428 20.1063 3.44178 3.11306
429 24.1158 1.06272 3.07236
430 27.9734 3.9545 2.62185
431 14.2303 5.56181 2.83606
432 33.9711 91.4015 2.42879
433 58.613 86.6026 1.79692
434 16.2511 0.940071 2.43051
435 15.5556 86.0265 2.89255
436 28.9447 99.0323 2.13068
437 13.9912 98.5659 3.14337
438 19.4214 60.4454 1.55784
439 51.669 85.5111 1.19875
440 22.3446 91.5938 2.92855
441 84.2287 70.2146 0.0817064
442 46.3638 82.2489 1.29856
443 17.0513 95.8214 2.62747
444 17.1388 3.88005 2.79293
445 12.1604 93.0149 2.70344
446 86.7656 68.5854 0.470733
447 89.094 75.0632 -0.455421
448 37.5799 13.8847 -2.50258
449 23.8211 90.023 2.43728
450 26.8237 74.387 2.16022
451 18.6554 95.6283 2.99351
452 13.5776 91.2739 2.28741
453 25.4708 98.9986 2.49043
454 56.846 79.5053 1.41058
455 97.9126 7.23738 1.65366
456 17.1962 65.7867 1.43149
457 28.4006 66.3846 1.59102
458 37.8958 92.3528 1.93945
459 9.00122 11.204 2.25941
460 11.9686 95.794 2.70238
461 70.2853 24.4528 -0.807809
462 19.1032 4.48143 2.23252
463 32.9069 72.0418 1.6417
464 21.1348 7.17615 3.02439
465 28.7311 74.7448 1.92426
466 23.8051 1.99364 2.37157
467 49.111 83.3426 1.63736
468 9.22079 99.111 3.04787
469 29.9674 96.3706 2.51758
470 24.3695 80.6895 2.4042
471 19.9646 4.43903 2.32184
472 18.8601 5.06744 2.32173
473 52.6953 81.5567 1.35161
474 34.8112 10.0912 2.73887
475 87.9528 71.6641 -0.336332
476 11.0784 48.2298 -1.44496
477 19.1861 96.6252 2.56428
478 11.7015 7.75488 1.98436
479 79.2646 12.6788 2.67666
480 30.2978 65.1018 1.92947
481 6.30543 3.14963 1.86007
482 18.6975 93.3346 2.70226
483 27.6716 77.3556 1.88782
484 2.0343 98.0791 2.27345
485 5.95208 94.0978 2.38332
486 26.5589 96.1783 2.87508
487 24.4431 2.57222 3.19634
488 29.9219 92.5623 2.2409
489 0.814757 6.00559 2.25311
490 27.6838 28.5456 1.57831
491 21.878 98.5666 2.26271
492 17.9277 4.97319 2.92898
493 18.2886 2.23334 2.40172
494 21.3051 97.7017 3.0752
495 11.8909 1.40741 2.23872
496 44.3851 88.359 1.43423
497 31.9923 6.6079 2.93476
498 26.0333 98.4391 2.87089
499 8.63677 10.7091 2.439
