500
Particles
0 85.2233 94.4607 2.16839
1 15.1334 85.1207 -2.88724
2 94.4107 30.192 1.65127
3 58.9506 47.9624 1.32228
4 80.042 9.32056 1.72664
5 89.9875 57.0222 1.30125
6 96.8399 15.7599 2.30704
7 75.8283 55.4685 2.20695
8 47.662 15.0018 2.3773
9 36.3133 14.265 2.35257
10 2.45103 97.9083 1.59024
11 92.7191 23.1021 1.74596
12 95.9299 27.6633 1.93802
13 83.4235 98.0346 2.54981
14 83.5908 12.9505 2.27772
15 84.8957 1.53412 2.20348
16 16.9969 7.39497 2.28326
17 84.523 26.7324 2.25212
18 79.5326 19.442 1.86042
19 43.8962 36.5902 2.5406
20 58.2356 49.2383 1.9815
21 95.3513 13.8414 1.92246
22 1.33764 7.50174 2.01539
23 83.6619 5.47728 2.31449
24 65.9205 51.7098 1.16722
25 89.7131 0.776827 2.32984
26 88.989 52.1823 1.06566
27 91.423 20.656 2.41105
28 95.542 11.2682 1.9727
29 99.4731 28.0515 1.50874
30 52.1305 53.8777 0.522281
31 96.8504 8.36467 2.65905
32 35.9612 42.4436 2.42592
33 66.7308 57.6744 1.46447
34 91.3594 98.9212 2.49525
35 78.7109 22.9287 1.92954
36 53.1906 59.8674 0.420803
37 4.4106 26.8097 2.36124
38 92.3294 7.02349 2.69908
39 83.4018 5.83466 1.58668
40 94.2783 98.5583 1.99667
41 82.3154 5.75741 1.76896
42 8.17835 3.0411 2.98869
43 61.7579 48.8688 1.91918
44 16.6858 86.9408 -2.59742
45 7.62182 1.51086 2.70302
46 94.6195 4.43675 2.41515
47 87.4316 46.7356 0.890873
48 99.2112 2.45535 2.62098
49 87.7312 90.6196 2.17205
50 87.5855 23.3891 1.34438
51 4.39932 10.4368 2.39384
52 63.5997 50.7191 1.81977
53 55.3031 59.7396 0.628347
54 83.832 10.0934 1.52844
55 76.9134 44.416 1.33752
56 86.2029 12.2081 1.64829
57 0.941931 90.9788 2.53256
58 86.0175 15.6315 1.98434
59 90.7117 2.62781 2.67761
60 88.6496 20.4122 1.92922
61 0.587464 99.6441 2.39363
62 45.6845 11.148 2.02046
63 17.3845 78.5176 -2.40495
64 94.183 18.7797 1.98117
65 84.1443 48.2747 1.28631
66 85.342 24.0807 2.13147
67 87.2402 23.8793 2.11087
68 85.4595 44.8006 1.35059
69 5.02637 92.3143 2.51422
70 97.535 19.8448 2.23993
71 95.4011 3.83182 1.97543
72 85.7369 20.791 2.15288
73 3.26389 22.9283 2.92123
74 0.0210034 94.7114 1.85465
75 76.5288 52.5702 1.51
76 3.12722 94.8873 1.8575
77 1.63457 20.0563 2.417
78 1.20149 30.7821 2.51617
79 87.207 17.9507 1.42643
80 99.3076 99.5414 2.29013
81 83.3741 22.4529 1.72283
82 59.3542 24.9671 1.75564
83 74.8592 14.8489 1.1853
84 76.2362 42.0019 1.97576
85 -0.394558 1.28653 2.60122
86 99.5746 98.2576 2.56255
87 4.86562 19.8231 2.34722
88 78.2831 43.5126 1.27081
89 97.7635 94.007 2.50617
90 63.4901 51.7369 1.59522
91 95.8793 8.54416 1.96124
92 2.12552 16.6097 2.23914
93 75.9184 9.73761 2.02586
94 99.5984 0.746795 2.09291
95 47.7858 39.3858 2.33253
96 94.6229 17.6799 1.73629
97 99.2949 21.9832 2.81797
98 96.9652 94.6364 2.19419
99 0.634475 15.2345 2.23813
100 67.6124 51.9374 1.66756
101 84.0849 20.2111 1.60873
102 3.5032 99.6021 2.14605
103 90.6797 96.0962 2.16268
104 0.331925 5.11931 2.64161
105 65.0477 53.2407 1.64156
106 85.1361 10.4175 2.27305
107 86.802 2.72743 1.88802
108 99.4118 7.04238 1.90469
109 89.6297 17.4716 2.00171
110 77.3023 53.5758 1.41532
111 5.39803 25.5918 2.53329
112 58.1023 47.1075 1.2822
113 97.9975 15.0781 2.15294
114 91.9266 21.104 1.64059
115 95.911 26.6358 2.29019
116 -0.0208276 90.5383 2.23236
117 93.0592 5.751 1.95123
118 49.4603 49.225 1.60092
119 79.9959 12.9535 1.36353
120 88.1711 97.1498 2.19356
121 76.4439 71.0374 0.175659
122 98.8776 2.52259 2.31426
123 73.2109 9.76789 1.45947
124 91.9587 28.5694 1.51134
125 91.0632 40.5327 1.62227
126 13.7883 14.8807 2.8326
127 80.3429 1.79076 2.03857
128 65.6267 51.3213 1.77615
129 89.115 22.1157 1.58249
130 92.2795 8.75665 2.65687
131 1.08207 97.4331 2.09583
132 93.4411 41.8925 1.63842
133 91.2582 45.6152 1.55376
134 86.2367 87.9361 2.16289
135 2.44741 21.3951 2.43871
136 99.1856 92.876 1.92128
137 95.0183 17.7127 2.43817
138 1.23667 0.840375 2.31923
139 90.5715 96.9578 2.68927
140 6.8464 0.700873 2.58236
141 81.9653 44.2513 1.56155
142 77.002 13.0095 2.20431
143 33.3742 18.5337 1.22673
144 94.1335 18.4737 1.50936
145 89.0369 24.5576 1.32997
146 88.2721 2.36395 2.33037
147 65.1919 57.6588 1.59595
148 4.4561 22.9526 2.61282
149 80.8767 22.6696 2.04448
150 5.79378 1.66141 2.199
151 38.0747 41.1079 1.8772
152 0.793999 94.7736 1.82777
153 -0.112395 6.13745 1.82145
154 20.7373 7.72835 2.50064
155 88.176 47.6996 1.6989
156 51.0239 14.6255 2.09533
157 31.3711 26.5433 1.61725
158 87.9829 53.5486 1.52537
159 33.9927 22.2715 1.64334
160 62.9425 59.4704 1.80073
161 35.1988 23.6352 1.64923
162 82.2467 23.5606 1.44323
163 78.1862 41.0055 1.92861
164 85.2535 49.4531 1.81202
165 74.8159 20.305 1.1073
166 78.1244 42.5909 1.18254
167 6.48992 25.1282 2.18976
168 87.0281 19.164 1.9574
169 84.7595 48.1008 1.5343
170 46.6238 72.156 2.6835
171 96.9816 16.5271 1.53072
172 85.8815 99.1388 2.20721
173 5.38079 98.0392 1.7874
174 86.1599 53.1805 1.84147
175 93.4351 37.688 1.34764
176 96.4028 30.4377 1.92345
177 92.9139 96.2289 1.95918
178 65.6565 50.2265 1.13043
179 94.0327 10.7502 2.48804
180 97.0584 16.0963 1.98532
181 40.8698 18.0211 2.31408
182 88.8085 13.1169 2.00775
183 83.9143 93.1089 2.71107
184 1.07195 15.2468 2.6277
185 86.7915 47.7727 1.82974
186 2.7539 4.44656 2.41955
187 52.6631 46.372 1.41883
188 77.4957 1.76135 1.80614
189 92.4003 26.2617 1.47795
190 88.266 52.8621 1.89531
191 97.2579 23.9694 2.20336
192 95.6779 89.8485 1.80529
193 3.4027 12.5295 2.50956
194 98.0087 98.0232 1.72242
195 95.6764 16.2368 2.28675
196 88.8014 93.8408 2.63802
197 0.740822 98.5969 1.9468
198 0.0477251 16.2218 2.83647
199 4.00793 60.9876 0.809501
200 2.02449 19.2113 2.72677
201 99.2304 24.9164 1.58259
202 63.0972 51.9349 1.83156
203 35.8647 24.4099 1.99366
204 89.1783 51.2264 1.34603
205 6.55707 24.415 2.39402
206 95.3378 97.79 2.17014
207 90.9303 3.66219 2.44292
208 73.8817 25.186 1.21383
209 49.8683 48.329 1.49027
210 87.5862 21.6168 1.82985
211 0.106058 2.86024 2.0942
212 90.9559 43.9992 1.91405
213 40.6619 40.2644 2.53152
214 77.0918 99.7215 1.99343
215 90.8255 8.34324 2.15768
216 7.88348 4.34135 2.21662
217 94.9903 15.1544 2.29511
218 88.1679 31.8062 2.34434
219 86.3921 27.7521 2.19792
220 3.50061 24.0849 2.53266
221 7.302 14.6308 2.30949
222 1.71105 23.9035 2.42993
223 68.6784 54.0142 2.03221
224 56.6651 48.2622 2.08783
225 96.2282 27.5712 2.15217
226 19.4991 3.77055 2.51268
227 1.39473 4.76311 2.36803
228 2.28463 99.7628 2.04843
229 2.0638 99.0436 2.10718
230 82.0901 0.67094 2.35382
231 89.6753 19.47 1.51051
232 0.95228 12.756 2.8321
233 94.1335 1.85452 2.45352
234 89.3982 96.2533 1.86719
235 85.3082 10.3198 1.82963
236 17.3334 1.66656 3.15345
237 94.5204 28.6732 1.98922
238 87.1282 11.8364 2.39202
239 76.6663 12.4761 1.72634
240 92.4425 20.4765 2.27654
241 50.1431 13.4363 2.24204
242 5.524 7.80955 2.8793
243 0.306138 17.803 2.14382
244 35.8451 24.1599 1.4383
245 3.26397 9.28611 2.93504
246 2.18886 1.49635 2.01424
247 87.4027 51.3573 1.17382
248 80.472 12.677 1.72192
249 98.3699 92.7521 2.2026
250 90.0699 20.9963 1.43045
251 89.8728 26.8828 1.35512
252 73.897 54.3219 1.96445
253 54.8769 49.8248 1.90416
254 0.936758 96.7064 1.78227
255 82.3554 22.1798 2.12999
256 5.7661 6.4239 2.85076
257 99.8688 98.9267 1.70614
258 49.9752 18.4317 1.91056
259 86.0936 11.3407 1.96174
260 91.1723 55.4249 1.27943
261 80.5084 14.4541 1.64295
262 7.61248 1.9337 2.24382
263 98.7542 10.8039 1.66974
264 63.702 58.3107 1.86812
265 99.8166 97.2456 1.60702
266 91.4163 92.8739 2.44047
267 93.4424 20.1094 1.66456
268 89.4193 98.9663 2.58156
269 89.6508 22.3978 2.13231
270 88.0137 15.2036 1.73998
271 88.3595 13.8561 2.31647
272 36.6045 38.673 2.01702
273 91.2442 98.3958 2.52984
274 96.2218 6.11339 2.24043
275 2.26943 99.3357 1.68644
276 92.1671 90.8648 1.73941
277 99.2738 14.4917 1.81655
278 9.35198 83.0861 2.56876
279 5.35559 8.46599 2.10447
280 88.1517 15.3972 2.37161
281 1.77364 3.34417 2.67449
282 83.3236 12.4804 1.93461
283 11.4269 26.9674 2.46238
284 8.18663 93.5821 2.44094
285 97.8239 18.767 2.09979
286 79.5001 4.49763 1.73294
287 98.6701 100.359 2.15417
288 52.7212 40.4218 1.40327
289 9.28996 94.9691 2.88246
290 95.6442 2.99442 2.25486
291 60.8638 93.0214 -0.868505
292 88.9975 45.9407 1.65564
293 94.4693 5.13781 2.02406
294 88.0321 11.2608 2.4207
295 93.6833 13.5006 2.45197
296 5.97458 18.9331 2.3041
297 11.7333 4.23717 3.11285
298 54.3162 12.7154 1.49137
299 0.694833 25.6151 2.22605
300 94.4633 97.9834 2.4596
301 86.559 21.9605 2.00871
302 87.3678 96.1003 2.65793
303 2.44747 2.71394 1.87597
304 14.9507 79.7703 -2.9083
305 92.0252 25.9996 2.30737
306 59.2499 54.2962 1.04847
307 94.2185 25.7424 2.22903
308 81.5425 16.7172 2.14175
309 94.8517 6.33786 2.6976
310 63.2649 56.1865 1.1704
311 87.8736 7.34456 2.14476
312 2.31862 9.65121 2.18456
313 41.7729 40.8784 1.91598
314 85.9097 25.9946 1.76751
315 1.49923 5.25444 2.24856
316 -0.00574787 14.9578 2.33924
317 88.4029 17.1592 2.2209
318 95.704 27.0838 1.7754
319 0.342007 24.9155 2.16241
320 1.22116 23.0982 2.90403
321 84.1288 25.4078 1.89398
322 5.40985 22.0635 2.9312
323 86.4031 17.5511 2.25834
324 18.9528 30.403 3.47531
325 8.95891 5.8472 2.93917
326 0.240424 96.7676 1.64082
327 95.1426 0.667966 2.28156
328 9.85562 22.556 2.2638
329 56.454 43.7321 2.02897
330 41.2384 39.3378 1.94801
331 70.1804 58.0303 1.50647
332 44.1935 41.0078 1.79377
333 1.71515 17.5393 2.30355
334 83.1948 7.92552 1.6162
335 96.7303 23.1985 2.48953
336 6.39033 25.1432 2.63604
337 79.7288 10.4652 1.55539
338 7.65262 4.7287 2.0832
339 -0.279046 0.51792 2.5849
340 83.7133 96.3928 2.45207
341 76.3767 16.0576 1.07501
342 84.7844 18.4839 1.41353
343 6.81543 4.95979 2.61579
344 4.3027 2.42533 2.56585
345 77.1018 48.3643 1.44046
346 82.3937 6.46247 1.44726
347 90.3932 56.4854 1.12812
348 78.0974 3.70498 2.64262
349 88.3389 50.7325 1.15037
350 2.91291 6.58175 2.09568
351 43.1776 14.4701 1.60132
352 17.3244 86.7392 -3.08944
353 68.1888 53.2185 1.34443
354 94.6074 91.2923 1.84447
355 2.70189 94.7637 1.84478
356 5.78403 20.7251 2.07695
357 87.6164 49.4375 1.77441
358 88.8268 15.8952 2.40718
359 90.1651 0.694728 2.02863
360 83.1158 27.2887 2.38735
361 86.5751 89.988 2.13072
362 93.8783 16.4115 2.48306
363 0.603558 99.0265 2.126
364 67.8343 58.8148 1.77603
365 98.4261 9.35786 2.18639
366 98.9284 17.6204 2.26411
367 4.3773 24.1587 2.41758
368 85.5166 99.3548 2.70233
369 44.2618 39.0339 2.53367
370 55.8834 51.2251 1.9377
371 82.7661 21.6371 1.78378
372 90.1774 11.473 2.55767
373 0.332519 20.3377 2.93452
374 89.6751 24.9448 2.08292
375 3.06932 14.4217 2.23036
376 92.288 15.6337 2.14142
377 36.4732 40.8865 1.75099
378 95.6411 5.18839 2.70757
379 3.44127 26.3637 2.1263
380 2.16941 98.918 1.99795
381 5.18215 31.8743 2.04892
382 95.9102 16.4952 2.33312
383 79.5738 45.9291 1.62049
384 0.499086 12.8923 2.68184
385 72.6734 56.0626 1.5744
386 53.4373 57.7494 0.159162
387 87.6715 89.9656 2.57211
388 9.24098 1.84426 2.61049
389 89.7588 0.484855 1.99527
390 72.5266 17.1987 1.52174
391 84.3221 15.9076 1.52605
392 88.6297 97.6311 2.78314
393 7.93054 7.61136 2.73068
394 94.9047 17.9982 1.53105
395 89.5892 17.0133 2.32713
396 86.3541 26.2055 1.98306
397 93.4022 21.353 1.63817
398 41.6486 39.0357 1.98047
399 51.4853 12.513 1.51244
400 76.9915 11.283 1.4224
401 46.4783 38.2809 1.80597
402 98.2969 94.5442 2.10446
403 95.5227 14.4398 1.59929
404 97.6395 1.61758 2.60042
405 15.512 85.6456 -2.9764
406 82.3125 97.5915 1.98076
407 97.7747 18.9011 1.73248
408 89.5939 7.27724 2.11782
409 10.2523 24.1461 1.91452
410 80.3668 13.8822 1.23899
411 92.831 22.4646 1.5725
412 7.42075 97.6852 2.36938
413 77.5342 13.4246 1.72218
414 6.53117 6.93041 2.44341
415 82.4595 46.7962 1.86946
416 1.57236 15.4586 2.58359
417 75.946 11.3011 1.90628
418 89.2675 21.518 2.07576
419 75.5563 44.9737 1.66154
420 93.546 2.78099 2.54779
421 86.7657 20.0985 1.84562
422 85.8485 14.1418 2.068
423 2.39274 20.5291 2.2468
424 84.7102 25.3406 1.68569
425 96.1463 12.1195 2.14814
426 13.9166 23.0966 2.13925
427 88.9748 25.1845 2.07498
428 98.6468 3.26693 2.13758
429 5.27709 2.24984 2.61996
430 32.804 19.7128 1.17028
431 2.78913 13.0535 2.19177
432 82.8995 23.3718 2.27572
433 11.7104 23.6646 1.69129
434 94.7958 0.932458 1.859
435 71.8833 56.2866 2.0641
436 37.7785 19.0242 2.36654
437 89.8399 95.9503 1.87977
438 98.7054 29.5187 1.57296
439 4.55098 25.9491 2.33223
440 4.28678 94.7597 1.92736
441 80.2168 98.4608 1.8932
442 96.7483 21.7946 2.45803
443 3.45898 66.9468 1.24421
444 1.92399 9.97756 2.90096
445 86.5058 55.487 1.76398
446 76.3891 55.7008 1.90726
447 82.6405 3.7969 1.68651
448 91.1736 15.2688 2.23612
449 8.01115 95.4919 2.66614
450 81.7385 17.5679 1.22042
451 95.5196 94.8458 2.48732
452 89.0012 26.383 1.5101
453 3.986 97.7032 2.52428
454 90.7262 23.1084 1.97984
455 80.4789 46.9312 1.17649
456 76.129 9.33342 1.81879
457 85.4838 11.4266 1.53376
458 90.6778 10.0032 2.48496
459 89.5223 45.3617 1.33291
460 90.9693 97.6997 2.73605
461 60.6405 51.4233 1.41233
462 3.81896 8.90598 2.22571
463 89.3793 14.5624 1.59866
464 10.4996 16.3674 2.45101
465 82.9653 15.8814 1.4751
466 6.91165 4.18972 2.70386
467 5.26533 23.2708 2.71726
468 87.467 98.3496 1.95847
469 43.5869 16.2531 2.15067
470 17.9856 83.5041 -2.67435
471 97.8154 3.82491 2.8021
472 4.53462 10.2354 2.38631
473 0.839157 15.1687 2.28423
474 7.1024 57.3779 0.689579
475 83.6844 1.19551 2.00975
476 87.4581 49.8998 1.83858
477 0.430014 98.8089 1.83832
478 78.1062 33.0176 -2.22684
479 74.5269 47.2719 2.01556
480 87.4001 6.59303 1.86312
481 8.47154 21.2107 2.41608
482 94.7663 91.2079 1.86695
483 80.4742 18.6479 1.62044
484 89.1827 3.92036 2.35471
485 84.173 91.3306 1.70703
486 7.01714 99.4003 2.29396
487 7.16237 4.58594 3.0222
488 49.3191 13.3565 1.64856
489 74.4826 44.9775 1.46638
490 77.4227 53.3053 1.3566
491 0.71652 99.8033 1.92656
492 6.34806 14.9132 2.872
493 0.711327 5.47114 2.10652
494 99.1104 95.7869 2.00571
495 93.9839 5.40492 2.23363
496 94.0383 20.8771 2.41415
497 86.9417 21.3432 1.65341
498 9.26375 1.76521 3.11913
499 95.9304 33.9067 2.33147
