500
Particles
0 82.4171 97.6344 2.07837
1 10.9663 83.9229 -2.79526
2 93.0053 34.2816 1.6874
3 58.8175 52.3446 1.52195
4 78.3905 13.3675 2.37409
5 90.0983 61.3445 1.69319
6 94.5055 19.2747 1.66144
7 74.2376 59.4145 2.13402
8 45.5466 18.6032 2.16455
9 31.9592 14.3919 -3.10883
10 0.415362 1.69166 1.99317
11 90.5146 26.8545 2.47298
12 94.2832 31.6098 1.97554
13 81.0221 1.68629 2.4844
14 82.1751 17.0641 1.91576
15 82.6296 5.24077 2.59147
16 13.0883 9.2562 2.80199
17 83.0932 30.6414 1.39058
18 78.3573 23.5955 1.98172
19 41.3934 40.1583 2.29251
20 57.3364 53.4631 1.57743
21 92.6969 17.249 1.79301
22 98.8947 11.243 2.00717
23 81.6986 9.26516 2.11461
24 65.9021 56.0742 1.67913
25 86.8076 3.9416 2.43564
26 89.1762 56.5088 1.09165
27 90.0482 24.7783 2.13037
28 93.0367 14.8091 2.41366
29 97.7191 31.9053 1.6548
30 53.2906 57.9783 1.3992
31 94.0783 11.6415 2.44179
32 34.219 46.421 2.35289
33 65.971 61.9937 1.61742
34 88.8406 2.45055 2.40428
35 77.202 26.9583 1.84841
36 55.6699 62.5559 1.86668
37 0.864853 29.2846 2.68701
38 89.2068 10.0858 2.20955
39 81.8986 9.84225 1.71682
40 91.7754 1.96713 2.10508
41 80.5928 9.83455 2.14307
42 4.52084 5.46718 2.84841
43 61.0528 53.16 1.96097
44 12.6374 85.7483 -2.61746
45 4.6056 4.55943 1.99529
46 91.9004 7.7206 1.96492
47 87.9246 51.0703 1.81537
48 96.8807 5.92422 1.6477
49 84.6727 93.6007 2.04707
50 86.814 27.5496 2.19117
51 1.38141 13.48 1.94205
52 62.8392 54.8469 1.65188
53 57.4144 62.8871 1.98586
54 82.6481 14.3019 1.62531
55 77.793 48.6012 1.15379
56 84.4624 16.1562 1.98008
57 98.6688 94.703 2.31354
58 84.8594 19.8333 1.64453
59 87.322 5.32372 2.65564
60 86.9778 24.3606 2.19149
61 97.9818 3.1308 2.21733
62 44.156 15.1098 2.43329
63 14.0262 75.8006 -2.36701
64 91.8831 22.4274 2.57943
65 83.9774 52.6056 1.28366
66 83.4308 27.986 1.96756
67 86.4334 28.1006 2.35
68 86.123 49.1128 1.10913
69 2.60576 95.8721 1.6846
70 95.0891 23.4232 1.9964
71 92.2375 6.84041 2.2103
72 84.8404 25.1085 1.91643
73 0.0733788 25.8806 2.79017
74 98.2047 98.6586 2.02985
75 74.0001 56.2055 2.35646
76 0.778366 98.5603 2.23913
77 98.414 22.9669 2.17724
78 98.3797 33.988 2.45489
79 85.754 22.0355 2.2969
80 96.9084 3.16162 1.80586
81 81.662 26.3918 1.60557
82 62.7207 27.1556 0.150845
83 74.1988 18.9053 2.19475
84 77.6207 46.1198 1.22815
85 97.3314 5.06346 2.09235
86 98.3107 2.42957 1.86346
87 1.44685 22.569 2.3091
88 79.2824 47.6573 1.03456
89 95.4532 97.6941 1.91468
90 62.7358 56.0247 1.9544
91 93.0703 11.7339 2.51506
92 99.2768 19.9296 2.09728
93 75.7101 14.1048 1.73466
94 97.3175 4.46422 2.30755
95 46.0656 43.3428 2.09263
96 92.8136 21.6573 1.86329
97 96.5153 25.2828 2.07768
98 94.5405 98.1421 1.59131
99 98.0576 18.6756 1.95791
100 67.3353 56.2646 1.90339
101 81.8147 23.926 1.52427
102 0.500815 2.64305 2.38528
103 87.8165 99.2415 2.52729
104 97.9108 8.63705 2.21999
105 64.4808 57.4961 1.36075
106 83.7596 14.4204 1.95023
107 85.415 6.9181 2.13235
108 96.3034 10.0724 2.30951
109 88.2588 21.4268 1.55699
110 76.2407 57.8074 1.94022
111 2.21591 28.5249 2.81957
112 57.5506 51.454 1.89769
113 95.0063 18.1901 2.3723
114 89.9883 24.888 2.33143
115 93.8286 30.4106 2.42185
116 97.447 93.9491 1.72566
117 90.0577 8.83408 2.68861
118 48.2277 53.3123 2.53947
119 79.3175 17.1829 1.68829
120 85.9482 0.844353 1.93152
121 80.7067 70.2027 0.336248
122 95.9909 5.69006 1.69164
123 72.9022 14.0608 1.62054
124 90.4411 32.5685 1.98374
125 89.5806 44.6344 2.08717
126 10.2463 16.0323 1.69017
127 77.477 5.21264 1.98381
128 65.9733 55.4752 2.18858
129 88.2733 26.424 1.99084
130 89.484 12.0678 1.94095
131 0.0437296 1.69302 2.20325
132 92.8222 46.2012 1.36874
133 91.2447 50.0199 1.47538
134 83.2248 91.1206 2.34861
135 99.1136 24.1867 2.22295
136 96.805 96.4616 2.32104
137 93.2084 21.7035 2.1458
138 98.3624 4.11776 2.60384
139 87.8851 0.399873 2.31566
140 3.83473 3.86268 2.85979
141 82.53 48.4806 1.19739
142 76.631 17.22 1.93911
143 34.0642 22.8039 1.02831
144 91.5239 22.0236 2.52724
145 87.7838 28.6825 1.62226
146 85.4287 5.48066 2.13697
147 63.4298 61.6952 2.09566
148 1.4414 26.0838 2.69596
149 78.9092 26.6352 2.1836
150 2.87261 4.82768 2.48292
151 36.8991 45.2717 1.48146
152 98.4836 98.4249 1.66938
153 97.0971 9.27746 2.27449
154 17.0947 9.92646 2.22181
155 88.6639 51.9969 1.44655
156 49.1984 18.5765 1.67451
157 31.1455 30.8298 1.15513
158 88.043 57.9119 1.24591
159 34.9272 26.5436 1.26486
160 61.4614 63.62 2.09379
161 35.6788 27.8327 1.106
162 80.1308 27.364 1.94738
163 79.2293 45.1526 1.73702
164 85.3917 53.8008 1.74401
165 74.2154 24.5909 1.89835
166 79.1916 46.6948 1.57804
167 3.07202 27.8477 2.3096
168 85.4349 23.2118 2.15346
169 84.9771 52.3987 1.28063
170 42.4525 71.1636 -2.22231
171 94.4885 19.9916 2.08477
172 82.9449 2.20021 2.64217
173 2.97518 1.52797 2.70347
174 87.0153 57.4443 1.92406
175 92.2131 41.8492 2.01079
176 94.5182 34.32 1.66111
177 90.4572 99.655 1.78928
178 64.9298 54.3589 2.1769
179 91.1764 13.874 1.81562
180 94.9828 19.8558 1.75303
181 38.5197 21.6888 2.14229
182 87.1469 17.1569 1.80406
183 80.2854 95.6667 2.66574
184 98.5408 18.8473 2.03805
185 87.5342 52.1202 1.27955
186 99.4721 7.25435 2.37502
187 51.6242 50.5152 1.74824
188 74.5001 4.97569 2.14366
189 90.4651 30.0609 2.23868
190 88.9571 57.1526 1.38872
191 95.4762 27.9433 1.75267
192 92.7577 93.1094 2.23278
193 0.0547426 15.2562 2.16284
194 95.4506 1.47188 2.40531
195 93.0942 19.8177 1.77916
196 86.4114 97.45 2.2567
197 98.8312 2.29607 2.48572
198 97.0832 19.2986 2.11088
199 5.97949 64.7828 1.17775
200 98.6321 21.9339 1.8698
201 97.2343 28.7716 2.04227
202 61.344 55.9327 2.15425
203 36.0849 28.684 2.15631
204 89.1463 55.4423 1.88145
205 3.33721 27.4076 2.61643
206 92.8515 1.40573 2.1834
207 88.6635 7.31889 1.83285
208 71.8737 28.8551 2.8319
209 48.8535 52.3449 2.52464
210 86.1801 25.7077 2.33998
211 98.1931 6.85926 1.87018
212 90.6036 48.3456 1.49099
213 38.3357 43.875 2.49594
214 73.8419 2.36184 2.22704
215 87.7313 11.2865 2.67689
216 4.17432 6.42827 2.24105
217 92.5324 18.7471 2.4456
218 86.0985 35.698 1.87963
219 84.6158 31.5843 1.89168
220 0.140043 26.821 2.71619
221 4.53729 17.9716 2.27758
222 98.5878 27.0686 2.32298
223 68.4846 58.3719 1.596
224 55.8254 52.5331 1.84483
225 94.5521 31.4947 1.52722
226 15.8797 6.14096 2.7543
227 99.1696 8.41094 1.65664
228 99.7093 3.26638 1.92263
229 0.00271514 2.915 2.13121
230 79.5778 4.14803 1.81926
231 88.0731 23.5939 2.1262
232 98.2632 15.9786 1.77617
233 91.1578 4.99317 2.3359
234 86.2861 99.3914 2.5714
235 83.9985 14.4669 1.60395
236 14.0142 4.46246 2.06136
237 93.0638 32.7355 2.38655
238 85.2411 15.8373 1.61392
239 75.7967 16.5844 1.90305
240 90.5469 24.4138 2.42856
241 49.2214 17.6424 2.14443
242 2.04965 10.3168 2.91185
243 97.9228 21.3962 1.8591
244 35.4742 28.3894 2.2528
245 0.278585 12.4086 2.19189
246 -0.259233 5.18815 2.28689
247 87.86 55.6569 1.80211
248 80.4796 16.9862 1.63084
249 95.8323 96.3416 2.29623
250 88.1359 24.817 2.48425
251 88.9439 31.2206 1.85159
252 72.3271 58.4329 1.7949
253 54.6468 54.1594 1.56213
254 99.6468 0.849382 1.68342
255 81.4472 26.4366 1.81738
256 2.53191 9.29849 2.57892
257 98.1677 2.95918 2.1361
258 48.618 22.5872 2.23116
259 84.4753 15.4167 1.74622
260 92.0885 59.6625 1.9145
261 79.6279 18.6028 2.30655
262 4.32334 4.82047 2.23005
263 97.0529 14.8696 1.75449
264 62.6812 62.5493 1.55754
265 97.8537 1.02831 1.6988
266 88.9372 96.3815 2.45531
267 90.6951 23.5971 2.36816
268 86.0933 1.82049 2.59753
269 88.5134 26.5846 1.91547
270 86.0502 19.1271 1.53691
271 86.6469 17.8235 1.48995
272 34.2627 42.3887 1.79114
273 88.6908 1.86288 2.68219
274 93.2093 9.26869 2.26518
275 99.6988 2.8827 2.0473
276 88.9112 93.6647 2.02282
277 97.3515 18.4955 1.83496
278 5.32983 84.1752 2.08105
279 1.55882 10.5955 2.81457
280 87.0358 19.5836 1.97
281 99.2334 6.98531 1.97654
282 81.3834 16.4293 2.11042
283 8.28335 30.0524 2.13227
284 5.43616 96.8861 1.97025
285 95.5472 22.5154 2.24223
286 77.4192 8.38035 1.96982
287 96.6105 4.14515 1.63582
288 53.2173 44.7615 1.87304
289 5.65172 97.5199 2.62793
290 92.6339 6.00588 1.79096
291 64.4013 90.9053 0.331882
292 88.7285 50.2808 1.98548
293 91.298 8.11688 2.76104
294 86.2889 15.1864 2.09895
295 91.4566 17.0984 2.03883
296 2.89672 22.0819 2.50406
297 7.90005 6.35613 2.9275
298 53.2745 16.9503 2.0767
299 97.869 28.8852 2.3158
300 91.7562 1.34529 2.61215
301 85.5714 26.1024 2.39571
302 84.5336 99.412 2.54042
303 99.6219 5.92767 2.24899
304 10.8669 78.4069 -3.20019
305 90.4887 29.9089 2.2916
306 58.9031 58.632 1.54622
307 92.7905 29.8981 2.0348
308 79.799 20.765 2.24171
309 91.4823 9.11215 2.46215
310 61.3851 60.1489 1.69614
311 85.3573 10.8217 2.49287
312 98.6929 12.112 2.51905
313 39.233 44.4683 2.30309
314 83.9202 29.8735 2.24217
315 98.9424 8.66264 1.87206
316 97.2964 18.3585 1.94604
317 86.9459 21.0956 2.13137
318 93.0666 30.5693 2.41125
319 98.1464 28.5972 1.6378
320 98.5901 26.1656 1.5762
321 83.0783 29.6721 1.76057
322 1.9601 24.6594 2.61325
323 84.6673 21.5985 1.70677
324 15.0397 30.4771 2.29751
325 5.58935 8.44306 2.74006
326 98.6168 0.795353 2.11853
327 91.8869 3.57266 2.39729
328 6.82329 25.7283 2.30141
329 55.5268 47.8985 2.36659
330 39.0543 43.1556 1.93455
331 69.7968 62.3664 1.70856
332 41.7578 44.6338 2.41345
333 98.8198 20.5139 1.74792
334 80.8709 11.5789 2.44301
335 94.881 27.138 1.63229
336 3.13001 27.9311 2.25819
337 77.994 14.351 2.39663
338 4.38279 7.49745 2.5351
339 97.2205 4.01168 1.76513
340 81.4489 99.9445 2.01792
341 76.7923 20.3629 1.63134
342 83.0333 22.4752 1.62663
343 3.27724 7.4438 2.64053
344 0.997099 5.24696 2.45749
345 76.0126 52.5957 2.15577
346 80.6755 10.4699 2.21788
347 90.3438 60.6732 1.96646
348 75.3293 6.95988 2.45337
349 88.8187 55.0047 2.01904
350 99.4097 9.21576 2.22038
351 41.011 18.2655 2.16633
352 13.5277 84.5568 -2.82175
353 67.8129 57.4929 1.87642
354 91.4568 94.3863 2.33681
355 0.879436 98.7462 2.06355
356 2.81961 23.8421 1.83554
357 88.1116 53.6905 1.1696
358 87.1219 19.9197 1.91361
359 87.5391 4.14391 2.25043
360 81.3707 31.2216 2.2665
361 83.6547 93.2249 2.00989
362 91.7767 20.1678 1.8147
363 99.0809 3.16523 1.77728
364 67.3113 63.1362 1.38368
365 94.878 11.9786 2.083
366 96.5101 21.0932 2.58427
367 0.919507 26.8391 2.71754
368 82.2422 2.24157 2.33725
369 42.871 43.0654 1.63171
370 55.5124 55.5337 1.97951
371 81.6512 25.8721 1.87015
372 87.9249 15.0961 2.40465
373 97.9614 23.7777 2.08304
374 88.0307 28.9619 2.14263
375 -0.0129218 17.37 2.56335
376 90.236 19.4066 1.74744
377 34.8068 44.9717 1.73105
378 92.8515 8.51159 2.10719
379 0.571313 29.5927 2.2066
380 99.4789 2.47385 2.28291
381 2.14838 35.0934 2.30131
382 93.5799 20.0324 2.43264
383 80.1434 50.1086 1.22448
384 97.2413 15.8278 2.37551
385 72.0688 60.332 1.75309
386 55.9257 61.2371 1.59192
387 85.0038 93.4183 2.17926
388 5.90047 4.6113 2.92196
389 87.0502 3.88076 1.9929
390 72.9468 21.3761 2.29654
391 82.8166 19.986 1.9785
392 85.5786 0.708651 2.72567
393 4.70507 10.5393 2.20596
394 93.1137 22.0172 2.23009
395 87.6775 20.8779 1.54819
396 85.4275 30.4131 1.76612
397 91.58 25.2045 2.43794
398 39.8643 42.8317 2.42505
399 50.2835 16.7099 2.36522
400 76.7839 15.4778 1.66244
401 44.4842 41.9359 2.15791
402 96.335 98.357 1.86727
403 92.8858 17.9198 1.80268
404 95.0841 5.14752 2.56423
405 11.5179 83.8755 -3.02425
406 80.0678 1.31119 2.50281
407 95.1851 22.3828 2.5465
408 86.8894 10.7033 2.51728
409 7.17833 27.1106 2.51106
410 79.6731 18.1231 1.59083
411 91.1427 26.5074 2.05256
412 5.02171 1.18197 1.79688
413 77.1125 17.6023 1.55898
414 3.28524 9.86268 2.31209
415 82.9457 51.1823 1.63409
416 98.4646 18.5396 2.45157
417 75.8502 15.6105 1.90363
418 87.8342 25.6347 1.80226
419 76.3894 49.2768 1.09945
420 90.2979 5.60851 2.27936
421 85.6355 24.3368 1.54888
422 84.3093 18.1392 2.40626
423 99.5137 23.6584 2.20571
424 83.4668 29.4738 1.54043
425 93.4389 15.4239 1.7632
426 10.5653 25.9305 2.16468
427 87.7072 29.3749 1.42976
428 95.7953 6.36491 2.09664
429 2.17725 5.30321 2.56131
430 33.3693 24.0557 1.53473
431 -0.24499 16.1348 2.5587
432 80.528 26.9272 2.20475
433 8.74563 26.7766 2.22156
434 91.7546 3.96525 2.44422
435 71.1721 60.5762 1.83165
436 37.1224 23.3097 2.06003
437 87.1031 99.2227 1.91995
438 96.9394 33.5567 1.98292
439 1.38969 28.8875 2.66069
440 1.5662 98.1127 2.62891
441 77.4234 1.7757 2.46864
442 94.8641 25.738 2.30375
443 5.68493 70.3397 0.61113
444 99.1947 13.3569 2.10245
445 86.6387 59.9179 1.47033
446 75.6093 60.0049 1.43666
447 80.7691 7.80717 2.30741
448 89.3279 19.243 1.9602
449 5.06609 98.6403 2.36129
450 80.8239 21.9057 1.89414
451 93.8468 98.8411 1.88306
452 87.4764 30.5205 1.55133
453 2.42894 1.65575 1.96017
454 89.5412 27.3156 1.85904
455 81.4003 51.1707 1.11597
456 75.4414 13.4246 1.45201
457 83.5512 15.2908 2.15545
458 88.4923 13.6877 2.2129
459 90.0319 49.7431 1.16844
460 88.3296 1.20628 2.36253
461 59.3755 55.5963 2.26414
462 0.198102 11.3379 2.51441
463 87.7221 18.4464 1.75936
464 7.46 19.5052 2.43126
465 81.7242 20 2.45691
466 3.2086 6.46242 2.45828
467 2.66336 26.7305 2.56944
468 84.4304 1.50934 2.36824
469 40.8854 19.5511 2.65543
470 13.8649 82.0343 -2.32908
471 94.9195 7.15355 2.32091
472 0.961578 12.7441 2.0096
473 97.9656 18.3124 2.60787
474 9.48588 61.0446 1.28175
475 81.4575 4.87817 2.2737
476 87.6872 54.207 1.81493
477 99.1273 3.02344 1.8677
478 75.6979 31.7357 2.3002
479 74.8248 51.6116 1.77104
480 85.4694 10.5489 1.88414
481 5.47387 24.3345 2.11077
482 92.6961 95.0059 2.29294
483 78.7103 22.6474 2.33068
484 86.1302 6.97199 2.91156
485 80.4261 93.6306 2.25781
486 4.1581 2.62052 2.30266
487 3.72933 7.21836 3.01578
488 47.6811 17.29 2.57683
489 74.8208 49.2521 1.94282
490 75.2264 57.0811 2.15591
491 98.3882 3.36686 1.7773
492 3.22154 17.8998 2.19001
493 98.102 8.91328 2.05152
494 97.4857 99.8713 1.94319
495 90.8913 8.47914 2.01662
496 92.3312 24.7363 2.50214
497 85.8812 25.5044 2.13804
498 5.91215 4.39414 2.84192
499 94.2517 37.8994 1.59693
