500
Particles
0 59.2821 20.9133 2.27494
1 90.3522 95.4465 1.79506
2 76.6373 61.6214 2.30929
3 56.3147 84.2807 1.0768
4 61.5912 41.0276 1.88499
5 89.9053 93.0261 1.46331
6 76.1953 45.9258 2.33527
7 66.7944 91.115 2.14456
8 47.1255 46.0574 0.307388
9 17.2925 0.200588 0.0448063
10 78.3738 25.2962 2.33295
11 72.7154 53.7338 2.28769
12 78.9423 60.1116 2.27208
13 58.9531 25.2247 2.62655
14 64.1222 43.5965 1.791
15 60.1672 28.8324 2.46821
16 95.2546 35.0344 2.36014
17 68.4986 59.3198 1.96424
18 64.3837 52.643 1.71962
19 30.2033 70.3708 1.44122
20 55.4092 85.9647 1.38796
21 74.3545 44.0384 2.40777
22 77.1076 35.985 2.51806
23 59.4764 32.4903 2.79517
24 60.531 87.4188 2.2103
25 66.372 29.2905 2.88759
26 93.3688 87.7332 2.16751
27 71.9914 51.5638 2.08353
28 74.2736 41.7424 1.96603
29 79.693 58.7483 2.13235
30 45.2614 88.9348 1.44953
31 73.0278 36.6132 2.72868
32 22.89 76.1891 1.68283
33 59.1494 93.4578 1.75489
34 67.3307 27.0022 2.21783
35 59.9065 53.9553 1.93686
36 54.828 94.7495 1.99503
37 81.4638 55.3533 1.79226
38 68.8795 35.2433 2.1778
39 60.9556 34.3489 1.9419
40 71.1659 26.9937 2.29728
41 58.2649 33.3374 2.76155
42 79.8101 26.5414 2.14767
43 57.4152 85.3493 1.19986
44 91.342 97.0422 1.66738
45 83.5077 29.0751 2.54561
46 69.1836 30.71 2.60666
47 91.2685 83.1295 1.41875
48 75.6347 29.7458 2.70531
49 62.6427 17.0215 2.38133
50 69.2165 55.1037 2.13479
51 80.2296 37.7462 2.20466
52 57.4975 86.9078 1.68727
53 56.5733 94.9351 1.85736
54 64.3318 40.7205 2.23052
55 75.4133 81.1078 2.00849
56 66.5607 43.5111 1.97083
57 78.924 19.2886 2.422
58 67.2273 47.0297 2.00877
59 64.4754 28.4915 2.84292
60 68.8336 51.5715 2.49255
61 75.3453 26.0439 2.50544
62 46.1978 40.1916 0.629383
63 25.6126 50.2328 0.258204
64 72.6243 48.6417 2.73913
65 88.392 84.1788 1.88316
66 66.5965 55.6297 1.81521
67 68.0857 54.6018 2.6182
68 92.0947 80.6708 1.60145
69 87.8506 24.0233 2.47113
70 74.9434 48.7157 2.73163
71 69.4227 30.0283 2.30566
72 66.2794 51.6385 2.49767
73 82.8113 53.4263 1.58347
74 76.4928 22.8623 2.2335
75 68.5367 87.5912 1.86903
76 79.3504 22.9685 2.18318
77 78.0941 48.3763 2.238
78 85.1576 62.904 1.11634
79 67.2171 48.7048 2.45719
80 76.1748 27.8964 2.17037
81 68.0976 56.1566 2.03601
82 53.9036 53.4459 2.68247
83 58.4504 46.9206 1.85572
84 73.6389 78.2805 2.11444
85 76.1014 29.1801 2.02288
86 75.7622 25.5354 2.32738
87 83.9424 49.8796 1.70918
88 76.8416 79.6436 2.39007
89 75.1739 22.6632 2.68415
90 59.7763 87.8828 1.19318
91 72.5204 36.8612 2.19233
92 79.6279 45.8654 2.40053
93 57.2479 40.5788 2.11124
94 75.6978 28.0588 2.45086
95 33.8368 73.1163 2.07255
96 74.6377 48.607 1.84343
97 77.0159 51.1375 1.91119
98 72.5565 21.5221 2.6335
99 78.3845 44.4674 1.91637
100 60.3848 87.681 1.25574
101 64.962 51.459 2.68464
102 77.2115 24.8919 2.87547
103 67.3954 24.7944 2.03806
104 76.5079 32.7785 2.47791
105 59.1332 89.0352 1.51971
106 64.5858 40.3062 2.09151
107 63.1913 30.5354 2.05908
108 75.0513 35.0456 1.97687
109 69.9551 48.2638 2.45502
110 70.6042 88.6819 2.50772
111 84.75 55.1252 1.65386
112 55.7914 83.8695 1.5243
113 74.9428 43.4166 2.31314
114 73.7282 52.9287 2.15384
115 77.8163 58.0816 2.30415
116 78.0198 19.1579 3.09933
117 68.9738 33.5372 2.3054
118 45.7378 83.84 1.36245
119 61.7722 44.5228 2.38102
120 63.8168 24.4643 2.75217
121 81.2575 91.7205 0.953246
122 74.0896 29.6389 2.56796
123 55.4971 41.0493 2.41165
124 74.5061 60.9943 2.07247
125 91.9019 76.7844 1.82252
126 92.7022 38.0306 1.69097
127 53.4855 27.0074 2.06857
128 60.3761 87.5606 1.77443
129 70.2018 53.4205 2.48074
130 68.9607 36.6859 2.80076
131 77.9378 24.5982 2.3099
132 9.03232 70.7789 0.591897
133 97.6461 81.077 1.88554
134 59.6221 99.8808 1.34061
135 80.0623 50.4962 2.12618
136 76.3505 21.0439 2.59163
137 74.1194 47.9961 2.14353
138 78.2391 28.7873 2.32551
139 66.3288 24.7955 1.99934
140 79.9885 25.8588 2.99421
141 81.1273 80.4077 2.29732
142 58.3076 44.0162 2.65614
143 30.7759 53.4155 2.43132
144 74.4141 49.6577 2.21552
145 70.3444 56.1553 2.44603
146 62.4084 28.2787 2.0326
147 60.4597 93.7588 1.72555
148 82.7718 52.0366 1.886
149 62.8242 54.9784 2.30153
150 78.2224 26.2527 2.62518
151 24.4901 74.6232 2.26664
152 77.3568 22.2654 2.58622
153 77.638 35.199 2.39476
154 95.4485 31.5554 1.67914
155 95.6411 83.4066 1.67196
156 51.5229 46.1791 1.20318
157 20.6386 38.6086 3.35634
158 91.3226 88.9231 2.08916
159 31.3508 57.8329 1.49878
160 59.398 95.6302 1.43044
161 34.2754 58.9548 1.13874
162 62.5717 54.7206 2.55732
163 75.6885 77.0453 1.79369
164 89.2038 85.2602 1.96613
165 59.6216 53.6491 1.93793
166 76.1664 78.8411 1.51865
167 85.4918 53.8179 2.08067
168 67.9196 50.5854 1.95937
169 85.7312 84.415 1.57766
170 30.8689 78.9142 1.4078
171 73.8861 44.8989 1.84382
172 59.8835 24.9485 2.54659
173 80.1012 24.2922 2.78568
174 90.2262 88.8278 1.61377
175 94.0709 73.6483 1.18342
176 77.2694 62.29 1.86053
177 68.4694 23.3984 2.61384
178 58.9506 86.1066 1.86833
179 73.0159 40.9086 2.19104
180 76.426 46.9201 2.36355
181 33.1156 53.7238 1.69514
182 67.2712 43.0191 1.99924
183 54.9379 16.2355 2.6759
184 81.2856 46.9725 2.23994
185 93.2721 83.7494 1.44557
186 79.1402 32.9659 2.51244
187 48.4439 81.1324 1.12769
188 49.4233 25.7834 2.39947
189 73.5436 58.1812 2.46107
190 91.7782 88.6822 2.07911
191 77.2194 54.6086 2.14608
192 74.3122 17.7574 2.25691
193 80.8368 40.8418 2.01407
194 72.0558 24.2929 2.34927
195 75.0733 46.9283 2.35057
196 63.928 21.0046 2.29927
197 76.3749 25.564 2.61713
198 78.2598 45.2762 2.65001
199 9.23064 40.7877 -1.33992
200 79.0916 47.5113 2.04169
201 80.0978 56.2503 1.92854
202 58.1128 88.0956 1.77029
203 35.5711 59.8416 1.84475
204 94.2558 86.3466 1.79425
205 85.3272 53.1386 1.77829
206 71.0669 24.8679 2.96124
207 66.6137 31.1667 2.81674
208 56.1573 57.04 1.76465
209 45.5008 82.54 1.82158
210 69.206 53.3541 2.56206
211 76.8939 31.3435 2.3358
212 94.9275 80.4158 1.76219
213 25.0828 72.3591 2.16549
214 49.8988 23.2659 2.23179
215 66.706 36.1525 2.08503
216 83.2341 31.4204 2.26411
217 73.5726 45.4311 2.21716
218 69.6769 63.6676 1.74564
219 68.4956 59.7337 1.85364
220 81.6337 53.5236 1.81485
221 84.1255 42.1264 2.49195
222 81.3979 54.5653 2.07985
223 63.6626 90.4785 1.69683
224 54.3738 84.7821 1.61732
225 78.2292 59.9443 2.43964
226 -0.0223776 28.3803 2.47308
227 80.2856 35.1551 2.51889
228 77.7849 26.9605 2.80204
229 81.0427 28.997 2.49548
230 57.7911 28.0493 2.3596
231 70.4841 50.9354 1.9791
232 78.5483 41.6424 2.47697
233 69.0307 28.9241 2.11268
234 66.0016 25.1775 2.12084
235 65.3398 41.0824 2.1853
236 91.9776 27.3479 2.63385
237 75.8961 60.3773 2.36455
238 68.5422 43.626 2.54433
239 59.3854 44.653 2.21437
240 72.7506 51.9196 2.24322
241 50.2246 44.3847 1.20632
242 80.6079 34.6158 2.70643
243 79.3998 48.309 2.67702
244 33.3571 59.9366 1.9709
245 79.7092 37.3113 2.25814
246 77.9236 28.8595 2.45241
247 91.6966 87.1755 1.97315
248 62.2881 43.9805 1.86312
249 74.518 20.4287 3.01536
250 70.4379 52.2579 2.05188
251 73.0293 59.6624 1.80916
252 64.6922 89.9009 1.73379
253 50.7019 85.8702 1.23129
254 78.0768 24.2814 2.84974
255 64.4861 54.2655 1.76639
256 80.4356 32.757 2.29955
257 74.6842 24.6537 2.88527
258 50.6707 49.646 0.64025
259 65.2761 41.186 2.01437
260 93.1918 90.5527 2.39887
261 62.1921 45.4901 2.61079
262 81.1432 27.3736 1.96945
263 78.0662 41.2464 1.93205
264 60.3741 94.2956 1.81105
265 76.7904 24.9517 2.63811
266 68.6122 21.4152 2.60578
267 73.3465 51.1547 2.30988
268 63.4358 24.3108 2.76249
269 70.5339 53.6016 2.36086
270 67.9928 45.9604 2.25666
271 67.2589 43.483 1.85144
272 22.9185 71.2616 2.12578
273 66.735 26.2006 2.21383
274 71.3903 33.5922 2.05026
275 78.1871 26.9815 2.87265
276 70.1311 18.6299 2.87941
277 78.7125 44.8573 1.92058
278 84.0616 94.8713 1.54066
279 81.1751 35.882 2.62176
280 70.4189 47.6039 1.81033
281 77.9077 30.9458 2.90077
282 63.2164 43.324 2.47836
283 87.938 53.0618 1.61802
284 91.3891 24.0083 2.07039
285 78.1186 50.0408 2.02915
286 54.4207 30.5206 2.35608
287 75.7045 28.5759 2.05283
288 44.5515 66.0631 -0.196757
289 88.0806 24.3327 2.81809
290 70.6421 30.0478 2.58312
291 56.0106 13.9606 2.24079
292 94.5395 81.8259 2.43458
293 68.4177 31.1375 1.9903
294 67.3379 41.2364 2.30789
295 73.0629 44.3357 2.53443
296 82.699 46.5115 2.00632
297 92.3886 33.6499 1.95213
298 54.3598 45.6951 1.73182
299 79.6365 55.7392 1.68679
300 71.376 26.2083 1.99072
301 67.9499 53.5417 1.89466
302 62.3334 23.3207 2.9482
303 78.413 30.2253 2.2035
304 22.5125 53.6875 0.0687082
305 74.3653 58.158 1.54308
306 56.8216 90.4494 1.21862
307 77.0943 58.2169 1.83484
308 63.0845 48.6628 2.08723
309 69.0753 32.6074 2.38883
310 60.4034 92.1403 1.61716
311 63.4626 35.1408 2.33586
312 79.4347 38.1428 2.21231
313 26.1513 73.9589 2.37017
314 67.8906 58.0869 1.68752
315 78.3949 33.4412 2.77167
316 77.6095 44.1171 2.51969
317 67.2018 47.0117 2.25794
318 77.7182 59.0861 1.84819
319 80.5535 56.0208 2.04095
320 81.2858 53.5753 1.66063
321 68.1739 58.5388 2.41623
322 83.9042 50.5725 1.55062
323 66.6398 48.4756 2.32402
324 7.93941 36.5432 -1.19872
325 83.7914 31.7975 2.45469
326 76.1555 24.4825 2.22753
327 68.8615 26.6424 2.10394
328 87.6403 50.3767 1.62616
329 54.2551 80.4182 1.8344
330 25.6113 72.406 2.32131
331 65.3695 94.4242 2.02174
332 30.26 74.4953 2.12462
333 80.969 47.7056 2.36372
334 59.7316 36.3 2.54903
335 78.0893 55.0756 2.03375
336 84.3901 53.2684 2.24216
337 60.432 41.8411 2.15178
338 84.6692 33.1489 2.78061
339 74.3297 26.985 2.65093
340 58.9352 23.5753 2.60412
341 59.8484 47.8938 2.09765
342 67.587 51.1753 1.93682
343 80.8373 30.7783 2.28148
344 79.2396 28.8918 2.11449
345 70.1557 84.3231 1.83681
346 59.2601 34.6112 2.71357
347 94.7061 91.3356 2.01453
348 50.7578 28.3651 2.58283
349 91.0626 86.4357 2.16468
350 78.0521 32.9577 2.8746
351 33.8813 49.2621 1.71466
352 94.0131 94.4736 1.92719
353 61.9319 89.3272 1.37199
354 72.5818 20.1115 2.41911
355 78.3565 21.8956 2.64396
356 83.9904 49.3129 2.33961
357 90.6455 85.3961 1.72435
358 69.3764 46.9514 2.0749
359 65.6343 28.3185 2.62867
360 64.5111 59.2229 2.25289
361 61.6561 16.9915 2.38974
362 71.7994 45.6752 1.92335
363 77.2884 27.3401 2.07335
364 63.4938 94.8072 1.52225
365 74.4406 37.6386 2.06851
366 76.3059 46.8139 2.01326
367 83.5452 53.9909 1.61636
368 61.1297 27.0891 2.26631
369 30.6916 73.1127 1.49478
370 53.7608 87.8767 0.995308
371 65.9996 53.8281 2.56732
372 69.8096 41.6858 1.99943
373 79.1031 50.4413 2.33055
374 70.3263 56.1969 1.84766
375 82.606 45.175 1.87171
376 72.1267 46.4581 2.53332
377 23.2693 74.2401 2.26692
378 71.5915 32.9401 2.2232
379 83.5082 56.606 1.99116
380 78.5531 26.4474 2.42104
381 4.80579 40.0612 -1.15043
382 74.5109 46.1176 1.93367
383 78.4904 82.1902 2.39244
384 76.8074 40.6738 2.36004
385 64.5906 91.6934 1.94847
386 53.4971 93.6855 1.16621
387 62.6116 16.8428 1.90042
388 84.5769 29.1356 1.99802
389 65.9079 28.6753 2.33443
390 57.3252 49.9644 1.8769
391 65.5763 47.4896 2.10951
392 66.309 26.7814 2.33173
393 83.6757 34.6604 2.38758
394 75.1172 48.7763 2.61092
395 69.48 47.9819 1.90705
396 69.5954 58.7839 2.1982
397 71.7589 50.9356 1.95951
398 25.9436 72.0707 2.02331
399 53.2952 44.8632 1.6281
400 59.187 42.6317 1.81158
401 34.5478 72.6888 1.47855
402 73.4321 20.6882 2.36999
403 75.7162 44.9255 2.7465
404 73.0326 29.1145 2.43581
405 92.0131 94.7843 1.44203
406 53.9664 21.0495 2.26321
407 77.4409 50.0164 2.15298
408 67.0948 36.4483 2.36507
409 86.8506 52.2565 1.78166
410 61.7518 45.3888 2.24034
411 72.2558 53.024 2.15689
412 81.2327 23.4692 2.4198
413 60.9605 45.7335 2.17019
414 81.3689 33.4692 1.97445
415 86.2996 83.1886 1.78395
416 81.7063 46.2291 1.95405
417 58.9855 43.0542 2.11454
418 71.7481 54.2091 2.1873
419 72.793 81.2731 1.56738
420 67.3671 28.7525 2.2918
421 69.0662 52.1034 2.60589
422 65.205 44.5376 1.97143
423 81.5096 50.6047 1.92207
424 68.8883 58.3527 2.43356
425 72.7313 40.6709 2.63909
426 1.56348 37.9484 -0.754294
427 70.8875 57.233 2.40416
428 74.5799 30.9133 2.19897
429 78.8786 27.8147 2.68435
430 29.4034 55.5062 1.83694
431 81.611 43.295 1.97088
432 65.4177 55.7077 2.25441
433 89.1614 50.5684 1.88568
434 71.4105 28.6408 1.91995
435 63.8198 92.1698 1.72932
436 33.5712 54.9284 2.07701
437 65.7516 23.4766 2.57639
438 81.7631 61.7852 2.2972
439 83.9283 55.5699 1.52407
440 81.0259 23.1493 2.57096
441 52.0945 21.9448 2.87335
442 75.5266 51.663 2.45275
443 6.7331 43.6086 -1.12514
444 79.8767 39.3905 2.29019
445 87.4456 91.2018 2.18948
446 68.765 90.5633 2.62908
447 57.8752 30.822 2.93215
448 72.3592 46.9265 2.32906
449 84.7466 23.6852 2.5643
450 62.7 49.0437 1.86684
451 72.4389 22.8556 2.70577
452 70.8577 58.6149 2.1666
453 78.1993 23.22 2.1523
454 72.4725 54.7568 2.22072
455 81.6466 83.3849 1.75455
456 57.6038 40.1225 2.08663
457 66.6136 43.0658 1.96066
458 69.1824 39.6498 2.60968
459 95.474 81.487 1.90789
460 68.1893 26.4696 2.38658
461 57.7712 88.2123 2.06965
462 79.9719 36.5769 2.38799
463 69.4744 45.3089 2.25549
464 88.8295 42.4515 1.42853
465 63.7924 47.1435 1.81298
466 81.414 30.4663 2.84503
467 84.39 52.9159 1.84883
468 62.0634 24.9118 2.1707
469 36.2601 50.837 1.53513
470 12.0346 80.536 -0.0400911
471 72.012 30.4129 2.20438
472 81.314 38.5488 2.00058
473 79.6924 45.3559 2.19297
474 13.7895 39.6098 -1.39308
475 58.4045 27.7344 2.81144
476 91.0638 85.4129 2.14859
477 78.7773 28.0454 2.02199
478 59.3091 59.1035 2.47347
479 69.5706 83.2519 1.53789
480 65.6873 35.8628 2.17748
481 87.0342 49.51 2.18987
482 73.9312 20.691 2.79173
483 62.5823 50.7694 2.54454
484 61.6928 28.527 2.62003
485 57.4024 16.9371 2.61683
486 81.3271 25.9245 2.04739
487 80.6945 30.1776 1.97306
488 48.2957 42.9489 1.08293
489 70.8235 81.7187 1.90385
490 68.9235 88.2869 2.4632
491 75.3582 26.2703 2.58127
492 82.5664 41.4694 1.9837
493 76.9429 33.7446 2.32946
494 74.9955 22.5911 2.90947
495 68.6857 32.228 2.52944
496 73.0437 50.645 2.1773
497 69.9714 53.7769 1.91761
498 82.1865 26.7377 2.32147
499 80.7504 66.6052 2.00203
