500
Particles
0 53.7518 24.6936 2.72196
1 79.0185 16.1925 2.5082
2 62.0048 78.2532 -2.56026
3 60.0789 47.7404 1.48101
4 92.2272 13.4871 2.60698
5 62.7726 21.647 2.20791
6 52.4081 35.9969 1.7958
7 62.2914 59.8119 1.43355
8 80.9293 24.3572 2.72981
9 81.0474 27.1688 2.99275
10 72.295 24.8642 2.25947
11 45.824 66.0576 -0.441308
12 51.1085 49.405 1.36052
13 96.0406 5.42274 2.14841
14 92.9406 15.7525 2.86082
15 7.03371 25.6947 -1.60006
16 77.3979 27.6748 2.31455
17 88.154 34.5443 2.7349
18 90.714 22.8321 2.63708
19 60.341 42.8189 1.95431
20 55.8461 48.7282 1.22821
21 44.0994 36.0069 1.96829
22 66.9461 33.4359 2.25328
23 97.1899 10.4671 2.83339
24 58.4604 52.22 1.64075
25 60.7325 28.9653 2.04784
26 62.1264 17.2763 2.33525
27 36.3926 60.6117 0.665371
28 56.0045 32.129 2.12883
29 7.77752 5.53746 0.880791
30 63.297 85.8118 -2.89631
31 63.6627 33.5706 2.2122
32 56.2156 47.2068 1.87635
33 63.7982 76.5803 -2.62822
34 64.117 29.0475 2.677
35 88.5731 29.2254 2.86425
36 36.5159 77.5895 0.917685
37 53.0263 42.1517 2.02635
38 56.76 29.443 1.82567
39 93.6792 11.6093 2.62888
40 67.4777 28.5947 2.84966
41 91.3297 10.7884 2.4004
42 74.5122 30.7385 2.60845
43 60.3528 48.7249 1.49895
44 79.1882 19.2796 2.48411
45 75.349 27.7641 2.39739
46 65.4691 32.7397 2.23858
47 81.0235 51.3472 2.14339
48 68.3868 29.3677 2.20152
49 61.1414 23.5485 2.13878
50 96.1761 28.9026 2.39004
51 68.7066 34.4086 2.73618
52 59.1203 50.6049 1.30874
53 36.8016 76.2143 1.00628
54 95.9895 14.8634 2.19399
55 65.7687 44.2812 2.13492
56 97.0426 16.2506 2.2678
57 71.1853 20.1203 2.21785
58 94.751 19.9834 2.08428
59 58.8108 28.989 2.52838
60 94.2545 27.001 2.82198
61 71.9357 28.0073 2.3676
62 79.5085 23.2995 2.76316
63 77.2247 10.9708 2.64517
64 49.59 40.746 1.80193
65 67.7818 48.7493 1.22743
66 91.5403 29.1779 2.61712
67 92.2473 29.1248 2.8334
68 65.8355 45.921 1.6817
69 76.3612 20.7593 1.99914
70 50.5328 39.2751 1.51769
71 64.1674 29.1248 2.86763
72 92.4712 25.0296 2.22533
73 54.5675 41.4958 1.83417
74 69.6749 22.254 2.63595
75 63.0081 55.5467 1.43743
76 71.6911 20.2766 2.34127
77 52.5678 39.0476 1.37318
78 62.6005 14.7751 2.39731
79 96.009 21.4324 2.58263
80 68.0986 25.4047 2.30942
81 91.5085 28.5397 2.68789
82 60.6333 39.5904 1.49541
83 90.8534 18.9296 2.25976
84 67.738 41.5446 1.3516
85 68.0592 26.636 3.08657
86 68.795 24.7266 2.39687
87 58.5038 37.2973 2.24827
88 63.0709 43.8643 1.2436
89 66.7118 21.7014 2.83877
90 59.7269 52.2353 1.97032
91 61.6789 33.9214 2.24396
92 58.5038 36.1154 1.79809
93 90.1993 14.2077 2.70794
94 70.5424 28.8036 2.66801
95 59.5506 43.1927 1.27675
96 44.064 39.0217 2.18033
97 53.4964 42.7533 1.25322
98 66.637 21.7477 2.81095
99 58.2325 36.3018 2.44525
100 61.2243 51.0479 1.2432
101 93.3335 24.1338 2.99278
102 73.2032 26.4582 3.07322
103 63.8149 26.3305 2.5741
104 69.6956 31.7645 2.75595
105 56.3247 53.7034 1.07217
106 93.8996 14.3254 2.05906
107 54.0486 29.4774 2.06611
108 67.8501 32.7753 2.85756
109 0.632583 20.6866 1.93183
110 82.739 58.484 2.29017
111 53.8522 41.1481 1.51172
112 57.3056 47.2281 1.99633
113 53.8155 34.7266 2.22074
114 42.7267 45.3193 1.44942
115 50.8207 48.3164 1.46844
116 69.7533 18.0318 2.40259
117 61.7191 32.3677 2.57943
118 55.5807 49.3882 1.49452
119 94.3488 15.6473 2.58027
120 60.0519 27.1846 2.24631
121 85.8606 27.2231 2.74463
122 69.1656 29.3881 2.90971
123 86.7923 20.3184 1.94204
124 91.6681 98.3977 -2.86319
125 65.5404 43.8984 1.47938
126 76.1784 36.88 2.36268
127 92.7105 7.67333 2.86108
128 60.4724 52.0794 1.63952
129 59.1182 80.63 -2.86942
130 57.2048 32.7741 2.20933
131 69.8677 22.853 3.04161
132 69.7112 45.3459 1.48647
133 69.2927 47.2399 1.49184
134 60.6059 21.6528 2.84378
135 55.9486 39.8454 1.69725
136 68.3623 21.6707 2.38148
137 49.6098 40.6969 1.89665
138 70.7438 27.3449 2.31989
139 62.159 26.324 2.58586
140 73.68 24.8561 2.42618
141 66.595 45.8369 1.95414
142 92.7118 17.5565 2.63676
143 78.3951 30.5527 2.10654
144 50.0827 43.8224 1.52446
145 58.8109 80.7171 -1.99833
146 56.9747 29.9151 1.82005
147 62.0644 74.7568 -2.63727
148 57.5467 40.3245 2.14682
149 91.242 27.8346 2.10938
150 75.278 28.4175 2.40421
151 58.4177 45.6696 1.25726
152 69.9421 20.8611 2.50533
153 66.849 31.1104 2.82213
154 78.7702 29.5147 2.04276
155 71.6925 48.9062 2.05399
156 85.7524 25.944 2.24933
157 74.5239 38.1858 2.34387
158 61.4516 19.2745 3.01178
159 80.1535 35.4518 1.9172
160 65.8461 79.0424 -1.97311
161 76.3133 33.2922 2.12836
162 90.4326 30.0817 2.71767
163 63.4494 42.1971 2.10302
164 64.2473 51.9454 1.79588
165 88.404 27.4104 2.13309
166 63.1416 42.6442 1.98728
167 57.3144 43.4586 1.40859
168 92.7113 22.2163 2.75946
169 63.0023 49.8925 2.02477
170 80.0458 9.52904 3.18242
171 51.5 36.065 2.03845
172 52.3266 26.729 2.16427
173 75.4427 25.3871 2.34429
174 61.8285 19.1604 2.75342
175 68.5039 42.8604 1.37667
176 0.133864 27.9351 2.25501
177 64.602 25.5647 2.77421
178 60.4521 51.3167 1.87893
179 56.0725 32.6955 1.64585
180 54.4871 36.037 1.40829
181 81.7805 29.4517 2.5814
182 98.5967 16.5108 2.94012
183 55.7527 25.6514 2.30105
184 59.9801 36.5399 1.97091
185 67.8294 49.4756 1.78069
186 71.0448 31.2152 2.85331
187 57.6615 46.9015 1.56871
188 87.2511 17.5819 2.21646
189 62.8842 81.9398 -2.22824
190 61.4509 19.5467 2.05322
191 50.878 45.1131 1.51453
192 67.2356 20.1111 2.23414
193 65.1989 34.3091 2.23535
194 67.0695 24.1907 2.77264
195 48.1227 37.1974 1.47625
196 62.7915 25.2918 2.73415
197 68.9588 23.3795 3.07201
198 58.5185 36.2471 1.55594
199 61.9521 21.1749 2.6471
200 55.8247 38.9062 1.62698
201 7.35266 3.18223 1.18264
202 59.9985 51.5943 1.40058
203 80.2092 36.6695 2.39703
204 62.9484 18.5322 2.19718
205 56.4913 41.1916 1.7431
206 66.3874 25.7883 2.71662
207 59.5728 30.4636 2.54277
208 63.2338 40.3716 2.36248
209 56.643 48.7277 1.91988
210 94.1991 25.787 2.40404
211 68.4359 29.3961 2.71779
212 68.7348 46.5821 1.94991
213 59.7286 43.893 1.64879
214 83.9379 14.8805 2.01123
215 53.263 31.4316 1.72161
216 75.8922 33.0736 2.90042
217 48.7344 35.4031 2.04061
218 82.8124 48.0244 2.59742
219 89.8186 35.0208 2.49191
220 55.2061 41.3819 1.74011
221 69.8951 36.3747 2.50654
222 53.7566 42.2394 1.78923
223 57.564 56.062 1.87587
224 59.0371 48.1749 1.40369
225 47.7935 65.7714 0.0111894
226 78.8808 27.9681 2.41592
227 71.0354 31.8448 2.23211
228 70.9943 25.6347 2.97356
229 73.0686 26.9632 2.96508
230 97.158 7.59438 2.18687
231 97.1395 24.1917 2.46289
232 63.0524 35.6591 1.83012
233 63.7254 28.3766 2.93418
234 61.1776 25.4293 2.98199
235 97.5093 14.6463 1.99843
236 78.0198 25.6928 2.57851
237 64.6103 81.2221 -1.93619
238 97.0016 14.4284 2.8444
239 90.3052 15.2096 2.17817
240 46.4798 44.9733 1.30145
241 81.838 23.941 2.47612
242 71.4986 34.9157 2.1659
243 55.6922 37.8471 2.14309
244 79.0725 34.7794 2.63754
245 68.6112 33.5925 3.00946
246 71.5416 26.8092 2.1652
247 91.6148 1.67489 1.81352
248 91.8269 16.4776 2.95618
249 68.2276 20.6515 3.01381
250 34.2577 63.1068 0.664456
251 60.587 80.3697 -2.28404
252 57.2461 58.9607 1.45693
253 57.7227 49.9541 2.03227
254 71.5211 24.9752 2.71942
255 90.5571 26.8984 2.93903
256 71.9619 32.6002 2.28931
257 70.7792 26.3693 2.19383
258 84.6708 28.4086 2.43199
259 97.855 15.6863 2.51156
260 63.604 21.2158 2.41061
261 93.9147 16.9838 2.80164
262 75.5101 28.7599 2.63522
263 62.6053 34.363 2.53213
264 63.2188 76.5927 -2.74697
265 68.6722 23.1551 2.77014
266 65.3947 24.6187 2.28604
267 44.6097 41.3161 2.06612
268 61.4898 27.7502 2.83083
269 37.7124 64.1819 0.614271
270 96.6668 19.6166 2.10088
271 0.456164 17.3093 2.61403
272 58.4386 43.8926 1.9123
273 62.6892 26.71 2.35086
274 65.1618 31.6528 2.9088
275 70.5677 24.3042 2.42282
276 65.448 23.4175 2.15739
277 56.5419 35.5078 2.0531
278 75.2575 14.1662 2.43843
279 72.1769 35.8901 2.64423
280 97.3929 19.1862 2.90103
281 71.1934 29.9921 2.48723
282 94.4674 14.9787 2.61905
283 54.2084 47.6878 1.17696
284 74.2308 18.0338 2.57574
285 51.5802 39.396 1.7028
286 90.2656 10.1433 2.44828
287 68.1705 26.1852 2.7341
288 62.0631 44.3605 1.41037
289 75.6449 19.6984 2.47692
290 65.0001 29.9327 2.64581
291 81.9247 18.5245 2.00634
292 64.028 49.1431 1.48974
293 63.3798 31.2015 2.48704
294 98.3895 14.6874 2.25121
295 95.8937 48.0259 0.405111
296 60.774 37.356 2.55045
297 76.6631 28.4038 2.43323
298 85.0196 22.8221 2.37594
299 53.5316 43.4481 1.6636
300 66.8579 26.3337 2.69978
301 93.8949 26.9778 3.00299
302 57.8794 25.1247 2.18636
303 70.5317 27.8704 2.12788
304 77.2265 12.6679 2.24698
305 63.3536 80.2 -2.20936
306 47.0914 66.2961 -0.0694998
307 63.8272 80.301 -2.88466
308 95.8645 19.6034 2.23793
309 63.5829 32.6084 2.21271
310 49.9425 65.9469 0.273587
311 0.255353 10.9674 1.53394
312 67.7125 33.4819 2.17428
313 56.7049 44.8558 1.26249
314 90.4521 32.5771 2.84373
315 68.5368 29.7291 2.89671
316 56.3884 36.9668 1.55391
317 94.958 20.8148 2.553
318 52.4831 50.5313 1.41173
319 53.2336 43.6396 1.2492
320 54.0941 41.3255 1.34582
321 89.0276 33.1657 2.85053
322 55.7437 38.7792 1.31682
323 93.3906 20.1686 2.3708
324 68.6214 11.0214 2.78934
325 75.3231 31.5031 2.52109
326 70.2568 23.3502 2.5563
327 66.6284 28.2974 2.4411
328 60.1946 38.4254 1.47027
329 60.8256 44.9522 1.55827
330 58.4798 43.6357 1.1875
331 62.8832 70.8784 -2.62972
332 58.5523 45.2871 1.92754
333 58.1106 36.9108 1.54563
334 92.052 12.9503 2.91538
335 50.8549 44.0072 1.27143
336 55.7549 40.0739 1.89194
337 90.9977 13.9198 2.74298
338 73.2772 30.8683 2.25423
339 71.2042 29.4895 2.11977
340 41.3666 37.0461 1.24321
341 90.8769 19.4554 2.81877
342 92.491 22.5675 2.47439
343 73.5063 33.6775 2.37847
344 72.6211 28.2973 2.28476
345 62.1517 48.7032 2.0805
346 87.453 10.8433 2.29857
347 62.4473 18.9871 2.67489
348 87.434 17.2986 2.15616
349 62.3685 15.659 2.66221
350 69.2409 32.7456 2.20424
351 82.9564 26.6846 3.11109
352 78.9355 17.8907 1.87306
353 58.6685 54.8007 1.80439
354 67.3595 22.7901 2.41382
355 72.8729 21.9968 2.46426
356 58.4263 39.0444 1.69431
357 81.8988 53.884 1.8252
358 96.6926 20.1496 2.28713
359 60.1512 28.3576 2.29068
360 83.1533 34.5324 2.49107
361 58.7879 23.0469 2.84657
362 46.4392 39.4256 1.47035
363 69.8448 24.53 2.61949
364 65.5207 76.7571 -2.78658
365 64.9307 33.763 2.56101
366 53.2391 38.1015 1.6424
367 55.6959 41.7631 2.10324
368 54.7939 27.6946 2.53819
369 60.0686 43.9307 1.97083
370 55.6453 51.4456 1.4029
371 92.3464 28.4911 2.83976
372 1.15433 15.4088 1.80936
373 54.5414 40.0913 1.43017
374 62.9851 81.5463 -2.20669
375 63.3952 34.7403 2.6821
376 0.788117 18.3051 2.59387
377 57.3731 45.2876 1.42168
378 64.715 32.288 2.89981
379 54.1523 44.2342 1.91005
380 72.6716 26.9068 2.91527
381 65.1278 16.5474 2.01428
382 47.9517 36.9474 1.78558
383 63.0826 46.015 1.97152
384 62.8852 35.7164 2.5223
385 53.3252 65.824 0.103887
386 37.656 75.7663 1.59578
387 62.5141 23.4015 2.09656
388 76.3316 29.5391 2.7225
389 58.266 26.4901 2.18044
390 87.6861 21.8651 2.20383
391 94.6152 18.397 2.89099
392 57.8587 23.5933 2.55499
393 73.0997 34.1538 2.49652
394 47.2118 39.218 1.60271
395 96.443 21.1982 2.869
396 90.5002 33.5272 2.19834
397 49.6107 47.9659 1.73967
398 58.4569 43.7938 1.55907
399 84.7609 24.3379 2.55742
400 89.9521 14.6854 2.07097
401 61.5603 42.7574 1.94082
402 68.0725 22.6172 3.03437
403 45.0037 35.164 1.89705
404 67.5475 28.574 2.99392
405 78.0334 16.9188 2.88514
406 94.571 5.42948 1.9315
407 50.7322 37.8397 1.86126
408 53.6669 31.6448 2.21186
409 57.1648 40.6263 1.94695
410 90.558 16.6307 2.63141
411 45.5222 46.6807 1.84686
412 77.4786 24.0812 2.59172
413 92.4458 17.549 2.31978
414 72.5493 33.6468 2.04909
415 62.7047 48.586 1.22015
416 59.8419 36.133 2.391
417 88.0399 14.277 2.57683
418 95.262 25.2457 2.88603
419 63.2497 45.118 1.68963
420 62.638 30.1786 2.79464
421 91.3979 23.4734 2.88694
422 96.0393 17.8283 1.97874
423 56.2508 40.1713 2.17214
424 95.0234 30.5416 2.96397
425 51.7898 34.108 1.77857
426 54.7846 45.4619 1.54028
427 60.0533 81.921 -2.91876
428 69.9376 32.0457 2.36707
429 74.4115 31.1004 2.04644
430 76.9015 30.4625 2.87013
431 64.9735 35.2089 2.85298
432 91.5713 29.4218 2.41886
433 56.5712 43.0509 1.23262
434 65.3083 28.3652 2.24941
435 63.5694 74.9814 -2.0528
436 80.4096 30.4517 2.77889
437 63.3249 25.5479 2.23823
438 7.71055 6.13818 0.474823
439 55.6213 42.8676 1.81666
440 71.6266 19.5431 3.06127
441 93.7046 5.27132 2.33179
442 49.4138 40.1453 2.06834
443 65.5352 22.4666 2.31076
444 67.2811 34.2752 2.86291
445 62.0173 20.074 2.21245
446 68.39 71.6228 -1.98805
447 93.2897 9.32928 2.68491
448 3.7072 37.8894 2.2587
449 74.855 19.927 1.94901
450 93.6044 21.2608 2.50617
451 68.803 24.8509 2.2991
452 61.5073 82.6514 -2.56585
453 74.3524 25.4294 2.66767
454 59.1995 81.0701 -2.19019
455 65.6931 46.8017 1.79071
456 87.3287 13.1541 2.8774
457 97.7675 15.2143 2.0139
458 37.6032 35.5314 1.37873
459 67.0046 46.5805 2.12495
460 62.9568 26.8092 2.45691
461 57.7812 51.9283 1.53232
462 70.0378 35.2348 2.90274
463 99.0079 18.0142 2.60785
464 71.5833 36.7974 2.52281
465 95.1264 20.6887 2.76914
466 73.2296 30.3818 2.24759
467 54.3878 41.1471 1.51439
468 58.0884 26.6905 2.74006
469 83.1463 28.6173 2.83303
470 81.6942 17.1939 2.48816
471 69.1126 32.4179 2.82008
472 69.7414 34.9206 2.94921
473 56.0387 35.7355 2.29595
474 8.18805 26.8086 -2.17916
475 93.2231 7.80638 2.28784
476 84.1597 54.3645 2.36292
477 68.3345 24.2296 2.33613
478 66.2261 40.3817 1.9907
479 61.1953 47.3662 1.38602
480 1.23514 14.2424 1.6463
481 61.4154 37.9424 1.67706
482 68.765 23.1439 2.99104
483 91.3898 21.3566 2.34555
484 56.5931 29.7548 2.26689
485 56.8351 24.0338 2.79917
486 76.3666 25.3142 2.51925
487 74.5371 31.127 2.19254
488 83.8258 25.858 3.09693
489 65.0877 44.6721 1.74686
490 56.8655 58.0531 1.17774
491 71.2169 27.1006 2.48565
492 70.1378 37.788 2.37578
493 69.045 32.6918 3.04984
494 70.082 24.574 2.67643
495 62.2724 31.2819 2.31426
496 49.0442 44.9672 1.38748
497 97.779 26.7052 2.13618
498 76.6531 28.5089 2.68452
499 81.6557 49.668 2.12533
