500
Particles
0 17.5639 9.09451 0.363529
1 50.6751 89.2828 -1.88234
2 90.2479 31.0832 -2.47757
3 95.3121 6.24589 -0.128065
4 46.7516 78.7103 -0.592659
5 83.8324 54.6127 -3.24975
6 0.512587 75.1651 -2.38243
7 40.3046 63.1645 -0.498321
8 79.1705 26.4027 -3.00734
9 66.0633 33.9593 -0.648661
10 64.6273 77.3518 -1.68359
11 82.9134 84.058 -0.935765
12 60.9652 76.5273 -1.25905
13 19.4133 42.7123 2.97526
14 50.64 47.3729 1.35851
15 74.7678 62.1898 1.59201
16 96.6123 7.21902 0.397366
17 36.2487 36.326 2.34512
18 50.5171 74.8772 -0.597957
19 48.2551 97.3301 -0.844598
20 30.829 73.9304 -1.84533
21 4.45079 75.5902 -2.88829
22 64.0297 93.7887 -2.18373
23 39.2949 40.8539 2.07694
24 27.8837 3.6252 -2.10992
25 85.2656 74.485 0.0925042
26 78.0343 66.5611 1.35963
27 43.1434 60.5742 -0.805731
28 14.1071 12.102 0.427802
29 3.96688 15.5655 -2.21692
30 70.3713 7.12152 -0.964346
31 48.5151 5.55794 -0.581738
32 31.4252 70.0638 -1.65535
33 90.1342 26.6672 -2.10843
34 26.6637 71.6111 -1.63302
35 15.0662 9.31351 0.233422
36 12.2733 85.8427 3.08815
37 61.7361 53.576 -0.442696
38 94.802 27.9068 -2.08736
39 49.7054 97.7301 -0.944888
40 93.9483 31.0952 -1.88363
41 21.9523 45.3278 2.70832
42 64.1856 34.6328 -0.353239
43 75.3854 84.4463 -1.83202
44 53.366 3.44605 -0.605001
45 64.6649 38.7385 -0.944515
46 18.7065 13.335 0.0448782
47 8.98943 92.6578 2.88921
48 76.368 25.2706 -2.17495
49 83.6791 69.6659 -0.219152
50 86.8873 24.9181 -2.82885
51 20.547 17.7924 -0.0840382
52 98.5184 69.3747 -0.230365
53 16.0057 86.6649 2.38046
54 70.5133 79.5484 -1.70118
55 46.8438 61.7457 0.186614
56 26.9593 69.0165 -1.77686
57 85.5056 5.35659 -1.29364
58 32.4298 59.291 -1.28425
59 89.2141 77.2733 0.410092
60 58.3115 56.8358 -0.13451
61 64.8216 30.3895 -0.201103
62 14.717 15.4502 0.778991
63 47.6093 87.1781 -0.248416
64 54.3266 88.2506 -2.08729
65 3.7572 59.1572 -1.24608
66 56.707 78.611 -0.460624
67 30.7274 9.20831 3.03616
68 4.17504 56.599 -2.01307
69 18.4189 21.1793 -0.821535
70 91.9121 76.94 0.600293
71 26.1807 85.2594 -1.44533
72 53.7145 76.6454 0.00210803
73 58.2614 17.2484 -1.6552
74 97.4627 47.7282 2.84059
75 10.675 33.4536 -0.771634
76 16.2039 23.1906 -1.17973
77 53.26 73.1179 0.311431
78 63.2748 98.2732 -1.90479
79 81.6541 44.8274 3.05764
80 14.0052 19.0488 -1.13513
81 59.3257 67.5227 -0.960476
82 21.531 72.435 -1.23858
83 48.5377 65.6206 -0.160131
84 41.4313 36.5226 1.88387
85 17.4874 62.1444 2.15618
86 13.6691 30.3479 -1.64196
87 4.2711 42.7312 1.67796
88 1.65995 67.2638 -2.30867
89 76.1398 67.8947 0.824312
90 79.1783 65.8333 0.914466
91 48.5424 5.20172 -0.500997
92 45.4279 61.1789 -0.384814
93 28.8753 61.3497 -1.5377
94 26.0062 90.8229 -0.982841
95 14.8673 13.7595 0.461213
96 76.879 45.9692 2.2046
97 73.0483 51.5364 2.61763
98 77.1283 69.0831 1.30084
99 90.8868 4.63982 0.128528
100 2.10437 68.3227 -1.41537
101 52.5546 52.9226 0.254426
102 80.0634 27.0183 -2.53725
103 13.8351 74.3467 2.68489
104 20.548 9.85413 0.597427
105 78.3224 67.0215 1.58676
106 24.7954 71.7005 -1.86639
107 63.7883 20.3726 -2.48683
108 26.8134 19.5683 -0.470453
109 71.8142 22.8699 -3.38007
110 76.6232 11.354 -1.43428
111 76.8101 49.3259 2.14513
112 88.3447 22.6186 -3.00088
113 33.3048 44.702 -2.9626
114 73.1371 65.5026 1.46776
115 53.4269 18.9442 -1.59128
116 61.5091 70.9481 -1.75665
117 75.1642 67.8934 1.0221
118 97.2468 6.92334 0.690298
119 37.6635 53.1234 -3.07861
120 82.4771 60.0994 2.19964
121 42.7857 96.7718 -1.32251
122 25.7894 90.257 -0.851293
123 51.4981 67.2669 -0.135225
124 8.95094 49.4063 2.12452
125 0.916639 66.7579 -1.73844
126 51.0302 12.7835 -0.858646
127 3.12339 61.5899 -1.40292
128 27.769 1.46442 -2.74216
129 20.9371 9.74088 0.15047
130 18.1393 19.2335 -0.895689
131 61.7125 75.4768 -0.975473
132 80.3398 81.2013 -1.55565
133 79.4723 80.4476 -1.78353
134 91.9588 79.9337 -0.362855
135 4.20349 76.5695 -2.88659
136 11.3938 88.1915 2.62877
137 96.9654 81.781 -0.642672
138 32.2839 97.9016 -1.64049
139 11.5822 20.9852 -1.57881
140 80.3672 28.5295 -2.65831
141 1.08623 67.4556 -1.70101
142 0.919709 72.1114 -2.80236
143 70.2631 37.7378 -0.344218
144 66.5891 52.5363 -0.311891
145 64.6875 18.4776 -2.16163
146 16.4498 16.115 -0.318633
147 92.1177 27.2421 -2.26131
148 17.2947 13.7546 0.116036
149 65.3598 55.6878 0.00195174
150 28.6957 13.6563 0.941513
151 13.2471 12.4041 0.945214
152 38.7478 88.4591 -0.4426
153 18.3856 10.2916 0.133813
154 72.1284 37.4002 -0.886148
155 86.094 93.4038 -0.671954
156 76.5567 29.5133 -2.37185
157 55.6107 36.5751 -0.259658
158 93.4843 87.644 -1.31431
159 66.9089 76.2719 -2.2062
160 55.6354 8.46171 -1.05811
161 42.9367 1.16592 -1.39472
162 83.877 29.3174 -2.31308
163 7.42353 44.408 1.66309
164 7.24479 67.7077 3.46261
165 14.0334 9.47545 0.246938
166 2.46628 56.2767 -1.79078
167 9.21215 73.2666 2.53623
168 52.9895 86.532 -2.17883
169 78.7968 7.37664 -0.898187
170 89.4032 24.7575 -2.2847
171 81.579 45.5705 2.35756
172 58.3702 20.1959 -2.17272
173 71.5355 31.3959 -0.456859
174 78.2364 54.8133 2.03666
175 47.0854 8.78475 -0.942091
176 71.1403 63.3208 0.625979
177 17.3001 63.4985 2.2903
178 41.5399 42.7181 2.55915
179 15.0209 12.1167 0.531867
180 31.0598 48.6559 -3.04575
181 75.7888 33.9428 -1.73129
182 29.1399 64.9249 -1.66166
183 52.5063 38.5629 -0.16902
184 83.7119 59.5831 2.6699
185 20.6837 38.6686 3.33026
186 25.6978 91.5904 -1.34983
187 85.5414 24.501 -2.98775
188 45.3386 83.597 -0.0335072
189 62.5974 3.70832 -1.24599
190 59.3832 78.8035 -0.788621
191 78.0974 50.888 1.99488
192 25.1257 98.6651 -2.93539
193 63.7631 26.8911 -0.112975
194 82.0051 -0.0193071 -1.4487
195 52.8162 71.9621 -0.190562
196 93.8371 83.4722 -0.85108
197 15.1948 28.4138 -1.78879
198 26.1849 77.1437 -1.78615
199 2.58836 82.0384 3.45021
200 8.01059 71.5091 3.36976
201 46.7033 96.7778 -0.750507
202 44.9582 66.5341 0.00743186
203 23.0433 21.162 -0.305616
204 88.1934 54.2343 -3.12104
205 64.5414 18.9042 -2.618
206 2.3174 17.3095 -2.53677
207 87.9709 78.1319 0.325353
208 75.5698 63.3424 1.27326
209 66.3716 71.4171 -2.29442
210 56.7555 54.4421 0.460216
211 60.3793 82.7975 -1.52274
212 79.8173 83.3704 -1.24213
213 17.3358 19.1924 -0.969315
214 49.6445 64.4966 0.359004
215 27.3602 53.1247 -2.24364
216 65.8819 41.0454 -0.51684
217 6.2669 72.7844 3.50565
218 51.5388 36.2365 0.28386
219 23.9701 33.8416 2.82623
220 12.973 59.8483 2.75462
221 30.3944 24.2125 -2.67633
222 58.9216 55.5596 -0.214509
223 1.02998 21.169 -1.92471
224 94.4376 4.37676 0.0471103
225 37.1025 60.4143 -0.417826
226 62.7392 34.3655 -0.940148
227 80.0974 25.4097 -2.47737
228 20.5365 29.4072 -1.75897
229 33.8406 19.8169 -3.01145
230 15.6749 45.3847 2.99066
231 54.995 69.2801 0.131265
232 45.5266 1.62727 -0.973437
233 18.7544 48.4129 2.45918
234 90.1443 81.0049 -0.21135
235 26.1513 67.4585 -1.36336
236 82.2044 27.8528 -2.92113
237 62.5624 0.431902 -1.5831
238 41.2723 46.1576 2.40935
239 46.5578 80.7829 -0.130992
240 66.3802 58.7744 0.555628
241 58.3429 89.4565 -2.14808
242 21.9711 17.249 -0.115665
243 6.24691 72.9562 3.42508
244 38.6013 96.377 -1.30055
245 22.8101 16.5611 -0.0106189
246 32.0868 88.6126 -1.30657
247 10.3039 53.4645 2.79514
248 53.659 47.5443 1.61276
249 79.8479 51.1917 2.40846
250 10.819 32.3844 -1.02007
251 96.0566 23.6763 -2.10254
252 36.1524 65.1027 -1.23326
253 24.9422 37.164 3.3976
254 63.8425 5.15101 -1.5298
255 61.129 59.802 -0.260179
256 25.7687 17.5473 0.36636
257 28.9982 90.5842 -0.939338
258 85.9257 26.2505 -2.43862
259 26.7805 72.742 -1.39346
260 5.41762 80.3513 -3.24229
261 32.1381 43.943 -3.0987
262 70.4595 35.939 -0.471627
263 12.8017 62.5294 2.13602
264 82.3911 15.6931 -2.34579
265 18.9759 49.2528 2.62121
266 10.148 97.1164 2.57943
267 56.8372 88.6293 -2.25511
268 68.6405 4.33071 -0.769394
269 96.4973 88.7902 -0.806091
270 26.2477 64.1727 -1.37569
271 26.8593 67.6164 -1.58655
272 19.3483 28.8796 -2.2398
273 92.5273 81.9714 0.0439257
274 9.20478 82.9758 3.53017
275 34.6536 15.7771 -3.01446
276 78.26 69.6854 0.656276
277 62.4168 18.5541 -2.31241
278 89.9915 20.3395 -3.26997
279 37.3949 25.6813 2.72882
280 79.8259 41.5749 2.4279
281 50.7815 12.7358 -1.72716
282 38.7768 38.3221 2.25539
283 97.5117 82.6036 -0.684944
284 60.007 91.1189 -2.90028
285 85.0799 46.8993 3.05494
286 8.91815 47.6391 2.03607
287 29.0283 90.6142 -1.42721
288 93.004 4.80463 0.508788
289 93.5059 13.5611 0.797265
290 68.4722 28.152 -0.413078
291 51.6073 92.9387 -1.1166
292 76.6525 5.20854 -1.1354
293 13.3597 66.8609 2.15747
294 73.369 81.8024 -1.30111
295 38.5523 67.3144 -1.15289
296 75.2054 63.4812 0.851636
297 69.8014 34.4284 -0.673398
298 52.558 7.20599 -1.1358
299 90.0281 75.6143 0.653218
300 14.7035 59.0868 2.54483
301 60.3986 67.5897 -1.38344
302 93.0642 29.4335 -1.9253
303 82.6161 20.5697 -2.99179
304 54.3769 84.9098 -2.57657
305 56.6852 75.9997 -0.0405745
306 14.0339 90.9189 3.2112
307 55.1458 4.84019 -1.21542
308 34.7284 47.2147 -2.83519
309 5.16256 97.3317 3.23637
310 44.9772 49.6335 -1.23788
311 6.85836 92.8204 2.70623
312 19.6824 15.1713 0.500718
313 10.2782 14.4301 0.563862
314 99.9214 5.48167 0.639136
315 75.5656 29.2346 -1.27637
316 100.103 77.1115 -0.699552
317 96.118 70.9413 -0.714721
318 67.9336 62.6331 0.473747
319 87.0313 50.3834 2.84673
320 56.0931 68.7848 0.160176
321 9.60906 91.953 3.469
322 77.0106 49.5212 2.72266
323 82.2068 43.7937 3.01167
324 55.6795 9.99971 -0.941129
325 58.9124 36.1155 -0.394625
326 88.9734 5.73568 -0.323494
327 9.75895 19.673 -2.17028
328 76.4584 62.9626 1.4047
329 28.6434 71.3126 -1.80867
330 16.2251 17.1186 -0.0087627
331 79.5292 76.4631 -1.13631
332 31.0359 71.2605 -1.33902
333 30.4713 50.5715 -2.19328
334 42.9 86.5655 -0.817086
335 82.6628 48.6278 3.31131
336 10.4613 72.5583 2.32345
337 47.9405 77.2984 -0.497128
338 64.4799 35.9592 -1.18099
339 88.5444 8.09924 -0.0950876
340 53.6059 68.4566 0.680779
341 77.6848 15.6178 -2.30523
342 52.481 69.7327 0.748339
343 34.3673 23.2362 -3.50885
344 83.8637 23.5335 -2.42782
345 73.5848 68.4864 1.44693
346 21.7632 44.7089 2.85125
347 77.6077 70.3397 1.5724
348 49.9877 79.6645 -0.823291
349 57.822 78.4574 -0.653706
350 23.7776 13.0106 0.749581
351 71.0374 31.1478 -1.03072
352 53.4287 2.28123 -0.950931
353 96.7916 47.2383 2.50494
354 98.7634 52.5299 2.79106
355 67.3468 72.4741 -2.51336
356 93.0896 7.76182 -0.147691
357 82.0435 82.9628 -1.64339
358 35.6909 47.2633 -3.25225
359 78.1395 60.8595 1.27087
360 72.1497 40.3327 -0.806551
361 78.4452 54.6731 2.79661
362 76.7359 46.8896 2.13581
363 15.6984 26.9377 -1.60936
364 93.4243 18.297 1.62539
365 18.3011 12.5364 0.572046
366 3.53526 78.3811 -2.94913
367 67.131 20.9803 -2.63846
368 16.2664 16.3428 0.0342569
369 72.9667 67.615 0.73474
370 70.9927 57.7806 1.14018
371 62.3482 68.2563 -1.66801
372 71.6477 80.3679 -1.82134
373 26.7685 49.3818 -2.89524
374 52.6492 9.28991 -1.31293
375 19.041 11.9339 0.147957
376 76.492 18.5574 -2.32895
377 31.0633 3.2841 -2.25761
378 22.3039 14.8861 0.29855
379 8.77162 80.1638 -3.4916
380 71.9815 34.3288 -0.63663
381 78.7177 86.6393 -1.40252
382 60.1921 50.1207 -0.226815
383 97.2087 6.28232 0.462391
384 97.3359 12.3356 0.609544
385 40.968 62.7617 -1.17274
386 34.8512 62.9 -0.857039
387 13.72 55.1554 2.51819
388 62.7908 36.5107 -0.885785
389 84.2807 56.7407 -3.29404
390 54.6503 84.3107 -2.32645
391 37.2351 44.5595 2.51162
392 58.5712 10.111 -1.19255
393 53.9126 34.4467 -0.0100503
394 4.95253 74.147 -3.28062
395 31.9534 45.6503 -2.49085
396 3.86833 19.2137 -2.29055
397 82.5966 52.4841 2.70366
398 63.3236 73.1525 -1.49597
399 31.5154 6.4294 -2.66308
400 94.6605 52.0603 2.62137
401 5.7824 46.0148 2.24438
402 18.0442 25.5057 -2.10036
403 56.2578 51.0525 0.774761
404 83.6213 2.50002 -0.968414
405 50.0969 85.5727 -0.518782
406 15.0338 43.7858 3.17101
407 -0.200039 76.1985 -2.54589
408 25.7827 46.1363 3.05562
409 6.70305 75.9798 3.35633
410 45.6758 83.4613 -0.286329
411 73.8524 65.6982 0.555519
412 15.6722 23.8082 -1.09424
413 27.3153 37.1568 2.93319
414 29.248 20.01 -2.28228
415 79.0117 2.56451 -1.02696
416 88.0977 59.339 -3.05391
417 99.9329 70.0679 -0.833182
418 60.5977 52.5794 0.242343
419 48.2591 94.8505 -1.51902
420 78.0515 62.9381 1.19305
421 51.63 77.8518 -0.164823
422 29.5506 63.5417 -1.20834
423 24.4356 88.4354 -1.21332
424 71.6763 64.1865 1.22771
425 0.844081 74.7471 -3.17735
426 56.136 18.1588 -1.50117
427 55.5622 13.2557 -1.77504
428 22.0817 13.8547 0.1224
429 26.9441 15.128 -0.0351331
430 39.3872 96.1771 -0.820287
431 24.7511 12.9779 0.704531
432 83.7454 26.2568 -2.9314
433 57.8641 19.0413 -1.8459
434 68.4954 67.1209 0.363483
435 91.0785 23.9692 -2.91379
436 65.697 35.0326 -0.908105
437 79.3076 98.1832 -1.85567
438 47.3835 98.1593 -1.20919
439 59.9596 19.6983 -2.02727
440 98.4588 55.1431 2.57169
441 4.50824 69.381 -3.04893
442 73.6494 48.6831 1.85542
443 45.2733 66.7174 -0.0221801
444 21.5679 11.4911 0.378236
445 63.4232 57.055 -0.597579
446 26.5591 41.6795 3.01099
447 9.79922 49.4298 2.28454
448 76.0149 61.625 1.17273
449 62.5473 55.8644 0.126394
450 50.053 82.9322 0.0670998
451 13.2051 21.4698 -1.25041
452 56.3909 74.451 -0.455783
453 81.7384 30.4839 -2.67576
454 22.5199 66.8827 -1.60606
455 2.7512 51.3964 -3.45425
456 46.4754 78.4774 -0.666823
457 41.5143 41.5859 2.18807
458 30.4781 73.7167 -1.53758
459 24.9682 87.5058 -1.73525
460 88.7501 57.9251 -2.81374
461 76.845 69.836 1.23965
462 25.714 16.2146 0.70293
463 69.4486 18.6696 -2.29904
464 34.6733 26.1512 2.76445
465 36.3631 51.5559 -2.57149
466 66.842 39.8513 -0.478969
467 96.3785 79.084 -0.536246
468 84.754 73.1385 0.469296
469 67.9007 34.393 -0.595179
470 49.3447 73.6727 -0.30713
471 27.027 21.7336 -1.79883
472 25.9746 20.7951 -1.14908
473 12.7111 48.8595 2.59443
474 73.0715 62.1106 0.826173
475 18.4655 44.025 3.01518
476 83.8098 91.473 -0.630973
477 84.4926 9.62504 -1.02967
478 49.3639 7.44295 -1.04254
479 77.641 88.4822 -1.07664
480 40.6533 41.521 2.06317
481 79.9293 59.2969 2.07559
482 78.187 81.4686 -1.04657
483 78.3619 43.8576 2.0621
484 70.1685 2.9199 -0.604472
485 94.9917 26.3038 -1.83638
486 68.7609 32.6544 -1.06097
487 63.8493 40.0293 -1.02165
488 14.0667 7.60847 0.943222
489 3.34233 53.0061 -1.94541
490 39.1819 66.2182 -0.50202
491 29.1922 92.7526 -1.15536
492 25.6449 17.5807 -0.191217
493 62.2606 16.6233 -1.83278
494 32.1921 90.389 -1.20866
495 26.3841 6.50187 -2.33854
496 59.6856 68.0699 -1.23673
497 70.7398 58.2491 1.2649
498 32.2128 18.9941 -3.34156
499 28.8576 85.0045 -1.62458
