500
Particles
0 32.9649 40.3994 2.6907
1 93.1204 27.1911 1.39502
2 66.9392 92.3772 1.99114
3 66.9587 15.3565 1.71481
4 40.669 65.9235 2.88949
5 95.7194 23.9165 1.92713
6 57.5475 73.3059 1.99878
7 74.2072 22.6925 1.5128
8 32.1144 73.623 2.99076
9 42.4542 16.5801 0.624802
10 55.806 49.1965 2.26538
11 51.9056 79.4836 2.58738
12 71.2303 91.8669 2.09769
13 34.1548 46.3085 2.64055
14 41.629 67.588 2.31252
15 35.5507 50.8083 2.68023
16 74.1725 58.0407 2.03994
17 47.6901 84.9466 2.45025
18 41.926 76.8806 2.3713
19 9.16916 93.8023 3.0169
20 67.8485 16.1749 1.00414
21 54.7723 70.7176 2.03803
22 52.8756 58.6495 2.43229
23 35.5951 55.2484 1.93415
24 70.517 18.4074 1.33969
25 43.6018 52.9483 2.13069
26 2.24776 18.733 1.33503
27 51.865 77.7579 2.49847
28 54.3254 68.309 2.49194
29 73.016 90.3418 1.28042
30 56.4458 17.6061 1.93103
31 52.0975 61.9631 2.31948
32 2.51676 99.5924 3.04195
33 59.0993 26.1805 1.83291
34 44.2751 50.0526 2.06743
35 39.0607 79.556 2.72414
36 55.539 27.624 2.15708
37 76.607 87.7756 1.79279
38 44.2333 56.9207 2.26457
39 37.6715 57.3262 2.16025
40 44.4991 46.3608 2.85003
41 33.8774 55.1426 2.14191
42 55.9816 49.4247 2.38138
43 67.4962 16.2857 1.26517
44 94.5003 29.1623 1.96459
45 62.6377 54.888 2.56106
46 44.6624 53.2877 2.34842
47 94.4285 15.0141 1.32826
48 51.2485 51.713 2.77042
49 37.8122 37.7496 2.2112
50 48.2745 80.34 2.08116
51 60.2097 63.6921 1.61319
52 66.2658 18.4984 1.07848
53 57.4439 27.4362 1.71064
54 42.7549 65.5725 2.41822
55 72.2485 12.9505 1.78449
56 45.034 68.393 1.86328
57 55.5765 42.5988 2.74948
58 45.657 72.2335 2.43894
59 39.1956 49.8496 2.20717
60 48.6606 77.6012 1.91222
61 52.2747 49.5706 1.94176
62 30.4362 58.3685 2.72681
63 30.4693 80.3573 2.31041
64 52.6486 75.1626 2.58442
65 94.9048 15.5289 1.93674
66 42.8025 78.5949 2.18349
67 46.9504 80.1276 2.31253
68 99.2225 11.821 1.25868
69 68.7643 50.9323 2.215
70 55.036 75.0399 1.94619
71 44.3874 51.4547 2.64092
72 43.9333 75.9263 2.2678
73 77.0436 85.4987 0.993721
74 54.1461 46.9128 1.86207
75 75.6079 18.8209 0.753106
76 56.3124 46.8018 2.0171
77 57.7464 74.4621 2.00964
78 75.2228 93.0156 1.80225
79 47.3442 75.1062 2.14961
80 52.7213 50.9278 2.83409
81 46.9435 81.1752 2.53772
82 33.6699 77.852 2.06752
83 38.7427 72.9976 2.3124
84 71.0578 10.6898 2
85 53.3142 53.3395 2.06306
86 53.2258 49.7548 2.06196
87 79.9656 82.4264 1.74445
88 72.9133 11.9725 1.2301
89 52.5496 46.7659 2.11008
90 70.5704 19.2544 1.77239
91 53.0644 63.4967 1.94806
92 59.6248 71.882 2.35751
93 36.7415 66.0656 2.67491
94 52.0227 51.1433 2.57199
95 19.9826 2.94482 2.37688
96 54.3412 74.4173 2.31609
97 57.0427 77.4167 2.59318
98 48.6983 44.3622 2.27739
99 57.4587 70.1884 1.81908
100 69.5707 18.8583 1.16346
101 44.3994 77.5461 2.05266
102 53.4507 48.0603 2.35875
103 42.1063 46.3533 2.47821
104 54.419 57.4737 2.42411
105 67.2467 20.9843 1.26102
106 44.3526 66.632 2.09476
107 38.4769 52.5603 2.10772
108 55.0559 61.3938 1.89824
109 45.9533 71.015 2.49102
110 77.6923 19.8191 1.10156
111 83.8098 87.9501 1.51134
112 67.0149 14.3743 1.59707
113 54.5106 69.836 2.11421
114 52.0642 77.7533 2.51094
115 68.0134 88.9024 1.50901
116 55.4557 43.2583 2.55905
117 44.0106 55.3202 2.57895
118 44.8528 11.6098 0.0165908
119 40.3375 69.5707 2.44104
120 39.1753 46.6037 2.26486
121 80.8526 21.4006 1.12627
122 48.3479 50.197 2.73702
123 38.2296 68.4817 2.29457
124 65.878 91.9761 1.77228
125 99.1832 2.54948 3.17288
126 71.8844 60.9462 2.2436
127 31.9126 50.3045 1.65322
128 72.5817 18.121 1.00629
129 46.9491 77.0233 2.22156
130 46.3639 60.3747 2.85992
131 54.1209 47.2157 2.13979
132 99.3989 98.1177 2.77056
133 5.01485 5.68856 -0.151476
134 58.9226 32.102 1.81495
135 64.4991 79.4358 2.01046
136 52.2203 43.7818 2.44377
137 53.4617 73.6807 2.11123
138 54.6482 51.6874 2.7016
139 40.7063 45.6587 2.64059
140 56.3139 48.5121 1.89075
141 84.4377 9.18466 0.0554888
142 40.5284 71.3165 2.57628
143 31.3951 86.0433 1.72313
144 54.4873 75.9033 1.96301
145 47.4704 80.4233 2.58494
146 38.4797 50.3266 2.08002
147 62.9342 26.0886 1.68553
148 77.5194 84.1672 1.79175
149 41.8387 80.5913 2.0298
150 54.6307 49.5276 1.88393
151 5.94985 99.1175 2.5375
152 53.2233 44.6676 2.31888
153 55.7267 60.1798 2.09345
154 75.1947 55.6411 2.29247
155 2.92317 13.8991 0.90064
156 35.0588 73.4089 2.85019
157 25.2655 48.7306 1.92085
158 0.737895 20.2648 1.83499
159 31.7227 89.9436 1.8613
160 57.4739 28.504 1.40091
161 33.1513 91.8146 1.60718
162 40.9067 79.437 2.77417
163 74.5999 7.57895 2.11974
164 95.7462 16.727 1.32015
165 38.0597 78.6294 2.03657
166 71.7908 10.4489 1.85654
167 83.0777 86.2264 2.05388
168 47.5694 76.7847 2.20519
169 88.4225 16.6109 2.18264
170 20.4938 8.83878 1.55263
171 54.6597 71.9249 2.3479
172 35.9742 47.5344 2.50863
173 57.2166 47.9018 2.2737
174 96.2037 21.2757 1.81415
175 0.343419 0.550332 3.19776
176 67.132 93.7031 2.11088
177 42.0441 43.3657 2.45603
178 68.1661 17.6029 1.14521
179 53.2859 67.6943 2.35012
180 56.7466 73.0417 2.56678
181 33.2318 85.7801 2.15026
182 46.9188 69.1358 2.4547
183 29.3132 35.6611 3.51639
184 63.1542 74.1248 1.8174
185 98.8903 15.84 1.57031
186 55.0589 55.8889 2.7352
187 34.8325 6.20279 1.66622
188 28.3748 49.837 2.22899
189 54.3261 84.7581 2.77733
190 98.5842 20.2899 1.49006
191 66.6704 85.3473 1.97404
192 48.6453 38.3909 2.17926
193 61.3862 67.5703 2.16193
194 46.8116 45.2878 2.35139
195 52.451 71.3016 2.58111
196 39.5832 43.0768 2.92037
197 50.7361 46.765 2.79275
198 60.5968 72.9855 1.92492
199 15.6882 12.3711 -0.686923
200 60.3084 74.5057 2.68577
201 72.2172 87.8881 1.9819
202 67.6803 19.7536 1.16382
203 36.2492 92.6038 0.880342
204 1.53407 17.9109 0.735464
205 81.9272 85.5928 1.11413
206 44.6448 44.5411 2.73684
207 41.56 52.7502 2.76987
208 36.3974 81.5038 2.69798
209 31.2112 5.61347 1.50636
210 47.0658 78.1796 2.44966
211 54.7902 55.8149 2.64195
212 3.1085 9.13206 -0.210512
213 4.44516 96.2596 2.44245
214 27.4387 45.7221 2.18814
215 42.6898 58.4945 2.65278
216 61.3904 56.1849 1.56693
217 52.4191 70.4845 1.65303
218 51.9406 88.7403 2.33347
219 47.1112 85.1275 2.23094
220 76.7033 86.0983 1.48754
221 64.4869 68.917 2.5636
222 76.1552 86.6446 1.53211
223 71.2232 22.4551 1.65023
224 64.2071 15.9589 1.7189
225 68.8651 91.571 1.53831
226 13.3908 7.53261 -0.509502
227 58.5754 60.1489 2.05922
228 53.7311 49.5899 2.14488
229 59.4707 53.9459 1.74356
230 33.84 50.2378 2.36723
231 50.4565 77.4789 1.91675
232 59.6661 68.3984 1.70306
233 44.0048 50.7688 2.69008
234 41.184 47.121 2.6251
235 43.405 65.62 2.17111
236 72.8147 53.8265 2.05396
237 68.1164 91.9022 1.58796
238 48.1652 69.6513 2.37305
239 41.6363 72.8664 2.86896
240 52.5997 78.0423 2.46385
241 34.2883 72.5732 2.15573
242 58.443 59.1796 2.35489
243 59.532 74.5089 2.11626
244 32.8866 92.0424 0.570671
245 58.2545 62.2363 1.57298
246 55.8782 53.4598 2.062
247 99.1655 18.941 1.24239
248 39.9303 68.312 2.78723
249 49.872 42.7519 2.54244
250 48.1345 76.8305 2.28553
251 51.9782 84.9101 2.64686
252 68.1483 22.4058 1.36328
253 60.5956 16.8774 1.87678
254 54.9309 47.7652 1.89993
255 42.7784 79.1117 2.17129
256 57.6619 56.8117 2.42419
257 50.9952 47.196 2.72896
258 34.77 76.5443 2.70407
259 42.0111 64.6374 2.40683
260 8.01428 7.91377 -0.165598
261 40.7767 70.5916 2.33409
262 57.6114 51.0318 2.54208
263 58.4451 67.3913 1.70702
264 61.4209 27.1988 1.92843
265 52.3231 47.4926 1.9529
266 41.4718 40.229 2.58685
267 53.0974 77.2163 2.31981
268 38.9897 45.9784 2.55505
269 48.5892 78.3308 2.34695
270 45.9034 70.4247 2.56536
271 45.276 68.3664 2.33418
272 2.3407 94.5732 3.3906
273 40.7922 46.8692 2.55048
274 47.2217 56.3764 2.42809
275 55.6703 50.8119 2.84971
276 42.5005 35.6365 3.09907
277 60.406 72.2065 2.66802
278 81.1023 22.5584 1.61929
279 58.1695 59.4786 2.33697
280 51.7008 74.9609 2.3571
281 53.8271 53.5208 2.64358
282 43.2759 69.023 2.16552
283 85.9121 85.2866 1.69389
284 72.8706 50.1811 1.76158
285 58.4615 76.1882 2.31836
286 31.4613 53.6167 2.75651
287 52.424 52.176 2.38201
288 38.4182 88.6135 1.23402
289 69.742 51.0022 1.99238
290 45.4565 51.6229 2.80094
291 29.6739 31.8646 2.5551
292 0.310799 13.1596 1.64456
293 42.9148 51.7091 2.8429
294 45.9072 66.0508 1.87353
295 54.1225 71.0549 2.08162
296 64.7186 74.1945 2.02859
297 74.2582 58.9508 2.13404
298 38.5143 74.5405 2.43558
299 72.3365 87.6255 1.35079
300 48.2509 49.6357 2.89185
301 46.9006 79.4796 1.79037
302 37.5964 45.0025 2.92652
303 54.5407 53.1461 2.04831
304 29.969 81.6131 2.20817
305 53.6006 84.0715 2.66716
306 61.8208 22.7263 1.50708
307 68.1759 89.5543 1.65304
308 41.5445 73.6806 2.23162
309 44.3281 54.3922 2.8904
310 65.3102 24.2703 1.02258
311 38.505 56.6828 2.86751
312 58.6596 63.6674 2.19785
313 5.09908 97.6549 2.94447
314 44.8517 81.1061 1.98227
315 56.1896 57.6815 2.51468
316 58.6016 70.0496 1.75288
317 44.6296 71.4975 1.98541
318 68.6582 90.2954 2.06088
319 72.996 87.671 1.43579
320 76.5702 85.9461 1.36478
321 46.0644 83.0256 2.61518
322 78.2628 82.4617 1.76609
323 46.0964 74.1412 1.9447
324 14.8504 7.59475 -0.909188
325 60.7567 55.2153 2.57464
326 52.5192 47.7926 2.53036
327 44.8812 48.787 2.60392
328 84.973 82.8278 1.75394
329 69.7213 0.484037 0.411654
330 5.59243 96.2416 2.9491
331 66.8098 27.5489 1.1985
332 19.6825 5.6885 1.8969
333 62.5562 74.9437 2.05956
334 37.391 59.2432 2.02149
335 70.0483 87.0363 1.50813
336 80.2855 85.2936 1.14585
337 40.6344 67.8502 2.7327
338 63.0463 57.7986 1.47868
339 49.6337 49.3789 2.37412
340 33.6376 44.3064 1.86042
341 41.6457 75.6506 1.89367
342 47.5224 77.4601 2.06741
343 60.1605 56.482 2.16085
344 56.0794 52.483 2.08498
345 74.7872 15.9863 1.46206
346 35.2156 55.8593 2.61232
347 9.65259 6.90719 -0.117538
348 29.4326 52.469 1.82394
349 99.7265 17.8958 1.28993
350 54.7898 56.6456 2.18463
351 32.9789 81.6306 2.28945
352 96.9851 26.2559 1.20043
353 71.825 20.872 0.983923
354 48.0193 42.3977 2.21781
355 55.3533 45.5031 2.73282
356 80.9726 81.8432 1.68686
357 97.7997 17.2484 1.66419
358 50.5039 74.4822 1.81802
359 41.0983 50.1022 2.55232
360 41.825 82.801 2.56043
361 37.988 38.9408 2.55521
362 51.09 71.287 1.68994
363 54.5172 51.3946 2.01913
364 69.3106 26.6623 0.845452
365 55.8024 64.5523 2.06836
366 58.2828 74.4713 1.7496
367 81.2453 86.4557 1.86153
368 36.2353 48.5756 2.43114
369 8.34359 96.0212 2.50972
370 62.6934 19.4408 1.6071
371 44.542 78.8495 2.01643
372 49.8772 67.7894 1.88909
373 61.3652 78.0165 2.27069
374 47.9356 80.5093 1.93683
375 63.1548 71.6958 2.05739
376 51.2426 72.4591 2.20073
377 4.2342 98.978 2.83324
378 46.0046 53.6773 2.91505
379 78.0941 88.8053 0.913664
380 55.1757 50.098 2.76539
381 11.9956 11.1944 -0.217858
382 54.9041 72.9421 2.09554
383 76.1308 13.7588 1.22779
384 57.4592 67.3936 2.39399
385 74.0813 22.682 1.35789
386 55.3905 25.2833 1.5268
387 37.6327 36.8061 2.2858
388 62.1909 53.4332 2.56512
389 42.1026 51.4589 2.06595
390 37.6527 76.3286 2.17468
391 45.0481 73.2886 2.07449
392 42.9703 50.2506 2.27436
393 61.4647 59.222 1.92942
394 56.7007 75.8998 2.48155
395 49.0005 73.78 2.66653
396 48.1198 83.9556 1.86043
397 51.9579 77.3061 1.76733
398 6.1648 96.7163 3.00439
399 36.4778 72.5733 2.83375
400 38.6359 68.2755 2.49603
401 21.3317 2.44326 1.94485
402 47.6784 40.6745 2.80635
403 56.3156 71.8747 1.88196
404 48.7466 51.6154 1.9851
405 93.2829 26.4648 2.11513
406 31.4184 44.9913 1.89484
407 57.3755 76.0135 2.0081
408 43.7497 59.0575 2.56045
409 84.8682 85.0249 1.48443
410 40.4242 70.4598 2.90731
411 50.8849 78.4961 2.50982
412 56.1731 45.0581 2.67595
413 39.8022 70.7679 2.90377
414 59.3309 57.9551 1.58415
415 90.3994 14.9371 1.31585
416 60.3849 71.2681 1.89176
417 39.0141 68.6862 2.88322
418 50.5562 79.4383 1.91769
419 73.8215 13.2394 1.60644
420 40.9846 48.8743 2.46782
421 49.2694 78.2827 2.48912
422 42.8437 68.8473 2.6081
423 75.3436 82.3388 1.46806
424 48.814 84.5518 2.18265
425 54.2385 67.8557 2.0142
426 8.29686 10.0269 -0.902186
427 48.2064 81.3516 2.46075
428 51.5757 54.5347 2.34764
429 55.8239 51.2086 1.85998
430 27.9361 87.3089 2.16742
431 62.9543 70.2564 2.13505
432 43.4118 80.4799 2.11937
433 86.2031 82.4703 2.32877
434 46.972 50.7149 2.94779
435 69.2189 24.8782 1.20225
436 33.9168 87.0647 1.42969
437 41.3587 45.7666 2.8155
438 72.4642 93.0667 1.93508
439 78.7486 87.9475 1.11056
440 57.1887 46.2022 2.83785
441 29.4766 44.8733 1.83323
442 54.1923 76.7026 2.53122
443 13.3105 15.6496 -0.979501
444 57.7564 63.7776 2.12956
445 89.7746 20.6585 1.58825
446 76.3127 21.4174 1.36866
447 33.8529 53.2608 1.79513
448 53.0843 73.8244 2.04532
449 66.3226 50.9477 2.38587
450 41.696 74.7895 2.36168
451 46.4234 43.1601 2.53496
452 49.6949 83.9966 2.68081
453 54.4665 46.3526 1.975
454 52.9422 81.8013 2.37878
455 86.3312 15.5411 1.77864
456 37.3416 65.6451 2.77016
457 46.0039 68.9112 2.55932
458 48.6696 65.3569 2.53415
459 99.9844 13.1293 1.11608
460 43.3926 48.4752 2.34752
461 64.7454 19.9242 1.1392
462 58.4406 61.9299 1.63877
463 48.1429 70.3744 2.60235
464 68.0927 67.5551 1.82038
465 41.7478 72.0166 2.41042
466 59.1884 55.0284 1.78302
467 80.8356 85.8736 1.80413
468 37.5563 47.1161 2.98626
469 34.4808 82.2706 1.72834
470 26.2985 91.7401 1.65664
471 48.0468 53.3671 2.3397
472 60.2762 63.8107 1.93945
473 59.9107 71.5495 2.22001
474 16.9106 10.3672 -0.740797
475 33.142 49.2518 2.6238
476 98.3191 16.5921 1.30439
477 56.6323 53.028 2.27942
478 36.9284 83.3299 2.62245
479 73.5178 14.8002 1.87958
480 39.8219 56.0637 2.92713
481 81.7488 81.3879 1.48868
482 47.3723 40.5075 2.59804
483 39.4147 74.3126 2.64719
484 36.9166 50.2514 2.49802
485 31.2955 36.895 2.895
486 59.7499 51.1454 2.1179
487 56.8906 53.2058 2.03095
488 34.8304 71.5601 2.28728
489 71.4919 13.8452 1.90303
490 78.1411 18.6286 1.01927
491 50.364 48.2068 2.57927
492 61.0191 66.7316 2.13229
493 54.2551 57.5751 1.72732
494 48.6816 42.4788 2.29735
495 42.9145 53.259 2.57997
496 52.5557 76.3624 1.95091
497 49.0687 79.9853 2.47362
498 58.3157 49.324 2.10866
499 71.3576 97.4352 1.62488
