500
Particles
0 59.6057 20.5322 2.27511
1 90.4634 94.959 2.20271
2 76.9739 61.2517 1.55493
3 56.0776 83.8405 1.66851
4 61.7457 40.5521 2.14538
5 89.8517 92.529 1.50873
6 76.5414 45.565 2.37303
7 67.0658 90.695 1.72427
8 46.649 45.9061 0.765026
9 16.793 100.178 0.806086
10 78.719 24.9345 2.45187
11 73.0439 53.3569 2.43846
12 79.2649 59.7295 2.05937
13 59.3882 24.9784 2.86789
14 64.2314 43.1086 2.66812
15 60.5581 28.5206 2.82375
16 95.6096 34.6823 2.4276
17 68.6903 58.858 2.04346
18 64.4579 52.1486 2.48804
19 30.1387 69.8749 1.72575
20 55.3183 85.473 1.91463
21 74.7259 43.7036 2.50697
22 77.5135 35.693 2.10823
23 59.9467 32.3206 2.77066
24 60.8294 87.0176 1.83796
25 66.8559 29.1649 2.23301
26 93.6497 87.3196 2.28133
27 72.2367 51.128 2.31501
28 74.4662 41.2809 1.94532
29 79.9593 58.325 1.84445
30 45.2009 88.4384 1.94619
31 73.4858 36.4125 2.3802
32 22.9459 75.6922 1.73535
33 59.2409 92.9663 1.66588
34 67.6321 26.6033 2.5164
35 60.0855 53.4884 2.20836
36 55.0338 94.2938 1.25233
37 81.5737 54.8655 1.7979
38 69.1647 34.8326 2.58623
39 61.1369 33.8829 2.56753
40 71.498 26.62 2.11923
41 58.7293 33.1519 1.94544
42 80.0828 26.1223 2.17541
43 57.234 84.8833 1.46033
44 91.3903 96.5446 1.96924
45 83.9215 28.7944 2.28997
46 69.6138 30.4551 2.60076
47 91.1928 82.6352 2.2292
48 76.0878 29.5345 2.17241
49 63.005 16.6769 1.86846
50 69.4838 54.6812 2.38758
51 80.5258 37.3434 2.60863
52 57.5557 86.4112 1.63688
53 56.7146 94.4555 1.96404
54 64.6383 40.3254 2.48382
55 75.6252 80.6549 2.30708
56 66.7554 43.0506 1.85227
57 79.3001 18.9591 2.39566
58 67.4393 46.5769 1.71171
59 64.9533 28.3443 1.97672
60 69.2319 51.2693 1.88515
61 75.7475 25.7468 2.11864
62 45.7936 39.8973 0.5424
63 25.1291 50.1051 -0.174452
64 73.0843 48.4458 2.03474
65 88.5457 83.703 2.28619
66 66.7175 55.1446 2.44651
67 68.5187 54.3519 2.49437
68 92.11 80.1711 1.85173
69 88.2423 23.7127 2.10989
70 75.402 48.5165 2.71067
71 69.758 29.6574 2.19125
72 66.6793 51.3384 1.74764
73 82.8176 52.9263 1.85742
74 76.8005 22.4681 2.72223
75 68.6836 87.1133 1.97505
76 79.6378 22.5593 2.09554
77 78.4034 47.9835 2.00816
78 84.9381 62.4548 1.24415
79 67.6045 48.3887 2.56782
80 76.457 27.4836 2.45184
81 68.3219 55.7097 2.23798
82 54.3518 53.2243 2.40945
83 58.591 46.4407 1.9561
84 73.8975 77.8526 2.0749
85 76.3198 28.7303 2.29089
86 76.1054 25.1718 2.7693
87 84.0114 49.3844 2.12589
88 77.2069 79.3022 1.56202
89 75.6225 22.4424 2.64498
90 59.5919 87.4181 2.00683
91 72.8115 36.4547 2.47565
92 79.9967 45.5278 2.0265
93 57.5052 40.1501 1.88134
94 76.0832 27.7403 2.70619
95 34.0773 72.678 2.44824
96 74.7723 48.1254 1.94875
97 77.1829 50.6662 2.46474
98 72.9933 21.2789 2.17076
99 78.5539 43.9969 2.56773
100 60.2299 87.2056 2.0542
101 65.4107 51.2384 1.84652
102 77.6939 24.7605 2.32875
103 67.6207 24.348 2.82416
104 76.9018 32.4705 2.92197
105 59.1077 88.5358 1.62792
106 64.8345 39.8725 2.39157
107 63.4259 30.0938 2.39774
108 75.2488 34.5862 1.98584
109 70.3418 47.9469 2.32422
110 71.007 88.3858 2.60721
111 84.7915 54.6269 2.12173
112 55.7682 83.37 1.09154
113 75.2808 43.0482 2.38801
114 74.0035 52.5113 2.59034
115 78.151 57.7101 1.70451
116 78.5193 19.1368 2.87431
117 69.3089 33.1661 2.63948
118 45.6344 83.3508 1.51733
119 62.1345 44.1782 2.43935
120 64.2793 24.2744 2.03133
121 80.968 91.3128 0.949771
122 74.5095 29.3676 2.05113
123 55.8697 40.7159 2.45484
124 74.7465 60.5559 2.37417
125 92.0264 76.3001 1.33835
126 92.7621 37.5342 2.39558
127 53.7242 26.5681 2.50078
128 60.4772 87.071 1.42734
129 70.5965 53.1136 2.30122
130 69.4319 36.5188 2.86368
131 78.2746 24.2287 2.45184
132 8.61738 70.4999 0.961062
133 97.8009 80.6016 1.86174
134 59.508 99.3939 1.13537
135 80.3259 50.0713 2.18454
136 76.7767 20.7825 2.10019
137 74.3903 47.5759 2.22363
138 78.5817 28.4231 2.12702
139 66.5366 24.3407 2.33274
140 80.4831 25.7853 2.4396
141 81.4594 80.034 2.23271
142 58.7498 43.7829 2.45129
143 31.155 53.0895 1.91226
144 74.7146 49.2581 2.54965
145 70.7283 55.8349 2.18784
146 62.6312 27.831 2.79156
147 60.5367 93.2648 1.35805
148 82.9268 51.5612 1.54556
149 63.1579 54.606 2.61687
150 78.6572 26.0058 2.57401
151 24.8106 74.2394 2.48066
152 77.7816 22.0017 2.77104
153 78.005 34.8594 2.3239
154 95.5025 31.0583 2.07797
155 95.6916 82.9092 1.79813
156 51.3432 45.7125 0.722253
157 21.1271 38.7152 -3.16743
158 91.5703 88.4887 1.82973
159 31.3148 57.3342 1.86996
160 59.3281 95.1351 1.24449
161 34.066 58.5008 1.58057
162 62.9888 54.4448 2.14261
163 75.799 76.5577 1.53292
164 89.3963 84.7988 1.51475
165 59.8011 53.1824 1.68161
166 76.1403 78.3418 2.24659
167 85.7358 53.3815 2.26644
168 68.1091 50.1226 2.254
169 85.7346 83.915 1.47724
170 30.7878 78.4208 1.39918
171 74.0209 44.4174 1.82477
172 60.2976 24.6683 2.34923
173 80.5699 24.1179 2.48822
174 90.2477 88.3283 2.16042
175 93.882 73.1853 1.55287
176 77.4122 61.8109 2.24566
177 68.9014 23.1466 2.91759
178 59.0972 85.6286 1.31676
179 73.3065 40.5017 2.36759
180 76.7822 46.5692 1.89998
181 33.1776 53.2277 1.85176
182 67.4789 42.5643 2.46988
183 55.3847 16.011 2.19444
184 81.5958 46.5803 2.05052
185 93.2097 83.2533 1.98571
186 79.5445 32.6717 2.85093
187 48.2295 80.6806 1.48198
188 49.7918 25.4455 1.8446
189 73.9322 57.8666 2.31443
190 92.0216 88.2454 1.75959
191 77.4914 54.1891 1.76742
192 74.629 17.3706 2.97989
193 81.0512 40.3901 2.58843
194 72.4069 23.9369 2.78966
195 75.4249 46.5727 2.54072
196 64.2608 20.6315 2.34748
197 76.8077 25.3137 2.87699
198 78.7006 45.0402 2.06169
199 9.11622 41.2745 -1.55826
200 79.3184 47.0658 2.02189
201 80.2729 55.782 2.21792
202 58.2119 87.6055 1.37461
203 35.7064 59.3603 1.14449
204 94.3666 85.859 2.47892
205 85.4302 52.6494 2.03626
206 71.5588 24.7782 2.94283
207 67.0876 31.0071 2.22666
208 56.2536 56.5493 2.31679
209 45.6249 82.0557 1.68131
210 69.6244 53.0803 2.15797
211 77.2402 30.9828 2.29039
212 95.0226 79.9249 1.78508
213 25.363 71.945 2.31432
214 50.2057 22.8712 2.49663
215 66.9519 35.7171 2.84028
216 83.5536 31.0359 2.08144
217 73.8738 45.032 2.45228
218 69.7638 63.1752 2.23869
219 68.6351 59.2536 2.04104
220 81.7545 53.0384 2.22625
221 84.5236 41.8239 1.67463
222 81.6415 54.1287 1.54473
223 63.7254 89.9825 2.36243
224 54.3971 84.2826 1.23155
225 78.611 59.6214 1.6174
226 0.369995 28.0704 2.09194
227 80.6918 34.8635 2.66466
228 78.2563 26.7939 2.55749
229 81.4419 28.6959 2.78492
230 58.1459 27.6969 2.43989
231 70.6826 50.4766 1.88411
232 78.9419 41.334 2.36635
233 69.2886 28.4957 2.61705
234 66.2629 24.7512 2.49666
235 65.6281 40.6739 2.51992
236 92.4145 27.1048 2.7152
237 76.2526 60.0267 2.00756
238 68.9557 43.3448 2.21417
239 59.6854 44.253 2.13844
240 73.062 51.5284 2.14473
241 50.0464 43.9176 1.11674
242 81.0613 34.405 2.56432
243 79.8468 48.085 2.24968
244 33.5518 59.4761 1.5939
245 80.0265 36.9248 2.13353
246 78.3095 28.5415 2.63613
247 91.8924 86.7154 1.84648
248 62.4322 43.5017 2.62089
249 75.014 20.3658 3.01484
250 70.6693 51.8147 2.22184
251 73.1474 59.1765 1.77438
252 64.7733 89.4075 1.95766
253 50.5353 85.3987 1.90949
254 78.5557 24.1375 2.59388
255 64.5833 53.775 2.53268
256 80.7686 32.384 2.53469
257 75.1678 24.5269 2.39271
258 50.2697 49.3473 0.493819
259 65.4906 40.7344 1.81912
260 93.5601 90.2146 2.5273
261 62.6233 45.237 2.5774
262 81.3373 26.9128 2.18059
263 78.2429 40.7786 1.99
264 60.4931 93.81 1.45505
265 77.2283 24.7105 2.13848
266 69.0421 21.16 2.33933
267 73.6833 50.7852 2.02628
268 63.9003 24.1257 2.72851
269 70.8891 53.2497 2.55898
270 68.3095 45.5734 1.7973
271 67.3974 43.0025 2.13033
272 23.182 70.8366 2.27062
273 67.0348 25.8005 2.32635
274 71.6209 33.1486 2.4187
275 78.6691 26.8486 2.69935
276 70.614 18.5003 3.09438
277 78.8838 44.3876 2.3409
278 84.0465 94.3716 1.61106
279 81.609 35.6337 2.59255
280 70.5375 47.1182 2.66191
281 78.3933 30.8266 2.38342
282 63.6104 43.0162 2.26065
283 87.9616 52.5623 1.90022
284 91.6286 23.5694 2.01735
285 78.3398 49.5924 2.67303
286 54.7742 30.167 2.39915
287 75.9363 28.1328 2.23891
288 44.0611 66.1609 0.161392
289 88.5547 24.1738 2.36651
290 71.0661 29.7829 1.91932
291 56.3211 13.5687 2.25022
292 94.9196 81.5011 1.8342
293 68.6213 30.6809 2.52873
294 67.6739 40.8662 2.13159
295 73.4735 44.0505 2.58823
296 82.9099 46.0582 1.96762
297 92.5747 33.1858 1.70808
298 54.44 45.2016 1.68105
299 79.6943 55.2426 1.51298
300 71.5798 25.7518 2.52126
301 68.109 53.0677 2.39644
302 62.8241 23.2246 2.57151
303 78.7087 29.8221 2.12001
304 22.0137 53.6532 0.0281893
305 74.3514 57.6582 2.09856
306 56.6491 89.9801 1.21353
307 77.2248 57.7342 1.71028
308 63.3314 48.228 1.68956
309 69.4402 32.2656 2.44594
310 60.4265 91.6409 2.15743
311 63.8089 34.7801 2.61393
312 79.7339 37.7422 2.19776
313 26.5098 73.6104 2.2212
314 67.9488 57.5903 2.12505
315 78.861 33.2604 2.70785
316 78.0159 43.8258 2.39601
317 67.5189 46.6252 2.38457
318 77.8551 58.6052 2.23125
319 80.78 55.575 1.85541
320 81.3307 53.0773 2.00576
321 68.548 58.2071 1.732
322 83.8941 50.0726 1.77602
323 66.9818 48.1108 1.84999
324 7.75763 37.009 -1.55405
325 84.178 31.4804 2.08498
326 76.4607 24.0865 2.39313
327 69.1156 26.2118 2.61188
328 87.668 49.8775 1.92757
329 54.3854 79.9355 1.96577
330 25.9524 72.0404 1.58108
331 65.5874 93.9741 2.01336
332 30.5229 74.07 1.54367
333 81.3252 47.3548 1.90154
334 60.1464 36.0207 1.8133
335 78.3126 54.6282 1.96321
336 84.7012 52.877 2.14163
337 60.7064 41.4232 2.30758
338 85.1369 32.9723 2.3713
339 74.7707 26.7494 2.53133
340 59.3647 23.3193 2.11261
341 60.0998 47.4616 1.99794
342 67.766 50.7085 1.97773
343 81.1635 30.3993 2.40771
344 79.4983 28.4639 2.52613
345 70.2872 83.8407 1.67552
346 59.715 34.4036 2.1712
347 94.9207 90.8841 1.54992
348 51.1817 28.1 2.0638
349 91.3423 86.0213 2.29129
350 78.5344 32.8258 2.0489
351 33.953 48.7673 1.5306
352 94.1876 94.005 1.54362
353 61.8332 88.8371 1.54902
354 72.9568 19.7809 2.07881
355 78.7959 21.657 2.95642
356 84.338 48.9535 2.26548
357 90.722 84.902 1.48036
358 69.6179 46.5136 2.21684
359 66.0699 28.0732 2.95111
360 64.8264 58.8348 1.80296
361 62.0213 16.6501 2.22384
362 71.9721 45.206 2.09239
363 77.5293 26.902 2.46246
364 63.4695 94.3077 1.58359
365 74.6793 37.1992 1.92146
366 76.52 46.3621 1.91817
367 83.568 53.4915 2.2598
368 61.4501 26.7052 2.93777
369 30.6536 72.6142 1.84416
370 53.4887 87.4573 1.49469
371 66.4194 53.5565 2.5897
372 70.0174 41.231 1.72107
373 79.4475 50.0788 2.50156
374 70.4629 55.716 1.66292
375 82.7542 44.6975 2.36561
376 72.537 46.1724 2.35525
377 23.59 73.8565 1.69911
378 71.895 32.5428 2.77255
379 83.7122 56.1495 2.10699
380 78.9288 26.1175 2.3352
381 4.60174 40.5177 -1.06451
382 74.6884 45.6501 2.48842
383 78.8565 81.8497 2.2343
384 77.1623 40.3216 2.58551
385 64.775 91.2286 2.20353
386 53.3003 93.2258 1.79424
387 62.7735 16.3697 1.79638
388 84.784 28.6806 2.99693
389 66.2537 28.3141 2.2306
390 57.4758 49.4877 2.07131
391 65.8328 47.0604 2.19207
392 66.6538 26.4193 2.00428
393 84.0402 34.3182 2.13827
394 75.5485 48.5233 2.53203
395 69.645 47.5099 1.80136
396 69.8889 58.3791 2.27735
397 71.9484 50.4729 2.51739
398 26.1622 71.6211 1.6543
399 53.3238 44.364 0.712068
400 59.3062 42.1461 2.15842
401 34.5017 72.1909 1.78706
402 73.7905 20.3396 3.00639
403 76.1777 44.733 2.28862
404 73.4131 28.7902 2.16983
405 91.9489 94.2884 1.99519
406 54.2856 20.6646 2.8695
407 77.7158 49.5988 2.26067
408 67.4515 36.0979 1.93826
409 86.9553 51.7675 1.99129
410 62.0621 44.9968 2.39554
411 72.5324 52.6074 2.27549
412 81.608 23.1388 2.5655
413 61.2426 45.3207 1.68767
414 81.5653 33.0094 2.72643
415 86.4053 82.6999 1.73685
416 81.8933 45.7654 2.02073
417 59.2441 42.6263 1.88177
418 72.0372 53.8012 2.03503
419 72.7913 80.7731 1.79567
420 67.6971 28.3769 1.93887
421 69.4962 51.8482 2.01899
422 65.4 44.0772 2.46865
423 81.6817 50.1352 1.95417
424 69.2681 58.0275 1.63755
425 73.1695 40.43 1.88338
426 1.1991 38.2908 -0.876492
427 71.2576 56.8968 2.27248
428 74.8737 30.5087 2.48909
429 79.3273 27.594 2.62624
430 29.5349 55.0238 2.32528
431 81.8058 42.8345 1.81951
432 65.7335 55.32 2.55565
433 89.3163 50.0929 2.5028
434 71.5816 28.171 2.8344
435 63.8987 91.6761 1.91395
436 33.8136 54.4911 1.95963
437 66.1739 23.2088 2.02487
438 82.0952 61.4114 1.71305
439 83.9049 55.0704 2.14644
440 81.4467 22.8792 2.47781
441 52.5766 21.8123 2.28197
442 75.9126 51.3452 2.55173
443 6.51758 44.0598 -1.5217
444 80.2061 39.0144 1.79745
445 87.7356 90.7945 1.38929
446 69.2008 90.3181 2.37256
447 58.3642 30.7181 2.36011
448 72.703 46.5635 2.46173
449 85.1656 23.4123 2.55009
450 62.8459 48.5654 1.80213
451 72.8922 22.6445 2.84834
452 71.1383 58.201 2.23981
453 78.474 22.8022 3.0243
454 72.7751 54.3588 2.52554
455 81.7379 82.8933 1.53155
456 57.8505 39.6875 2.00156
457 66.8036 42.6034 2.36699
458 69.6133 39.3962 1.99872
459 95.6394 81.0151 1.71822
460 68.5535 26.127 2.09774
461 58.0104 87.7732 1.4204
462 80.3365 36.2348 2.03323
463 69.7906 44.9216 2.608
464 88.7586 41.9566 1.86071
465 63.9123 46.6581 2.55927
466 81.8922 30.3202 2.54814
467 84.5272 52.4351 2.47865
468 62.3457 24.4991 2.88892
469 36.2422 50.3373 2.25674
470 11.535 80.5561 -0.194436
471 72.308 30.01 1.97478
472 81.5223 38.0943 1.93808
473 79.9838 44.9496 2.40923
474 13.7012 40.1019 -0.457333
475 58.8775 27.5723 2.75745
476 91.3369 84.9941 1.81502
477 78.9953 27.5955 2.27267
478 59.7016 58.7938 1.786
479 69.5542 82.7522 1.70689
480 65.9723 35.452 2.81324
481 87.3243 49.1028 1.84839
482 74.4009 20.5196 2.7814
483 62.9958 50.4883 1.88298
484 62.1264 28.2779 2.36341
485 57.8351 16.6866 2.76471
486 81.5564 25.4802 2.47125
487 80.8903 29.7175 2.5725
488 48.0614 42.5072 0.920022
489 70.987 81.2462 2.45381
490 69.3128 87.9731 2.67407
491 75.7818 26.0046 2.81759
492 82.767 41.0114 2.04928
493 77.2869 33.3817 2.79874
494 75.4821 22.4761 2.89573
495 69.0949 31.9407 2.57033
496 73.3287 50.2342 2.65738
497 70.1414 53.3067 2.25257
498 82.5275 26.3721 2.79468
499 80.9594 66.151 2.34791
