500
Particles
0 42.4089 31.0799 3.14421
1 91.6854 13.8682 1.27246
2 69.3665 79.6245 1.52868
3 64.4878 2.19413 1.66299
4 49.9389 56.5791 2.68787
5 93.6997 10.7952 0.795627
6 64.7238 62.1288 2.06952
7 69.8866 9.84024 0.723452
8 37.6519 62.1065 2.51476
9 34.4311 6.29362 1.57996
10 63.9953 38.5827 2.53717
11 59.752 68.6103 2.0492
12 72.9961 78.6854 1.32826
13 42.6023 35.9122 2.88242
14 52.0644 59.1684 2.55464
15 45.8047 41.9867 1.95197
16 80.8101 47.1552 -3.56691
17 56.5865 74.7764 2.14785
18 51.6443 67.6577 2.15734
19 21.02 87.8187 2.74149
20 64.6447 3.34732 1.28985
21 62.1442 59.637 2.48516
22 62.0686 48.8156 2.76292
23 45.7783 46.4447 2.59035
24 67.1057 5.33078 0.875532
25 53.0699 43.7089 2.286
26 96.1871 6.63478 1.33645
27 60.5384 67.4685 2.71389
28 61.6528 56.9081 1.96302
29 73.071 77.253 2.16373
30 53.9685 5.48327 0.849968
31 61.2352 52.2782 1.82331
32 14.1795 93.573 2.22809
33 60.363 12.7661 1.51524
34 53.2517 40.2175 2.88757
35 47.1195 68.8201 2.34197
36 55.2414 14.4485 1.04295
37 76.5076 74.395 2.23731
38 54.5413 48.3228 2.34166
39 48.1488 49.085 1.84235
40 55.7893 38.9989 2.56636
41 44.139 46.6092 1.98803
42 65.145 39.6327 1.96699
43 65.1316 3.17029 1.3596
44 93.1854 15.8501 0.739462
45 70.0062 43.5051 2.33242
46 54.2549 43.6571 2.33262
47 91.2351 2.09245 1.17563
48 60.1401 42.0421 1.94601
49 49.4361 31.309 1.91878
50 57.008 70.1634 2.27219
51 66.9746 52.35 2.56872
52 63.3133 5.57943 1.70299
53 57.4481 14.2013 1.95593
54 52.8237 56.6524 1.93188
55 70.9346 99.809 1.5846
56 54.8518 59.243 1.77102
57 64.7922 32.991 2.34308
58 54.5501 62.1939 1.90155
59 49.2691 41.1236 2.85252
60 56.73 67.092 2.60243
61 61.3051 39.4929 2.51106
62 39.6247 56.098 1.98014
63 30.3031 67.0704 1.72044
64 60.9178 64.5585 1.91316
65 90.3606 3.1416 1.07834
66 52.6441 69.5023 2.56624
67 54.5541 68.9356 2.02905
68 94.9154 99.0862 1.13681
69 75.1331 39.0196 2.09725
70 62.0071 63.552 1.7937
71 54.4726 42.5924 1.96616
72 52.6304 65.7244 2.56029
73 76.9216 72.11 2.02804
74 62.9327 36.838 1.80956
75 70.9618 6.18339 1.18248
76 64.6776 36.3695 2.68647
77 64.8019 62.9625 1.8976
78 77.5765 80.7342 1.56429
79 55.4206 64.4313 1.93474
80 62.2561 41.7925 2.44302
81 54.4253 70.0121 2.31781
82 39.1121 66.0519 1.93494
83 47.704 63.1148 1.82386
84 68.6379 97.4236 1.72162
85 62.1769 43.2692 2.03613
86 62.5552 39.9782 2.62979
87 79.7463 69.1569 1.71298
88 71.9112 98.3914 1.86054
89 61.8967 37.1147 2.0612
90 66.1353 6.48617 1.36661
91 60.4069 52.4901 2.31281
92 66.7451 60.4898 2.75164
93 46.2145 56.8627 2.06513
94 61.9361 41.9926 2.09366
95 25.0963 90.6228 1.93792
96 61.1238 62.7874 2.29871
97 64.9852 66.6253 1.85563
98 58.5827 35.2012 2.41492
99 65.4573 59.186 1.82313
100 66.0934 5.74549 0.926678
101 52.117 66.3552 2.32834
102 62.5862 38.0543 2.22698
103 52.788 37.9641 2.49928
104 62.632 46.7312 2.19676
105 63.9984 7.85074 1.78717
106 52.7116 56.1 2.62136
107 48.9407 44.3576 2.18544
108 62.5229 50.2291 2.73259
109 55.969 61.9776 1.80659
110 72.7189 7.42552 1.02928
111 82.4814 74.4632 1.42706
112 63.9936 1.48482 1.42566
113 62.2439 58.6203 2.44018
114 60.1988 67.1612 2.40413
115 70.102 75.6519 2.16505
116 64.3084 33.3357 2.37491
117 53.3756 45.7986 2.38313
118 37.4175 1.14539 1.43532
119 49.8846 60.3885 2.25161
120 49.331 37.6955 2.7784
121 77.6623 8.67391 2.00845
122 58.0483 41.0532 2.81442
123 47.2383 58.7448 1.70513
124 67.727 79.1392 1.73269
125 95.1231 94.4195 1.15361
126 77.8068 49.4373 3.00778
127 37.7852 38.5155 2.43482
128 67.2502 5.78232 1.22393
129 56.4714 67.3948 1.78709
130 56.337 51.8075 2.39406
131 63.4399 37.812 2.53564
132 0.249281 85.8627 1.19036
133 99.1649 99.7201 1.36363
134 58.7318 18.918 1.74477
135 70.2419 67.4464 2.34713
136 62.107 34.4359 2.14322
137 60.8216 62.6384 2.31789
138 63.5667 41.6824 2.48076
139 51.2068 37.049 2.90856
140 66.2353 39.6111 2.41958
141 76.7411 99.4568 2.11008
142 49.4311 61.4832 1.77285
143 30.6588 72.6791 1.39876
144 61.565 64.4548 2.33645
145 56.8968 70.5962 2.28375
146 48.8515 41.8576 2.73676
147 63.0503 12.7753 1.38459
148 77.8792 70.7331 1.40666
149 49.8132 69.8329 2.78634
150 63.9703 39.8021 2.41477
151 17.628 92.8919 2.26702
152 63.1689 35.8002 2.40606
153 64.2422 49.6984 2.61689
154 81.8358 44.3351 2.83628
155 97.7039 2.07964 1.4523
156 41.1522 61.7771 2.2052
157 24.1258 35.8036 1.06821
158 95.5557 7.84949 1.56033
159 30.1327 76.8923 1.74361
160 58.919 15.2311 1.64429
161 31.7477 78.3815 1.80118
162 50.0025 69.6374 2.4673
163 71.2449 96.0153 1.3413
164 92.0263 4.12949 1.17494
165 46.5665 68.101 2.52287
166 70.3634 97.3915 1.24462
167 82.6874 72.9871 1.50205
168 55.7856 65.9542 1.97842
169 86.1766 3.70033 1.12035
170 25.0627 96.6111 1.50293
171 62.115 60.8379 2.61003
172 46.5898 39.1647 2.77079
173 65.3796 37.2168 2.66936
174 93.545 7.91788 1.62155
175 0.669057 88.078 1.70946
176 69.8968 80.5449 1.65246
177 53.1601 35.6687 2.15934
178 65.8541 4.66658 1.01539
179 60.9387 56.4315 2.5765
180 63.4111 61.5125 2.33069
181 31.9965 72.5008 1.99284
182 56.0441 59.2435 2.60149
183 39.9277 27.9625 2.43797
184 69.2712 62.539 1.9249
185 94.9842 3.05827 1.56491
186 64.2888 45.8772 2.10232
187 39.0802 97.4649 2.46058
188 34.5348 38.1177 2.36174
189 62.0511 73.9432 2.463
190 94.5088 7.47661 1.61196
191 68.5204 71.8834 1.96557
192 59.6163 30.8346 2.45315
193 68.6976 56.1878 1.9517
194 57.4958 37.3107 2.32122
195 60.5943 60.6661 2.0731
196 49.8011 34.4465 1.93822
197 60.88 37.8411 2.3822
198 66.1882 60.8565 2.6636
199 10.892 21.8353 -2.26494
200 66.9227 62.9975 1.85337
201 73.6688 74.5935 1.84165
202 64.5029 6.61229 1.14474
203 34.5361 79.483 1.46374
204 97.821 4.90885 1.73118
205 81.137 72.2181 1.65067
206 56.3766 37.7396 2.43268
207 51.9059 44.1255 2.13808
208 41.7218 69.6073 2.08655
209 35.2309 97.8025 2.49617
210 56.2727 68.1374 2.4155
211 63.5882 45.7559 2.61431
212 96.6859 98.6232 1.11834
213 15.8223 89.5312 2.28444
214 34.6141 34.3841 2.99413
215 53.7018 50.9862 2.28082
216 70.0611 45.9931 2.59884
217 60.568 59.7918 1.72987
218 62.8139 81.8081 2.60061
219 56.1447 75.0462 2.7547
220 76.8423 72.6951 1.36583
221 71.1236 57.053 1.96049
222 75.6466 73.2952 1.73833
223 67.3439 9.69996 1.66259
224 61.5558 3.05869 0.707593
225 71.9175 78.4587 2.17843
226 6.26533 15.5607 -1.98185
227 67.1014 49.8747 2.13011
228 63.0678 39.9324 1.95854
229 67.1674 43.1157 2.25482
230 43.3779 40.8482 2.35992
231 58.6338 66.7805 2.10338
232 65.9186 56.6049 1.97754
233 54.0962 41.7478 1.95394
234 52.3306 39.5473 2.81425
235 53.7264 56.8957 2.14827
236 78.3224 41.4242 1.6435
237 69.1008 78.4427 1.17414
238 56.0281 58.9387 2.53003
239 50.068 62.3086 1.83531
240 60.5505 67.4008 1.81632
241 40.7879 61.2278 2.44805
242 66.6056 48.5317 2.16451
243 66.7333 63.1957 1.90897
244 31.1199 79.2796 1.63518
245 66.4683 52.0965 2.46164
246 64.4984 43.1428 2.31237
247 94.5896 6.09686 1.49559
248 50.5998 59.9232 2.27841
249 60.0931 33.8589 2.12432
250 56.8579 66.6779 2.19081
251 61.0194 74.9304 2.72473
252 65.3606 9.1787 1.54332
253 58.1305 3.98695 0.864276
254 64.1718 38.0073 1.985
255 51.1933 68.7232 2.05104
256 67.0027 46.9782 2.4247
257 59.8927 37.234 2.71463
258 39.4378 64.7147 2.64134
259 52.6257 56.2371 2.56422
260 98.3426 9.15409 0.797068
261 50.6991 61.4397 2.32331
262 67.2428 41.809 2.55901
263 64.9339 55.8661 2.13335
264 60.8896 14.078 1.76825
265 61.8795 38.0692 2.23299
266 53.3165 33.8854 2.9586
267 60.6728 66.1594 2.47046
268 49.837 38.3869 2.32542
269 57.8217 68.6305 2.48336
270 55.7188 61.1571 1.83095
271 55.1789 58.9576 2.65482
272 13.884 88.186 2.71863
273 50.9094 37.9836 2.7437
274 57.4317 47.4815 2.68313
275 63.6413 40.126 2.66713
276 55.2679 31.2714 3.00509
277 67.8645 61.0054 1.81268
278 79.8967 9.95002 1.66151
279 65.8638 48.4994 2.85059
280 58.6617 63.4465 2.12013
281 62.5711 43.3193 2.04041
282 52.4281 59.6355 1.85189
283 84.4078 72.0016 1.34699
284 78.3362 38.0803 1.79632
285 65.1333 64.6125 2.29287
286 40.558 44.1948 3.02943
287 61.6923 42.3723 2.29701
288 44.3394 77.9147 2.10699
289 74.4375 38.3884 2.2448
290 56.2576 43.5777 2.34235
291 40.6726 24.169 2.92982
292 96.4254 0.616169 1.2418
293 53.2492 43.4025 2.82734
294 55.5704 56.8545 2.59155
295 60.9109 59.5096 1.94994
296 71.3841 62.5282 2.35238
297 80.3414 47.6415 -3.28849
298 46.6519 63.9491 1.75591
299 73.2425 74.2106 1.62173
300 57.4535 39.7378 2.42437
301 54.8742 68.5117 2.75071
302 48.4022 37.0767 2.01511
303 63.9417 43.3787 2.60075
304 30.5679 68.3377 0.964746
305 61.0604 72.7806 2.2662
306 61.8064 9.39451 1.85733
307 69.7627 76.2043 2.24615
308 50.904 64.0437 2.37506
309 54.7795 46.0143 2.87658
310 63.6984 10.9758 0.907151
311 49.5267 49.0227 2.49572
312 66.3914 52.8577 2.12632
313 16.8651 91.0883 2.73441
314 53.6785 71.4644 2.4145
315 64.7411 47.2554 2.30095
316 64.9851 58.7054 2.38353
317 54.5713 62.3696 2.69499
318 70.6855 77.1783 1.73634
319 73.478 74.2204 2.06921
320 75.7636 72.3604 1.39064
321 54.7593 72.815 2.82432
322 77.7182 69.1343 2.22415
323 54.0942 63.4562 2.45701
324 9.83203 17.7253 -1.67982
325 69.9247 45.5257 2.85266
326 61.8281 37.846 1.88051
327 54.5614 39.7487 2.58331
328 84.2183 69.5272 1.88933
329 60.3366 98.7049 1.8317
330 17.3402 89.8183 1.98128
331 65.379 14.2961 1.66811
332 24.5727 93.1518 1.98232
333 68.8871 63.1558 2.02595
334 47.1952 50.9187 2.11033
335 71.6585 73.6214 1.45252
336 78.8469 71.9678 2.05737
337 50.2862 58.5618 1.95246
338 71.9441 48.0005 2.72351
339 59.0157 39.4426 2.44812
340 43.7708 35.8073 2.89048
341 49.4578 64.7392 2.11564
342 54.4678 65.7997 2.53145
343 68.7756 46.1791 2.74513
344 64.5353 42.0182 2.4531
345 70.4954 3.09094 1.56827
346 46.4438 49.0202 2.0347
347 99.8627 9.84205 0.748401
348 36.2989 41.0022 2.13782
349 95.5616 5.07432 0.817471
350 63.5589 46.4235 2.68538
351 32.8404 68.6578 1.58464
352 95.5214 12.8988 1.17692
353 67.037 8.2542 1.32444
354 58.9297 34.507 2.00426
355 64.1565 35.5463 2.26772
356 80.3625 68.4157 1.86667
357 94.5048 4.15463 1.30212
358 58.2805 63.4286 2.16741
359 51.7079 42.0982 2.39108
360 51.0483 73.6871 2.19234
361 48.5438 31.1296 1.56834
362 58.7727 60.2577 2.23954
363 63.2855 41.0219 2.40068
364 64.8461 13.9477 1.84369
365 62.5988 52.9361 1.99618
366 65.3568 63.0957 2.63574
367 79.7891 73.1203 1.40264
368 46.4281 39.9917 2.20616
369 20.2429 89.7287 2.85529
370 60.9762 6.12878 1.30748
371 53.3595 68.8841 2.51247
372 58.5 57.6952 1.98096
373 68.0529 66.717 2.06312
374 57.6102 71.0849 2.61193
375 70.2324 60.2154 2.6169
376 59.2906 61.5975 2.61763
377 15.6074 92.2832 1.93713
378 56.2666 44.9941 2.68645
379 78.2319 75.4856 1.84372
380 63.6668 39.631 2.4112
381 6.7893 20.9979 -1.86706
382 61.0427 60.8092 2.19441
383 72.3491 0.786016 1.35384
384 64.1725 55.829 2.5449
385 69.0628 10.3341 1.45477
386 54.0118 12.0552 1.3027
387 49.4284 31.2017 1.96742
388 70.7026 43.2107 2.55571
389 52.0551 42.4454 2.75252
390 45.9752 66.1129 1.77571
391 53.6609 62.9954 2.29606
392 53.0098 41.2746 2.04937
393 70.2299 49.0064 2.85864
394 62.9913 64.0227 2.28429
395 57.5822 63.423 2.60163
396 56.7726 73.5669 2.84336
397 59.5722 66.4168 1.91775
398 17.631 89.8114 2.5364
399 44.8029 62.3139 1.78078
400 48.3378 58.6979 2.15941
401 26.6765 90.8173 1.84524
402 58.2549 32.5743 2.23775
403 63.1282 60.3513 2.46329
404 58.0632 41.9883 2.65022
405 92.743 13.3701 1.37791
406 39.2442 34.1025 2.36499
407 64.7786 64.8053 2.61751
408 53.6071 50.1727 2.55728
409 84.7052 71.6667 1.38151
410 50.096 61.1335 1.73179
411 59.1705 67.8317 2.42756
412 66.2226 36.1681 2.0546
413 49.5248 61.5282 1.84785
414 68.5028 48.3616 2.22108
415 86.7622 2.21367 1.05241
416 67.59 59.7806 1.7907
417 48.8811 59.609 1.70366
418 59.1732 69.1684 2.05674
419 69.5834 0.539885 1.36074
420 51.7666 40.6591 2.87135
421 57.5582 67.5284 1.87116
422 53.0705 60.1719 2.61655
423 75.0131 68.9473 1.59935
424 56.842 73.8004 2.01303
425 61.3227 56.6148 2.29146
426 0.623261 18.5568 -1.55505
427 57.0333 71.2646 1.91821
428 61.5689 45.4725 2.3638
429 65.0967 41.5035 2.66701
430 27.1754 74.335 1.4099
431 69.0323 58.3112 2.01299
432 52.3345 70.3904 2.19591
433 85.2294 69.411 1.64388
434 56.5789 41.4756 2.06047
435 66.243 11.5973 1.47967
436 33.4595 73.7775 1.61992
437 51.5219 36.9496 2.20624
438 74.7705 79.9858 1.25673
439 78.773 74.4886 1.44285
440 66.0453 36.2063 2.35615
441 36.5589 33.522 2.75988
442 61.5849 65.657 1.80982
443 8.66166 24.6973 -1.88897
444 65.8689 53.2681 2.23861
445 86.6196 7.70547 1.8131
446 70.4555 9.48785 1.62735
447 43.0391 43.6042 2.38349
448 60.2377 62.4065 2.04133
449 72.4148 38.9033 2.19042
450 50.8112 64.7755 2.47051
451 57.3319 35.3247 2.44147
452 58.8991 74.306 2.39154
453 63.3529 36.2324 2.4297
454 60.4187 70.5536 2.52299
455 82.7036 2.77892 0.640503
456 47.3747 56.9805 2.12627
457 55.0449 58.939 2.4711
458 57.0307 54.9856 1.80688
459 97.0026 100.132 1.30996
460 54.3432 40.5007 2.30917
461 62.8529 6.89132 0.864299
462 66.5363 51.2312 2.40797
463 56.6796 60.1619 2.67416
464 74.5832 55.8786 2.70455
465 51.0312 62.2538 2.40094
466 67.6226 44.5462 2.63917
467 80.4368 72.4925 1.80276
468 47.3213 37.831 2.91544
469 34.6091 69.1896 1.68004
470 25.4707 78.6662 1.44475
471 58.3998 44.6464 2.37822
472 67.6679 52.7818 2.57115
473 66.9209 60.1186 2.51127
474 13.1296 20.76 -2.46621
475 42.8825 40.2489 2.32476
476 94.4925 4.0127 1.55201
477 66.0515 43.1983 2.47623
478 45.848 73.2872 1.61233
479 69.0749 2.22252 1.21806
480 50.8071 48.6035 2.83284
481 81.2915 68.0832 1.98894
482 58.9206 33.3985 2.33757
483 49.3626 65.3344 2.72858
484 46.615 40.949 2.42862
485 41.7466 28.4734 2.73225
486 68.1391 40.5043 2.04982
487 66.504 43.7052 2.11012
488 40.1895 59.4439 2.04176
489 67.6756 0.900829 1.14967
490 72.3866 6.44959 1.52633
491 59.9894 38.9174 2.38842
492 69.7571 56.3516 2.27022
493 62.2744 47.02 2.23687
494 59.5406 34.6326 2.45406
495 53.5332 44.7772 2.68231
496 59.9971 65.1689 2.40122
497 56.9082 68.9463 1.93832
498 68.1077 40.1516 2.56409
499 72.847 84.6585 1.99258
