500
Particles
0 9.04799 52.1895 0.86744
1 66.9015 86.5695 2.50715
2 65.1073 60.5093 0.848376
3 52.3877 80.7957 2.15765
4 84.2218 4.8612 1.72317
5 70.2066 84.2099 2.77175
6 7.09522 20.8815 2.34148
7 63.0818 87.7917 1.93864
8 78.1574 12.9618 1.70405
9 42.7711 61.2975 2.35648
10 4.5717 96.72 2.23438
11 5.84416 30.1268 2.36915
12 73.4042 60.247 2.0337
13 72.6655 73.3552 1.9478
14 86.0006 6.04535 2.45895
15 77.2528 83.8245 1.90876
16 42.1146 11.3174 1.61413
17 1.73567 35.9414 2.44043
18 88.035 20.791 2.91882
19 83.358 22.8666 2.85963
20 56.1804 83.0519 1.95598
21 1.9535 15.6506 2.14472
22 6.24163 10.5272 2.54445
23 79.4877 93.7111 2.8616
24 56.7869 84.1949 2.47079
25 86.9839 93.3153 2.26349
26 0.974142 50.8711 0.876645
27 99.3734 23.369 2.50683
28 99.464 10.0281 1.6835
29 87.4701 57.7336 1.61674
30 60.3387 55.8717 1.74921
31 2.05509 10.1196 2.65935
32 98.1331 57.8459 1.12092
33 42.1416 89.806 1.39354
34 87.377 89.1363 2.35153
35 88.7956 27.4517 2.50919
36 19.7651 53.2295 -1.51424
37 86.2987 56.2714 1.44426
38 89.2094 99.6152 2.86525
39 82.0155 97.0977 2.43603
40 86.0019 81.6118 2.14414
41 73.6186 87.934 2.49721
42 8.84346 0.523618 1.88756
43 55.2147 82.8285 2.18222
44 70.2877 86.6017 2.51213
45 18.523 8.91873 2.432
46 86.4268 92.0061 2.59241
47 66.568 75.7571 2.1882
48 1.75989 0.742739 1.95577
49 87.2845 41.2628 2.71485
50 93.477 23.6159 2.68924
51 11.2864 12.7942 2.08585
52 53.3472 84.9849 2.41431
53 21.6288 53.8866 -2.23647
54 85.6801 3.30277 1.8159
55 61.5874 79.1219 1.81034
56 85.4309 1.81352 2.61436
57 4.92501 89.4656 1.70197
58 91.1837 15.0659 2.1137
59 80.2837 82.561 2.14948
60 93.4295 20.1846 2.32142
61 2.8777 98.7452 2.66597
62 70.0538 89.9741 2.53612
63 80.5884 25.677 2.73761
64 98.6047 18.3771 2.60314
65 68.2611 77.4254 2.42993
66 89.6767 23.8414 2.01602
67 94.0947 25.2099 1.86417
68 70.9576 71.4424 2.67555
69 18.951 57.0069 -1.86869
70 4.23822 22.7708 1.79894
71 88.8851 94.019 2.94445
72 89.7838 20.03 2.19851
73 81.6884 53.7642 0.947622
74 6.56565 97.0181 2.71828
75 61.5203 84.3148 2.04778
76 6.9303 95.0913 2.09461
77 7.848 23.5394 2.06764
78 91.9815 59.2281 1.65679
79 92.9097 18.7044 2.27566
80 2.83567 99.0467 2.69321
81 95.2155 27.7188 1.93886
82 84.7854 21.3412 2.15589
83 85.255 16.8185 2.93181
84 61.9997 76.6421 2.31298
85 5.60978 4.02266 1.86867
86 4.28127 98.9905 2.26152
87 88.7437 50.8136 1.04993
88 64.4665 78.368 1.78648
89 2.30116 94.4881 2.63571
90 55.7895 85.2391 1.79035
91 1.38371 10.1105 2.6304
92 9.89718 20.1804 1.68111
93 80.0096 2.62685 2.03413
94 0.973462 99.2168 2.80584
95 57.8118 55.9707 1.75673
96 3.1845 20.9877 1.86176
97 9.45776 27.5716 2.71961
98 94.6161 84.1658 2.06896
99 5.29629 16.6312 2.60803
100 58.9729 86.1355 1.63479
101 90.9764 22.3438 2.417
102 3.51518 96.2808 2.72859
103 82.8242 78.6962 2.0198
104 2.51388 4.40455 2.2017
105 55.6241 87.9974 1.76045
106 84.7174 2.31231 2.59203
107 82.3355 91.4102 2.05854
108 5.71265 10.7723 2.29689
109 92.6586 15.583 2.03044
110 63.0685 85.5999 2.04981
111 91.4832 56.0294 1.37101
112 52.1898 80.5691 2.16777
113 0.901583 14.6563 1.83855
114 1.0508 26.0131 2.02014
115 65.6836 57.0581 1.25143
116 4.70353 89.4657 2.40574
117 90.9667 100.288 1.98786
118 80.9015 40.2233 0.456649
119 83.6614 6.17044 2.35534
120 76.5507 70.9485 2.61929
121 65.4642 85.5483 2.22874
122 93.1485 91.9793 3.01732
123 79.6047 2.38301 2.59967
124 64.8369 61.2435 1.04873
125 95.6564 58.5757 0.633857
126 43.4463 14.5317 2.35175
127 71.6642 76.8064 2.2631
128 60.365 84.1389 2.35526
129 90.6997 19.0209 2.19007
130 92.1814 2.63623 2.19672
131 6.82917 97.8011 2.73682
132 96.6401 57.7797 0.899708
133 86.9491 36.1561 2.06561
134 64.9518 90.0195 2.33678
135 67.2522 92.6365 2.27988
136 2.46059 91.7431 2.68733
137 3.28701 20.9634 1.69667
138 6.92237 1.87513 1.88402
139 78.0645 69.5203 2.66872
140 7.57598 97.4359 1.98487
141 78.3133 24.3732 2.12445
142 87.1898 16.3145 2.67591
143 85.9255 33.1457 2.35876
144 3.73541 23.3449 2.35487
145 94.6025 26.0641 1.89892
146 81.7497 90.3481 2.53065
147 45.2486 91.2388 2.3044
148 83.7103 52.8157 1.78557
149 89.4758 26.742 2.1336
150 6.26398 99.5129 2.0389
151 99.4597 52.7297 0.853944
152 3.44527 92.9018 2.11815
153 6.55932 9.53048 1.9442
154 37.6301 2.66226 3.14616
155 81.32 33.1665 2.18971
156 81.1871 15.6998 2.20901
157 73.2314 85.3052 2.47465
158 5.12802 48.4468 1.0931
159 54.7297 52.5165 1.27737
160 21.1987 55.2021 -2.34396
161 59.5276 53.4086 1.78717
162 87.2231 23.5975 2.62519
163 89.4995 62.5137 1.18621
164 68.4169 77.9794 1.78201
165 85.6414 21.2435 2.64812
166 63.0493 76.5181 2.11349
167 90.1842 55.2283 1.74981
168 93.0632 20.0254 2.82221
169 64.9891 80.8063 2.1048
170 60.0858 61.1746 1.62108
171 6.22561 21.7615 1.97654
172 75.7928 79.5625 2.46392
173 9.29184 98.4083 2.21812
174 68.1591 84.0608 2.3533
175 97.3045 57.7714 1.30375
176 66.9162 62.9322 1.07164
177 10.3373 56.5278 1.2286
178 53.4067 82.9683 2.01185
179 -0.290769 11.2733 2.20316
180 5.18732 19.3148 2.06015
181 89.5431 34.0875 2.03081
182 93.4875 12.5177 2.31613
183 86.3318 41.0229 2.40968
184 14.2402 23.5747 2.2819
185 70.2875 76.0822 2.2138
186 8.54825 7.26901 1.92798
187 62.107 61.1754 1.47125
188 73.1537 83.3921 2.69905
189 45.6655 30.1764 -0.619142
190 68.8898 80.9622 2.6529
191 77.2754 20.5891 2.53953
192 8.10375 59.5952 0.507634
193 9.39427 14.2104 2.13665
194 87.9599 79.2691 2.76873
195 97.4637 13.8492 1.8415
196 77.2704 67.4603 2.067
197 1.07027 95.2914 2.42003
198 13.2744 23.6157 1.91646
199 54.7943 61.906 1.77928
200 13.2616 25.4952 2.5975
201 73.4619 55.4679 1.45661
202 56.6828 86.6533 1.80432
203 58.8306 55.6425 1.7857
204 98.8217 48.5102 1.17906
205 89.9795 53.959 1.21194
206 85.7803 79.2574 1.91312
207 84.9792 93.0942 1.98502
208 84.9253 27.2551 2.3817
209 60.2922 60.4761 1.89512
210 94.6429 24.3431 2.30513
211 7.16477 6.59593 2.45106
212 83.194 34.0898 2.55892
213 96.8275 53.0772 1.28086
214 71.419 80.4899 1.86575
215 85.5082 97.3674 2.72446
216 14.3543 7.25921 2.82812
217 98.1395 13.4362 2.24798
218 81.8098 39.334 0.255136
219 2.01095 37.4587 1.92846
220 86.5179 54.7968 1.73531
221 15.3816 17.6238 2.23914
222 85.3559 54.6089 1.11208
223 58.5546 86.7968 2.05215
224 30.4135 64.4752 2.3116
225 69.2122 60.8061 1.26684
226 51.7377 56.0155 1.87359
227 10.6002 9.91043 1.87671
228 3.94564 97.6977 2.77192
229 13.5364 6.65329 1.88143
230 75.9782 83.3304 1.99312
231 95.701 20.2011 1.98189
232 8.38604 15.4613 2.14461
233 85.8088 88.552 2.42617
234 81.7042 81.461 2.0697
235 84.9427 2.06981 1.70812
236 40.4435 93.0224 0.0401744
237 64.8811 60.3644 1.39166
238 94.542 13.8526 2.18696
239 88.9005 17.8466 2.84739
240 98.0476 20.8821 2.7731
241 78.8978 11.746 1.80044
242 9.90163 9.0929 2.6334
243 11.8936 25.1212 2.00532
244 58.7228 53.3867 1.76045
245 10.439 12.6031 2.12262
246 7.59807 4.12033 2.08426
247 70.0767 79.2175 1.80642
248 80.1107 1.68231 1.82196
249 1.68266 79.0991 0.850272
250 93.7844 20.25 2.74547
251 41.5884 30.2791 -0.449103
252 57.1302 89.0431 1.74786
253 24.1635 51.5912 -2.0334
254 5.25314 96.9754 2.0689
255 88.2171 21.8796 2.62752
256 8.82046 6.21707 2.79276
257 0.973137 95.4412 2.66058
258 81.6705 19.8545 2.0745
259 82.9689 0.54401 2.56901
260 10.3989 42.9008 1.01107
261 88.7719 14.1494 2.73079
262 10.7193 1.88215 2.55362
263 7.91927 15.0928 2.12533
264 49.4693 93.5838 1.5532
265 1.59545 95.1225 2.32711
266 10.915 51.1537 1.14455
267 99.6939 21.2649 1.98723
268 75.9603 69.063 2.71252
269 97.7405 25.5229 2.39795
270 91.5146 13.5848 2.34726
271 88.9769 7.53362 2.23271
272 95.0844 52.9319 1.71221
273 80.4864 77.8241 1.73438
274 93.2062 99.6424 2.07951
275 6.57217 0.832075 2.45408
276 9.31018 46.9167 1.43729
277 10.0226 20.3304 2.52381
278 65.7853 87.1553 1.84964
279 9.98718 9.644 1.98741
280 98.919 19.2166 2.10435
281 4.94115 2.63993 2.02992
282 85.9163 6.12722 2.16136
283 96.0395 51.894 1.0463
284 45.2704 76.693 -0.623521
285 8.24758 24.4673 1.90423
286 71.8333 86.2007 2.52413
287 3.65479 1.22933 2.26267
288 42.3636 42.964 2.92943
289 18.4821 57.2458 -2.2804
290 91.5873 95.4165 2.82265
291 81.6058 34.2409 2.11196
292 78.7211 32.0673 2.52631
293 85.941 90.5225 2.37672
294 93.1237 8.87892 2.62935
295 0.405762 14.3088 2.33677
296 15.1357 21.875 2.17459
297 38.0628 7.08 2.91436
298 85.1468 19.1202 2.33198
299 69.9334 56.1565 0.840342
300 95.966 95.7437 2.15465
301 92.3961 22.4385 2.84753
302 75.4245 70.818 1.90931
303 5.35587 3.34494 2.15757
304 80.8996 28.1047 2.05254
305 44.7482 31.3861 -0.183134
306 29.2428 76.087 2.68591
307 68.6835 57.8098 1.46843
308 86.2034 15.7596 2.46389
309 90.207 97.9322 2.87404
310 53.6191 90.3927 1.97923
311 80.6125 93.6834 2.82684
312 9.71031 13.9362 2.54888
313 95.7891 54.223 1.46668
314 92.1323 26.9387 2.82488
315 10.0703 9.59135 2.04888
316 9.35076 19.4499 2.19504
317 90.5963 15.4182 2.0266
318 67.0451 58.6609 1.72821
319 82.1727 56.2783 1.19333
320 88.2258 54.5274 1.96715
321 96.1928 30.9597 2.43123
322 81.9982 51.4595 1.55578
323 90.9693 16.9345 2.8001
324 55.5854 59.1129 1.78824
325 14.6337 5.77621 2.86245
326 1.34239 95.2553 2.05232
327 87.5721 86.3691 2.72549
328 93.4039 50.7977 1.65529
329 95.9257 61.0622 1.2612
330 95.6604 52.4583 1.22911
331 53.0165 92.5993 1.42596
332 57.6729 59.9266 1.88537
333 16.9296 26.5139 1.71426
334 80.2777 97.1005 2.78398
335 69.6221 54.2069 0.953619
336 90.6657 53.1794 1.09155
337 82.7575 4.59577 2.20125
338 16.0577 8.52135 2.62513
339 98.7067 97.0668 2.4859
340 72.6671 71.7705 2.3576
341 85.9796 16.9474 2.84331
342 94.6963 23.2758 2.39604
343 14.4525 8.49103 2.74385
344 9.72129 4.38041 2.40463
345 62.8658 81.5199 2.318
346 80.1878 96.5707 2.28473
347 11.062 43.6641 1.28837
348 71.0337 88.7833 2.3524
349 69.1013 77.0695 2.42702
350 5.12122 5.80238 2.29837
351 83.7207 27.6155 2.08675
352 70.105 84.7013 1.89827
353 58.9285 85.6562 2.02042
354 89.682 75.7523 1.96948
355 6.49732 94.535 1.79954
356 90.3677 49.6007 1.24951
357 69.5964 78.2125 2.53109
358 96.2677 17.4607 1.99147
359 84.2973 89.5434 2.1708
360 88.2774 26.9824 1.90937
361 8.09146 49.437 1.49489
362 97.1595 14.0425 2.50306
363 4.52155 100.305 1.96563
364 55.3209 91.202 1.54045
365 6.7124 14.8103 2.69157
366 9.18741 23.8565 2.56285
367 92.2792 54.1361 1.57296
368 74.639 77.2646 2.04301
369 97.9309 53.383 1.59108
370 26.7257 68.8897 2.83188
371 90.3497 22.7612 2.46667
372 95.8792 11.6965 2.39814
373 68.0552 8.58858 1.09968
374 95.393 25.9432 2.38014
375 16.1883 22.1687 2.47454
376 97.2473 16.0692 2.4809
377 96.1664 55.2858 0.833027
378 92.1454 97.4405 2.01143
379 89.9165 57.1891 1.33066
380 4.61031 97.5525 2.20144
381 53.7999 60.6797 1.39214
382 7.10171 23.4958 2.34244
383 64.7145 81.0429 2.60781
384 6.29262 14.5034 1.97288
385 62.419 86.1837 2.64823
386 19.1538 51.7838 -2.43185
387 87.2244 39.8025 2.12779
388 14.8743 4.69096 2.5952
389 85.5694 91.4846 2.08893
390 83.4605 19.3779 2.00176
391 90.7026 16.9352 2.37329
392 86.8709 90.2827 2.14193
393 13.6061 8.83894 2.7196
394 6.06523 23.3848 2.50279
395 93.0562 15.5133 2.82503
396 1.07901 35.1044 1.71688
397 94.328 16.3375 2.01516
398 96.3181 52.5685 1.64192
399 77.5686 7.00675 1.6243
400 81.9641 6.83288 2.11162
401 57.5438 56.8551 1.55046
402 89.0328 75.6874 2.25942
403 6.4847 21.2991 1.87835
404 96.44 97.6779 2.59482
405 68.0227 84.7945 2.78367
406 72.1773 76.9971 2.61032
407 10.2429 26.6015 1.89036
408 88.6103 0.876141 2.00854
409 92.6462 53.0698 1.51834
410 81.5335 6.82823 2.31497
411 96.9979 23.2751 2.0813
412 5.70191 92.6875 2.60409
413 86.1903 15.3607 2.43766
414 13.7466 10.3117 2.77711
415 66.7983 79.3947 1.94323
416 10.6526 19.5531 2.51213
417 83.1112 7.44775 2.21418
418 98.3453 25.9214 2.6209
419 61.901 79.1216 2.54943
420 83.3545 86.8475 2.45178
421 96.7111 24.2931 2.55474
422 86.6341 7.94254 1.79378
423 49.0596 33.6652 -0.503797
424 0.435787 33.7145 2.01819
425 1.63837 13.3873 1.96427
426 11.3221 47.581 0.682742
427 98.0963 29.016 1.8282
428 99.1892 99.6869 2.0013
429 7.01805 1.07295 2.61576
430 88.2831 36.6158 1.89046
431 14.2864 18.697 2.6197
432 91.4821 26.8572 2.56274
433 97.4491 49.6672 0.865515
434 90.0491 89.2813 2.86751
435 56.6457 91.2326 1.74025
436 92.4357 34.4205 2.75354
437 77.2279 68.3395 2.43744
438 89.9302 59.348 1.26609
439 92.8022 55.4245 1.47853
440 6.844 94.2587 2.24948
441 71.2674 76.5011 2.27212
442 1.02551 20.9209 2.53246
443 55.3781 63.0181 1.2538
444 8.87937 13.5999 2.74892
445 67.9386 83.5416 1.87121
446 62.0298 86.7945 1.92278
447 77.3983 91.7867 2.17591
448 98.9981 16.8213 2.32743
449 17.1988 56.3955 -2.28094
450 87.9345 18.3092 2.69545
451 89.1932 77.7224 1.94027
452 3.26985 35.7831 2.15396
453 4.18884 94.1319 2.35707
454 8.67976 34.0771 2.40744
455 66.0032 80.6813 2.43518
456 79.2252 1.71719 2.59387
457 90.3154 7.4121 1.69619
458 93.0836 5.63918 2.11789
459 71.2061 72.4213 1.81584
460 86.8203 87.8922 1.98641
461 27.8711 67.9763 3.03961
462 10.2233 12.2213 1.79738
463 95.3708 15.1227 1.83869
464 35.1885 5.01072 2.95639
465 88.9254 17.2008 2.45318
466 12.0874 6.48388 2.63996
467 89.9259 54.5666 1.72189
468 78.0821 77.6736 1.52134
469 89.1486 33.098 1.79458
470 92.1884 40.4256 2.29108
471 93.7713 96.5622 2.13482
472 9.47897 11.8008 2.17226
473 10.7202 20.2809 1.89329
474 56.0347 62.5332 1.55584
475 73.6716 78.8596 2.6781
476 69.2639 75.8052 2.62785
477 10.7337 5.17859 2.80587
478 88.7592 29.3669 2.73807
479 61.1259 80.5939 2.00609
480 82.4147 93.9723 2.05297
481 85.6248 48.4321 1.67559
482 92.4789 80.3354 2.5018
483 86.2676 18.4275 2.33483
484 81.5524 90.721 2.17818
485 9.6818 48.0035 1.60221
486 10.3266 100.299 1.99511
487 8.59102 3.23005 2.59866
488 79.2969 9.90061 2.3016
489 59.5728 79.0573 1.93959
490 64.1792 83.4905 2.54216
491 0.306496 96.3643 2.55598
492 11.6842 16.9054 2.49807
493 3.65365 5.06516 2.60366
494 94.5645 81.577 2.42582
495 85.1785 91.9054 2.40852
496 2.07636 23.7193 2.33608
497 96.2066 25.2112 2.1296
498 9.55931 98.4338 2.36505
499 93.2483 59.9468 0.802371
