500
Particles
0 54.5703 67.4168 2.03005
1 27.426 68.3999 1.39282
2 21.7279 75.6009 2.00723
3 50.2016 89.6165 -1.56832
4 22.6341 50.3186 1.36096
5 26.0129 86.5191 2.35163
6 46.5243 64.2173 1.12303
7 24.4478 15.7619 1.03503
8 41.0816 87.258 -2.16863
9 43.0117 94.7583 -2.77687
10 35.6038 89.1137 2.12045
11 17.8591 10.9407 1.28617
12 51.0719 95.1207 -1.78786
13 73.3871 71.7012 -0.493468
14 24.3422 52.5375 1.71877
15 39.4991 19.9466 -2.82565
16 42.5738 2.94712 -2.94246
17 23.1549 42.7444 2.37407
18 30.577 65.6919 1.54131
19 96.6886 91.3696 2.43659
20 50.8921 88.405 -1.93911
21 44.3066 63.6729 1.33646
22 28.4761 94.0246 1.95373
23 28.7569 47.6845 1.59894
24 86.5868 17.8525 -2.83864
25 20.9789 90.9808 2.17651
26 27.5549 86.225 1.86418
27 17.9739 3.43981 1.39241
28 54.2045 70.3017 1.1751
29 26.6674 45.1152 2.23337
30 23.843 79.1734 1.22932
31 25.0014 96.591 2.28057
32 48.6598 83.7654 -1.6024
33 24.5943 74.4971 1.62644
34 27.7371 93.7902 2.49746
35 41.456 81.2088 1.64674
36 15.3174 14.6185 1.02821
37 44.536 70.3227 1.06422
38 9.23147 84.6565 2.16532
39 22.3432 48.3853 2.03181
40 30.2922 91.2565 2.40269
41 76.1906 77.1697 0.534409
42 36.9 94.2103 -2.72653
43 88.0769 10.0954 2.12336
44 29.252 73.1282 1.80724
45 40.7506 1.10344 -3.04032
46 29.0657 98.6828 3.21588
47 -0.0338304 19.1 2.87078
48 31.6173 93.7241 2.82381
49 22.5731 85.9781 1.94126
50 47.177 89.8614 -1.68601
51 31.2765 -0.407249 -2.04666
52 85.5742 15.6514 -3.31055
53 15.914 13.6085 0.991402
54 31.1358 53.3943 1.38705
55 13.0751 94.4856 1.83376
56 32.7409 55.3471 2.15701
57 35.2507 86.5867 2.23713
58 30.9452 58.7529 1.92226
59 18.2566 88.8275 2.28968
60 37.4053 74.0264 1.7376
61 35.2885 93.2274 2.3777
62 39.218 83.4449 1.35527
63 25.0186 63.854 1.51424
64 40.2895 70.2194 1.65332
65 10.4566 96.1611 1.7912
66 39.8369 77.3155 1.30999
67 41.5154 79.2445 1.80409
68 7.95735 93.3316 1.86231
69 38.7536 83.9678 2.01122
70 44.0191 67.2646 1.43202
71 24.9648 91.1382 2.18519
72 38.4444 72.5757 1.12989
73 49.4995 69.0764 1.04872
74 32.1442 85.1175 1.98315
75 60.0754 38.1854 -1.52307
76 35.1218 85.0655 2.38269
77 43.3008 67.2012 1.08723
78 23.8808 79.3962 1.57253
79 31.2628 61.1674 1.39721
80 30.8374 87.8872 2.77362
81 39.2805 76.4354 1.31093
82 99.379 88.5392 2.27356
83 26.7676 58.0819 1.77787
84 21.0303 96.1598 2.59015
85 29.2431 87.7176 2.67589
86 32.26 88.9128 2.18484
87 2.3381 89.4247 2.81149
88 95.9015 90.6257 2.42766
89 30.2879 86.3163 1.98268
90 59.9636 34.3652 -0.687629
91 23.223 97.035 2.39807
92 3.08721 88.7202 2.4537
93 29.0058 55.345 1.99079
94 32.7724 91.8315 2.28199
95 50.7752 74.2328 0.966556
96 40.5683 67.6777 1.25943
97 45.9098 71.6304 1.1538
98 29.0335 85.7892 2.19306
99 55.311 80.7481 -1.00921
100 86.925 15.6308 2.62974
101 34.4053 66.6861 1.47395
102 37.1868 91.9788 3.38848
103 26.5231 90.0751 1.99894
104 32.3619 95.328 2.79243
105 57.267 34.1913 -1.05565
106 33.4717 55.846 1.66657
107 53.9836 69.6496 1.31626
108 31.9398 99.2015 3.06419
109 35.0035 58.3336 2.00216
110 73.3627 91.9315 -0.0696174
111 46.5326 69.3528 1.56995
112 50.7984 86.9996 -1.23708
113 48.6275 64.0617 1.94021
114 42.582 31.3454 -1.74179
115 44.6459 77.212 0.943532
116 30.9785 80.1992 2.12113
117 20.8856 93.1103 2.04998
118 49.9561 93.066 -2.05315
119 29.7833 54.0643 1.76854
120 21.8159 90.7833 2.0085
121 42.8961 87.471 -2.31892
122 31.7441 92.3891 2.017
123 28.4215 65.3408 1.98556
124 68.517 72.538 -0.238228
125 11.2931 94.0577 1.76498
126 30.957 11.198 -0.187286
127 71.7338 74.8851 0.00408466
128 86.4846 18.8171 -3.53967
129 54.3539 63.9368 1.06475
130 55.6321 74.587 1.57813
131 34.348 89.1163 2.56478
132 1.22939 51.4724 -0.744898
133 1.67198 58.0204 -0.995092
134 22.7893 84.7239 2.0508
135 48.815 68.5504 1.63706
136 30.1151 83.7348 2.28466
137 46.6749 68.715 1.27299
138 34.1088 91.4083 3.02245
139 25.8037 92.6089 2.63557
140 38.4044 92.7561 -2.89719
141 12.7485 95.6668 1.72213
142 29.9983 58.227 1.49616
143 42.4078 0.895539 -2.80713
144 42.9181 72.171 1.20267
145 53.5499 65.9937 1.95189
146 55.8531 72.2516 1.79797
147 20.3417 73.1736 1.77192
148 55.12 73.8695 0.963715
149 38.3877 76.7621 1.74948
150 37.9486 93.1062 -2.53995
151 47.7645 78.0859 0.844428
152 33.7148 85.5167 1.95912
153 31.2845 96.8393 2.27649
154 42.7919 1.82929 -3.00811
155 2.70786 58.3154 -0.721545
156 44.1814 88.9753 -2.22344
157 35.4944 2.72036 -2.55798
158 26.0528 87.4204 1.77075
159 36.0327 17.991 -3.08352
160 23.5728 77.8721 2.02994
161 32.3152 13.7323 -0.515883
162 45.742 92.6459 -2.15346
163 8.91222 91.9595 2.21277
164 70.0345 61.4915 0.368862
165 41.3882 80.7048 1.16731
166 5.30323 92.2598 2.84194
167 49.5928 71.4331 1.96803
168 32.2355 64.7966 2.14886
169 90.9597 13.9003 2.63768
170 22.9157 71.1019 1.14877
171 45.8627 63.9731 1.69218
172 53.1528 67.1226 1.47998
173 38.9975 92.7389 -2.71028
174 24.6252 85.0044 2.09375
175 24.4897 0.500612 3.29771
176 38.6745 21.0151 -2.85819
177 27.9324 90.5788 1.79632
178 90.3502 14.7024 3.25283
179 54.3469 69.7035 1.31695
180 48.6262 65.6154 1.67175
181 43.2337 95.0675 -2.39251
182 33.8813 55.8703 2.21173
183 61.0179 84.6605 -1.76301
184 6.46958 88.8167 2.39443
185 98.7635 59.3688 -1.00619
186 32.4645 92.3202 2.48679
187 49.9328 87.711 -1.79838
188 24.6241 58.8576 1.75741
189 24.8756 79.3379 2.17101
190 23.1925 84.3083 1.65373
191 42.6676 73.8661 1.2291
192 31.5848 86.6718 2.61372
193 27.1665 96.9805 2.30983
194 28.9446 86.081 2.05062
195 42.6316 65.7897 1.94908
196 23.4928 86.739 1.54492
197 32.9015 89.2807 2.44957
198 2.15906 88.7296 2.3587
199 24.8077 86.2306 2.0896
200 46.6622 67.073 1.66434
201 21.8484 45.7648 2.10371
202 84.8867 16.9113 -3.02014
203 32.7712 16.2024 -1.39567
204 26.4724 85.1156 2.20634
205 51.2064 69.5495 1.10006
206 29.6298 90.9082 2.45728
207 19.3074 90.9908 2.09783
208 10.7077 90.71 1.76169
209 53.0218 89.7106 -1.35905
210 35.464 69.6439 1.67914
211 29.9328 91.3265 2.82729
212 1.34144 53.6203 -0.7815
213 51.4101 79.3492 0.620058
214 25.3575 59.9421 1.41685
215 51.1782 65.6978 2.10013
216 39.308 4.67978 -2.92318
217 46.24 63.1325 1.49406
218 33.9048 5.80691 -2.63891
219 24.7235 42.4436 1.92592
220 48.6789 69.8322 1.04236
221 32.8999 3.63553 -2.11779
222 42.7651 70.952 0.835411
223 57.5013 40.0983 -1.34646
224 50.646 87.642 -1.64135
225 19.5301 11.4914 1.16615
226 41.2662 94.9179 -2.36978
227 32.6582 93.5534 2.93382
228 33.6391 88.178 2.70525
229 38.3025 96.2211 -2.95349
230 74.1459 74.1593 -0.262185
231 38.8786 71.2794 1.41187
232 23.3738 96.8381 2.32409
233 26.0953 91.5264 1.86924
234 22.3331 87.5497 2.39148
235 33.0331 52.8679 1.60704
236 39.9833 90.5908 -2.37138
237 26.3141 78.2711 1.49091
238 28.9522 51.3486 1.70052
239 23.3487 54.2699 2.26433
240 49.0962 95.2558 -1.68458
241 33.5026 75.3825 1.9429
242 34.0414 99.7032 -2.56451
243 47.863 66.2202 1.67067
244 31.7598 12.8963 -0.0505295
245 32.0595 0.552227 -2.3204
246 34.4504 91.0636 2.76102
247 71.0206 78.0408 0.396698
248 27.5447 56.7619 2.22575
249 28.6521 82.1743 1.65233
250 13.7139 5.82382 1.72214
251 21.7453 78.8961 1.32092
252 22.8431 14.3607 1.43233
253 85.815 13.5121 2.9017
254 34.0936 88.5499 2.22196
255 39.6735 77.4706 1.01103
256 35.2854 98.4159 -3.00768
257 34.361 91.2325 2.85042
258 42.8943 90.5636 -2.38883
259 36.4477 55.2913 1.39869
260 25.6777 85.1542 1.65801
261 29.8014 57.4495 1.5216
262 39.9929 97.1461 -2.29655
263 23.7222 95.4215 2.63361
264 24.0347 74.9112 1.93183
265 31.6719 88.0436 1.94944
266 28.0392 88.9604 1.9473
267 39.9283 69.6715 1.82224
268 25.631 94.7096 2.75688
269 14.9611 5.09071 1.4263
270 31.0366 58.4436 1.827
271 33.8519 55.1812 1.82933
272 50.5982 80.1518 -0.502044
273 22.9157 88.4784 1.52647
274 26.5387 93.308 2.47379
275 36.0662 92.83 3.11253
276 27.1148 85.8002 2.3305
277 52.5497 68.4896 1.31376
278 26.2558 69.1334 1.11999
279 34.1875 2.49204 -2.80446
280 30.2207 56.7058 1.40695
281 34.1091 92.8801 2.93284
282 29.1108 53.7832 1.91683
283 45.3243 77.0266 1.3651
284 32.6361 78.3169 1.84438
285 46.1333 67.5475 1.0966
286 70.4906 77.0653 -0.0995108
287 31.6095 91.3338 2.35045
288 57.5256 84.3136 -1.07956
289 27.6895 73.1915 1.32864
290 28.5868 95.3714 2.19224
291 29.1484 69.8281 1.96134
292 91.1204 11.5579 2.5731
293 25.5246 93.9216 1.8554
294 30.531 51.4712 1.42895
295 26.6735 12.0473 0.948098
296 8.80824 89.2602 2.061
297 40.3697 95.5066 -2.9579
298 31.594 71.6781 1.56335
299 46.4746 71.9261 1.75038
300 29.5967 89.6787 2.40639
301 39.9913 74.7106 1.42196
302 12.0313 82.0017 2.45694
303 33.533 92.826 2.60047
304 26.2716 65.9361 1.42229
305 24.5767 80.6224 1.47017
306 18.693 12.2251 1.09386
307 23.6573 77.0775 1.38259
308 31.1749 57.8252 2.26401
309 23.9399 92.5354 1.70968
310 20.0171 11.1961 0.656477
311 77.9448 72.7527 0.566484
312 31.2258 1.67256 -2.78474
313 49.0404 78.5383 1.48846
314 33.4721 18.0846 -1.998
315 32.1207 94.9411 2.82059
316 48.9046 66.6507 1.5394
317 31.3339 60.8472 1.3978
318 50.6742 96.181 -2.25011
319 43.3002 72.732 1.01276
320 45.7805 69.4258 1.80875
321 23.4641 41.9251 2.41253
322 47.9493 67.7924 1.18418
323 29.9457 61.4309 1.69012
324 29.5171 78.33 1.51068
325 38.7105 96.5894 -2.89072
326 34.2047 88.8274 2.74635
327 28.2202 90.4353 2.75214
328 6.29872 89.5096 2.53446
329 52.0614 83.9352 -1.4073
330 48.5656 76.6933 0.710853
331 99.135 53.8837 -2.2091
332 51.6881 83.6324 -1.16671
333 96.9716 87.613 2.23496
334 24.1098 50.3643 2.03909
335 44.7294 72.0038 0.859711
336 47.3643 69.4637 1.88956
337 25.2408 52.7922 1.47994
338 36.7564 95.7739 -2.50475
339 32.6714 91.3313 2.34688
340 38.8714 65.5959 1.40255
341 24.7504 58.3635 1.46115
342 35.0593 66.1646 1.64136
343 37.2732 2.25701 -2.29508
344 35.4925 91.9443 2.97271
345 89.8657 9.00857 2.44722
346 77.7486 77.3267 -0.320688
347 26.4033 86.7664 1.95556
348 23.7727 58.1608 1.77
349 23.3525 81.1563 2.21993
350 33.2803 99.2828 -3.46902
351 43.5466 89.8236 -1.79972
352 28.2995 69.6201 1.60017
353 60.3162 36.8552 -1.14957
354 30.7877 87.3253 1.94777
355 37.4132 88.5055 3.26593
356 54.8901 81.9524 -0.71116
357 5.86039 61.4069 -0.559074
358 32.5845 60.3049 1.74504
359 22.3417 92.5507 1.93091
360 36.1746 13.5175 -1.83772
361 20.148 85.8459 1.65315
362 41.7898 67.3466 1.30757
363 32.8367 87.7697 2.04129
364 24.1674 75.0864 1.8594
365 28.1149 98.2938 2.70102
366 47.6277 66.0772 1.75155
367 50.5391 70.3372 1.47174
368 55.4732 71.439 1.78819
369 89.8786 6.01876 2.00727
370 54.3272 98.2414 -1.44608
371 40.0208 77.2874 1.73332
372 32.2244 51.562 2.18485
373 48.0581 67.8379 1.25105
374 23.7235 77.3838 1.57795
375 26.1291 99.11 2.03393
376 36.333 58.0424 1.75728
377 48.1716 75.0011 0.84302
378 28.8509 0.555591 -2.71691
379 48.1754 72.3912 1.34387
380 37.2724 95.1436 -3.17283
381 29.6142 84.7705 2.54747
382 43.4188 64.2503 1.08329
383 94.1595 23.7253 2.65242
384 22.2163 94.7974 1.88426
385 22.1803 10.7926 1.5617
386 15.0186 14.4408 0.758812
387 26.4736 89.5121 2.20386
388 40.2688 96.9395 -2.1742
389 18.7999 88.3951 1.96823
390 32.3026 69.4585 1.5405
391 30.3043 57.0575 1.58484
392 5.64324 79.6274 2.12247
393 36.1498 99.6334 -2.35756
394 44.3713 66.8179 1.54003
395 33.7522 61.8397 1.57376
396 24.9695 40.6983 2.29008
397 44.2611 77.6008 1.40248
398 51.84 80.3667 -0.205138
399 37.4027 79.4041 1.80462
400 25.0578 53.7751 2.03532
401 6.63052 92.2925 2.35567
402 31.8877 88.7392 2.24585
403 41.149 64.093 1.565
404 29.7377 90.9792 2.68712
405 26.2583 69.4769 1.83945
406 71.368 74.1385 0.193081
407 44.5799 65.9072 1.6625
408 50.6699 66.3122 1.70603
409 50.2201 68.997 1.55293
410 24.0329 53.9306 2.33184
411 43.7286 30.1062 -1.73027
412 39.2752 85.8396 2.78765
413 29.1844 56.8067 1.30474
414 34.7364 97.4908 -3.3297
415 89.4982 11.4392 2.69129
416 9.19889 88.2096 2.53091
417 26.8514 56.4096 2.17903
418 37.7284 70.4931 1.68159
419 97.5175 22.31 2.49494
420 22.8434 91.5241 1.95845
421 32.5004 67.0577 2.22195
422 31.4758 56.7604 1.734
423 47.2563 67.6939 1.41423
424 37.7585 20.4969 -2.89872
425 45.9345 62.6937 1.72754
426 47.3998 74.3544 1.56865
427 19.3061 78.4498 2.15807
428 33.1077 97.0538 3.4919
429 38.1542 96.3375 -2.52548
430 32.3503 12.8095 -0.713333
431 27.7041 99.6867 3.22703
432 46.1905 87.7057 -1.84062
433 50.2697 74.9197 1.42567
434 28.8457 92.9374 2.44268
435 21.4606 73.2915 1.87551
436 42.6001 96.7058 -2.604
437 26.5818 90.785 2.25933
438 22.5853 46.006 1.98246
439 49.8066 70.9157 1.3652
440 33.8025 82.3377 2.17351
441 69.2847 70.0551 -0.191517
442 44.0684 67.4452 1.03638
443 29.536 88.1562 2.04377
444 31.1417 99.2784 3.49398
445 22.3642 83.4037 2.16953
446 71.9662 70.322 -0.512414
447 74.4997 77.4688 0.181403
448 40.0234 25.0225 -2.83197
449 31.7729 77.9339 1.48918
450 30.0641 59.9112 1.76585
451 30.7356 87.6525 2.73842
452 21.6766 79.8162 1.91267
453 38.7099 94.2202 -2.36128
454 54.0929 65.0956 1.99489
455 0.525678 92.7423 1.99554
456 20.8783 51.9445 1.68017
457 32.5417 51.953 1.83592
458 47.7601 93.1139 -2.29253
459 19.1817 0.627083 1.91935
460 22.7387 86.2751 2.16627
461 58.7712 34.0174 -1.53295
462 32.8478 0.0724338 -2.91061
463 34.3898 57.308 1.75635
464 35.3875 5.91145 -3.07118
465 29.8771 60.0713 1.90197
466 37.9534 99.236 -2.60727
467 47.0711 68.5301 1.70734
468 19.0874 88.9792 1.63391
469 42.9423 92.5304 -1.9868
470 28.4223 66.8384 1.80402
471 33.5508 -0.0725123 -2.31999
472 32.45 1.31603 -2.60345
473 50.6665 66.8656 2.0617
474 39.5152 21.13 -3.047
475 73.2523 73.8351 0.146201
476 3.84777 60.7786 -1.05886
477 31.9507 89.1286 2.00611
478 23.2535 98.6629 2.47363
479 93.2745 9.34272 1.89937
480 32.1186 50.5497 1.46455
481 9.49906 88.9362 1.74819
482 30.9552 85.7976 2.14801
483 30.4298 62.8955 2.07667
484 4.07389 85.1511 2.11853
485 11.8142 80.9461 2.5512
486 40.6773 92.2559 -3.03761
487 38.8827 4.78422 -2.7427
488 40.0262 81.8486 1.95772
489 5.27405 92.3813 2.14011
490 24.3194 14.2932 0.912818
491 34.8516 91.0024 2.93804
492 31.5453 99.1081 -3.03861
493 30.9559 94.1532 2.74172
494 34.2437 90.6604 3.04882
495 23.3677 92.1993 2.14508
496 42.5762 73.6454 1.11509
497 38.2554 17.4935 -2.50659
498 40.1649 95.3472 -2.16687
499 17.2654 98.6045 2.01113
