500
Particles
0 72.698 1.14521 0.969027
1 8.20921 3.93696 2.36746
2 88.9494 94.6539 -2.97132
3 58.7279 16.1903 1.28192
4 10.5896 88.4517 2.04893
5 89.6879 5.43828 2.44868
6 53.1673 4.58104 1.12693
7 39.4134 50.135 -0.408908
8 9.53118 11.4472 2.23334
9 9.16448 13.4433 2.90532
10 98.9525 8.1549 2.63683
11 22.7768 50.2812 1.23001
12 53.0291 18.0019 2.10432
13 9.26782 78.6129 0.918492
14 10.746 90.0159 2.11063
15 19.3896 27.5123 1.79427
16 5.76949 14.2384 2.94405
17 0.697318 52.0409 -1.02517
18 14.8137 2.41634 2.49111
19 72.2312 13.5337 2.2217
20 57.743 17.2826 2.04252
21 46.0021 4.91338 1.30579
22 93.1121 15.5386 2.95987
23 14.1283 84.2905 1.94547
24 60.3377 20.5897 1.23378
25 86.205 10.9155 2.48306
26 89.9811 2.8519 2.96004
27 14.9947 41.6279 1.82929
28 71.3579 5.47859 1.35819
29 14.8448 78.8161 1.73831
30 90.567 99.5917 2.95088
31 89.2387 15.7481 2.99884
32 57.9023 15.2838 1.83034
33 91.3327 92.3244 -3.3672
34 91.855 13.8267 2.49308
35 14.6477 12.1587 1.89734
36 16.9841 53.9254 0.793917
37 53.4286 10.5066 1.06464
38 80.9421 8.94585 2.63462
39 11.7337 85.7497 1.73879
40 94.3233 11.9298 2.68529
41 9.55246 85.6269 1.40359
42 1.04728 13.987 2.9966
43 59.966 16.9873 1.83468
44 7.70052 6.56486 2.2696
45 2.6628 12.7925 2.45289
46 91.3445 15.1867 2.23386
47 97.0939 26.419 3.35968
48 95.356 12.8277 2.30396
49 87.7841 7.04284 2.70393
50 22.279 14.2649 1.76932
51 95.232 18.4651 2.09977
52 56.7632 19.172 1.34508
53 17.4239 52.3059 1.0652
54 14.4565 89.6727 2.67056
55 83.7052 19.9868 3.01081
56 17.1992 92.3786 2.32242
57 98.1163 4.1237 2.39286
58 14.7395 96.0271 2.3421
59 84.2827 10.7552 2.14197
60 19.829 9.07196 1.96555
61 99.5646 12.6522 2.428
62 7.38862 8.62599 2.6193
63 6.07523 99.0073 2.00414
64 49.5746 9.00658 1.40458
65 82.8326 23.1876 2.07616
66 17.6905 10.8097 2.14442
67 18.7185 11.9191 2.6368
68 80.423 19.2023 2.80364
69 4.70524 7.11705 2.54792
70 52.3672 7.58615 1.08112
71 90.5909 12.4859 2.63409
72 18.3236 6.66577 2.37524
73 55.842 9.77245 1.16006
74 96.4305 5.10018 2.45497
75 62.2728 24.7605 1.35159
76 99.3686 5.0845 2.48541
77 51.5868 7.59882 1.03155
78 90.6223 1.03885 2.10661
79 18.0598 99.2971 2.55278
80 95.8699 9.8684 2.58695
81 17.1352 10.4414 2.42648
82 75.6728 12.1066 2.07986
83 11.1843 94.8279 2.43843
84 88.1725 19.3214 2.97415
85 94.254 8.77809 2.89683
86 96.1597 8.68105 2.37106
87 76.1362 11.2947 2.16909
88 72.2722 13.927 1.88731
89 94.6626 6.72516 2.59232
90 57.0557 20.8127 1.95882
91 86.2773 14.1645 2.20543
92 76.3279 10.494 1.74475
93 12.8028 92.1799 2.52747
94 96.3761 10.441 2.37264
95 59.4741 11.5497 1.68674
96 46.1112 7.8615 0.974095
97 55.0113 11.332 1.92207
98 93.5324 5.27316 2.2259
99 73.1333 8.59321 1.58167
100 59.4571 19.6214 1.36009
101 16.7646 3.27461 2.60052
102 99.4784 9.21395 2.93663
103 90.1459 9.33995 2.56655
104 95.8226 14.0677 2.92005
105 54.9725 22.1978 2.30521
106 15.2845 91.4417 2.42126
107 71.4481 3.83317 1.58289
108 94.8452 16.2274 2.29823
109 20.2202 95.8495 1.96725
110 74.1425 63.2054 -0.75615
111 54.84 9.38296 1.11362
112 57.2314 15.9872 1.92911
113 57.8886 3.58859 1.81863
114 46.7607 13.8056 1.91681
115 52.4436 17.0571 1.82523
116 97.6315 3.50924 2.39308
117 86.7463 13.628 2.25236
118 53.9234 17.7707 1.27235
119 14.5102 91.5519 1.76905
120 87.3423 11.1674 2.4733
121 12.5597 12.1991 2.84889
122 95.3967 12.1132 2.49556
123 11.9992 1.52167 2.68797
124 5.93502 74.8357 1.39462
125 82.7461 18.7308 2.40232
126 2.93247 20.1481 2.22022
127 7.75411 81.3095 1.37456
128 59.8481 20.8938 1.58367
129 73.0077 97.0044 0.224974
130 74.4323 6.47405 1.98734
131 97.9079 7.69671 2.71448
132 90.6728 23.2971 2.51641
133 90.3862 26.2314 2.52737
134 88.5584 6.68761 2.52069
135 57.1871 8.19598 2.13577
136 95.7848 5.58925 2.78268
137 53.0676 9.16683 1.6793
138 98.3967 11.698 2.51703
139 89.7291 11.4755 2.47769
140 1.17608 9.88792 2.39579
141 84.6671 21.3397 2.42985
142 15.0053 95.4893 2.62807
143 5.59328 14.5505 2.54823
144 51.4091 12.5707 1.39616
145 70.7132 98.4838 -0.458758
146 74.7774 4.78611 1.74436
147 88.6251 91.0104 -2.54207
148 64.6997 9.6501 2.16995
149 16.7058 9.26753 2.76411
150 2.39551 12.6581 2.27967
151 58.5641 13.8994 1.4575
152 97.4473 5.08238 2.56315
153 94.1506 15.1383 2.12251
154 4.92728 13.0763 2.93527
155 92.3069 27.7254 2.72228
156 13.8726 12.2358 2.48329
157 99.6596 19.2629 1.93769
158 88.8917 4.11842 2.15544
159 7.77073 21.2965 2.92077
160 90.9979 96.3418 2.7906
161 3.20074 17.4408 2.53593
162 17.8955 15.0121 2.53256
163 80.0925 16.1358 2.38383
164 60.578 42.0668 2.4785
165 14.5319 10.5336 2.67079
166 76.3444 14.5127 2.20736
167 58.389 11.7088 1.30795
168 16.3882 1.36579 2.56306
169 63.3968 18.3883 1.68728
170 3.20943 93.8547 0.704863
171 52.9855 4.29324 1.13833
172 69.0344 1.83063 0.826565
173 3.14507 10.7896 3.19487
174 89.2353 4.43915 2.58988
175 88.8432 19.9573 2.26647
176 15.5956 28.3984 2.38584
177 91.9916 10.5538 2.13809
178 62.3356 19.5288 1.4729
179 70.9385 5.68224 1.65536
180 57.5055 4.80403 1.50678
181 8.56776 13.9741 2.55232
182 18.5412 92.9102 2.47391
183 78.599 4.06646 2.17824
184 79.9103 12.4537 2.67581
185 88.1238 27.1606 2.80725
186 97.2397 13.715 2.60378
187 59.1965 15.2872 1.43482
188 9.68682 96.237 2.20678
189 91.0003 96.2069 3.50166
190 88.7443 3.9402 2.51036
191 52.0096 13.4242 2.0547
192 94.7581 4.50562 2.42904
193 91.5055 17.3591 2.2181
194 93.0526 6.40121 2.54085
195 49.8351 6.08553 1.68368
196 89.6533 8.44619 2.48523
197 96.6341 8.78635 2.45074
198 75.6402 10.4117 2.00971
199 90.115 7.05337 2.0945
200 54.3723 7.29125 1.25814
201 12.1916 77.3096 0.997736
202 57.8191 20.2339 1.80032
203 7.01244 22.0863 2.35021
204 91.1167 3.87405 2.48237
205 58.5113 9.68536 1.55209
206 93.6064 10.2919 2.25653
207 86.2356 13.2893 2.21922
208 82.2677 15.4821 2.89505
209 56.388 17.1029 1.85985
210 19.3313 6.74203 2.22493
211 95.5175 13.418 2.21896
212 88.5537 23.5021 2.49764
213 61.4734 12.2115 1.63394
214 8.66014 96.7495 2.48704
215 64.8284 3.15109 0.701468
216 2.36064 16.0012 2.81084
217 49.7132 4.20186 1.70266
218 98.493 22.8271 2.31731
219 3.21283 51.5703 -1.84064
220 56.3738 10.0682 1.51485
221 95.835 18.3886 2.65364
222 53.9439 10.627 1.90394
223 54.2687 25.8173 1.88515
224 59.0023 16.6268 1.67051
225 23.221 50.5196 0.72696
226 6.12803 12.6546 2.41256
227 96.3734 13.0684 2.20655
228 97.8763 8.95534 2.69708
229 0.537983 11.8189 2.98737
230 10.2591 80.4005 1.12183
231 23.5189 7.63758 2.37892
232 87.8197 16.6438 2.81093
233 91.178 12.8548 2.61139
234 88.9661 10.3636 2.04107
235 15.8568 89.2775 2.33051
236 5.82959 11.0878 2.88862
237 92.063 95.3827 -2.75909
238 16.1273 89.462 2.52937
239 10.9948 91.7368 1.85001
240 50.0345 13.6838 1.64452
241 9.0505 8.0908 2.19009
242 96.2097 15.3107 2.54829
243 56.8459 6.39793 1.28921
244 5.54988 18.5102 2.41314
245 95.7255 17.2684 2.61249
246 98.4914 11.02 2.33937
247 3.43238 86.2188 1.98874
248 13.1433 93.7486 1.87616
249 94.7967 3.82943 2.96988
250 11.3488 44.6444 1.68399
251 87.4785 96.7334 2.99129
252 37.1327 49.4911 -0.154003
253 57.5948 18.4236 1.47989
254 98.3863 9.09347 2.21906
255 16.9579 9.73173 1.9975
256 98.524 15.601 1.95143
257 97.4766 9.70716 2.65105
258 11.1387 12.4052 2.25543
259 17.7788 91.2638 1.94799
260 91.7933 6.57787 2.80309
261 15.9744 94.6457 2.05021
262 2.43574 12.9694 2.98552
263 88.92 16.6842 2.99705
264 90.9684 91.5642 -3.25408
265 94.9679 5.81163 2.86838
266 93.1605 9.69993 2.0591
267 47.9504 10.0791 1.17544
268 89.6981 13.9057 2.17539
269 14.9592 44.7405 1.4899
270 16.8545 95.9904 2.66187
271 19.084 92.1658 1.94152
272 61.2039 12.4013 1.18955
273 88.8327 9.29389 2.92482
274 90.8567 13.3173 2.37132
275 98.3879 9.79419 2.26318
276 92.5023 7.3397 2.50137
277 66.3084 6.24054 1.32756
278 4.41441 2.16585 2.25695
279 98.0266 18.2868 2.25559
280 15.9351 94.1791 1.8382
281 97.1249 11.3436 2.38946
282 15.3125 91.1761 2.32262
283 54.0387 16.0739 2.03702
284 3.124 5.23134 2.63647
285 54.1819 7.75114 1.06825
286 5.29436 84.5129 1.01203
287 96.5943 12.4254 2.55655
288 67.4462 13.1815 1.88454
289 3.63219 5.21116 2.56645
290 92.262 14.226 2.49645
291 9.96691 4.64667 2.16804
292 63.3406 17.5598 1.89577
293 89.5104 13.2169 2.47895
294 15.7721 88.9598 1.89149
295 2.83421 25.2666 2.61654
296 81.9318 14.0923 2.62112
297 4.06979 13.7742 2.96872
298 11.638 6.34734 2.13981
299 55.4903 11.8262 1.55442
300 93.6765 9.59102 2.73508
301 19.0897 8.3501 1.92987
302 84.3546 8.43923 2.41426
303 97.6259 12.0019 2.06902
304 6.19386 0.98257 2.49986
305 89.7935 97.1483 3.36548
306 22.2256 50.9699 0.318661
307 91.0262 95.4223 -3.28385
308 16.3777 95.6439 2.05407
309 90.5659 16.5612 2.33585
310 24.7427 50.6168 0.663713
311 12.3839 82.6058 1.21542
312 94.2949 16.2334 2.91281
313 59.0046 13.4987 1.55616
314 7.30885 24.0239 2.87511
315 95.6412 13.4001 2.29993
316 57.446 5.79117 1.97067
317 17.0106 98.6 1.87984
318 52.9056 19.2727 1.53449
319 52.8349 12.5194 1.75463
320 53.4402 9.68655 1.88411
321 3.10736 49.6681 -0.917156
322 57.4364 7.45551 1.83393
323 16.3033 98.6542 2.48391
324 96.3804 99.436 2.79041
325 2.28641 14.9325 3.14422
326 97.0881 6.42738 2.45773
327 93.2811 11.5694 2.24774
328 78.9034 13.4783 2.66306
329 62.3168 13.2645 1.58208
330 59.6553 12.4929 1.25154
331 83.8406 64.3504 2.19991
332 59.9913 13.741 2.08578
333 73.6933 9.89029 1.68012
334 10.8754 88.1402 2.62412
335 51.4396 12.4961 1.63652
336 56.5 8.73059 1.70998
337 11.3378 90.2293 2.13688
338 0.288449 14.3306 2.42286
339 96.9403 11.6734 2.18755
340 44.3548 6.11761 1.64119
341 11.8143 96.1767 2.62749
342 16.4179 1.91381 2.41721
343 99.4869 15.7318 2.809
344 -0.30583 11.7664 3.15269
345 62.1144 17.0899 2.13055
346 7.91491 87.9406 1.65987
347 90.1489 5.16571 2.18965
348 9.23936 94.9301 2.07892
349 89.241 0.0241912 3.22124
350 96.0697 16.0325 2.921
351 11.0377 13.2121 2.50733
352 7.09424 3.72264 2.2246
353 57.5034 23.2225 1.81404
354 94.5514 7.17208 2.52173
355 0.247806 6.31964 2.32618
356 71.423 10.2261 1.50761
357 99.0273 29.0978 -2.60977
358 18.6316 97.6357 2.3367
359 87.0555 12.1606 2.04714
360 9.59904 18.0894 2.08335
361 86.1498 7.38645 2.32813
362 49.2253 7.82461 1.35732
363 97.3202 8.39189 2.66654
364 91.9586 94.2653 -3.01446
365 92.4062 18.746 2.90927
366 53.8604 6.85949 1.44389
367 57.6219 10.7099 1.4758
368 75.2336 4.59925 1.77845
369 65.2504 12.4987 1.91779
370 54.9383 19.957 1.69249
371 17.3878 9.08091 2.79019
372 16.7018 88.0043 1.99548
373 53.9053 8.68785 1.40384
374 90.3773 95.7938 -3.5142
375 89.6342 17.492 2.91669
376 19.6863 93.2949 1.76919
377 57.1977 13.7047 1.82499
378 91.8484 16.2534 2.5004
379 56.1659 12.4219 1.73658
380 0.155515 11.1686 3.05617
381 92.3756 0.605105 2.31354
382 49.1444 5.39749 0.956884
383 68.0004 14.7411 2.62982
384 86.8551 14.806 2.15556
385 28.5208 50.4409 1.08519
386 17.2677 52.7296 0.68818
387 90.0819 8.07463 2.27801
388 3.79944 14.2795 2.23556
389 84.9545 9.57324 2.18386
390 13.9157 5.08733 2.50868
391 14.3248 94.0215 2.26052
392 85.254 7.45958 2.71721
393 -0.318467 17.1368 2.62067
394 50.5672 7.762 1.53064
395 18.7608 99.0556 1.97139
396 4.38833 49.3511 -0.958568
397 51.9059 16.6998 1.61167
398 62.2835 12.3407 1.34344
399 12.4448 10.1752 1.96381
400 10.2919 90.7304 1.97002
401 77.2506 15.5833 2.47234
402 95.0785 6.31988 3.00837
403 48.636 4.23571 1.18893
404 94.4802 12.0985 2.13167
405 6.84439 3.80247 2.69392
406 8.88112 78.8646 1.54164
407 52.1275 6.4802 1.36409
408 65.1804 3.43337 1.35313
409 58.1105 8.98203 1.93334
410 9.02577 91.4558 1.83183
411 48.288 15.3204 1.25047
412 5.10785 8.86992 2.80718
413 13.65 93.7868 2.43454
414 98.684 16.3567 2.05553
415 63.5551 17.0854 1.41545
416 82.6611 14.3461 2.54778
417 10.8169 93.2292 2.43802
418 19.6409 5.53444 2.8064
419 69.8419 14.733 1.93212
420 88.5578 12.2067 2.24386
421 14.8431 2.91638 2.66424
422 16.7983 93.8664 2.66866
423 55.7644 8.24847 1.25303
424 14.6281 27.1878 2.01331
425 52.4628 2.38599 1.25034
426 54.9718 13.9511 1.20727
427 86.0093 98.5308 2.53395
428 96.1148 14.2397 2.71826
429 1.41994 14.4133 2.76332
430 5.11663 16.1684 2.17137
431 91.8295 18.8534 2.21085
432 17.6994 11.8851 2.28697
433 59.856 11.6375 2.14215
434 92.4124 12.0414 2.5944
435 90.2526 91.8538 -3.1824
436 7.64544 15.0223 2.22203
437 89.9437 8.92721 2.29891
438 14.4195 79.989 1.38025
439 56.2732 11.2686 2.14844
440 0.195245 5.95574 2.97794
441 6.28992 77.23 1.09736
442 50.7226 8.29082 1.23741
443 92.4143 5.68122 2.8081
444 94.1642 16.7718 2.47399
445 88.938 4.10042 2.6526
446 93.0883 65.4963 2.10565
447 9.81965 83.244 1.64988
448 22.6519 32.9152 2.45684
449 3.07198 6.21394 2.19404
450 14.2825 97.3181 2.00816
451 95.4809 7.80208 2.30955
452 88.3902 98.7383 2.89654
453 2.05193 11.0204 2.3714
454 70.2384 98.1771 0.0899981
455 75.9719 17.6813 2.04721
456 7.97922 89.4033 1.60711
457 14.5213 88.6218 2.12942
458 25.0129 14.9553 2.33705
459 86.7284 23.7158 2.33704
460 89.0559 8.86437 2.26932
461 58.2326 20.7911 1.599
462 96.5964 18.1355 2.7956
463 19.127 93.9896 2.44368
464 97.2171 18.7155 2.1594
465 16.6038 97.6174 2.25853
466 0.278124 14.0637 2.81322
467 53.8111 9.53076 1.246
468 85.726 10.9088 2.56107
469 9.75284 13.2263 2.94885
470 8.82058 1.78282 2.30444
471 96.0314 15.533 2.10799
472 96.0544 18.012 2.07224
473 62.149 5.70744 1.44354
474 20.8808 28.6803 1.5517
475 8.75019 81.2167 0.920275
476 -0.0767981 28.8901 -3.01026
477 95.6933 8.83898 2.68366
478 88.4513 19.3413 2.99642
479 63.1993 15.943 1.98606
480 17.2555 87.4732 2.63813
481 82.8702 14.9029 2.36642
482 95.5007 6.51456 2.40196
483 14.6405 100.212 1.98007
484 79.289 7.82369 2.77549
485 83.017 6.43934 2.52464
486 3.63668 9.45919 2.87471
487 1.96277 16.2238 2.9876
488 11.989 12.2767 2.67668
489 78.3303 16.8177 1.98695
490 37.2825 47.677 -0.342494
491 98.7883 11.108 2.30807
492 95.4914 18.949 2.95786
493 95.3474 15.2384 2.50556
494 97.6614 8.99582 2.38593
495 88.5194 13.5345 2.09015
496 51.728 13.8147 1.59329
497 16.565 25.1668 1.87617
498 4.96728 14.0894 2.56883
499 98.2004 24.4273 -2.97906
