500
Particles
0 56.6876 76.8478 -1.60732
1 83.9867 97.6973 0.862896
2 82.0269 2.49698 0.885933
3 2.07714 42.2429 2.41595
4 82.2404 86.6115 0.388999
5 99.9799 5.27181 1.29741
6 92.6107 96.5072 1.14667
7 41.4134 8.96389 -0.531665
8 65.0101 72.5203 -1.9115
9 66.2986 78.4712 -1.04107
10 91.4619 14.3711 1.80031
11 35.0166 95.9675 0.409135
12 90.4734 9.41129 0.839151
13 75.5478 22.9408 -2.63105
14 85.9253 87.7991 0.44527
15 98.4355 13.879 1.14084
16 7.99218 43.4176 2.9697
17 86.2328 18.6116 -2.1018
18 86.1532 96.2046 1.26713
19 80.2936 75.9972 -0.272701
20 99.6341 44.7592 2.35702
21 95.3602 93.4703 0.851513
22 88.0441 11.6537 0.902254
23 88.6951 21.458 -2.71635
24 33.1601 63.9164 -2.02974
25 99.3414 9.7354 1.25675
26 16.6821 5.72236 0.713089
27 44.5859 7.32285 -0.911343
28 52.844 79.5764 -1.00408
29 89.842 21.4728 -2.83656
30 87.4131 5.06344 0.531917
31 77.811 62.0006 -0.019616
32 97.5339 44.6476 2.94803
33 83.1606 0.991553 0.884284
34 94.2289 35.1421 -2.42612
35 47.0394 76.2005 -2.1184
36 35.8207 1.09867 0.575417
37 94.0779 99.2641 0.496397
38 82.1009 4.30408 0.470548
39 80.7631 88.1444 0.996405
40 83.5831 7.58058 0.954821
41 73.8069 27.148 -2.71707
42 63.3472 78.7726 -1.67448
43 96.5061 20.8368 1.69446
44 85.4462 1.61978 1.17526
45 68.1434 82.2772 -1.27042
46 57.632 80.8933 -1.39957
47 83.0266 11.6557 1.68217
48 62.6418 70.351 -1.07304
49 99.7288 4.1715 0.864178
50 72.4449 73.8229 -0.895641
51 60.6064 83.7603 -1.94716
52 88.1754 77.7746 0.00684807
53 35.8087 96.2874 0.19084
54 90.1205 18.6971 2.84382
55 53.0444 13.5989 -0.649804
56 89.4021 32.5929 -2.49571
57 24.2698 26.4348 1.00051
58 87.6938 26.5212 -2.53099
59 99.3486 7.77745 1.76819
60 92.7623 99.5198 0.77122
61 60.9757 74.8828 -1.96707
62 52.7311 82.0631 -1.40454
63 82.3363 95.0198 0.480718
64 89.5988 99.379 0.922367
65 60.8761 38.4374 -1.98799
66 93.2095 4.06 0.409464
67 43.1029 67.659 -1.39186
68 59.9069 33.3041 -1.94796
69 55.3015 85.857 -1.90718
70 93.7349 97.1043 0.44111
71 51.5549 40.3561 -2.43151
72 89.9984 100.175 0.667142
73 49.8849 60.8995 -2.00623
74 49.5989 25.9638 -1.55033
75 53.5895 9.50642 -1.07902
76 54.597 86.4542 -1.58742
77 88.2202 99.2521 0.814387
78 88.1145 3.49497 0.640088
79 90.0453 94.1389 1.04755
80 53.4442 87.0774 -2.03366
81 91.5472 3.31271 1.2738
82 12.6936 68.9062 0.846256
83 89.3156 92.0718 0.494613
84 3.88192 27.9064 0.86755
85 39.0013 77.6395 -1.07146
86 50.1758 95.2402 -1.97178
87 55.6789 27.1551 -2.11996
88 88.5506 84.6754 0.135403
89 15.5141 6.62633 1.08076
90 23.2806 98.1582 -0.460277
91 77.3243 61.4246 0.411
92 50.7609 11.6658 -0.976003
93 87.9494 26.6354 -2.72142
94 66.4411 55.4531 -0.467839
95 53.6956 80.2047 -1.87946
96 91.8301 95.9916 0.927354
97 94.8303 0.466988 1.15788
98 21.8934 4.19526 0.899509
99 1.17703 38.2582 2.91564
100 87.8994 74.8759 -0.126195
101 87.159 95.0686 0.984386
102 65.2209 73.0289 -1.60389
103 34.8528 54.8141 -1.76253
104 58.8942 77.4253 -1.34768
105 23.1548 98.9462 -0.556882
106 88.4539 35.826 -2.95078
107 55.6973 65.1831 -0.859662
108 62.247 82.2099 -1.3515
109 58.3866 68.7813 -0.929401
110 85.1514 7.30403 1.0833
111 93.8487 99.2553 0.589925
112 67.9482 72.609 -0.989807
113 81.9703 23.5442 -2.71374
114 96.4651 17.2883 1.16752
115 43.9262 66.0904 -1.85384
116 92.8308 4.27646 0.610366
117 6.95211 13.7504 1.24895
118 6.1612 42.2322 2.35858
119 87.679 25.9736 -1.98507
120 8.43811 9.39032 1.12816
121 76.4536 54.1716 -0.305336
122 66.4238 57.3071 -0.0896476
123 86.0315 94.7526 1.13178
124 64.2431 33.4566 -1.71757
125 60.0194 38.2793 -1.58323
126 68.6953 63.0046 0.0672842
127 63.0344 34.4721 -1.66305
128 32.2227 64.8391 -1.87486
129 58.5048 76.9488 -1.50197
130 57.402 84.1538 -1.5773
131 90.0261 11.6013 0.918327
132 31.2538 95.7934 0.605526
133 29.1267 0.349453 0.573315
134 0.950701 3.92778 0.502328
135 95.7849 97.6492 1.00066
136 30.0816 5.61518 1.07917
137 95.9261 98.5142 1.25432
138 65.3519 59.6674 -0.565226
139 49.2639 85.6511 -2.08351
140 63.7781 75.226 -1.42317
141 59.2697 39.4128 -1.34384
142 90.6547 90.2353 0.584987
143 70.8721 82.2255 -1.83282
144 94.0612 0.713316 0.536605
145 53.2407 63.2238 -1.75957
146 56.7318 83.019 -1.7687
147 81.112 99.9562 1.28613
148 57.3636 82.9307 -1.51677
149 93.9097 3.74729 0.815739
150 61.9321 78.0427 -1.31099
151 53.2781 80.3586 -1.70059
152 55.8017 40.15 -2.08845
153 59.3678 78.5418 -1.16724
154 72.2413 82.2061 -1.85281
155 31.3006 2.98572 0.283632
156 65.8438 73.7393 -1.73609
157 67.7339 85.184 -1.61292
158 6.6949 5.3058 0.765752
159 95.0555 14.5147 1.77873
160 85.7637 4.1728 0.635351
161 75.6342 58.6615 -0.458821
162 70.2531 76.2902 -1.37245
163 63.9383 30.188 -1.65514
164 92.4752 75.2886 0.0791488
165 44.4758 75.1622 -1.81015
166 58.3375 34.4363 -1.67
167 99.72 97.6772 0.950918
168 86.0292 96.8304 0.856158
169 98.1124 23.196 1.64401
170 80.8926 99.1656 1.07149
171 91.9163 95.7243 1.35561
172 49.1218 64.657 -1.77488
173 64.8766 75.8723 -1.07267
174 96.1516 6.28074 1.1682
175 73.535 63.8739 0.394636
176 95.2792 14.8002 1.37939
177 39.1393 79.7256 -0.223852
178 5.88856 32.5043 0.770166
179 55.1236 78.9647 -1.76316
180 80.7266 26.0366 -2.52359
181 68.9071 77.8574 -1.08343
182 88.0313 34.2258 -2.47807
183 73.8469 1.78943 0.341812
184 99.173 12.7014 1.26676
185 75.3625 14.6187 -2.12016
186 64.8196 56.4277 -0.273714
187 66.9943 73.4041 -1.55782
188 83.3198 92.0204 0.291619
189 89.0236 4.43892 0.860241
190 91.988 6.35425 1.09254
191 94.3224 2.04331 1.3934
192 41.1498 78.365 -0.500358
193 59.9267 71.9836 -1.88406
194 28.743 5.67387 0.269697
195 89.5671 97.2943 0.400475
196 3.09039 4.31691 1.09687
197 52.7173 94.962 -1.74709
198 15.0256 64.7097 0.73073
199 4.36265 6.00835 1.14398
200 98.0187 94.1368 1.07701
201 78.8225 85.9984 0.883311
202 85.6969 77.8624 -0.0211733
203 63.8068 91.3512 -1.10154
204 97.0752 4.85583 0.660587
205 53.1811 63.7564 -1.2161
206 18.7191 25.6567 1.24001
207 4.02673 10.7286 0.667922
208 99.0056 14.6494 1.61775
209 92.65 11.6286 1.07255
210 89.2903 98.485 0.923068
211 89.3502 12.0864 1.04985
212 29.7124 98.609 0.045049
213 58.5177 86.2054 -1.33983
214 85.8118 92.3152 0.268688
215 81.7199 32.5407 -1.62553
216 69.5149 85.9487 -1.43342
217 95.2694 94.1616 1.40534
218 66.1077 87.9638 -1.74819
219 86.9213 14.2594 1.77319
220 4.75284 98.3171 0.0471731
221 65.6585 86.2435 -1.65255
222 92.6184 99.0966 0.89915
223 71.0271 13.7258 -1.77844
224 2.53866 39.7522 2.64859
225 38.5855 6.08885 -0.952854
226 66.2498 79.4883 -1.14111
227 64.6518 71.1888 -1.30862
228 54.7185 95.6582 -2.11732
229 66.9165 81.4373 -1.82323
230 68.7327 30.3929 -1.78459
231 90.1557 99.7018 0.735386
232 78.1877 58.3773 0.347359
233 30.949 53.2115 -1.16869
234 3.41152 6.72427 0.958888
235 89.5144 31.1248 -2.01466
236 65.9334 75.1676 -1.86633
237 90.3642 3.2092 0.753074
238 90.9974 26.6972 -1.99015
239 83.7703 89.7227 0.0887732
240 90.663 10.1365 1.54029
241 88.9035 3.91021 1.0714
242 61.7338 83.9424 -1.50183
243 96.1975 96.1138 1.40358
244 72.7708 58.7525 -0.266194
245 61.4295 83.707 -1.90493
246 69.8742 51.6837 -0.675105
247 66.5295 34.207 -1.6362
248 87.086 90.0055 0.502454
249 94.4446 3.98746 1.24252
250 49.9201 6.06211 -2.06257
251 85.7135 4.00222 0.614696
252 41.784 10.9743 -1.34123
253 77.2672 13.7475 -1.92804
254 87.7042 11.295 1.24139
255 94.0276 3.65591 0.849577
256 63.5164 82.6715 -1.35129
257 69.0591 55.4035 -0.514597
258 69.3184 74.373 -1.36014
259 89.9402 36.9696 -2.67862
260 1.52601 4.38053 0.970527
261 82.4023 17.8834 -1.81324
262 70.4206 79.5553 -1.14559
263 34.7156 83.0265 -0.354959
264 84.5657 0.726231 1.32667
265 34.6254 52.0335 -0.886288
266 43.3089 80.7349 -0.49404
267 87.2379 100.213 1.20209
268 85.3831 9.65684 1.34995
269 35.6709 94.2584 1.13792
270 87.0437 29.2212 -2.12289
271 89.5779 32.3924 -2.55337
272 55.7408 95.681 -1.56206
273 2.53802 6.46128 0.887626
274 35.6967 81.9571 -0.438876
275 61.3221 76.2881 -2.00327
276 24.7953 2.76194 0.534768
277 49.3888 63.6862 -1.96108
278 81.867 97.3832 0.919404
279 65.193 85.7562 -1.04452
280 89.6979 89.33 0.675515
281 66.3305 61.7178 -0.544509
282 88.5778 21.7237 -2.89631
283 98.5302 1.86082 1.35719
284 89.6563 5.01552 1.23026
285 92.7528 96.5195 0.507959
286 65.5485 33.4487 -2.15072
287 67.9403 52.6488 -0.882859
288 2.63064 39.5167 2.91659
289 84.923 1.77745 0.455954
290 59.3877 73.4513 -1.81169
291 85.4683 98.5696 0.711042
292 98.6515 23.392 1.74326
293 36.192 82.0365 -0.627468
294 90.8132 19.9807 2.74746
295 41.9551 12.6466 -1.62438
296 98.5575 14.4945 1.40091
297 68.3266 78.1918 -1.77796
298 85.6713 100.074 1.31795
299 97.5103 99.6535 1.0761
300 36.6229 76.7066 -1.03109
301 92.479 2.17675 0.43926
302 82.4851 5.17913 0.984262
303 65.4379 68.3944 -1.39946
304 84.8616 94.6961 0.967461
305 90.4317 4.9592 1.19187
306 35.5556 4.90657 -0.0622783
307 87.3192 1.69216 0.788532
308 84.1245 22.1568 -1.82978
309 40.6846 83.1906 -0.944849
310 41.6148 3.8695 -0.686925
311 80.6438 12.2328 1.22045
312 62.1851 84.7974 -1.72832
313 50.7114 80.3264 -1.13605
314 10.3048 41.7292 3.28776
315 62.4119 73.9573 -1.34465
316 96.7751 95.9614 1.34446
317 90.6659 92.6215 0.655935
318 92.513 12.195 1.87842
319 94.4502 99.3973 0.474423
320 92.3551 0.295863 0.530103
321 84.9662 12.1318 1.4358
322 93.3692 98.5555 0.980157
323 89.8607 93.2227 0.821476
324 86.9331 5.3891 1.14864
325 66.1181 81.5464 -1.80342
326 99.1593 37.4538 2.79223
327 48.6364 83.7246 -1.80323
328 99.814 15.2303 1.35455
329 99.0405 42.693 2.55712
330 55.1006 81.9641 -1.06263
331 30.8682 94.3974 0.215053
332 99.0826 43.1002 2.42564
333 11.364 64.5527 0.570807
334 81.5724 87.3073 0.642665
335 95.5615 99.5685 0.650341
336 1.42531 96.0532 -0.0414632
337 83.8882 89.4961 0.93479
338 65.4422 79.5514 -1.03493
339 97.8754 37.4505 -2.72608
340 88.4681 97.0136 0.83931
341 82.5614 93.8886 0.94125
342 86.0624 97.626 0.821763
343 67.0519 85.1718 -1.86453
344 67.9927 70.6974 -0.867382
345 95.7087 19.8802 1.68365
346 76.1586 25.5838 -2.49937
347 24.088 3.85419 0.249915
348 85.084 92.4432 1.24285
349 91.2293 4.90248 0.576468
350 62.4094 81.7834 -1.10793
351 68.0329 75.2698 -1.55389
352 84.7164 98.4323 0.848946
353 51.9224 22.4327 -1.51205
354 54.3706 37.4451 -1.89346
355 91.4653 15.055 1.49481
356 -0.17227 40.8445 3.00229
357 33.2118 96.8652 0.294784
358 85.1084 22.1389 -1.83683
359 5.65679 11.0367 1.04966
360 73.3589 85.7459 -1.09728
361 95.3666 7.03086 1.11753
362 93.0099 96.0772 1.23481
363 52.2606 92.4848 -1.45226
364 85.1321 0.686948 0.41311
365 58.2028 80.4744 -1.06253
366 96.6623 96.033 0.786239
367 57.2214 66.3963 -0.838153
368 55.2624 81.6962 -1.70144
369 97.9385 17.8813 1.93236
370 93.5307 10.0526 1.37209
371 93.6858 4.17665 1.23182
372 91.2408 19.7069 2.60272
373 79.5536 27.9481 -2.36049
374 86.3477 2.76652 1.31509
375 57.3296 78.9452 -1.75298
376 59.1755 65.9363 -1.20673
377 39.3302 61.5809 -1.44398
378 61.9809 82.6104 -1.86216
379 3.60634 0.438511 0.723226
380 65.4296 78.4799 -1.60318
381 27.4428 3.3823 0.640502
382 90.6967 96.3868 1.09844
383 10.3825 41.839 2.89648
384 2.36009 23.1202 0.677002
385 44.7643 7.963 -1.33873
386 35.7802 8.84736 -0.150385
387 35.6224 75.354 -0.658706
388 67.7328 80.4239 -1.56594
389 3.04888 6.56873 0.384336
390 85.8706 98.2049 1.42035
391 86.3393 22.4271 -2.04712
392 86.832 7.12205 1.47762
393 67.1222 83.4559 -1.50437
394 94.2903 96.2413 1.31113
395 82.8537 18.8888 -2.02767
396 85.4484 13.6572 1.67928
397 96.8176 3.73304 0.870887
398 90.0206 10.3511 1.07124
399 42.2726 64.6808 -1.43942
400 86.5292 88.0305 0.690499
401 60.1954 32.4074 -1.88954
402 55.7673 91.1958 -2.13019
403 90.1343 94.79 0.893095
404 22.0525 24.3986 1.05974
405 84.699 95.663 0.648249
406 69.5327 28.5743 -1.89556
407 94.2039 94.9807 1.10616
408 77.4856 28.4068 -2.29206
409 98.6997 97.9327 0.729077
410 84.5747 89.2689 0.370249
411 97.6773 16.9957 1.12987
412 54.5548 90.4957 -1.88789
413 83.9072 15.6667 2.5939
414 64.5729 81.1387 -1.88028
415 97.0571 22.758 2.05471
416 98.2747 11.6492 1.53507
417 89.7658 90.0254 0.920755
418 92.5218 97.0819 0.543782
419 82.3699 78.2688 0.358247
420 7.35609 11.4029 0.886033
421 86.5766 95.5926 1.13725
422 88.2612 28.3214 -1.97357
423 58.7226 47.419 -1.4583
424 94.5627 15.9816 1.91766
425 95.2532 92.5824 0.756955
426 46.1682 64.4558 -1.267
427 84.9249 4.27983 0.740235
428 60.9201 80.7683 -1.31664
429 63.5884 80.2302 -1.604
430 72.7435 59.9866 -0.0396647
431 61.3123 79.8679 -1.18449
432 65.8046 73.3704 -1.66552
433 46.6379 67.074 -1.45799
434 92.0696 16.6507 1.5792
435 81.3751 98.8835 0.824517
436 68.8881 79.2964 -1.93277
437 23.1498 7.67824 0.911122
438 79.1924 86.9262 0.373738
439 48.7683 65.2553 -1.79115
440 55.9493 36.3231 -2.07523
441 91.2176 79.0597 0.260908
442 91.6949 98.5936 0.821408
443 51.8924 37.8629 -2.28009
444 62.0831 81.4544 -1.16614
445 92.8227 4.69792 0.858409
446 76.8655 18.8728 -2.22284
447 68.8227 33.7494 -1.54571
448 97.5323 14.587 1.35662
449 92.8577 2.7874 0.832621
450 86.6773 93.8301 1.17407
451 51.1351 87.7962 -2.03107
452 90.1232 3.9807 0.688726
453 66.4867 76.7683 -1.43535
454 84.4937 31.8916 -2.34617
455 56.4783 32.0375 -2.15856
456 83.9361 86.9135 0.908169
457 90.3112 27.5573 -2.86145
458 2.41805 46.0262 1.88052
459 58.3438 46.1238 -1.57385
460 99.8903 6.5057 1.28782
461 24.4943 98.289 -0.185777
462 64.1688 83.2315 -1.6832
463 60.8817 64.9556 -1.10167
464 65.2104 88.135 -1.26981
465 86.2638 24.5555 -2.41674
466 68.8303 83.2191 -1.60364
467 95.0776 98.2715 0.637475
468 98.4663 8.52203 0.840721
469 65.5919 78.2324 -1.31743
470 86.4561 94.5157 0.781154
471 63.6053 83.9113 -1.22945
472 63.3959 85.1102 -2.02115
473 78.3936 33.6478 -1.77458
474 96.6579 14.0386 1.33248
475 73.4411 26.0195 -3.03555
476 31.2492 1.55559 0.781393
477 23.5093 28.7434 1.40246
478 76.0422 62.0014 0.132637
479 97.9844 20.857 1.26788
480 91.0433 25.7233 -2.05379
481 0.189595 12.902 1.72042
482 26.2291 2.25791 0.540291
483 88.7134 94.3367 1.25898
484 85.4574 6.7629 1.25973
485 82.3764 4.01039 0.936193
486 66.7359 76.4884 -1.05853
487 70.7312 85.0933 -1.07283
488 43.8218 70.6227 -1.67197
489 58.3084 34.4301 -1.8941
490 43.1108 12.12 -0.925456
491 67.9735 57.7869 -0.349679
492 62.2131 82.0274 -1.05903
493 64.0709 63.4618 -0.639505
494 69.6634 53.0743 -0.877691
495 36.7503 67.8689 -2.31008
496 92.1181 2.68741 0.739685
497 94.1911 10.3061 1.80567
498 64.9169 81.0325 -1.77101
499 57.959 43.7595 -2.04464
