500
Particles
0 23.8218 50.5338 1.98871
1 58.2095 49.7206 1.91751
2 31.9228 85.5107 2.63263
3 59.0458 87.583 1.26952
4 78.2737 48.8047 1.4911
5 29.1193 43.1571 2.32193
6 39.8074 73.1368 2.44402
7 73.1358 95.6745 1.12818
8 55.7938 54.7252 2.49326
9 56.8715 58.2013 1.87085
10 45.5318 53.9675 2.01771
11 32.0901 82.9268 1.98618
12 33.748 82.811 2.18217
13 81.4282 40.1551 1.71454
14 80.534 52.3863 1.95232
15 94.459 43.9781 1.0324
16 53.6183 59.2836 1.8734
17 71.5405 68.2093 0.776176
18 73.4343 58.0395 1.42757
19 59.8414 82.1829 1.5905
20 59.3708 88.0196 1.92108
21 24.9177 68.0435 2.27298
22 43.4756 64.9922 2.23955
23 81.9559 44.926 1.65969
24 63.1982 91.3284 2.12788
25 29.6051 53.8243 2.221
26 27.9783 37.1016 2.95444
27 19.6594 76.4943 2.71985
28 31.6216 63.0592 1.91609
29 30.7168 19.1233 -0.782401
30 59.2876 1.12543 1.73831
31 39.7105 64.9626 2.08048
32 51.8591 86.6835 1.69986
33 66.0353 96.8464 1.79642
34 35.2701 56.5133 1.99546
35 70.0151 62.6325 1.14655
36 57.8419 7.22851 2.14626
37 43.716 80.296 2.38514
38 28.4982 57.3718 2.32245
39 80.0351 45.545 1.44887
40 38.4485 55.223 2.31116
41 77.2954 45.8789 1.47742
42 51.39 62.9328 2.26904
43 62.416 87.8006 1.93353
44 55.0882 50.4717 2.22759
45 49.9853 58.0655 1.68369
46 35.96 59.2517 2.4048
47 78.5708 86.7386 1.70478
48 42.9076 59.1244 1.77711
49 29.4848 47.4736 2.20646
50 78.5536 63.063 1.16693
51 45.3352 65.6486 2.53637
52 67.2103 89.5682 1.07653
53 57.7539 6.98875 1.46389
54 80.8096 49.5622 1.17129
55 66.9776 83.915 1.68642
56 83.6245 51.7761 1.65487
57 40.249 44.4569 2.5872
58 79.6597 55.3958 1.63914
59 29.1667 55.0589 2.75232
60 78.6221 60.8472 1.09366
61 45.0717 56.9986 2.40634
62 53.2452 53.0817 1.99139
63 53.2754 41.9861 2.73971
64 33.4697 75.7693 2.15654
65 73.0359 87.9389 1.6796
66 74.4162 63.9509 1.59465
67 75.2987 63.5688 1.12649
68 70.2733 85.1818 1.50253
69 49.4496 49.7956 2.07474
70 40.4427 77.3436 2.65056
71 37.3281 58.511 1.7994
72 77.3363 60.2858 1.37221
73 46.6207 79.6927 2.61162
74 39.8406 47.8276 1.92401
75 73.7639 92.8384 1.35782
76 44.0199 49.3206 2.12373
77 44.1379 77.2717 2.45596
78 27.3633 30.8416 3.25815
79 81.6319 57.1455 1.49216
80 40.6874 53.3663 2.20478
81 73.1503 61.9884 1.03258
82 58.075 79.1261 1.34711
83 74.3752 54.1553 1.13026
84 67.8876 81.0361 1.26307
85 41.8948 56.4468 2.72889
86 42.4155 54.613 1.89692
87 45.9923 74.9801 2.22536
88 66.2105 83.4541 1.04986
89 37.4135 48.4052 2.42808
90 65.5373 91.3186 1.34899
91 41.2118 67.5082 2.59092
92 44.2383 73.0131 2.49847
93 76.5294 49.0118 1.30159
94 42.6928 56.6712 2.71019
95 60.7456 83.0778 1.1869
96 27.2026 72.5716 2.2364
97 43.6346 80.7661 2.36188
98 37.3054 48.7038 2.5126
99 45.3136 73.8609 1.83391
100 67.8628 90.1773 1.68577
101 77.0288 59.2863 1.31921
102 47.5011 56.3083 2.59151
103 35.5176 53.8044 2.85078
104 45.1097 62.8152 2.70743
105 63.214 92.5922 1.69727
106 80.4096 49.3272 0.901686
107 24.273 55.4676 2.35544
108 42.6357 63.305 2.70479
109 90.7605 57.0278 1.46012
110 77.3026 93.9949 1.56999
111 44.6731 79.5581 2.38905
112 59.7472 86.8586 1.50141
113 40.338 71.2974 2.266
114 23.5092 74.4286 2.83124
115 35.8021 82.8105 2.23359
116 39.2672 42.8891 1.86736
117 36.3357 62.3712 1.73949
118 55.2071 89.1802 2.00992
119 80.2462 51.8623 1.62536
120 29.4278 52.2888 2.4133
121 66.8908 59.5437 1.39714
122 42.5976 59.3443 2.42553
123 68.9899 54.2813 2.04906
124 16.011 98.2264 0.281697
125 70.7159 83.2197 1.83019
126 52.0466 68.0149 2.2462
127 78.6578 42.9761 1.85961
128 66.644 91.1692 1.54758
129 21.7501 78.2204 2.59969
130 29.5598 61.028 2.22221
131 42.6767 51.6011 2.2344
132 73.1161 84.3932 0.90807
133 74.0403 86.485 1.3352
134 29.1075 45.8374 2.68191
135 45.2627 78.2219 1.83053
136 36.5758 44.9887 1.94354
137 34.2794 76.0691 2.14323
138 45.2219 57.4856 2.27036
139 32.9611 53.0182 2.53221
140 47.0679 54.0426 2.28524
141 69.7986 84.6342 0.982511
142 77.5106 51.9077 1.05579
143 54.1681 62.2542 2.59049
144 32.9683 77.6689 1.99953
145 22.339 79.5591 2.75951
146 26.7065 55.7016 2.44417
147 63.7156 97.2721 1.16698
148 46.4597 78.6232 2.06964
149 73.7142 61.9779 1.99233
150 48.5211 57.5123 1.80946
151 55.2006 85.5415 1.41513
152 40.4437 47.4459 2.60621
153 43.2802 62.8158 2.69527
154 54.0381 60.5258 1.87216
155 77.5028 87.5117 1.74583
156 61.8372 56.2919 2.35523
157 53.4981 70.844 1.7252
158 27.5808 39.2315 2.96991
159 60.6183 68.6006 1.98358
160 64.6447 98.2762 1.44172
161 55.0666 66.1994 1.77166
162 72.2797 63.4395 1.46681
163 64.3894 81.9226 1.10123
164 72.7608 90.2698 1.22885
165 69.2972 60.3749 1.33793
166 65.394 82.2859 1.1279
167 48.457 81.6073 2.60224
168 79.8758 58.7569 1.94073
169 71.7873 88.4726 0.903196
170 68.9795 45.0278 1.21985
171 38.634 72.8299 2.52643
172 23.3115 53.0343 2.81531
173 48.499 54.2142 2.19353
174 27.2171 38.1352 2.20354
175 71.6154 82.1814 1.16534
176 27.0275 23.6868 -0.689771
177 35.2125 51.793 1.95858
178 66.3142 89.9936 1.7347
179 33.7965 65.2467 1.70634
180 39.7806 73.2766 1.78653
181 56.7749 59.7254 2.59498
182 86.4917 52.0319 1.78914
183 24.3815 50.0015 2.38613
184 44.9592 73.0596 2.49111
185 72.5726 88.242 1.71662
186 45.8864 61.6429 1.80958
187 57.5468 86.518 2.18246
188 68.4324 50.662 1.28562
189 29.2625 83.8893 2.71144
190 28.3887 41.084 2.95527
191 37.4641 80.9373 2.48387
192 36.1849 44.4715 2.73619
193 46.6544 69.0022 2.42222
194 40.1118 53.1665 2.34247
195 34.0829 73.4003 2.00181
196 32.304 50.4834 2.41191
197 40.6951 50.8986 2.41656
198 43.8607 73.55 1.9193
199 29.8087 44.0498 2.54111
200 44.6428 76.3909 2.71321
201 31.7163 17.3706 -0.963716
202 63.8369 91.2848 1.2242
203 61.4205 69.8478 1.80546
204 27.6636 36.4018 3.02293
205 48.339 79.9724 2.39879
206 38.069 53.116 2.23762
207 31.1903 58.0501 1.96839
208 62.8828 79.8398 1.78723
209 56.8725 88.4382 1.37161
210 79.4792 60.9202 1.27874
211 43.956 60.1084 1.99721
212 73.7358 85.6384 1.1205
213 54.8406 83.5123 1.73459
214 67.0394 49.4363 1.75223
215 25.6528 58.7763 2.35761
216 51.7228 63.7914 2.42111
217 33.8009 71.1574 2.72402
218 77.6402 80.4757 1.55989
219 73.9162 68.8285 1.5573
220 45.2123 79.8015 1.78397
221 47.6676 68.4188 1.9386
222 44.5058 80.802 2.05044
223 68.1397 94.048 1.78236
224 59.6172 88.3342 1.77521
225 36.3232 84.1147 2.28361
226 53.5929 57.4118 1.7123
227 44.883 61.9035 2.0034
228 44.4725 55.1984 2.30349
229 44.5932 53.8779 2.01012
230 81.9773 42.2608 2.11763
231 82.7902 59.1825 1.29837
232 44.9299 70.6152 2.6728
233 37.1144 57.7303 2.59443
234 31.2282 51.4445 2.60173
235 82.9409 49.0346 1.86544
236 53.422 56.3662 1.73321
237 31.7 85.5985 2.48581
238 84.8303 50.795 1.81794
239 77.3958 51.3695 1.77738
240 29.6986 77.6535 1.99363
241 56.7428 54.0922 1.75603
242 50.2237 67.6037 1.90563
243 45.8271 76.2851 2.19795
244 57.1209 67.4264 1.77916
245 45.9639 65.6851 2.35609
246 44.9291 56.5085 2.35702
247 71.1633 26.0622 -3.12405
248 77.9428 51.9978 1.85712
249 37.3995 45.6873 2.70456
250 18.0983 77.3503 2.70699
251 25.0152 81.2487 2.24815
252 68.6671 94.4434 1.98235
253 59.4952 89.4841 1.46347
254 44.1034 53.2937 1.7968
255 73.9942 61.8537 1.58042
256 49.2056 64.8082 2.4716
257 44.3795 55.9495 2.48562
258 60.6859 59.5738 2.51253
259 85.0407 50.7256 1.56745
260 29.7051 42.4004 2.54393
261 79.7924 53.3904 1.49154
262 49.8311 59.278 2.17956
263 41.6088 67.6784 2.14023
264 62.4588 97.5653 1.36467
265 40.6422 51.1898 2.4752
266 34.2076 48.9056 2.05503
267 29.9465 75.8177 2.72569
268 31.9977 54.6596 2.49739
269 18.654 79.0033 2.74421
270 82.7678 54.9148 1.32334
271 88.1853 53.0438 1.01399
272 51.9181 83.1097 2.08341
273 33.6426 53.8538 2.1826
274 39.5614 62.2301 2.47517
275 43.2696 53.2291 2.50772
276 33.1152 46.325 2.72956
277 43.187 72.599 1.83812
278 49.2354 43.156 2.38857
279 49.5405 67.4723 2.43733
280 84.7665 55.305 1.80375
281 44.7863 59.3209 1.96674
282 81.89 51.5369 1.93199
283 48.3387 86.3766 2.29283
284 48.2798 47.4461 1.84629
285 42.0247 76.8801 2.4401
286 73.6344 44.7088 1.93489
287 41.3595 55.4684 2.43673
288 62.1604 83.8087 1.18018
289 49.5798 49.4406 1.92422
290 39.4394 59.8409 1.92796
291 61.943 52.4645 2.41549
292 70.4855 87.7543 1.10003
293 36.8516 61.0107 2.06082
294 87.0637 50.7665 0.893058
295 20.181 70.9071 0.46325
296 47.809 74.86 2.01161
297 51.6348 58.8949 1.9375
298 63.0507 54.3244 1.86924
299 44.1222 81.7792 2.17118
300 38.6788 54.4297 2.21949
301 76.999 61.8996 1.37735
302 28.2873 51.5009 1.95402
303 43.7132 57.071 1.7833
304 54.6365 43.9556 2.03784
305 29.5093 83.3379 2.73219
306 61.2117 93.5604 1.50144
307 30.6701 83.5575 2.46602
308 79.392 55.7155 1.40546
309 38.5428 63.4718 2.3404
310 64.4274 95.0132 1.483
311 86.4404 46.6245 1.82486
312 44.0742 64.8384 2.76677
313 57.4627 84.4937 1.64095
314 74.5392 67.1684 1.06025
315 43.6563 60.2555 1.92897
316 45.1593 74.376 2.69799
317 81.7982 56.8812 1.56492
318 34.24 82.396 1.94211
319 43.4662 81.7707 2.37778
320 42.9899 79.2034 2.42661
321 71.9143 66.4116 1.62767
322 46.2867 77.3728 2.29922
323 79.8453 57.2832 1.19662
324 45.6377 12.0317 -2.02942
325 51.5121 63.3788 2.41968
326 42.124 51.5818 2.00925
327 39.6929 57.5104 2.49214
328 49.7485 76.076 2.10732
329 62.2031 84.2513 1.59379
330 56.9211 83.4121 1.70422
331 69.6625 97.3831 1.06787
332 58.4236 84.783 1.65248
333 44.9025 73.9421 2.73235
334 77.7779 47.7354 0.918792
335 38.5026 81.2478 1.91758
336 46.3272 78.7182 1.98479
337 78.3568 49.6003 1.34373
338 48.2593 61.6387 2.5471
339 44.2484 57.9441 2.60224
340 9.7988 57.4684 2.99017
341 75.4116 54.9769 1.41887
342 77.3037 58.1306 1.30188
343 52.0403 66.7449 2.42488
344 46.0114 57.7491 2.42663
345 66.8347 87.9191 1.53073
346 75.5963 46.2888 1.46022
347 29.641 41.2877 2.57711
348 69.9463 50.7886 1.95289
349 27.1315 32.3175 2.90581
350 46.0394 64.4881 2.15404
351 57.8366 55.7591 1.9159
352 56.1962 49.9339 2.30045
353 67.891 92.8359 1.82028
354 36.0744 47.1683 2.19058
355 46.356 51.1432 1.83482
356 47.6859 76.8818 2.56059
357 77.4423 89.6113 0.997464
358 83.7147 56.417 1.55425
359 31.3 55.6247 2.36404
360 69.0365 69.4844 1.10599
361 26.5504 45.9438 2.42942
362 28.196 73.2577 2.12797
363 43.1562 54.0228 2.00447
364 66.2226 97.9484 1.11821
365 42.7957 66.4006 1.8757
366 43.7671 76.0194 2.69749
367 46.7263 80.0575 1.9449
368 25.1277 53.6376 2.42975
369 59.839 83.4055 1.68338
370 59.3203 90.7233 1.36047
371 73.689 61.0966 1.44949
372 90.0083 51.7175 1.09216
373 44.1602 77.9697 1.78099
374 26.7508 82.057 2.82182
375 46.1529 70.754 2.08393
376 92.3342 55.0177 1.67913
377 53.5109 84.7479 1.89458
378 38.6969 62.1524 2.43968
379 46.2931 82.7938 2.2154
380 46.5328 56.3785 1.84225
381 31.823 38.2729 2.41021
382 33.7022 72.7768 2.04233
383 67.8883 85.8644 1.68888
384 45.7044 71.504 2.71098
385 67.5792 96.4852 2.03015
386 60.0569 5.7689 1.4213
387 30.7444 47.0583 2.26541
388 50.7768 59.5248 2.4663
389 28.9058 53.479 2.14473
390 70.9475 56.8251 1.9764
391 81.2116 54.9434 1.72295
392 28.9916 51.3884 2.33905
393 49.9514 65.8614 1.70867
394 34.0606 75.2896 2.60768
395 82.3744 57.0217 1.63997
396 74.1787 67.413 1.28203
397 32.7026 79.9694 1.96614
398 58.0912 83.4544 1.49809
399 59.5816 53.8013 1.75692
400 76.1179 50.3898 1.17921
401 59.6748 82.3573 1.43102
402 36.9462 46.9588 2.67589
403 27.4516 68.5441 2.10486
404 41.0786 58.076 2.29366
405 55.9761 49.0615 2.77165
406 81.8323 39.9109 1.6362
407 37.8213 74.7747 1.89953
408 24.2677 57.3694 2.70776
409 50.9374 79.1234 1.78866
410 78.4323 52.8539 1.98656
411 26.4081 76.6613 2.04378
412 50.8572 53.9133 2.41347
413 78.1788 52.6393 1.47861
414 49.8684 65.8202 1.71126
415 69.5307 87.3816 1.23758
416 46.0705 73.213 2.47262
417 74.912 50.1793 1.48406
418 81.34 60.5278 1.78284
419 63.7149 85.0101 1.50589
420 36.5284 59.8212 1.77312
421 76.492 59.7028 1.8008
422 82.9566 53.7216 1.25884
423 46.503 78.1587 2.34111
424 78.4671 64.3847 1.46719
425 37.2697 70.3877 2.69319
426 49.5362 84.3712 2.27412
427 24.3095 81.8135 2.07304
428 43.5761 61.2228 1.87819
429 49.2228 61.6551 2.23884
430 54.1389 63.1484 2.56546
431 45.503 69.406 2.40276
432 72.6118 63.2644 1.72514
433 49.9317 82.1787 1.74458
434 36.2015 55.5438 2.40593
435 68.7054 96.6985 2.04143
436 56.7626 61.8056 1.72405
437 32.9033 51.5974 1.90722
438 28.9084 20.3397 -1.25072
439 45.7218 81.225 2.6269
440 47.0499 50.4005 2.06848
441 78.9783 40.2216 1.58323
442 37.4148 77.5248 2.02671
443 32.2251 43.9765 2.39616
444 45.2453 67.1979 2.32561
445 27.1828 39.5318 3.04638
446 75.0367 96.4364 1.86821
447 78.8308 44.4475 1.0989
448 1.60153 58.9683 3.29197
449 48.0418 48.5749 2.11108
450 77.283 56.6023 1.61229
451 37.6307 49.9647 2.36394
452 26.0123 83.3936 1.93387
453 47.4592 54.4975 2.08736
454 22.2809 77.982 2.94885
455 69.3087 86.2257 1.84681
456 73.3973 49.2579 1.6205
457 83.3851 50.8423 1.53556
458 6.05845 56.567 2.83997
459 72.6393 85.8975 1.75192
460 33.0325 53.1464 2.70306
461 62.5682 91.0091 1.69735
462 47.3951 67.3721 2.61426
463 87.4894 54.1334 1.66875
464 48.1866 68.4832 2.11579
465 79.162 55.1399 1.66687
466 49.0495 61.3292 1.80205
467 47.2096 79.8711 1.8012
468 29.3399 53.5129 2.40244
469 57.0057 57.0606 1.76694
470 59.3509 49.0049 2.87861
471 42.5399 62.1771 2.45667
472 47.9379 67.689 1.91309
473 44.7418 73.0818 2.03264
474 18.8614 19.7861 0.332511
475 80.4773 42.7286 1.0971
476 79.0659 90.5129 1.68642
477 44.1354 55.2477 1.83706
478 66.7778 79.6931 1.23536
479 65.4398 86.5333 1.54053
480 93.9015 46.956 1.36131
481 48.4787 75.4321 1.95147
482 36.3134 46.0141 2.69276
483 75.456 57.1145 1.94744
484 26.8198 56.4981 2.62737
485 25.2843 47.5655 2.49104
486 50.2047 55.201 1.78498
487 50.8438 63.0519 1.84312
488 57.3808 54.0857 2.58972
489 65.5309 84.1703 1.4497
490 72.6894 93.7324 1.13552
491 43.8657 55.758 2.68801
492 48.5675 70.3179 2.2568
493 43.3273 62.2067 1.97727
494 43.1574 53.5219 2.01074
495 35.6326 60.7713 1.82168
496 33.6872 80.1229 2.77732
497 81.2751 60.9151 1.64046
498 52.0526 59.7827 2.00899
499 75.4564 82.4313 1.78277
