500
Particles
0 56.7059 77.3474 -1.80973
1 83.6616 97.3174 1.10906
2 81.7106 2.10973 0.518024
3 2.45118 41.9111 2.41291
4 81.7777 86.4219 0.361675
5 99.8449 4.79038 1.06995
6 92.405 96.0515 1.27016
7 40.9824 9.21737 -1.557
8 65.1772 72.9915 -1.25416
9 66.0459 78.9027 -1.46454
10 91.5757 13.8842 1.0354
11 34.5579 95.7686 0.454078
12 90.1393 9.03926 1.67397
13 75.9841 23.1851 -2.49921
14 85.4741 87.5838 0.857918
15 98.2271 13.4246 1.95475
16 8.48481 43.332 -3.37717
17 86.486 19.0428 -2.44555
18 86.0036 95.7274 1.34096
19 79.812 76.1319 0.0192746
20 -0.0120347 44.406 3.04721
21 95.0308 93.0942 1.12845
22 87.7342 11.2613 1.80414
23 89.1506 21.6642 -2.11419
24 33.3816 64.3646 -1.61772
25 99.1869 9.25986 1.50822
26 16.3039 5.39527 1.2273
27 44.2796 7.71802 -0.983403
28 52.5755 79.9983 -1.22042
29 90.3189 21.623 -3.02504
30 86.9821 4.80984 0.826855
31 77.3111 62.0104 0.0159684
32 98.0245 44.5515 2.27861
33 82.8437 0.604822 0.918789
34 94.6063 35.4701 -2.35134
35 47.2997 76.6274 -2.54085
36 35.4012 0.826574 0.849165
37 93.6383 99.026 0.615211
38 81.6552 4.07739 0.42147
39 80.4915 87.7247 1.16109
40 83.2943 7.17247 0.503804
41 74.2625 27.3539 -2.63037
42 63.3989 79.27 -1.53367
43 96.5678 20.3406 2.15496
44 85.2535 1.15838 0.633452
45 67.9955 82.7548 -1.17378
46 57.5468 81.386 -1.29958
47 83.0822 11.1588 1.46332
48 62.4031 70.7903 -1.92966
49 99.4042 3.79122 1.22163
50 72.1324 74.2132 -0.88451
51 60.7902 84.2253 -1.78227
52 87.6754 77.7712 0.0191167
53 35.3178 96.1925 1.16209
54 90.5985 18.5504 2.77564
55 52.6463 13.9014 -0.550043
56 89.8014 32.8938 -2.09464
57 23.9998 26.0139 1.86881
58 88.1034 26.8079 -1.83399
59 99.4467 7.28716 1.73772
60 92.4038 99.1713 0.362175
61 61.1687 75.344 -1.87126
62 52.6484 82.5562 -1.23024
63 81.893 94.7886 0.965915
64 89.2968 98.9805 0.390566
65 61.0787 38.8945 -1.67461
66 92.7508 3.86094 0.631642
67 43.0139 68.151 -1.25558
68 60.0911 33.769 -1.38047
69 55.4665 86.329 -1.23113
70 93.2828 96.8908 0.598312
71 51.9341 40.682 -2.30062
72 89.6056 99.8659 0.951947
73 50.0958 61.3528 -1.80988
74 49.5887 26.4637 -1.82888
75 53.3534 9.94717 -1.46835
76 54.6053 86.9541 -1.92551
77 87.877 98.8884 0.881368
78 87.7134 3.19634 0.986738
79 89.7954 93.7058 0.640189
80 53.6674 87.5247 -1.8166
81 91.4009 2.8346 1.05955
82 12.3622 68.5318 0.416447
83 88.8756 91.8345 0.329226
84 3.55857 27.525 0.288516
85 38.7618 78.0785 -1.02101
86 50.3709 95.7005 -1.76835
87 55.9399 27.5816 -1.48623
88 88.0552 84.6079 0.120979
89 15.2788 6.18518 0.990332
90 22.8326 98.3803 -0.442107
91 76.866 61.2248 0.147921
92 50.4808 12.0799 -1.05607
93 88.4059 26.8394 -2.03121
94 65.9948 55.6786 -0.589234
95 53.8475 80.681 -1.44345
96 91.5301 95.5916 0.790513
97 94.6297 100.009 0.907873
98 21.5824 3.80375 0.748005
99 1.66432 38.1461 2.68684
100 87.4034 74.9388 -0.498684
101 86.8823 94.6522 1.13654
102 65.2374 73.5286 -1.14041
103 34.9481 55.305 -1.33651
104 58.7836 77.9129 -0.86259
105 22.7304 99.2105 -0.602176
106 88.9448 35.9208 -2.36683
107 55.371 65.5619 -0.897793
108 62.1382 82.6979 -1.80488
109 58.0875 69.1819 -1.60134
110 84.9172 6.86228 1.35059
111 93.4332 98.9772 1.10756
112 67.6738 73.0269 -1.34093
113 82.4252 23.7517 -2.55873
114 96.2689 16.8284 1.36478
115 44.0658 66.5705 -1.14641
116 92.4211 3.98988 1.16703
117 6.79396 13.2761 0.832225
118 6.51559 41.8795 2.97242
119 87.8803 26.4313 -2.4882
120 8.22395 8.9385 0.493203
121 75.9768 54.3219 -0.0558899
122 65.9258 57.3519 -0.831711
123 85.819 94.3 0.860924
124 64.3162 33.9512 -1.33713
125 60.0257 38.7793 -1.46274
126 68.1965 62.971 -0.124899
127 63.0804 34.97 -1.82552
128 32.3724 65.3162 -2.46969
129 58.4704 77.4476 -1.78211
130 57.4052 84.6538 -1.44596
131 89.7225 11.204 1.4853
132 30.8427 95.5088 0.179034
133 28.7066 100.078 0.879668
134 0.512469 3.68705 0.373919
135 95.515 97.2283 0.998088
136 29.8456 5.1744 0.87396
137 95.7705 98.0391 1.15745
138 64.9297 59.9352 -0.311672
139 49.5092 86.0868 -2.06796
140 63.7045 75.7206 -1.62799
141 59.1572 39.8999 -1.71693
142 90.2379 89.9592 1.21046
143 71.0016 82.7085 -1.72689
144 93.6315 0.457706 0.561663
145 53.3346 63.715 -1.28817
146 56.8301 83.5093 -1.77703
147 80.9716 99.4763 1.00332
148 57.3366 83.43 -1.48924
149 93.567 3.38318 1.10155
150 61.8036 78.5259 -0.955715
151 53.3428 80.8544 -1.37964
152 56.0492 40.5845 -2.00251
153 59.1715 79.0016 -0.841545
154 72.3804 82.6864 -1.37356
155 30.8206 2.8458 0.562497
156 65.926 74.2325 -1.21445
157 67.7549 85.6835 -1.89128
158 6.33447 4.95926 0.929943
159 95.1588 14.0255 1.01995
160 85.3613 3.87607 1.27045
161 75.1859 58.8829 0.00365604
162 70.1546 76.7804 -1.56071
163 63.9805 30.6862 -1.81032
164 91.9768 75.2491 -0.28283
165 44.5944 75.648 -1.64729
166 58.387 34.9338 -2.05089
167 99.4295 97.2702 1.33413
168 85.7015 96.4527 1.34539
169 98.149 22.6974 2.05276
170 80.6532 98.7267 0.803809
171 91.8096 95.2358 0.490683
172 49.2232 65.1466 -1.53294
173 64.6377 76.3115 -1.4772
174 95.9557 5.82072 1.41773
175 73.0735 63.6816 0.220459
176 95.184 14.3093 1.93949
177 38.6518 79.8365 -0.962292
178 5.52966 32.1562 0.661986
179 55.2192 79.4555 -1.73457
180 81.1341 26.3263 -2.31
181 68.6729 78.2992 -1.20598
182 88.4253 34.5338 -2.68163
183 73.3758 1.62183 0.717579
184 99.0233 12.2244 1.26855
185 75.6236 15.0451 -1.98257
186 64.3383 56.5629 -0.489532
187 66.9878 73.9041 -1.88633
188 82.8409 91.8766 0.62336
189 88.6974 4.05992 1.07276
190 91.7579 5.91035 1.24525
191 94.2342 1.55116 1.11973
192 40.7111 78.6048 -0.69973
193 60.0808 72.4593 -1.77414
194 28.2611 5.54065 0.476775
195 89.1066 97.0993 0.857554
196 2.86219 3.87202 0.476684
197 52.805 95.4542 -1.94381
198 14.6533 64.376 0.28336
199 4.15566 5.5532 0.562906
200 97.7817 93.6965 0.546804
201 78.5052 85.612 0.770502
202 85.197 77.873 0.574941
203 63.5807 91.7971 -0.828064
204 96.6804 4.54904 1.08222
205 53.0074 64.2253 -1.54029
206 18.5567 25.1838 1.01708
207 3.63417 10.4189 1.21979
208 99.029 14.15 1.8783
209 92.411 11.1894 1.86047
210 88.9886 98.0862 0.950268
211 89.1013 11.6527 1.09293
212 29.2129 98.5865 0.813034
213 58.4032 86.6921 -1.04863
214 85.3298 92.1824 0.37031
215 81.7473 33.0399 -1.7783
216 69.4465 86.4439 -1.49995
217 95.187 93.6684 1.27051
218 66.1959 88.4559 -1.20327
219 87.0218 13.7696 0.93384
220 4.2534 98.2935 0.159739
221 65.6993 86.7418 -2.01059
222 92.3072 98.7052 0.6838
223 71.1302 14.215 -2.12081
224 2.97912 39.5156 2.55208
225 38.2958 6.49638 -0.960301
226 66.0416 79.9428 -1.39747
227 64.5222 71.6717 -1.0336
228 54.9784 96.0854 -1.65182
229 67.0413 81.9214 -1.45743
230 68.8388 30.8815 -1.42792
231 89.7849 99.3664 0.882266
232 77.7176 58.2071 -0.496564
233 30.7533 53.6716 -1.42562
234 3.1243 6.31499 0.585253
235 89.7291 31.5763 -2.78916
236 66.0791 75.6459 -1.01703
237 89.9994 2.86725 1.12763
238 91.201 27.1539 -1.99467
239 83.2723 89.6784 0.560602
240 90.6478 9.63676 1.25441
241 88.6641 3.47127 0.40776
242 61.6993 84.4412 -1.74023
243 96.1143 95.6207 1.28936
244 72.2884 58.884 -0.489589
245 61.5935 84.1794 -1.83846
246 69.4839 51.9962 -0.849489
247 66.5622 34.7059 -1.85316
248 86.6478 89.7647 0.513801
249 94.2834 3.51416 0.521068
250 50.1562 6.50286 -1.73876
251 85.3051 3.71386 1.40051
252 41.6702 11.4612 -0.788988
253 77.4421 14.2159 -2.01242
254 87.5425 10.8218 1.24994
255 93.6974 3.28041 0.885504
256 63.4075 83.1595 -1.15438
257 68.6238 55.6496 -0.710038
258 69.2138 74.8619 -0.924207
259 90.3876 37.1929 -2.45459
260 1.24357 3.96794 0.686922
261 82.5224 18.3688 -1.8184
262 70.2143 80.0108 -1.6257
263 34.2467 83.2002 -0.430435
264 84.4449 100.241 1.33705
265 34.3093 52.4209 -1.07405
266 42.8687 80.972 -0.634033
267 87.0577 99.7465 0.739772
268 85.2735 9.16898 0.676748
269 35.4611 93.8045 1.1236
270 87.306 29.6469 -2.82432
271 89.9939 32.6698 -2.91574
272 55.7365 96.1809 -1.34675
273 2.22239 6.07349 1.20867
274 35.2441 82.1696 -0.124187
275 61.5317 76.7421 -1.57924
276 24.3651 2.50711 0.878382
277 49.579 64.1486 -1.97823
278 81.5638 96.9855 1.2778
279 64.9418 86.1885 -1.80876
280 89.3077 89.0173 0.602233
281 65.9028 61.9768 0.10934
282 89.0629 21.8451 -2.31113
283 98.4243 1.37218 1.29804
284 89.4893 4.54423 0.889035
285 92.3159 96.2763 1.28825
286 65.8225 33.867 -2.07438
287 67.6228 53.0351 -0.818421
288 3.11803 39.4052 2.70366
289 84.4741 1.55729 1.11734
290 59.507 73.9368 -1.89619
291 85.0894 98.2433 0.934247
292 98.7373 22.8994 2.02527
293 35.7873 82.3301 -0.678667
294 91.2748 19.7887 2.48036
295 41.9819 13.1459 -1.56425
296 98.4729 14.0017 1.76336
297 68.4294 78.6811 -1.18496
298 85.5463 99.5895 0.439307
299 97.2729 99.2135 1.30316
300 36.366 77.1355 -0.928845
301 92.0264 1.96411 0.709469
302 82.2084 4.76269 0.773231
303 65.3526 68.8871 -1.3231
304 84.5779 94.2843 0.645941
305 90.2467 4.49467 0.626866
306 35.0566 4.93768 0.398007
307 86.9668 1.3375 0.980961
308 84.2526 22.6402 -1.77064
309 40.3916 83.5958 -0.531257
310 41.2282 4.18658 -0.965779
311 80.4722 11.7632 1.26671
312 62.2635 85.2912 -1.59215
313 50.5009 80.7799 -1.16919
314 10.7995 41.802 -3.14858
315 62.2998 74.4446 -1.89612
316 96.6629 95.4742 1.206
317 90.2697 92.3166 0.677673
318 92.6644 11.7185 1.85609
319 94.0054 99.1689 0.972377
320 91.9237 100.043 0.361091
321 84.8989 11.6363 1.46138
322 93.0908 98.1402 0.762731
323 89.5201 92.8566 1.15386
324 86.7282 4.933 0.941471
325 66.2333 82.033 -1.36129
326 -0.370858 37.2826 2.60949
327 48.7515 84.2111 -2.12121
328 99.7067 14.742 1.64239
329 99.4575 42.4172 2.99205
330 54.8573 82.401 -1.26008
331 30.3797 94.2907 0.790111
332 99.4598 42.7721 2.97257
333 10.9432 64.2825 0.781237
334 81.1721 87.0076 1.08097
335 95.1636 99.2657 0.373456
336 0.92574 96.0739 0.329555
337 83.5913 89.0938 0.401641
338 65.1869 79.9813 -1.42068
339 98.3329 37.6523 -3.03057
340 88.1341 96.6415 0.522767
341 82.267 93.4844 0.55508
342 85.7219 97.2598 1.10749
343 67.1966 85.6503 -1.06059
344 67.6693 71.0787 -1.32139
345 95.765 19.3833 1.44392
346 76.559 25.8833 -2.05731
347 23.6036 3.73053 0.791025
348 84.9229 91.9698 0.763506
349 90.8101 4.62995 1.2264
350 62.1862 82.2308 -1.43732
351 68.0244 75.7697 -1.43969
352 84.386 98.057 1.08999
353 51.8931 22.9318 -1.44128
354 54.5291 37.9193 -1.54188
355 91.4274 14.5564 1.10311
356 0.322886 40.775 2.45489
357 32.7333 96.7199 0.316896
358 85.2399 22.6213 -2.09958
359 5.40785 10.603 1.16355
360 73.1309 86.1909 -1.0289
361 95.1477 6.58135 0.80849
362 92.845 95.6052 0.782897
363 52.2015 92.9813 -2.16802
364 84.6741 0.486218 0.704533
365 57.9594 80.9112 -1.50975
366 96.309 95.6791 1.18833
367 56.887 66.768 -1.11844
368 55.3275 82.192 -1.04571
369 98.1154 17.4136 1.43896
370 93.432 9.56242 1.38934
371 93.5195 3.70511 0.458808
372 91.6699 19.4503 2.107
373 79.9086 28.3002 -2.22374
374 86.2212 2.28277 1.3837
375 57.4202 79.4369 -1.0551
376 58.9975 66.4036 -0.815884
377 39.267 62.0769 -1.24533
378 62.1246 83.0893 -1.93346
379 3.23151 100.108 0.334238
380 65.4458 78.9797 -1.73859
381 27.0419 3.0835 0.370299
382 90.4692 95.9415 1.16346
383 10.8676 41.7176 -3.22909
384 1.97036 22.807 0.98473
385 44.6493 8.44959 -0.655825
386 35.2858 8.92227 -1.19211
387 35.227 75.6601 -0.384773
388 67.7304 80.9239 -1.44079
389 2.58536 6.38126 1.27731
390 85.7957 97.7105 1.18678
391 86.5685 22.8715 -2.5358
392 86.7855 6.62422 1.27916
393 67.089 83.9548 -1.55097
394 94.1619 95.758 0.9284
395 83.0743 19.3376 -2.5244
396 85.5025 13.1601 1.21875
397 96.4955 3.35059 1.0661
398 89.7811 9.91218 1.41639
399 42.2071 65.1765 -1.24638
400 86.1437 87.7121 0.573639
401 60.3521 32.8823 -1.81733
402 56.0327 91.6196 -1.59493
403 89.8208 94.4005 0.447484
404 21.8079 23.9625 1.2183
405 84.3004 95.3611 1.10485
406 69.6922 29.0482 -1.15385
407 93.9798 94.5337 0.442258
408 77.8158 28.7823 -3.04303
409 98.3268 97.5996 0.869748
410 84.1086 89.088 0.16606
411 97.4639 16.5436 1.14994
412 54.7107 90.9708 -2.01688
413 84.3341 15.4063 -2.24366
414 64.7252 81.6149 -1.71755
415 97.2898 22.3155 1.63376
416 98.2568 11.1495 1.41782
417 89.4632 89.6273 0.866944
418 92.0939 96.8232 0.360693
419 81.9016 78.0935 -0.438006
420 7.03985 11.0156 0.780585
421 86.3666 95.1388 0.421435
422 88.4572 28.7814 -2.78049
423 58.6665 47.9158 -1.73888
424 94.7327 15.5113 1.79213
425 94.8897 92.2391 0.735023
426 46.0186 64.9329 -1.33061
427 84.5557 3.9426 0.710611
428 60.7944 81.2523 -1.58766
429 63.605 80.7299 -1.42254
430 72.2439 60.0064 0.1274
431 61.1239 80.331 -1.90306
432 65.8519 73.8681 -1.75137
433 46.5816 67.5708 -2.00439
434 92.0738 16.1508 2.03393
435 81.0357 98.5164 0.642906
436 69.0652 79.764 -1.33628
437 22.8433 7.28315 0.23314
438 78.7269 86.7437 1.33631
439 48.8775 65.7432 -1.26607
440 56.1909 36.7608 -1.44694
441 90.7345 78.9307 0.520869
442 91.3543 98.2276 1.1069
443 52.218 38.2423 -2.07546
444 61.8863 81.9141 -1.20431
445 92.4959 4.31951 0.9514
446 77.1689 19.2702 -2.43947
447 68.8101 34.2492 -1.25123
448 97.4261 14.0984 1.3406
449 92.5212 2.41755 0.85299
450 86.4841 93.369 0.456844
451 51.3572 88.2442 -1.6055
452 89.7371 3.66292 0.617343
453 66.4192 77.2637 -1.90779
454 84.8437 32.2487 -2.61965
455 56.7556 32.4536 -2.15725
456 83.6285 86.5193 0.201161
457 90.7917 27.6955 -2.1644
458 2.57045 45.55 2.25484
459 58.3454 46.6238 -1.5914
460 99.7507 6.02558 1.331
461 24.0029 98.3813 -0.40604
462 64.2249 83.7284 -1.84067
463 60.6556 65.4015 -0.656346
464 65.0622 88.6125 -1.52399
465 86.638 24.887 -2.03973
466 68.8467 83.7189 -1.18291
467 94.6758 97.9739 1.23374
468 98.1328 8.14946 1.33941
469 65.4665 78.7165 -1.80193
470 86.1011 94.1636 1.30297
471 63.4379 84.3825 -1.18546
472 63.6136 85.5603 -1.16659
473 78.4948 34.1374 -1.68152
474 96.5399 13.5527 1.00885
475 73.9383 26.0724 -3.01903
476 30.8942 1.20345 0.778528
477 23.4256 28.2504 1.14935
478 75.5466 61.9353 -0.510595
479 97.8353 20.3797 1.997
480 91.2756 26.1661 -2.46277
481 0.264129 12.4076 1.55632
482 25.8003 2.00072 0.862173
483 88.56 93.8608 1.13435
484 85.3043 6.28689 0.822234
485 82.08 3.60774 1.06048
486 66.4908 76.9242 -1.39341
487 70.4924 85.5326 -1.42965
488 43.8723 71.1201 -1.46147
489 58.4673 34.9042 -1.64917
490 42.8101 12.5195 -0.638052
491 67.5037 57.9582 -0.504094
492 61.9682 82.4634 -1.79083
493 63.6697 63.7602 -0.199753
494 69.3439 53.4589 -0.459614
495 37.0872 68.2384 -2.19991
496 91.7487 2.35038 0.954382
497 94.3075 9.81985 1.34538
498 65.0164 81.5225 -1.36812
499 58.1872 44.2044 -1.6743
