500
Particles
0 26.8467 43.3069 -3.26652
1 92.6141 34.4937 1.40123
2 66.1624 99.4663 1.80807
3 67.9336 22.57 1.67775
4 34.849 70.431 2.75463
5 94.7027 30.9565 2.24489
6 53.7865 79.2822 2.72037
7 76.7717 29.424 0.97991
8 26.623 77.8718 2.21166
9 44.8148 22.6665 2.1088
10 50.1404 53.7964 2.67812
11 48.1406 85.7098 1.90245
12 72.0151 98.8709 2.02086
13 27.5837 48.7746 2.92809
14 35.5787 71.5019 2.06228
15 29.1477 53.9794 2.50534
16 69.1665 63.1413 1.84919
17 42.9714 90.0368 2.89184
18 37.4577 82.391 2.45459
19 2.33143 96.0035 2.42517
20 69.1371 23.2622 1.85422
21 50.3686 76.4765 2.1083
22 47.5699 63.7135 2.32572
23 29.1732 58.5287 3.08899
24 72.2535 25.4572 1.47758
25 37.434 56.2319 2.32999
26 2.28507 26.0394 1.97643
27 46.7029 82.8291 1.89844
28 49.7714 73.7795 2.78067
29 74.3546 97.3979 1.15198
30 51.3693 22.3827 2.6298
31 46.6356 66.7124 2.28183
32 96.154 2.27848 2.04069
33 61.1501 33.1316 0.971975
34 37.6624 53.065 2.94655
35 34.5471 85.1436 1.99928
36 56.3495 34.7962 1.35193
37 76.0499 95.029 1.5898
38 37.9889 60.2903 3.16198
39 31.391 60.539 3.11714
40 37.9017 49.2148 2.95449
41 27.527 58.2036 2.59535
42 50.8198 54.478 2.05248
43 68.7807 23.2012 1.37708
44 95.605 36.3255 1.1338
45 58.5461 60.836 1.95995
46 38.3563 56.9055 2.44724
47 92.7153 21.8089 2.43411
48 45.9322 56.6224 2.7024
49 30.832 38.6964 3.3972
50 43.6001 85.6596 2.2903
51 55.9453 69.4572 2.24929
52 67.8959 25.5349 1.27542
53 58.9679 34.3781 0.726678
54 37.1037 70.1498 2.07236
55 73.2089 20.0478 1.62726
56 38.826 71.997 2.74476
57 50.4942 47.6361 2.57086
58 40.3361 76.9784 2.36519
59 32.7382 52.7985 2.67857
60 43.5949 82.8163 2.67335
61 47.7836 55.1837 2.09518
62 24.0511 61.7377 2.71202
63 25.8365 85.9841 2.38392
64 47.8241 80.3906 2.07692
65 93.6196 22.574 2.12182
66 39.115 84.872 2.23145
67 42.4962 85.7611 2.39373
68 97.2359 18.5729 2.26371
69 63.5139 55.7359 2.04559
70 49.6682 80.0355 2.76714
71 38.1218 55.3777 2.54632
72 39.7746 81.8658 1.91185
73 76.5388 92.6235 1.30892
74 49.2393 52.3244 2.44517
75 77.5426 25.615 1.69938
76 50.998 51.6296 2.71282
77 54.0199 80.6402 2.22426
78 74.7267 100.208 1.80979
79 41.842 79.8911 2.72336
80 47.6335 56.2283 1.9244
81 42.5333 86.9312 2.64483
82 28.2459 82.6332 1.9742
83 32.7178 77.0661 2.35908
84 71.5789 17.9052 1.61059
85 48.913 58.836 1.75898
86 48.075 54.7789 2.63949
87 80.1635 89.6685 1.42255
88 74.2908 18.9497 1.83349
89 46.8811 51.3546 2.46523
90 72.249 26.1748 1.55891
91 47.8912 68.3529 2.91098
92 56.0366 78.0508 2.39354
93 30.487 69.3653 2.65702
94 47.1815 56.5754 2.38533
95 24.7992 7.06051 -0.00416127
96 50.9656 80.6936 1.9273
97 53.4237 83.6186 2.61891
98 42.6619 48.2379 2.51633
99 52.6467 75.5583 2.58953
100 70.6739 26.0171 1.80179
101 39.8266 83.0399 2.35789
102 48.6212 53.3914 2.70838
103 35.6254 49.2744 2.43721
104 48.9973 62.2849 2.5959
105 68.8904 27.8366 1.85417
106 38.5429 70.8216 2.37333
107 31.7746 55.404 2.67306
108 50.3618 66.8859 2.01039
109 40.9944 76.1759 2.33447
110 78.598 27.0173 1.06417
111 84.0005 95.2676 1.74713
112 67.1529 21.6263 1.68088
113 50.205 75.5683 1.94494
114 47.1369 83.2323 2.11317
115 66.4783 95.9034 1.60592
116 50.5201 48.5566 2.48075
117 37.7037 58.9226 2.55331
118 48.571 6.48337 -1.43591
119 34.67 73.9951 2.02002
120 32.16 48.0386 2.30925
121 82.7465 28.4011 1.23124
122 41.8094 53.5079 2.68822
123 31.8017 71.7756 2.68625
124 65.8162 99.1697 1.66459
125 93.5864 4.10667 2.9734
126 66.8198 65.1758 1.51127
127 25.4193 53.4793 2.82579
128 74.6334 24.9518 1.2678
129 42.2793 82.478 2.60938
130 40.5523 64.6489 2.45608
131 50.0574 53.1989 2.22505
132 93.3718 1.64734 2.98862
133 12.1153 4.86727 -0.370445
134 61.6953 38.781 1.11559
135 61.8354 86.0998 1.24972
136 47.6469 49.3799 2.2682
137 50.2449 80.0833 2.02728
138 50.0589 57.1737 2.03227
139 34.0579 48.77 2.59943
140 51.2364 53.5472 2.66643
141 91.5137 10.412 -0.0151787
142 34.4988 75.3609 2.6757
143 28.4195 92.7632 1.61878
144 49.7362 81.394 2.23652
145 42.9501 86.0653 2.35176
146 31.6736 53.03 2.56801
147 64.0179 32.909 1.50227
148 76.9474 91.3982 1.68573
149 37.4119 86.1722 2.44064
150 49.8512 54.9684 2.2681
151 100.057 1.2554 0.0979711
152 47.7258 49.3748 2.63847
153 50.861 65.2181 2.77221
154 70.303 60.6619 1.89721
155 7.98936 18.4741 1.67742
156 29.2146 77.6902 2.48902
157 20.4505 54.1618 2.37343
158 2.15169 27.3436 1.49761
159 32.4131 97.121 1.58497
160 60.1138 35.294 0.827343
161 34.8458 98.8643 1.53739
162 36.3949 84.9901 2.33074
163 75.5864 14.5017 0.74077
164 93.7352 23.1978 2.07854
165 32.242 82.9962 2.3764
166 72.3533 17.5975 0.972137
167 83.0914 93.2013 0.990782
168 42.465 81.9252 2.57204
169 86.4251 23.131 2.76994
170 26.3339 12.9914 0.562626
171 50.8145 78.0978 2.12048
172 29.6655 51.0534 2.88694
173 52.7756 53.4973 2.17715
174 94.2987 28.2023 1.78501
175 94.6313 1.88373 2.14441
176 66.6313 0.932588 1.54813
177 35.6814 46.2842 2.98276
178 69.6544 24.5529 1.75377
179 48.5228 73.2551 2.10009
180 52.5532 78.9578 1.81037
181 30.761 92.4791 1.63261
182 41.3935 73.6987 2.7717
183 22.1948 37.042 -2.93112
184 60.4737 80.738 2.32432
185 97.4533 22.52 1.9338
186 50.6928 61.5571 2.00308
187 34.645 13.3412 0.886247
188 22.2345 53.4774 2.6727
189 49.8087 90.2505 2.28051
190 96.7546 27.1419 2.51268
191 65.7728 92.248 2.06182
192 42.7795 42.6694 2.02659
193 56.3227 72.8016 2.31603
194 41.2136 49.6409 2.2911
195 47.4163 76.5845 2.75596
196 32.8874 44.8632 2.52278
197 44.8745 50.927 2.62647
198 57.4658 79.5502 2.34274
199 21.5343 15.6609 0.918341
200 56.7866 80.8676 2.43728
201 71.5326 94.9634 1.24689
202 69.8645 26.5245 1.40028
203 39.3433 99.1069 1.24631
204 2.46619 25.1249 1.9494
205 81.8738 92.7251 1.3247
206 38.5238 48.4273 2.3873
207 35.4141 56.5789 2.87034
208 32.4462 87.5024 2.52653
209 31.4584 12.8792 1.55536
210 42.1063 83.5233 2.32295
211 50.84 62.0138 2.16471
212 7.52904 14.7331 1.03154
213 97.653 97.3462 2.39104
214 22.0209 50.5204 2.39627
215 35.8283 60.5485 2.86171
216 57.3888 62.3228 2.15073
217 47.6991 75.9089 2.33561
218 47.13 94.1728 2.39711
219 42.8219 90.9084 2.01001
220 76.6491 93.4097 1.71978
221 60.291 74.6489 2.49151
222 74.8321 93.7614 1.48567
223 73.7601 29.0288 1.05129
224 64.3474 23.2166 1.52742
225 69.5139 98.8117 2.02276
226 20.2631 7.4558 0.0505743
227 54.444 66.1199 1.7337
228 49.0161 55.1798 1.99566
229 55.2856 59.9763 2.02194
230 27.2565 52.8022 3.29413
231 45.5953 82.6796 2.70313
232 54.6592 73.6484 2.39159
233 37.4677 53.8459 2.4891
234 34.9335 50.609 2.50461
235 37.287 69.1772 2.35397
236 68.0494 59.0997 2.61823
237 67.5317 99.0151 1.54794
238 42.7785 74.3314 2.52388
239 36.1325 77.5517 2.35146
240 47.2844 82.9423 2.84931
241 28.3758 76.8225 2.60504
242 52.9989 63.9697 2.39866
243 55.8392 80.6441 1.93829
244 34.6077 99.0593 1.55589
245 54.1823 68.1755 2.13282
246 50.9566 58.8844 2.21154
247 96.9469 25.4059 2.05773
248 33.4194 71.4432 2.53094
249 44.2331 47.3614 2.42453
250 43.2173 82.0433 2.69239
251 47.2766 90.3532 1.83856
252 70.5394 29.0945 2.01258
253 59.7819 23.9865 1.97217
254 49.8384 52.9968 2.13349
255 37.8511 84.4431 2.19154
256 52.4235 61.9117 1.97875
257 45.5171 51.8509 2.69355
258 29.3554 81.2813 2.77059
259 36.4912 69.1156 2.17032
260 14.8964 6.45956 0.277448
261 34.6249 74.5487 2.13658
262 53.0798 56.4801 2.2801
263 54.0487 73.0098 2.05117
264 63.3462 34.0681 1.0343
265 47.6707 53.0923 2.17349
266 34.4388 41.0375 2.83754
267 48.5291 82.715 2.80299
268 32.5177 48.8174 2.78421
269 44.5981 84.2615 2.62678
270 40.2246 74.8438 2.93099
271 39.2064 72.0606 3.02203
272 95.9973 97.8754 2.69426
273 34.0361 49.134 2.85799
274 40.5875 59.2161 3.21037
275 51.5171 56.875 2.18027
276 35.4514 37.6531 2.7803
277 56.8556 78.5583 1.68354
278 82.4365 29.6023 1.3469
279 53.4212 64.786 2.09753
280 46.9853 80.4582 2.70183
281 49.2115 58.8879 2.03651
282 37.3404 73.0659 2.80612
283 86.1925 92.3335 1.75414
284 68.9307 56.0403 1.88062
285 54.5552 82.3326 1.78281
286 25.3638 57.0195 3.3088
287 47.7673 57.6662 2.33855
288 40.7053 95.0572 2.08409
289 64.3239 55.8019 2.08617
290 39.3815 55.2605 2.59324
291 22.5867 32.6092 2.64216
292 4.83109 18.447 1.32071
293 36.2016 54.6822 2.8577
294 40.2474 70.5571 2.92292
295 50.3423 77.0023 2.66913
296 62.4259 81.1595 1.8251
297 68.8024 63.058 2.31046
298 33.0238 79.1938 2.15879
299 71.6897 94.6251 1.41966
300 42.1812 53.5447 2.66319
301 42.4059 85.1491 2.55771
302 30.9103 47.0063 2.30591
303 49.8166 58.4485 2.56111
304 25.8046 87.4564 2.5972
305 49.7573 90.0825 1.78006
306 62.9963 29.8973 1.26996
307 67.6142 96.8979 1.71731
308 36.0461 78.4927 2.08969
309 37.8111 57.4069 3.20191
310 66.7185 31.4663 1.65606
311 32.1009 59.7063 3.39008
312 53.563 68.7949 2.5054
313 98.1215 99.2271 2.44887
314 40.6861 86.9124 2.30699
315 51.5338 63.2797 2.36161
316 54.8863 76.2671 2.09886
317 38.4136 75.2223 2.85158
318 66.9783 97.3212 1.17226
319 72.9645 94.9377 1.20596
320 76.04 93.116 2.07858
321 41.3589 88.396 1.93003
322 77.6009 89.6582 1.54059
323 40.8753 79.2134 2.34971
324 21.4724 10.0634 0.342329
325 56.5212 61.0916 2.52096
326 47.1229 52.6052 2.6748
327 38.7388 52.2965 3.11414
328 85.1255 90.0137 1.57796
329 75.3882 2.99348 0.831288
330 98.6109 97.9857 3.0312
331 67.371 34.6042 1.85528
332 24.3786 10.3928 0.736855
333 60.0827 81.7229 1.64474
334 31.2039 63.0315 2.68564
335 69.3377 94.1196 2.13202
336 78.8613 92.3589 1.42639
337 34.5358 71.6293 2.95389
338 59.4164 63.9624 1.64811
339 43.8121 53.7168 2.51132
340 27.1758 47.043 2.63736
341 35.2311 78.892 1.99196
342 42.9529 82.809 2.72813
343 56.4804 62.7618 1.87865
344 51.1953 57.814 2.5073
345 76.8571 22.9365 1.4195
346 29.1901 59.2254 3.19569
347 16.1605 4.86783 -0.0939186
348 23.6531 56.852 2.73622
349 97.3158 24.5671 2.01974
350 50.125 62.1303 1.81314
351 28.4308 87.2769 2.00508
352 95.8257 33.3689 1.10717
353 75.0351 27.2587 1.06984
354 41.9141 46.0711 2.4209
355 50.5896 50.7903 2.56718
356 81.2573 88.9636 1.50805
357 96.6392 24.23 2.09758
358 46.034 80.3439 2.45875
359 35.2916 54.3565 3.1077
360 37.0075 88.3549 2.07803
361 31.3783 40.4373 -2.65874
362 45.8465 76.2295 2.5103
363 50.0828 57.1183 1.93367
364 71.116 33.5306 1.34669
365 51.179 69.9535 2.83679
366 54.2638 80.4168 1.76434
367 81.4888 93.7321 1.68309
368 29.5401 50.8723 3.16253
369 1.5581 98.2158 2.63005
370 63.0429 26.6333 1.25874
371 40.1177 84.6958 2.15611
372 44.5341 72.7234 2.90362
373 58.4569 84.6525 1.87703
374 43.3846 85.9673 2.44796
375 60.3306 78.4147 2.01973
376 46.3037 77.6097 2.72665
377 97.508 0.89372 2.91903
378 39.5125 56.9194 2.9161
379 77.4854 95.9298 1.8773
380 50.181 55.0109 2.6565
381 18.4793 14.1778 0.413738
382 51.3087 79.0413 2.74877
383 77.9636 20.781 1.72958
384 52.7772 72.7779 2.63881
385 77.3211 29.146 1.33123
386 57.2473 32.2512 0.825038
387 30.7395 37.6207 3.38631
388 57.9817 59.3055 2.04975
389 35.3482 54.3043 3.1236
390 31.3834 79.9218 2.2209
391 40.0402 78.3247 2.1651
392 36.9334 54.1787 2.44968
393 57.3038 64.9863 1.973
394 52.1894 81.6374 2.17638
395 43.727 78.672 2.47245
396 43.1755 89.3042 2.44953
397 46.1597 81.8808 2.57135
398 99.4361 99.1568 2.20919
399 30.1903 76.1601 2.52207
400 32.7559 72.3972 2.30506
401 25.391 6.97322 0.841642
402 41.2856 44.1184 2.4673
403 52.0687 77.6435 2.47084
404 43.2373 56.3435 2.57097
405 93.2465 33.6802 1.59008
406 25.4179 48.747 2.72291
407 54.0275 82.461 1.97382
408 37.5608 62.6705 2.5279
409 84.9844 92.1537 0.887113
410 34.2531 74.3367 2.70936
411 46.2616 84.0985 2.36767
412 51.1287 50.1884 2.74486
413 33.9398 75.094 2.20346
414 55.5084 64.11 1.83511
415 88.3383 21.6321 2.02885
416 56.3831 77.0552 2.59733
417 33.1428 72.8619 2.4129
418 45.5695 84.6247 2.72965
419 74.7932 20.3818 1.53421
420 34.8296 52.8871 2.38714
421 44.7024 83.9528 2.64783
422 36.6936 72.6024 2.87945
423 74.5747 89.4843 1.17095
424 44.563 90.3001 1.92786
425 49.5264 73.0247 2.57564
426 15.4294 10.7426 0.416018
427 44.07 87.2263 2.1468
428 46.1444 59.1722 2.62264
429 51.0672 56.4925 1.67904
430 25.1389 94.0367 2.29317
431 60.5771 77.1337 1.91126
432 40.0143 86.6931 2.00847
433 86.8451 89.3586 1.36456
434 40.7323 54.2349 2.27059
435 71.448 31.7817 1.82266
436 32.3211 94.0096 1.72562
437 34.7873 48.9694 2.76972
438 73.1838 100.164 1.39893
439 78.9764 95.1964 1.63462
440 52.8446 52.0411 1.83992
441 23.5703 49.0094 2.76385
442 49.7563 82.4867 1.83941
443 19.5683 18.1434 1.06996
444 53.3088 69.543 2.33779
445 88.9545 27.4843 2.69234
446 77.9328 28.5869 1.49608
447 27.5246 56.8293 3.14772
448 48.3214 79.1053 2.60636
449 61.5889 56.1047 1.74365
450 36.3642 79.754 2.74919
451 40.1107 46.555 2.48802
452 45.1136 89.5345 2.15808
453 49.0684 51.1479 1.90063
454 48.572 87.402 2.58802
455 84.1776 22.2907 2.23758
456 31.0725 69.4111 2.78409
457 40.7562 73.8183 2.88909
458 42.6962 69.5098 2.59001
459 98.3979 20.2696 1.64032
460 36.8325 51.4049 2.96264
461 65.0693 27.2476 1.63163
462 54.3556 67.8426 2.25034
463 43.0855 75.5043 2.35302
464 62.6635 72.1572 2.59298
465 36.5648 77.1313 2.56585
466 54.5121 60.5283 2.15276
467 80.6439 93.2265 1.78323
468 30.7337 49.8764 2.82957
469 30.3778 88.2981 1.74663
470 24.8936 98.5262 1.87772
471 41.696 56.556 2.12125
472 55.6972 69.4255 2.23431
473 56.5783 78.0546 2.15984
474 23.1584 13.8395 0.192157
475 27.0626 53.0293 3.09419
476 96.6798 23.4639 2.22939
477 53.0277 59.3485 2.31686
478 33.3915 89.5588 1.76717
479 74.4554 21.9463 1.32806
480 33.1239 58.4246 3.29611
481 80.1769 88.5272 1.68498
482 41.725 45.0645 2.26701
483 33.7369 78.6869 2.45774
484 30.6879 54.0785 2.65535
485 24.961 39.4421 -3.23825
486 55.4847 56.965 2.68487
487 51.5537 58.1041 2.37047
488 28.8225 75.6553 2.3921
489 72.0941 21.052 1.50325
490 80.4489 25.4682 0.812197
491 45.4089 53.4049 2.02972
492 56.9227 72.7728 1.9515
493 49.1046 62.5968 2.75003
494 43.3154 46.9127 2.9507
495 36.3428 56.3351 2.82655
496 48.1095 82.0518 2.14327
497 44.4068 85.4023 2.01097
498 54.1018 55.1833 2.16344
499 75.0723 1.88905 0.403358
