500
Particles
0 54.2179 60.2826 0.818426
1 29.3525 61.3538 1.46633
2 22.477 68.317 1.74105
3 51.6678 96.7254 -1.43625
4 24.8815 43.5185 2.07084
5 28.2905 79.714 1.65336
6 45.4873 56.9392 1.27859
7 19.0797 10.8508 0.437721
8 44.9443 93.2764 -2.33305
9 46.8224 0.730892 -1.80323
10 41.8832 88.0073 -2.19765
11 13.9908 5.07423 0.65517
12 53.2514 1.96987 -1.70067
13 66.2385 72.0961 -0.281521
14 26.1808 45.5358 2.09823
15 45.7434 23.5838 -2.71612
16 47.3614 8.33167 -2.24657
17 26.7081 36.4226 1.6805
18 32.4769 58.7009 1.85258
19 1.30157 85.732 2.45486
20 51.583 95.5703 -2.13463
21 43.5159 56.5244 1.79394
22 32.7694 88.2572 2.9244
23 28.6061 40.5672 1.30467
24 93.1369 20.5058 -2.86024
25 22.0792 84.0033 1.75083
26 28.9575 79.3394 1.36111
27 18.8121 96.2588 1.6295
28 53.2751 63.1988 1.02015
29 29.5763 38.6414 1.60992
30 25.1476 72.1209 1.62741
31 31.1248 95.6759 -2.16739
32 48.3026 90.8068 -2.29558
33 25.731 67.3252 1.98318
34 33.6554 90.6054 -2.70705
35 40.6779 74.1317 1.75287
36 10.9278 8.79722 0.697681
37 43.6539 63.0825 1.17487
38 12.0483 77.9709 1.97238
39 22.8815 41.0794 2.36066
40 36.2687 87.9421 -2.79146
41 69.1122 75.9995 0.270609
42 41.0263 -0.236469 -2.00903
43 87.5237 3.397 1.56546
44 30.5595 66.1046 1.35314
45 45.7319 5.89627 -1.82849
46 34.5763 1.44291 -1.78287
47 6.20091 18.0655 3.04988
48 37.6638 93.8583 -2.30387
49 22.8821 78.9539 1.46563
50 48.8158 96.7959 -1.89076
51 35.5913 5.13145 -2.08551
52 92.0543 18.8534 -2.48191
53 11.1084 8.58523 0.776913
54 32.7782 46.3592 1.14267
55 17.9724 89.064 2.13995
56 34.1777 48.3074 2.13891
57 40.3424 81.5408 2.3577
58 31.7499 51.6454 1.9303
59 20.8565 81.9822 1.72567
60 37.0875 66.847 1.50121
61 40.6617 96.2044 -1.73408
62 39.8438 76.3537 1.90088
63 26.2217 56.7998 1.60204
64 38.9256 63.2201 1.91375
65 13.1674 89.4584 2.11844
66 37.826 70.3679 1.4706
67 41.4057 71.8493 1.83278
68 11.143 86.8392 2.58669
69 40.2177 77.1022 1.73856
70 42.9878 60.0555 1.69991
71 27.4285 84.546 1.82177
72 36.8669 65.6482 1.76904
73 48.7776 61.8662 0.965819
74 34.8634 78.4131 1.28881
75 60.3076 45.2176 -1.77581
76 38.6226 78.9504 1.62305
77 42.0891 60.0625 0.938926
78 24.5727 72.1192 2.27167
79 31.9767 54.1487 2.06297
80 36.0092 82.8834 1.74024
81 38.8873 69.2223 1.27588
82 3.71406 82.9922 2.21625
83 28.2103 50.953 1.3556
84 24.8116 90.4453 2.02369
85 32.1396 81.6128 1.92854
86 38.0647 84.9529 2.84117
87 7.59224 84.3656 1.81717
88 99.6957 84.4947 1.87112
89 32.1814 79.6539 1.13677
90 59.4855 41.3918 -1.44275
91 29.2694 96.0499 -2.56135
92 7.10922 83.0124 2.53067
93 30.5835 48.3101 1.95924
94 39.0568 90.5725 -2.51982
95 49.6591 67.1388 1.56179
96 39.8065 60.5237 1.93135
97 43.8805 64.7464 1.7691
98 31.9742 79.4331 1.91655
99 54.3728 87.9474 -1.70434
100 93.5855 17.5798 -3.20938
101 35.0355 59.4304 1.15099
102 42.5582 96.2939 -1.93031
103 28.324 83.3887 1.59569
104 38.9313 97.5559 -1.55194
105 58.1358 41.2773 -1.87924
106 34.0561 48.5593 1.68501
107 52.6423 62.613 0.943033
108 37.1459 3.82947 -1.87746
109 35.6211 51.2091 1.6311
110 67.1863 95.128 -0.921265
111 44.8594 62.5056 1.18969
112 50.6168 94.2153 -1.36331
113 47.262 57.2099 1.3177
114 45.1637 37.3067 -2.45009
115 43.8064 70.1053 1.69966
116 32.0699 73.2419 1.12692
117 23.3713 86.6102 1.54262
118 51.9234 0.0349997 -2.11497
119 29.5913 46.902 1.86384
120 24.4234 84.3189 1.70883
121 45.613 94.0737 -2.18693
122 37.5843 92.7788 -2.00821
123 29.8711 58.2643 1.59625
124 61.54 72.7223 -0.0114446
125 14.5424 87.6869 2.32461
126 24.0469 9.33363 0.589795
127 64.6755 74.8386 0.374252
128 92.8026 21.9267 -3.16815
129 54.3085 56.7175 1.4552
130 54.007 67.6249 1.04298
131 40.7552 87.1724 -2.15467
132 96.4239 56.1966 -0.0821195
133 96.4595 62.7635 -0.670159
134 24.1191 77.7755 1.90363
135 47.1124 61.5581 1.02684
136 32.7941 77.0711 1.61694
137 45.6462 61.5882 1.3208
138 39.8083 92.1008 -2.14496
139 29.937 87.2427 1.65031
140 42.7947 97.8125 -2.16826
141 15.9389 89.2673 2.07282
142 30.5124 51.0167 1.52296
143 47.1274 6.00086 -2.71815
144 41.4061 65.0939 0.958454
145 52.5845 58.8726 1.37537
146 54.8667 65.1148 1.35515
147 22.1904 66.143 2.25657
148 52.8104 66.9401 1.69492
149 36.9731 69.628 1.72473
150 42.6267 97.9089 -1.76409
151 46.681 70.9195 1.05206
152 36.5471 79.0306 1.58856
153 36.8957 99.4944 -1.97598
154 47.1777 7.31521 -2.14486
155 96.7777 62.1199 0.0740366
156 46.3439 95.8584 -1.94914
157 40.9373 7.36052 -1.78354
158 27.1151 80.511 1.19355
159 42.9253 20.5169 -2.22889
160 25.3982 70.7471 1.93733
161 25.2128 13.2058 0.261745
162 49.0628 98.906 -2.34475
163 11.9088 85.3078 2.18916
164 62.7839 62.0555 -0.244674
165 39.9182 73.5716 1.10905
166 9.41133 86.4071 1.90007
167 47.6409 64.6624 1.49181
168 34.1829 57.9571 1.55329
169 94.7883 10.3079 -2.22013
170 23.9518 64.1011 1.76294
171 43.903 56.9274 0.819774
172 50.9906 60.1452 1.59247
173 43.2052 98.4783 -2.48424
174 24.4261 77.9716 1.81583
175 27.9125 3.29176 -1.26054
176 44.817 24.5638 -2.47498
177 31.1413 84.5553 1.20581
178 93.7611 11.2351 -1.94976
179 52.9778 62.7641 0.810523
180 48.2418 58.3539 1.53607
181 46.9418 1.41223 -2.47398
182 35.5551 48.834 1.58536
183 62.7011 91.3276 -1.35899
184 10.5748 82.9041 2.01671
185 92.856 63.5456 -0.237699
186 38.3588 91.3316 -1.61452
187 49.9061 94.9731 -1.52684
188 24.0951 51.7469 1.15513
189 25.478 72.2833 1.50458
190 23.5131 77.2743 1.57856
191 41.5806 66.6962 1.37456
192 34.9997 80.3841 1.30621
193 33.1733 96.6011 -1.97615
194 30.4007 78.9622 1.86662
195 41.5782 58.6706 1.05356
196 23.6719 79.4845 1.60312
197 38.4964 84.9309 2.4114
198 6.58559 82.9955 2.01207
199 25.9249 79.3742 1.93706
200 45.4748 59.9952 1.61812
201 24.3257 39.0395 1.51006
202 91.3046 19.9092 -3.32325
203 38.6047 19.9781 -2.5319
204 27.4239 78.1244 1.818
205 50.3518 62.4593 1.1905
206 33.205 84.9093 1.50855
207 20.8702 84.1787 1.53944
208 14.4226 84.5235 1.80911
209 53.8979 96.6766 -1.92539
210 36.1196 62.4098 0.96526
211 36.0934 87.9298 -2.98931
212 96.2868 58.54 -0.233796
213 48.2064 73.0594 1.0391
214 24.7681 52.6315 1.8705
215 50.7272 58.5436 1.64821
216 44.7669 9.41976 -2.68981
217 44.7758 56.1362 1.12092
218 38.7542 10.804 -1.97791
219 27.5753 35.7089 1.95024
220 47.0185 62.8111 1.18029
221 37.5551 8.69287 -1.9257
222 40.6299 64.0813 1.63242
223 58.3522 46.9683 -1.91913
224 50.87 94.7804 -1.34775
225 14.014 6.91338 0.0967189
226 44.4883 1.30438 -1.88562
227 39.2433 95.4417 -1.74121
228 39.5338 84.7385 3.2819
229 43.0961 1.5699 -2.63141
230 67.1188 73.1225 0.461239
231 37.6473 64.1689 1.07425
232 29.778 95.3359 -2.27696
233 28.5934 85.1177 1.26855
234 23.3105 80.6251 1.6585
235 33.3138 45.7188 1.49217
236 43.5496 96.7857 -2.38189
237 28.0562 71.2733 1.24878
238 29.327 44.157 1.92144
239 24.5342 47.177 1.83186
240 51.7424 1.94836 -2.29076
241 33.6956 68.1534 0.882635
242 39.0659 4.66405 -2.15612
243 46.9665 59.146 0.858523
244 24.8056 10.7067 -0.0546155
245 37.0541 5.74452 -2.42565
246 40.7573 90.0872 -1.95169
247 64.0437 77.2995 0.531458
248 27.4414 49.7338 1.18618
249 29.9727 75.1471 1.52416
250 14.5105 98.9531 0.781648
251 22.6548 71.7704 2.01272
252 17.4712 10.1223 0.808691
253 87.0516 8.35912 1.54436
254 40.4452 87.1049 -2.4627
255 38.1436 70.5419 1.48285
256 40.6518 2.93988 -1.91065
257 40.5286 90.9806 -1.86037
258 46.3494 96.8911 -1.79978
259 36.5787 47.9468 2.03361
260 26.5041 78.3184 1.94177
261 29.853 50.3054 1.99716
262 44.2332 2.98436 -2.30544
263 28.6574 90.377 1.59025
264 25.5409 67.7823 1.80441
265 35.3513 81.8338 1.33376
266 31.1419 82.7221 1.09876
267 38.2574 62.7741 1.62125
268 31.4866 91.0654 -2.731
269 16.029 98.0779 0.821255
270 32.3219 51.2854 1.71666
271 34.4492 48.0382 1.18054
272 46.9587 82.404 0.911425
273 24.8679 81.578 1.90327
274 30.965 87.863 1.49201
275 41.3608 96.9118 -2.50156
276 28.1351 78.6833 1.5758
277 50.9355 61.5254 1.48033
278 27.617 62.0928 2.07516
279 39.5879 7.10348 -2.57602
280 29.9967 49.416 1.52453
281 40.3614 93.611 -1.85759
282 29.7794 46.5754 1.93933
283 43.7867 70.0559 1.86137
284 33.3062 71.0654 1.58882
285 44.4683 60.5759 1.10623
286 63.2556 76.3204 0.628624
287 37.88 90.3856 -2.45166
288 57.8945 91.3792 -1.93212
289 28.8741 66.002 1.55555
290 34.9721 96.1402 -1.81576
291 30.8233 62.9947 1.7859
292 92.9581 5.06276 1.6047
293 29.0501 87.7108 1.86473
294 31.1485 44.3223 1.17934
295 20.3444 9.16855 0.53756
296 12.1377 82.8507 2.44322
297 44.4762 1.23053 -2.47754
298 31.8557 64.3519 1.71949
299 44.9182 64.844 1.38165
300 32.4408 83.2915 1.33699
301 39.2609 67.639 1.50686
302 15.46 75.6073 1.97684
303 39.3468 93.1011 -2.15465
304 27.6633 58.8859 1.458
305 24.658 73.4541 1.77164
306 13.6809 7.05256 0.550041
307 24.1591 69.7937 2.18715
308 31.4635 50.5629 1.74286
309 26.997 86.1067 1.72654
310 15.3518 6.08666 0.42753
311 70.8143 72.275 0.361223
312 36.5335 6.22004 -2.43465
313 47.8157 71.4035 1.18915
314 38.9354 22.5997 -3.07935
315 37.7882 96.5567 -2.33803
316 46.7982 59.8148 0.867506
317 32.3265 53.7978 2.05665
318 51.9462 3.22702 -2.01327
319 42.0327 65.6752 1.28481
320 44.0528 62.4779 0.914828
321 27.0043 35.59 1.54292
322 46.6389 60.6096 1.46845
323 30.7793 54.2728 2.04939
324 29.8448 71.1007 1.67309
325 42.9705 2.31109 -1.8061
326 40.6008 87.6999 -2.12583
327 30.0803 84.0573 1.64418
328 10.066 83.5001 1.65653
329 51.9465 91.1056 -2.07151
330 45.743 70.0393 1.71468
331 96.21 59.0069 -0.618684
332 51.2149 90.9532 -1.4741
333 0.625539 81.4451 1.91507
334 24.7766 43.1756 2.02257
335 43.3871 64.9018 1.86106
336 46.2979 62.3375 1.79432
337 25.5982 45.636 1.79008
338 41.6044 0.889386 -2.19104
339 38.3056 89.1718 -2.28503
340 38.1353 58.3475 1.60489
341 24.4495 51.3515 1.51144
342 36.7184 59.1497 1.68643
343 42.2899 7.27433 -1.75949
344 41.868 93.9358 -2.20647
345 89.7974 1.88097 1.56158
346 70.6538 76.5006 0.447284
347 27.0059 79.5303 1.58704
348 24.3745 51.1316 1.79058
349 24.3808 74.28 1.7013
350 39.13 2.65527 -1.70102
351 46.0525 96.5187 -2.12079
352 29.1015 62.3045 2.03557
353 61.0147 43.9603 -1.37859
354 33.5319 80.9952 1.68259
355 43.6001 89.0655 -2.45482
356 53.9319 89.015 -1.12797
357 99.6836 62.6085 -0.309659
358 32.732 53.0762 1.86916
359 24.7737 85.7501 1.58107
360 42.4528 16.6123 -2.93499
361 20.9707 78.7319 1.97832
362 40.7688 60.2136 1.56203
363 37.155 82.4692 1.71742
364 25.8388 68.0085 1.83075
365 34.0062 1.05281 -2.5792
366 46.6558 58.87 1.01386
367 49.6797 63.3189 1.75081
368 54.4975 64.1679 1.58177
369 87.6805 99.954 1.81544
370 54.5057 5.16017 -2.26884
371 39.3519 70.0948 1.6568
372 32.2037 44.4503 1.96086
373 46.4161 60.733 1.19146
374 24.5047 70.1885 1.59496
375 32.1275 0.421473 -2.04185
376 36.5455 50.7609 1.74957
377 45.4881 68.2446 1.01071
378 34.8151 4.62085 -2.60419
379 46.2883 65.3303 1.77897
380 41.9795 0.152516 -2.28443
381 31.9291 78.2296 1.74115
382 41.8614 57.3051 1.25149
383 99.4261 20.1835 2.99697
384 26.2036 88.9371 1.24514
385 17.536 5.62648 0.872098
386 9.83069 9.31863 0.714166
387 28.2107 82.7809 1.62573
388 45.118 2.42095 -2.64551
389 20.7996 81.3915 1.1174
390 33.9926 62.3914 1.80654
391 31.5936 49.8819 1.62517
392 6.61144 74.8396 0.663056
393 40.8021 5.19985 -1.68264
394 43.0759 59.6867 1.78077
395 35.1112 54.7703 1.85339
396 28.6342 34.5817 1.32869
397 42.1579 70.5306 1.36682
398 48.1626 86.2112 -1.43656
399 37.1874 72.2169 1.84567
400 26.2241 46.513 1.29377
401 10.1854 85.9973 1.67835
402 35.7933 82.7684 1.54379
403 40.1412 57.0236 1.1608
404 33.6711 85.1679 1.13262
405 28.3298 62.6308 1.72317
406 64.2486 73.2011 0.509285
407 43.5826 58.7459 1.01058
408 48.7442 59.3023 1.48506
409 48.8823 61.912 0.987597
410 24.7242 46.8519 1.86002
411 46.906 35.7013 -2.93713
412 42.7965 80.3659 1.85631
413 30.2667 49.709 1.2388
414 39.4586 2.40439 -1.91073
415 90.1004 4.62438 1.8626
416 13.2147 82.326 2.48083
417 27.34 49.2691 1.82765
418 37.7513 63.2264 1.55029
419 4.10186 21.3774 2.96121
420 25.4995 85.2789 1.44812
421 34.2166 60.1682 1.9312
422 32.4708 49.608 1.98786
423 45.6269 60.637 1.64854
424 44.0335 24.1923 -2.35574
425 44.3692 55.6211 1.05592
426 45.2613 67.3619 0.952366
427 20.5895 71.4301 1.36443
428 38.5137 1.4521 -2.50984
429 43.044 1.56313 -2.68116
430 25.4476 12.3581 -0.112695
431 33.7352 2.27537 -1.70411
432 46.9805 94.9294 -1.94872
433 48.2592 67.9933 1.40915
434 34.5587 89.4965 -2.56288
435 22.9704 66.167 1.52323
436 46.5968 2.70027 -2.47817
437 28.7905 83.8823 1.10051
438 25.2755 39.3191 1.84391
439 49.2281 63.6638 1.45373
440 34.96 75.3646 1.84884
441 62.3473 68.5177 -0.117697
442 42.6342 60.4862 1.82843
443 31.7292 81.7643 1.54251
444 36.4712 3.56775 -2.09656
445 23.7433 76.3893 1.26397
446 64.9508 69.9487 0.326463
447 67.4104 76.9935 0.0585973
448 46.5843 28.2187 -2.64635
449 32.4768 70.9673 1.72921
450 30.5957 52.726 1.41495
451 34.8018 82.1682 1.99895
452 22.8433 72.8044 2.24797
453 42.9226 -0.115336 -2.424
454 54.3358 57.8099 1.03839
455 4.54569 86.7019 2.50222
456 23.3873 45.0807 2.09714
457 33.6586 44.6666 1.68658
458 50.7247 -0.404195 -2.18796
459 22.5183 94.3983 1.51849
460 23.8725 79.2086 1.95062
461 59.2802 41.2606 -1.91705
462 37.8438 5.05694 -1.94642
463 35.0215 50.1742 2.01703
464 40.764 10.5311 -1.98236
465 30.9846 52.9433 1.85226
466 42.4563 4.72123 -2.16309
467 45.0597 61.6173 1.01952
468 20.7624 81.967 1.31547
469 45.1169 99.4672 -2.50772
470 30.8005 59.9668 1.93906
471 38.235 5.31456 -1.7454
472 37.4828 6.40955 -2.04376
473 49.9216 59.6513 1.35015
474 45.6434 24.6744 -2.79908
475 66.123 72.8137 0.390443
476 97.7916 63.8381 -0.303822
477 37.4456 84.7609 2.57243
478 28.4235 97.6758 -1.80823
479 94.9268 2.48195 1.35266
480 32.0949 43.3272 1.20408
481 12.5245 82.529 2.06754
482 32.9194 79.1283 1.97454
483 32.2733 55.8669 1.46776
484 8.7224 79.7256 2.65929
485 15.4457 75.0009 2.27862
486 44.742 97.8799 -2.47822
487 44.6509 9.26653 -1.90663
488 39.6686 74.6829 1.15899
489 8.6323 86.0366 2.45824
490 18.5332 10.1427 0.595575
491 40.7845 91.9558 -1.89061
492 36.4975 4.15923 -2.4103
493 36.896 93.2221 -1.66765
494 40.6436 89.445 -1.95303
495 26.4387 85.8161 1.45936
496 40.9469 66.5236 1.79554
497 44.5192 20.742 -2.59777
498 43.9369 1.59546 -1.86187
499 20.7095 92.3896 1.71856
