500
Particles
0 54.9321 55.6523 -1.80072
1 99.5744 12.3676 0.987899
2 96.8355 17.7756 0.302143
3 82.7641 49.8534 -2.05551
4 97.969 1.23288 0.489578
5 13.5559 21.9416 0.577826
6 6.10076 12.6204 0.446803
7 59.0184 0.217513 0.0893606
8 66.3352 51.0306 -1.11435
9 67.5986 56.9843 -2.01032
10 82.4379 33.2018 2.3829
11 56.2044 98.3186 -0.316737
12 89.2055 30.2575 1.97333
13 56.5317 14.5766 -3.1363
14 0.978344 2.79365 0.290788
15 94.6202 34.5106 2.16593
16 88.1948 51.6263 -3.00028
17 65.4991 19.8713 3.15765
18 1.02254 11.626 1.04147
19 95.0736 89.8588 -0.208456
20 79.8525 50.65 -2.97894
21 8.23157 10.0511 0.61974
22 74.3973 25.7498 2.49075
23 67.5526 23.5421 2.86803
24 13.5923 67.0402 2.74507
25 12.3236 26.3546 0.935563
26 30.9199 18.2396 1.8443
27 61.632 94.536 -0.605719
28 52.5761 58.1876 -2.11033
29 68.5344 23.0711 3.20821
30 0.928946 21.3979 0.19642
31 93.3068 74.7086 1.13803
32 77.9501 45.8216 -2.4573
33 97.1878 16.9603 1.15528
34 73.6091 34.6433 2.97826
35 49.0261 55.7931 -1.68794
36 56.0642 0.529927 0.00526729
37 7.47468 15.9849 0.846491
38 92.1174 23.1935 1.78431
39 96.5645 2.88694 0.920553
40 77.4119 24.8901 2.75646
41 56.3993 15.7696 -3.1211
42 63.9046 57.1724 -1.40958
43 95.6162 42.4645 1.60798
44 99.7931 17.2727 0.31563
45 71.3247 60.8815 -1.13156
46 56.8726 59.2944 -2.13334
47 63.6267 15.0985 -2.88764
48 64.275 48.8361 -1.31546
49 13.8422 20.6296 0.460399
50 74.4272 52.7221 -0.887856
51 59.6774 62.4195 -1.3952
52 2.66968 68.02 -0.76253
53 56.9018 98.1928 -0.519041
54 69.1715 23.4387 3.00949
55 50.683 11.1746 -2.33469
56 68.5234 32.305 2.93014
57 32.7693 45.5151 1.14309
58 66.6248 25.9459 3.42324
59 13.3081 24.3608 0.583569
60 4.92552 17.191 0.975457
61 62.8662 53.2875 -1.67352
62 51.1641 60.3427 -1.90236
63 97.4726 10.1898 0.784635
64 3.30943 15.3326 0.500542
65 49.0468 20.4981 -1.98525
66 7.22387 20.0345 1.05623
67 43.0021 46.1128 -0.645545
68 47.5813 15.5753 -2.7835
69 53.9552 64.4216 -1.37922
70 7.19129 13.9746 0.703026
71 38.7628 25.2355 3.25885
72 3.57018 16.7524 1.09715
73 50.294 39.3551 -1.91945
74 38.9124 20.5313 2.2924
75 51.1872 6.52032 -0.99346
76 50.3254 65.1696 -2.11119
77 3.99012 13.9342 0.706641
78 1.91411 19.8727 0.996417
79 3.95501 9.98772 0.38552
80 49.9651 65.8676 -1.88866
81 5.65517 20.006 1.16363
82 28.961 79.6231 1.4372
83 4.46132 6.30822 0.27188
84 21.9646 36.3652 0.354457
85 45.7836 57.9425 -1.17027
86 40.8108 76.0926 -2.54696
87 46.9343 11.5647 -2.32967
88 3.70825 99.8408 0.161545
89 29.7442 17.9899 2.25754
90 44.6251 99.5436 -0.556117
91 92.6741 74.0163 1.49604
92 46.57 10.5297 -2.26674
93 67.0086 26.3215 2.76013
94 76.0997 40.8561 -1.988
95 52.7297 58.5453 -1.8448
96 3.73525 13.7252 0.866756
97 8.02343 17.391 1.03631
98 33.3997 19.852 2.49155
99 82.0929 43.1773 -2.09552
100 2.73984 66.7626 -0.416102
101 0.302324 12.1855 1.06268
102 68.0764 51.8952 -1.21299
103 39.5801 34.1912 -1.2576
104 59.4572 55.8983 -1.52377
105 44.7962 97.4531 -0.442933
106 67.525 33.9364 3.37169
107 59.3671 44.4749 -1.79432
108 61.4091 60.7946 -1.30156
109 61.2124 47.6962 -1.67771
110 88.5886 27.725 2.27618
111 8.1898 15.2115 0.239343
112 71.5069 51.6355 -1.60359
113 61.2452 23.439 2.58576
114 94.1999 38.0703 2.28798
115 45.0712 44.8154 -0.993595
116 4.93374 21.9103 0.344505
117 21.7085 28.3509 -0.099731
118 86.6001 49.4577 -2.42378
119 66.6631 26.9001 3.37705
120 21.7117 25.5954 0.275415
121 76.0832 48.2723 -2.73608
122 75.301 41.2815 -2.62082
123 99.4834 11.2113 0.537606
124 51.4825 16.5252 -2.79264
125 49.8999 19.5477 -2.1985
126 86.1565 69.8942 1.34702
127 50.6979 17.0501 -2.35676
128 13.2484 68.0177 2.00083
129 56.5598 55.6874 -1.40279
130 55.611 63.0175 -1.26755
131 82.4518 31.1934 2.27913
132 52.0389 97.8958 -0.314078
133 49.2597 0.257307 -0.180199
134 15.8381 19.8682 0.409593
135 10.5409 13.1857 1.00247
136 40.7709 18.3507 2.40745
137 9.28783 14.8573 0.277935
138 74.0314 44.3029 -2.25803
139 46.7159 64.2913 -1.87436
140 66.9743 53.85 -1.81566
141 48.3464 21.0407 -2.12583
142 5.51548 5.36504 0.947918
143 72.5741 60.5105 -1.05321
144 8.26616 16.7447 0.373612
145 56.7317 42.159 -1.60901
146 56.7491 61.2077 -1.9429
147 95.4116 15.6587 0.732522
148 54.2917 61.6958 -1.43516
149 7.29882 20.0947 0.66869
150 62.7068 56.6263 -1.61579
151 51.7746 59.0917 -2.03112
152 43.564 22.7266 -2.48447
153 60.1561 56.8406 -1.4832
154 73.2978 60.6053 -1.41322
155 51.6811 2.31964 -0.798443
156 68.8085 52.4292 -1.72504
157 67.0134 63.6736 -1.97113
158 22.504 19.6616 0.967299
159 90.5707 35.0528 2.19713
160 0.60306 19.5426 1.23829
161 89.5551 71.753 1.71316
162 71.0435 54.739 -1.229
163 49.7429 14.046 -2.38747
164 13.8993 76.6786 0.402684
165 48.7903 54.0773 -1.75785
166 46.6882 16.5351 -2.8561
167 13.4483 14.3608 0.326757
168 0.753327 12.2355 0.75953
169 99.5795 44.7089 1.36793
170 95.6006 14.4315 1.00622
171 5.13262 13.0115 0.593734
172 51.4207 43.0399 -1.25943
173 66.6657 54.4877 -1.6141
174 9.66114 22.7403 1.08071
175 89.3392 75.7154 1.11719
176 92.0654 35.1624 2.44525
177 45.2025 59.3856 -1.4392
178 100.28 47.4948 -0.340064
179 53.5307 57.5534 -2.01341
180 60.1491 25.1151 3.04348
181 71.3476 56.2428 -1.1681
182 67.2953 32.5682 2.91439
183 90.668 13.5586 0.839526
184 11.7554 29.7591 0.367576
185 56.7859 7.99754 -2.58235
186 74.8334 41.7498 -2.01589
187 70.2289 51.9174 -1.29667
188 97.8471 7.87731 0.83324
189 2.81467 20.6732 0.731627
190 4.67634 23.7753 0.549815
191 7.7016 18.6468 0.457807
192 46.8577 57.8778 -1.58349
193 61.6338 50.6897 -1.29978
194 38.4636 20.6337 2.22548
195 4.77 12.2646 0.398744
196 18.2396 19.6234 1.01568
197 43.8224 75.3711 -2.34069
198 30.99 75.3119 1.5389
199 21.0292 19.4902 0.428376
200 9.95998 11.7076 0.943616
201 94.2074 0.813822 0.741691
202 1.68948 69.5531 -0.755616
203 63.4513 70.5223 -1.94794
204 10.975 21.0122 0.540606
205 53.6674 42.4558 -1.70587
206 28.831 43.0629 1.54515
207 17.2864 26.7017 0.305972
208 11.0678 31.6147 0.453202
209 87.7457 32.4256 1.83539
210 3.28032 14.5224 0.738607
211 77.136 29.2141 2.44871
212 50.6459 98.8687 0.0391312
213 54.9974 64.7718 -2.05765
214 1.22248 7.13767 0.42276
215 62.5332 29.63 3.24169
216 70.9348 64.5814 -1.89108
217 7.14139 11.7838 0.371802
218 64.4265 66.6898 -2.01714
219 68.4271 21.0073 -3.58894
220 22.6681 9.12389 0.717117
221 63.5237 64.7101 -1.65798
222 6.25627 15.0989 1.20012
223 53.8161 7.90246 -1.69507
224 83.6635 47.5056 -2.86444
225 57.8065 98.5173 -0.86021
226 66.5249 57.9322 -1.70665
227 66.5766 49.9686 -1.41446
228 44.087 76.9841 -1.71529
229 65.5515 60.0475 -1.28639
230 54.5854 14.892 -2.18641
231 3.86223 15.7703 0.882924
232 93.0757 72.1144 1.16308
233 37.4691 32.6262 -1.15222
234 19.0124 21.7295 0.321925
235 68.9974 30.3965 2.69678
236 66.4071 53.4177 -1.50565
237 4.13884 19.57 0.747689
238 69.9744 25.6102 3.11226
239 99.6081 4.43127 0.824567
240 88.4845 30.9815 1.67485
241 3.65447 19.332 0.882086
242 61.3901 62.4895 -1.76601
243 8.17827 13.4198 0.70457
244 90.0395 67.8487 1.20412
245 61.1864 62.2355 -1.6053
246 79.8495 38.4082 -2.25066
247 52.8063 17.8136 -3.04886
248 1.71246 5.14295 0.859928
249 7.47144 20.7694 0.870906
250 63.9583 90.2091 -0.965917
251 99.3841 20.3835 0.74309
252 59.1896 1.1635 -0.590191
253 56.7951 10.3515 -2.21591
254 81.3033 30.9306 2.80125
255 7.00655 20.672 1.18734
256 61.4742 61.2834 -1.83136
257 78.6025 40.1273 -2.05328
258 71.6955 52.897 -1.30301
259 69.2673 34.7226 2.94413
260 16.081 20.1918 0.938361
261 61.1199 18.7467 -2.6722
262 69.1843 58.0736 -1.42495
263 42.5993 65.5311 -1.58465
264 98.6302 16.7235 0.920246
265 41.3813 31.4249 -1.34381
266 46.7768 59.8633 -1.61907
267 2.93042 14.6797 0.73106
268 70.7669 19.4985 -2.82857
269 56.4929 94.2841 -0.461295
270 66.4436 28.3511 2.95177
271 69.1132 32.548 2.90932
272 46.907 75.7843 -2.38226
273 18.1111 21.501 0.613464
274 43.0414 63.0992 -1.83031
275 62.605 54.8262 -1.38714
276 35.953 19.1526 2.26178
277 50.3465 42.1074 -1.3816
278 97.274 12.0666 0.810513
279 62.9865 64.4057 -1.6469
280 5.41946 3.9236 0.66673
281 74.8296 45.917 -2.40186
282 67.3577 24.5266 2.71993
283 12.5874 18.3213 0.967782
284 4.69469 20.1479 0.577951
285 6.65345 13.3674 1.18805
286 52.4425 16.9596 -3.0468
287 77.2815 37.6654 -2.57078
288 83.9933 46.8467 -2.2513
289 99.9673 17.0009 0.660019
290 59.9758 51.9467 -1.36995
291 100.463 13.5903 0.277412
292 97.4851 44.4889 1.60364
293 41.7208 62.2691 -1.93255
294 69.9219 24.4408 3.49317
295 60.5271 3.98006 -0.672621
296 11.4721 30.564 0.851082
297 69.6268 56.3811 -1.66661
298 1.05424 15.3387 0.547344
299 11.2982 15.8793 0.46693
300 44.0982 56.5138 -1.9745
301 6.9488 18.0407 0.813064
302 94.981 22.9264 1.00521
303 68.1934 47.1887 -1.43091
304 98.9609 10.1083 0.83081
305 4.273 21.6122 1.03454
306 56.4224 0.635071 -0.0192992
307 1.45431 17.6591 0.982481
308 62.7423 23.4125 3.16459
309 45.9782 62.6025 -1.91402
310 59.6184 97.285 -0.692929
311 60.38 12.0503 -2.46433
312 60.1332 63.6061 -1.19742
313 50.1608 58.8911 -2.10571
314 91.113 50.6432 -3.10804
315 62.7434 52.4576 -1.14595
316 8.84003 13.7048 0.889316
317 6.24731 7.72137 0.345063
318 89.07 33.1034 2.0842
319 7.32792 16.2571 0.921143
320 6.32106 16.6455 1.17305
321 67.859 19.4823 -3.53003
322 7.15182 14.904 0.685192
323 3.80445 8.72053 0.286501
324 1.8122 21.0267 0.913458
325 66.0496 59.8846 -1.9747
326 80.6173 34.4864 -2.56775
327 46.8115 62.7026 -1.95528
328 10.097 32.4263 0.971772
329 80.0086 47.1613 -2.03423
330 52.7535 60.6126 -1.72663
331 51.3556 98.1821 -0.35068
332 78.9495 46.3686 -2.66992
333 27.7964 75.5498 1.65645
334 96.9617 2.45878 0.818337
335 7.96738 16.8266 0.350534
336 14.1198 12.2915 0.957753
337 99.5961 3.93826 0.0669642
338 64.7806 57.9606 -1.63712
339 78.9495 35.0491 -3.03474
340 2.26749 12.6455 0.782854
341 98.8872 7.7665 0.729736
342 1.19974 12.4313 0.476426
343 68.5274 63.5244 -1.61789
344 69.1277 49.1753 -1.03919
345 96.442 41.2438 1.10252
346 57.0656 16.1346 -2.86037
347 36.3597 19.6467 2.38315
348 0.627426 6.32852 0.28101
349 2.74821 22.3863 1.25516
350 62.2619 60.1683 -1.37954
351 69.3393 53.8016 -1.70708
352 98.3148 14.2842 0.330687
353 51.1305 5.26761 -1.14681
354 41.0345 22.3051 2.44617
355 82.9998 34.2042 2.91463
356 79.9874 45.1054 -2.11432
357 54.4731 98.6306 -0.351352
358 63.6842 24.4118 2.86703
359 19.3538 26.3601 -0.0143058
360 75.4417 64.2888 -1.51372
361 8.80902 23.8715 1.05747
362 5.0061 13.8997 0.621366
363 43.8912 72.9578 -1.93386
364 98.5947 17.0239 0.66496
365 56.4136 58.9427 -1.28963
366 10.0079 12.8891 0.750115
367 58.933 45.5839 -1.52113
368 54.7947 60.2422 -1.63709
369 97.6254 39.0351 2.00378
370 91.1206 30.8053 1.92451
371 7.54168 20.6585 0.667069
372 70.5747 24.9209 2.92969
373 59.2595 26.3667 2.85867
374 99.7649 19.3387 0.779866
375 56.0715 57.7105 -1.84431
376 61.8514 45.2069 -1.4942
377 40.0367 40.0676 -0.580252
378 59.8137 61.083 -1.56453
379 21.3327 12.379 0.720793
380 66.2845 57.3101 -1.10993
381 37.8549 19.0627 2.52379
382 4.75789 12.3038 1.0974
383 0.790124 54.7416 0.158915
384 21.5542 30.9496 -0.328503
385 60.6439 96.1365 -0.238439
386 55.6847 2.74349 -0.245119
387 43.7443 56.3606 -1.22363
388 68.5428 58.6563 -1.75591
389 18.1426 21.7907 0.664577
390 0.446498 13.9245 0.665367
391 65.3499 23.2472 3.29942
392 91.9166 27.2002 2.22346
393 65.0849 62.0969 -1.21757
394 6.83158 13.474 1.0664
395 62.0135 21.4405 -3.10641
396 66.8255 20.7602 2.67784
397 10.5701 20.0184 0.249774
398 84.2341 31.0265 2.32744
399 42.7214 43.3013 -1.34064
400 2.39636 2.73545 0.967401
401 48.7076 14.5343 -2.9515
402 46.3176 71.7138 -1.94124
403 3.48404 11.3717 0.723801
404 29.8032 42.3026 1.6257
405 97.6486 12.1653 0.534748
406 54.2105 13.9959 -2.55219
407 6.47339 12.2519 0.967093
408 57.622 23.908 3.02292
409 12.4994 14.438 0.277042
410 0.565229 3.76943 0.670677
411 95.1497 37.5195 1.82145
412 49.0945 69.5253 -1.61167
413 63.3974 17.7813 -3.18509
414 63.664 59.5116 -1.79908
415 96.7179 44.2942 1.40234
416 9.8637 28.5761 0.26914
417 4.64512 4.99239 0.800797
418 5.04167 14.6745 0.716778
419 98.6643 91.9708 0.218748
420 21.8566 26.739 0.129524
421 0.566628 11.4091 0.504626
422 67.7238 29.9921 2.53762
423 48.748 28.5573 -2.53629
424 92.6298 36.6855 2.1533
425 7.43379 10.4029 0.80949
426 46.1396 42.8641 -1.03295
427 99.3246 19.8336 0.294607
428 60.0592 59.327 -1.61981
429 65.5791 58.7298 -1.08358
430 89.9494 70.0271 1.58247
431 59.6296 58.4362 -2.00744
432 68.8206 52.0025 -1.0543
433 47.5417 45.435 -1.76848
434 76.4778 31.4143 2.3058
435 95.0455 15.2561 0.538121
436 70.1108 57.9463 -1.29802
437 34.4669 23.7813 2.23474
438 94.5452 1.87033 0.571941
439 48.9471 43.6963 -1.65568
440 43.5473 19.0367 -3.0323
441 12.1297 80.6678 0.519986
442 4.16982 16.1076 0.827847
443 38.5876 23.3096 2.8923
444 62.1268 59.963 -1.16291
445 4.62732 22.7412 0.846264
446 57.1572 11.5262 -2.65397
447 54.5325 18.688 -2.19878
448 94.9367 35.2616 1.75894
449 5.69121 20.043 0.660994
450 2.86074 8.16297 0.664808
451 47.4699 66.66 -1.11076
452 3.62224 20.7489 0.53335
453 68.2242 55.2387 -1.49773
454 64.5695 32.4731 2.80739
455 43.0916 15.4005 -2.8216
456 99.0399 2.026 0.939848
457 69.8067 27.5367 2.95134
458 83.3813 52.1492 -3.03571
459 48.3636 27.3279 -2.33771
460 15.7431 20.9803 0.405899
461 46.0288 98.7566 -0.426204
462 63.1603 61.7595 -1.70262
463 64.4595 44.3633 -1.2852
464 63.9033 66.7432 -2.0553
465 64.8709 24.4604 2.89657
466 66.9654 61.5662 -1.81451
467 7.62206 15.6182 0.969382
468 12.3923 24.9046 0.626309
469 67.3509 56.7602 -1.53559
470 99.4247 11.3474 0.373114
471 61.7673 62.4796 -1.46514
472 62.4277 63.6354 -1.51429
473 59.2991 29.7636 2.99762
474 94.0983 34.3077 2.15876
475 55.6142 14.8068 -2.6614
476 51.808 2.05745 -0.574563
477 31.6557 47.8146 1.80049
478 91.0569 75.5352 1.36966
479 98.8635 42.0463 1.2247
480 69.813 26.6064 3.25043
481 12.8 29.2452 0.218975
482 36.4727 19.372 1.88383
483 2.7281 10.5348 0.84382
484 93.2058 26.1899 1.69834
485 94.0906 22.1145 0.740522
486 67.7793 54.8152 -1.13623
487 72.473 63.5445 -1.47516
488 44.614 49.4881 -1.26146
489 46.6971 16.3757 -2.1048
490 60.3659 2.42677 -0.496427
491 76.6634 42.6935 -1.92332
492 60.149 60.7119 -1.71799
493 71.2673 44.9067 -2.08659
494 79.3957 36.8804 -2.31069
495 37.058 47.9362 -2.0573
496 5.94333 19.0011 0.355224
497 92.1882 30.7803 1.72834
498 66.2545 59.5412 -1.82965
499 48.4163 25.156 -2.16608
