500
Particles
0 58.0935 22.4023 2.43141
1 90.7282 97.2644 0.959743
2 75.9597 63.4315 1.57178
3 57.0255 86.0757 1.6441
4 60.6607 42.6439 2.15527
5 90.1347 94.9573 1.30295
6 75.0926 47.5522 1.84799
7 66.0085 92.7759 1.67634
8 48.0169 47.7044 1.68815
9 19.2184 0.158258 0.049552
10 76.9283 26.5801 2.8224
11 71.394 55.1952 2.28339
12 78.213 61.9146 1.73317
13 57.1831 26.0469 2.87591
14 63.3047 45.4153 2.02997
15 58.3521 29.5588 2.81626
16 94.3278 36.7912 2.07415
17 67.2591 60.8401 2.07707
18 63.3793 54.2634 1.96074
19 29.2042 72.0597 1.7781
20 56.0261 87.7841 1.02524
21 73.4689 45.7844 1.94935
22 75.416 37.0247 2.55174
23 57.9085 33.593 2.271
24 60.0096 89.3202 1.66552
25 64.655 30.2763 2.40084
26 92.9786 89.4979 1.37843
27 70.9537 53.2004 2.46385
28 72.9214 43.2056 2.28065
29 78.9049 60.4488 2.08246
30 45.5606 90.8668 1.48837
31 71.6702 38.0055 2.03818
32 22.6195 78.1464 1.46105
33 59.139 95.3688 1.43299
34 65.9058 28.3419 2.30917
35 58.7594 55.4779 2.19961
36 54.7722 96.6997 1.57186
37 80.6995 57.1375 1.70015
38 67.0751 36.0563 2.88824
39 59.3381 35.3494 2.33014
40 69.3725 27.8558 2.70676
41 56.5888 34.1278 2.19878
42 78.2466 27.6757 2.79718
43 58.0912 87.1709 1.11405
44 92.0432 98.9064 1.34248
45 82.3134 30.5831 1.96116
46 67.7566 32.0815 2.36685
47 90.5719 84.8843 1.58348
48 74.1 30.9629 2.62621
49 61.3486 18.5221 2.05099
50 68.3402 56.8746 2.10822
51 78.7583 39.0515 2.1902
52 57.9984 88.8248 1.34193
53 56.3718 96.8886 1.97242
54 63.0019 42.0974 2.70617
55 74.6152 82.9202 2.07997
56 65.3373 45.0293 2.12687
57 77.5021 20.6574 2.44637
58 66.0237 48.5177 1.92752
59 62.8972 29.6361 2.90657
60 67.5059 52.893 2.45762
61 73.703 27.1288 2.58944
62 47.1555 41.8258 1.36096
63 27.4484 50.8431 0.20127
64 71.5499 50.1982 1.87498
65 87.8722 86.0747 2.06631
66 65.3665 57.1169 2.6862
67 66.8644 56.01 2.59126
68 91.3401 82.5075 1.94117
69 86.5068 25.3864 2.00505
70 73.5251 50.0429 2.52914
71 67.8657 31.1344 2.06166
72 64.874 52.9854 2.4765
73 82.3594 55.3263 1.56431
74 74.7775 23.8672 2.61413
75 67.4026 89.1285 1.68645
76 77.6466 23.9078 2.58568
77 76.7192 49.6874 2.59625
78 84.2352 64.5629 2.58974
79 66.0098 50.2553 2.48026
80 75.1068 29.5773 2.13139
81 67.2772 57.8875 1.7326
82 52.5337 54.8726 2.20952
83 57.245 48.3449 1.65966
84 73.1332 80.181 2.08813
85 74.5443 30.404 2.49481
86 74.4384 26.8999 2.26828
87 83.5306 51.8247 1.8803
88 76.3257 81.443 1.85053
89 73.7203 23.8873 2.32117
90 60.0614 89.8565 1.46389
91 70.9456 37.9336 2.89511
92 78.3212 47.3387 2.14946
93 56.3664 42.3446 2.1978
94 74.4535 29.5577 2.46057
95 33.4107 74.9459 1.70786
96 73.3166 50.0147 2.46902
97 75.9385 52.6724 2.00133
98 71.0553 22.7506 2.76222
99 77.0355 45.8595 2.00816
100 60.2538 89.5885 1.75552
101 64.2115 53.1845 2.55746
102 75.5923 25.9954 2.44353
103 65.9719 26.1273 2.43291
104 75.3141 34.2358 2.32673
105 58.7014 90.9396 1.76837
106 63.4979 41.8264 2.65323
107 61.7579 31.8394 2.14081
108 73.6921 36.4008 2.62514
109 68.2073 49.2195 2.69489
110 69.6892 90.4067 1.79424
111 84.5642 57.0952 1.79452
112 56.2337 85.752 1.36733
113 73.5895 44.8724 2.36082
114 72.798 54.6484 2.32623
115 77.0611 59.8602 2.36043
116 76.837 20.7659 2.10507
117 67.3023 34.513 2.55353
118 45.7358 85.8087 1.74486
119 60.5003 46.0442 2.0586
120 62.3526 25.649 2.04714
121 80.9404 93.6249 1.93861
122 72.4169 30.7176 2.69945
123 54.271 42.5387 1.81574
124 73.7262 62.772 1.87009
125 91.634 78.6813 1.95535
126 91.7432 39.7024 2.25984
127 52.2569 28.5572 2.27964
128 60.34 89.5395 1.65291
129 69.3062 55.0828 1.99272
130 67.5772 37.9951 2.37941
131 76.7538 26.1776 2.05504
132 9.73409 72.5607 1.29796
133 97.2017 82.9087 1.39457
134 59.1632 1.77884 1.99205
135 78.7358 51.9607 2.42285
136 74.6968 22.0591 2.74158
137 73.0798 49.6638 1.9643
138 76.7666 29.9251 2.90059
139 64.7541 25.9009 2.43782
140 78.4116 26.9199 2.05817
141 80.4863 82.1689 1.69458
142 57.2721 45.5217 1.8538
143 29.936 55.1581 1.91826
144 72.8082 50.7708 2.16991
145 69.267 57.6837 2.55664
146 60.7046 29.0321 2.9801
147 60.1513 95.6051 1.3001
148 82.1555 53.8181 2.29841
149 61.5994 56.5509 2.14418
150 76.5276 27.1766 2.68705
151 23.9381 76.3729 1.53161
152 75.4936 22.9341 2.83199
153 76.2448 36.4712 2.66924
154 94.3602 33.1319 1.73525
155 94.8171 85.1844 2.18319
156 51.983 48.0772 1.56604
157 18.7827 39.3184 2.69153
158 91.237 90.9039 1.3901
159 31.1335 59.7961 1.65293
160 59.0466 97.5384 1.88638
161 33.4653 60.7169 2.3027
162 61.2009 56.1072 2.49071
163 74.8467 78.7956 2.06874
164 88.7254 87.1222 1.76543
165 58.2041 54.973 2.13833
166 75.5082 80.6987 2.04345
167 84.9922 55.6684 1.6341
168 66.3156 51.7591 2.50239
169 85.2831 86.3127 1.99636
170 30.7459 80.8747 1.64457
171 72.7745 46.5359 2.12318
172 58.621 26.4529 2.5957
173 78.2735 24.9666 2.92539
174 89.882 90.7384 1.46937
175 94.2415 75.504 1.96617
176 76.4372 64.0498 1.97441
177 67.0367 24.59 2.92987
178 59.3197 88.0567 1.17801
179 72.0555 42.5682 2.20519
180 75.1489 48.3329 1.9538
181 31.9415 55.3293 2.24099
182 65.8609 44.4212 2.27092
183 54.2169 18.0465 1.67162
184 79.9478 48.3985 2.15092
185 93.0383 85.6251 2.24716
186 77.6375 34.113 1.92818
187 48.6812 83.0818 1.57467
188 48.4426 27.5005 1.99929
189 72.7361 59.9596 2.03317
190 91.3728 90.5779 1.66807
191 76.1702 56.2559 2.47795
192 72.7427 18.884 2.78697
193 79.9546 42.5227 1.77937
194 70.4723 25.4551 2.80052
195 73.7793 48.4208 2.0399
196 62.431 22.219 2.10517
197 74.712 26.5794 2.20924
198 77.4726 47.089 2.16049
199 10.1081 39.0357 -1.22776
200 77.8172 48.9691 2.54
201 79.408 58.0266 1.56029
202 58.2114 90.0344 1.18391
203 35.1536 61.7077 1.52983
204 94.099 88.2814 1.38311
205 84.7606 54.9927 2.27431
206 69.3032 25.7904 2.56726
207 64.9764 32.1568 2.11908
208 54.6302 58.2046 2.96176
209 45.4525 84.5325 1.5218
210 68.3189 55.1181 1.9837
211 75.9994 33.1211 1.99621
212 94.4999 82.261 1.98277
213 24.1114 74.0733 2.31963
214 48.4367 24.5966 2.53888
215 65.491 37.6365 2.04624
216 82.3053 33.1695 2.21664
217 72.3054 46.9078 2.06012
218 69.3069 65.6181 1.63616
219 67.4793 61.4175 2.3831
220 81.1129 55.4526 1.78584
221 82.6689 43.463 2.60861
222 80.8674 56.4563 1.64358
223 63.4312 92.4273 1.41393
224 55.0555 86.6244 1.18661
225 77.493 61.7443 2.30301
226 1.67663 27.3659 -0.654406
227 78.8179 36.3636 2.22
228 76.1796 27.991 2.06814
229 79.6532 30.3172 2.37681
230 56.0917 29.0178 2.41106
231 69.3049 52.5432 2.22922
232 77.4346 43.1902 2.62056
233 67.4348 30.037 2.76003
234 64.8932 26.799 2.24485
235 64.227 42.6048 2.69073
236 90.5063 28.5758 2.78124
237 75.2641 62.2169 1.60566
238 67.6073 45.33 1.90757
239 58.2774 46.3065 2.15854
240 71.779 53.6448 2.00748
241 50.5765 46.2703 1.08851
242 79.3549 36.1646 2.17059
243 78.5543 50.0987 1.91355
244 32.8917 61.8464 1.90108
245 78.2901 38.6109 2.78623
246 76.8278 30.3593 2.01282
247 91.388 89.0904 1.5539
248 60.8711 45.3366 2.43781
249 72.6828 21.1752 2.76526
250 69.1771 53.7744 2.22345
251 71.6986 61.0948 1.95672
252 63.7628 91.6378 2.05035
253 51.6508 87.5205 0.597306
254 76.5705 25.3833 2.95319
255 63.3746 55.8646 1.85931
256 79.4768 34.5 2.00308
257 73.3581 25.9771 2.43271
258 50.734 51.52 1.42981
259 64.2859 42.8998 2.22739
260 93.1157 92.4431 2.08088
261 60.8494 46.9353 2.09653
262 79.6772 28.7195 2.23742
263 76.8763 42.6972 2.53589
264 60.0629 96.2016 1.63792
265 75.016 25.8043 2.40296
266 67.0572 22.5848 2.82386
267 72.0333 52.5933 1.91476
268 62.1344 25.7853 2.10927
269 69.7313 55.4118 1.98146
270 66.7271 47.4694 2.17761
271 66.1101 44.9457 2.70565
272 22.6722 73.2175 1.50649
273 65.0845 27.2764 2.48472
274 70.0058 34.8844 2.18419
275 76.8233 28.2814 2.89873
276 68.513 19.7177 2.61748
277 77.9657 46.6759 1.97551
278 83.3108 96.6405 2.40753
279 79.8552 37.3513 2.04953
280 69.2676 49.1594 1.95556
281 76.6313 32.3142 1.9006
282 62.1333 44.9792 2.34404
283 87.0501 54.8085 1.73317
284 89.6516 24.9748 2.47392
285 77.0447 51.5052 2.71717
286 53.2441 32.0624 2.2971
287 74.4077 29.956 2.13278
288 46.4757 65.7652 0.215046
289 86.5258 25.4827 2.81607
290 69.1221 31.2003 2.51754
291 54.5379 15.226 2.37757
292 93.9033 83.5859 1.70191
293 67.1007 32.5103 2.59284
294 66.5647 42.9383 1.74871
295 71.8544 45.833 1.84382
296 81.6422 48.1469 2.08029
297 92.0687 35.618 1.86491
298 53.5602 47.4535 2.35891
299 78.7641 57.3955 2.0236
300 70.1351 27.6286 2.18816
301 66.8342 55.0849 2.33408
302 60.8374 24.5721 2.17257
303 76.9234 31.4182 2.68364
304 24.4801 53.5137 -0.103287
305 73.2682 59.6675 2.38595
306 56.7874 92.3695 2.01512
307 76.4565 60.0681 1.56003
308 62.0494 50.3175 2.30627
309 67.5739 33.8296 2.89793
310 59.5991 93.9488 2.04559
311 61.9872 36.3838 2.69398
312 77.7006 39.1049 2.83439
313 24.8264 75.4392 2.43936
314 66.7804 59.6563 2.31785
315 77.1287 34.9626 2.47027
316 76.6054 45.6264 2.57561
317 66.0224 48.6008 2.18502
318 76.8763 60.8261 2.23389
319 79.8199 57.8198 2.35433
320 80.5114 55.3214 2.327
321 67.4761 60.357 2.27556
322 82.9415 52.2922 2.01467
323 65.323 49.8241 2.60854
324 8.50109 34.6844 -1.08611
325 82.3954 33.0537 1.90053
326 74.9021 26.0146 2.24183
327 67.6756 28.0757 2.90992
328 86.8542 52.1668 2.18845
329 54.1022 82.4061 1.54479
330 24.7597 74.033 1.52949
331 64.9176 96.2977 2.01437
332 30.1663 76.4576 1.85491
333 79.8861 49.3455 2.44614
334 58.087 37.2187 2.41879
335 77.1667 56.7632 2.2737
336 83.8388 55.0833 2.2916
337 59.2668 43.3032 2.62497
338 83.4235 34.5342 2.59517
339 72.8986 28.314 2.52363
340 57.5896 24.9588 2.07853
341 58.8892 49.5511 2.00853
342 66.2433 52.5659 1.93532
343 79.7864 32.4392 2.44388
344 77.5428 29.8904 2.86935
345 69.3848 86.1353 1.68128
346 57.3711 35.2577 2.87049
347 94.69 93.253 1.09961
348 49.6717 29.9844 2.50972
349 90.7344 88.3686 1.8717
350 76.5646 34.2384 2.16192
351 33.1161 50.9953 2.28025
352 94.0552 96.3285 1.03852
353 62.0868 91.2484 1.31871
354 71.0141 21.2699 2.2818
355 76.9607 23.2541 2.22863
356 83.1838 51.0232 2.35633
357 90.7046 87.3601 1.27532
358 68.4396 48.6857 1.89985
359 64.1021 29.4473 2.30217
360 63.0782 60.5624 2.63093
361 60.4413 18.4558 2.34964
362 70.8367 47.2872 1.94675
363 75.8173 28.6291 2.47562
364 63.0912 96.6471 2.17212
365 72.9883 38.9312 2.07619
366 75.1799 48.3981 2.3492
367 83.1842 55.8628 1.93718
368 59.2546 27.7472 2.69749
369 29.4844 74.6605 2.21041
370 54.5305 89.6874 1.07503
371 65.1349 55.5679 2.38868
372 68.6474 43.2728 2.2168
373 77.9183 51.98 2.08017
374 69.1263 57.6238 2.44491
375 81.5589 46.8425 2.00805
376 70.8277 47.8746 2.68316
377 22.9704 76.1939 1.53156
378 69.8035 33.7584 2.95239
379 83.1998 58.5078 2.1078
380 77.0612 27.6558 2.42103
381 5.8625 38.437 -1.05692
382 73.2353 47.6429 2.34826
383 77.8108 83.9735 1.63432
384 75.8964 42.4001 2.00432
385 64.093 93.4669 1.34804
386 53.349 95.5592 1.86953
387 61.0018 17.9478 2.36738
388 82.9673 30.2831 2.51917
389 64.399 29.7696 2.98913
390 56.2362 51.6195 2.14292
391 64.649 49.2363 2.26039
392 64.5718 27.7249 2.82798
393 82.4303 36.1356 1.9569
394 73.9732 50.3607 2.47011
395 68.4084 49.5846 2.08102
396 68.7989 60.4934 1.6666
397 70.5323 52.3994 2.71369
398 25.1963 73.8172 1.74755
399 53.1602 46.8546 1.60239
400 58.4208 44.4535 1.94392
401 33.989 74.4983 2.26203
402 71.6797 21.4642 3.04582
403 74.5953 46.5492 2.14527
404 71.36 30.1633 2.31997
405 92.0131 96.717 1.22236
406 53.0713 22.7923 1.74417
407 75.8789 51.2146 2.56285
408 65.5399 37.5134 2.65536
409 86.2674 54.0778 2.03004
410 60.6925 46.9706 1.99814
411 71.2051 54.6109 1.95296
412 79.7933 24.6983 2.57368
413 59.6813 47.204 2.63846
414 79.9343 34.8102 2.57426
415 85.8741 85.0536 1.6729
416 80.4598 47.6276 2.27271
417 57.7387 44.569 2.04299
418 70.2911 55.5167 2.6011
419 72.329 83.1669 2.0647
420 66.0297 30.2175 2.251
421 68.1008 53.832 2.09844
422 64.1974 46.1879 2.35356
423 80.5568 52.3261 1.86655
424 67.3886 59.636 2.56556
425 71.8172 42.2861 1.78906
426 2.54155 36.2143 -1.09061
427 69.7502 58.8285 2.0613
428 73.405 32.3667 2.88545
429 77.6319 29.3082 2.09864
430 29.0591 57.4362 1.49992
431 80.7163 45.0339 2.11912
432 64.6931 57.5364 1.73999
433 88.4903 52.3092 2.35775
434 70.1024 30.0896 2.3447
435 63.464 94.0091 2.25501
436 32.5799 56.6027 2.43101
437 64.3228 24.7627 2.64436
438 80.7833 63.4095 1.75949
439 83.2343 57.3472 2.30156
440 79.8035 24.6125 2.80433
441 51.053 23.5235 1.7907
442 74.3533 53.1871 2.2946
443 7.75125 42.0544 -0.913232
444 78.3355 40.6138 2.37102
445 86.4601 92.9097 1.98718
446 68.0053 92.234 1.53763
447 56.1695 31.7307 2.46353
448 70.9408 48.3131 2.14546
449 83.5663 25.2435 2.27436
450 62.0536 50.9306 1.83896
451 70.6249 23.5117 2.85454
452 69.5761 60.0392 2.29436
453 76.6042 24.373 2.45034
454 71.6324 56.5195 1.80633
455 81.6073 85.3207 1.4102
456 56.4467 41.6036 1.84818
457 65.1767 44.4467 2.23192
458 67.8585 41.076 2.58411
459 95.0391 83.3248 2.34853
460 66.7556 27.6939 2.64796
461 57.8498 90.1772 1.49396
462 78.6723 37.966 2.38374
463 68.352 46.8817 2.03753
464 87.3931 43.7909 2.53328
465 62.7345 48.6609 2.6617
466 80.0914 31.9035 2.27831
467 83.5899 54.6933 2.33822
468 60.6894 26.1509 3.0275
469 36.0421 52.7582 2.03055
470 13.657 79.412 -0.765584
471 70.9155 31.9635 1.98577
472 79.8928 39.9414 2.22957
473 78.8797 47.093 2.16476
474 13.9062 37.6411 -1.32743
475 56.6523 28.6665 2.85392
476 90.2344 87.2173 1.81662
477 77.4551 29.5084 2.4039
478 57.846 60.3796 2.41142
479 68.7452 85.0064 2.16474
480 64.072 36.9334 2.73097
481 86.3821 51.2799 1.58028
482 72.1907 21.5905 2.41265
483 61.3919 52.367 2.21313
484 59.8079 29.0998 2.67662
485 56.0561 18.3539 2.59687
486 80.0351 27.3771 2.23554
487 79.349 31.5472 2.15749
488 49.3658 44.4065 1.61255
489 70.3256 83.5439 1.74229
490 67.9921 89.9718 1.73076
491 73.7113 27.3981 2.64647
492 81.2195 42.9355 2.26745
493 75.416 34.9673 2.41966
494 73.5833 23.8443 2.04091
495 67.108 33.3086 2.94738
496 71.9985 52.2447 2.00123
497 68.7433 55.3232 2.49399
498 80.482 27.7299 2.6743
499 79.4547 68.0566 2.08117
