500
Particles
0 44.3803 35.6421 1.079
1 26.0016 34.9374 0.908537
2 22.0206 42.011 1.80491
3 63.4691 20.6087 -2.60045
4 29.061 16.8569 2.06874
5 28.3052 52.6662 1.24554
6 36.434 31.6111 0.780958
7 94.1838 0.628243 -0.110341
8 56.9972 17.1384 -2.33428
9 60.2043 23.7057 -1.83581
10 59.8593 7.99011 -2.15886
11 90.9247 92.7791 0.0566352
12 65.9709 25.4199 -2.53914
13 44.9977 86.4866 -0.692431
14 30.446 18.989 1.58871
15 65.9574 40.7329 -2.5828
16 63.0351 29.3388 -2.59339
17 31.6941 11.9864 2.79198
18 30.0756 31.8324 0.817707
19 14.3353 94.4861 -2.25611
20 62.3059 19.6648 -2.53987
21 35.6788 30.988 1.07204
22 45.8366 10.2916 -2.72232
23 33.3112 15.1054 2.39363
24 10.4463 38.3791 -2.06727
25 24.5243 57.3622 1.10622
26 29.1099 52.5791 1.30222
27 95.9547 89.1669 0.488099
28 43.0972 38.5065 0.851698
29 34.4491 13.9272 2.98211
30 24.4362 45.7648 1.91884
31 12.95 3.24673 0.941768
32 60.5859 14.1378 -1.59418
33 22.8526 40.9016 1.91634
34 47.0247 14.0255 -2.2797
35 37.2762 47.6052 0.901544
36 90.2253 95.16 -0.445184
37 34.9188 37.454 0.978157
38 6.27934 54.5281 1.2109
39 27.51 15.4447 1.75044
40 51.5906 6.79042 -2.30418
41 46.5617 87.6135 -0.757296
42 53.5918 23.6075 -1.93688
43 88.9184 77.0513 2.07872
44 26.9821 39.5217 1.04581
45 59.9114 28.4815 -1.96241
46 47.3734 24.7429 -2.42506
47 29.9369 8.60316 2.65935
48 50.3281 17.2084 -2.65136
49 26.6054 52.5171 1.48872
50 61.622 20.1195 -2.04057
51 47.2149 29.1579 -2.01309
52 9.38264 36.3548 -1.99547
53 90.9121 93.2728 -0.269846
54 34.5724 19.749 2.47639
55 28.5871 84.0369 -2.451
56 37.5183 22.1124 2.29506
57 38.0903 55.6211 1.84343
58 34.6264 25.2697 2.19265
59 26.0014 55.5427 1.38345
60 31.5893 40.5064 0.70416
61 52.2273 20.3313 -2.12125
62 35.2936 49.9497 1.81918
63 26.599 29.8853 0.81124
64 30.832 37.7361 1.14738
65 28.5951 93.2937 -1.74717
66 33.4065 43.8443 1.28836
67 35.4107 45.8598 1.48407
68 23.5133 89.7474 -2.24513
69 38.0144 50.3616 1.80036
70 35.72 34.4233 1.24976
71 28.7267 57.7932 1.21343
72 29.8351 39.954 1.36709
73 39.6854 36.7769 1.53947
74 32.0338 51.7233 1.88432
75 54.9603 71.0536 -1.51322
76 36.1587 52.5251 1.48567
77 31.8887 35.121 1.32502
78 25.5154 45.5008 1.62687
79 32.7231 27.5351 1.87437
80 33.7225 56.5338 1.08729
81 32.0903 43.0904 1.44016
82 19.145 86.3255 -1.97318
83 31.2753 24.3685 2.08077
84 28.3704 64.6604 1.78236
85 31.9683 55.0553 1.63055
86 35.7527 58.7548 1.68864
87 21.6387 88.067 -2.03483
88 2.89813 82.8905 -0.179592
89 30.5862 52.9279 1.16727
90 55.9275 67.9341 -1.61162
91 10.9337 3.60395 0.841937
92 23.2523 85.3 -1.79871
93 33.7249 21.831 2.11425
94 53.2157 13.4257 -2.74076
95 40.5057 41.8946 1.671
96 31.9307 34.9696 0.620731
97 35.4121 39.3182 0.845134
98 31.2419 52.8286 1.97614
99 63.8111 12.5136 -2.03656
100 11.0899 35.342 -1.81562
101 28.598 33.1114 1.08556
102 56.2065 19.49 -2.47355
103 29.7292 56.4836 1.44551
104 49.8265 21.9621 -1.72773
105 54.3634 67.2927 -2.03467
106 37.6184 21.9352 2.75021
107 41.2804 38.6407 0.758491
108 51.0194 27.043 -1.838
109 38.2249 25.0972 2.25536
110 67.5228 18.5689 -2.18238
111 35.4662 37.8455 1.30863
112 61.5882 18.5287 -2.07677
113 39.182 31.6124 0.806497
114 68.9325 48.6809 -2.63184
115 38.0096 43.809 1.11515
116 29.8659 46.6294 0.8834
117 26.8664 60.0711 1.75704
118 64.788 23.2345 -1.86085
119 34.0835 20.7989 1.7677
120 27.6405 57.549 1.90988
121 57.9147 17.2649 -2.4474
122 51.8512 15.1073 -2.06044
123 27.2785 31.9143 1.37007
124 40.3727 87.4604 -0.764137
125 29.7221 91.4336 -1.80488
126 98.4628 0.838663 0.32923
127 42.6638 88.0419 -0.564996
128 11.0766 38.9049 -1.89454
129 44.5078 32.5294 0.717484
130 44.7858 42.6608 1.24659
131 58.9288 6.81418 -2.44764
132 74.2304 70.2639 -0.318321
133 71.865 73.0122 -0.933859
134 27.3697 51.7363 1.29691
135 36.8936 36.5884 0.785912
136 31.932 50.3053 1.32307
137 36.404 36.4138 0.967562
138 53.5778 14.6837 -2.11212
139 32.3527 60.2882 1.36296
140 55.7832 21.0257 -2.52177
141 29.5092 93.3355 -2.43225
142 32.3528 24.3827 1.45081
143 61.7754 28.0566 -2.25656
144 34.7276 38.9369 1.43982
145 41.3432 34.5841 1.13629
146 45.4608 40.4659 1.15954
147 20.0079 39.9157 1.65254
148 42.8802 42.0516 1.5297
149 33.7887 43.172 1.55162
150 53.9662 22.1158 -2.09385
151 40.0969 45.1621 0.687466
152 32.2328 52.6277 1.37309
153 49.763 23.206 -2.25147
154 62.037 29.108 -2.28739
155 72.8774 73.5772 -0.485328
156 59.0865 19.3265 -2.2492
157 53.9699 30.8813 -1.70759
158 27.6633 53.8442 1.24057
159 62.5666 38.3601 -2.2431
160 25.5494 44.3319 1.72775
161 99.554 4.83179 -0.103814
162 61.0001 22.5607 -2.26218
163 26.1317 87.6435 -1.87307
164 44.6929 73.4567 -2.35532
165 35.9206 47.0987 1.44601
166 24.1718 90.8341 -1.69243
167 37.7744 39.7673 0.814339
168 29.3943 31.7424 1.60454
169 11.2238 30.5513 -1.41092
170 21.7003 37.5989 1.67352
171 34.1756 32.0035 1.51876
172 40.6812 35.4383 0.748846
173 56.3622 22.0155 -2.20857
174 27.4588 51.4044 1.3513
175 5.52107 6.42353 0.954401
176 63.8105 43.3054 -2.08678
177 30.5134 57.7691 1.7107
178 8.45195 32.4067 -2.16602
179 42.5349 38.5209 1.22282
180 39.1901 32.9748 1.35054
181 60.6858 24.0179 -1.8227
182 36.7325 22.3653 2.27552
183 69.4352 16.3284 -2.40372
184 21.5741 60.3046 1.4914
185 69.408 76.137 -0.695291
186 51.9782 13.875 -2.52067
187 60.8302 18.9625 -2.35492
188 27.8516 25.9359 1.55288
189 27.066 45.5883 1.50791
190 25.8735 50.2911 1.75614
191 34.7572 40.8111 1.42817
192 32.6722 53.7623 1.38549
193 47.8999 18.957 -2.14695
194 31.7007 52.3529 1.71205
195 32.4954 33.6211 0.953346
196 26.8468 52.6652 1.89214
197 36.9551 59.071 1.50907
198 20.7176 83.7838 -1.52361
199 28.0405 52.7209 1.10449
200 35.7989 34.8531 1.15825
201 25.9478 13.1793 0.757608
202 8.68041 37.1351 -1.63099
203 52.7066 38.8708 -2.09429
204 26.5372 51.2281 1.43877
205 41.4763 37.2748 0.918832
206 33.4036 58.1255 1.16247
207 25.04 57.6792 1.45826
208 24.374 60.2674 1.28088
209 65.6054 20.7793 -2.62423
210 30.2529 36.2543 1.58117
211 51.1742 10.0735 -1.83876
212 73.1116 71.9065 -1.03639
213 41.1979 47.2942 1.20401
214 29.3349 26.3979 1.94693
215 40.3888 33.9168 1.08414
216 58.4881 32.3505 -2.14923
217 35.7905 31.1255 1.56972
218 52.6499 33.5419 -2.3269
219 33.7585 12.5956 -3.26382
220 38.8271 37.4914 1.35607
221 53.1199 30.8958 -2.43292
222 33.0461 38.3252 0.95758
223 54.7733 73.2985 -1.76654
224 62.5913 18.5445 -2.47436
225 92.7777 93.9187 0.315909
226 56.8922 25.079 -1.71265
227 51.9821 18.4524 -2.40035
228 38.9262 59.2679 1.10341
229 55.2451 25.7027 -1.89925
230 45.3417 86.143 -0.344587
231 30.6939 38.3917 0.62224
232 10.1843 1.30624 0.46606
233 28.9776 58.0123 1.42222
234 27.6548 54.1196 1.83959
235 37.9749 19.7471 2.93701
236 57.0665 20.164 -2.00125
237 28.9212 44.105 1.50484
238 35.862 18.7242 2.19525
239 28.9403 20.9413 2.07963
240 65.2555 25.1397 -2.24666
241 31.02 41.3962 1.12655
242 51.794 28.1347 -1.64212
243 36.6625 34.2373 0.754704
244 100.246 99.6055 0.202203
245 51.6824 28.3261 -1.62144
246 56.7639 11.194 -2.59413
247 42.0611 89.8807 -1.14927
248 30.8858 23.387 1.33799
249 27.936 48.0393 1.3014
250 91.0502 87.5047 0.461796
251 23.1644 45.5125 1.09049
252 94.4458 99.3672 0.542154
253 74.5142 95.1427 -0.0501656
254 58.0438 7.43101 -2.43972
255 33.1349 44.2093 1.50921
256 52.7026 27.0233 -2.50665
257 55.2984 12.9824 -2.12048
258 59.9992 20.0769 -2.39047
259 38.5928 21.2127 3.05785
260 29.0636 51.5238 1.60918
261 32.7849 23.5836 2.23212
262 59.0739 25.4276 -2.57752
263 30.3943 63.9906 2.08033
264 24.2382 41.3469 1.59601
265 32.9797 54.9976 1.13835
266 31.5036 55.991 1.60055
267 30.7966 36.7851 0.626446
268 37.2214 8.93102 -2.78873
269 90.8013 89.5394 0.00441373
270 34.0748 25.0838 2.34526
271 38.9051 22.2554 2.17435
272 39.1491 57.1963 1.72691
273 26.9463 54.6697 1.53073
274 31.2036 60.8807 2.14042
275 53.0725 21.2575 -2.25663
276 29.8585 51.6894 1.39522
277 39.5568 37.186 0.757586
278 23.2416 35.7393 1.1911
279 53.0759 30.4942 -2.60158
280 32.3939 22.9744 1.39596
281 53.1781 17.0437 -1.85883
282 34.4836 20.2744 2.1321
283 35.8728 44.4806 0.761805
284 29.7589 44.4343 1.62404
285 34.9244 35.3212 1.03355
286 41.6464 88.7386 -0.392326
287 51.7373 13.3606 -2.71494
288 64.8006 16.8019 -1.75956
289 26.327 39.6542 1.64012
290 46.5786 19.8529 -2.14495
291 27.1047 36.3645 1.05277
292 90.5744 78.471 2.01157
293 29.7412 61.2092 2.10205
294 35.9301 18.1137 2.06899
295 95.5504 1.07315 0.465542
296 23.3219 60.3638 1.96131
297 60.5945 22.7499 -1.75982
298 27.8107 38.0687 0.858262
299 36.9306 39.0638 0.92285
300 32.1772 56.5532 1.59185
301 33.0513 41.8684 1.43327
302 10.6477 52.9918 1.2529
303 52.0677 16.5241 -2.00745
304 25.5281 32.4383 1.61154
305 27.5416 47.0409 1.31585
306 91.2807 95.8612 0.0317596
307 25.2911 43.1693 1.49632
308 33.3378 23.8659 1.58279
309 30.6329 59.4554 1.92159
310 93.7552 91.8205 -0.138413
311 48.9007 85.5646 -0.365935
312 49.7446 29.6083 -1.97288
313 39.6441 45.8482 1.48534
314 59.674 39.3906 -2.79252
315 50.7543 20.0133 -2.23489
316 36.898 34.8091 1.26271
317 33.3687 27.0614 1.13769
318 65.3183 25.8423 -2.77524
319 32.5756 40.4245 1.10799
320 34.3975 37.2963 1.45308
321 33.2096 12.0351 -3.3905
322 35.5706 35.9732 1.48575
323 31.5706 27.8377 1.63798
324 27.7351 44.5695 1.82035
325 55.285 26.1534 -1.71967
326 57.2339 8.92512 -2.31082
327 31.0667 57.0064 1.8187
328 22.6344 62.1051 1.87317
329 61.5659 15.8049 -2.34024
330 41.2468 43.4196 0.743285
331 73.0238 71.1967 -0.961219
332 61.2677 15.2299 -2.45415
333 16.9239 85.8451 -1.24857
334 27.892 17.1338 1.58509
335 34.9994 39.7965 1.07992
336 36.857 37.4898 1.52051
337 29.7096 19.3545 2.19759
338 54.4643 24.5983 -2.01242
339 53.8996 10.8001 -1.95201
340 31.3622 32.4877 1.15677
341 27.9053 25.2451 1.39504
342 29.8331 33.2107 1.03732
343 56.2351 30.2591 -2.37415
344 53.8683 17.71 -2.62739
345 91.1462 75.5141 2.191
346 47.8265 88.6063 -1.20464
347 29.1988 52.6925 1.77225
348 28.9831 25.0021 1.24472
349 26.5657 47.6813 2.00611
350 52.301 26.1166 -2.52774
351 58.4259 20.3682 -2.6206
352 26.0497 36.0952 1.25162
353 56.5954 70.5185 -1.74962
354 31.5018 54.0966 1.46509
355 60.0412 9.85887 -1.68821
356 63.2389 13.5186 -1.77108
357 78.843 75.7384 -1.33192
358 34.3292 26.2907 1.36969
359 27.3064 58.9863 1.26714
360 59.3615 36.4545 -3.04762
361 26.3966 52.6625 2.03493
362 33.1422 34.2545 1.39939
363 35.1874 55.7129 1.29196
364 24.3783 41.2169 1.11718
365 46.4052 24.939 -2.02794
366 37.2553 33.9044 0.843503
367 42.3084 37.4948 1.08898
368 44.8122 39.3657 0.579962
369 91.0691 73.6023 2.34198
370 67.5946 27.4455 -2.70136
371 34.0578 43.9236 1.34874
372 36.533 18.2933 2.08896
373 38.7603 34.9645 1.38803
374 25.0635 43.4467 1.12697
375 45.1704 24 -2.44365
376 38.1544 23.9654 2.89945
377 37.6722 42.4668 1.25057
378 47.6504 27.8448 -1.76513
379 38.4802 39.863 0.748837
380 56.3172 22.843 -1.82926
381 31.9403 51.5332 1.61074
382 33.2166 31.7452 1.37106
383 13.4013 33.1032 -1.47742
384 27.4562 62.0822 1.54003
385 95.4088 93.425 -0.290109
386 89.3215 95.3883 0.376068
387 30.2497 55.8621 1.57457
388 59.5041 24.8262 -2.14028
389 25.9053 55.0095 1.21489
390 27.5113 36.2695 1.23467
391 33.1282 23.4128 2.00359
392 98.649 58.6187 -0.22476
393 54.7596 28.4222 -1.6203
394 34.5441 34.5866 1.46503
395 34.084 27.8388 1.40494
396 32.7273 10.9093 -2.91381
397 35.5812 44.4987 0.69593
398 63.6399 7.4791 -2.12113
399 35.2467 45.5856 1.29296
400 30.2383 20.1788 1.91466
401 23.9275 89.2097 -2.1888
402 34.8038 55.9041 1.74018
403 32.5957 31.2382 1.01355
404 33.9437 58.4521 1.0582
405 22.722 36.5307 1.62637
406 42.8933 87.1109 -0.965675
407 33.9557 33.669 1.55449
408 38.5772 34.4054 0.856619
409 38.6184 37.2377 0.619317
410 29.7677 20.8991 1.96786
411 70.749 46.2371 -1.98576
412 36.9428 54.3717 1.35864
413 33.2359 23.2005 1.39672
414 52.7676 25.692 -2.2334
415 90.2942 78.2756 1.81845
416 22.8021 58.243 1.20109
417 31.3081 22.932 1.53232
418 31.7399 37.0788 1.51753
419 26.8765 9.53093 1.40562
420 28.3257 58.2931 1.18802
421 27.3849 33.9879 1.32841
422 35.6885 23.3555 1.63461
423 37.7695 35.1509 1.60647
424 63.7172 42.3081 -2.2048
425 35.5147 30.5943 1.56254
426 37.7446 41.4008 1.08695
427 23.8263 45.0527 1.39911
428 51.1804 24.8621 -2.38713
429 55.8682 24.9948 -1.92948
430 100.047 3.61485 0.626974
431 46.4664 25.9766 -2.18515
432 59.3319 18.447 -1.68965
433 38.3916 42.8484 1.3682
434 49.4854 11.2599 -2.38506
435 20.8553 39.502 1.52584
436 61.2203 25.0785 -2.64634
437 29.2945 56.8455 1.95751
438 27.1169 13.0389 1.81135
439 39.9904 38.5045 0.678033
440 34.7832 48.3846 0.814561
441 43.1093 77.1448 -2.54129
442 33.3481 35.3787 0.776659
443 30.2215 55.1071 1.61154
444 50.5816 26.6537 -1.74338
445 24.6593 49.7262 1.91793
446 43.8255 84.1512 -1.08609
447 45.7602 90.5654 -0.651897
448 68.2834 43.664 -2.24866
449 31.1912 44.1344 1.56058
450 31.5989 25.888 1.24151
451 34.012 55.1793 1.41391
452 26.7469 46.0939 1.73039
453 56.2967 23.0202 -2.14464
454 41.6597 34.3675 1.39814
455 19.4051 92.918 -1.85847
456 28.5896 19.073 1.53059
457 37.1588 18.4005 2.57735
458 62.6485 23.6106 -2.07824
459 30.6469 98.7955 -1.13386
460 26.6938 52.5192 1.79699
461 57.294 67.7164 -1.43596
462 51.6787 28.3756 -2.3241
463 39.0524 23.8611 2.09298
464 53.7133 33.6435 -2.5812
465 33.4776 26.3808 2.05216
466 55.3854 28.3162 -2.04503
467 35.496 36.6975 0.777163
468 24.9671 55.7985 1.30537
469 58.0563 22.9252 -2.53847
470 27.1027 33.4094 1.35891
471 52.4522 28.0289 -1.68433
472 50.0914 29.9366 -2.14392
473 40.0999 34.7464 0.901494
474 66.0593 42.1273 -2.32195
475 44.6685 87.0551 -0.6047
476 72.5098 72.7629 -0.429707
477 35.9636 58.6889 1.2612
478 9.49917 4.73537 0.321681
479 93.4065 76.1711 1.45534
480 36.3013 18.1396 2.29247
481 23.5699 59.0662 1.61875
482 31.1606 52.1814 1.6791
483 32.0102 28.8966 1.34674
484 5.95398 58.0775 0.868212
485 9.75739 52.6755 0.967813
486 57.2398 21.5598 -2.30752
487 59.3608 31.8508 -2.08863
488 34.4673 48.572 1.11317
489 22.1062 91.8613 -2.13835
490 94.6625 0.232474 -0.134948
491 54.0817 14.8409 -2.44213
492 50.7566 27.0756 -2.16301
493 49.6769 16.1115 -2.41524
494 57.0125 10.5605 -1.89588
495 27.5963 59.1333 1.88131
496 33.6875 40.8796 0.774855
497 64.5834 38.6371 -2.64555
498 56.5772 25.2291 -1.95956
499 31.0138 95.3135 -2.37659
