500
Particles
0 55.8166 57.4082 -1.98164
1 98.1914 10.9979 0.378587
2 95.0847 16.8486 0.378093
3 84.4101 50.7849 -3.3352
4 96.8005 99.691 1.34684
5 12.0177 20.7435 1.23311
6 4.4554 11.6241 0.730943
7 57.2005 0.879327 0.136978
8 66.0426 52.9149 -1.29574
9 67.462 58.8534 -1.41208
10 84.1682 32.3208 2.69215
11 54.2685 98.2939 -0.181879
12 90.0208 28.4405 1.71438
13 58.5161 14.721 -3.07658
14 99.4078 1.72982 0.24803
15 95.5093 32.7652 1.88815
16 90.1279 51.7231 3.05887
17 67.3667 19.8174 3.47616
18 99.7394 10.1247 1.11935
19 93.0984 89.8927 0.99357
20 81.6187 51.4604 -3.30659
21 6.63246 9.02167 0.335663
22 76.2009 24.951 2.76499
23 69.5141 23.3123 -2.91242
24 15.1373 65.8324 2.54766
25 10.8655 25.0368 0.247247
26 31.6493 16.3993 1.5878
27 59.8432 95.258 -0.522541
28 53.5166 59.9191 -1.92088
29 70.4768 23.0333 -2.85811
30 99.2366 20.4576 0.559277
31 92.7522 72.8385 1.78052
32 79.4385 47.1424 -3.05061
33 95.5601 16.0639 0.589066
34 75.5833 34.4729 2.43632
35 49.4344 57.7018 -1.67501
36 54.1202 0.514503 -0.159082
37 6.16093 14.5991 0.68064
38 91.6311 21.3697 1.41726
39 95.3331 1.32232 0.879908
40 79.205 24.0416 2.61923
41 58.3571 15.9963 -3.10147
42 63.7966 59.1614 -1.90137
43 95.6311 40.4938 1.8166
44 97.9583 16.5388 0.65456
45 70.8808 62.776 -1.57052
46 57.2383 61.1841 -1.30898
47 65.5706 15.1741 2.67792
48 63.9208 50.7592 -1.274
49 12.2818 19.5981 0.620687
50 73.8438 54.5445 -1.39972
51 59.7236 64.3525 -1.42195
52 1.22223 69.2689 -0.983659
53 55.0637 98.5875 0.264996
54 71.0606 23.4578 -3.60757
55 51.976 12.6832 -3.00749
56 70.4404 31.8461 2.68972
57 32.1761 43.6302 1.15336
58 68.4767 25.6371 -2.78249
59 11.9329 22.9442 0.932258
60 3.76695 15.6715 1.1708
61 63.0362 55.2343 -1.2299
62 51.0393 62.2798 -1.48993
63 95.8677 9.08894 0.819582
64 1.83293 14.1141 1.13663
65 50.486 21.7725 -2.52981
66 6.042 18.4617 0.42541
67 42.0908 47.7934 -1.38765
68 48.4321 17.2006 -1.878
69 54.0983 66.3719 -1.37901
70 6.00507 12.4294 0.743533
71 40.7561 25.2874 -2.89113
72 2.3649 15.1939 1.03339
73 50.3502 41.2932 -1.21698
74 40.5317 19.4017 2.70365
75 51.0296 8.24118 -2.32055
76 50.9797 67.0119 -1.60134
77 2.25522 12.9683 1.07166
78 0.650661 18.4201 0.33333
79 2.38998 8.91577 1.00934
80 49.6374 67.761 -1.54255
81 4.46428 18.4832 0.359552
82 28.7341 77.6835 1.14693
83 2.61075 5.62686 0.264522
84 20.1626 35.5187 -0.0134965
85 45.9229 59.8455 -1.77849
86 42.101 77.5769 -2.08025
87 48.1179 13.162 -2.30185
88 2.26391 98.7114 1.09285
89 30.5803 16.217 1.05884
90 42.7939 -0.140569 -0.300948
91 92.7219 72.0918 1.22534
92 48.1749 11.6552 -2.6525
93 68.952 26.2106 -2.76935
94 76.7613 42.7244 -2.5353
95 52.6378 60.5018 -1.59761
96 2.49025 12.2996 0.387223
97 6.58534 16.0911 0.431656
98 34.5029 18.2947 1.70938
99 83.5531 44.4438 -2.86714
100 1.44233 68.1244 -1.03435
101 98.8474 10.9064 0.919045
102 67.8788 53.8066 -1.55534
103 38.4966 35.8205 -1.31092
104 59.1899 57.8621 -1.06657
105 42.8767 97.9606 0.4677
106 69.4678 33.9082 3.3491
107 59.5902 46.4143 -1.51949
108 61.4069 62.7047 -2.12215
109 60.9722 49.6005 -1.43387
110 89.6359 26.0547 1.31996
111 6.32392 14.5089 0.559773
112 71.3624 53.5344 -1.48792
113 62.9808 22.595 3.05706
114 94.5994 36.1966 1.54604
115 44.2578 46.6271 -1.87103
116 3.52271 20.6497 0.635661
117 19.7736 28.1249 -0.00704357
118 88.3206 50.4491 3.1384
119 68.5896 26.7741 -3.51001
120 19.7407 25.3074 0.664639
121 77.8037 49.258 -2.4652
122 76.4448 42.8408 -2.05885
123 98.0417 9.91659 0.789722
124 53.1749 17.5419 -2.2877
125 51.1232 21.0317 -2.23576
126 85.568 68.0607 1.01831
127 52.294 18.2393 -2.05727
128 14.4373 66.5841 1.9999
129 56.6875 57.6579 -1.35892
130 55.9655 64.8077 -2.06406
131 83.9085 29.8449 2.04523
132 50.0913 98.1247 -0.318985
133 47.4858 1.06912 -0.406179
134 14.3188 18.6875 0.665806
135 8.94055 12.1265 0.81898
136 42.2264 17.0239 2.2319
137 7.6734 13.7407 0.320492
138 75.5179 45.58 -1.71236
139 46.6771 66.1234 -1.76151
140 66.8559 55.7851 -1.63672
141 49.2773 22.7442 -2.02492
142 4.07618 4.06888 0.443789
143 72.4616 62.4091 -1.42739
144 6.73446 15.6126 0.478573
145 56.168 44.0179 -1.32665
146 57.1986 63.1271 -2.00729
147 94.0885 14.2284 0.331244
148 55.0752 63.4123 -1.9335
149 5.61188 19.0748 0.63969
150 63.0086 58.5918 -1.26314
151 52.5238 60.8641 -2.00582
152 45.0567 23.9428 -1.9903
153 59.8748 58.8172 -1.89922
154 73.158 62.566 -1.68785
155 49.8794 2.97797 0.397855
156 68.7545 54.3698 -1.05351
157 67.5001 65.5763 -1.76958
158 21.4142 17.9966 0.697519
159 91.6143 33.3849 2.51306
160 99.1792 18.258 0.465939
161 89.6421 69.8051 1.52081
162 71.2953 56.65 -1.80541
163 51.1085 15.4774 -2.31664
164 12.0162 76.3479 0.302882
165 49.2036 55.9851 -1.11775
166 48.3087 17.5433 -2.3092
167 11.8586 13.2512 0.63547
168 99.0841 11.2025 1.11379
169 99.112 42.7868 1.14173
170 94.3628 12.973 0.379957
171 3.94337 11.4501 0.998548
172 51.4226 45.007 -1.78421
173 66.2051 56.3974 -1.72773
174 8.12479 21.5718 0.540048
175 88.7186 73.8681 1.54007
176 93.4915 33.7674 2.12784
177 44.7617 61.31 -1.23618
178 0.43724 46.3051 1.64773
179 54.5068 59.2868 -1.6312
180 61.937 24.5306 3.18977
181 70.7565 58.1401 -1.65214
182 69.2598 32.3526 3.41055
183 89.199 12.4964 0.539177
184 10.2572 28.5052 0.906739
185 58.6293 8.71597 -3.04346
186 76.007 43.3365 -2.22557
187 69.6542 53.8229 -1.15284
188 96.2075 6.8058 0.833243
189 1.55507 19.2481 1.16942
190 3.26993 22.3991 0.538588
191 6.00251 17.6472 1.00624
192 46.8363 59.8129 -1.20163
193 61.0025 52.5841 -2.04465
194 39.9453 19.3172 2.45904
195 3.13814 11.1944 0.570296
196 17.0229 18.1787 0.874967
197 45.0813 76.9127 -1.52911
198 31.2573 73.3519 1.27767
199 19.2127 18.658 0.792377
200 8.62724 10.2875 1.03251
201 92.7583 99.8564 1.03882
202 100.134 70.5748 0.0954572
203 63.2612 72.4291 -1.1431
204 9.40877 19.7884 0.621132
205 53.0353 44.2772 -1.5589
206 28.3458 41.1745 1.15862
207 15.3961 26.0729 0.29816
208 9.55222 30.3675 0.337995
209 88.4526 30.6367 1.94079
210 1.7196 13.3182 0.986436
211 78.5377 27.8113 3.10814
212 48.8191 99.5104 -0.282809
213 55.7045 66.6272 -1.87381
214 99.4448 6.27456 0.404207
215 64.4076 29.1558 2.82971
216 71.2034 66.4767 -1.97313
217 5.57966 10.6539 1.03086
218 64.9015 68.5665 -1.5114
219 70.3736 20.8527 2.64832
220 20.8687 8.89533 -0.428296
221 63.6912 66.6159 -1.46833
222 4.78001 13.9571 0.724706
223 55.0492 9.17842 -2.8324
224 85.4057 48.2577 -3.17149
225 56.1024 99.4218 -0.129693
226 66.3705 59.7629 -1.19316
227 66.3907 51.9056 -1.90707
228 44.8314 78.7929 -2.2992
229 65.2972 61.8889 -1.8401
230 56.1588 16.0308 -3.10902
231 2.31623 14.539 0.285998
232 92.9213 70.1914 1.69478
233 36.7781 34.4286 -1.26417
234 17.3545 20.7796 0.53294
235 70.786 29.5447 -3.56553
236 66.3979 55.3861 -1.90951
237 2.76875 18.1744 0.662972
238 71.8832 25.8629 -3.46169
239 97.8793 3.5051 0.998386
240 89.2387 29.2738 1.65446
241 2.45968 17.8944 1.07162
242 62.1686 64.3145 -1.52788
243 6.35659 12.6841 1.20513
244 89.4942 65.956 1.32031
245 61.1824 64.1432 -1.47701
246 81.4042 39.6374 -1.94044
247 54.1486 19.0902 -2.13168
248 100.329 3.7542 0.495286
249 6.19544 19.3524 0.483003
250 62.3351 91.2592 -0.924284
251 98.0428 18.906 0.619714
252 57.371 1.51986 -0.156658
253 58.4774 11.2006 -2.7754
254 82.9553 29.901 2.07572
255 5.66349 19.3094 0.547609
256 61.4867 63.1997 -1.99677
257 79.8357 41.6302 -1.85357
258 71.5012 54.8574 -1.61779
259 71.1187 34.0186 3.18231
260 14.6432 18.9303 1.19288
261 63.01 18.9279 2.68423
262 69.1828 60.0654 -1.93242
263 42.4947 67.446 -1.13835
264 97.0197 15.6094 0.449254
265 40.5515 33.1797 -0.814849
266 46.5308 61.8366 -1.26305
267 1.72189 13.1974 0.84283
268 72.6768 19.8067 3.31779
269 54.7277 95.1895 -0.319985
270 68.369 28.1309 -2.79719
271 70.9762 31.8584 2.68197
272 48.0217 77.3652 -1.35871
273 16.6012 20.208 0.794379
274 43.0092 65.0193 -1.62105
275 62.1811 56.7644 -1.56616
276 36.9764 17.4803 1.71604
277 50.1177 44.0505 -1.31918
278 96.04 10.6083 0.396399
279 63.1692 66.3884 -2.16289
280 3.88959 2.63765 0.729493
281 76.0105 47.4137 -1.7948
282 69.2415 23.8999 -3.4017
283 11.2036 16.9677 0.75536
284 3.12105 19.1031 0.97239
285 5.46859 11.7927 0.594309
286 54.0972 17.9019 -2.12332
287 78.0654 39.3626 -2.09032
288 85.5679 48.0267 -2.77349
289 98.6404 15.5664 0.450796
290 60.1284 53.8717 -1.74262
291 99.1019 12.3098 0.534642
292 96.8772 42.6421 2.10099
293 42.0385 64.1677 -1.5227
294 71.8728 24.7153 -3.3871
295 58.6871 4.11596 0.237975
296 9.97631 29.269 0.269266
297 69.5651 58.3452 -1.63435
298 99.7019 13.9115 0.454483
299 9.53695 15.0177 1.02665
300 43.7762 58.3669 -0.89112
301 5.48366 16.897 0.694495
302 93.9055 21.271 0.435419
303 68.3792 49.1524 -1.40651
304 97.4805 8.85737 0.470253
305 2.75572 20.4426 0.421292
306 54.4586 0.926094 -0.411344
307 100.144 16.2045 0.821624
308 64.7105 23.2128 2.97937
309 45.7829 64.4798 -1.50249
310 57.9421 98.3445 0.448737
311 62.2404 12.4226 -3.26567
312 60.1063 65.5113 -1.99819
313 50.5804 60.795 -2.19245
314 93.0366 50.7282 2.98409
315 62.8122 54.3386 -1.95472
316 7.53763 12.2399 0.526331
317 4.52441 6.80906 0.402727
318 89.5698 31.1967 1.8198
319 6.03753 14.8016 0.853826
320 5.39535 14.8879 0.326821
321 69.7546 18.8945 3.10764
322 5.7027 13.6352 1.08521
323 1.94258 8.05925 0.768162
324 0.663291 19.3912 0.128505
325 66.0468 61.787 -1.6606
326 82.2582 35.592 -2.72793
327 46.8454 64.6181 -0.993936
328 8.78646 30.9401 -0.0597206
329 81.1888 48.7562 -2.54933
330 53.3336 62.4736 -1.92207
331 49.5017 98.6558 -0.197466
332 80.515 47.4909 -2.22778
333 27.3364 73.6456 1.4555
334 95.4136 1.21862 0.109279
335 6.54761 15.6443 1.04303
336 12.7423 10.8635 0.385962
337 97.8935 3.16581 0.831314
338 65.0456 59.829 -1.72994
339 80.3691 36.2179 -2.42506
340 0.852197 11.2579 0.814355
341 97.1487 6.85605 0.21142
342 99.7087 11.1331 0.449871
343 68.5834 65.5182 -1.7817
344 68.8255 51.1034 -1.83568
345 96.0514 39.3766 1.53796
346 58.9651 16.7303 -3.11684
347 37.1957 17.8954 1.67839
348 98.8768 5.41151 0.506234
349 1.70841 20.7764 0.692188
350 62.3686 62.1312 -1.65549
351 69.1294 55.7413 -1.71325
352 96.8135 13.104 1.10195
353 49.6529 6.51152 -0.116794
354 42.861 22.2299 -2.61871
355 84.7052 33.2546 2.38457
356 81.4068 46.4227 -2.90552
357 52.6125 99.3633 0.149349
358 65.5702 23.8104 2.85383
359 17.4331 26.0092 -0.165236
360 75.096 66.247 -1.25455
361 7.74673 22.2506 0.893381
362 3.79569 12.3576 0.635578
363 44.9291 74.6148 -2.20058
364 97.0426 15.8757 0.753517
365 56.8931 60.7647 -2.02661
366 8.42531 11.7534 0.232386
367 58.8896 47.5257 -1.93968
368 55.1249 62.1951 -1.45026
369 98.0173 37.1201 1.75972
370 92.172 29.1334 2.07396
371 6.09299 19.3304 0.961746
372 72.4308 24.9707 -3.44237
373 61.2116 25.9879 2.86754
374 98.027 18.5219 0.457618
375 56.8363 59.4992 -2.15532
376 61.865 47.1582 -1.33527
377 39.0026 41.694 -1.52916
378 60.0384 62.9454 -1.55752
379 19.4669 11.9122 0.394361
380 65.9948 59.2364 -0.989061
381 38.9625 17.4651 2.15227
382 3.45032 10.893 0.268453
383 0.267003 53.5333 1.55021
384 19.646 30.8487 0.522074
385 58.814 96.8154 0.0191812
386 53.7769 3.31942 -0.13683
387 43.5531 58.3259 -1.51966
388 68.3321 60.6028 -1.49215
389 16.6185 20.6132 0.851979
390 98.747 12.8968 0.911899
391 67.2516 22.8737 3.11001
392 92.5485 25.3825 1.8659
393 65.0159 64.0378 -1.50989
394 5.61775 11.9597 0.782596
395 63.9292 21.2516 2.91343
396 68.7022 20.1698 3.2195
397 9.01954 18.8802 1.102
398 85.365 29.408 1.83113
399 42.0068 45.1196 -1.32328
400 1.01429 1.32598 0.930236
401 50.2095 15.6556 -2.37415
402 47.1606 73.4659 -2.28047
403 1.95048 10.0937 0.791056
404 29.6292 40.3682 1.42026
405 96.4456 10.6449 1.10352
406 55.8287 15.0818 -2.86259
407 5.14524 10.8484 0.491612
408 59.4699 23.2074 2.39549
409 11.0906 13.1286 0.679923
410 98.9606 2.61823 0.784388
411 95.9641 35.7895 2.05544
412 48.9919 71.511 -1.40967
413 65.3759 17.9937 2.61725
414 63.796 61.4812 -1.68867
415 96.9285 42.3474 1.96936
416 8.215 27.5853 0.776307
417 3.1645 3.72088 0.959232
418 3.84534 13.1155 1.20324
419 96.9412 91.0211 0.44399
420 19.9746 26.2194 0.425662
421 98.9843 10.421 0.644695
422 69.5657 29.3944 -3.40279
423 49.9701 30.06 -1.88359
424 93.5508 34.9861 2.049
425 6.27011 8.81009 0.312843
426 45.646 44.7717 -1.50024
427 97.5646 18.9199 0.2365
428 60.0565 61.3128 -1.1616
429 65.7219 60.6159 -1.08612
430 89.5108 68.1571 0.746576
431 60.1593 60.3337 -1.55206
432 68.3826 53.8912 -1.67618
433 48.0525 47.36 -1.25124
434 77.9652 30.2136 2.80458
435 93.7076 13.9681 0.970577
436 70.267 59.8636 -1.8973
437 35.2624 21.996 1.69236
438 93.0437 0.667212 0.765616
439 49.0557 45.6774 -1.166
440 45.1872 19.9819 -2.18501
441 10.4244 79.6446 -0.227726
442 2.69024 14.7836 0.746853
443 40.5559 23.399 -3.38761
444 61.8532 61.89 -1.75956
445 3.43862 21.1374 0.767216
446 59.0208 12.0086 -3.01759
447 56.1603 19.7133 -2.30767
448 95.4309 33.3553 1.69735
449 4.01957 18.9643 0.622492
450 1.20282 7.04976 0.354993
451 47.1553 68.5745 -1.99656
452 2.24692 19.4158 1.099
453 67.7836 57.1327 -1.09678
454 66.4142 32.0274 3.03681
455 44.9246 16.1885 -2.53057
456 97.6145 0.79608 0.742193
457 71.7595 27.3293 -2.89829
458 85.3129 52.4438 -2.534
459 49.3291 28.9876 -1.32937
460 14.0029 20.0236 0.89078
461 44.1981 98.9997 0.358054
462 63.1717 63.7009 -1.57907
463 64.1512 46.3057 -1.48887
464 64.4448 68.5258 -1.58215
465 66.8396 24.3476 -3.43646
466 67.0178 63.4724 -1.514
467 6.36719 14.1671 1.15732
468 10.7088 23.8582 0.791616
469 67.2294 58.7327 -1.27972
470 98.0103 10.0647 0.336632
471 61.9222 64.3724 -2.00609
472 62.3177 65.6271 -2.1699
473 61.1335 29.0326 2.75451
474 95.2563 32.699 1.87044
475 57.251 15.7097 -2.91149
476 49.9783 2.4668 0.0947074
477 31.6575 45.841 1.38817
478 90.6825 73.5708 1.25153
479 98.404 40.1776 1.74929
480 71.7871 26.8077 -2.90288
481 11.0401 28.4273 0.145743
482 37.4247 17.6918 1.94354
483 1.4787 9.06303 0.815871
484 93.6104 24.2574 1.36478
485 93.1239 20.4171 0.639114
486 67.7514 56.7556 -1.42914
487 72.3383 65.5072 -1.56626
488 44.2042 51.2804 -2.07349
489 47.962 17.8214 -2.24587
490 58.469 2.73857 -0.173856
491 78.099 43.9589 -1.82984
492 60.3497 62.6542 -1.95961
493 71.5941 46.7869 -1.97485
494 80.3612 38.5622 -1.63927
495 37.6513 49.7978 -2.08858
496 4.31808 17.9493 0.778134
497 93.0796 29.0444 2.14978
498 66.313 61.517 -1.2748
499 49.0207 27.0088 -1.89803
