500
Particles
0 55.0131 74.0925 1.59451
1 27.3054 75.0726 1.38129
2 20.1485 82.0912 2.32995
3 53.3228 85.0405 0.696647
4 21.6657 56.9577 1.97839
5 21.1445 91.0514 2.49611
6 46.7728 70.841 1.03066
7 26.5125 22.1562 1.18303
8 34.9321 88.8527 2.63974
9 36.774 93.2238 3.31457
10 29.5935 92.2836 2.43784
11 19.2835 17.4684 1.78039
12 49.8713 88.364 -1.83961
13 80.2572 71.8116 -0.138143
14 23.5056 59.0749 1.36528
15 36.9657 14.8092 -1.67611
16 35.9674 2.81559 -2.44927
17 20.0595 48.6739 1.91679
18 30.9768 72.5197 1.65241
19 95.1618 97.3209 1.32393
20 53.952 85.1286 0.660012
21 43.7438 70.3914 1.65993
22 22.8163 97.8491 2.87832
23 27.7256 53.9706 2.32114
24 80.5128 20.7853 3.10509
25 17.0418 96.2969 2.59782
26 22.3495 90.4351 2.36317
27 17.4785 9.98687 1.67309
28 56.6733 76.3059 1.00658
29 23.0586 50.7612 2.28328
30 21.8093 85.5682 2.34632
31 19.7504 0.642156 2.9269
32 54.3368 82.6038 0.339089
33 23.2916 80.8796 2.3877
34 22.5563 97.9704 2.88042
35 38.0755 86.455 2.54123
36 16.7378 21.1662 1.23527
37 45.1913 76.9271 1.87411
38 6.7474 91.0316 1.75278
39 20.6675 54.8055 1.2297
40 24.77 95.1942 2.65885
41 82.8851 76.4193 0.145759
42 30.5356 95.9715 2.32317
43 81.4692 11.7313 -3.24157
44 29.1224 80.0057 1.4885
45 34.1002 0.237185 -2.59574
46 22.6898 0.861683 3.01075
47 5.71175 18.2482 0.251384
48 25.6555 96.9082 3.03701
49 17.8039 90.618 2.87486
50 42.7346 87.0563 2.94819
51 24.8605 1.2827 2.5325
52 79.0999 17.774 2.48214
53 16.5548 20.1556 1.62255
54 29.5569 59.8967 1.55198
55 11.3269 1.01916 2.27864
56 31.0634 61.8355 1.81998
57 29.5632 89.9024 3.1376
58 29.5869 65.3076 1.55304
59 13.8092 93.8034 2.55526
60 38.6897 80.3725 1.79782
61 29.0508 95.3578 2.88073
62 33.9325 87.0449 2.97062
63 25.0922 70.495 2.14494
64 41.845 76.6873 1.47887
65 8.79327 2.31383 2.42304
66 38.9253 83.7004 1.93517
67 39.7098 84.9201 2.32952
68 5.63578 99.578 1.55584
69 33.5871 88.1246 2.33642
70 45.3552 73.8632 1.4447
71 20.1742 95.6226 2.97836
72 38.7429 79.2031 1.98536
73 49.6656 75.8819 1.41379
74 26.8116 89.0963 2.69595
75 64.3821 33.1091 -0.761408
76 30.0388 89.3966 2.53729
77 44.3659 73.849 1.34243
78 21.1986 85.4945 2.34164
79 31.2288 67.7772 1.22104
80 25.8922 92.2951 2.28626
81 37.4438 82.4755 2.66202
82 99.0097 95.1185 1.14575
83 26.2908 64.7139 1.98861
84 17.2179 1.6593 2.01393
85 24.4942 92.3124 2.61647
86 26.7535 92.6189 2.62446
87 0.221731 95.221 1.13222
88 94.9519 97.3043 1.711
89 25.085 90.4524 2.92988
90 63.6143 28.7624 -0.813052
91 17.8955 0.856813 3.02952
92 99.8357 94.4738 1.68472
93 27.4857 61.8923 1.46489
94 27.1197 95.1112 2.94924
95 54.1626 79.9868 1.14139
96 40.6363 74.3517 1.43368
97 47.0832 78.1906 1.3055
98 24.2095 90.5216 2.12105
99 61.6793 79.4456 0.470522
100 80.2772 17.3632 2.73163
101 32.5928 73.2552 1.73196
102 30.6718 93.5773 2.80765
103 21.6739 94.7399 2.3226
104 26.5192 98.5413 2.42972
105 60.6412 28.4482 -0.742855
106 32.3746 62.4262 1.39509
107 56.1446 75.8842 0.603134
108 25.4873 0.641051 2.86509
109 34.387 64.8511 2.00764
110 79.6849 90.556 -0.467796
111 46.1516 76.1335 1.98172
112 54.9704 83.856 0.300453
113 49.0872 70.8784 1.65409
114 43.7341 24.9545 -1.45659
115 47.0483 83.4096 1.01655
116 27.3138 85.5464 2.94385
117 16.7783 98.1548 2.90881
118 50.4491 86.6492 -0.720401
119 28.4011 60.612 2.25479
120 18.1891 96.3992 2.11435
121 37.2795 88.5044 2.80219
122 25.5628 95.3766 2.8951
123 28.8671 72.1066 1.46873
124 75.075 71.1771 0.204136
125 9.66921 0.638488 1.8957
126 32.0519 6.27417 -2.21942
127 78.486 74.4704 0.137019
128 80.0599 20.8384 3.23799
129 55.6038 70.5465 0.905517
130 60.6305 78.0926 0.697484
131 28.8234 92.933 2.41219
132 6.42634 47.0295 -1.06951
133 6.2768 53.0787 -1.2177
134 18.1983 89.7044 2.51546
135 49.4147 75.2255 1.12852
136 25.6407 88.5545 2.95662
137 46.9101 75.363 1.95787
138 27.943 94.2883 2.87525
139 20.5175 96.8393 3.05031
140 31.7543 93.7711 2.76709
141 11.557 2.12928 2.39439
142 28.7541 64.8938 1.86376
143 36.0407 -0.180215 -2.50209
144 44.7554 78.5483 1.3035
145 53.6361 72.6833 1.63923
146 59.5861 76.5772 0.569873
147 19.5859 79.8943 1.5823
148 59.7362 78.3935 0.334913
149 38.4875 82.8746 2.11739
150 31.3397 93.9717 2.71085
151 53.6485 81.534 0.102367
152 28.1917 89.2161 3.02314
153 24.8871 98.9188 2.71784
154 35.9902 1.43374 -3.11974
155 7.77199 54.0974 -0.431256
156 38.4343 89.0397 2.53377
157 28.8712 1.5357 2.93066
158 20.7341 91.4875 2.97102
159 35.493 11.4928 -1.58587
160 22.9841 84.621 1.67491
161 33.4581 7.08034 -1.66006
162 40.5222 89.7534 2.56103
163 6.04165 98.0421 1.87235
164 75.7957 58.6961 -0.976991
165 38.6862 86.3695 2.06033
166 1.92543 97.8983 1.45482
167 50.4994 78.1604 1.2759
168 32.0125 71.4809 1.11343
169 84.7724 16.3796 3.37923
170 23.3019 77.7968 1.7169
171 45.6001 70.7832 1.36398
172 53.4738 73.8263 1.59294
173 32.7464 93.2341 2.53409
174 20.6591 90.4823 2.64388
175 18.2463 2.06908 2.21929
176 35.6036 15.7377 -1.96927
177 22.645 94.5206 2.31098
178 83.9889 16.5356 3.21415
179 55.4475 76.3555 1.07988
180 48.3347 72.1417 1.76281
181 36.5501 94.4891 3.30699
182 32.4574 62.388 1.88538
183 65.5947 81.9507 0.163963
184 3.89202 94.912 1.26724
185 3.48423 55.2704 0.045491
186 27.0104 96.1073 2.46081
187 53.4346 83.8036 0.20595
188 23.3656 65.5028 1.50448
189 23.2774 85.8618 2.14554
190 19.0724 89.3317 2.4503
191 44.2957 80.2714 1.17336
192 26.6342 91.1186 2.82143
193 21.3565 0.216673 3.11035
194 23.7875 90.4853 2.46735
195 43.9361 72.4476 1.08677
196 19.748 92.2899 2.34678
197 27.2251 92.9908 2.78725
198 99.4065 94.635 1.35666
199 20.8545 91.6783 2.07842
200 46.6447 73.7158 1.41133
201 18.2035 51.5493 1.86933
202 78.6406 19.0293 2.60236
203 33.3994 9.53808 -2.1547
204 22.1829 89.9261 2.9249
205 50.3793 76.3658 1.75711
206 24.2152 94.7757 3.04293
207 15.6747 96.4401 2.69188
208 7.80355 96.6627 1.48629
209 55.7829 85.206 0.484159
210 34.9346 76.2972 1.66837
211 24.9292 95.8272 2.36511
212 6.28317 49.0449 -0.898684
213 57.6459 81.436 0.800298
214 24.3034 66.5574 1.94102
215 51.7541 72.5356 1.68313
216 32.9305 3.13872 -2.60834
217 46.0662 69.9245 1.34813
218 27.4943 5.31003 2.96009
219 21.1665 48.0098 1.74965
220 49.5297 76.5136 1.12569
221 26.3319 2.49013 3.17661
222 44.4244 77.5609 1.92193
223 61.3309 35.1713 -1.12668
224 54.9006 84.7006 0.761147
225 20.6631 18.2149 1.60205
226 34.8527 94.0601 2.60263
227 27.0987 97.188 2.24622
228 28.021 91.7154 2.47225
229 31.5287 97.0835 2.61574
230 80.7927 73.7168 -0.294607
231 40.1134 77.8505 1.95827
232 18.0953 0.666022 3.1322
233 20.9931 96.0192 2.27141
234 17.8335 92.5427 2.13211
235 31.3611 59.2611 1.80167
236 33.6276 90.4615 3.01863
237 24.5727 84.7013 2.42647
238 28.3815 57.9239 1.5635
239 23.5473 60.9698 1.30719
240 46.4531 89.178 -1.70771
241 31.3107 81.8174 2.38118
242 27.353 0.239183 3.11714
243 48.3059 72.8027 1.11659
244 34.4411 7.07297 -1.91192
245 25.8863 0.827535 2.76109
246 28.3121 93.8303 2.919
247 77.7777 77.6796 0.193527
248 26.5436 63.3518 1.85846
249 25.0974 87.8845 2.65485
250 14.5206 12.4116 1.62622
251 19.7421 85.1779 2.46371
252 25.0984 20.5774 1.39691
253 79.3729 15.6333 3.02543
254 28.234 91.8703 2.32511
255 39.1951 83.276 2.70658
256 28.6719 99.1847 2.91654
257 28.5596 94.697 2.58698
258 37.1712 90.2379 2.57892
259 35.2263 61.9048 1.50172
260 22.3069 90.9966 2.09887
261 29.1091 64.1562 1.64896
262 33.2372 97.485 3.0869
263 18.6481 99.9749 2.53629
264 22.2309 81.3848 2.27424
265 26.2325 91.6088 3.16668
266 23.039 93.3376 3.07481
267 41.0584 76.3313 1.26742
268 20.2943 98.7952 2.73973
269 16.5281 11.4916 0.942256
270 30.6898 65.1525 1.38354
271 33.0936 61.7461 2.16487
272 57.1502 81.3191 0.522284
273 18.7929 93.658 2.88584
274 21.2321 97.1414 2.82408
275 29.799 94.9475 2.9307
276 22.5903 90.564 3.05789
277 53.5287 75.1179 1.64055
278 26.2225 75.776 1.29777
279 27.9022 1.7532 2.36125
280 29.42 63.39 1.45587
281 28.0821 95.7849 3.20621
282 27.9476 60.3484 2.13023
283 48.3129 82.9522 1.52877
284 30.4426 84.5099 2.00469
285 46.1012 74.3231 1.99288
286 77.1605 76.4446 0.293002
287 26.1774 95.0626 2.5177
288 62.9665 81.8165 0.433745
289 26.533 79.8071 2.02146
290 23.0483 99.1428 2.16002
291 28.9166 76.4637 1.97192
292 84.8288 13.8908 2.94674
293 20.6406 98.334 2.99295
294 29.1049 58.1182 1.84498
295 29.6499 10.9219 -2.2506
296 6.46094 95.5644 1.75933
297 33.9245 96.202 2.97194
298 31.2122 78.356 1.3274
299 46.2748 78.7113 1.91175
300 24.2969 93.6744 2.11453
301 40.418 81.4641 1.52362
302 9.15448 88.0654 2.17327
303 27.7299 96.1995 3.1385
304 25.6817 72.7441 1.60507
305 22.3193 86.8403 1.94039
306 20.1824 18.9232 1.3868
307 22.466 83.6403 2.02216
308 29.9535 64.4993 2.04016
309 19.2165 97.2066 2.63648
310 22.0516 17.6722 0.956802
311 84.7466 72.2892 0.148207
312 25.1072 0.816124 3.09923
313 55.1852 81.2301 0.893778
314 33.0802 11.5949 -1.42958
315 26.0312 98.0032 2.87773
316 49.7418 73.2817 1.23098
317 30.795 67.5542 1.25513
318 49.5095 89.5498 -1.49003
319 44.641 79.317 1.68423
320 46.7089 75.9772 1.13645
321 20.432 47.8852 1.74837
322 47.6761 74.4996 1.38896
323 29.4667 68.2037 1.64045
324 26.3976 84.3456 1.91513
325 32.0832 97.2618 3.04086
326 28.548 92.3589 2.32506
327 23.0725 94.5187 2.10127
328 3.58399 95.6238 1.92017
329 58.1334 82.062 0.378532
330 53.953 80.3221 0.362325
331 95.1066 48.8318 -2.44289
332 57.2433 82.2481 0.614811
333 96.6705 93.9492 1.11602
334 23.1496 57.0482 1.78928
335 46.5336 78.5096 1.15667
336 47.793 76.1285 1.16145
337 24.5901 59.4683 1.71094
338 30.4103 97.6494 2.63145
339 26.6496 94.4214 2.60117
340 38.9721 72.2856 1.7879
341 24.1819 65.1035 1.72253
342 34.6448 72.9095 1.41001
343 30.7007 1.89818 3.13967
344 29.3324 94.3179 3.08712
345 83.1475 9.56987 -3.15833
346 84.4597 77.9384 0.0870415
347 21.507 91.5135 2.36895
348 24.1072 64.964 1.31563
349 20.9785 87.2432 2.52262
350 26.7393 0.546961 3.03947
351 37.6496 90.7103 2.29282
352 26.9481 76.3671 1.86073
353 63.6828 31.0785 -0.653206
354 25.4988 91.2279 3.13435
355 31.1239 90.8665 2.99195
356 60.819 80.3403 -0.208975
357 9.76711 55.8622 -1.09983
358 32.7483 67.041 1.77686
359 18.535 98.1974 2.24053
360 37.3474 6.81961 -1.5394
361 16.1584 90.8747 2.63802
362 43.1251 73.9986 1.88066
363 27.4091 91.9145 2.76211
364 23.2097 81.6583 2.39348
365 22.2419 1.73552 2.56516
366 47.7065 72.7372 1.35657
367 50.3218 76.9742 0.957201
368 59.158 76.7279 0.818555
369 83.3583 7.17627 -3.06884
370 53.2928 91.6023 -1.80841
371 40.1929 83.538 2.22464
372 31.9092 58.1733 1.40805
373 48.3699 74.5143 1.11544
374 22.4332 83.8627 2.1633
375 20.0009 1.82604 3.04124
376 36.8279 64.705 1.73498
377 52.1971 80.2431 0.950943
378 22.464 0.878046 2.71165
379 49.7053 78.8572 1.13152
380 30.5038 95.1997 2.72582
381 24.8843 89.3862 2.97373
382 43.8004 70.93 1.21157
383 87.8556 26.0567 2.75334
384 17.15 99.2539 2.60113
385 23.3748 17.5675 1.59889
386 15.8734 20.9245 1.40755
387 21.2516 93.6404 2.88414
388 33.5782 96.5048 2.81252
389 15.2371 93.9688 2.6112
390 31.9715 76.1632 1.828
391 29.1719 63.8329 1.98374
392 0.961679 84.5296 2.02869
393 29.6176 0.87614 2.75771
394 45.3362 73.5531 1.11421
395 33.3058 68.4461 2.01883
396 21.07 46.2397 1.87984
397 46.1168 83.9855 1.24471
398 58.351 80.2795 0.413436
399 36.4303 85.8304 2.11434
400 24.4009 60.4411 1.85993
401 3.58678 98.1737 1.56634
402 26.6973 92.6065 2.84325
403 41.8311 70.8624 1.77969
404 24.5304 95.093 2.57779
405 26.4522 76.2011 1.28634
406 78.1392 73.3562 0.099372
407 45.141 72.69 1.28206
408 50.6681 73.0757 1.63174
409 50.0702 75.7171 1.59328
410 22.6424 60.5289 1.65999
411 44.7745 23.8187 -1.12504
412 33.1429 88.8267 2.88623
413 27.8484 63.384 1.40571
414 28.4038 99.264 2.56466
415 82.8662 12.6618 3.2234
416 5.91774 93.9792 1.63651
417 25.8099 62.9791 1.4535
418 37.6665 77.3472 1.64965
419 91.2681 25.0709 2.83892
420 18.4932 96.5597 2.71532
421 31.1416 73.5809 1.69355
422 30.9619 63.5274 1.46735
423 47.7125 74.3674 1.95376
424 35.469 14.3294 -1.90715
425 45.8873 69.4781 1.81532
426 50.0899 80.6424 0.998655
427 16.6545 84.6566 2.27849
428 27.0532 99.4345 2.43989
429 31.4713 97.2595 3.25653
430 34.6579 7.24993 -2.33533
431 21.613 2.0873 2.49804
432 41.0742 87.1929 2.31505
433 55.1807 79.4998 0.731397
434 23.0523 96.4398 2.68937
435 20.8886 80.0861 1.31966
436 36.1243 95.469 3.38291
437 21.4347 95.251 2.94947
438 20.7319 52.489 2.05267
439 50.2659 77.517 1.13597
440 29.0125 86.9555 3.0868
441 76.0247 70.4829 0.156802
442 45.4673 74.1434 1.15964
443 24.3103 92.1087 2.22283
444 24.6267 0.592353 3.29508
445 19.0747 88.7978 2.46698
446 78.6344 69.1505 0.175179
447 81.0959 76.4094 -0.367515
448 35.556 20.756 -1.70844
449 29.3909 84.1097 2.47748
450 28.6263 66.4962 1.82323
451 26.1081 92.5199 2.55215
452 20.0835 86.3508 2.33659
453 32.4271 94.7962 2.7488
454 54.0155 71.8472 1.54874
455 99.3552 99.1223 1.68638
456 18.5457 58.2007 1.70137
457 31.0333 58.5306 2.13174
458 44.519 87.8995 2.67953
459 15.3341 5.90836 2.71545
460 18.5905 91.1156 2.69984
461 63.4129 29.1004 -1.20337
462 26.254 0.467466 3.02667
463 33.8415 64.0496 1.38965
464 28.9435 5.1183 2.73891
465 29.4977 66.7474 1.93865
466 31.3837 99.5328 3.36472
467 47.7182 75.2597 1.49406
468 15.4191 94.1792 2.44824
469 36.9382 92.1983 2.49863
470 27.8063 73.4898 1.61672
471 27.0861 1.01551 2.92599
472 25.8371 0.969002 3.12019
473 50.4647 73.5825 1.07445
474 37.9053 15.7354 -1.28185
475 79.7911 72.5627 -0.61614
476 8.49865 55.7974 -0.554595
477 26.8335 93.6468 2.42223
478 18.0762 3.04763 2.33716
479 86.9877 9.95037 -2.70991
480 31.4332 57.1238 1.74795
481 7.70649 95.3788 1.25408
482 26.2488 90.5077 2.24526
483 29.9802 69.6501 1.58793
484 1.66694 90.3257 1.04037
485 9.33365 87.1344 1.5368
486 33.9443 92.8208 3.24188
487 32.5416 2.85735 -2.55071
488 36.0457 87.1324 2.4735
489 2.79804 98.3323 1.22957
490 25.7176 20.8279 1.38057
491 28.9662 94.4302 2.6945
492 25.0416 0.949935 2.75948
493 25.1395 97.7302 2.92502
494 28.6113 94.2172 2.6081
495 18.2611 96.3371 2.99972
496 44.2837 80.1687 1.66029
497 36.7483 11.3433 -1.5977
498 33.5239 94.8416 3.20018
499 13.9286 4.52344 2.21182
