500
Particles
0 19.2865 53.2907 2.45955
1 54.9279 53.8359 2.52909
2 28.6488 89.5722 2.81135
3 59.5013 92.8614 0.997091
4 78.3829 54.1205 1.46723
5 24.8462 46.1808 2.52906
6 36.2727 76.8581 2.8683
7 73.3589 1.02938 1.36514
8 53.353 59.4464 2.16579
9 54.7781 63.0403 2.13017
10 42.9654 58.5972 2.67274
11 28.3529 86.7249 2.68456
12 30.3124 86.8106 2.21056
13 83.2619 45.2174 1.21026
14 81.1346 57.6763 1.81342
15 94.284 49.2961 1.8532
16 52.0356 64.3182 1.51896
17 73.1167 73.1587 1.0928
18 73.9143 63.265 1.48508
19 60.4088 87.4093 1.40206
20 60.0666 93.2793 1.6428
21 20.5972 70.468 3.06594
22 40.4408 69.2737 2.74685
23 83.3798 49.9646 1.03781
24 64.6392 96.4407 0.887572
25 25.998 57.7459 2.42852
26 23.3279 39.4793 2.28321
27 14.5968 77.7198 2.29224
28 28.2831 66.9754 2.77331
29 33.9287 14.8724 -0.509803
30 59.5813 6.3822 1.1816
31 36.9171 69.3401 2.58999
32 50.6274 91.7588 1.9568
33 65.8965 2.04549 1.22913
34 31.4535 60.1567 2.26875
35 71.1893 67.8161 0.863329
36 58.9595 12.5055 1.58297
37 40.357 84.3551 2.81781
38 25.1007 61.3633 2.77475
39 79.9289 50.9174 1.61767
40 34.2112 58.4734 2.54102
41 76.8709 51.2879 1.45731
42 49.2438 67.7825 2.01802
43 62.7204 93.0149 1.72504
44 52.2566 54.8765 2.59517
45 47.0355 62.6093 2.04159
46 32.6489 63.4106 2.07339
47 79.1179 91.8642 1.25144
48 39.519 63.131 2.64416
49 26.0265 51.5266 2.23066
50 79.49 68.2602 1.28238
51 42.8671 70.4119 1.83621
52 66.866 94.9824 1.41067
53 58.6175 12.2739 1.21418
54 80.2393 54.9093 1.74057
55 67.1871 89.2224 1.32557
56 83.5501 57.0458 1.83441
57 37.5192 48.9318 1.74804
58 80.2306 60.5706 1.15462
59 25.6521 58.9623 2.11644
60 79.0586 66.0775 1.90375
61 41.6738 60.9005 2.37331
62 50.4806 57.5887 2.03707
63 49.7075 45.9873 2.13956
64 30.4139 80.1529 2.46641
65 74.24 93.0177 1.07047
66 75.7659 69.1023 1.61824
67 75.5176 68.9281 1.52486
68 71.4687 90.3826 1.7615
69 46.7313 54.3592 2.14336
70 37.1518 81.3716 2.54987
71 33.9443 62.6064 2.08811
72 77.6493 65.4903 1.2325
73 42.9285 83.4378 2.53878
74 37.2049 52.2684 1.77296
75 74.5921 98.1069 1.28908
76 40.6942 53.4486 2.23857
77 40.279 80.8425 2.22512
78 22.634 31.9881 2.29202
79 81.3608 62.3645 1.48134
80 37.5129 57.6832 2.2082
81 74.4458 67.1543 1.02811
82 57.7434 84.3935 1.23766
83 73.7927 59.3597 1.73178
84 69.3496 86.0923 1.6932
85 38.7235 60.5895 2.72732
86 38.8679 58.5942 2.42724
87 42.6956 79.1206 2.0183
88 68.2688 88.4479 1.47989
89 34.1322 52.4043 1.7574
90 65.851 96.5759 1.63775
91 37.8905 71.6135 2.28156
92 41.1979 77.3481 2.54639
93 76.2305 54.2599 1.89716
94 39.7959 61.0076 1.97721
95 61.742 88.2962 1.24772
96 22.4688 75.0723 2.49548
97 40.0368 84.5395 2.37712
98 34.1263 52.8919 1.76098
99 41.0316 77.0657 2.50093
100 67.3695 95.4704 1.98974
101 77.1556 64.6151 1.77008
102 43.7817 60.1328 2.5832
103 31.1222 56.6878 2.45091
104 41.2875 66.5359 2.48249
105 63.4887 97.9465 1.42527
106 81.8979 54.5645 1.51428
107 20.1913 58.8579 2.05096
108 39.2907 67.4374 2.58936
109 90.9953 62.4366 1.64957
110 78.155 99.1389 1.82483
111 41.7271 84.1029 2.17222
112 60.2627 91.9341 1.41709
113 36.6395 75.031 2.88118
114 18.694 76.8603 2.38416
115 32.3067 86.8503 1.98161
116 36.7951 47.598 1.61195
117 33.3104 66.6146 2.33911
118 55.0817 94.5372 1.3876
119 79.4339 57.1624 1.75372
120 24.8128 55.0925 2.52998
121 67.995 64.2111 0.948744
122 39.0951 63.282 2.24794
123 67.9636 59.4485 1.55565
124 20.9586 98.0502 -0.738566
125 71.496 88.5007 1.71209
126 49.767 72.7357 2.42223
127 79.2458 48.3071 1.38506
128 66.4128 96.435 1.57982
129 16.5914 79.5316 2.83867
130 26.4249 65.1668 1.81663
131 39.5745 55.9726 1.94616
132 74.5146 89.4489 1.43491
133 74.8661 91.7283 1.48502
134 25.148 49.2849 2.17755
135 42.0702 82.5235 2.14391
136 33.6975 49.2649 2.42942
137 30.9599 80.0362 1.85903
138 41.6452 61.2462 2.48399
139 28.3444 55.7471 2.23585
140 43.4308 57.8282 2.26067
141 70.493 89.8087 1.72779
142 77.8136 57.2552 1.23346
143 52.1316 67.0433 2.2454
144 30.0916 82.109 2.4376
145 17.0281 80.6396 2.75853
146 23.051 59.5645 2.02549
147 63.535 2.52304 1.37821
148 42.7199 82.4984 2.36567
149 74.8381 67.218 1.60575
150 46.1684 62.1685 1.76535
151 55.3056 90.7332 1.82327
152 36.9496 51.5724 2.34043
153 40.4342 67.2575 1.99401
154 51.6963 65.2959 1.69781
155 77.7561 92.8437 1.33245
156 58.6045 60.5601 2.52724
157 51.4075 75.6766 1.88767
158 23.1508 41.8271 3.19184
159 58.5901 73.502 2.18308
160 64.4226 3.56965 1.87829
161 53.4801 71.3287 2.03932
162 73.9484 68.5357 0.888249
163 65.2829 87.2256 1.68465
164 73.6406 95.4299 1.72118
165 70.6885 65.3411 1.02294
166 67.1916 87.3798 0.929518
167 45.5333 86.0157 2.41206
168 80.094 64.1516 1.07761
169 73.2075 93.5214 1.75878
170 68.0489 50.2427 1.62697
171 35.4849 77.0606 1.89809
172 19.4727 56.4461 2.03865
173 44.7154 57.8933 2.16312
174 22.4346 40.3783 2.93382
175 72.759 87.3856 0.974262
176 28.9749 18.7584 -0.619089
177 31.5055 55.5773 2.08361
178 65.8512 95.2286 1.87195
179 30.8404 69.7437 1.87729
180 36.2436 77.2706 2.45992
181 55.4423 64.8884 1.67361
182 87.035 57.3065 1.2476
183 20.3506 53.571 2.31787
184 41.7003 77.1675 2.10767
185 74.0002 93.2053 1.27458
186 42.438 65.5593 2.20815
187 58.2418 91.7939 1.15552
188 66.2964 55.4131 1.97652
189 25.5907 87.7818 2.09176
190 23.7252 43.4484 3.10617
191 33.7134 84.3867 2.74282
192 32.8804 48.2347 2.1749
193 43.4945 73.3415 2.04579
194 36.1281 56.6274 2.61626
195 31.9342 78.3293 1.90244
196 28.0427 53.6086 2.73157
197 37.2164 54.9325 2.64098
198 40.3391 77.3644 2.86377
199 25.3408 47.0476 2.676
200 40.884 79.888 2.73383
201 34.2612 12.8661 -0.4666
202 64.1456 96.6146 1.35637
203 59.7401 74.9695 2.22316
204 23.1419 39.1117 2.4695
205 45.5749 84.577 1.82138
206 34.1198 56.6974 2.74177
207 27.7309 62.1792 2.43529
208 63.1879 85.2053 1.15562
209 56.5292 93.661 1.25644
210 78.5262 66.1999 1.86052
211 40.4061 64.0493 2.32822
212 75.504 90.6125 1.28297
213 54.0562 88.8323 1.91851
214 64.2302 53.7457 2.26216
215 22.3376 62.8834 2.19229
216 49.1419 68.2792 1.65132
217 30.5517 75.3894 2.65486
218 77.5758 85.699 1.46899
219 75.8379 73.6974 0.958824
220 41.621 83.7042 2.20899
221 44.9228 73.0642 1.98211
222 40.7761 84.3627 2.38174
223 68.276 99.3467 1.06009
224 59.8054 93.6139 1.74616
225 32.6415 87.8216 2.35579
226 51.8351 62.4857 1.51711
227 41.5645 66.0501 2.23316
228 40.9358 59.0534 2.85961
229 41.2092 57.8918 2.34744
230 83.0708 47.2588 1.57973
231 82.132 64.431 1.79968
232 41.3497 74.5186 2.16762
233 34.5705 62.4633 2.24656
234 26.9696 54.4866 2.2267
235 83.1068 54.3045 1.45103
236 51.066 60.9793 1.616
237 28.0059 89.286 2.88308
238 84.6003 56.1658 1.55339
239 77.4819 56.6774 1.79766
240 26.3671 81.7095 2.10418
241 54.0974 58.6997 2.3727
242 47.7468 71.9915 2.63425
243 41.7789 79.8624 2.07313
244 55.0104 72.2477 1.68224
245 43.1466 70.0366 1.72356
246 41.0475 60.0758 2.69896
247 69.4313 30.1367 0.862179
248 77.6356 57.1988 1.32077
249 34.4378 50.0721 2.40251
250 12.8594 78.0696 3.33996
251 20.4277 84.1404 2.70336
252 68.9877 99.7464 1.10742
253 59.3488 94.8748 1.705
254 41.5237 57.9489 2.23272
255 74.5344 67.0405 1.26008
256 46.7868 69.5517 2.34526
257 40.6631 59.7517 2.31292
258 58.6428 64.516 2.05319
259 85.4393 55.7917 1.56028
260 24.9224 44.7115 2.85745
261 79.3375 58.7549 1.78249
262 47.4432 64.1187 2.28944
263 38.9934 72.3314 2.36357
264 62.5224 2.97072 1.42164
265 37.667 55.5566 2.0778
266 30.7066 52.6506 1.80763
267 26.8982 80.1194 1.85347
268 28.1276 58.1772 2.61294
269 13.3439 79.5179 2.60902
270 82.6367 60.1539 1.41517
271 87.1579 58.3266 2.11889
272 50.5704 88.1589 2.19824
273 29.4982 57.2054 2.49011
274 36.6877 66.738 1.8089
275 39.5828 57.0814 2.267
276 29.5926 49.8956 1.73104
277 39.0704 75.8736 2.79963
278 46.1669 47.488 2.37737
279 47.076 72.2629 2.00027
280 84.2786 60.6076 1.99893
281 41.2081 63.3028 2.48367
282 81.6709 56.86 1.74683
283 45.9901 91.1149 1.73415
284 46.1909 52.1499 1.88948
285 38.3647 80.7146 2.31137
286 73.3367 49.8903 1.55598
287 37.8984 59.4942 2.27446
288 63.9724 88.859 1.20192
289 47.7163 54.5443 2.21819
290 36.0728 63.9197 2.20692
291 58.6083 56.3934 1.66081
292 72.4583 92.672 1.38297
293 33.7607 65.3884 2.35698
294 86.9343 56.0655 1.24857
295 16.1527 73.0297 2.47009
296 44.0409 78.4661 2.17166
297 48.9667 63.5692 2.38959
298 60.059 58.5068 2.25029
299 40.3785 85.5868 2.08054
300 34.565 57.7509 2.77712
301 78.4491 67.0915 1.40988
302 23.9492 54.5532 2.66615
303 40.3348 61.0921 2.62155
304 50.8616 47.7995 2.55191
305 26.0131 87.3789 1.85967
306 62.0195 98.8141 1.7529
307 27.2924 87.5405 2.15772
308 79.1565 61.0548 1.82843
309 35.2958 67.6147 2.69335
310 64.7098 100.235 1.7494
311 87.0106 51.8175 1.05855
312 41.3045 69.3435 2.4082
313 58.4719 89.6643 0.889052
314 76.0201 72.2525 0.728259
315 40.2397 64.284 2.22912
316 40.8974 77.6786 2.46241
317 81.4697 62.2453 1.47056
318 31.2843 86.8449 2.01421
319 39.8488 85.5195 2.80573
320 39.2306 82.8486 1.94599
321 74.0264 71.3575 1.48009
322 42.7733 81.3266 2.05858
323 79.2249 62.6879 1.72136
324 41.642 9.89032 2.36488
325 49.0622 68.0851 2.10782
326 39.0878 56.0054 2.51844
327 35.9907 61.3037 2.16767
328 45.9099 79.8228 2.29239
329 62.8986 89.4519 1.18997
330 57.6418 88.5076 1.02265
331 69.1748 2.67408 1.97389
332 58.6801 89.8066 1.08847
333 41.4439 78.0433 2.21525
334 78.3459 52.9274 1.76676
335 34.8151 85.0009 2.252
336 42.8867 82.7813 2.2703
337 79.2055 54.8607 1.47704
338 44.9635 65.6606 2.34441
339 40.0636 61.1861 2.65608
340 6.14933 61.4832 2.09895
341 75.684 60.2118 1.55487
342 77.0382 63.4598 1.89285
343 48.7679 70.9065 2.54962
344 42.7991 61.8739 1.93613
345 67.3685 93.2318 1.64553
346 76.3637 51.4865 1.90526
347 25.347 44.4909 2.98591
348 67.9241 55.8062 1.95402
349 22.7849 34.8321 2.19419
350 42.4263 68.2869 2.73455
351 55.393 60.4878 2.00796
352 54.1808 54.7874 1.70085
353 68.1096 98.0547 1.53683
354 32.9528 51.1899 1.8657
355 42.931 55.1126 2.77371
356 44.1906 80.6663 1.88816
357 77.6091 94.912 1.90759
358 83.2402 61.6078 1.82717
359 27.4773 59.21 2.53549
360 70.7576 74.1155 1.10346
361 23.0873 49.9 2.18345
362 24.1499 76.5624 2.98763
363 39.6178 58.0046 2.38244
364 66.6166 3.23607 1.56462
365 39.1252 70.2819 2.50612
366 39.7039 79.4555 2.8166
367 42.6627 83.4953 2.62949
368 20.8808 56.7923 2.38091
369 61.0364 88.5411 0.901504
370 59.4813 95.8618 0.962147
371 74.6418 66.1663 0.971232
372 89.9921 56.9876 1.37369
373 40.5418 81.7035 2.52711
374 22.1099 84.6538 2.27444
375 42.7713 74.6787 2.7025
376 93.128 60.2149 1.71033
377 52.4425 89.8915 1.20541
378 35.4969 66.4002 2.67422
379 42.4472 86.5172 2.56183
380 42.8489 60.1389 2.39695
381 27.1451 40.8889 2.34829
382 31.104 77.4253 2.00953
383 68.1384 91.0782 1.69752
384 42.0288 75.2969 2.75568
385 67.9057 1.72988 1.42626
386 60.4114 10.9505 1.87384
387 26.7453 50.3974 2.31512
388 48.6465 64.4197 1.58612
389 25.2175 57.3471 2.49564
390 72.0523 61.878 0.925042
391 81.5351 60.1305 1.28746
392 24.9859 54.8311 2.27066
393 47.5176 70.6319 2.14237
394 31.042 79.6083 2.17943
395 82.5072 62.2022 1.23907
396 75.8394 72.3531 1.18247
397 29.3695 83.9736 2.08011
398 57.9637 88.7489 1.6743
399 56.9061 58.3314 2.38427
400 75.9102 55.7334 1.81346
401 59.6045 87.689 1.37641
402 33.4771 50.7648 1.90257
403 22.9822 70.1523 3.55679
404 37.6005 61.9289 2.71019
405 53.4484 53.7596 2.5548
406 83.4134 45.0011 1.39578
407 34.0859 78.5158 2.59653
408 20.5316 61.0608 1.93743
409 47.3707 82.9291 2.03147
410 78.7423 58.1013 1.19875
411 21.9968 79.5859 2.19244
412 47.2162 57.8188 2.58957
413 78.2326 57.9727 1.17533
414 46.4683 69.8891 2.09009
415 69.789 92.7271 1.3747
416 43.1141 77.5799 2.13285
417 75.1504 55.3424 1.60943
418 80.4634 65.7621 1.99336
419 65.2979 90.1785 1.2286
420 33.9522 64.2319 2.13337
421 77.0914 64.938 1.35164
422 83.1446 58.9716 1.1881
423 42.7164 81.8886 2.42044
424 79.0344 69.5947 0.968637
425 35.011 75.0404 2.78023
426 46.9884 88.9947 1.99498
427 19.792 84.7302 2.23449
428 40.4676 65.4827 2.53287
429 46.3955 66.2201 1.77452
430 51.7576 67.7593 2.09309
431 41.9716 73.3791 2.43825
432 74.0763 68.331 1.02528
433 47.5068 86.8241 2.44574
434 32.7221 59.526 2.33926
435 69.3944 1.93831 1.2092
436 55.3191 66.9825 1.83379
437 28.515 54.4897 2.59979
438 31.4939 15.7432 -0.982883
439 42.0579 85.0258 2.11057
440 44.2583 54.9579 1.94562
441 80.3795 45.3545 1.42303
442 33.6304 81.1792 2.71099
443 28.5343 47.8175 2.1501
444 42.2689 71.6243 2.2377
445 23.1024 42.9483 2.91475
446 75.6663 1.66408 1.17089
447 79.6142 49.6983 1.76546
448 -0.304697 61.8146 2.33548
449 45.6105 53.1996 2.48024
450 76.9598 61.9309 1.86762
451 34.1853 53.9539 2.23304
452 21.2095 85.7046 2.10405
453 44.5394 59.0185 2.37095
454 17.4118 79.9764 2.56847
455 70.1272 91.4789 1.48574
456 73.0689 54.3361 1.25594
457 83.2442 56.0548 1.1253
458 2.56902 59.987 2.83228
459 74.0603 90.9798 1.55483
460 29.2794 56.9818 2.76903
461 63.5118 96.2839 1.32808
462 44.0744 71.6101 2.18567
463 87.0872 59.481 1.19594
464 45.1537 72.6298 1.73017
465 78.6263 60.3913 1.17581
466 46.5175 66.0254 1.76392
467 43.165 83.384 1.91721
468 25.0458 56.7021 2.14164
469 55.4797 62.1829 1.84615
470 56.7508 53.4221 1.84412
471 39.2149 66.3821 2.44276
472 45.1189 72.0959 1.73253
473 41.5964 77.2876 1.94514
474 23.0816 23.1856 0.880483
475 82.247 47.7365 1.29864
476 79.6983 95.6819 1.31341
477 41.0356 59.6535 2.1965
478 68.3682 84.7262 1.24593
479 67.0307 91.5871 1.10465
480 93.8845 52.0554 1.1442
481 44.1861 78.7497 2.3495
482 33.0038 49.9612 2.39678
483 75.6427 62.3141 1.23189
484 23.1423 60.2461 2.2684
485 21.6707 51.3808 1.92277
486 47.4809 59.7654 2.44482
487 47.8903 67.5397 2.29362
488 54.8933 58.753 1.79533
489 66.3193 89.3823 1.8499
490 72.8454 98.9866 1.90812
491 39.9488 59.3424 2.81927
492 45.0396 74.2194 2.19068
493 40.7639 66.8467 2.28855
494 39.6998 57.3991 2.80438
495 32.5381 65.0174 2.44438
496 30.4563 84.3989 2.55037
497 80.8241 66.094 1.24644
498 48.8954 64.0875 2.42485
499 76.7175 87.6084 0.99316
