500
Particles
0 49.2988 46.5096 1.6799
1 29.3083 46.5837 1.31872
2 24.6186 53.5609 1.59954
3 57.0632 10.5128 -2.44701
4 26.1617 28.5945 1.64922
5 28.6268 64.6221 1.17952
6 41.2156 42.684 1.09676
7 5.71341 3.89331 0.579675
8 50.1863 7.20849 -1.9591
9 53.8434 13.875 -1.63185
10 52.2474 98.7048 -2.13509
11 2.55834 95.5254 0.752015
12 58.3322 16.1266 -2.40723
13 52.3527 76.9293 -0.989761
14 27.8801 30.8831 1.40775
15 56.1002 34.2275 -2.16717
16 54.3606 21.195 -2.65556
17 26.4426 21.6949 1.57209
18 31.1871 43.8509 1.19194
19 11.3146 83.8998 -1.3323
20 56.3176 9.51579 -1.50542
21 40.2996 42.0431 1.06701
22 39.1453 0.485172 -1.90746
23 28.5773 25.5711 1.90603
24 5.45788 27.7486 -2.56442
25 24.4645 69.2337 1.78922
26 28.5728 64.5622 1.91023
27 7.96081 90.7411 -0.239087
28 48.477 49.1273 1.4095
29 29.1482 23.8231 1.39998
30 26.7296 57.545 1.49459
31 24.1694 5.70408 -0.189427
32 53.0605 4.73229 -2.26497
33 25.716 52.5042 1.46624
34 40.3211 3.95823 -2.27152
35 39.0527 59.2594 1.49122
36 1.7856 97.3655 0.740888
37 39.634 48.5901 0.898741
38 12.9602 64.1635 0.417639
39 23.8038 26.5093 1.68287
40 43.6171 100.127 2.56238
41 54.8193 79.0278 -0.399485
42 47.5103 13.1563 -2.41783
43 87.9088 88.9228 1.5191
44 29.0769 51.4069 1.5388
45 52.1041 19.389 -2.41475
46 41.839 14.1149 -2.31549
47 20.7121 15.7158 2.45716
48 43.5644 7.60479 -2.22122
49 25.9701 64.426 1.36614
50 55.5355 9.96506 -1.57566
51 42.065 18.3521 -1.9249
52 3.71692 25.8464 -2.31251
53 2.02589 96.987 0.775947
54 31.6019 31.3981 1.48051
55 27.5982 79.2371 2.36968
56 34.2451 33.4328 1.7555
57 40.4755 67.0106 0.821803
58 31.8154 36.7804 1.22349
59 24.5245 67.4196 2.14862
60 34.3985 52.1246 1.6151
61 45.6335 10.3792 -2.38078
62 38.1673 61.5991 1.9489
63 26.9239 41.7969 1.15159
64 33.7937 49.4651 0.850728
65 23.649 82.4403 -2.01404
66 35.0613 55.7803 1.61776
67 38.525 57.229 1.76913
68 20.2431 78.4473 -1.56577
69 39.0902 62.2178 1.16875
70 39.7687 45.5664 1.02713
71 28.4564 69.6496 1.96511
72 32.3536 51.706 1.75378
73 45.0114 47.4768 1.66318
74 33.9696 63.6326 1.02311
75 56.6271 59.4994 -1.16655
76 38.1379 64.1277 1.06756
77 36.8783 46.1552 1.65106
78 26.2151 57.593 1.32078
79 32.5813 39.4689 1.83223
80 35.288 68.2886 0.771329
81 34.8769 54.8168 1.063
82 15.4491 75.0707 -2.70519
83 29.7592 36.072 1.25187
84 28.8819 76.3724 1.93431
85 32.4914 66.9636 1.82141
86 37.1996 70.691 1.06913
87 18.6545 76.2107 -1.77967
88 6.93185 82.2059 -1.50865
89 32.965 64.7551 0.964474
90 56.8728 55.947 -1.09817
91 22.7145 5.44492 -0.605098
92 18.4784 74.635 -2.99758
93 31.5693 33.3869 1.44665
94 46.0293 3.79361 -1.82364
95 44.9399 52.9711 1.34909
96 35.2609 46.5286 1.5298
97 40.2042 50.3697 0.762362
98 32.8414 64.6345 1.83765
99 58.3131 1.91032 -1.51085
100 5.68318 24.5301 -2.27451
101 32.2613 44.6721 1.17705
102 49.8807 9.35837 -1.80369
103 28.9874 68.6166 1.48901
104 44.106 11.5743 -1.78882
105 55.3753 55.5475 -1.23561
106 34.0393 33.4715 1.7798
107 47.0725 48.9569 1.52165
108 44.806 16.7543 -2.21491
109 35.4021 36.4392 1.59731
110 62.1796 8.24446 -1.74233
111 41.1702 48.3789 1.04318
112 55.4534 8.22331 -1.97171
113 43.4932 42.5644 1.6433
114 59.0408 41.5554 -2.47272
115 41.0798 55.4044 1.44191
116 31.1695 58.4958 1.64357
117 26.3704 72.0831 1.67543
118 58.1736 13.4745 -1.69165
119 31.0761 32.0497 1.39807
120 26.2819 69.4384 1.77456
121 49.9989 8.18454 -2.4198
122 44.2365 6.05355 -2.02116
123 29.0939 43.5293 1.54799
124 47.8481 78.3551 -1.01102
125 25.0884 80.5902 -2.55503
126 10.0069 3.86181 0.391049
127 50.8664 79.7435 -0.146147
128 5.36366 28.5028 -1.68407
129 50.1647 42.8567 1.49301
130 48.6454 53.6974 0.697563
131 50.7485 98.119 -2.41456
132 82.8857 61.9739 -1.17501
133 82.1518 66.9331 -0.371801
134 27.873 63.4005 1.91185
135 41.9519 47.4523 1.42933
136 32.8727 62.2886 1.26702
137 41.0801 47.3701 1.24564
138 45.9125 5.50168 -2.12173
139 31.6305 72.3246 1.21169
140 48.7232 11.4207 -1.73853
141 25.1216 82.1423 -1.85028
142 30.4718 36.1306 2.06641
143 54.1909 18.6673 -2.0865
144 38.2436 50.5953 1.64058
145 47.0686 45.0981 1.49703
146 50.0604 51.1834 1.13054
147 22.8091 51.4907 1.7825
148 47.9497 52.8955 1.40737
149 35.1766 54.9792 1.82579
150 48.3039 11.6005 -1.94554
151 43.1736 56.5413 0.94908
152 36.088 64.1793 1.09702
153 43.7487 12.7986 -1.83758
154 53.5654 20.6908 -2.08526
155 82.5031 66.5741 -0.0575631
156 52.0774 9.44359 -1.89368
157 48.2802 20.2507 -2.09311
158 27.3904 65.7971 2.1366
159 53.7226 30.6331 -2.14177
160 28.1218 56.1683 1.44092
161 11.1899 7.69362 0.502175
162 54.7738 12.4699 -1.56801
163 22.0431 76.5324 -2.68616
164 48.7354 64.7492 0.449422
165 37.3122 58.8339 1.19975
166 20.1885 79.4887 -1.717
167 42.7026 50.6482 1.26602
168 31.6439 43.4073 0.954954
169 5.88635 19.7689 -1.52232
170 23.7014 49.3761 0.988636
171 38.9527 42.9788 1.00965
172 45.8526 46.3084 0.795118
173 50.0812 11.5671 -1.79888
174 26.5925 63.3793 2.18018
175 16.8289 9.71332 -0.410336
176 55.2074 34.9501 -2.21162
177 30.7956 69.7002 1.91477
178 4.35255 21.3676 -2.20603
179 47.7171 48.9467 1.72947
180 44.5117 43.8279 0.766827
181 53.1329 14.8639 -1.85659
182 35.1773 33.7772 1.99499
183 64.1631 5.68061 -1.7963
184 20.5288 72.1355 2.17753
185 79.7643 70.1559 -0.842783
186 44.7415 4.5947 -2.32986
187 54.7147 8.63579 -2.12535
188 25.1267 37.4485 1.44805
189 27.4353 57.5804 1.36889
190 25.5062 62.454 2.01599
191 38.2 52.1848 1.10153
192 34.4858 65.4956 1.33184
193 40.7334 9.4119 -2.10303
194 32.2457 64.3617 1.66168
195 37.4006 44.2843 1.47242
196 25.5335 64.7344 1.57776
197 38.1128 70.7983 1.09584
198 16.7753 73.2305 -2.84345
199 28.016 64.7328 1.93011
200 40.8702 45.7762 0.740144
201 22.8566 24.3244 1.97439
202 2.86344 26.8686 -2.62922
203 49.8056 29.3212 -2.3724
204 27.2437 63.3181 1.67521
205 45.8533 48.5041 0.959052
206 33.6166 70.1375 1.13207
207 24.2933 69.6665 2.06757
208 22.0184 71.9259 2.35845
209 59.7291 10.3075 -2.23996
210 32.4893 47.9794 1.77586
211 43.7391 0.648677 -1.85819
212 82.6012 64.5215 -0.941041
213 44.6768 58.7784 0.870402
214 27.3942 38.1625 1.43143
215 44.7263 45.0111 1.49421
216 51.2523 22.6363 -2.71544
217 40.8686 41.8521 1.56946
218 46.5894 23.2975 -2.49278
219 27.2208 20.9515 1.2151
220 42.0757 48.9498 0.931649
221 46.2955 20.9846 -2.44146
222 36.0414 50.0236 1.18802
223 56.8133 61.5362 -1.58128
224 55.9782 8.60662 -1.54367
225 4.5873 96.3859 0.444442
226 50.8802 14.6954 -2.51917
227 45.768 8.69645 -2.24629
228 39.9174 70.916 0.917991
229 49.5729 14.8567 -2.06542
230 53.8023 77.8078 -1.08863
231 32.7194 50.1318 1.58608
232 21.4733 4.4302 -0.131524
233 28.6091 70.08 1.46757
234 26.187 66.1205 2.04873
235 34.46 30.9113 1.64593
236 50.9073 9.84233 -2.11803
237 28.7268 56.3234 1.68893
238 31.623 29.5112 1.27885
239 25.6262 32.3241 1.53674
240 58.6577 15.096 -1.89828
241 32.0012 53.4242 1.40312
242 45.4454 18.009 -1.68671
243 41.6914 45.185 1.03709
244 11.387 4.76306 0.618737
245 44.3351 18.7995 -2.59546
246 50.5409 1.15046 -1.81515
247 50.3367 81.2998 -0.474236
248 28.4217 35.1056 1.22581
249 29.3276 60.1234 1.25244
250 2.06799 91.4637 0.525054
251 24.7338 57.2689 2.0231
252 6.07014 0.847552 -0.0876645
253 86.1919 94.6976 0.121942
254 49.905 98.5117 -2.26782
255 36.0605 55.7848 1.6854
256 47.2915 16.4223 -2.03488
257 47.2307 4.27591 -2.09886
258 52.2907 10.6389 -1.638
259 36.8497 32.939 1.4188
260 28.0973 63.5657 1.81246
261 30.3747 35.3268 1.86721
262 51.9824 15.491 -1.96231
263 30.8238 75.8669 1.27518
264 26.8034 53.1859 1.36025
265 35.2187 66.8737 1.4616
266 31.512 67.9692 1.2702
267 33.6547 48.5645 1.37755
268 28.0715 2.76473 -1.0711
269 2.48019 92.6935 0.735043
270 31.7133 36.6979 2.06279
271 35.0346 33.4989 2.17932
272 43.0053 68.7703 0.607408
273 26.941 66.7339 2.05563
274 31.9951 72.9436 1.17239
275 47.2048 10.7136 -2.2945
276 30.0976 63.8765 1.89218
277 45.6945 47.6901 1.21555
278 26.3636 47.284 1.07168
279 47.1013 19.9918 -2.14869
280 30.1736 34.7366 1.59274
281 46.463 7.27579 -2.12048
282 32.1184 31.9454 1.38121
283 40.1793 55.5827 1.15933
284 31.7435 56.1946 1.73209
285 39.5943 46.5682 1.53699
286 49.3607 79.6325 -0.242517
287 45.1809 3.25184 -2.00437
288 59.981 5.65492 -2.18157
289 29.2317 51.1714 1.81651
290 39.8166 10.0749 -2.50709
291 29.1131 48.2967 1.74993
292 90.5319 90.2293 1.66259
293 30.4406 72.9745 1.43536
294 33.3934 29.5639 1.49204
295 7.43181 2.72 0.374244
296 22.3079 72.2564 1.98852
297 52.654 13.5637 -2.36607
298 31.222 49.5337 0.880146
299 41.3528 50.3218 1.39161
300 33.042 68.3724 1.27117
301 36.225 53.3087 0.977985
302 16.501 63.2554 0.382539
303 44.9147 6.83612 -1.54583
304 27.1479 44.1084 0.92885
305 27.8446 58.9066 2.00906
306 3.24931 97.2415 0.237462
307 26.7597 55.2533 1.49624
308 31.0065 35.7113 1.29557
309 29.1902 71.4308 1.87483
310 5.16984 95.508 0.379517
311 56.9453 76.8751 -0.260392
312 43.7284 19.1972 -2.18648
313 43.0586 57.2072 1.01959
314 51.1951 30.9454 -2.34549
315 44.4349 9.90854 -1.68622
316 42.1634 45.6628 0.895226
317 32.7658 39.1816 1.39336
318 57.2858 17.038 -2.69554
319 37.1991 51.6044 1.35687
320 39.326 48.1443 1.66061
321 26.6528 20.7033 1.8652
322 41.1553 46.7934 1.02197
323 31.6961 39.6508 1.71649
324 29.551 56.3049 2.01439
325 50.1309 15.111 -1.95363
326 50.0916 99.1621 -1.9678
327 30.3674 69.1945 1.62865
328 19.9032 72.9068 2.83161
329 55.9245 5.36278 -1.67326
330 44.2436 55.1121 1.4682
331 82.7391 64.4171 -0.485263
332 54.706 4.94582 -2.12336
333 12.7644 75.2009 -1.67757
334 25.0045 28.4891 1.329
335 40.5272 50.3673 1.22898
336 41.4555 48.5543 0.772345
337 25.7401 30.905 2.3121
338 47.7789 14.4797 -2.50799
339 46.0586 1.74404 -2.13223
340 35.0522 43.8452 0.787964
341 25.9015 37.103 1.19602
342 32.8213 44.7488 1.24574
343 49.7827 20.0373 -2.26272
344 47.0707 7.79172 -2.50632
345 90.4193 87.2262 1.80684
346 56.8591 80.5951 -0.197111
347 28.7999 64.5812 1.59781
348 26.2001 36.5394 1.74835
349 26.7827 59.5969 2.03235
350 46.4389 15.5148 -1.82741
351 51.5517 10.5262 -2.2219
352 29.0148 47.5387 1.61328
353 58.391 58.6439 -1.47834
354 32.787 66.1199 1.52767
355 52.6137 0.42609 -2.11921
356 57.5765 3.16159 -2.20595
357 85.8072 67.3569 -0.315894
358 33.5426 38.269 1.20996
359 26.6645 70.8761 1.84401
360 52.4814 26.8654 -2.86719
361 24.559 64.3347 1.99749
362 36.0328 46.0912 1.33647
363 36.407 67.6516 1.00031
364 25.8029 53.0153 1.90384
365 41.1266 14.1029 -1.96793
366 42.7003 44.6067 0.957504
367 46.5842 48.7269 1.50027
368 48.6899 50.6085 1.55964
369 88.8829 85.147 2.35966
370 59.4003 19.1142 -2.70627
371 36.5092 55.3559 1.63614
372 34.8509 29.7829 1.43676
373 42.2886 46.5104 1.11397
374 26.5287 55.3521 1.78543
375 38.5291 13.8051 -1.71487
376 36.3249 35.8835 1.49835
377 41.8267 53.7768 1.16754
378 40.6598 18.0228 -1.90601
379 42.397 50.9931 1.07832
380 49.3836 12.8431 -2.46171
381 32.5487 63.4927 1.04916
382 37.4392 43.0938 0.977886
383 8.55666 22.1021 -1.8435
384 27.9314 73.9826 1.90986
385 7.0547 95.3767 -0.116819
386 0.912842 98.0419 -0.0581382
387 30.0307 67.912 1.83222
388 52.4354 15.1986 -2.53845
389 23.8006 66.8987 2.18487
390 30.5291 47.898 1.68612
391 31.5949 35.149 1.46159
392 8.33604 62.2297 1.3828
393 48.6981 18.0105 -2.0822
394 39.3534 45.4641 1.43902
395 34.4866 39.9086 1.43026
396 25.8861 19.8139 2.0955
397 39.5896 55.7713 0.952921
398 56.3011 97.8915 -1.85759
399 35.316 57.5578 1.85726
400 26.3879 31.6026 1.31606
401 20.0586 78.0861 -2.49116
402 36.23 67.6353 1.65966
403 36.4781 42.4635 1.53975
404 33.1883 70.4986 1.80202
405 26.9168 47.8752 1.34843
406 50.4469 77.6683 -0.338239
407 38.6039 44.7034 0.791124
408 44.0535 44.9724 0.983261
409 43.4511 48.118 1.01352
410 25.4702 32.1122 2.14222
411 60.989 39.5436 -2.56087
412 39.7325 66.0991 1.49446
413 30.8163 34.9297 1.59578
414 46.3275 15.578 -1.99567
415 89.3712 89.997 1.60354
416 21.1171 70.0084 1.66614
417 27.9195 34.5327 2.11177
418 35.3151 48.5792 1.67562
419 18.4835 17.921 2.80995
420 26.5774 70.314 1.96911
421 30.7094 45.5564 1.32235
422 32.6958 34.9631 1.89724
423 42.6075 46.1823 1.25221
424 54.3565 34.7499 -2.76216
425 40.0621 41.6454 1.03461
426 41.1274 52.8744 1.65843
427 24.1484 57.145 1.68526
428 44.9701 14.851 -1.6509
429 49.3326 14.8539 -2.41456
430 11.3529 7.75181 0.0686715
431 40.3854 15.6145 -1.91933
432 52.594 8.56667 -2.28874
433 42.9712 54.105 0.86446
434 41.7547 2.29773 -1.63174
435 22.985 51.3776 1.68624
436 54.55 15.2306 -1.73945
437 29.1795 68.9633 1.93704
438 24.4331 24.7471 1.45832
439 44.983 49.3825 1.13312
440 35.0414 60.4041 1.6899
441 47.6417 69.1463 1.12386
442 38.0106 46.4453 1.08842
443 31.3508 67.0429 1.74507
444 44.4072 16.3476 -1.69
445 25.1094 61.7278 1.23881
446 52.0472 75.902 -0.243754
447 53.765 81.4873 -0.738026
448 58.3715 36.8395 -2.82487
449 32.1398 56.1039 1.68221
450 30.9319 37.8499 1.23688
451 34.9138 67.2668 1.12715
452 25.8682 58.2335 1.58715
453 49.7442 13.1009 -1.77853
454 47.9764 44.4788 0.753248
455 15.7011 82.0134 -1.38652
456 24.1038 30.2622 1.42234
457 34.3009 29.8403 1.87319
458 56.0542 13.4874 -1.99436
459 28.549 87.442 -2.50251
460 25.9673 64.4706 1.79932
461 58.2591 56.2779 -1.93473
462 45.6328 17.8778 -2.16887
463 35.7548 35.1965 1.79811
464 48.1187 23.0182 -1.789
465 31.9155 38.0373 1.35642
466 49.7835 17.6098 -1.65788
467 41.2944 47.2454 0.897159
468 24.2471 67.7437 1.54021
469 51.651 12.6747 -2.14962
470 28.7305 45.1484 1.72878
471 46.5586 17.7116 -1.57873
472 44.5045 19.5195 -2.61264
473 45.1112 45.538 1.38851
474 56.4272 34.9733 -2.87054
475 52.8349 78.1921 -0.614724
476 83.4467 67.9392 -0.275397
477 37.6584 70.5389 1.28639
478 21.3836 6.67846 0.225257
479 93.7952 87.8963 1.58916
480 32.2915 28.7519 1.39383
481 21.0046 70.7374 2.1311
482 32.6049 64.1844 1.15927
483 32.7122 40.9371 1.65335
484 13.3028 67.5482 0.586806
485 16.272 62.2292 1.13222
486 50.8594 11.3357 -2.29251
487 52.5714 21.8896 -2.16533
488 37.3248 60.2926 1.15612
489 19.3334 80.2741 -1.75294
490 6.20153 2.06059 0.747748
491 46.4056 5.57778 -1.88499
492 43.793 17.2687 -2.48212
493 42.5555 6.49133 -2.37041
494 48.4298 2.08151 -2.5133
495 28.2105 71.1786 1.64578
496 37.8429 51.9535 0.783305
497 55.6351 30.526 -2.7106
498 50.5091 15.0267 -2.11979
499 27.9223 83.68 -1.74656
