500
Particles
0 54.3871 68.3986 1.70519
1 26.9646 69.2871 2.04812
2 21.4598 76.5569 1.72566
3 50.2139 88.6231 -1.44406
4 22.3719 51.2835 1.84327
5 25.6582 87.4235 1.70532
6 46.6632 65.124 1.00901
7 24.8742 16.6412 0.905527
8 40.2569 86.6933 -2.57374
9 42.2188 94.211 -2.80858
10 34.8094 89.71 2.38221
11 18.2895 11.7841 0.771515
12 51.0828 94.1209 -1.54331
13 74.38 71.8198 0.109506
14 24.091 53.4074 1.41356
15 38.5165 19.8982 -3.2729
16 41.6707 2.7096 -3.25038
17 22.6804 43.6245 2.04958
18 30.6646 66.6792 1.61462
19 95.7775 91.7582 2.87659
20 50.5343 87.4712 -1.9494
21 44.133 64.6331 1.52911
22 27.6445 94.5673 2.68191
23 28.5424 48.473 2.45093
24 85.6675 18.2433 2.69194
25 20.6554 91.9268 1.88368
26 27.1374 87.0916 2.29641
27 17.7495 4.37021 1.51331
28 54.5318 71.2464 1.21963
29 25.8968 45.7464 2.36765
30 23.6499 80.1317 1.55732
31 24.294 97.2694 2.17738
32 48.8774 82.8648 -0.948135
33 24.5151 75.4438 1.33664
34 27.0562 94.4719 2.6266
35 41.6513 82.1561 1.11074
36 15.6906 15.539 1.3021
37 44.7268 71.2983 1.48716
38 8.93965 85.6127 1.8416
39 21.8701 49.2657 2.09481
40 29.4454 91.7326 2.86894
41 77.1823 77.1479 0.105853
42 35.9001 94.2051 3.13769
43 87.1761 10.521 2.61437
44 29.1247 74.1164 1.6139
45 39.7523 1.16039 -3.21072
46 28.0692 98.7227 3.02869
47 -0.0421298 19.0046 3.15071
48 30.8282 94.3325 2.56919
49 21.9432 86.753 2.1988
50 46.8087 88.9387 -2.06449
51 30.3336 99.7838 2.66527
52 84.6874 16.0991 2.78933
53 16.4865 14.4229 0.861991
54 30.7188 54.3016 2.05556
55 13.0413 95.4533 1.85826
56 32.5842 56.2327 2.19847
57 34.4961 87.2188 2.62141
58 30.9256 59.7502 1.5193
59 17.6508 89.5908 2.01536
60 37.7084 74.9792 1.27764
61 34.3022 93.2548 3.27691
62 38.7462 84.3253 2.01571
63 24.9402 64.8484 1.72041
64 40.9032 71.0041 0.994439
65 10.1057 97.0872 2.07227
66 39.9658 78.3072 1.43765
67 41.2981 80.2161 1.88555
68 7.69668 94.2741 1.63021
69 38.0377 84.6449 2.55502
70 44.3337 68.2062 1.368
71 24.4478 91.9518 2.40573
72 38.4297 73.5653 1.44211
73 49.435 70.0708 1.71972
74 31.2718 85.5975 2.73161
75 60.5835 37.3242 -1.02188
76 34.4551 85.8073 2.23039
77 43.601 68.1503 1.35975
78 23.6633 80.3583 1.62767
79 31.1338 62.1256 1.96285
80 30.2341 88.536 1.83766
81 39.097 77.4115 1.87319
82 98.9273 89.4246 1.93189
83 26.254 58.9319 1.99671
84 20.6596 97.0641 2.17343
85 28.7989 88.5555 2.38093
86 31.4626 89.4231 2.90016
87 1.53261 90.0167 2.53514
88 95.4193 91.4805 1.89149
89 29.5751 87.0034 2.23288
90 60.5147 33.5797 -0.673333
91 22.4878 97.5972 2.87723
92 2.46532 89.4042 2.69983
93 28.5518 56.2358 2.05881
94 32.0471 92.3727 2.06107
95 51.0268 75.2007 1.31111
96 40.4369 68.656 1.86548
97 46.5307 72.4125 0.952847
98 28.3684 86.4805 2.62326
99 55.9556 80.0145 -0.632765
100 86.0169 15.9918 2.97724
101 33.9629 67.5734 1.90255
102 36.219 91.9352 2.93603
103 26.149 90.9743 1.73576
104 31.4263 95.6774 2.83417
105 57.6409 33.2666 -1.2582
106 32.9708 56.7109 2.12848
107 53.858 70.6415 1.71172
108 30.9882 98.932 3.26916
109 34.7659 59.2388 1.46754
110 74.3277 91.6914 -0.349678
111 46.3526 70.3364 1.73911
112 50.9627 86.0138 -1.37233
113 48.6057 65.0045 1.93298
114 42.2191 30.4538 -1.68311
115 44.8583 78.1861 1.27833
116 30.6285 81.0403 2.39016
117 20.4187 93.9925 2.11846
118 49.5286 92.1654 -2.09189
119 29.5147 54.9754 1.53952
120 21.5349 91.6991 2.15937
121 42.3188 86.7127 -2.52917
122 30.7731 92.6264 2.93171
123 28.3708 66.2805 1.96976
124 69.4962 72.4818 -0.253384
125 11.0611 95.0303 1.79178
126 31.8959 11.1647 -0.385238
127 72.6617 74.5181 -0.31052
128 85.5778 19.238 2.68405
129 54.3122 64.9316 1.70601
130 55.6946 75.5826 1.57767
131 33.715 89.8899 2.22799
132 2.10004 50.9851 -0.577937
133 2.42071 57.3682 -0.598384
134 22.3229 85.5996 2.18559
135 48.9967 69.5249 1.51866
136 29.5299 84.4774 1.90655
137 46.793 69.639 1.07146
138 33.2301 91.8808 2.57923
139 25.0378 93.2268 2.64138
140 37.4581 93.0642 -3.55495
141 12.6934 96.605 1.28059
142 29.8209 59.2104 1.71135
143 41.6136 0.298168 -2.38536
144 43.2413 73.0584 1.55634
145 53.3603 66.9745 1.7175
146 55.7568 73.2382 1.53607
147 20.3329 74.1338 1.2968
148 55.6535 74.7145 1.04431
149 38.853 77.6455 1.14263
150 36.9851 93.1318 -2.89845
151 48.4257 78.8316 0.763676
152 32.9956 86.1504 2.70823
153 30.2988 96.9242 3.20162
154 41.8391 1.53377 -2.91101
155 3.40569 57.6043 -0.708568
156 43.522 88.227 -2.2208
157 34.5071 2.59918 -2.91682
158 25.4641 88.1619 2.56933
159 35.4062 17.218 -2.35153
160 23.1055 78.7465 2.19266
161 32.5303 12.7567 -1.39739
162 45.3364 91.804 -2.38358
163 8.301 92.7311 2.06335
164 71.0048 61.5292 -0.20226
165 41.4013 81.6918 1.39663
166 4.77503 93.0719 2.39795
167 49.6136 72.4255 1.67111
168 32.368 65.7734 1.60502
169 90.1734 14.4904 2.68155
170 22.9686 72.0801 1.71877
171 45.7629 64.9626 1.77537
172 52.7856 68.0527 1.93068
173 38.1616 92.2175 -2.75643
174 24.354 85.9663 1.88098
175 23.5632 0.426316 2.84387
176 37.7028 20.8103 -2.81542
177 27.5919 91.5189 1.92974
178 89.3611 14.6002 3.1381
179 54.1653 70.6865 1.77892
180 48.8888 66.5426 1.02434
181 42.3049 94.7278 -2.93979
182 33.6961 56.7645 1.35513
183 61.1091 83.6907 -1.24898
184 5.90108 89.6229 2.34938
185 99.2833 58.5219 -0.908237
186 31.7278 92.8515 2.94848
187 49.9242 86.7131 -1.64298
188 24.2258 59.7743 1.94651
189 25.022 80.3219 1.52508
190 23.1587 85.3003 1.72656
191 42.9273 74.7418 0.863256
192 30.8285 87.2438 2.17106
193 26.3726 97.574 2.63175
194 28.3102 86.7906 2.61169
195 43.083 66.6814 1.13548
196 22.9504 87.5791 2.13421
197 31.9604 89.5995 2.92767
198 1.36981 89.3351 2.58908
199 24.3505 87.1088 1.91014
200 46.9473 67.9955 1.00759
201 21.2956 46.5733 2.37339
202 84.0056 17.2812 2.44496
203 33.0426 15.2943 -1.60498
204 26.1053 86.0458 1.93941
205 51.024 70.5325 1.77268
206 29.0688 91.7348 2.21139
207 19.134 91.9683 1.86677
208 10.0733 91.4375 2.55209
209 53.1419 88.7506 -1.70207
210 35.1366 70.5885 1.92828
211 29.2812 91.9602 1.94019
212 2.16453 53.0788 -0.410021
213 52.3197 79.36 0.440021
214 25.0899 60.9054 1.86044
215 51.4532 66.6592 1.27986
216 38.4838 4.11678 -2.48134
217 46.3721 64.1229 1.39866
218 33.0192 5.49112 -3.1466
219 24.0934 43.1725 2.01255
220 48.4881 70.811 1.83745
221 31.9579 3.33349 -2.97801
222 43.0604 71.8861 1.06265
223 57.5022 39.1185 -1.36842
224 50.6144 86.661 -1.41023
225 19.515 12.4913 1.58951
226 40.4966 94.31 -2.66938
227 31.9883 94.2869 2.19527
228 32.9882 88.9347 2.34235
229 37.3079 96.3242 -3.24244
230 75.0992 73.8574 -0.299675
231 39.1603 72.179 0.926973
232 22.4519 97.2224 2.79706
233 25.473 92.3075 2.19286
234 21.9969 88.4899 1.97041
235 32.7845 53.7384 2.28787
236 39.2074 90.0292 -2.80662
237 26.4289 79.2633 1.40847
238 28.6275 52.2615 1.66248
239 23.3215 55.2457 1.81766
240 48.503 94.4671 -2.05404
241 33.518 76.3654 1.37066
242 33.0702 99.5072 -2.80605
243 48.0356 67.1621 1.68174
244 32.3842 12.1187 -0.819709
245 31.307 -0.0963047 -2.5454
246 33.7 91.6395 2.15653
247 72.0004 78.0807 0.238118
248 27.3866 57.7096 2.01674
249 27.9896 82.9113 2.16916
250 13.7249 6.82029 1.47647
251 21.9189 79.8807 1.37434
252 23.2352 15.2212 0.812097
253 85.0496 14.1551 2.41768
254 33.1785 88.902 2.9724
255 40.079 78.3843 1.1254
256 34.4173 97.9371 -2.76891
257 33.7798 92.0458 2.16483
258 42.1958 89.8485 -2.37045
259 35.9591 56.1564 1.97152
260 25.5625 86.1459 1.74465
261 29.7497 58.3968 1.30344
262 39.0287 96.8808 -2.87185
263 22.9382 96.0387 2.54184
264 23.7177 75.8553 1.9861
265 30.9541 88.7335 2.47024
266 27.4609 89.7145 2.54151
267 40.1733 70.5747 1.66616
268 24.9671 95.4573 2.31361
269 14.7591 6.0337 2.0495
270 30.92 59.4347 1.75349
271 34.0651 56.1574 1.31576
272 51.5416 79.8225 -0.297197
273 22.4272 89.3176 2.33936
274 26.1551 94.2193 2.11976
275 35.0719 92.7614 3.29217
276 26.5851 86.636 1.99048
277 52.3855 69.475 1.68924
278 26.4426 70.1126 1.46155
279 33.3733 1.98765 -2.29565
280 29.9056 57.6546 1.86651
281 33.3209 93.3499 2.19541
282 29.147 54.7632 1.73097
283 45.5586 77.9273 1.69094
284 32.7344 79.3096 1.40304
285 46.1724 68.5044 1.82191
286 71.3529 77.0563 -0.541338
287 31.0313 92.1182 1.97977
288 57.748 83.359 -1.54152
289 27.3761 74.1204 1.69765
290 27.6212 95.6299 2.90839
291 29.1701 70.8106 1.3627
292 90.3106 12.1336 2.63669
293 24.9224 94.6479 1.92534
294 30.4341 52.4352 1.42049
295 27.3915 12.7282 0.614407
296 8.28168 90.1001 1.99892
297 39.462 95.2309 -3.16876
298 31.3414 72.6245 2.03433
299 46.6082 72.8763 1.7167
300 28.6604 90.0268 2.73952
301 40.1704 75.6682 1.61362
302 11.1959 82.5494 2.51581
303 32.553 93.0014 2.87025
304 26.3417 66.9331 1.53156
305 24.3399 81.529 2.18303
306 19.0644 13.1309 1.38737
307 23.5968 78.0066 2.00936
308 31.0772 58.8204 1.67311
309 23.4969 93.4283 1.95097
310 20.3212 12.1388 1.1216
311 78.9422 72.7022 -0.102071
312 30.4798 1.04556 -2.6691
313 49.8157 79.0557 0.21787
314 32.904 17.3173 -1.90601
315 31.4107 95.6452 2.37026
316 48.6787 67.6238 1.84472
317 31.0091 61.7685 2.12537
318 50.334 95.2753 -1.67479
319 43.6886 73.5777 0.765545
320 46.344 70.2519 0.973944
321 22.7052 42.5753 2.3962
322 48.2572 68.7252 1.44042
323 29.8473 62.3733 1.34965
324 29.1011 79.2361 2.07815
325 37.7124 96.5334 -3.05903
326 33.3684 89.3088 2.88474
327 27.7451 91.2654 1.79425
328 5.68024 90.1785 1.89198
329 52.8526 83.3246 -0.622266
330 49.4397 77.1789 0.513718
331 98.2677 53.3887 -2.57068
332 52.1982 82.7986 -0.808789
333 96.246 88.2884 2.25955
334 23.9191 51.3217 1.98582
335 45.101 72.9174 1.35039
336 47.7364 70.3919 1.1923
337 24.8497 53.6862 1.76249
338 35.7761 95.5823 -2.99605
339 31.8256 91.8531 2.47724
340 38.8799 66.5746 1.76869
341 24.6712 59.3563 1.56098
342 34.8475 67.1103 1.54214
343 36.4468 1.79367 -2.95617
344 34.6222 92.3139 3.07165
345 88.965 9.44221 2.72043
346 78.7077 77.5756 0.388671
347 25.7962 87.5502 2.36094
348 23.8901 59.141 1.2915
349 23.0579 82.0415 1.52367
350 32.4062 99.1527 -3.48094
351 42.7768 89.199 -2.32771
352 27.8854 70.5285 1.94
353 60.9989 36.1298 -0.904044
354 30.2473 88.1358 1.93081
355 36.5505 88.9312 2.95962
356 55.3755 81.0937 -1.22121
357 6.36132 60.5476 -1.14662
358 32.4037 61.2346 2.0897
359 21.6147 93.2371 2.36807
360 36.5602 12.595 -1.19013
361 19.8385 86.7073 2.33036
362 41.9941 68.3147 1.21678
363 32.3199 88.6034 1.92961
364 23.9983 76.067 1.64212
365 27.1372 98.496 2.88053
366 47.8705 67.0336 1.48538
367 50.2256 71.2868 1.88736
368 55.4541 72.3991 1.87368
369 89.1959 6.73811 2.45872
370 53.941 97.356 -2.24373
371 40.5154 78.1563 1.03257
372 32.3933 52.5472 1.37181
373 48.4907 68.7312 1.24175
374 23.8722 78.3722 1.45052
375 25.1446 99.2842 2.94788
376 35.9899 58.9814 1.94017
377 48.7821 75.7841 0.78929
378 28.0345 0.0017372 -2.38134
379 48.7491 73.2078 0.894785
380 36.3232 94.969 -2.69486
381 29.1326 85.6036 2.37056
382 43.5307 65.1576 1.03073
383 93.219 24.0323 2.97207
384 21.4546 95.42 2.63637
385 22.4496 11.7271 1.52522
386 15.6942 15.1484 1.01688
387 25.8014 90.2512 2.35167
388 39.3008 96.6951 -2.95208
389 18.1744 89.1753 2.24318
390 32.2361 70.4456 1.78435
391 30.315 58.0403 1.74538
392 4.85836 80.2191 2.68074
393 35.1809 99.6069 -3.36282
394 44.4396 67.762 1.17003
395 33.2665 62.7128 2.03406
396 24.3337 41.4559 2.1205
397 44.4785 78.5748 1.28675
398 52.6943 80.0248 -0.783113
399 37.511 80.3736 1.68131
400 25.0677 54.7575 1.74857
401 6.33205 93.2452 1.93274
402 31.4611 89.6436 2.02496
403 41.0576 65.0839 1.76185
404 29.3324 91.8899 1.91002
405 26.0156 70.4359 1.96567
406 72.3095 74.1624 0.368054
407 44.6391 66.8938 1.66356
408 50.5118 67.2923 1.8509
409 50.088 69.9522 1.97635
410 23.6608 54.7994 2.30846
411 43.1881 29.2832 -2.3273
412 38.5077 86.4666 2.3231
413 28.9617 57.7647 1.981
414 33.7658 97.2603 -2.83786
415 88.5292 11.6861 2.90098
416 8.52522 88.9204 2.12568
417 26.7425 57.4035 1.66018
418 37.6291 71.4826 1.77596
419 96.5489 22.509 2.78947
420 22.4147 92.4068 2.21689
421 32.5892 68.0173 1.20853
422 31.4251 57.7193 1.3405
423 47.1681 68.6505 1.38128
424 36.913 19.9938 -2.42485
425 45.5881 63.6318 1.91956
426 47.653 75.3218 1.31478
427 18.9428 79.3679 2.10676
428 32.1169 96.9687 3.12118
429 37.2091 96.2576 -3.37955
430 33.2201 12.3291 -0.391591
431 26.8558 -0.0716438 3.35473
432 45.8875 86.7567 -1.79189
433 50.8575 75.7259 1.00876
434 28.2853 93.7639 2.11275
435 21.4445 74.2902 1.63656
436 41.9074 95.9937 -2.22798
437 25.9161 91.5064 2.12391
438 22.3677 46.9819 1.80725
439 49.6497 71.8884 1.55912
440 33.0697 83.018 2.37722
441 70.2491 70.1614 0.354304
442 44.2855 68.4078 1.51164
443 28.8897 88.8693 2.58217
444 30.1552 99.3701 3.18555
445 22.1274 84.2918 1.42655
446 72.9652 70.3347 0.0573357
447 75.4768 77.6125 -0.0119449
448 39.035 25.0107 -3.28157
449 31.5441 78.8181 1.40452
450 30.1078 60.9092 1.57366
451 30.0277 88.3028 2.67777
452 21.7765 80.7998 1.3185
453 37.8958 93.6707 -2.73673
454 53.7531 66.0324 2.0014
455 -0.189482 93.4371 2.44623
456 20.154 52.6334 2.41063
457 32.2046 52.8592 1.66865
458 47.5361 92.1632 -1.58605
459 18.9373 1.48278 2.32262
460 22.5211 87.2511 1.79879
461 59.4032 33.2489 -0.98248
462 31.9066 99.7694 -2.98001
463 34.2588 58.2356 1.35358
464 34.5002 5.5736 -2.45833
465 29.8549 61.0273 1.29731
466 37.0453 98.9137 -3.07095
467 47.4708 69.4229 0.940801
468 19.1146 89.9772 1.60095
469 42.2146 91.8528 -2.28615
470 28.0517 67.7672 1.95137
471 32.7163 99.5784 -3.18583
472 31.6892 0.668836 -2.48458
473 50.3826 67.8217 1.93281
474 38.5861 20.7823 -2.65697
475 74.2203 73.6173 -0.0959223
476 4.60102 60.1286 -0.611529
477 31.3838 89.9283 2.3865
478 22.2961 98.9472 2.90396
479 92.6179 10.082 2.44663
480 31.7941 51.4913 1.81162
481 9.11597 89.8365 2.18097
482 30.3303 86.5732 2.3385
483 30.1273 63.8453 1.95954
484 3.17525 85.554 2.5456
485 11.1263 81.5438 2.0019
486 39.7563 91.961 -2.57418
487 37.891 4.65577 -3.00235
488 39.7028 82.7886 1.79337
489 4.56421 93.0009 2.08231
490 24.6574 15.193 1.49101
491 33.9853 91.3846 3.0536
492 30.5907 99.3913 -3.52235
493 30.1466 94.7375 2.57637
494 33.5026 91.2076 2.10579
495 22.5989 92.8181 2.30178
496 43.1482 74.4539 0.816517
497 37.3806 17.0419 -2.48828
498 39.1941 95.218 -3.21244
499 16.9815 99.5169 1.57316
