500
Particles
0 38.7763 35.9747 2.46444
1 93.042 19.9813 1.10096
2 67.2627 85.3262 1.75802
3 66.5852 8.06228 1.18799
4 45.5375 60.751 2.30828
5 95.2031 16.984 1.09705
6 60.9443 66.9906 2.05584
7 71.3592 15.9971 1.50538
8 36.0459 67.9123 1.40712
9 37.5201 11.5449 1.152
10 60.435 43.6063 1.8204
11 56.2637 73.8158 1.92781
12 71.473 84.7475 1.45521
13 38.2945 40.3202 2.72653
14 47.2152 63.032 1.98967
15 41.2951 46.3136 2.12925
16 77.0047 51.9061 1.89626
17 52.4341 79.5451 2.04834
18 47.5842 72.4428 1.80455
19 15.828 90.9426 2.97947
20 66.6178 9.06785 0.838455
21 58.6273 64.6977 1.97279
22 57.6994 53.3528 2.27107
23 40.9724 50.4888 2.88794
24 69.244 11.186 1.72195
25 48.4242 47.8686 2.83037
26 99.0941 12.2115 1.64666
27 56.1758 72.0391 1.96416
28 58.556 62.3339 1.8339
29 72.1315 83.2453 1.30247
30 56.7008 10.6277 1.12597
31 56.6872 56.3948 2.60558
32 9.05898 96.863 2.23311
33 60.4025 19.0018 1.19087
34 49.0724 44.7821 2.05884
35 43.1966 73.635 2.23183
36 55.9615 20.5146 1.12713
37 76.6876 80.6644 1.6272
38 50.2395 52.8842 2.44786
39 43.6344 53.276 2.41134
40 50.4051 42.3014 2.81675
41 39.6704 50.8128 2.54283
42 61.1199 44.4014 2.4587
43 67.4118 9.01409 0.932301
44 94.5149 21.9191 1.44591
45 66.2465 48.5287 2.425
46 49.915 48.2434 2.35808
47 92.7883 8.16057 1.57978
48 55.9934 46.3876 2.05019
49 44.5122 34.918 2.94749
50 52.7824 74.8245 1.87498
51 63.1153 57.1286 1.73902
52 65.5026 11.3072 1.73475
53 58.4162 20.4231 1.29843
54 48.0616 60.8031 2.40672
55 71.9676 5.7561 1.53299
56 50.0335 63.2952 2.68837
57 60.2546 37.2871 2.71787
58 50.365 66.6968 2.84153
59 44.4012 44.9931 2.45685
60 52.9549 71.9236 1.93428
61 56.7372 43.8176 2.68876
62 35.7174 61.0265 2.39331
63 31.9376 73.2551 1.21062
64 56.6533 69.2526 2.62473
65 93.0707 8.78149 0.984607
66 47.9833 73.5124 2.27255
67 50.7453 73.8704 2.58033
68 97.4616 4.82364 1.46444
69 71.9091 44.4162 2.02966
70 58.5704 68.7026 2.14628
71 49.8957 46.7229 2.78121
72 48.664 70.4911 2.09165
73 76.6932 78.3985 1.16028
74 58.9272 41.627 2.01522
75 72.4526 12.219 0.914983
76 61.279 41.533 2.09862
77 61.193 68.0182 1.70981
78 74.9018 86.2814 2.22304
79 51.609 69.4898 2.36507
80 58.184 46.3689 2.04194
81 51.1816 75.4261 2.18407
82 37.6333 71.8803 2.00197
83 43.6376 67.7978 2.18501
84 69.6226 3.66641 1.21014
85 57.8756 47.8538 1.91431
86 58.3401 44.5707 1.90183
87 79.606 75.411 1.87656
88 72.2463 4.67291 1.24337
89 57.6761 41.7647 2.40826
90 68.55 12.2235 0.864824
91 56.4617 57.2619 1.97974
92 63.0095 65.5203 1.81197
93 41.6059 60.8466 2.6029
94 57.4375 46.3231 2.13116
95 23.1007 96.3385 1.90096
96 57.9266 68.0007 1.6988
97 60.8676 71.2806 2.47917
98 53.6749 39.068 2.36147
99 61.5379 64.1504 2.41696
100 67.6607 11.8119 0.889827
101 49.0674 71.9303 1.90444
102 58.4447 42.8517 2.22497
103 47.5454 41.4153 2.40913
104 58.6481 51.5472 2.48708
105 65.7812 13.8641 1.45812
106 48.5953 60.7225 2.40196
107 43.6746 47.6638 2.19191
108 58.7498 55.2334 1.9512
109 51.2734 66.1949 2.62409
110 74.3111 13.4293 1.10021
111 83.1172 80.8069 1.60351
112 66.452 7.22455 1.09434
113 58.479 63.6796 2.02548
114 56.572 72.1325 2.69943
115 68.53 81.6466 1.81652
116 61.2074 38.9372 1.87701
117 49.7466 50.9264 2.10634
118 39.3696 7.16434 0.817145
119 45.2475 64.3575 2.46765
120 44.4826 41.5723 2.18779
121 78.2371 14.817 2.05777
122 53.1885 44.9484 2.00861
123 43.04 63.0618 2.95255
124 66.5827 85.1783 1.86664
125 100.168 97.0706 -0.585618
126 74.6889 54.622 1.80578
127 34.8824 43.9171 1.86002
128 70.2763 11.3248 0.928573
129 52.2898 72.1104 2.18281
130 52.1036 56.1503 2.00774
131 59.6455 42.7016 2.08457
132 0.88554 92.0619 1.64331
133 0.0106476 5.76356 1.91346
134 60.0451 24.9536 1.96504
135 66.7298 72.7008 2.18011
136 57.9022 39.1882 2.29569
137 56.7699 67.2337 2.56417
138 59.9743 46.7705 1.94355
139 46.058 40.8049 2.40498
140 61.7583 43.89 2.0361
141 78.7972 4.83173 0.871324
142 45.3909 66.0711 2.09521
143 31.2982 78.7718 0.979117
144 58.0018 69.6571 1.90653
145 52.6581 75.2426 2.37554
146 44.0321 45.8106 2.6403
147 63.3559 18.9134 1.98249
148 77.684 76.972 1.69787
149 45.4238 74.3013 2.14874
150 59.4649 44.1861 2.29219
151 12.5127 96.4164 2.5285
152 59.0875 40.4454 1.77253
153 60.4103 54.6438 1.87104
154 78.151 49.2064 1.78822
155 99.5261 8.09282 1.67215
156 39.3413 67.7634 1.90376
157 26.0043 41.7061 1.38302
158 98.9384 13.2868 0.957641
159 30.4967 82.8723 0.665529
160 58.1905 21.4383 2.10687
161 32.0972 84.5814 0.929092
162 45.8809 74.4092 1.84303
163 73.7544 0.676646 0.650055
164 94.1336 9.94562 1.71574
165 43.1167 73.398 1.63807
166 71.118 3.27562 1.0601
167 82.7794 79.2927 1.21986
168 52.3077 71.2797 2.5199
169 87.2319 9.81111 1.17949
170 23.45 2.56103 1.48317
171 58.7227 65.9856 2.48459
172 41.7308 43.1624 2.8768
173 62.0049 42.5509 1.78468
174 94.6736 14.1566 1.6699
175 0.895172 94.2372 2.13369
176 67.8914 86.587 1.9918
177 47.6025 38.7199 2.94009
178 68.1291 10.446 1.3969
179 57.3267 61.664 2.31855
180 60.1607 66.7998 1.97003
181 33.093 78.7662 1.45633
182 51.7763 63.8531 2.64481
183 35.402 32.3034 2.67068
184 65.4147 67.3375 1.80881
185 97.1285 8.77728 1.0391
186 60.0334 50.5777 2.41754
187 33.4459 100.045 2.94614
188 31.9323 43.6368 2.20337
189 58.2362 78.8392 1.98289
190 96.8819 13.3041 0.869331
191 67.3839 78.1352 2.04131
192 53.8457 33.2707 3.01381
193 65.3346 61.5462 2.10892
194 52.0823 40.3662 2.61243
195 56.9712 65.8255 2.26489
196 45.2024 38.5044 2.95347
197 56.0784 41.9479 2.68698
198 62.8028 66.0272 1.97219
199 9.67394 16.1016 -1.02774
200 63.0505 67.8672 2.23681
201 73.0286 80.7235 1.29791
202 66.458 12.5311 1.78566
203 34.7213 85.6763 1.83385
204 98.9994 11.1456 1.46456
205 81.1837 78.3988 1.84959
206 50.7745 40.7898 2.38861
207 46.998 48.1128 2.59586
208 39.2222 75.1461 1.87088
209 29.2266 99.8666 2.52976
210 52.1084 72.7898 2.06858
211 59.2632 50.3268 2.48888
212 99.1842 4.41805 0.912013
213 10.9546 93.3182 2.45386
214 31.6434 39.815 2.20397
215 49.0401 55.121 2.76321
216 65.75 50.5918 2.05974
217 56.367 64.4671 2.34049
218 58.5539 86.1492 2.38445
219 52.406 80.1277 2.09576
220 76.0618 78.9171 1.19424
221 68.634 62.8848 1.76087
222 75.1946 79.5261 1.30233
223 68.6241 15.8795 1.12263
224 63.6709 8.88747 1.41373
225 69.9403 84.3333 1.47523
226 7.03372 11.0506 -0.248485
227 62.453 54.0076 2.2692
228 58.8271 44.4629 2.11619
229 63.1472 47.8277 1.70417
230 38.6568 44.9205 2.15765
231 54.1473 71.1942 2.11645
232 62.9281 62.0722 1.69496
233 49.6905 46.3019 2.26499
234 46.9941 42.6851 2.21767
235 48.297 60.206 2.65863
236 75.3863 47.001 2.34093
237 68.0886 84.6957 1.59095
238 52.1852 63.7185 2.47761
239 46.3662 67.3503 2.36977
240 56.6426 72.1433 2.47277
241 39.1253 67.3171 2.29422
242 62.2502 53.0854 2.00086
243 63.3606 68.4886 2.13382
244 31.3099 85.3463 1.73006
245 61.3445 55.7329 2.58429
246 60.185 47.6542 2.48556
247 97.3943 11.8373 1.40417
248 45.4907 63.6484 2.80781
249 55.3921 38.0326 2.42611
250 52.5114 71.1287 2.24093
251 57.2752 79.9186 2.06213
252 67.2652 15.2287 1.68167
253 60.3349 9.69242 1.20424
254 59.9884 42.6107 1.83158
255 46.9252 73.2468 2.12765
256 62.2717 51.1635 2.35042
257 55.3262 41.3664 2.6289
258 37.863 70.5405 2.15681
259 47.5113 59.8157 2.50167
260 2.32272 12.3589 -0.614587
261 46.027 65.6478 2.14906
262 63.0503 46.3011 2.56617
263 61.3723 60.912 2.06478
264 61.8428 20.2076 1.19188
265 57.2118 42.1758 2.62241
266 48.1266 37.4108 2.01634
267 56.845 71.007 1.76075
268 44.802 41.8755 2.81038
269 53.4768 73.1466 2.70237
270 51.1528 65.5438 1.95588
271 50.5024 63.2709 2.38213
272 8.79637 91.5074 2.07939
273 45.7145 41.5634 2.81087
274 53.0071 51.8298 2.59607
275 60.3104 45.3972 1.94377
276 49.2779 33.3334 2.80713
277 64.7 66.4167 1.88164
278 79.8021 16.065 1.6048
279 62.2219 53.6253 1.90566
280 55.7632 68.9276 2.64373
281 58.5475 48.0838 2.27146
282 47.9657 63.6133 2.83871
283 85.0989 78.1564 1.60555
284 75.8816 43.6392 1.47985
285 61.2024 69.4846 2.51524
286 35.9828 48.2008 1.97728
287 57.8482 47.3867 2.07723
288 40.0705 81.7432 2.94076
289 72.2497 44.1869 1.58104
290 51.0635 47.0147 2.08118
291 36.0975 28.5387 2.17158
292 98.5276 6.40964 1.55654
293 48.3785 47.299 2.28093
294 50.5284 60.5044 2.74397
295 57.8486 64.9156 1.98861
296 67.8366 67.6299 1.73538
297 76.7186 52.4744 2.14402
298 42.1456 68.3032 2.01025
299 72.8122 80.448 1.68664
300 53.3292 44.5772 2.06553
301 50.7952 73.3091 2.27758
302 43.8711 41.3156 2.35143
303 59.4387 47.8323 2.14201
304 30.8941 74.634 1.19053
305 57.2402 77.8027 2.16618
306 62.9221 15.5318 1.64256
307 68.5668 82.3256 1.94833
308 46.0937 68.0614 2.21258
309 49.6116 49.631 2.72249
310 64.7027 17.1537 1.36213
311 44.9931 53.154 2.89837
312 62.2663 57.4728 2.72367
313 11.7529 94.7097 2.69591
314 49.7455 75.9927 1.77011
315 60.2437 51.5755 2.47122
316 61.3289 63.5843 1.91719
317 50.2033 66.863 2.00306
318 68.8349 83.2243 2.1018
319 72.2307 80.3173 1.34944
320 76.1197 78.6612 1.2391
321 50.7056 77.551 1.86236
322 77.4686 75.2573 1.06417
323 49.8687 68.007 2.38389
324 9.15862 11.9239 -0.886435
325 65.8496 50.1932 2.36145
326 57.3933 42.3097 2.06026
327 49.995 44.1088 2.71573
328 84.536 75.6597 1.03442
329 63.3031 1.27039 0.323896
330 12.3689 93.6357 2.29882
331 65.2207 20.5188 1.29673
332 23.052 99.3151 1.65739
333 65.3379 68.35 2.54238
334 43.571 55.8721 2.81253
335 70.8297 79.7966 1.37019
336 78.9188 78.2141 1.57763
337 45.8748 62.88 2.43355
338 67.5351 52.3514 1.90895
339 54.4482 43.8775 2.38223
340 38.6519 39.2794 2.66609
341 46.1479 70.1103 2.23077
342 50.9345 70.9322 1.77221
343 65.0545 51.1208 1.77434
344 60.7198 46.9707 2.74852
345 72.4584 9.00795 0.945744
346 41.6978 52.9004 3.15507
347 4.53881 11.7002 -0.325761
348 33.2174 46.3811 2.6486
349 97.4475 10.9327 1.36136
350 59.1813 50.8271 2.69242
351 34.4473 74.6804 1.70455
352 96.0421 19.25 1.68676
353 69.3255 14.1745 1.3256
354 53.4823 37.5728 2.55521
355 60.1954 40.2748 2.59293
356 80.1206 74.6659 1.49566
357 95.8526 10.3139 1.29878
358 54.4183 68.4013 2.37825
359 46.3347 45.2124 2.00067
360 46.2015 77.4512 2.46693
361 44.0262 35.1522 2.54313
362 55.4116 65.619 2.03019
363 58.8466 45.5549 2.35879
364 66.5073 20.068 1.22528
365 59.3005 58.3705 2.25447
366 62.1442 68.4198 1.61114
367 80.1652 79.3532 1.85906
368 41.3677 43.7037 2.86679
369 15.1506 93.3832 2.02987
370 62.507 12.2089 1.0961
371 49.6629 73.7991 1.99208
372 54.0485 62.0485 2.54743
373 63.5034 71.183 2.16603
374 52.7601 75.1459 2.50883
375 66.5958 65.2551 2.12348
376 55.8423 66.7714 2.24201
377 10.5845 95.8401 2.73651
378 51.5592 49.1463 2.00816
379 77.4943 81.7763 1.86021
380 59.459 44.2654 2.35198
381 6.29502 15.3141 -0.525349
382 57.9927 66.3351 2.46027
383 74.4511 6.6559 1.20146
384 60.6139 60.9739 2.27601
385 70.4474 16.3713 1.96398
386 55.4014 18.2133 1.28609
387 44.4155 34.8631 3.09954
388 66.7199 47.8952 2.32868
389 47.2996 46.3894 2.74553
390 42.3915 71.0751 2.00933
391 48.9567 67.1869 2.4261
392 47.9382 45.0841 2.55397
393 66.1498 53.7893 2.23797
394 60.2121 69.7316 1.82828
395 53.9466 68.5121 1.78924
396 52.7044 78.3954 2.64348
397 56.0535 71.4263 2.27852
398 12.5661 93.3529 2.57296
399 41.4751 67.5212 2.26222
400 43.7016 63.1117 2.39709
401 23.1654 96.0172 1.71585
402 53.3959 36.3738 2.51471
403 59.6989 65.6476 1.83491
404 53.4541 46.2221 2.09023
405 93.1531 19.6013 1.48563
406 35.5904 39.1646 2.33731
407 60.6264 69.5511 2.29259
408 49.7489 55.0058 2.08332
409 84.1813 77.9909 1.7382
410 45.6878 65.5675 2.47885
411 55.2996 72.6209 2.72163
412 61.6073 40.3384 2.6881
413 44.5086 65.3946 2.28323
414 63.5153 52.2405 2.54839
415 88.9434 7.96172 0.820633
416 64.0699 64.9442 1.85597
417 44.3638 63.8502 2.21084
418 54.3121 73.3237 2.53122
419 71.3569 6.45975 0.997414
420 46.433 44.0394 2.63153
421 54.0353 72.8321 1.87937
422 48.417 64.1474 2.92626
423 74.729 75.1034 1.08594
424 53.2402 78.8654 1.81992
425 57.8484 61.7128 1.93549
426 3.96264 15.7033 -1.00306
427 53.2044 76.2814 2.14775
428 56.9396 49.7056 2.25284
429 61.2112 46.4901 2.01374
430 28.5768 80.2505 0.441246
431 65.5936 63.5651 2.15242
432 48.1722 74.9694 2.67951
433 85.6153 75.5662 1.24603
434 52.2514 45.8476 2.71811
435 67.3626 17.771 1.62322
436 34.8661 79.9076 1.08457
437 47.2816 41.6841 2.14799
438 72.6169 85.9252 2.16139
439 78.392 80.7051 1.07793
440 62.312 41.2419 2.54871
441 33.4371 38.83 1.77036
442 58.1236 70.6585 1.72485
443 7.19143 19.4631 -0.449392
444 61.3329 57.7558 2.08525
445 87.4029 13.9855 1.47899
446 72.4562 15.3146 1.26975
447 38.9337 48.3073 2.16931
448 56.347 67.3361 1.74813
449 69.8353 44.5596 2.01878
450 47.0954 69.8576 1.88808
451 52.4771 39.2487 2.19495
452 54.6711 78.9423 2.41608
453 59.1973 41.0133 2.43973
454 57.4173 76.0803 2.36394
455 84.1207 8.95646 1.1447
456 42.8311 61.1027 2.92011
457 50.8517 63.7817 2.03421
458 53.1853 59.6996 1.93401
459 98.2944 6.19139 1.45322
460 48.9785 43.8215 2.4486
461 64.7164 12.7474 1.75149
462 62.4402 55.9543 2.65416
463 52.7448 64.9395 2.14068
464 71.2191 61.0208 2.09254
465 47.1166 67.1417 2.22888
466 63.0868 48.9316 1.88698
467 80.3649 78.7318 1.12393
468 42.7032 42.2062 2.05452
469 35.2079 75.3848 1.71785
470 26.6642 84.6125 0.968995
471 53.5401 48.7696 2.10359
472 63.8728 57.6599 1.96356
473 63.1725 65.1262 2.51521
474 11.5143 14.9182 -1.04914
475 38.0263 44.0087 2.85604
476 96.5926 9.78507 0.798147
477 62.0027 47.9424 2.40137
478 41.4109 77.6212 2.07989
479 72.1682 7.75834 1.00044
480 45.9559 52.2959 2.60489
481 81.1997 74.3471 1.08378
482 53.1869 36.1017 2.74008
483 44.7618 69.6092 2.51601
484 42.0266 45.1369 1.95729
485 37.0053 32.5703 2.49896
486 64.0967 45.2833 2.39323
487 61.8725 48.0035 2.40476
488 38.7259 65.6044 1.73263
489 70.3543 6.57916 1.1974
490 74.3661 12.437 1.23537
491 55.5423 43.2178 2.21635
492 65.2576 60.8163 2.50023
493 58.582 51.9128 1.90865
494 54.4893 38.2131 2.13934
495 48.7627 48.7457 2.69733
496 56.1484 70.1432 1.89551
497 53.3082 74.1456 2.17744
498 63.362 44.2345 2.51711
499 70.7017 90.5435 1.82582
