500
Particles
0 2.4509 37.0809 1.69818
1 76.8063 73.8591 1.41642
2 60.5534 44.6167 1.15164
3 52.6977 64.6798 1.96363
4 94.3163 91.4188 2.2987
5 81.2358 72.1747 2.31775
6 18.1186 8.27097 2.23831
7 65.923 72.0467 1.57479
8 87.4036 100.169 2.09633
9 47.2541 48.9861 1.12684
10 17.8088 86.8399 2.129
11 15.3948 17.0052 2.65615
12 73.0283 43.9556 1.43222
13 83.8298 61.3712 2.04799
14 95.6579 93.0476 2.81149
15 87.6802 70.2819 1.91013
16 53.6046 100.197 2.00647
17 12.185 23.0993 2.6669
18 1.13916 10.2154 2.9307
19 96.3162 12.8782 2.35167
20 57.0088 66.7989 1.99366
21 15.5157 6.04172 2.85829
22 17.947 98.6619 1.73552
23 91.9299 82.5902 1.77754
24 58.3182 68.1474 2.05936
25 1.40571 84.623 2.27473
26 97.8565 34.7829 1.27217
27 11.2961 11.7662 2.27337
28 13.6267 2.21019 2.21203
29 83.9763 41.1988 0.976136
30 56.651 39.7726 0.861154
31 15.4851 100.333 2.26909
32 93.4489 41.6007 0.955429
33 45.8223 74.1686 2.59642
34 -0.157544 78.7769 2.32165
35 1.30953 16.1873 2.29335
36 29.2346 66.2431 -2.7266
37 83.0493 39.9003 0.931904
38 3.14458 90.1408 2.05652
39 93.7443 85.1612 2.70619
40 96.6616 68.847 2.75478
41 86.8479 78.0386 2.16092
42 21.7944 89.9357 2.09273
43 56.2865 66.2988 1.79379
44 80.5557 73.9794 1.55758
45 28.665 95.788 1.90054
46 0.416257 82.8617 2.54499
47 77.1235 62.6716 2.24713
48 14.7857 90.3018 2.49251
49 97.3223 28.0488 2.04969
50 6.3201 12.9574 2.87394
51 23.275 1.19839 2.08463
52 55.5264 68.7371 1.67459
53 32.2218 65.781 2.79736
54 96.6312 90.6881 2.8625
55 63.0725 63.5996 1.39516
56 97.1741 90.3767 1.88058
57 17.8607 79.7848 2.13599
58 4.04699 4.57739 2.10081
59 90.3447 68.9277 2.19371
60 6.01615 9.06713 2.45748
61 15.4793 88.2101 2.3014
62 82.5869 78.9343 2.41413
63 93.6238 15.2966 2.22232
64 11.7329 8.68082 2.2906
65 76.9671 63.1803 2.16224
66 2.95135 13.4195 2.28592
67 6.40023 14.0886 2.78941
68 80.6392 58.3548 1.96384
69 28.9894 70.2275 -2.42136
70 15.237 10.2515 2.47274
71 3.56674 85.695 2.48797
72 2.51678 9.19521 2.31635
73 80.1138 37.0721 0.742632
74 20.614 87.6217 2.68616
75 64.0533 68.6028 1.25675
76 20.5989 85.739 2.32551
77 19.315 11.2709 2.48338
78 88.4414 42.7518 0.904769
79 4.51584 6.09845 2.72695
80 15.923 88.8065 3.04521
81 6.77218 15.7315 2.70396
82 97.5357 11.1482 1.99359
83 97.9112 6.23339 2.95708
84 61.715 61.111 1.19244
85 17.9165 92.1499 2.90677
86 17.499 88.9002 2.87791
87 85.9824 34.4729 1.58944
88 64.3557 62.5255 1.82827
89 15.1819 84.3913 2.54186
90 57.1868 68.9357 1.38118
91 15.2 0.797343 2.04557
92 21.2458 7.94593 2.5181
93 90.5507 89.9391 2.37904
94 14.127 89.0428 2.14205
95 51.7149 40.876 1.0804
96 14.2008 8.46963 2.5556
97 20.0178 14.6717 2.60854
98 2.83858 69.5989 2.29664
99 18.2038 5.99734 2.39102
100 61.2484 70.2217 1.4868
101 4.42429 12.3144 2.31284
102 17.3831 86.9351 2.67807
103 92.7717 65.5263 2.59576
104 16.2745 94.6363 2.44264
105 57.2438 71.427 1.34483
106 96.9284 90.7026 2.74216
107 95.3706 81.1617 2.54036
108 18.4118 99.933 1.85283
109 4.64416 3.72372 2.56868
110 66.0396 69.5053 1.18446
111 87.9035 39.4703 1.31504
112 53.8076 64.3584 1.78091
113 14.194 4.59297 2.47235
114 12.2137 13.6852 2.0967
115 60.3702 41.2483 1.60169
116 18.508 80.516 2.31784
117 3.9186 89.6216 2.28259
118 68.7499 31.0083 0.823059
119 93.8024 93.4335 2.29414
120 88.0507 59.3803 2.69412
121 74.1032 72.3809 1.35713
122 7.52524 84.1958 2.21915
123 90.0001 89.0384 2.31231
124 61.0006 44.8049 2.06405
125 89.8809 43.0648 0.951299
126 53.3949 1.53343 1.38863
127 82.3957 63.8348 2.80736
128 64.1922 67.9811 1.50912
129 4.27674 9.06181 2.35987
130 5.5129 92.8187 2.67039
131 19.7396 87.1387 2.37335
132 91.5008 41.649 1.74285
133 97.4397 23.1459 2.18188
134 71.6261 76.0257 0.578213
135 79.4058 81.1081 2.02476
136 15.81 82.2907 2.89974
137 15.0699 9.23377 2.86974
138 20.0372 91.5675 2.40619
139 89.3958 57.5378 3.0028
140 20.9353 87.7145 2.10262
141 90.8604 13.526 2.10412
142 98.9655 4.70481 2.52716
143 98.4238 21.5123 2.7313
144 14.7411 11.0006 2.53592
145 7.95684 15.9152 2.35003
146 94.9704 79.6374 2.00255
147 50.2313 75.3085 2.25619
148 83.1334 36.1902 1.49451
149 2.25471 15.9698 2.26121
150 19.0981 88.8472 2.77806
151 98.2425 35.7417 1.07229
152 16.256 82.2378 2.90349
153 19.2251 98.6904 2.26503
154 52.8521 96.2662 2.06932
155 94.9273 23.2709 2.24999
156 94.6775 5.62818 2.48183
157 84.662 73.4925 1.76258
158 98.9204 33.3315 1.24636
159 50.0512 37.2093 0.491097
160 32.0122 66.876 2.70031
161 53.8388 38.2078 0.568516
162 1.07827 13.9925 2.79366
163 82.7882 47.1632 -0.162128
164 77.1671 63.8581 2.25369
165 98.3077 10.3977 2.30124
166 63.2246 61.0808 1.14279
167 88.2702 38.3832 1.10357
168 5.62815 9.04189 2.54686
169 73.0684 66.2268 2.09212
170 55.2858 45.4353 0.59322
171 16.9306 9.0608 2.46432
172 86.9391 66.9358 2.50867
173 22.3352 88.0094 2.67625
174 77.1077 70.1598 1.59445
175 92.7094 41.6367 0.992033
176 62.6305 46.6591 1.49774
177 5.10305 46.9469 -1.47869
178 54.7982 67.0138 2.11196
179 13.3319 2.18104 1.99549
180 16.9797 7.26468 2.70324
181 1.00815 22.1161 2.13334
182 5.74891 1.18246 2.81122
183 95.8016 27.2757 1.92389
184 26.1078 11.4291 2.49869
185 79.5484 62.179 1.91169
186 21.0416 96.3938 1.92507
187 57.5593 45.0909 1.02774
188 83.5707 70.4102 1.69933
189 30.5466 27.7914 0.691476
190 78.4807 67.7393 1.93117
191 89.6826 9.68958 2.17706
192 1.8563 60.9614 2.59993
193 22.4384 3.37287 2.43593
194 -0.395517 67.3692 2.65393
195 10.7632 3.99714 2.19211
196 88.7547 55.7775 2.8169
197 14.9506 85.8599 2.79409
198 24.2096 10.9356 2.66917
199 52.5873 46.109 0.702282
200 22.9246 11.903 2.62605
201 70.5057 39.6121 2.13475
202 58.2481 69.8388 1.79569
203 53.7977 40.1033 1.16873
204 97.5075 32.1498 1.07095
205 88.1237 37.2129 1.06468
206 96.6602 66.9525 2.40803
207 98.2279 83.438 1.97063
208 98.7711 17.9114 2.30501
209 56.9347 44.1112 1.67276
210 6.59239 12.6164 2.38705
211 20.3583 96.0513 2.36657
212 94.8811 22.3137 1.86852
213 92.5613 36.849 1.78256
214 82.2474 67.7442 2.17845
215 99.225 87.7137 2.4046
216 25.1753 95.0677 2.39147
217 11.7662 3.87096 2.50611
218 69.6944 30.3974 0.737521
219 12.0762 24.279 2.33046
220 82.8369 38.3114 1.6848
221 28.4039 7.08767 2.93268
222 82.5465 38.2411 1.23825
223 62.0316 70.8764 1.18375
224 45.0503 63.1866 3.0854
225 64.9522 44.5789 1.76648
226 46.8858 40.5392 0.97883
227 23.7315 99.7154 1.98614
228 18.1511 89.2012 2.55028
229 25.109 94.7226 1.86899
230 86.3963 70.139 1.98679
231 8.57121 10.0191 2.91134
232 21.1059 4.67465 2.89927
233 0.182365 80.4527 2.41465
234 92.3829 68.3256 2.53772
235 96.6959 90.0949 2.42342
236 51.9418 96.2398 1.70127
237 61.4613 43.867 1.62816
238 7.85609 3.7526 2.31323
239 0.362158 5.64521 2.98162
240 9.59613 9.17867 2.42563
241 88.5395 98.4846 2.32703
242 21.9012 97.7228 2.53534
243 23.2657 13.0154 2.61197
244 53.1448 37.7827 0.723319
245 22.6805 1.39211 2.32987
246 19.1696 91.9648 2.3728
247 79.3338 65.1734 2.13652
248 91.8967 90.2925 2.14873
249 4.15977 67.2937 2.55628
250 6.53253 9.63686 2.87099
251 26.3532 28.6334 1.20687
252 59.0094 72.6883 1.77632
253 36.8257 57.1218 -2.31175
254 18.6253 86.5868 2.57603
255 1.32967 11.3886 2.16399
256 21.309 95.1507 2.53177
257 14.3521 85.4942 2.36367
258 93.8768 8.87962 2.74038
259 96.1565 90.1558 2.30351
260 3.32412 28.5122 1.72117
261 0.473855 2.28416 2.17994
262 23.8845 91.3851 2.55309
263 21.0961 4.61469 2.32257
264 51.6336 77.323 2.10863
265 15.1049 85.5219 2.62307
266 4.36355 36.5842 1.34894
267 10.7722 8.83886 2.14263
268 87.6039 57.3218 2.72078
269 9.48935 13.7995 2.5727
270 4.62897 3.36456 2.24457
271 98.8831 94.189 2.37405
272 91.5295 36.4813 1.80847
273 91.8376 65.5215 1.97384
274 7.47333 90.371 2.63299
275 18.9968 89.4326 2.58099
276 2.70923 31.7593 2.21389
277 21.3619 8.178 2.21168
278 73.0484 72.5009 1.16504
279 22.1875 98.5317 2.03022
280 11.4531 8.52987 2.31175
281 17.4962 91.8274 2.3163
282 96.5004 93.6075 2.12515
283 91.6037 35.9348 1.12291
284 36.1582 84.7551 -2.71636
285 17.9769 10.7629 2.74191
286 84.6759 75.3898 2.37185
287 16.4831 90.6731 2.70429
288 50.4914 30.6463 2.61698
289 28.5207 70.3909 -2.45888
290 5.54994 85.8242 2.14706
291 93.294 22.7592 2.39144
292 92.0923 21.8425 2.12265
293 99.3184 81.3311 2.15873
294 2.61297 95.3361 2.48834
295 14.5852 5.53896 2.01848
296 27.5809 10.5187 2.54292
297 51.5651 98.7962 1.45045
298 97.213 7.30969 2.68389
299 66.6996 39.7914 1.43448
300 9.31185 85.7761 2.19456
301 5.05824 11.6386 2.89229
302 86.6267 58.6781 2.4502
303 18.1353 91.9125 2.76168
304 93.9966 17.7684 2.30154
305 29.5047 27.8323 1.24849
306 44.7922 69.8759 3.06097
307 63.3702 42.0888 1.30052
308 98.6024 4.07345 2.26647
309 3.31569 87.3647 2.89592
310 54.7977 73.7656 1.8327
311 94.1738 83.655 2.23686
312 21.7541 1.98953 2.50018
313 93.0386 37.7127 1.0588
314 4.54092 15.7194 2.34956
315 21.3795 97.3695 2.70121
316 21.9376 8.42763 2.41811
317 2.19266 3.15164 2.34251
318 63.1098 42.5401 1.17239
319 79.7988 39.9141 1.23416
320 84.6454 38.3131 0.962835
321 6.97158 18.7198 2.48755
322 80.8882 34.8005 1.57178
323 4.52785 6.92339 2.18361
324 49.4903 43.5974 0.790772
325 26.8212 95.1817 1.89391
326 15.7443 86.1623 2.68797
327 2.06598 79.4012 2.47491
328 88.3666 34.825 1.80647
329 89.7268 45.3796 0.849165
330 93.0709 35.6827 1.39267
331 54.2845 76.1058 1.72853
332 53.2533 44.1028 0.839831
333 28.1872 14.2131 2.82622
334 92.1141 85.3461 2.62266
335 64.5168 38.2701 1.99293
336 86.1719 37.0514 0.889648
337 93.9424 92.2599 2.76824
338 27.4957 96.7369 2.37348
339 11.9615 86.7218 2.11511
340 83.8144 59.2111 2.51152
341 98.3238 5.50225 2.47556
342 7.60139 12.5973 2.09452
343 25.4489 96.3517 1.99113
344 22.0009 92.7559 2.09942
345 62.6378 65.8074 1.17143
346 92.4254 85.045 2.25536
347 5.27583 28.8579 1.93219
348 83.4236 77.5193 2.32266
349 79.0256 63.4713 2.36732
350 17.9448 95.0545 2.40604
351 96.9317 17.8916 2.42411
352 80.7447 72.4232 1.89483
353 61.7606 69.794 1.75511
354 0.45179 63.4402 2.79798
355 19.7147 84.6166 2.97863
356 87.307 33.1475 1.32373
357 78.6855 64.148 1.93505
358 8.56097 6.75194 2.52481
359 98.2505 80.9366 2.21104
360 2.48792 17.9704 2.48023
361 2.38428 34.6613 2.20227
362 10.7324 4.85597 2.87061
363 17.9288 89.9653 2.1376
364 56.1759 74.3169 1.73861
365 19.1728 3.10028 2.07679
366 20.6171 11.3802 2.44059
367 89.4901 37.6262 0.898212
368 86.3759 65.3394 2.42616
369 96.0593 36.6245 0.969056
370 41.7654 66.1583 2.88198
371 3.33791 12.3881 2.63112
372 9.47207 1.84105 2.59133
373 57.8992 7.67768 -1.10865
374 6.92436 13.8535 2.65298
375 29.0278 11.2955 2.31332
376 9.70659 5.00953 2.99534
377 92.4739 39.1839 1.84403
378 5.95424 88.0168 2.33494
379 85.7871 41.0341 1.64773
380 17.6826 87.2104 2.83471
381 49.5001 45.0985 0.965044
382 17.7541 10.3124 2.11592
383 68.7445 65.0943 1.20807
384 19.7405 4.46664 2.17972
385 66.1857 71.454 1.03825
386 29.76 63.5982 3.29619
387 96.9399 26.3832 2.7896
388 26.9369 92.9689 2.69435
389 97.8177 80.4779 2.08814
390 95.6706 8.26926 2.65122
391 3.03258 5.21818 2.64717
392 0.37573 81.0127 2.10222
393 26.1957 98.3657 1.85559
394 16.7959 10.711 2.09527
395 6.65319 5.82646 2.32319
396 11.0271 21.8223 2.77096
397 7.61431 6.55785 2.92415
398 92.4247 36.2172 1.57969
399 89.4189 95.4668 1.82372
400 92.5284 93.9084 1.93968
401 51.1474 41.7743 0.506426
402 0.413682 64.1386 3.02948
403 17.6489 8.82612 2.37837
404 10.2469 88.0219 2.2658
405 79.8047 73.4284 1.72345
406 83.4486 64.5934 2.0708
407 20.7246 13.4664 2.37598
408 0.979932 89.3263 2.46614
409 88.984 36.7771 1.66266
410 94.1657 96.0264 2.77762
411 8.96093 11.4671 3.05922
412 18.8997 82.4356 2.74046
413 98.3585 3.96159 2.95922
414 26.0264 98.946 1.79894
415 75.0647 64.9893 2.0723
416 22.8565 8.17637 2.00638
417 93.5406 94.5444 2.72817
418 9.76229 13.6661 2.72621
419 63.2608 63.555 1.36689
420 97.1994 77.9767 2.12812
421 8.23617 11.983 2.64546
422 96.8292 94.6682 2.66708
423 53.1164 25.272 2.93151
424 10.9631 20.8433 2.62564
425 15.342 3.60515 2.27076
426 6.07522 32.7238 1.41429
427 9.82133 17.2332 2.99192
428 12.8613 90.35 2.73411
429 19.5073 89.8583 2.11405
430 98.9365 23.7424 1.97387
431 26.4502 7.56124 2.40347
432 4.28995 15.91 2.93487
433 93.7616 33.5283 1.46027
434 4.37749 81.5064 2.85713
435 59.1933 74.7988 1.72577
436 2.81766 22.5139 2.8877
437 89.6107 57.7599 3.09573
438 84.9259 43.3764 1.57588
439 88.2941 39.2948 1.11702
440 20.4271 84.5165 2.08179
441 81.4295 63.3121 2.38145
442 12.8341 9.22238 2.54851
443 50.7732 47.2419 0.906183
444 22.3908 3.45287 2.03413
445 76.3182 70.0676 1.376
446 64.8873 70.9393 1.41811
447 89.8927 81.1481 2.79279
448 12.3282 6.95828 2.75126
449 27.142 69.7035 -2.65825
450 0.815513 7.45576 2.64972
451 -0.354857 65.1819 2.74612
452 14.2159 23.1812 2.50185
453 17.5001 84.1728 2.90954
454 17.8313 20.4215 2.25635
455 73.7335 65.9056 1.68417
456 90.4277 89.1579 2.13781
457 99.3045 93.5406 2.00772
458 3.73912 93.0863 2.63524
459 80.9254 59.1981 2.76849
460 -0.267194 77.3988 2.57515
461 43.3325 65.8896 3.28907
462 22.7726 1.19951 1.97621
463 6.98161 3.74866 2.67026
464 41.8185 0.656192 -0.707972
465 1.61994 6.20189 2.44045
466 23.6126 94.4048 1.82016
467 87.0882 37.9761 1.72723
468 88.0025 64.3289 2.69416
469 -0.0419883 20.417 2.10755
470 1.46 26.2434 2.23812
471 7.00388 86.4065 2.59209
472 23.1871 1.66921 2.58404
473 22.8662 8.9281 2.47269
474 52.6677 46.5651 0.872111
475 83.7156 65.6269 1.9567
476 79.7336 63.2458 2.20062
477 22.3103 92.9931 2.02023
478 1.54376 18.5629 2.38233
479 61.0037 65.1127 1.88796
480 95.2998 83.371 2.33328
481 86.5442 31.6277 1.31038
482 1.72923 66.4825 2.78896
483 98.2726 7.00024 2.69794
484 94.121 79.5481 2.07255
485 2.20249 33.7123 1.46391
486 22.7184 89.0681 2.86873
487 21.3412 92.6198 2.15676
488 89.6261 97.5015 2.21341
489 58.8736 64.3585 1.67422
490 68.3298 67.6841 1.78941
491 13.2365 85.691 2.76792
492 23.6086 4.74704 2.83733
493 17.9053 96.0613 1.93069
494 2.1996 66.8268 2.5566
495 98.3212 81.6597 2.21969
496 13.0033 11.3783 2.22184
497 8.48827 13.6045 3.00469
498 22.7722 88.3141 2.31011
499 87.66 44.2747 0.978937
