500
Particles
0 28.9048 6.72945 -0.565645
1 55.074 78.8865 -0.525358
2 79.7937 27.5406 -2.94011
3 6.33298 9.07937 0.42903
4 53.8999 70.3639 -0.9134
5 80.9227 64.0535 1.04123
6 93.2667 66.7474 -2.48794
7 45.09 52.6278 -1.10515
8 74.023 16.3963 -1.49346
9 70.317 23.5645 -1.44936
10 72.6528 72.7238 0.446875
11 92.2317 80.5772 -0.328262
12 69.571 69.9535 0.501849
13 8.84908 46.2625 2.58831
14 58.3891 54.0214 1.09384
15 81.0803 71.9023 0.791605
16 7.65256 9.92532 0.757897
17 25.3674 39.1364 2.7798
18 59.0651 68.0542 -0.613577
19 51.1787 86.1611 -1.05531
20 31.2375 62.2515 -1.45518
21 96.5041 68.455 -1.97344
22 64.4039 83.6872 -1.33978
23 28.4783 44.0924 3.58437
24 21.6842 94.1205 -1.95883
25 88.2126 67.6151 -2.78514
26 85.0631 75.4457 0.943483
27 47.6508 50.0623 -1.48478
28 25.0942 10.0229 -0.0232062
29 8.00818 12.3958 0.75717
30 73.7948 97.0489 -1.42538
31 53.5771 96.1001 -1.77846
32 30.6007 58.3375 -2.08182
33 80.5586 20.5404 -2.48887
34 27.3728 60.102 -2.15437
35 25.883 6.47411 -0.994996
36 1.44329 87.9673 2.90126
37 69.6165 61.1778 0.730635
38 84.502 23.7749 -2.7388
39 54.0479 87.1854 -0.667936
40 83.9191 27.4076 -3.10874
41 10.9197 48.5005 2.81596
42 68.4864 24.4036 -1.25079
43 80.1114 79.5879 0.619754
44 58.7278 93.1997 -0.979616
45 68.673 28.4827 -1.7467
46 29.7178 11.6075 -0.107154
47 98.1776 95.0675 -3.01926
48 70.3361 15.4173 -1.51287
49 86.9116 63.2889 -2.87542
50 78.6708 17.3935 -1.89217
51 31.5726 14.6959 0.0121336
52 92.8123 62.1282 -2.38478
53 4.64901 87.5796 3.48809
54 75.7256 76.7764 1.19816
55 52.7124 52.1957 -0.872608
56 27.3459 57.4291 -1.45145
57 96.1685 4.74551 0.316054
58 27.7012 49.8535 -2.7025
59 90.5585 69.302 -2.10198
60 68.5287 61.4038 1.11393
61 67.1833 19.7796 -1.38972
62 25.3006 11.5491 -0.679052
63 53.6747 77.562 -1.46738
64 58.2377 78.4097 -0.905234
65 96.0691 57.2416 3.37179
66 64.8687 70.9169 -0.613762
67 28.5036 0.557381 -2.72495
68 95.043 54.9194 3.12571
69 28.2846 14.975 -0.271294
70 92.5984 68.3988 -2.24304
71 29.3381 75.0306 -1.70926
72 61.4858 68.9947 -1.04378
73 56.3025 6.23658 -1.17003
74 86.7151 51.2755 -2.93498
75 15.4938 23.7626 -0.206837
76 25.0168 15.8912 -0.865145
77 61.8577 66.7125 -0.558603
78 61.5635 88.8228 -0.81472
79 73.4951 51.9685 1.65344
80 24.3052 13.7544 -0.611728
81 68.3434 64.2959 0.92823
82 22.0446 61.1333 -1.64451
83 59.1403 63.506 -0.659202
84 30.2457 39.6894 2.63749
85 7.3175 67.2264 2.26925
86 19.4827 21.2279 -0.543954
87 94.268 46.7027 3.07124
88 92.1139 60.7987 -2.27986
89 84.0688 75.9343 0.401978
90 86.6761 74.3983 1.05799
91 53.2419 94.9411 -1.84052
92 51.4658 51.4892 -1.19683
93 27.2354 49.9982 -2.13647
94 31.3356 80.5891 -1.18424
95 25.8087 9.9488 -0.366565
96 72.3349 55.162 1.06344
97 73.1297 60.5182 0.819474
98 85.0177 76.9182 0.996262
99 2.45629 5.71689 0.300227
100 93.2317 61.1417 -2.36737
101 62.5373 58.3949 0.171512
102 74.1622 17.6227 -1.85149
103 3.1894 77.4976 1.95485
104 31.7227 7.72288 -0.587684
105 86.6786 74.748 0.695029
106 26.1825 60.4485 -1.73034
107 57.5618 10.8488 -1.92615
108 37.6573 15.4497 0.220066
109 66.7713 13.0344 -1.82545
110 75.0194 -0.0552503 -1.90815
111 73.8449 58.8849 0.707401
112 79.2153 16.2694 -1.77451
113 22.0603 45.7755 -3.07877
114 80.1323 74.4944 0.532294
115 48.1625 8.78777 -2.30052
116 69.3209 65.8676 0.182671
117 83.0049 76.0937 0.598766
118 8.20315 8.89335 0.926811
119 27.2807 48.8371 -2.78862
120 85.2087 70.4263 0.722366
121 46.1945 85.8926 -0.854479
122 30.7171 79.948 -1.32776
123 61.2901 62.0438 -0.555559
124 98.6116 54.5573 3.03184
125 92.7228 58.7456 -2.39795
126 56.1424 2.42294 -1.19968
127 96.9279 58.9107 -2.54771
128 18.8407 94.0794 -1.7616
129 32.3185 7.74348 0.0342447
130 28.9911 14.8738 -0.558468
131 70.8913 70.4158 0.0845217
132 89.5073 79.107 0.23241
133 88.5828 79.7618 0.877807
134 93.3385 71.9041 -2.71929
135 95.915 70.5527 -2.68914
136 0.347526 91.218 3.13262
137 96.4795 71.9463 -1.88854
138 37.1112 87.9982 -1.02371
139 20.0928 13.9932 -0.205078
140 74.0436 19.2699 -2.27558
141 92.1014 60.49 -2.8209
142 92.6431 63.8353 -2.18565
143 74.2778 27.0905 -1.22403
144 72.5079 61.1449 1.23443
145 58.7555 8.90024 -1.3383
146 27.3229 12.8484 -0.728537
147 81.6814 22.9885 -2.60789
148 28.5675 11.751 -0.029243
149 73.2104 62.8999 1.27056
150 39.6411 10.853 -0.501144
151 24.562 10.5056 -0.0538953
152 48.3524 81.9864 -0.322238
153 29.7305 7.94665 -0.403236
154 74.9982 26.8469 -1.81846
155 90.1008 85.7497 0.461978
156 72.2416 19.1438 -1.8795
157 65.0544 31.3137 -1.08651
158 94.0054 78.6563 -1.59546
159 73.5506 73.8001 1.25317
160 60.7545 98.1835 -1.40974
161 45.6382 90.2217 -1.41771
162 77.3564 20.1794 -1.3561
163 98.2882 50.472 2.56953
164 98.5064 63.3371 -2.60277
165 24.7435 6.63988 -0.555265
166 93.8809 54.2401 3.18776
167 98.3335 72.1741 -2.67215
168 57.2298 76.1 -0.873085
169 82.0995 96.8397 -1.27775
170 79.3998 19.6575 -2.24788
171 74.1113 54.0467 1.70304
172 53.9467 9.655 -2.03637
173 72.0404 20.196 -1.35043
174 76.6382 64.6317 1.22744
175 52.4104 -0.478489 -1.5115
176 78.1061 72.4177 1.00545
177 6.65268 67.6407 2.34482
178 31.494 47.724 -2.66665
179 25.5725 8.58444 -0.93723
180 19.8368 48.4116 3.45111
181 75.7242 22.6372 -1.27789
182 29.5782 53.7354 -2.32286
183 62.5127 33.4055 -0.854525
184 85.1349 69.4401 1.00225
185 11.2779 33.3962 -2.34505
186 30.7599 81.3258 -1.36896
187 77.4489 16.9921 -1.91923
188 53.3754 75.3721 -0.886518
189 62.9633 92.4352 -1.8162
190 66.0889 69.8296 -0.0480104
191 75.9334 60.168 0.501519
192 15.0646 93.2478 -2.03291
193 65.7339 17.6411 -1.90444
194 88.924 90.8977 -1.18976
195 62.3842 66.1688 -0.184158
196 94.3859 74.2615 -2.4396
197 20.9303 19.8033 -0.220429
198 26.4619 65.7407 -1.60239
199 96.7994 75.951 -2.05435
200 97.5929 68.7405 -2.03456
201 51.4526 86.3364 -1.20838
202 55.0001 65.9821 -0.633664
203 34.002 17.9053 -0.273908
204 83.237 61.5576 1.79912
205 59.2501 9.3328 -1.19861
206 92.4454 11.943 -2.07621
207 89.835 71.1534 -2.1081
208 82.4822 72.4832 0.534791
209 74.1771 70.1328 0.361044
210 66.8799 59.8451 0.524918
211 67.551 73.8837 -0.613482
212 88.5146 79.8329 0.512692
213 27.6232 14.002 -0.6575
214 59.7416 60.4914 -0.258474
215 15.926 52.7459 2.82604
216 71.7206 31.9722 -1.42126
217 95.9417 68.6548 -2.02592
218 60.9462 30.5123 -1.26059
219 14.8975 29.3759 -1.61405
220 2.71988 64.4344 2.71473
221 38.8121 17.7278 -0.223029
222 68.7359 61.2161 1.21001
223 90.5235 17.478 -2.44196
224 5.74349 6.96211 0.191871
225 40.9922 49.7047 -1.50657
226 68.0972 24.9696 -1.3693
227 73.3519 16.133 -1.91324
228 23.8288 20.0448 0.179824
229 41.3013 15.0972 -0.313485
230 4.89004 49.2637 2.91415
231 64.6151 63.5527 -0.432009
232 50.2465 91.2009 -0.636676
233 9.32002 54.5768 1.9622
234 92.5717 73.051 -2.11643
235 27.3778 56.1734 -1.94776
236 75.7809 19.0043 -1.5411
237 62.3724 90.4845 -0.914993
238 30.698 49.6658 -3.02648
239 54.0768 72.7847 -1.52314
240 74.1222 67.3184 1.11049
241 60.8456 79.7229 -0.928733
242 33.2537 15.0452 -0.171909
243 96.7124 69.4758 -1.89521
244 40.9084 85.1293 -1.30745
245 34.1262 14.1378 -0.23511
246 38.4085 79.539 -1.53815
247 0.0991894 58.1353 2.38272
248 63.2551 53.0283 0.696764
249 77.0449 61.4314 1.3053
250 14.8559 22.2122 -0.61811
251 86.456 17.9521 -2.61733
252 40.4106 54.7175 -1.91796
253 15.4711 32.5522 -1.66823
254 67.2539 95.4689 -1.69991
255 71.4287 63.9952 0.617895
256 36.7112 14.362 -0.547279
257 34.8722 80.781 -1.07604
258 77.9636 18.356 -2.33083
259 27.6226 61.3851 -1.48455
260 96.0225 74.8933 -2.59728
261 20.7874 42.2941 -2.67584
262 73.2907 24.9206 -1.88288
263 2.5681 67.7646 2.19693
264 73.2257 8.52826 -2.91564
265 9.31418 55.002 2.32029
266 14.2305 1.3637 -0.72932
267 58.9175 77.9669 -1.46945
268 75.1353 95.3792 -1.44868
269 95.7201 80.7756 -2.25065
270 26.6827 52.7914 -2.3634
271 28.482 56.2083 -2.1048
272 23.8975 19.6923 -0.419728
273 93.9748 73.1729 -1.85259
274 98.9811 79.5607 -2.74597
275 42.1551 11.5696 -0.660722
276 87.8042 76.032 0.488794
277 56.6347 8.74007 -2.03556
278 80.2587 14.6243 -2.4626
279 41.3726 20.5462 -0.130055
280 71.2951 48.1751 1.77683
281 56.1152 2.60554 -1.18915
282 28.1222 42.7314 2.64635
283 96.4074 73.5752 -1.77679
284 61.2636 80.7493 -0.888305
285 76.6405 53.7788 1.7267
286 0.106677 54.7077 2.22742
287 35.5394 81.3807 -0.895898
288 4.08786 7.53505 0.678357
289 85.5435 14.0088 -3.02406
290 69.0909 17.6174 -1.57427
291 55.0405 82.2765 -1.056
292 80.5459 94.5882 -0.931318
293 3.01851 70.4596 2.91176
294 77.8821 77.9957 0.514745
295 42.8122 56.8151 -1.9576
296 83.1862 71.6015 0.715533
297 71.6248 23.0132 -1.94067
298 57.0779 96.5101 -1.09639
299 91.1009 67.5643 -2.4146
300 4.65165 64.166 2.58953
301 68.6675 63.5205 0.748192
302 82.5425 26.2651 -3.01174
303 74.2977 13.4778 -1.66909
304 57.7646 74.1218 -1.49072
305 65.405 69.2387 -0.168498
306 3.54151 95.0095 2.97425
307 59.9275 94.4681 -1.67186
308 23.4227 46.434 -2.72625
309 9.35724 1.57558 -0.853989
310 44.0693 46.5877 -1.75671
311 96.8403 97.3246 -3.49721
312 30.9844 13.361 -0.0445154
313 20.9035 10.4058 -0.737602
314 10.1958 10.1068 0.806517
315 71.8254 18.2595 -1.86938
316 94.9459 68.6581 -2.6354
317 90.7111 62.7886 -2.52089
318 75.7787 70.8396 1.03251
319 79.0202 56.7747 1.10952
320 66.4084 64.2781 0.226742
321 98.2718 93.2587 -3.24379
322 73.1585 58.2923 0.891902
323 73.7759 51.13 2.24456
324 61.4845 -0.0526339 -0.959829
325 65.0847 27.288 -1.57353
326 99.6686 7.27845 0.876415
327 18.5837 12.6144 -0.34216
328 82.5817 72.7112 0.413245
329 29.7239 59.9402 -1.50619
330 26.998 12.9693 -0.595784
331 89.7934 77.1792 0.87069
332 31.5966 59.6843 -1.69538
333 18.9691 49.8839 3.41656
334 50.998 78.68 -0.416393
335 77.8811 58.1096 1.58516
336 99.3639 71.795 -1.74037
337 55.9984 70.0089 -0.726974
338 68.6423 25.7647 -1.90136
339 99.7676 7.97729 0.0375792
340 63.3395 63.7046 -0.921778
341 70.4852 6.89741 -2.28632
342 62.1131 64.8175 -0.239406
343 40.8294 18.5878 -0.513725
344 75.7002 15.6797 -1.71786
345 80.7587 77.0169 1.00419
346 11.0737 48.3984 3.01088
347 86.5525 77.4181 0.266736
348 56.853 71.0565 -0.97811
349 65.1489 69.9791 -0.98595
350 35.0978 11.7753 0.140967
351 72.5871 20.1547 -1.37107
352 57.7261 91.7896 -0.813772
353 85.8562 50.4065 2.78875
354 89.4217 55.3312 -2.6142
355 75.2524 72.8859 1.22129
356 4.30641 10.1039 0.733042
357 90.5893 80.5743 0.674185
358 24.1088 45.8787 -3.14035
359 82.8893 71.0338 0.277264
360 76.1767 29.8053 -1.04232
361 77.21 64.88 1.08694
362 72.5217 56.1323 1.08579
363 21.8739 17.8218 -0.671104
364 84.0642 13.9984 -2.16776
365 29.5431 10.8393 -0.43461
366 96.3025 70.6455 -1.83031
367 61.0427 11.4912 -1.79465
368 27.0299 12.2181 -0.373627
369 80.2498 76.3627 1.10423
370 76.6131 67.3408 0.33382
371 70.6103 65.2132 0.469572
372 76.4479 77.1393 0.998487
373 15.4589 48.7966 3.33659
374 59.0432 -0.277433 -0.707004
375 29.9751 10.4345 -0.839173
376 69.6752 9.53143 -2.98071
377 25.456 93.6633 -1.92434
378 33.741 13.7192 0.0170209
379 98.7976 75.7727 -2.09329
380 73.6325 23.1486 -1.78896
381 87.0832 82.4847 0.190659
382 68.2237 57.2471 1.13403
383 8.4219 9.15923 0.351121
384 90.2509 12.828 -2.35058
385 44.5575 51.88 -1.99726
386 37.3098 51.9472 -1.47442
387 3.9839 60.6055 2.98258
388 67.1838 26.3093 -1.37827
389 82.9541 65.9836 0.771121
390 58.3786 73.5218 -0.93642
391 25.7652 45.9075 -3.14115
392 64.8907 0.737669 -1.48271
393 62.6857 27.7341 -1.23635
394 95.354 68.9363 -2.6676
395 20.753 44.339 3.5426
396 6.50842 15.3936 0.414125
397 78.9857 61.3997 0.591371
398 70.9878 69.287 0.739624
399 30.8194 96.6262 -2.14567
400 85.538 55.9241 -2.91242
401 95.4736 50.0703 2.80329
402 23.9436 16.474 -0.607037
403 66.2636 56.6311 1.19432
404 93.8156 2.53414 0.517058
405 55.441 75.404 -1.41434
406 4.41667 47.8636 2.40446
407 93.2971 67.2132 -2.40815
408 14.4086 48.0935 2.74465
409 96.827 71.4963 -2.33295
410 52.9354 75.2018 -0.927801
411 80.7626 74.6902 0.439645
412 23.9339 16.6582 -0.440654
413 17.7189 33.4192 -1.70856
414 38.7476 13.8573 0.136971
415 84.7603 92.4821 -1.53583
416 86.4191 68.1386 -3.37683
417 92.7148 63.0817 -2.35211
418 69.2538 59.1008 0.957151
419 52.4568 84.2564 -1.31685
420 84.2802 72.4623 0.365091
421 58.5996 69.0718 -0.942601
422 28.1137 52.2947 -2.39684
423 28.1047 77.7257 -1.14581
424 78.3135 73.688 0.56112
425 93.8066 65.9269 -2.38481
426 50.7999 7.8172 -1.72445
427 60.9556 2.95993 -0.968137
428 33.4175 12.3327 -0.279191
429 37.5271 11.1973 -0.618338
430 40.5362 84.9802 -1.3996
431 35.7405 10.753 -0.600085
432 76.3066 17.4322 -2.27987
433 52.0077 9.20474 -2.10396
434 77.2648 74.4248 0.45343
435 81.8591 17.3713 -2.35938
436 70.8116 24.9961 -1.16395
437 85.7297 88.6816 -0.773406
438 52.1478 88.1154 -0.685897
439 55.313 9.6954 -1.58066
440 89.6884 57.2056 -2.40152
441 95.2633 63.348 -2.53311
442 71.7664 58.0391 0.664115
443 54.3117 65.5941 -0.84625
444 33.0103 10.5752 0.00436233
445 72.7693 63.5622 1.17064
446 16.4765 37.1302 -2.49585
447 0.819609 55.7331 1.90501
448 81.7987 71.5348 0.664617
449 72.1641 61.9007 0.848617
450 57.3905 74.0169 -0.663583
451 22.2876 14.5069 -0.258147
452 64.6793 67.4406 -0.303109
453 76.2754 21.1011 -1.71844
454 23.2499 55.5893 -2.12498
455 93.002 50.3005 2.37103
456 54.3038 70.2134 -0.577427
457 31.67 46.868 -2.88335
458 31.867 62.4008 -1.77082
459 29.2566 77.2996 -0.94222
460 86.7426 64.1638 -3.23699
461 85.3444 77.0256 0.355872
462 36.9008 13.3742 -0.533385
463 63.2888 9.63769 -1.5901
464 38.4352 20.8689 -0.0588196
465 25.5092 48.266 -3.17743
466 70.6828 29.0844 -1.86422
467 92.9845 69.0689 -2.32604
468 87.305 67.121 -2.73917
469 71.9193 23.8299 -1.93706
470 58.3566 67.973 -1.17411
471 37.3352 16.605 -0.660069
472 36.9552 17.1613 -0.236807
473 3.49287 55.5935 2.35637
474 79.8903 71.2421 0.372698
475 7.86399 49.0344 2.57443
476 88.3736 85.1008 0.00366297
477 95.1203 8.62867 -0.0561272
478 54.7824 97.4083 -1.20288
479 82.4118 82.6171 0.488265
480 31.1278 47.4124 -2.73269
481 84.4742 69.4747 0.959754
482 86.995 79.8243 0.20216
483 71.7177 52.1327 1.73106
484 74.7337 93.2457 -1.35006
485 85.2239 21.9961 -2.32549
486 71.6154 21.6968 -1.37347
487 68.9048 30.3054 -1.49534
488 24.4034 4.68214 -1.11456
489 93.7123 52.0028 2.50994
490 43.5043 55.5845 -1.19123
491 35.8193 83.4629 -1.20449
492 37.1309 15.8536 0.225667
493 59.1265 5.96353 -1.61285
494 38.4081 80.9564 -1.24006
495 25.0573 96.282 -1.69782
496 68.8351 64.4361 -0.0216832
497 77.2842 67.5331 1.22223
498 40.8838 14.9936 -0.19424
499 31.5056 75.2216 -0.775532
