500
Particles
0 1.73543 66.3654 2.77018
1 42.1997 71.4696 2.46524
2 10.9436 1.94035 2.37095
3 63.1258 14.3012 2.12869
4 77.8666 75.7835 1.83108
5 5.52672 51.8582 -2.92809
6 23.7668 94.9679 1.93411
7 78.0494 21.9766 1.35616
8 47.698 80.9529 1.19859
9 44.5999 82.6825 1.44275
10 26.1272 72.9805 2.25786
11 9.90624 98.1295 3.2254
12 12.565 100.001 2.64019
13 83.3415 67.5112 1.67787
14 82.2496 79.5855 1.35496
15 93.7483 70.1929 1.9116
16 41.1736 83.3951 2.24404
17 80.876 93.6915 0.97224
18 76.8585 85.3412 1.39263
19 62.258 8.53345 2.48477
20 62.3746 15.4131 1.53197
21 2.85569 81.4018 2.48602
22 29.0383 87.8856 2.69879
23 83.151 71.8392 1.6955
24 69.8309 17.7333 1.97252
25 12.6004 75.6867 2.48363
26 4.38939 43.1306 -1.98367
27 95.1039 87.4164 2.31148
28 13.9652 83.6912 1.82642
29 23.1032 4.39024 2.14793
30 59.8539 25.6882 2.07687
31 22.7806 86.322 2.56498
32 51.329 13.1646 1.77286
33 68.6498 23.7618 1.20478
34 17.2828 76.8619 2.66618
35 76.2205 89.0074 1.644
36 59.3449 33.118 1.3583
37 29.6691 3.13287 2.58026
38 11.6348 78.8458 2.10989
39 81.3735 72.4998 0.948913
40 19.7817 75.389 2.41605
41 79.3215 72.9848 1.58771
42 36.4022 85.417 2.28748
43 66.4099 14.6649 1.88155
44 42.6118 74.3609 1.65565
45 33.4932 80.0409 2.17822
46 19.2122 80.5593 2.30157
47 83.4049 12.7206 0.960518
48 25.2359 79.857 2.17628
49 9.40044 65.9968 2.70393
50 86.5707 89.1257 1.019
51 30.6485 88.2333 2.01105
52 69.9224 16.7639 1.47246
53 59.3312 32.699 1.10602
54 82.318 76.6763 0.903849
55 72.3597 10.5641 1.6733
56 86.7476 78.2527 1.08931
57 24.0444 65.6429 2.08607
58 84.8394 81.8372 1.22528
59 12.6816 76.9344 1.89548
60 86.2042 86.7327 1.30631
61 25.7622 75.91 2.91724
62 44.0122 78.35 1.67978
63 42.7771 65.9314 2.56255
64 14.258 94.3196 3.32476
65 79.8256 13.9753 1.26443
66 81.9171 90.4043 1.18402
67 83.0846 89.7679 0.910491
68 78.4934 11.328 0.803336
69 29.6686 68.5471 2.55945
70 24.0635 99.1034 2.00374
71 19.5714 79.2379 2.69082
72 83.777 86.6281 1.23884
73 29.4328 0.962568 2.57125
74 22.0066 68.2729 2.73002
75 78.8458 19.4983 1.10436
76 25.6926 69.3718 2.57018
77 27.8503 98.8326 1.87386
78 4.91121 36.5576 -2.28913
79 85.9316 84.0718 1.57568
80 22.897 74.2352 2.01984
81 80.3474 88.6379 1.60905
82 62.8093 2.05394 -0.241651
83 73.8867 81.568 1.90523
84 74.0717 7.55462 1.72731
85 23.399 76.6049 2.3694
86 23.9941 74.5908 2.11849
87 30.113 97.2482 2.63059
88 74.2581 9.516 1.45246
89 20.1188 68.7263 2.92408
90 70.7798 17.8841 1.92541
91 22.7315 87.4246 2.71854
92 29.0402 95.4733 2.20728
93 78.0388 75.8373 1.84972
94 23.6231 76.1897 2.27325
95 63.0613 9.04514 2.12709
96 4.34603 85.906 1.67578
97 27.8301 2.34168 2.564
98 19.4854 69.0069 2.48382
99 28.5407 94.9986 2.3757
100 70.5904 17.4157 1.92949
101 81.5914 85.9461 0.888512
102 28.1519 75.6043 2.84311
103 15.9673 72.6507 2.87241
104 26.7403 82.9412 2.14996
105 69.7812 18.9201 1.08776
106 83.379 76.3951 0.988137
107 6.00686 75.6374 2.28341
108 25.0344 84.5182 2.07232
109 91.8602 84.0046 1.62446
110 81.8635 20.5405 1.52235
111 31.71 3.45217 1.80814
112 62.4387 13.3973 1.71583
113 24.6689 93.5013 1.71271
114 0.406199 88.8324 1.91682
115 15.6253 1.53257 2.27319
116 22.3128 64.0987 2.46917
117 18.8406 83.2298 2.1315
118 55.9548 16.1521 1.90034
119 79.3346 78.9385 1.88178
120 9.07042 70.1975 2.05679
121 63.0552 80.4237 -3.248
122 24.6811 79.8079 2.91198
123 71.3902 76.9219 0.427378
124 7.07337 1.47448 1.76354
125 80.5014 8.60778 1.08282
126 37.1763 90.6411 2.70968
127 78.8985 70.1593 1.82884
128 71.771 17.6601 1.74482
129 97.3783 89.5284 2.31487
130 12.1517 81.5406 2.45618
131 25.1206 72.718 2.01662
132 82.2493 9.68529 0.946156
133 82.2489 12.2224 0.951243
134 8.36348 63.5069 2.06837
135 29.9876 1.18837 1.91312
136 19.8258 65.7654 2.24041
137 15.1923 94.6653 2.43921
138 26.843 77.414 2.08314
139 13.2514 71.7009 2.08797
140 27.8464 73.6352 2.23937
141 76.5406 10.5385 0.935058
142 77.1395 79.0514 1.7264
143 44.0134 87.2881 1.5493
144 12.1123 94.8058 3.19079
145 98.7386 93.1454 3.14492
146 8.00918 75.6497 2.42507
147 66.4474 23.8686 1.69675
148 30.4896 0.625711 2.15823
149 79.7776 88.7294 1.07801
150 30.2836 77.6644 2.92126
151 55.6532 12.0585 2.25513
152 22.265 67.5735 2.11708
153 26.7446 84.2072 2.41223
154 40.9473 84.5474 1.53824
155 82.8409 14.0453 1.65043
156 51.4418 80.8379 1.34465
157 43.4234 95.2892 1.5425
158 3.59562 45.317 -2.59968
159 46.5137 91.3442 1.9097
160 64.2602 25.5078 2.1038
161 45.7868 91.3831 1.7883
162 79.0107 89.6648 0.999736
163 73.5769 7.40171 1.94988
164 80.1412 15.8817 1.15499
165 73.8906 86.9626 0.990826
166 72.9473 8.70397 1.29187
167 32.9993 3.757 1.91004
168 85.9724 85.4605 1.48867
169 79.4779 14.3104 1.64659
170 57.5113 59.1828 -1.41815
171 21.0091 93.6222 2.33931
172 2.97196 70.4163 2.48591
173 29.0507 73.3556 1.93333
174 2.25088 43.1573 -2.73627
175 82.4213 6.43336 1.24977
176 18.2843 6.47954 2.99658
177 15.5677 70.6907 2.17169
178 70.1168 16.7428 2.00113
179 16.2613 85.9712 2.64037
180 23.073 94.7979 2.37361
181 47.2682 85.3629 1.5566
182 90.4797 79.0876 1.47591
183 3.48921 66.7938 2.70218
184 28.8146 95.0713 2.65601
185 79.1841 14.4472 1.39128
186 28.7892 82.72 2.96017
187 58.9937 13.6989 2.38541
188 71.0541 71.3836 0.262518
189 6.98989 99.3995 2.35054
190 4.27945 45.684 -2.11401
191 16.8298 98.6444 2.73614
192 18.5902 64.7776 2.26729
193 30.4354 91.1357 2.38662
194 20.8284 72.3712 2.01838
195 15.9797 93.0294 3.13396
196 12.5393 69.2298 2.55221
197 23.6937 72.6353 2.79112
198 26.4196 94.3114 2.21675
199 6.58646 53.593 -2.7393
200 28.7023 98.1002 2.47011
201 25.6365 2.95604 2.11267
202 68.3758 18.0836 1.39148
203 48.166 93.1899 1.64497
204 3.43349 42.485 -2.63033
205 32.6666 2.46187 2.40173
206 20.0969 73.7252 2.01879
207 13.6281 78.734 2.67483
208 70.6399 5.44884 1.61958
209 56.5364 15.4261 1.63871
210 84.2246 87.2894 1.59323
211 25.3769 79.8829 2.95354
212 82.9185 11.0866 1.00096
213 56.6924 10.445 2.42074
214 67.1117 69.909 0.125977
215 7.92787 79.5444 1.85924
216 36.1009 85.5783 2.57708
217 14.8086 90.2649 2.91957
218 89.5517 1.70988 -0.364711
219 83.2017 94.4325 0.836115
220 29.3764 2.02121 2.2493
221 32.2259 90.7473 2.41461
222 28.5541 2.55922 2.33991
223 74.18 20.1178 0.992497
224 59.764 15.0367 2.39418
225 16.3141 2.38896 2.41748
226 42.6181 82.4212 2.09927
227 28.588 83.8596 2.40078
228 24.7676 73.978 2.47386
229 26.0626 74.1669 2.5197
230 83.3625 69.1588 1.79846
231 88.8383 85.2625 1.11366
232 28.3315 91.9409 2.01316
233 20.6067 79.5358 2.16591
234 12.558 71.217 2.59785
235 84.5912 76.1143 1.83568
236 40.7114 80.6007 2.01235
237 10.3792 0.238116 2.92243
238 86.9003 77.9056 1.11538
239 76.3767 78.7296 1.4822
240 8.53248 94.4583 2.46359
241 49.22 79.9017 1.16182
242 34.0231 89.1327 1.95459
243 27.2752 96.6493 1.78748
244 45.2321 91.7162 2.07863
245 29.9076 87.4568 2.74669
246 25.792 76.1964 2.43086
247 85.3049 38.146 -0.25603
248 79.3798 78.935 1.88423
249 20.5982 67.0691 2.47418
250 93.0289 86.6829 2.05526
251 2.73397 97.1598 2.55607
252 76.3814 20.6376 1.52976
253 59.2966 16.4648 1.93482
254 24.4773 71.7573 2.61725
255 79.6578 88.4498 1.73372
256 34.5648 87.6452 2.58723
257 24.7832 75.1517 2.27943
258 50.6355 84.6195 2.07906
259 88.1362 77.6431 1.46776
260 5.6903 49.0422 -2.66262
261 80.465 80.506 1.02272
262 33.8544 81.6525 2.28112
263 25.5821 89.7248 2.69373
264 65.1777 24.5416 1.252
265 22.6371 71.6815 1.95939
266 15.3357 68.6222 2.79045
267 10.2503 94.0316 3.14609
268 12.7913 73.8941 2.49481
269 92.9432 87.8565 2.99825
270 87.4674 81.6309 0.830802
271 89.7155 80.4125 1.52378
272 51.3896 8.93291 1.64633
273 14.7527 73.7868 2.61556
274 22.2764 83.6502 2.02636
275 24.1604 72.7591 2.7154
276 14.509 65.7607 2.51982
277 25.8786 93.0962 2.04523
278 38.7965 67.0505 2.34481
279 34.1139 89.845 2.54829
280 88.7081 81.9907 1.02368
281 27.2886 80.2148 2.0439
282 81.743 78.3134 1.03848
283 36.087 3.06366 2.25902
284 30.0726 66.9041 1.93005
285 24.2765 97.8431 2.25511
286 75.5813 71.5136 1.84037
287 23.6966 76.4873 2.57489
288 66.7562 10.1765 1.94432
289 32.512 70.2317 2.75463
290 21.9246 80.9395 2.53577
291 48.9554 76.1303 1.61692
292 80.5748 12.7088 1.28108
293 19.5857 82.0819 1.92783
294 89.1358 77.6721 1.78558
295 99.654 81.0755 1.10356
296 30.784 96.1889 2.52632
297 37.7231 82.6609 2.53881
298 53.9924 79.2079 1.62455
299 26.5561 2.9215 2.72402
300 19.7039 74.2666 2.72251
301 83.481 88.5513 1.14858
302 8.7974 70.2407 2.71075
303 25.6975 77.5284 2.45512
304 42.4232 67.6991 2.07896
305 7.225 99.0275 2.79599
306 63.8696 20.6382 1.47502
307 8.97273 99.3473 3.13205
308 80.2741 82.8903 0.998888
309 21.6569 84.7548 1.84335
310 67.6219 22.0501 1.71649
311 88.7777 73.5936 1.81558
312 28.6471 87.3879 2.25666
313 58.7422 11.1313 1.83024
314 82.9721 92.8353 1.65319
315 26.9625 81.8893 2.4275
316 28.1209 95.3365 2.10272
317 87.3534 83.4243 1.39536
318 15.3383 1.9213 2.50325
319 25.7947 2.38046 2.00359
320 28.3005 2.10924 1.92447
321 81.4432 91.7243 1.08553
322 30.9434 99.926 2.35794
323 83.2248 84.108 1.74925
324 39.39 5.07272 1.83865
325 36.585 85.8495 1.6369
326 23.6375 71.7885 2.04564
327 21.5313 78.1085 2.03526
328 34.6754 98.8657 2.30711
329 65.3325 10.9163 1.38995
330 58.9699 10.0283 1.90074
331 74.0287 23.8937 1.53965
332 61.1859 11.3897 2.30931
333 28.4786 95.7501 2.28519
334 80.4459 74.7756 1.68889
335 18.4469 99.7581 2.5385
336 32.0036 2.11132 1.92144
337 79.2447 76.8822 1.57444
338 33.8364 84.2818 1.67514
339 24.454 76.4711 2.91728
340 96.9915 66.444 2.35127
341 76.8985 81.9841 1.16169
342 82.3357 84.7483 1.59861
343 37.0622 89.3453 2.29073
344 28.4195 78.3287 2.59763
345 73.6689 14.1455 1.02492
346 79.2426 72.8664 1.23506
347 6.01528 49.505 -2.0969
348 70.8182 72.3418 -0.0609781
349 2.94209 38.7356 -2.49085
350 29.9085 86.2596 1.94812
351 47.1941 80.9916 1.94792
352 43.2456 73.4177 1.675
353 73.4356 19.1887 1.56703
354 17.7629 67.0369 2.66047
355 26.1227 69.5339 1.99745
356 30.7237 97.8822 2.41944
357 83.057 15.4542 1.59894
358 87.9077 82.7459 1.44601
359 13.5601 76.2032 2.07292
360 79.3336 94.2113 0.990912
361 6.53866 64.4668 2.45638
362 6.45542 86.7903 1.77243
363 23.7801 73.6062 2.61981
364 70.5893 24.5851 0.971428
365 25.9176 88.0744 2.40812
366 26.0218 96.6121 2.40915
367 30.4018 1.67147 1.78634
368 5.59605 72.0259 2.23479
369 61.8114 10.1611 2.1197
370 59.5656 17.8029 1.57004
371 79.1007 87.5886 1.63154
372 91.2406 78.7442 0.775034
373 26.6641 98.8407 2.28235
374 3.43459 96.0612 2.72036
375 29.9615 92.5321 2.44079
376 94.0224 82.0108 1.59336
377 53.9844 11.5617 2.38969
378 20.8468 82.6906 2.26355
379 29.7951 4.25619 2.13451
380 26.8976 75.1407 2.22107
381 7.6868 43.3937 -2.79302
382 13.717 91.0322 2.63552
383 74.9516 11.8655 1.3549
384 27.8981 92.1241 2.18804
385 75.2188 22.3327 1.45526
386 60.5877 31.1737 0.595118
387 11.3114 65.6013 2.33079
388 36.437 82.5419 1.94643
389 11.0731 74.2656 1.93853
390 74.2241 83.6333 0.991683
391 82.9631 82.0135 1.55124
392 10.86 71.6038 2.46733
393 36.7716 89.5173 1.63518
394 14.6992 94.2052 3.22651
395 88.1777 83.0968 0.753658
396 83.8978 93.2512 1.6199
397 11.865 97.2307 3.23235
398 59.5274 9.93057 2.53962
399 49.6331 78.8129 1.01115
400 77.2833 77.5356 1.34813
401 62.2721 8.91564 1.70337
402 20.1471 68.2561 2.05301
403 5.93444 82.0429 1.90496
404 22.2936 77.6484 2.33294
405 41.9693 71.8591 2.35289
406 81.7485 66.5087 1.18912
407 20.3472 95.1513 1.9342
408 6.27562 77.7473 2.36531
409 35.7345 1.29401 1.96828
410 79.1308 79.8971 1.74016
411 5.71013 93.7206 2.56821
412 31.5177 73.2004 2.46651
413 77.8825 79.8473 1.17535
414 34.4788 88.0179 1.78444
415 76.4833 13.44 1.42164
416 29.4158 94.968 2.55929
417 75.5997 77.2581 0.90813
418 85.8064 87.171 1.74801
419 72.3089 10.6641 1.43561
420 19.97 81.3031 1.83356
421 81.532 86.4626 1.56311
422 86.3064 80.4441 0.844704
423 29.7476 99.7633 1.7092
424 84.0658 91.1008 1.47095
425 20.5599 91.2482 1.93831
426 39.0319 1.27598 2.47231
427 0.309845 94.5782 2.66782
428 25.2754 81.4492 3.0053
429 33.5299 83.894 2.60454
430 42.4103 87.6046 2.09179
431 28.9566 91.0065 1.9536
432 80.5617 89.5084 1.45189
433 37.2986 1.65297 1.71938
434 18.8367 76.3193 2.66874
435 74.7557 22.9114 1.40488
436 47.2718 86.929 2.39792
437 14.1638 71.238 2.43819
438 19.663 4.68448 2.48358
439 30.4729 3.47708 1.72457
440 28.1487 69.9208 2.17761
441 80.749 67.0446 1.59044
442 19.9448 98.2383 2.08453
443 11.7368 62.2073 2.3786
444 29.242 89.3029 2.62826
445 3.59832 47.8037 -2.43294
446 80.2708 22.8447 1.76653
447 83.4472 70.951 0.969847
448 94.3384 81.7738 1.23851
449 30.4799 69.1407 2.17923
450 79.549 83.4216 1.41295
451 19.4398 70.3209 2.55631
452 2.45498 97.0283 3.01513
453 28.3509 73.6115 2.66013
454 98.7751 91.0829 3.01397
455 75.4753 12.7341 1.48262
456 73.5373 75.8038 1.05653
457 85.8209 77.8263 1.58578
458 97.849 77.4141 1.75813
459 80.5942 12.0349 1.05196
460 15.1205 73.7062 2.1532
461 66.5961 18.0421 1.6581
462 32.7066 90.0369 2.06306
463 90.7099 81.0172 0.813101
464 33.4957 90.9718 2.28048
465 81.1234 82.185 1.39099
466 34.2574 84.616 2.54708
467 31.8542 2.12345 2.59697
468 10.2802 73.0088 2.03844
469 48.9564 83.2269 2.05737
470 45.7359 72.2278 1.67555
471 24.9826 83.1516 2.26974
472 32.2793 89.8718 1.81807
473 28.6558 94.8114 2.54739
474 20.9821 42.8629 2.99083
475 84.008 69.5405 1.73455
476 83.8931 16.3156 0.71738
477 25.1562 75.0719 2.44312
478 76.6991 4.87035 1.7106
479 71.9317 13.0499 1.38934
480 92.1756 73.0994 1.07689
481 32.1681 97.349 2.04657
482 17.7038 65.7266 2.56945
483 77.9599 84.3224 0.916389
484 8.61825 77.0651 1.90332
485 4.4913 64.859 2.78536
486 30.1316 73.7543 2.71808
487 35.4027 85.5509 2.07448
488 48.1891 79.4712 1.43581
489 72.0769 10.6149 1.93213
490 78.3653 20.317 1.22269
491 24.3918 74.8327 1.98996
492 33.0888 93.0207 1.96902
493 27.4693 84.0916 2.82776
494 22.848 71.3147 2.16197
495 19.4661 82.3888 2.47329
496 13.0226 97.4897 2.75778
497 86.9456 87.3172 1.4332
498 36.8979 82.6421 1.6495
499 85.404 6.45269 1.32783
