500
Particles
0 78.7368 2.80056 1.84334
1 5.27533 81.4311 -2.52328
2 91.0477 39.7537 2.72543
3 57.8347 58.5197 1.82535
4 75.2539 18.759 2.10836
5 90.6283 67.5416 1.76556
6 91.9172 24.8213 1.63075
7 72.8313 65.6363 1.85072
8 41.4858 23.1383 1.86245
9 28.6835 9.3511 -1.70866
10 97.3348 7.11945 1.98447
11 86.7767 31.8352 1.82084
12 91.7473 37.1905 1.98618
13 77.0413 6.57169 2.32094
14 80.2961 23.0675 1.86352
15 78.3842 9.91402 1.88515
16 8.85764 13.8183 2.17413
17 79.8576 35.9387 2.45605
18 76.2511 29.4357 1.4684
19 39.3538 46.018 1.58324
20 57.3928 59.8054 1.49964
21 90.5542 23.1357 1.76579
22 95.2362 16.4217 2.2316
23 78.2671 14.4313 2.66493
24 65.5577 62.2312 1.67515
25 82.5924 8.43934 2.0679
26 90.1373 62.4748 1.38977
27 86.4634 29.9176 2.00214
28 90.0034 20.3592 2.13208
29 94.6283 37.2306 2.25042
30 51.4705 63.9777 2.23207
31 90.4257 16.785 2.34419
32 31.9251 52.2998 1.83548
33 65.0049 67.894 1.10328
34 83.9995 6.57814 2.41618
35 73.7997 32.0727 1.59761
36 55.7184 68.7925 1.3374
37 96.4456 33.6596 2.27297
38 85.7138 15.1611 2.24588
39 78.9674 15.4037 2.32841
40 87.8314 6.82067 2.18122
41 76.6447 14.6859 2.66014
42 99.1655 8.70386 2.48976
43 60.364 59.3147 1.76068
44 6.35698 84.9122 -3.05447
45 99.5135 8.36707 2.29475
46 87.6678 12.3249 1.91892
47 88.4288 57.2581 1.63178
48 94.6549 11.7076 1.93894
49 80.9031 98.4647 1.85123
50 83.1161 32.5979 2.612
51 97.4391 17.9273 2.30942
52 62.0601 61.0724 2.103
53 57.6112 69.0434 1.49061
54 80.3792 20.0293 2.11672
55 77.517 54.7694 1.44196
56 81.3131 21.6012 2.22886
57 96.9228 0.781715 1.79878
58 82.1311 25.5559 1.86243
59 82.8703 9.49497 1.8306
60 83.6859 29.7393 2.00192
61 95.0159 8.74848 1.69857
62 39.7987 19.5453 2.17065
63 10.6995 71.3217 -1.44383
64 88.2897 27.416 2.01958
65 85.4541 58.6682 1.13572
66 79.7317 32.9514 1.9585
67 82.6307 32.9384 2.63537
68 87.5135 55.2508 1.51758
69 0.375275 1.25222 1.74207
70 91.4316 28.3845 2.6383
71 88.2853 11.6999 1.86394
72 81.0142 30.0227 2.40775
73 96.1341 30.8359 2.41798
74 95.0986 4.15183 1.78318
75 72.4582 62.2958 1.96254
76 97.3351 3.79149 2.50118
77 94.4986 27.9109 2.40153
78 96.5126 39.9366 2.3686
79 82.6845 27.5449 1.80968
80 94.6255 9.08049 1.89413
81 78.9095 31.9632 2.42647
82 65.9232 30.5701 1.73987
83 71.6784 24.4934 2.17083
84 77.3149 52.1957 1.38973
85 94.9149 10.7973 2.0203
86 95.4821 7.87174 1.9638
87 97.1087 26.8785 2.31715
88 79.2559 53.5244 1.83202
89 92.09 2.93416 2.29298
90 62.4916 62.2643 1.48676
91 88.9167 16.3827 2.59207
92 95.024 24.4853 2.47655
93 72.6606 19.4925 2.41556
94 95.1424 10.2845 1.77968
95 44.0404 49.1269 1.75747
96 88.8789 26.4864 1.89351
97 92.6547 30.3088 2.01125
98 91.6489 3.70924 2.1834
99 94.539 23.8675 2.13621
100 66.1405 62.3619 1.44673
101 78.7574 29.2757 2.21415
102 97.4348 7.9561 2.25257
103 83.967 4.24337 2.3878
104 95.2729 14.2295 2.56512
105 63.5197 63.766 1.82478
106 80.8009 20.0229 2.05573
107 81.3517 11.5731 2.59706
108 92.1665 14.8503 2.13765
109 85.7909 27.0345 2.50148
110 75.3638 63.959 1.87849
111 97.4592 32.2181 2.18038
112 58.2469 57.6702 1.49218
113 92.3911 23.6682 2.47898
114 86.4634 30.2605 1.96275
115 90.6035 35.57 2.57888
116 95.0955 99.7197 1.38784
117 86.3615 13.8267 2.18874
118 44.8257 58.5504 2.42434
119 76.2739 22.6224 1.83597
120 81.4756 5.32005 2.28351
121 85.6674 69.1993 0.892468
122 91.9891 10.564 2.71303
123 68.9159 19.039 2.53096
124 87.8418 38.1442 1.99951
125 89.6583 50.7795 1.04254
126 5.44017 18.5457 -2.59714
127 73.5401 10.1167 2.64685
128 65.2593 61.6714 1.77259
129 84.4326 31.3156 2.05292
130 85.5877 17.1306 2.23917
131 96.8674 6.96652 2.20727
132 93.2699 52.5784 1.36326
133 92.2784 56.1622 1.20569
134 79.1992 95.8721 2.40575
135 95.2728 29.0584 2.12984
136 94.2594 1.96808 2.58749
137 90.7252 27.4623 1.88464
138 97.0067 10.2454 1.76721
139 83.6061 5.01803 2.30501
140 98.9736 7.82491 2.00313
141 82.8885 54.6329 1.69152
142 73.5793 22.7363 2.16504
143 35.0009 28.8735 1.92147
144 88.3908 27.5355 2.30368
145 84.0126 33.6342 2.20186
146 81.1696 10.0637 2.15627
147 62.7978 67.7953 1.37673
148 96.9119 30.3131 2.06554
149 76.2992 32.3906 2.00835
150 98.5834 9.28509 2.65244
151 34.2174 50.949 1.90786
152 96.208 4.23848 2.05554
153 94.6979 15.0545 2.43675
154 12.4811 14.05 2.48332
155 90.8488 57.8842 1.34269
156 45.0597 23.3742 1.91801
157 27.6285 35.8985 2.74486
158 89.0923 64.1616 1.46351
159 34.9684 32.7539 1.66321
160 61.0438 69.6848 1.22323
161 36.8513 33.8081 1.63126
162 77.2458 32.863 2.54133
163 78.9287 50.9068 2.22579
164 86.275 59.9448 0.906127
165 71.2741 30.0934 1.66622
166 79.2222 52.7739 1.92096
167 97.9838 30.9977 2.35993
168 82.555 28.7982 1.64057
169 86.3539 58.5114 1.46169
170 39.4988 66.1427 -3.08041
171 91.0795 25.185 2.27032
172 78.2789 6.36451 2.46898
173 98.5361 5.8296 2.22557
174 88.5861 63.5329 1.19494
175 92.6578 48.2568 1.7615
176 91.9204 40.1127 2.01216
177 85.6585 3.79841 2.81422
178 64.2871 60.579 1.94748
179 87.8731 19.2496 1.76924
180 91.9411 25.3019 2.30921
181 37.0765 27.7383 1.51988
182 83.9363 22.4154 2.40622
183 75.8105 99.9865 2.48346
184 95.5365 24.4028 2.07526
185 89.338 58.0767 0.885157
186 96.2966 12.6147 2.45951
187 47.9699 55.7265 2.18492
188 70.13 9.63871 2.39875
189 87.7643 35.7282 2.00469
190 90.0069 63.3995 1.65156
191 91.868 33.0341 1.76214
192 91.0755 98.9383 1.75152
193 97.1612 20.5653 2.18396
194 91.0971 6.14796 1.98475
195 89.3418 24.8755 1.96964
196 82.8923 2.60035 2.26792
197 96.067 8.04436 1.88305
198 94.1148 24.6813 2.07574
199 11.6314 64.5852 -0.151695
200 94.8476 27.0073 2.29415
201 93.8826 33.994 2.34498
202 60.8112 62.0693 1.94918
203 37.758 34.8305 1.53043
204 91.1726 61.2987 0.745349
205 98.2461 30.8179 2.54164
206 89.4786 6.65409 2.00198
207 84.1249 11.6888 2.31598
208 69.0034 34.1124 1.92302
209 45.7252 57.5683 1.91241
210 83.1145 31.1294 2.29742
211 95.0171 12.227 2.3664
212 91.5326 54.5324 0.837184
213 35.749 49.6465 2.07569
214 70.1327 7.3499 2.00313
215 83.752 16.0272 2.29708
216 99.506 10.524 2.5452
217 88.6635 23.7258 2.37705
218 82.5901 40.6298 2.10538
219 80.9693 36.5061 2.11347
220 95.2671 30.7895 2.4003
221 99.0249 20.6335 1.91037
222 94.8805 31.9956 2.08295
223 67.8024 64.6103 1.37549
224 55.7895 58.8363 1.32009
225 91.8199 37.1075 2.26601
226 11.71 10.9846 2.24667
227 96.5221 14.1984 2.25219
228 96.5148 8.72587 2.31612
229 97.2889 8.42693 2.00962
230 75.3882 8.92842 2.36775
231 85.1411 29.0315 1.81775
232 94.7937 20.9727 2.28932
233 86.9891 9.82754 2.26744
234 82.8493 4.77731 2.55692
235 81.1772 20.0182 1.91266
236 9.94506 9.1342 2.65984
237 90.2637 38.3286 2.31937
238 82.7638 21.5788 1.96879
239 73.0598 22.2259 2.10219
240 87.2838 29.6561 2.19623
241 44.8676 21.9647 2.08649
242 98.2309 14.9758 1.90579
243 95.0672 27.0757 1.88129
244 36.4807 34.7006 1.64249
245 97.2864 17.7256 1.81749
246 96.7575 10.4733 2.44609
247 89.3904 61.4707 0.711616
248 77.5082 22.5233 1.78038
249 93.2368 2.01429 2.33198
250 84.8698 30.3001 1.88189
251 85.0508 35.9815 2.43935
252 71.5939 64.7294 1.61159
253 53.8965 60.2522 1.98031
254 97.6315 6.78496 2.32938
255 78.2248 31.7312 2.29912
256 98.7588 14.1831 1.65776
257 95.1535 8.25886 2.44381
258 44.2007 26.9835 2.41028
259 82.0632 21.2435 1.9978
260 92.9047 65.83 1.16357
261 77.0209 24.0865 1.72817
262 99.2272 8.32326 1.75883
263 94.1301 20.2475 1.97769
264 62.7579 68.5317 0.896913
265 94.9119 6.47095 1.70667
266 86.2826 1.88391 1.94813
267 86.8559 28.4658 2.52027
268 81.1185 5.72674 2.69753
269 85.2009 31.7722 2.66223
270 83.3284 24.7123 1.79108
271 84.5914 23.6526 2.34525
272 31.5104 48.0491 1.72773
273 84.9067 7.01179 2.24949
274 88.738 13.7999 2.67233
275 96.8058 8.47913 2.29015
276 87.656 99.8109 1.8508
277 95.0273 24.2865 2.09528
278 -0.217807 82.2052 -3.0962
279 97.9008 15.3901 2.09669
280 84.8303 25.3471 1.89233
281 97.0954 12.8574 2.5156
282 79.2743 22.2426 1.74898
283 2.38089 32.3302 2.92657
284 3.54141 2.75648 1.93067
285 92.2119 27.6058 1.90389
286 73.5494 12.9272 2.53836
287 94.6844 10.1985 2.07173
288 52.1085 50.7653 1.67586
289 3.50405 3.33084 1.90238
290 88.41 10.5978 2.39885
291 69.509 94.0409 1.19728
292 90.1839 56.415 1.67263
293 86.8238 12.3805 1.88937
294 83.1497 20.5823 1.96061
295 88.5894 22.6443 2.13299
296 98.1512 25.5606 1.77443
297 2.97338 9.90487 2.91213
298 51.2308 22.992 2.0829
299 94.2539 33.991 2.42192
300 88.8362 6.78493 2.76778
301 81.7516 31.1192 2.31327
302 80.7958 4.39281 2.08603
303 96.4659 11.298 2.65123
304 7.08641 73.8644 -1.50369
305 87.1488 35.1078 2.60484
306 59.0117 64.7375 1.01815
307 89.5757 35.1222 1.72463
308 77.6424 26.7537 1.53884
309 87.2936 13.7542 2.06984
310 62.2944 66.3839 1.31765
311 81.0068 15.3562 2.3665
312 96.6227 18.1134 2.09172
313 37.0073 50.2848 2.0784
314 80.5122 35.024 2.61572
315 95.7484 13.8402 1.83732
316 93.8558 23.5698 2.4088
317 83.9399 26.5446 2.24585
318 90.643 36.3236 2.07692
319 94.5608 33.7338 2.10244
320 94.6612 31.0661 2.03295
321 79.6594 34.8451 1.92829
322 97.3814 28.2992 1.9438
323 81.1589 26.8521 2.27288
324 9.54435 33.4752 2.51289
325 0.0948658 11.506 2.86712
326 95.4258 6.21905 1.98737
327 87.2077 7.77051 2.70218
328 1.03036 28.2278 2.50969
329 55.8376 54.1824 1.88136
330 36.3675 48.78 1.95847
331 69.4851 68.5802 1.16005
332 39.2754 50.3998 1.46731
333 95.8201 25.9289 2.11131
334 77.1302 16.6445 1.72013
335 91.9661 32.6787 2.03565
336 97.5274 30.8639 2.59972
337 75.5267 20.1081 2.26009
338 -0.334484 11.4833 2.92937
339 94.5852 9.75229 2.29466
340 76.9276 4.41888 2.20085
341 73.5427 25.6186 1.91036
342 81.3085 28.6334 1.89213
343 98.7433 11.7002 1.87651
344 98.3823 10.8352 1.75511
345 74.8774 58.7375 2.21042
346 76.8505 15.388 2.56896
347 91.8277 66.6272 1.15255
348 70.3641 10.8372 2.44733
349 89.9365 61.0941 1.65748
350 97.0809 14.8461 1.76996
351 38.3739 23.9593 2.00691
352 8.02736 81.8394 -2.46019
353 66.9733 63.7676 1.94014
354 89.452 100.18 2.16311
355 97.2689 3.9255 1.73962
356 97.9917 27.2418 1.8867
357 89.1691 59.7745 0.779732
358 84.9749 25.785 1.63547
359 83.3363 8.73345 1.84979
360 78.731 36.7721 2.17897
361 79.5591 97.979 1.85463
362 88.5899 25.608 1.91174
363 96.1836 8.7071 1.82381
364 66.7754 69.1097 1.1576
365 91.4797 17.1922 1.94999
366 92.6373 26.1472 2.31209
367 96.5247 31.2644 2.44613
368 78.5857 7.35423 2.07021
369 40.1282 48.6217 1.5628
370 55.687 61.7611 1.09369
371 78.6551 31.3715 1.66838
372 85.5752 20.837 1.81924
373 94.8029 29.2208 1.8523
374 84.5148 34.1559 2.06878
375 96.8587 22.6908 2.46342
376 88.0852 25.3446 1.68765
377 32.2802 50.4506 1.31925
378 89.1875 13.5636 2.54241
379 95.8712 33.8833 2.20966
380 97.6 8.59953 1.91282
381 0.376478 38.9754 1.44876
382 90.7352 25.5258 1.70799
383 81.1167 56.4197 1.4532
384 94.6322 21.6348 1.73297
385 70.4896 66.3564 1.35496
386 54.9873 67.4552 1.75494
387 80.7182 98.0939 2.39452
388 1.05982 8.52693 2.33001
389 83.5745 9.17226 2.02844
390 71.3505 27.4666 2.02
391 80.6129 25.8982 1.66147
392 81.7684 5.66725 2.17125
393 -0.360242 14.1139 2.75731
394 89.2765 26.9217 2.47177
395 84.6921 26.3068 2.49773
396 82.1002 35.5712 1.84559
397 87.4846 29.9741 1.83035
398 37.0141 48.5347 1.80496
399 47.0746 22.134 1.97291
400 73.5229 20.8151 1.85892
401 42.5544 47.7642 2.38469
402 93.3285 3.77543 2.62871
403 90.5696 23.6627 1.67299
404 91.4083 10.2348 2.15993
405 5.89919 81.3921 -2.39569
406 75.8865 5.94043 2.35063
407 91.7756 27.6499 2.3179
408 83.0498 15.6435 2.12495
409 1.78885 30.5799 2.66539
410 75.848 23.0568 2.55213
411 88.3012 32.0778 2.0592
412 0.351794 5.38678 2.09795
413 74.4756 23.2993 2.60278
414 98.4486 13.5651 2.5631
415 85.0802 57.0638 1.64509
416 95.6095 24.1357 2.22949
417 72.2336 20.713 2.28511
418 84.5456 31.0012 2.09578
419 75.4506 55.3122 1.82007
420 85.773 9.58924 2.34257
421 82.2473 29.4354 1.6667
422 80.7906 23.3633 2.45764
423 95.536 28.4353 2.34645
424 80.1277 34.839 2.32465
425 90.0957 20.743 2.24873
426 4.65129 27.6766 2.5783
427 84.3108 34.5964 1.76198
428 92.581 11.7873 2.08755
429 98.3972 10.2245 2.51536
430 34.0109 30.3165 1.4699
431 97.2807 21.8026 1.63942
432 77.6184 32.4725 2.41706
433 2.71091 28.7131 2.75861
434 88.5578 9.1835 1.88916
435 69.6874 66.6439 1.84053
436 37.3261 29.3797 1.13418
437 83.5862 4.34547 2.78923
438 94.9577 39.2107 2.32601
439 96.3415 32.6455 2.60483
440 98.168 3.20399 1.97441
441 73.9294 7.01572 2.40161
442 91.045 30.6435 2.17465
443 10.1935 67.4537 -1.51746
444 96.0983 18.8426 1.67043
445 87.9462 65.9713 1.20103
446 74.2884 66.0227 1.36843
447 76.6553 12.6923 2.39471
448 87.0417 25.0674 1.75722
449 1.86596 3.92354 2.01975
450 77.721 27.3469 2.23985
451 91.1529 4.37024 2.19713
452 84.0818 35.6817 2.01047
453 97.9929 6.00287 1.87834
454 86.1154 32.5933 1.93649
455 82.0322 57.3509 1.13046
456 71.7732 18.3782 2.59158
457 81.7442 21.3358 1.94771
458 85.5464 19.2071 2.24281
459 91.2568 55.9526 1.60891
460 84.5612 6.04812 2.63593
461 59.3401 61.8043 2.00498
462 97.0122 16.5003 2.48542
463 85.1825 24.0794 2.11261
464 1.85011 22.2521 2.78096
465 79.0975 25.5759 1.81933
466 98.9818 11.0805 2.02957
467 97.6969 30.5226 2.74287
468 80.0043 5.94863 2.12263
469 39.0741 25.263 1.29504
470 8.35862 79.0268 -2.64729
471 91.2062 12.2841 2.14146
472 97.8885 17.915 2.19928
473 95.1346 23.9312 2.2057
474 14.8451 62.5217 -0.655586
475 77.6135 9.65894 2.47445
476 89.5386 60.1564 1.72212
477 96.2411 8.48949 1.87003
478 73.2109 37.1993 1.48663
479 73.3519 57.6735 2.17039
480 82.5895 16.2155 1.99812
481 -0.0509046 26.7603 2.49044
482 91.0077 1.14971 1.67328
483 75.2868 27.8415 1.73651
484 81.7211 11.2069 2.74657
485 76.6444 98.6354 1.87516
486 -0.242859 6.97359 2.19411
487 99.5447 11.8324 2.10397
488 43.1149 21.6231 2.41553
489 73.4502 55.4403 1.62178
490 73.8627 63.1754 1.6378
491 95.4895 8.90622 2.02769
492 97.9731 20.4434 1.85792
493 94.5932 14.2258 2.15525
494 94.8732 5.44627 2.48129
495 86.789 13.0169 1.93181
496 88.2793 29.5698 1.94639
497 82.2844 30.4861 2.01126
498 1.45925 8.76524 2.5224
499 93.0929 44.0312 2.26645
