500
Particles
0 47.7156 29.5759 2.26883
1 74.2992 22.3812 2.2149
2 56.4528 72.8672 -2.63318
3 59.4615 55.3952 1.69578
4 86.6533 18.7588 1.92083
5 56.2107 25.7235 2.89473
6 50.4096 43.369 2.38452
7 63.8249 66.2599 1.07281
8 74.909 29.2815 2.2899
9 75.2398 32.0992 1.99356
10 66.9758 30.4975 2.31571
11 52.8358 63.4158 -0.133341
12 51.2513 57.1105 1.95003
13 90.0453 10.302 2.43834
14 87.5597 21.3128 2.44186
15 3.14072 19.3838 -3.06396
16 71.661 32.6998 2.17663
17 81.8084 38.9387 2.11049
18 85.8212 28.7876 2.24269
19 58.776 50.3034 1.80648
20 56.7067 56.353 1.16303
21 41.2968 42.9718 1.53849
22 61.0567 38.4685 2.10697
23 91.2392 14.9608 2.80747
24 58.2139 59.924 1.5285
25 54.562 33.713 2.30614
26 55.8776 21.5948 3.14209
27 42.2758 65.3637 0.551346
28 52.6374 38.9755 1.92696
29 11.5772 12.1608 0.815249
30 56.7289 81.8303 -2.93014
31 58.1981 38.8087 2.16958
32 55.7099 54.7671 1.44581
33 58.5359 71.1589 -2.32426
34 58.031 33.8649 2.55422
35 82.4131 33.7539 2.43913
36 42.6229 82.0375 -0.0293426
37 52.8501 49.7898 1.35779
38 52.2513 35.7396 1.957
39 87.4891 16.0956 2.04138
40 60.7489 32.4495 2.87041
41 85.7948 16.0883 2.27458
42 69.3878 36.5126 1.83038
43 58.9756 56.2672 1.69369
44 73.3673 24.4877 2.46435
45 69.4916 32.7094 2.65007
46 58.5433 36.3408 2.08192
47 74.9563 55.9359 2.45245
48 62.0668 33.5952 2.34685
49 54.7135 27.8292 2.24593
50 90.4768 34.0437 2.47944
51 62.3822 38.653 2.43452
52 60.1032 58.266 1.69782
53 42.5811 81.5969 0.75399
54 89.8112 19.4957 2.34293
55 64.1126 51.7045 1.99182
56 91.6141 21.5454 1.84653
57 64.476 23.6994 2.30475
58 89.1404 25.2923 2.04723
59 52.9663 33.9322 2.91515
60 88.3713 31.7248 2.1728
61 66.1265 32.9908 2.00284
62 73.1401 27.6037 2.16658
63 72.5316 17.1743 2.30289
64 47.9758 48.2709 1.85475
65 66.6592 56.408 2.08577
66 85.3984 33.9642 2.46055
67 86.4669 34.2145 2.6658
68 65.225 53.5188 1.8374
69 69.4362 24.4324 2.91878
70 49.9333 46.8323 2.20692
71 58.0835 33.9125 2.73458
72 86.8843 30.0798 1.75784
73 54.0311 49.0699 1.19585
74 62.7286 25.5744 2.38605
75 63.3656 63.0018 0.665337
76 66.241 25.89 2.26721
77 51.6257 46.7151 1.57058
78 56.7403 19.4501 2.95768
79 90.5336 26.7177 1.76154
80 61.9087 29.6958 2.91876
81 85.4616 33.4554 2.45774
82 59.2281 47.2041 1.59987
83 85.5678 24.2736 2.24286
84 66.287 49.1113 1.79675
85 61.8355 31.2966 2.45738
86 63.4155 30.278 1.96972
87 56.5667 44.6998 1.94294
88 62.2246 51.4012 1.6381
89 60.5949 26.1353 2.02908
90 58.9762 59.9435 1.73667
91 57.3132 40.0547 2.43967
92 55.7394 43.2556 2.29789
93 84.1339 18.7632 1.99278
94 64.1044 32.8964 2.86326
95 59.3027 50.8652 1.13214
96 41.3215 46.1868 2.38767
97 53.0935 50.4681 1.2878
98 60.7901 26.6194 1.99632
99 55.5539 43.6244 1.78397
100 61.4822 58.6013 1.34041
101 88.0027 29.4769 1.97798
102 67.31 31.1337 2.60503
103 57.5716 30.4075 2.38125
104 63.6439 36.5541 2.61791
105 58.0396 61.2161 1.27463
106 88.6898 19.8715 2.61875
107 49.1127 35.4285 2.25128
108 61.8843 37.749 2.17411
109 94.9169 25.7362 2.41438
110 77.5013 64.0363 2.4668
111 53.561 48.8993 1.97498
112 57.4823 54.9209 1.71093
113 51.398 41.9463 1.9883
114 43.1594 53.0926 1.02909
115 51.2327 55.9399 1.75594
116 63.4376 22.1708 2.34753
117 56.6345 38.1621 2.36907
118 55.4487 56.9311 1.30113
119 89.2961 21.3522 2.62975
120 53.7752 31.6274 2.80795
121 79.7816 31.5524 2.56793
122 63.5596 34.6055 2.10236
123 81.6582 25.7851 2.25367
124 84.8196 100.132 1.97361
125 65.9271 51.6238 1.26684
126 70.6467 42.0603 1.93941
127 87.266 13.1115 2.09073
128 60.1293 59.765 1.5573
129 52.3086 77.0271 -2.34035
130 52.4338 38.6798 2.62754
131 63.9317 27.6819 2.03865
132 68.5448 53.0225 2.12763
133 68.7578 54.8282 1.23536
134 54.9678 26.9891 2.09795
135 54.4006 47.4279 2.0206
136 61.3272 24.8734 2.93444
137 48.0481 48.282 1.41338
138 64.8632 31.9891 1.88649
139 56.0917 30.7832 3.00217
140 67.6418 29.7958 2.59691
141 65.1465 53.4195 1.24457
142 86.7827 22.5386 2.62321
143 72.9829 35.9798 2.25348
144 47.9108 51.3414 2.01065
145 52.1533 76.7815 -2.72552
146 51.7609 35.4584 2.83383
147 57.0721 68.8451 -2.00475
148 56.3152 47.8951 1.62957
149 85.6014 32.7561 2.62889
150 69.6327 33.374 2.13112
151 57.8003 53.3494 1.92192
152 63.9536 25.6808 2.92552
153 61.0366 36.2611 2.15673
154 73.1666 34.6733 2.42869
155 70.8343 56.5167 1.306
156 79.5722 30.4005 2.0266
157 68.6596 43.1302 2.78268
158 54.7536 23.0206 3.10627
159 74.3227 40.2616 2.5713
160 60.0867 74.0398 -2.44021
161 71.0516 38.6467 1.86526
162 84.0733 34.3009 1.89013
163 62.9271 49.827 1.42356
164 63.4721 59.6537 1.75012
165 82.3241 32.3216 2.14648
166 63.1115 50.2581 2.08419
167 55.272 50.8366 2.07537
168 87.4478 27.832 2.30134
169 63.0261 57.7162 1.46213
170 75.8862 15.6561 2.44868
171 49.7057 43.5432 2.20315
172 47.4319 32.4775 2.09579
173 69.0063 29.5618 2.60579
174 55.7324 23.8272 2.16957
175 67.6956 50.5343 1.50912
176 4.90418 30.1126 0.0707339
177 58.2526 29.8989 2.2522
178 60.1363 58.7895 1.58939
179 52.6583 39.5161 2.03546
180 51.8203 43.3878 1.91885
181 74.9638 33.1356 2.52275
182 93.1631 21.7355 2.54548
183 49.6574 30.4018 2.33227
184 57.7147 43.8385 2.34169
185 66.0208 56.9624 2.11166
186 66.0463 36.9746 1.86399
187 57.9205 54.6222 1.36503
188 80.9927 22.0727 2.73248
189 57.2923 76.4549 -2.48116
190 55.1975 23.7343 2.13996
191 50.7067 52.7751 2.1279
192 60.7237 24.1203 2.16587
193 59.9176 39.9857 2.23323
194 60.958 28.6991 2.45492
195 45.7115 44.4413 1.884
196 56.6545 29.8543 2.03892
197 62.7076 28.0405 2.27815
198 55.5002 43.391 1.80724
199 55.5523 25.133 2.28856
200 54.1899 46.4038 1.42517
201 10.9335 10.0525 0.88826
202 59.9239 59.3404 1.09336
203 74.8997 42.2991 2.61244
204 56.5962 22.9121 2.521
205 55.3031 48.8351 1.682
206 59.9158 29.8626 2.08478
207 54.5512 36.1724 2.53321
208 61.545 47.9826 1.99784
209 56.4321 56.3889 1.08832
210 88.5028 30.5939 2.47411
211 62.711 34.5541 2.61841
212 68.1165 54.3398 1.90471
213 58.6424 51.5951 1.70743
214 78.7479 20.4697 2.3528
215 50.5408 38.639 2.32961
216 69.4058 37.1644 2.22742
217 46.7216 42.7197 1.50378
218 75.7906 51.2126 2.63972
219 83.1499 38.7609 2.51557
220 53.4736 48.9049 1.64212
221 63.441 40.5723 1.99959
222 52.8054 49.9385 1.75172
223 59.4365 63.4802 1.07665
224 58.8812 55.8073 1.74839
225 54.0817 62.5824 0.113136
226 71.9804 31.3371 2.86481
227 65.3662 36.9811 2.14718
228 65.0391 30.6313 2.00594
229 67.3787 32.0928 2.20354
230 91.8797 13.1985 2.24407
231 91.4224 28.9775 1.79068
232 58.8446 42.1677 1.84878
233 57.8397 33.2353 2.54291
234 54.8201 29.6553 2.57392
235 91.7037 19.1459 2.05259
236 71.6119 29.9974 2.36113
237 58.2055 76.8548 -2.64138
238 92.1093 20.0302 2.07824
239 85.096 20.6921 2.56404
240 45.9309 52.6762 1.85731
241 75.416 28.335 2.36606
242 65.5121 39.7124 2.91257
243 54.472 45.5353 1.59741
244 73.7855 40.2789 2.40427
245 62.8077 38.6581 2.62745
246 65.6436 31.7629 2.68349
247 86.8989 7.69284 2.56214
248 86.6386 22.0719 2.19951
249 61.7444 24.5807 1.99568
250 40.5191 67.7543 0.493658
251 54.3263 75.8474 -2.38693
252 61.3045 64.653 0.858035
253 56.5413 57.683 1.60784
254 64.7761 28.66 2.46355
255 85.0855 32.2017 1.90517
256 66.1348 37.558 1.87448
257 64.504 30.8849 2.41117
258 78.524 32.9345 2.69493
259 92.1942 20.6869 2.4392
260 57.0614 25.2027 2.6069
261 89.7684 23.3636 2.13609
262 69.7735 33.9916 2.06
263 57.772 40.2902 2.37553
264 57.9758 70.9578 -2.19504
265 62.6507 27.9641 2.34496
266 58.92 28.8888 2.7118
267 44.0446 49.0412 1.60501
268 55.2598 32.3082 2.44133
269 43.1449 69.695 1.10314
270 91.1269 24.683 2.03235
271 95.1617 22.8004 1.6905
272 57.6055 51.6433 1.97734
273 56.3819 31.199 2.86397
274 59.4754 36.9308 1.99843
275 65.0784 29.7295 2.61388
276 58.9322 27.3191 2.33009
277 53.9711 42.726 2.22454
278 70.4145 20.0478 2.03786
279 65.8986 40.422 2.78577
280 91.6719 24.1557 1.6874
281 65.0621 34.4858 2.81999
282 89.3003 20.6273 2.58128
283 53.3317 55.2991 1.60886
284 68.3854 22.9579 1.97229
285 50.9155 47.0435 1.63578
286 84.4544 14.9878 2.82276
287 62.0861 31.1215 2.54983
288 60.1903 51.7743 1.84332
289 69.7764 24.6881 2.32463
290 58.6695 34.3162 2.19931
291 77.7148 24.8935 2.15649
292 62.8317 56.7448 2.08822
293 57.7533 36.2541 2.15346
294 93.1776 20.069 1.86498
295 2.85174 48.3911 0.523429
296 58.4911 44.7085 1.79311
297 70.7256 33.1256 2.16032
298 79.2589 27.459 1.81666
299 52.2597 51.1422 1.51391
300 60.8628 31.2522 2.47807
301 88.2993 32.3699 2.56382
302 52.0567 29.8809 2.87739
303 65.1242 33.1468 2.12306
304 71.9772 18.1795 2.37264
305 57.4831 75.2118 -1.86981
306 54.1671 63.3831 -0.455211
307 57.968 75.311 -2.7007
308 91.0307 25.6878 2.6072
309 57.7059 37.5898 2.27983
310 56.9535 64.4093 -0.0113289
311 94.7987 16.2264 1.85464
312 62.116 38.5238 1.9259
313 55.962 52.5565 1.9046
314 84.2649 37.2257 2.58637
315 62.4847 34.2707 2.6501
316 55.2492 44.5014 2.26775
317 89.7479 26.3092 2.44301
318 52.9727 58.1662 1.12252
319 51.8284 51.3127 1.66528
320 53.5645 48.8757 1.40376
321 82.308 36.6982 1.92098
322 54.9507 46.4944 2.15189
323 88.8494 26.4863 2.29525
324 67.0504 17.7244 2.66027
325 70.3236 37.335 2.12105
326 64.259 28.4066 2.57258
327 61.3731 33.7856 1.97687
328 58.8351 45.9939 1.77157
329 61.0065 52.5796 1.27093
330 58.9558 51.301 1.18228
331 62.9121 67.1394 0.500499
332 58.7344 52.8391 1.34193
333 56.582 44.3748 1.40163
334 86.5077 18.1193 2.47935
335 49.7956 51.6547 1.82274
336 55.0525 47.7694 1.73574
337 85.2629 18.95 2.00342
338 67.0739 35.5418 2.22587
339 65.3191 34.3871 2.22198
340 37.3087 43.7675 1.86279
341 86.1948 25.5709 1.8997
342 87.3022 28.1605 2.54678
343 67.891 38.8746 2.46966
344 66.6562 33.1548 2.46197
345 61.3428 56.299 2.0434
346 81.5643 15.8165 2.09269
347 56.0634 23.0087 2.41375
348 81.7179 22.3608 2.33612
349 55.9582 19.8452 2.64653
350 63.2806 37.48 2.81936
351 76.4663 30.5919 2.38288
352 73.542 23.3405 2.59357
353 59.1657 62.3181 1.09402
354 61.3327 27.6067 2.46964
355 66.9453 26.931 2.19795
356 56.9609 46.593 1.49021
357 76.4325 59.1904 2.38245
358 91.5033 25.7289 2.2241
359 53.9689 32.992 2.5266
360 77.5957 39.8873 2.10449
361 52.5915 27.5365 3.04369
362 44.272 46.7471 1.90173
363 64.1267 29.6793 2.25261
364 60.2125 71.2393 -2.23791
365 59.0397 38.7284 2.34542
366 52.7999 45.7658 1.86467
367 54.1373 49.4453 1.78755
368 49.8414 33.5045 2.09108
369 59.0028 51.4694 1.19873
370 55.6338 59.0839 1.70122
371 85.4955 32.1155 2.61334
372 96.3827 21.3539 2.22717
373 53.65 47.6601 1.57375
374 56.613 77.1773 -1.96685
375 59.0728 41.047 2.27572
376 96.2321 24.3557 1.77993
377 56.8863 52.9174 1.9512
378 58.8058 37.1877 2.21569
379 53.5322 51.9883 1.44388
380 65.9387 30.7543 2.87045
381 59.1363 21.3379 2.12292
382 45.9739 44.4796 1.97628
383 63.4434 53.8031 1.19158
384 59.4521 42.6051 1.85802
385 60.6927 66.9769 0.733406
386 43.7816 80.3642 0.425756
387 55.2917 26.2531 2.86194
388 70.6883 34.5269 2.0567
389 52.7679 31.859 1.9674
390 82.6559 27.3686 2.48643
391 90.0334 24.5456 1.98989
392 52.0437 28.7387 1.94954
393 67.1913 39.1145 2.48526
394 46.466 46.8878 2.06542
395 91.1015 26.6424 1.73943
396 84.423 38.2381 2.14801
397 49.9561 55.5753 1.91653
398 58.0256 51.3453 1.6486
399 78.6409 29.0295 1.98362
400 85.1154 20.6976 2.22012
401 60.4308 50.3296 1.93251
402 61.7408 26.95 2.13953
403 42.1942 42.268 1.73444
404 61.9545 33.7541 2.10089
405 72.6348 22.4014 2.17669
406 89.6827 11.2683 2.50365
407 48.3655 45.0615 1.91519
408 49.6882 38.0654 2.01371
409 56.5274 48.2006 1.97974
410 85.1299 22.0519 2.20793
411 45.5723 54.2818 1.26914
412 71.8308 29.3325 2.44377
413 86.989 22.7258 1.75435
414 66.5363 38.4932 2.52881
415 61.828 56.266 2.00435
416 57.4416 43.317 1.43067
417 82.2421 19.3453 2.5625
418 89.5305 29.7757 1.79754
419 62.3809 52.7831 1.1469
420 56.7925 34.8926 2.25955
421 86.3754 29.4032 2.11463
422 91.0137 23.2562 1.87961
423 55.2359 47.7569 1.56803
424 88.5846 34.4808 1.69599
425 49.4054 41.4963 1.67217
426 54.2663 53.0692 1.59612
427 53.9117 77.3269 -2.4595
428 63.4499 36.0966 2.21035
429 68.0607 35.4315 2.69099
430 71.3769 35.8926 2.0572
431 59.9927 41.2418 2.07664
432 85.804 34.3916 2.50164
433 55.9824 50.8279 1.3423
434 59.0058 32.9055 2.62359
435 61.1774 68.2937 -0.384979
436 74.4557 35.348 2.39363
437 57.1898 30.3254 2.52147
438 10.4017 13.0291 1.05596
439 54.723 50.5219 1.42946
440 66.3391 25.1253 2.19816
441 88.4895 11.1595 2.38121
442 47.8199 47.6393 1.79711
443 58.6831 25.9026 2.60733
444 61.9152 39.6373 2.11581
445 55.04 23.4855 2.57929
446 67.5732 65.8729 1.80014
447 87.5527 14.5202 2.2634
448 2.83909 42.0597 -0.378335
449 68.6228 24.4702 2.83817
450 88.3018 26.618 2.44377
451 61.821 28.2228 2.59124
452 55.4909 78.0226 -1.9408
453 67.9808 29.8046 2.7746
454 52.9311 76.7547 -2.26296
455 64.6975 54.3944 1.41928
456 82.1247 18.8986 1.98015
457 92.2726 20.4859 2.03926
458 33.7382 42.1278 2.59224
459 66.3979 54.3533 1.94395
460 57.0394 31.7912 2.84649
461 57.6085 59.6345 1.74686
462 64.3164 40.2996 2.45582
463 93.9725 23.6644 1.6786
464 65.4338 41.1612 1.9951
465 89.179 25.6187 2.51248
466 67.2309 35.1837 2.21322
467 53.6686 48.6915 1.39501
468 52.4535 31.8996 1.95499
469 76.0405 31.6048 2.64773
470 76.6947 23.0234 2.16089
471 63.2994 37.4879 2.84864
472 63.3291 39.3249 2.73445
473 54.3247 43.1034 1.52587
474 4.96624 19.8128 -2.61068
475 88.2407 13.5472 2.10529
476 78.8779 60.0135 2.45733
477 62.8205 29.4483 1.94972
478 64.9956 47.846 1.37135
479 60.7387 54.8566 1.19209
480 99.4347 17.7613 -2.25311
481 59.2263 45.3055 2.24744
482 61.9332 26.8905 2.76693
483 86.992 27.6128 1.92338
484 51.2944 35.4995 2.49677
485 50.6657 28.5287 2.83281
486 70.5269 30.2147 2.47375
487 68.856 36.3262 2.66391
488 77.1639 29.5191 2.76048
489 63.6567 52.2249 1.96092
490 60.2376 64.6081 1.05642
491 64.6807 31.0458 2.42452
492 64.7467 43.1497 1.92186
493 62.4663 36.8423 2.89898
494 64.0531 29.2681 2.49922
495 56.679 36.4856 2.48234
496 48.8489 52.5643 2.22953
497 91.8414 31.3208 2.13695
498 71.1804 33.9312 2.07824
499 74.4833 52.5318 2.76756
