500
Particles
0 73.2905 2.97539 1.1712
1 6.50529 4.75633 2.18589
2 87.04 94.4034 -3.44111
3 58.9334 18.1484 1.64038
4 9.73199 90.1955 2.28937
5 88.3064 6.76159 2.23411
6 53.4136 6.52984 1.44906
7 41.2934 49.5707 -0.275678
8 7.66199 11.9764 3.23809
9 7.64145 14.6352 2.85356
10 97.189 8.99611 2.61853
11 23.9305 51.8293 1.04087
12 52.1991 19.8013 1.94297
13 9.92852 80.3611 1.70742
14 10.3532 91.9381 1.61556
15 18.9848 29.4225 1.51723
16 4.14331 15.1589 3.12932
17 1.29865 50.2103 -1.40292
18 13.1218 3.37718 2.76569
19 71.4751 15.3188 1.56771
20 56.9609 19.0124 1.4439
21 46.7463 6.62922 1.05253
22 91.7441 16.9913 2.44249
23 13.9107 86.2565 1.70783
24 59.996 22.5022 1.7109
25 84.9256 12.436 2.09774
26 88.3015 3.83147 2.88598
27 14.7192 43.5185 1.22401
28 71.3928 7.42256 1.90604
29 14.6422 80.7966 1.56792
30 88.6988 99.7482 -2.80324
31 87.4941 16.603 2.30088
32 57.4065 17.1658 1.48554
33 89.3915 92.0242 -3.00418
34 90.2271 14.8948 2.35457
35 13.24 13.4819 2.49544
36 17.5916 55.7243 1.54772
37 53.5164 12.4621 1.68122
38 79.3183 10.0248 2.21388
39 11.185 87.634 1.57912
40 92.8911 13.2368 2.08805
41 9.33448 87.4579 2.22959
42 99.2381 14.4408 2.81832
43 59.3834 18.8737 1.67527
44 5.95623 7.31973 3.11115
45 0.915765 13.6132 2.48576
46 89.6691 16.0962 2.69286
47 95.4406 27.3738 2.71835
48 93.7207 13.8135 2.84398
49 86.2049 8.19228 2.61919
50 21.2332 15.9165 2.03051
51 93.6685 19.5673 2.20722
52 56.6122 21.1577 1.60826
53 18.0518 54.1679 1.218
54 13.1578 91.1818 2.23491
55 82.1838 21.0129 2.83078
56 16.5312 94.2229 2.0138
57 96.4624 5.22962 2.6044
58 13.635 97.5728 1.78881
59 82.7987 11.9584 2.37454
60 18.4461 10.4103 1.96677
61 97.8718 13.6899 2.60047
62 5.63427 9.33257 2.72898
63 4.74596 0.493037 2.215
64 49.4759 10.9371 1.84594
65 81.5599 24.5918 2.34768
66 16.2821 12.2066 2.28786
67 17.2861 13.1673 2.7954
68 78.7276 20.0631 2.76815
69 2.91626 7.92286 2.89582
70 53.0032 9.39457 0.965627
71 88.7538 13.1864 2.93749
72 16.7718 7.88861 2.4235
73 55.8968 11.7634 1.69638
74 94.8352 6.05898 2.86419
75 61.9472 26.5991 2.12503
76 97.7176 6.20274 2.60811
77 52.6987 9.24923 0.945973
78 89.0522 2.20137 2.77509
79 16.7552 0.548469 1.58813
80 94.0525 10.6461 2.57308
81 15.8073 11.8935 2.42616
82 74.325 13.506 2.54502
83 10.5507 96.6692 1.64899
84 86.6256 20.53 2.37511
85 92.8237 10.0603 2.15394
86 94.6519 9.73368 2.95904
87 74.7904 12.7099 2.20457
88 71.4801 15.6551 1.64066
89 92.8499 7.5482 2.84072
90 56.7509 22.7665 1.79762
91 84.6518 15.2258 2.70066
92 75.4778 12.2831 1.89839
93 11.546 93.6911 2.47244
94 94.9156 11.7743 2.43102
95 59.5875 13.5271 1.50778
96 46.6606 9.67242 1.67381
97 54.9011 13.2521 1.99208
98 91.9891 6.40402 2.05891
99 72.4419 10.4595 1.94804
100 59.0068 21.5197 1.63207
101 15.2352 4.50019 2.45296
102 98.1272 10.6552 2.30867
103 88.7479 10.6726 2.1106
104 94.5114 15.5144 2.55511
105 54.526 24.1014 2.12084
106 13.7696 92.746 2.46331
107 71.4894 5.70865 1.14276
108 93.2134 17.2267 2.75151
109 18.7904 97.1715 2.37085
110 74.9741 61.439 -1.47908
111 54.7036 11.3441 1.77449
112 56.4919 17.7647 2.16293
113 57.9126 5.49728 1.12253
114 46.5143 15.7483 1.36042
115 52.4261 18.9261 1.37196
116 95.9569 4.50775 2.46165
117 85.3977 15.0329 2.15437
118 54.1592 19.7345 1.38417
119 13.2678 92.9677 2.54144
120 85.8397 12.243 3.00222
121 10.8997 13.1443 2.5115
122 93.9909 13.341 3.03795
123 10.5169 2.64954 2.38008
124 6.62657 76.5874 1.60182
125 81.0606 19.7533 2.54207
126 1.15422 20.887 2.52744
127 8.15313 83.1775 1.5126
128 59.906 22.8922 1.58728
129 74.8803 97.6836 0.262155
130 74.1285 8.35979 1.65252
131 96.0095 8.30888 2.70629
132 89.0927 24.3731 2.94978
133 88.6488 26.9907 2.23121
134 86.9836 7.85457 2.21969
135 57.2245 10.1503 1.35934
136 94.2014 6.71512 2.44401
137 52.7868 11.1288 1.78259
138 96.7799 12.8025 2.85476
139 88.0654 12.3931 2.82645
140 99.4522 10.8578 2.47468
141 83.3421 22.6536 2.03643
142 14.254 97.2249 1.95352
143 3.73653 15.1356 2.53164
144 52.0193 14.3673 0.931523
145 72.6222 97.9161 -0.423841
146 74.8772 6.63444 1.36886
147 86.8567 90.2925 -2.6609
148 64.957 11.5627 1.23651
149 15.6245 10.9275 2.04734
150 0.643204 13.5856 2.84069
151 58.1 15.7554 2.13934
152 95.8581 6.22687 2.7496
153 92.466 16.0632 2.17523
154 3.2474 13.9903 2.63548
155 90.439 28.2676 3.1437
156 12.127 13.0211 2.20433
157 98.3448 20.5938 1.97773
158 87.1953 5.02397 2.99226
159 5.92081 21.7922 2.47314
160 89.1211 95.787 -2.54718
161 1.46341 18.3135 2.64338
162 16.5439 16.349 2.59914
163 78.5356 17.2202 2.10921
164 59.8976 43.8105 1.37959
165 12.6696 11.2114 3.01343
166 75.3122 16.1342 2.54003
167 57.8724 13.6156 1.65245
168 15.1846 2.95598 2.26789
169 62.7245 20.2084 1.50837
170 3.57592 95.6944 1.91851
171 52.9556 6.23023 1.64851
172 69.7949 3.64093 1.01891
173 1.32866 11.5849 2.72229
174 87.8422 5.85112 2.37385
175 87.4895 21.4007 2.19076
176 14.423 29.9967 2.19985
177 90.5662 11.8527 2.71409
178 62.05 21.4625 1.36133
179 71.3471 7.5343 1.26171
180 57.1979 6.77067 1.7276
181 6.73236 14.6353 2.42907
182 17.7155 94.6376 2.10085
183 77.5862 5.64252 2.42257
184 78.3892 13.7444 2.37176
185 86.5273 28.3058 2.35213
186 95.753 14.891 2.2218
187 58.8082 17.163 1.36008
188 8.08674 97.4156 2.50365
189 89.0285 96.2274 -3.09864
190 87.4475 5.38527 2.64064
191 52.1481 15.3859 1.73767
192 93.0513 5.40457 2.86434
193 89.7368 18.2146 2.40422
194 91.7461 7.78663 2.12418
195 50.4394 7.86379 0.993742
196 87.9882 9.28862 2.87958
197 95.4374 10.2698 2.06439
198 74.5662 12.055 2.41218
199 88.7035 8.38024 2.31833
200 54.2996 9.23241 1.48546
201 13.1574 79.0201 1.23872
202 58.1225 22.2046 1.45015
203 5.26124 22.9504 2.368
204 89.2428 4.50629 2.95657
205 58.5213 11.6018 1.50171
206 91.8284 11.1183 2.92926
207 84.6339 14.4305 2.32387
208 80.7814 16.5899 2.94066
209 55.8461 19.0227 1.94712
210 18.173 8.23985 2.6215
211 93.6125 13.9896 2.72776
212 87.1136 24.7637 2.03829
213 60.9864 14.1346 1.83548
214 7.48919 98.2524 2.20798
215 65.6366 4.92182 0.998522
216 0.828466 17.2138 2.4813
217 50.3835 5.97478 1.23541
218 97.4151 24.3504 1.95505
219 3.4537 49.6621 -1.3922
220 56.7117 12.0274 1.51814
221 94.393 19.6625 2.40283
222 54.4097 12.478 1.38228
223 53.3362 27.5216 2.29006
224 58.8667 18.558 1.55714
225 24.5347 51.9483 0.902986
226 4.33751 13.2968 2.77238
227 95.0434 14.4282 2.21936
228 96.0695 9.65218 2.9994
229 98.5627 11.8864 2.84066
230 10.9474 82.225 1.58306
231 22.2178 9.08133 1.98242
232 86.0395 17.55 2.60144
233 89.7812 14.2203 2.12149
234 87.5736 11.6935 2.8078
235 14.8316 90.9012 2.17304
236 4.11685 11.8741 3.12626
237 90.1155 95.5769 -2.98978
238 14.6854 90.8416 2.3573
239 9.99918 93.4051 2.45507
240 50.4009 15.5688 1.38695
241 7.42217 9.04841 2.52634
242 95.0438 16.8488 2.02044
243 56.5619 8.33649 1.92675
244 3.86878 19.2538 3.23052
245 94.1603 18.4656 2.39743
246 96.8694 12.097 2.5376
247 3.02145 88.1507 1.56716
248 12.2026 95.3664 1.7066
249 93.0171 4.60604 2.39205
250 11.6193 46.5131 1.98298
251 85.6298 96.6319 -2.65101
252 38.9231 48.8029 -0.572072
253 56.8665 20.2549 2.1753
254 96.8111 10.1865 2.31915
255 15.4763 10.9659 2.72778
256 97.2026 16.988 2.81093
257 96.1691 11.1424 2.42666
258 9.82193 13.7796 2.12342
259 16.1375 92.3719 2.32781
260 90.042 7.49162 2.58057
261 14.7449 96.1242 2.19908
262 0.677261 13.6016 2.31938
263 87.1615 17.6332 2.61446
264 89.0573 91.0862 -3.13195
265 93.3156 6.78903 2.14202
266 91.6695 10.9529 2.13681
267 48.5961 11.9318 1.39806
268 88.2566 15.2464 2.5147
269 15.0007 46.6999 1.69812
270 16.1536 97.7929 1.57357
271 18.3149 93.956 2.17663
272 61.1744 14.2884 2.08277
273 87.4603 10.5607 2.14122
274 89.2584 14.4575 2.5217
275 96.5059 10.4357 2.71341
276 91.1156 8.56186 2.76259
277 66.8787 8.00508 1.59444
278 2.76174 3.25346 2.37164
279 96.5039 19.4786 2.25241
280 15.0747 95.9493 1.77816
281 95.9143 12.9094 2.18219
282 14.3916 92.879 2.48291
283 53.8581 17.9553 1.51808
284 1.57375 6.42419 2.13627
285 54.2084 9.68703 1.79046
286 5.67298 86.3698 1.79166
287 94.9683 13.4971 2.60859
288 67.0409 15.0882 1.82544
289 2.04857 6.36013 2.74956
290 90.6623 15.4065 2.46992
291 8.42935 5.87945 2.62231
292 62.8238 19.4556 2.05801
293 88.0527 14.3963 2.14775
294 15.1921 90.7712 1.6592
295 1.00427 25.9547 3.11891
296 80.2215 15.0854 2.66417
297 2.27245 14.3929 3.23499
298 10.3153 7.75647 2.39107
299 55.7 13.7606 1.25938
300 92.3957 11.0773 2.55824
301 18.1046 10.0571 2.03532
302 82.5359 9.18703 3.02881
303 96.2006 13.2543 2.38992
304 4.38144 1.67601 2.91618
305 87.9243 96.8553 -3.03749
306 23.2433 52.6663 1.27421
307 89.1243 95.386 -3.39496
308 15.3137 97.2825 2.48945
309 88.9607 17.5941 2.7928
310 26.0108 52.0533 1.23331
311 12.5718 84.5607 1.59027
312 92.7408 17.3644 2.65808
313 58.8309 15.4051 2.06785
314 5.41328 24.3367 2.50409
315 93.9268 14.4218 2.67684
316 57.5212 7.74652 1.26148
317 16.1209 100.226 1.68682
318 52.8688 21.2571 1.40042
319 53.0563 14.4562 1.44908
320 53.8603 11.6077 1.07628
321 3.39973 47.7785 -1.77793
322 57.1074 9.40227 1.91327
323 15.3814 100.33 2.17131
324 95.7292 0.493129 2.67293
325 0.508702 15.7167 2.376
326 95.5926 7.6497 2.74992
327 91.9803 13.0193 2.13212
328 77.6549 14.9517 2.21507
329 62.3785 15.2013 1.77804
330 59.4048 14.447 1.40394
331 81.9698 64.9951 2.87518
332 59.5683 15.659 1.45729
333 73.2957 11.8278 1.86278
334 10.1305 89.9151 1.99923
335 51.9477 14.3418 0.943778
336 56.7187 10.6273 1.90542
337 10.3802 91.8456 2.4741
338 98.5957 15.3447 2.4788
339 95.5842 12.9848 2.19357
340 45.2338 7.86433 1.18169
341 10.8462 97.8589 2.32127
342 15.1568 3.45372 2.14206
343 98.5891 17.5076 2.02807
344 97.8973 12.5188 2.40208
345 61.9818 19.0247 1.47351
346 7.5735 89.8672 1.85566
347 88.2163 5.63323 3.02858
348 8.0018 96.4262 1.96919
349 87.9241 1.50381 2.17819
350 94.5099 17.0917 2.93134
351 9.47685 14.4164 2.71933
352 5.4043 4.71235 2.26551
353 57.119 25.1252 1.42521
354 93.25 8.6109 2.04103
355 98.7316 7.4953 2.10572
356 70.5716 11.927 2.26291
357 97.1527 29.3849 2.6566
358 17.763 99.2957 1.9947
359 85.5614 13.3732 2.32194
360 7.9423 19.116 2.44659
361 84.4577 8.304 2.88618
362 49.1299 9.75264 1.81599
363 95.5374 9.29523 2.64535
364 90.2037 93.3182 -2.72393
365 90.6547 19.5049 2.89608
366 54.0824 8.79742 1.69753
367 56.9932 12.5889 2.03345
368 75.108 6.49858 1.96832
369 65.4016 14.4534 1.46431
370 54.4055 21.8671 1.67203
371 15.655 10.0464 2.52555
372 16.1198 89.877 1.68195
373 54.4241 10.5842 1.34686
374 88.445 95.7059 -3.11267
375 87.8205 18.1391 2.96012
376 18.5195 94.858 2.46701
377 57.1655 15.6711 1.80099
378 90.2598 17.2903 2.98324
379 56.2783 14.34 1.22418
380 98.4741 12.0323 2.09045
381 90.7661 1.6381 2.6281
382 49.776 7.25862 1.47385
383 67.431 16.6279 1.89372
384 85.3506 16.0523 2.20809
385 30.0281 51.6883 0.538981
386 18.4503 54.2507 1.32976
387 88.4634 9.06329 2.07731
388 1.85738 14.5998 2.86511
389 83.2766 10.6254 2.37336
390 12.3897 6.26814 2.58853
391 13.3853 95.6623 2.55381
392 83.8319 8.79526 2.43173
393 98.2634 18.4862 2.1362
394 50.5205 9.64544 1.84653
395 17.7597 0.703818 2.55542
396 4.45309 47.427 -1.70702
397 51.5631 18.6015 1.78847
398 61.7004 14.1587 2.14809
399 10.5658 10.7808 2.91809
400 9.23045 92.3192 2.26798
401 76.1972 17.2321 2.18353
402 93.7166 7.67229 2.83031
403 48.6671 6.149 1.74809
404 92.6132 12.7868 2.8796
405 5.19615 4.80848 2.16278
406 9.29344 80.77 1.03689
407 52.4039 8.38732 1.05943
408 66.0223 5.24352 1.14802
409 57.8841 10.8561 2.07034
410 8.65268 93.4122 1.8978
411 48.4785 17.295 1.69386
412 3.32586 9.61136 2.88134
413 12.357 95.2169 2.20308
414 96.9833 17.302 2.27795
415 63.0933 18.9988 1.75952
416 80.9964 15.2828 2.93992
417 9.97547 94.9158 2.4112
418 18.6593 7.27044 2.14936
419 68.7037 16.3366 2.18615
420 87.2326 13.6455 2.15372
421 13.453 4.23498 2.10556
422 15.5323 95.2731 2.60321
423 56.2682 10.1293 1.6621
424 14.265 29.1123 2.05007
425 52.5464 4.34376 1.30102
426 55.1267 15.8606 1.21334
427 84.0527 98.6414 -3.4047
428 94.5746 15.425 2.49065
429 -0.270863 15.3281 2.65013
430 3.19494 16.6553 2.76695
431 90.2211 19.7449 2.39376
432 15.9796 12.7974 2.84886
433 59.9565 13.6098 1.73324
434 90.7723 13.1007 2.86923
435 88.4169 91.11 -2.59951
436 5.90615 15.806 3.09587
437 88.4155 10.09 2.78886
438 14.7824 81.8938 1.60592
439 56.3184 13.1807 1.21162
440 98.4112 6.60156 2.94396
441 7.09239 78.9352 1.31165
442 50.8268 10.2254 1.80521
443 90.7957 6.76156 2.47301
444 92.514 17.8131 2.79454
445 87.7263 5.66803 2.26957
446 91.7133 66.9097 2.55826
447 9.71151 85.1892 1.79748
448 21.2144 34.2665 2.29584
449 1.3492 7.04967 2.44807
450 13.4962 99.0319 2.5774
451 93.8216 8.81793 2.78038
452 86.474 98.8855 -2.73425
453 0.216551 11.3646 3.03185
454 72.1957 98.3663 0.332568
455 74.8425 19.2776 2.23691
456 6.88299 91.0629 2.1661
457 13.2667 90.1528 2.2619
458 24.3095 16.7502 2.36861
459 85.1148 24.7954 2.48829
460 87.942 10.4908 2.11935
461 57.5499 22.6644 1.84215
462 95.0905 19.413 2.23886
463 18.1223 95.6255 1.66413
464 96.1401 20.3736 2.23574
465 15.4784 99.1477 1.77776
466 98.6626 15.1782 2.68196
467 54.4549 11.3857 1.49251
468 84.046 11.8958 2.35438
469 8.40241 14.6514 2.32655
470 7.22932 2.89632 2.44769
471 94.3333 16.512 2.42165
472 94.3958 19.0957 2.46992
473 63.0187 7.47049 1.37049
474 19.8881 30.3363 2.27726
475 9.0442 83.0924 1.94214
476 98.0723 29.4598 2.98199
477 94.4518 10.3484 2.6274
478 86.6054 19.9777 2.45355
479 62.7607 17.8407 1.7864
480 16.362 89.2089 1.81337
481 81.5368 16.3692 2.24367
482 94.1278 7.88659 2.20146
483 12.8595 1.05454 2.84418
484 78.324 9.48953 1.92598
485 81.4198 7.58094 2.65989
486 1.87667 10.1607 2.28133
487 0.199497 17.0005 2.87248
488 10.4947 13.5406 2.78781
489 77.0534 18.3356 2.15569
490 39.1106 46.9648 -0.54559
491 97.1366 12.206 2.66696
492 94.1868 20.4331 2.16449
493 93.7733 16.3363 2.99717
494 95.9163 9.81812 2.51352
495 86.878 14.6609 2.70496
496 52.0326 15.72 1.11871
497 15.7591 26.9749 1.93741
498 2.99483 14.3098 2.9129
499 96.6489 25.6074 2.12016
