500
Particles
0 49.8059 99.1361 -0.854753
1 72.0208 77.9353 1.39847
2 72.0155 7.19713 -1.61984
3 17.9878 27.7504 1.7865
4 70.065 67.4565 1.44288
5 90.7699 83.229 1.05017
6 83.2292 74.82 1.05622
7 38.3691 31.6203 -1.78525
8 66.1163 95.8703 -2.24894
9 64.1234 2.07028 -1.91564
10 85.1507 91.4267 1.01982
11 12.7141 88.1527 -0.0393272
12 81.9145 87.1622 1.47861
13 87.2147 43.1124 -2.84596
14 73.6308 67.9227 0.974449
15 93.3823 90.6734 1.29412
16 21.413 26.9845 1.54916
17 6.81236 30.3875 -2.31096
18 75.2085 75.3125 1.47847
19 60.9547 66.4602 -0.999945
20 17.8498 44.8395 -2.33256
21 86.2173 71.7341 0.982841
22 81.913 89.0566 1.00648
23 8.75494 34.4216 -3.25094
24 21.4373 78.4224 -0.80875
25 93.3587 86.4391 1.473
26 99.1067 93.2502 1.21903
27 39.7366 29.4697 -1.69095
28 45.8251 1.66654 -0.732169
29 11.1351 30.1872 -3.00743
30 77.6635 96.6285 2.92603
31 60.1971 74.9651 -1.68493
32 14.3075 43.5669 -2.30406
33 73.3976 99.1297 -1.94779
34 11.0844 46.681 -2.90736
35 46.461 97.9464 -0.529383
36 14.7549 90.7308 -0.0236595
37 81.0473 79.577 0.860003
38 75.8992 4.18491 -2.23657
39 66.0484 69.4694 -0.347644
40 75.0091 8.01999 -2.00991
41 89.2956 44.6459 -2.62509
42 62.7725 2.84544 -1.22253
43 92.7042 97.5908 1.24301
44 72.5729 81.8766 1.23175
45 65.5736 6.10243 -1.28033
46 50.2853 3.18876 -0.945443
47 92.7447 12.3487 1.68282
48 63.7109 94.1856 -2.07877
49 90.9233 81.9511 0.979233
50 69.7951 96.7218 -1.65873
51 51.9234 6.04482 -1.01918
52 74.5671 62.893 1.77008
53 13.8308 88.4527 0.137007
54 86.168 96.2332 0.893083
55 43.3198 32.7937 -1.79598
56 9.85348 44.8545 -2.29616
57 16.6202 4.92203 0.53806
58 7.92517 39.4315 -2.21073
59 92.715 84.8072 0.652827
60 80.6997 79.2873 1.16816
61 61.0378 98.4201 -2.38257
62 46.3258 4.37099 -1.05038
63 69.9946 75.4096 1.5162
64 75.8297 80.1572 1.27259
65 73.7976 55.5883 3.26762
66 80.4843 84.7654 0.818317
67 36.5929 87.8025 0.18563
68 73.1284 50.9678 3.58137
69 49.3029 8.19085 -0.908742
70 82.8999 76.0363 1.73091
71 38.5903 55.6351 -0.176174
72 77.0253 80.5024 1.6484
73 53.357 84.2684 -1.63591
74 68.8948 39.4704 -2.29661
75 33.6949 12.7832 -0.462781
76 45.268 7.97951 -0.793232
77 77.4771 78.0251 1.04156
78 76.7166 82.8519 0.889135
79 79.586 72.7379 1.75855
80 46.1232 8.17062 -0.500246
81 81.1633 81.8825 1.59629
82 3.22045 57.1468 2.72094
83 76.276 72.8105 0.985328
84 11.0852 31.3933 -3.1464
85 16.4045 81.8272 -0.210806
86 40.6342 14.527 -0.753377
87 72.4945 41.1415 -3.00158
88 75.9727 66.2456 1.55069
89 98.9928 92.5423 0.847495
90 0.988465 91.4246 1.09036
91 60.0363 74.1873 -2.3635
92 42.6292 31.7852 -1.87941
93 7.1377 40.1389 -2.42743
94 43.9618 63.36 -0.392562
95 47.0833 2.49586 -0.227034
96 80.7812 74.8657 1.63439
97 84.0911 79.104 1.19471
98 0.938959 92.6785 0.370133
99 16.0185 23.8091 1.05184
100 73.4191 60.9984 2.12361
101 77.2144 73.1454 1.21775
102 65.077 96.8473 -1.65191
103 19.9651 71.3741 -0.214048
104 52.7063 0.206704 -1.08124
105 1.14284 91.6914 0.848352
106 9.23527 47.6123 -2.50095
107 54.1782 89.0396 -1.95044
108 57.6585 5.73455 -1.22985
109 59.5306 92.3038 -2.27522
110 81.5005 100.14 2.08064
111 81.7068 79.1924 1.22337
112 69.1735 95.9376 -1.93697
113 2.19126 36.0061 -2.51228
114 91.6236 94.0116 0.947024
115 41.8088 89.8839 -1.71539
116 82.8855 82.3855 1.84027
117 96.3099 93.4818 1.14819
118 20.5368 26.8696 1.79454
119 6.0406 40.8401 -2.85548
120 97.5018 89.4461 1.54193
121 57.6119 66.7854 -1.1556
122 43.055 62.8696 -0.144575
123 76.2203 73.3908 0.952761
124 77.1758 49.5591 -3.57189
125 71.5233 56.5906 3.42923
126 56.4138 80.4171 -1.23285
127 76.3804 51.1242 3.29809
128 20.7231 78.7858 -0.142478
129 52.8812 -0.401381 -1.07583
130 49.7172 6.85804 -0.530462
131 84.3878 88.3053 1.16687
132 8.8724 89.5528 0.337014
133 6.90626 91.6702 0.0476062
134 92.3043 81.7808 1.12623
135 85.3402 76.0739 1.79615
136 10.3941 99.9811 0.0412714
137 85.6785 77.0631 1.80051
138 44.9897 70.3077 -0.396659
139 41.2887 5.8496 -0.157214
140 64.8822 98.6735 -1.73733
141 71.2 57.1673 3.38202
142 79.7546 69.4948 1.84999
143 66.7756 5.82991 -1.65074
144 82.1315 80.8829 1.54443
145 55.5832 87.2937 -1.75841
146 47.9844 4.79483 -0.987593
147 73.4729 2.57933 -1.68542
148 50.2371 5.37273 -0.131909
149 83.745 82.7135 1.07642
150 60.0137 1.97394 -0.727138
151 44.9306 2.00993 -0.923784
152 59.2585 63.0416 -0.705415
153 50.9676 0.563391 -0.863038
154 68.4498 5.37618 -1.70583
155 10.0939 95.0378 -0.125205
156 65.7161 97.832 -2.40881
157 64.4913 9.12267 -1.01785
158 96.8599 84.9833 0.520926
159 87.5485 91.5823 1.32624
160 73.7112 83.6795 0.965486
161 55.4534 70.5629 -1.49217
162 69.3505 99.3076 -1.54373
163 77.8471 44.0864 -2.53632
164 79.9852 60.4943 2.21977
165 44.3457 96.6651 -1.12303
166 71.5579 53.2176 3.61685
167 89.5111 75.927 1.75449
168 74.3611 76.2395 0.780166
169 98.2111 1.58866 0.128512
170 72.4478 98.3704 -2.35288
171 80.2249 74.8909 1.55836
172 49.3185 88.5215 -1.77927
173 65.1844 99.1243 -1.64246
174 88.5632 83.5162 0.875562
175 56.8713 77.5534 -1.54325
176 90.3162 91.5479 1.32914
177 16.312 82.6715 0.537271
178 11.451 38.2938 -2.77546
179 46.3603 0.504132 -0.759947
180 0.443527 39.2462 -2.15423
181 67.8255 1.59306 -2.00595
182 9.62435 43.8908 -2.66303
183 62.745 14.6024 -0.330639
184 94.6764 89.3727 1.04971
185 94.6891 22.426 -2.56067
186 42.6663 64.603 -0.0508212
187 67.8764 96.6858 -2.50637
188 70.8184 72.1752 1.41022
189 76.5439 84.3931 0.865097
190 80.3952 85.6293 1.32016
191 84.0986 80.7475 1.8464
192 18.586 82.6694 -0.276627
193 61.1371 95.9983 -1.88696
194 7.86649 97.9893 0.498765
195 78.0528 76.9496 0.92504
196 93.9999 82.3594 1.11496
197 41.97 14.156 0.177356
198 13.0799 52.3426 -2.91723
199 94.8576 84.0034 1.20782
200 86.9954 73.1943 1.94027
201 64.4287 68.3744 -0.580175
202 70.2754 63.0793 1.69768
203 55.9707 13.0948 -0.482983
204 88.9088 82.6972 1.60283
205 54.9893 87.5201 -1.93084
206 10.4056 8.38421 1.05446
207 94.5203 89.4076 1.13052
208 93.8534 91.7269 1.40483
209 86.6191 88.4168 1.6344
210 78.0919 77.1758 1.39539
211 82.778 88.9452 0.698431
212 7.15865 91.219 0.177941
213 49.2678 7.97731 -0.454346
214 75.5335 71.414 1.83959
215 93.6385 50.9022 -3.07812
216 68.2207 9.92247 -1.67189
217 84.8209 72.6032 1.35966
218 61.4367 11.245 -1.36086
219 97.6209 18.1159 -2.03539
220 97.1227 77.7905 0.784019
221 59.0369 8.83645 -0.579167
222 80.3761 79.0689 1.31419
223 90.2515 17.2471 1.34776
224 17.7503 25.111 1.71184
225 34.441 28.6842 -1.30394
226 62.9972 3.10533 -1.58513
227 66.644 94.6423 -2.4852
228 45.1673 15.0323 -0.248568
229 61.0396 4.78094 -0.723322
230 83.1515 45.6212 -2.29425
231 78.3284 79.6342 1.6006
232 59.5607 71.0796 -1.41138
233 16.0882 69.4774 0.0622126
234 94.2116 85.1099 1.41146
235 9.12217 43.8755 -2.1948
236 66.277 98.5376 -1.66552
237 76.7712 83.7234 0.66326
238 10.6555 39.0481 -2.61872
239 70.6581 71.3571 1.42268
240 85.3768 86.7681 1.06225
241 77.8827 83.0721 0.752921
242 53.8195 6.01624 -0.740826
243 86.0168 74.6168 1.86225
244 49.9442 66.4054 -0.575364
245 55.0645 6.22184 -1.20547
246 48.5006 61.2855 -0.369444
247 80.2448 49.5022 -3.31417
248 75.8437 69.8172 1.00261
249 86.0514 81.8936 1.48391
250 31.4168 10.2459 -0.47353
251 75.9803 98.3123 -2.74179
252 36.1395 33.1801 -1.4579
253 97.0332 23.4678 -2.89072
254 78.9904 88.6967 1.28403
255 82.6133 82.7686 1.56513
256 57.1907 5.3756 -0.556142
257 46.4037 63.0235 -0.636624
258 67.9862 98.2475 -1.65296
259 10.4885 48.2563 -2.99422
260 94.5354 82.0948 1.23033
261 1.546 31.9746 -2.01472
262 68.1875 2.87027 -2.15561
263 11.9016 82.4558 -0.0511622
264 69.1914 87.5865 -0.770953
265 18.3307 68.1064 -0.215506
266 35.9093 97.0913 -0.718534
267 75.0131 79.8159 1.55658
268 81.9527 95.6892 1.39964
269 13.921 86.3861 0.574799
270 7.00724 42.1059 -3.10749
271 10.1594 44.0128 -2.2633
272 45.1554 13.8004 -0.317178
273 94.4292 84.201 1.39873
274 12.5303 82.9906 0.414678
275 60.586 -0.232188 -1.10902
276 3.79566 91.3661 0.477122
277 52.3721 87.1264 -1.55921
278 71.1026 94.0331 -2.19034
279 60.0889 8.97615 -1.23085
280 77.1825 69.1992 1.69712
281 55.0511 80.5865 -1.37266
282 8.33151 33.4709 -2.68292
283 90.2941 79.2726 0.977431
284 79.2873 83.512 1.03596
285 81.4089 75.4788 1.26062
286 79.511 47.9709 -3.33572
287 46.137 62.66 -0.34809
288 17.45 25.0096 1.70574
289 73.2981 95.7561 -2.3772
290 60.9829 97.2353 -2.2976
291 72.0394 79.1853 1.15415
292 97.6271 1.64423 0.414863
293 13.1845 82.8682 0.439084
294 88.7622 97.2199 1.44021
295 38.6452 35.0722 -1.47777
296 94.487 91.0622 1.67774
297 65.0999 1.41833 -1.22815
298 70.9925 81.6039 0.600957
299 85.7588 79.058 0.990107
300 13.6732 78.5595 -0.235556
301 80.8957 81.2513 1.67207
302 74.2207 6.57607 -1.9031
303 67.5635 91.9637 -1.61408
304 73.1535 74.6338 1.29499
305 79.978 83.873 1.40985
306 17.3531 93.6618 0.173429
307 73.6512 82.3473 1.21283
308 3.56016 35.6885 -2.60173
309 31.6099 98.1442 -0.476005
310 36.452 26.4385 -1.13936
311 90.7065 13.5824 1.33225
312 52.1586 6.1923 -0.37087
313 41.2476 0.936393 -0.396579
314 24.8028 26.791 1.08845
315 63.1738 97.7413 -2.18707
316 85.6212 74.5711 1.56779
317 79.6308 71.8155 1.79237
318 89.7772 88.5667 1.34539
319 84.1117 78.1435 1.1109
320 78.6345 81.2268 1.64646
321 93.1666 11.6934 0.950849
322 82.1865 78.0241 1.01133
323 79.4158 72.4802 1.10004
324 73.7345 85.2539 1.10466
325 61.9772 5.24419 -1.45428
326 13.7251 23.395 1.02334
327 38.5977 2.62779 -0.18294
328 94.1029 91.866 0.779111
329 16.5786 42.7084 -2.34775
330 47.3813 4.11464 -0.955429
331 8.53636 87.7283 0.306539
332 18.3307 42.334 -2.01348
333 0.517069 49.6215 2.11124
334 67.6747 68.7024 0.73959
335 84.4852 79.2953 1.37707
336 89.181 76.241 1.42136
337 71.5141 69.3941 1.23215
338 63.1499 3.7351 -1.58623
339 13.2824 24.8079 1.18438
340 77.5264 76.7599 1.53292
341 67.6088 86.6752 -0.958211
342 76.243 76.2009 1.77204
343 60.2947 7.73059 -0.683423
344 67.1336 94.7722 -2.10049
345 92.6294 96.4282 0.879088
346 89.5127 44.9118 -3.02946
347 3.06773 92.1912 0.479427
348 73.5096 72.263 1.20336
349 79.649 84.4449 1.15727
350 56.5376 4.76739 -0.922695
351 65.7158 98.852 -1.55118
352 70.625 79.6116 1.29545
353 69.2434 37.1882 -2.32679
354 67.3018 54.3517 3.30866
355 88.0042 91.5078 1.35953
356 16.7187 28.6973 0.93916
357 10.9857 89.4816 0.637021
358 4.08087 36.4829 -2.18134
359 94.1632 90.5081 0.738042
360 69.2081 8.9468 -2.12337
361 86.7048 84.9627 0.929613
362 81.0667 76.2567 1.13882
363 43.2145 12.2482 -0.156344
364 74.0995 94.3678 -1.69353
365 50.5158 2.7285 -0.589821
366 86.0224 74.6471 1.76546
367 57.533 89.9255 -1.78663
368 47.7542 3.21585 -0.85539
369 93.0778 94.5961 1.26699
370 87.8541 86.7603 1.51226
371 82.3366 83.6287 1.16907
372 86.9529 96.8227 1.25081
373 93.0584 47.1846 -2.55117
374 71.7336 84.4181 0.846787
375 50.8348 1.81066 -1.04735
376 62.1732 89.3494 -1.73326
377 25.4307 77.5676 -0.289879
378 54.2672 4.92646 -1.13807
379 93.2546 79.8128 1.38723
380 64.8305 2.41505 -1.62855
381 5.00324 94.6752 0.455787
382 79.6314 75.7848 1.30361
383 22.9392 25.8451 1.18838
384 3.11306 0.938802 1.15392
385 38.3173 30.1652 -1.54553
386 30.7798 31.3392 -1.75736
387 12.2518 75.4725 -0.276089
388 63.8388 4.06256 -1.28289
389 92.2627 85.2132 1.43105
390 74.2972 77.6252 1.31749
391 5.62393 36.0989 -2.82441
392 78.3928 91.5702 0.938294
393 62.372 6.96688 -1.36059
394 84.1861 74.6189 1.87034
395 2.21552 32.757 -2.48219
396 97.0404 17.2672 -2.38344
397 87.5564 82.0073 0.967178
398 83.0194 87.4883 1.02511
399 36.1751 84.0319 0.516278
400 75.028 68.1323 1.56353
401 73.3729 49.4607 3.27551
402 45.5621 10.8364 -0.0143997
403 78.1103 74.1396 1.2874
404 13.7608 3.68382 0.660689
405 72.6067 75.1165 0.721469
406 83.1025 44.632 -2.26222
407 84.0044 73.3487 0.973062
408 92.2247 46.4366 -3.20846
409 87.4685 77.0048 1.21882
410 70.3892 70.9361 1.02768
411 91.9162 93.9524 1.5443
412 44.9257 10.5999 -0.658937
413 0.00368922 25.3784 2.35807
414 58.6733 4.04602 -1.0585
415 99.8759 100.167 0.962917
416 93.5014 88.1393 1.25342
417 79.57 68.8147 1.69667
418 80.9347 77.0398 1.43152
419 64.4427 65.6165 0.00998672
420 97.2213 90.7363 1.17792
421 76.4856 74.7287 0.996536
422 7.7231 42.3268 -2.36867
423 39.599 59.521 -0.448302
424 90.1421 92.9413 0.825127
425 83.5914 71.7739 1.01336
426 44.6697 88.0712 -2.10968
427 70.7508 85.3984 0.604582
428 54.028 3.62183 -0.612499
429 58.4126 3.45017 -0.715301
430 49.6343 66.0205 0.239357
431 56.7313 2.78464 -0.302581
432 66.6815 97.1256 -2.38593
433 44.5655 90.597 -1.85153
434 89.312 93.271 0.921899
435 71.6071 97.6889 -1.74341
436 66.7313 2.7314 -1.27718
437 1.70912 99.3375 0.684097
438 63.7856 69.2934 -0.220702
439 49.5871 88.8222 -2.25261
440 67.8284 54.9971 3.28718
441 77.4122 64.1538 1.91704
442 80.8823 77.5575 1.27222
443 63.9057 56.8683 3.34935
444 54.2031 3.67275 -1.14223
445 82.6597 83.0213 1.00732
446 98.1911 28.6653 2.86387
447 81.2743 48.0831 -3.10677
448 92.9364 90.8572 1.58276
449 82.4139 81.5103 0.858018
450 74.0898 73.6462 1.19767
451 43.7743 8.32254 -0.697258
452 79.2423 82.6838 1.38018
453 67.7129 0.457507 -1.42334
454 3.86829 45.1205 -2.34316
455 70.7511 48.7958 -2.77675
456 70.694 67.1967 1.45756
457 11.1196 37.8435 -2.64687
458 20.1825 44.3442 -1.72386
459 39.8302 59.0017 -0.243296
460 92.0503 83.8535 1.06312
461 2.39787 91.0746 1.09878
462 57.926 5.78148 -0.983182
463 58.7487 87.8818 -1.71603
464 58.0096 10.9279 -0.856473
465 4.98397 39.2189 -2.95092
466 65.4866 7.12914 -1.73235
467 84.2149 77.2816 1.28015
468 92.8161 85.2624 1.23208
469 64.9561 2.18578 -1.93323
470 75.5102 73.5032 1.09451
471 57.5211 6.96304 -0.421142
472 57.1706 7.93149 -0.849132
473 90.6486 52.4923 3.55564
474 91.0521 90.8728 1.66539
475 86.3894 45.1084 -2.27595
476 8.91624 94.0268 0.601255
477 16.35 7.81067 0.80492
478 59.5038 75.4262 -1.66274
479 96.9345 98.5216 1.31734
480 11.4167 36.933 -2.632
481 94.3896 89.668 1.13607
482 4.25757 93.1461 0.139054
483 78.0862 73.0188 1.59381
484 81.1173 95.4486 1.29024
485 77.2533 1.3534 -1.82501
486 65.3252 0.13878 -2.05689
487 65.4277 8.34336 -1.51729
488 41.9923 93.5955 -1.52706
489 71.2732 51.3708 -2.65077
490 38.9416 34.0548 -2.02538
491 45.2114 65.4461 -0.454621
492 56.5233 4.98794 -1.04254
493 58.1647 84.376 -1.62956
494 47.8138 62.2271 -0.25776
495 23.3604 81.0877 -0.736567
496 80.8913 82.1612 1.70038
497 88.6459 86.8984 1.35813
498 59.8778 3.85569 -1.5043
499 41.2327 56.8323 -0.660815
