500
Particles
0 42.7095 33.2424 0.997933
1 25.1351 32.2 1.30838
2 21.3991 39.2284 1.04982
3 65.2262 22.8493 -1.78705
4 28.5934 14.1115 0.449444
5 27.9272 49.7632 1.24149
6 34.4965 29.3692 1.20624
7 91.4345 0.10073 0.0766555
8 58.5841 19.5952 -2.44042
9 61.6546 26.1796 -1.88774
10 60.5578 10.7429 -1.56404
11 88.1081 92.6446 -0.00587814
12 68.4017 27.1392 -2.44132
13 43.454 88.998 -0.761382
14 30.8588 16.3693 0.792421
15 68.1813 42.5765 -2.06738
16 65.2495 31.2146 -2.45145
17 34.4504 11.948 -2.70664
18 28.8463 29.2204 0.939996
19 16.1282 96.757 -2.34994
20 64.2082 21.7899 -2.64367
21 34.6295 28.3374 1.45871
22 47.5381 12.579 -2.36154
23 36.1649 14.7396 -3.48195
24 11.1298 41.1781 -2.07325
25 24.4777 54.4775 1.86162
26 28.8447 49.7191 1.29846
27 93.3081 88.0114 0.36542
28 42.1452 35.7588 0.984365
29 37.3093 13.7329 -2.69594
30 24.4454 42.8776 1.636
31 10.6275 1.71571 0.443194
32 61.9818 16.5504 -2.30228
33 22.4675 38.1363 1.03078
34 48.2853 16.6794 -1.90622
35 36.4524 44.9392 1.57421
36 87.4105 95.3496 0.0601782
37 33.9037 34.7033 1.32012
38 4.57123 52.1252 0.71137
39 26.6754 13.1376 1.06226
40 53.5539 8.93139 -2.63504
41 44.315 89.5051 -0.839678
42 55.2442 25.9165 -2.61468
43 90.1043 74.3786 1.66827
44 26.5417 36.6213 1.35874
45 61.4143 30.9277 -1.89702
46 48.088 27.5446 -2.16745
47 32.6756 8.49287 -2.62331
48 52.2104 19.4163 -2.50221
49 26.9565 49.6253 1.42322
50 63.4927 22.2629 -2.62463
51 48.7828 31.6504 -2.03404
52 10.4509 39.0774 -2.14164
53 88.0428 93.263 0.444694
54 37.0375 18.0831 2.54865
55 30.5707 86.0868 -2.44852
56 40.0573 20.5907 -3.18813
57 37.7271 52.7148 2.03813
58 35.6486 22.5766 1.53497
59 26.0048 52.5714 1.76486
60 30.1293 37.9664 1.21069
61 54.1344 22.5277 -2.1144
62 35.7481 47.0252 1.54978
63 25.5419 27.2609 0.682336
64 29.6902 35.0644 1.21229
65 29.5181 95.9859 -2.02534
66 32.4606 41.063 0.769469
67 34.1434 43.2584 1.11285
68 25.0026 92.1882 -1.91246
69 37.8664 47.4432 1.09694
70 33.9615 32.0697 0.787308
71 28.6439 54.8592 2.04769
72 28.6097 37.4448 0.828284
73 38.4454 34.1889 1.05735
74 32.096 48.8497 1.82495
75 55.3663 73.9173 -1.85659
76 35.3973 49.6908 1.97209
77 30.1079 32.7924 1.38866
78 25.3139 42.5598 1.40681
79 32.569 24.6638 0.962057
80 33.8533 53.7411 1.79375
81 31.1743 40.3644 1.35107
82 19.5437 89.2405 -2.00328
83 31.5518 21.4906 1.98775
84 29.5128 61.9696 1.52525
85 32.474 52.1601 1.82667
86 36.3698 55.8344 2.02559
87 23.0197 90.647 -2.00354
88 100.098 82.0499 0.307456
89 30.0927 50.0721 1.23395
90 56.577 70.7307 -1.67288
91 8.59311 1.95823 0.908072
92 24.4754 87.92 -2.16308
93 35.7477 19.7517 2.17453
94 55.1727 15.4699 -1.7688
95 39.5115 39.3001 1.62928
96 30.3508 32.6223 1.02281
97 34.1763 36.7234 1.39104
98 30.9171 49.9602 1.31611
99 65.7133 14.7517 -2.29487
100 12.1674 37.9869 -2.22231
101 27.1966 30.5873 1.45581
102 58.3796 21.4999 -2.50956
103 30.0805 53.6009 1.36464
104 51.4463 24.314 -1.7587
105 54.8893 70.1345 -1.94113
106 40.3168 21.1604 -2.97197
107 39.7711 36.1146 0.844221
108 52.6249 29.4012 -2.0271
109 40.8729 23.8748 -2.56776
110 68.6813 21.249 -1.71542
111 33.8306 35.4482 1.17824
112 62.9138 21.0906 -2.46627
113 37.7365 29.0959 0.7281
114 70.9602 50.6684 -2.073
115 36.4966 41.3099 1.29689
116 28.6403 43.9482 1.45903
117 27.3981 57.2502 1.38373
118 66.6747 25.4508 -1.9492
119 35.9085 18.6171 2.43922
120 28.3405 54.8299 1.65425
121 60.2702 19.0282 -2.54335
122 53.0467 17.6954 -2.12358
123 26.6252 29.0819 0.621533
124 38.0839 89.3262 -1.03193
125 31.039 94.0187 -1.94882
126 95.5677 0.241705 0.000397634
127 40.5608 89.9178 -0.585043
128 11.929 41.5974 -1.61729
129 43.2317 30.0456 1.2393
130 43.5168 39.9934 0.883198
131 60.1737 9.40916 -2.01718
132 71.9059 72.0838 -1.08725
133 69.9907 75.2104 -0.706795
134 27.6299 48.8598 1.55649
135 35.1675 34.2972 0.821124
136 32.2379 47.3735 1.8828
137 34.5764 34.089 1.23126
138 55.1685 17.1701 -2.53121
139 32.9064 57.5053 1.67074
140 57.9689 23.0018 -1.60897
141 30.8753 95.8419 -1.50047
142 32.4424 21.4844 1.83173
143 63.4248 30.3663 -2.28723
144 33.6421 36.2915 0.826349
145 39.9434 32.1399 0.645842
146 44.4717 37.6666 1.4856
147 19.7612 37.1457 1.30716
148 41.7686 39.3938 0.861703
149 32.6289 40.5357 1.51885
150 55.2467 24.6699 -2.06561
151 38.8531 42.6318 0.806475
152 31.7613 49.7024 1.84791
153 50.7633 25.9759 -1.70439
154 63.6377 31.5725 -2.53992
155 71.0228 75.8083 -1.27086
156 60.3265 22.0148 -2.33502
157 55.8026 33.036 -1.84839
158 27.9198 51.0012 1.90155
159 64.7814 40.2255 -2.80322
160 24.5751 41.6882 1.73678
161 97.3068 3.28691 0.930107
162 62.5031 25.0128 -2.28022
163 27.2116 90.3656 -2.57181
164 45.3861 76.0545 -1.43716
165 35.5553 44.1776 1.3759
166 24.9947 93.6862 -2.4028
167 36.0209 37.5026 0.719855
168 29.2909 28.7569 0.887522
169 11.9439 33.3611 -1.80565
170 21.0237 34.749 0.702351
171 32.9706 29.412 1.49129
172 39.4335 32.9179 1.47425
173 58.2693 24.1804 -2.4359
174 27.1727 48.4843 2.05331
175 4.0048 3.96224 0.821662
176 65.8992 45.3179 -2.38938
177 30.7242 54.9451 2.13366
178 9.70957 35.0405 -2.1979
179 41.9388 35.6988 1.55575
180 37.7642 30.4453 0.52418
181 62.0041 26.6741 -2.06102
182 39.2324 21.0046 2.78455
183 70.8491 18.863 -2.63314
184 21.6486 57.4703 1.79442
185 67.873 78.5779 -1.25803
186 53.9648 15.9605 -2.07572
187 62.9825 20.9014 -2.41446
188 26.7481 23.2188 1.19035
189 26.488 42.7859 1.20877
190 25.4656 47.4531 1.93957
191 33.7693 38.0822 0.978049
192 33.2579 50.9461 1.49565
193 49.5706 21.4007 -2.11237
194 31.7387 49.4514 1.98168
195 31.3281 31.0189 1.1554
196 27.1297 49.7212 1.94962
197 36.7943 56.1834 1.93528
198 21.5443 86.5253 -2.27705
199 28.4019 49.8656 1.32951
200 34.8832 32.0332 1.23889
201 23.7197 11.2561 0.405057
202 9.82219 39.7551 -1.91762
203 54.7644 41.0029 -2.56851
204 26.7391 48.3317 1.66726
205 40.327 34.6808 1.16203
206 33.4257 55.3108 2.06532
207 25.3376 54.8939 2.2135
208 24.7909 57.3798 1.2797
209 67.3028 23.1168 -1.90161
210 29.4423 33.565 1.41121
211 52.951 12.2197 -2.3895
212 71.6894 74.4473 -0.723789
213 40.297 44.6107 0.930654
214 29.2733 23.5169 1.84501
215 38.8433 31.4869 1.36661
216 60.3174 34.6205 -2.24884
217 34.6878 28.5071 1.20894
218 54.5921 35.7514 -2.44463
219 36.6548 13.0053 -3.24051
220 37.3867 34.9683 0.849835
221 54.5044 33.4098 -2.25774
222 31.621 35.765 1.32574
223 55.6357 76.0763 -2.05734
224 64.1722 20.9747 -2.41568
225 89.8952 93.525 0.184279
226 58.3295 27.6244 -2.38869
227 54.2625 20.3297 -2.4011
228 38.9805 56.3647 1.69283
229 56.2171 28.492 -2.10348
230 42.9813 87.882 -1.35362
231 29.6699 35.8546 1.30076
232 7.34959 0.407501 0.0466289
233 29.1629 55.1437 2.25066
234 27.4757 51.1977 1.40631
235 40.7102 18.8267 -3.05063
236 58.7635 22.436 -2.30448
237 28.4317 41.2876 1.08727
238 38.3181 17.2766 -3.11463
239 28.9386 18.1974 0.703526
240 67.2313 27.1017 -2.49362
241 30.1182 38.6244 1.24068
242 52.3777 30.9991 -2.31661
243 35.15 31.7318 0.700714
244 97.3419 99.0746 0.196612
245 52.934 30.9091 -2.5161
246 58.5633 13.399 -2.5827
247 39.9482 91.6925 -0.81496
248 30.4743 20.5921 1.24554
249 28.4335 45.1723 1.85465
250 88.55 85.9073 0.435474
251 22.7724 42.6628 1.79184
252 91.6559 99.2554 -0.518745
253 71.6199 94.6472 0.107425
254 59.6021 9.92777 -1.84995
255 32.0125 41.4892 0.834901
256 54.4523 29.2893 -2.44151
257 56.6051 15.6074 -1.68365
258 61.8162 22.3536 -2.31165
259 41.2953 20.7046 -2.77494
260 29.095 48.5433 1.53151
261 33.3954 20.7809 1.65212
262 61.1704 27.4551 -1.79319
263 31.4488 61.324 1.79219
264 23.6461 38.4573 1.30626
265 32.8265 52.0592 1.9056
266 31.8058 53.089 1.89541
267 29.2816 34.2543 1.34932
268 40.049 9.8032 -2.6149
269 88.0642 88.6091 0.322045
270 35.8249 22.7292 1.54197
271 41.5621 21.595 -3.40004
272 39.8111 54.2971 2.22072
273 26.945 51.7592 1.1568
274 31.6466 58.0305 1.73683
275 54.7635 23.6173 -2.03554
276 30.0371 48.8549 1.35416
277 38.6981 34.4225 0.982975
278 22.5758 32.9458 1.16651
279 54.6033 32.8808 -2.4181
280 32.5824 20.1139 1.50576
281 54.5788 19.5997 -2.1475
282 36.4222 18.0175 2.38712
283 34.0959 42.1616 0.969419
284 28.8423 41.6418 1.32914
285 33.4742 32.8659 0.704346
286 39.2816 90.4092 -0.506998
287 53.9009 15.242 -2.04662
288 66.1452 19.3201 -2.14458
289 25.6303 36.8164 0.844582
290 48.189 22.2854 -2.45418
291 26.4947 33.5348 0.83352
292 91.2857 75.6054 1.83482
293 30.7624 58.5359 2.24466
294 38.5483 16.9471 -3.2774
295 92.6896 0.466522 -0.27572
296 24.2048 57.6171 1.41565
297 61.9246 25.3795 -1.83938
298 26.9432 35.2649 1.16785
299 35.5713 36.5002 1.52207
300 32.1697 53.7023 1.36107
301 31.2029 39.64 1.26914
302 8.12732 51.877 0.335267
303 53.6299 18.9123 -2.60236
304 24.6188 29.6951 1.36361
305 27.3221 44.1537 0.962143
306 88.3532 95.7975 0.165969
307 25.3241 40.2263 1.45691
308 33.5813 20.8937 1.24943
309 31.2778 56.7142 2.19338
310 90.972 90.9211 0.228647
311 46.8802 87.5422 -0.825792
312 51.3398 32.0595 -2.20088
313 38.8234 43.0862 1.01168
314 61.8812 41.2644 -2.88508
315 52.574 22.2697 -1.5973
316 35.5819 32.247 0.80544
317 33.1393 24.1854 1.39396
318 67.4903 27.7764 -1.79992
319 31.7135 37.598 1.02282
320 33.209 34.6577 0.928801
321 36.0306 12.3537 -2.46368
322 34.3229 33.3483 0.594506
323 31.2907 24.9737 1.46408
324 27.1523 41.8098 1.45925
325 56.2548 28.9114 -2.49443
326 58.2031 11.701 -1.99162
327 31.8749 54.2509 1.29952
328 23.0073 59.2863 1.24028
329 63.2656 18.1983 -1.86208
330 39.6197 41.028 0.919776
331 71.1322 73.4221 -1.3827
332 62.9911 17.4917 -1.96542
333 17.4701 88.5156 -2.40317
334 26.9682 14.4724 0.287735
335 33.6387 37.1407 0.650592
336 36.1366 34.6925 1.5201
337 29.7889 16.706 0.872898
338 55.9607 27.0538 -1.73599
339 55.4649 13.163 -2.5847
340 29.8211 30.0688 1.09757
341 27.4619 22.4885 1.81952
342 28.8257 30.4432 0.865233
343 57.912 32.6627 -1.81074
344 55.8018 19.8821 -2.35788
345 91.6545 72.6391 1.74998
346 45.846 90.7349 -0.652145
347 29.2525 49.7784 1.56266
348 28.8781 22.1448 1.35407
349 25.93 44.8857 1.55123
350 54.0869 28.3984 -1.95046
351 60.0534 22.7465 -2.39886
352 25.2039 33.2899 1.13257
353 56.8779 73.3905 -1.22989
354 32.0285 51.2217 1.24641
355 60.9227 12.5876 -1.64243
356 64.2464 16.3242 -2.40571
357 78.2599 78.5644 -1.57861
358 34.4177 23.402 1.98382
359 27.5537 56.0799 1.80847
360 61.9406 37.8495 -2.3412
361 26.4072 49.8344 1.19241
362 31.826 31.7695 0.931099
363 35.7308 52.882 1.76224
364 23.0727 38.536 0.848339
365 47.3979 27.5368 -1.71124
366 35.9513 31.3696 0.679939
367 41.0263 34.8537 0.822533
368 43.1367 37.1134 1.01829
369 92.1931 70.9303 2.29618
370 69.5747 29.598 -2.21279
371 32.6468 41.3835 1.2095
372 39.0735 17.5387 -3.56599
373 37.2886 32.5734 1.32471
374 24.223 40.6651 0.915764
375 46.1251 26.6029 -2.07465
376 40.8153 22.771 -2.63996
377 36.7019 39.7428 1.27555
378 48.8442 30.491 -1.77376
379 36.9958 37.3489 0.729118
380 57.8123 25.3811 -1.83596
381 31.5906 48.66 2.07064
382 32.4391 28.9674 1.48563
383 14.0311 35.9427 -1.78932
384 28.2255 59.3783 1.83248
385 92.629 92.7989 0.247228
386 86.3644 95.3515 0.242067
387 31.2884 53.109 2.16017
388 60.9424 27.3768 -1.87658
389 26.0284 52.0902 1.51106
390 26.5677 33.4507 1.53035
391 34.2379 20.7111 2.05069
392 95.9709 57.6831 0.334019
393 55.7725 31.0482 -1.7655
394 33.4127 31.8857 0.895021
395 34.2213 25.0023 1.36394
396 35.5634 11.6077 -2.52383
397 34.2687 41.9824 0.637979
398 64.4141 10.1954 -1.76937
399 34.7715 42.6754 1.0963
400 31.0753 17.4305 1.53573
401 25.7371 91.3243 -2.04648
402 34.7267 52.9726 1.95654
403 31.4746 28.6107 0.854705
404 33.6398 55.6926 1.71502
405 22.4246 33.5707 0.990248
406 40.6117 88.8398 -0.941641
407 33.0745 30.9486 1.3865
408 37.2465 31.8475 1.30363
409 36.9896 34.8665 0.614226
410 29.7679 18.0826 1.09013
411 72.4846 48.6604 -1.69
412 36.6624 51.4876 1.27231
413 33.8521 20.4576 1.42358
414 54.346 28.1735 -2.18579
415 91.4853 75.5564 2.55986
416 22.6615 55.3531 1.36515
417 32.2601 20.1415 1.88852
418 30.9843 34.3162 0.756353
419 24.9497 7.82977 0.583935
420 28.3887 55.4422 1.62624
421 26.2838 31.3248 1.10598
422 37.2208 20.9399 2.81141
423 36.7132 32.5928 1.02337
424 66.0303 44.1155 -2.03024
425 34.7934 27.7963 1.42339
426 36.8204 38.6997 1.60245
427 22.9834 42.2765 1.52692
428 52.0774 27.5985 -2.1339
429 56.945 27.6882 -1.69154
430 97.602 2.07329 1.59375
431 48.1017 28.3716 -2.17539
432 60.2806 21.2101 -2.34585
433 37.3954 40.0616 0.892298
434 51.4468 13.3273 -2.72964
435 19.7721 36.8385 0.904255
436 62.6766 27.4976 -2.01726
437 29.3373 53.9716 2.05152
438 25.2966 11.0372 -0.0662552
439 38.8179 35.9532 0.887762
440 33.7253 45.7564 0.993923
441 43.8622 79.7857 -1.10728
442 31.9936 32.7887 0.974183
443 30.5939 52.2016 1.71517
444 52.2284 29.0439 -2.33496
445 24.9889 46.8462 1.6266
446 41.7965 86.2567 -1.04579
447 43.4547 92.328 -0.724615
448 70.5104 45.583 -1.69302
449 29.8872 41.5811 1.56742
450 31.3376 22.9732 1.25905
451 34.137 52.2368 1.60232
452 26.8268 43.1452 1.82045
453 58.3217 25.1809 -2.46134
454 40.8511 31.5428 1.50941
455 20.5844 95.5251 -2.16958
456 28.1003 16.3035 0.898247
457 39.8643 17.5735 -3.16002
458 64.3769 25.9263 -2.53167
459 30.858 0.724712 -2.47972
460 27.2585 49.6201 1.4458
461 57.6875 70.5894 -1.9178
462 53.2533 30.8053 -2.07457
463 41.6998 22.8546 -3.29149
464 55.5579 35.8574 -2.61769
465 34.3855 23.6606 1.94564
466 56.9704 30.8067 -1.91567
467 34.259 34.0867 1.51403
468 25.1401 52.8982 1.96082
469 59.7077 25.3143 -1.97456
470 26.2894 30.6261 0.615483
471 53.4738 30.8054 -2.00125
472 51.3719 32.4979 -1.90259
473 38.5082 32.338 0.670618
474 68.0009 44.3907 -2.71369
475 42.6215 89.1983 -0.495238
476 71.0239 75.168 -1.15725
477 35.783 55.7867 1.63671
478 7.18384 3.07332 0.405668
479 93.648 73.2694 1.74962
480 38.7783 16.6437 -3.42907
481 23.7739 56.1644 1.8
482 31.0696 49.227 2.0344
483 31.3628 26.029 1.58269
484 4.85759 55.3957 0.924519
485 7.30475 51.1078 0.30969
486 58.4975 24.1669 -2.49143
487 61.1844 34.0983 -2.34861
488 33.9176 45.7357 1.12423
489 23.1231 94.4871 -2.66839
490 91.8723 0.3439 -0.369281
491 56.3965 16.7077 -2.53355
492 52.2856 29.5399 -1.7579
493 51.2906 18.4194 -2.63189
494 57.8199 13.3767 -2.01143
495 28.6768 56.4233 1.93031
496 32.3359 38.2862 1.38202
497 66.6599 40.6826 -2.46219
498 58.1596 27.6641 -1.95272
499 32.3823 97.839 -2.16564
