500
Particles
0 21.4598 52.1329 2.77899
1 56.3619 52.0093 2.42995
2 30.1614 87.7264 1.88295
3 59.2271 90.458 1.90533
4 78.4068 51.6929 1.94891
5 26.8379 44.8413 2.46616
6 37.9185 75.2972 2.43311
7 73.5059 98.5752 1.41094
8 54.304 57.2352 1.88
9 55.7821 60.8543 2.36355
10 44.0726 56.5174 1.99103
11 29.989 85.0098 2.36043
12 31.7659 84.8797 2.45919
13 82.3002 42.9548 1.07255
14 80.8337 55.2805 1.89959
15 94.624 46.9466 1.49368
16 52.9919 62.1094 2.29516
17 71.8794 71.0552 0.973943
18 73.3873 60.8613 1.81582
19 59.5987 85.1554 1.48013
20 60.0411 90.8049 1.23577
21 23.0343 70.1408 2.77188
22 41.8222 67.3205 1.94174
23 82.3564 47.7362 1.85903
24 63.8486 94.1808 1.08108
25 27.7746 56.0804 2.0546
26 25.3202 38.1676 2.81103
27 16.8251 76.9045 3.32683
28 29.9051 65.3455 2.86303
29 32.1384 16.5637 -1.2328
30 59.3724 3.99653 1.03077
31 38.4444 67.5735 1.9136
32 51.1542 89.4578 1.77848
33 65.7764 99.7104 1.90665
34 33.1317 58.513 2.20644
35 70.6159 65.4996 1.32987
36 58.4219 10.1144 1.40303
37 42.1227 82.7108 2.2969
38 26.5766 59.502 2.65115
39 79.9581 48.5265 1.6838
40 36.072 56.8245 1.91342
41 76.9278 48.8023 1.55377
42 50.1978 65.5755 1.55719
43 62.3106 90.6869 1.54094
44 53.5439 52.8764 1.94437
45 48.3389 60.4979 1.94392
46 34.2094 61.5466 2.54526
47 79.2484 89.5221 1.07931
48 40.9938 61.2834 2.52571
49 27.5232 49.7069 2.27601
50 78.4683 65.9977 1.65707
51 43.9538 68.2279 2.2687
52 66.8766 92.5143 1.40215
53 58.3089 9.86105 1.26876
54 80.4291 52.4325 1.8178
55 67.1058 86.7578 1.88913
56 83.8959 54.7215 1.36627
57 38.2667 46.6288 2.00669
58 79.5915 58.259 1.593
59 27.1265 57.0861 2.70802
60 79.0543 63.7663 1.3646
61 43.2267 59.1277 1.68635
62 51.6664 55.5251 2.29464
63 51.3696 44.1854 2.03453
64 31.9352 78.2706 1.96742
65 73.8351 90.6987 1.52806
66 75.103 66.7786 1.22227
67 75.5757 66.448 1.75329
68 70.7748 88.0959 1.10103
69 47.8871 52.2006 2.11301
70 38.7532 79.619 1.95327
71 35.4338 60.6952 2.62956
72 76.8744 63.1946 1.9368
73 44.7214 81.8007 2.14934
74 37.9762 49.9406 2.68084
75 74.218 95.6904 1.22288
76 42.0128 51.4451 2.24459
77 41.9321 79.1688 2.62688
78 24.5859 30.4953 3.19919
79 81.3132 59.9247 2.19858
80 39.0301 55.8085 2.3011
81 73.8149 64.8232 1.01584
82 57.4348 81.9474 1.50966
83 74.5749 57.0719 1.14161
84 68.8231 83.781 1.45284
85 40.308 58.8776 2.09639
86 40.6889 56.9265 2.43572
87 44.1474 77.239 2.1699
88 67.5164 86.1258 0.992294
89 35.3481 50.3542 1.78262
90 65.435 94.2072 1.92382
91 39.5007 69.7489 2.23881
92 42.5884 75.4268 2.0102
93 76.3974 51.8407 2.08373
94 40.9739 58.8808 2.5593
95 61.2143 85.8862 0.966531
96 24.8194 74.3703 2.55921
97 41.9694 83.1274 2.24813
98 35.3093 50.7565 2.39538
99 43.0857 75.7345 2.79513
100 67.5199 93.0228 1.8573
101 76.91 62.2103 1.43603
102 45.7903 58.664 2.00874
103 33.0685 55.2897 2.65946
104 43.0971 64.8693 1.94596
105 63.1173 95.4874 1.70533
106 81.1969 52.1944 1.42164
107 21.773 56.9978 2.77393
108 41.1567 65.855 1.76724
109 91.0973 59.9602 1.12542
110 77.8378 96.7386 0.910448
111 42.9473 81.9383 2.04027
112 59.5963 89.5674 1.43975
113 38.2975 73.3835 2.05927
114 20.7352 75.4353 3.03841
115 33.8611 85.0107 2.29687
116 37.6043 45.278 2.0415
117 34.9262 64.8381 2.18129
118 54.8584 92.1021 1.89095
119 79.8572 54.7123 1.82484
120 26.9299 53.7826 2.37986
121 66.4487 62.3443 1.08239
122 40.789 61.5319 2.11413
123 68.6638 57.1153 1.6473
124 18.7744 99.1712 0.0194827
125 71.2903 86.0563 1.59565
126 50.7829 70.5918 2.51148
127 78.8471 45.8862 1.63951
128 66.5245 93.9868 1.27995
129 18.9671 78.9791 2.63253
130 27.6893 63.2369 2.00048
131 41.2164 54.1595 2.39619
132 73.9026 87.1381 1.80445
133 74.656 89.2765 1.46136
134 26.7467 47.5373 2.56983
135 43.628 80.6888 2.07257
136 34.4116 46.9783 2.08785
137 32.602 78.354 2.64429
138 43.2767 59.5539 2.39716
139 30.5224 54.6867 2.47019
140 45.1831 56.1587 1.83262
141 69.9178 87.5654 1.55213
142 77.7368 54.843 1.65457
143 53.2453 64.9447 2.19969
144 31.7821 80.3762 1.73816
145 19.3993 80.044 2.92787
146 24.8356 57.9366 2.07199
147 63.432 100.087 1.66139
148 44.3927 80.6695 2.56148
149 74.3468 64.8656 1.36616
150 46.826 59.7869 1.74305
151 55.0874 88.3401 1.09663
152 38.6482 49.7617 1.92598
153 41.5421 65.1092 2.19818
154 52.6042 63.0653 2.28859
155 77.8975 90.4091 1.60125
156 60.1973 58.7224 1.93604
157 52.2641 73.4355 1.5133
158 25.3358 41.0125 2.92403
159 59.1715 71.1417 2.07213
160 64.4858 1.1235 1.14178
161 54.4175 69.0515 2.10306
162 73.184 66.2683 1.32998
163 65.0792 84.7657 1.67457
164 73.3103 93.0153 1.78234
165 69.4332 63.207 1.25988
166 66.1667 85.14 1.22863
167 46.6719 83.8557 1.93128
168 79.6918 61.7233 1.7467
169 73.0826 91.151 1.05869
170 68.8322 47.9238 1.37702
171 36.9181 75.1984 2.23907
172 21.1626 54.9154 2.6946
173 46.6626 56.4243 2.21809
174 24.8359 39.7757 2.49138
175 71.9017 85.0602 1.25899
176 28.136 20.9378 -1.36671
177 33.0133 53.6951 2.31778
178 66.09 92.889 1.48014
179 31.9405 67.5297 2.02474
180 37.8577 75.4372 2.15027
181 56.1486 62.6253 1.55023
182 86.715 54.9269 1.9517
183 22.0446 51.8043 2.26306
184 43.0845 75.24 1.97902
185 73.4219 90.9233 1.4432
186 44.0466 63.7876 1.79066
187 57.7766 89.3647 1.51734
188 67.7452 53.4171 1.58057
189 27.1809 85.8842 2.20912
190 26.0568 42.7638 2.25514
191 35.534 82.9003 2.65215
192 33.8316 45.9933 1.90383
193 44.8163 71.2711 2.03694
194 38.0551 55.196 1.89877
195 32.837 76.0035 2.1653
196 29.7983 52.0452 2.62141
197 38.7667 53.1243 2.2375
198 41.9741 75.697 2.12246
199 27.3638 45.6133 2.43998
200 42.538 78.1863 2.75084
201 32.7358 14.7171 -0.654202
202 63.7742 94.1897 1.7094
203 60.6455 72.7092 1.87129
204 25.088 37.6334 2.88889
205 46.7923 82.4661 2.27792
206 36.0307 55.2891 2.51581
207 29.3899 60.3772 1.93783
208 62.9105 82.7604 1.24988
209 56.4426 91.2508 1.69939
210 79.0791 63.8144 1.3997
211 42.2269 62.4714 2.38758
212 74.7631 88.345 1.02416
213 54.3906 86.4053 1.60977
214 66.1121 52.162 1.92471
215 23.6598 60.9101 2.25653
216 49.8698 66.0472 2.27797
217 31.9472 73.4244 2.17913
218 77.5956 83.3 1.01755
219 74.3412 71.6997 1.28483
220 43.5539 82.18 1.8248
221 46.1716 70.9276 1.94122
222 42.7261 83.0245 2.0089
223 68.0481 96.968 1.70441
224 60.074 91.1456 0.996954
225 34.0024 85.891 2.37432
226 52.5989 60.205 1.71328
227 42.8876 64.0077 2.57753
228 43.0228 57.7471 1.84822
229 42.802 56.0938 2.35858
230 82.3439 45.0117 0.842101
231 82.6275 62.0638 1.30256
232 42.9225 72.6952 2.56607
233 36.0254 60.4901 2.05109
234 28.5709 52.6787 2.46876
235 83.0815 51.8752 1.04055
236 51.8968 58.8349 2.48164
237 29.9041 87.8045 1.84803
238 84.9029 53.7322 1.7797
239 77.5224 54.2743 1.70591
240 27.8709 79.8527 2.59236
241 55.5063 56.6732 2.00832
242 48.8691 70.1114 1.66885
243 43.392 77.9938 2.3714
244 55.9275 70.0664 1.67121
245 44.2917 68.0007 2.59777
246 43.0777 58.6957 2.62766
247 68.8222 27.7902 2.05926
248 77.4105 54.8014 2.0512
249 35.5206 47.9248 2.23943
250 15.1829 77.82 -3.57622
251 22.4552 82.7586 2.80347
252 68.7807 97.316 1.25361
253 59.4014 92.4266 1.63136
254 42.7502 55.8976 1.83514
255 74.7653 64.618 1.76217
256 47.9223 67.4277 1.64789
257 42.3268 57.9863 2.19855
258 59.7445 62.3552 1.61725
259 84.5901 53.4797 1.89224
260 27.1108 43.8085 2.42374
261 79.6301 56.3029 1.46119
262 48.6379 61.9979 2.11883
263 40.1296 70.1972 1.96946
264 62.3684 0.502882 1.29058
265 38.5717 53.2425 2.2364
266 32.06 50.8112 2.29178
267 28.2567 78.1131 2.34602
268 30.1254 56.8204 2.01219
269 15.7393 79.0278 -3.45558
270 82.2349 57.7318 1.52132
271 87.587 55.9236 2.03165
272 50.7767 85.7704 1.77817
273 31.3997 55.6928 2.56296
274 37.9124 64.6218 2.28589
275 41.1268 55.1944 2.40598
276 30.8339 47.9684 2.88007
277 41.0177 74.4567 2.85118
278 47.5376 45.4848 2.32716
279 48.1671 70.0547 1.81439
280 84.5658 58.1986 1.23164
281 42.8361 61.4257 1.94218
282 81.9407 54.4515 1.53926
283 47.0863 88.9321 1.6447
284 46.8008 49.7721 2.52489
285 39.9792 78.9139 1.91619
286 73.5141 47.469 1.88882
287 39.5477 57.7316 1.84454
288 63.1898 86.5214 1.13664
289 48.6824 52.2689 1.82079
290 37.9479 62.3634 1.72804
291 59.7335 54.3504 1.96981
292 71.5169 90.4121 1.14044
293 35.144 63.4128 1.96525
294 86.9222 53.6218 1.67062
295 18.321 72.7808 3.12998
296 45.7081 76.852 2.76603
297 50.1908 61.4755 2.32808
298 60.7654 56.2338 2.49078
299 42.1799 83.9705 2.62182
300 36.547 56.3432 2.22825
301 77.5962 64.7748 1.27278
302 25.9964 53.222 2.07408
303 42.0385 59.3473 1.88376
304 52.7621 46.2074 2.15561
305 27.4473 85.4256 2.50358
306 61.4406 96.4761 1.60319
307 29.2636 86.1172 1.81605
308 79.0667 58.6193 1.32459
309 36.7335 65.7214 2.43114
310 64.4496 97.8722 1.79581
311 86.9207 49.4615 0.97889
312 42.9169 67.4671 1.91175
313 57.9149 87.3458 1.19958
314 74.9046 70.1107 1.41036
315 41.5825 62.3146 2.51277
316 43.0254 76.3874 2.39758
317 81.4628 59.7704 1.61988
318 33.0177 85.1064 1.99587
319 41.609 83.9747 2.6086
320 41.1129 81.4125 2.13792
321 72.837 69.2238 1.51564
322 44.5347 79.6908 2.56983
323 79.4054 60.21 1.65459
324 43.9208 9.68591 -2.48938
325 50.3787 66.0085 1.58617
326 40.5908 54.1396 1.9801
327 37.9272 59.7818 2.20517
328 47.6795 78.2079 2.23993
329 62.2547 87.0905 1.58191
330 56.9555 86.2255 1.17411
331 69.1684 100.253 1.89388
332 57.9032 87.5639 1.10772
333 42.9864 76.1421 2.21574
334 78.2405 50.5348 1.83016
335 36.4374 83.22 2.65061
336 44.7063 81.1344 2.57646
337 78.9324 52.4517 1.49414
338 46.7286 63.9192 1.70931
339 42.2678 60.0347 2.45965
340 7.59665 59.4653 2.24022
341 75.8769 57.7984 2.05605
342 77.3552 61.0959 1.56096
343 50.1353 68.9645 1.85691
344 44.0884 59.9376 1.86357
345 67.3898 90.7677 1.19689
346 76.1865 49.0709 1.36066
347 27.3898 43.1531 2.32423
348 69.0176 53.5705 1.94262
349 24.4872 33.2917 2.17243
350 44.0706 66.506 2.58066
351 56.3774 58.3025 1.97732
352 54.6782 52.4529 1.769
353 68.0625 95.6541 1.13126
354 33.7661 48.8328 2.38667
355 44.6682 53.4565 2.43728
356 45.9898 79.2391 2.69921
357 77.9033 92.503 1.54749
358 83.2968 59.2669 1.90436
359 29.4396 57.7232 2.9214
360 69.0307 72.3547 0.981353
361 24.5027 47.8571 2.95593
362 26.0505 75.1314 2.82489
363 41.4898 56.4146 2.15105
364 66.4364 0.871323 1.69875
365 40.7723 68.5082 2.37487
366 41.5799 77.9251 2.48346
367 44.708 82.1172 2.62559
368 22.7142 55.2287 2.37606
369 60.2522 86.267 1.02105
370 58.8852 93.5201 1.12071
371 74.244 63.8586 1.17233
372 89.8861 54.6085 1.41523
373 42.5787 80.3765 2.42523
374 24.0674 83.2575 2.63216
375 44.321 72.9069 1.89406
376 92.7401 57.804 2.03631
377 52.4396 87.4776 1.87636
378 37.2471 64.7032 2.30513
379 44.371 85.0188 2.46469
380 44.5302 58.4403 1.86118
381 29.1905 39.5008 2.20687
382 32.3068 75.2776 1.64819
383 68.6245 88.6415 1.01249
384 43.5933 73.4862 2.67224
385 67.1554 99.41 1.72384
386 60.2893 8.53463 0.971724
387 28.3792 48.711 2.58084
388 49.1887 61.9977 1.82362
389 26.7781 55.5466 2.22833
390 71.9999 59.6033 1.07793
391 81.0167 57.7354 2.03894
392 26.9498 53.3977 2.51878
393 48.4302 68.3353 2.30787
394 32.4744 77.742 2.49087
395 82.1289 59.8399 2.01126
396 75.0109 70.1159 1.17903
397 31.1689 82.374 1.91007
398 58.2114 86.3076 1.63349
399 57.9034 56.2003 1.91679
400 75.9388 53.3086 1.3605
401 59.319 85.2332 1.91024
402 34.5792 48.6104 1.99619
403 25.3923 70.5808 2.62326
404 38.9249 60.0474 2.36359
405 54.6417 51.6772 2.03286
406 82.6177 42.6678 1.25569
407 36.144 77.1264 2.27353
408 21.9037 59.0859 2.57879
409 48.7387 80.9049 2.29396
410 78.2998 55.7714 1.22039
411 24.0368 78.3302 2.78968
412 48.9664 56.1021 2.41646
413 77.9993 55.5521 1.57
414 47.9531 67.9482 2.56235
415 69.9216 90.2712 1.30346
416 44.0884 75.2883 2.2067
417 75.8167 52.9778 1.39987
418 80.9483 63.4298 1.42906
419 64.5874 87.8073 1.03277
420 35.2166 62.2537 1.7583
421 76.9591 62.5716 1.31534
422 82.8921 56.5704 1.23182
423 44.7573 80.5062 2.07417
424 78.3783 67.307 1.82849
425 35.9805 72.9686 2.51754
426 47.8079 86.6732 2.22294
427 21.7635 83.3198 2.72804
428 42.1429 63.7581 1.84064
429 47.3853 64.0119 2.21983
430 52.8074 65.6246 1.80239
431 43.8971 71.8209 1.94148
432 73.1759 66.1426 1.26132
433 48.8709 84.8742 2.293
434 34.4222 57.8055 1.89997
435 68.809 99.5543 1.75447
436 55.8842 64.6092 1.77943
437 30.5299 53.1285 2.77915
438 30.2139 17.7639 -1.20715
439 43.6625 83.2158 2.66021
440 45.4115 52.8224 1.84027
441 79.994 42.9253 0.860195
442 35.513 79.6392 2.41123
443 29.9167 45.8372 2.47312
444 43.6712 69.5975 2.18568
445 25.1151 41.6051 2.11104
446 75.2157 99.31 1.55265
447 79.7535 47.2269 1.53494
448 0.715326 59.7857 0.468402
449 46.9996 51.2611 2.11435
450 77.0027 59.5334 1.80514
451 35.4466 51.8806 1.98542
452 23.322 84.5861 2.41899
453 46.0506 57.0801 2.22537
454 19.6207 78.9859 2.88769
455 69.6249 89.1134 1.48121
456 73.7728 52.0558 1.69445
457 83.4832 53.7287 1.26668
458 3.64319 58.0676 1.91013
459 73.5456 88.6029 1.10027
460 31.0281 55.292 2.69628
461 63.0321 93.8878 1.54137
462 45.5612 69.653 2.21479
463 87.0998 57.0888 1.67082
464 46.4508 70.6497 1.7512
465 78.6476 58.0691 1.86544
466 47.3391 63.6812 2.49814
467 44.9821 81.8115 2.27838
468 27.0446 55.2962 2.47571
469 55.7707 59.7159 2.12326
470 57.5937 51.1401 1.8198
471 40.8551 64.5717 1.97898
472 46.3563 69.9929 1.88401
473 42.852 75.3025 2.3239
474 21.2701 21.5349 0.738588
475 81.4183 45.4059 0.835474
476 78.8705 93.3304 1.42591
477 42.6205 57.7771 1.91908
478 67.3577 82.5302 1.58968
479 66.4668 89.3326 1.31102
480 94.0859 49.7311 1.92013
481 46.0982 77.1827 2.70041
482 34.2022 48.0032 2.3965
483 75.4444 59.9181 1.90408
484 24.6116 58.3826 2.36744
485 23.0858 49.4389 2.48127
486 48.8487 57.7163 1.68543
487 49.1418 65.4471 2.43829
488 55.9777 56.5414 1.68313
489 66.1939 87.0369 1.32571
490 72.6402 96.6677 1.47979
491 42.0225 58.0341 2.27397
492 46.7117 72.389 2.23369
493 42.3045 64.9721 1.67675
494 41.4111 55.7192 1.86213
495 34.1152 63.2204 2.24422
496 32.1348 82.6513 2.03577
497 80.8743 63.6688 2.15132
498 50.55 62.263 2.09549
499 76.2757 85.2092 1.14729
