500
Particles
0 58.3203 85.6878 1.0503
1 21.8936 86.0882 1.76
2 10.4142 88.698 2.7785
3 59.4553 94.7638 1.17989
4 20.3475 68.6139 2.31562
5 10.0762 95.9485 2.46497
6 46.7191 82.9705 1.5052
7 30.2411 33.5275 1.53756
8 25.3479 95.5937 2.48711
9 26.7352 99.5624 2.71686
10 18.9097 97.7377 2.5198
11 17.5454 29.272 1.39716
12 55.5791 96.7644 0.70667
13 92.174 70.2186 0.034633
14 22.478 70.9788 1.70235
15 29.9296 9.1011 2.82432
16 24.7466 2.28251 2.48742
17 15.335 59.2984 3.00295
18 26.9563 83.5452 1.82566
19 92.1941 8.68642 2.60018
20 59.6637 95.1516 1.39023
21 43.7368 82.4362 1.72646
22 12.7377 4.26324 2.96759
23 23.9048 65.0898 2.55589
24 70.4983 19.6673 -2.63309
25 6.68642 2.18381 2.67153
26 11.2419 95.3571 2.90955
27 18.7897 21.5339 1.7985
28 61.2371 86.5295 1.72793
29 19.5711 61.8475 2.26522
30 11.7913 92.2661 3.16759
31 9.20789 6.29692 2.18875
32 59.129 93.3117 1.55068
33 12.8086 86.6311 2.88958
34 12.0478 3.75606 2.41898
35 28.9961 94.4992 2.07376
36 14.1474 32.575 1.97482
37 48.148 88.3555 0.914107
38 1.26806 0.605753 2.61385
39 17.5112 66.0112 2.76912
40 14.3484 1.40337 2.59934
41 94.6898 75.048 0.154939
42 20.396 2.23648 2.66375
43 69.991 12.0259 -2.39587
44 22.8263 90.0925 1.79882
45 22.3602 2.13056 2.83784
46 11.4725 4.94503 2.72861
47 6.28469 27.7296 2.74087
48 14.5512 1.68929 2.32026
49 7.5466 96.5706 3.18202
50 34.1683 95.1664 1.85531
51 13.7835 5.91605 2.68882
52 69.0907 16.2566 -2.05068
53 12.8219 31.1399 2.05952
54 28.0421 71.8323 1.50891
55 4.05996 10.516 2.69306
56 29.9597 73.7704 1.95083
57 18.7496 95.0962 2.54871
58 26.5846 77.0822 2.13853
59 4.02084 0.488292 2.58733
60 30.4749 89.0961 1.76149
61 18.7081 1.23729 2.30006
62 24.6345 94.4953 2.0355
63 19.422 81.0093 2.3354
64 41.3925 88.4449 0.910897
65 2.0321 12.2007 2.71999
66 30.9409 92.6657 1.71345
67 31.6598 93.6862 2.19606
68 0.888172 10.2348 2.68788
69 23.1708 94.2322 2.61009
70 46.0844 85.855 1.6352
71 10.235 2.31004 2.63018
72 32.7798 89.4141 2.05821
73 51.1284 87.8301 1.62909
74 16.2529 94.7724 2.45261
75 71.7171 24.8783 -1.4548
76 19.5458 95.011 2.95071
77 45.52 85.754 1.57355
78 11.4189 92.2564 2.32904
79 28.7604 79.4272 1.94313
80 15.3167 98.0021 2.77373
81 29.7535 91.6823 1.73888
82 96.4399 6.25333 2.64496
83 23.9358 76.3742 1.62281
84 7.09515 8.24466 2.84604
85 14.0051 98.3851 2.32157
86 15.9597 98.0799 2.6115
87 97.0493 6.28198 2.68518
88 93.014 8.55232 2.4852
89 14.0972 95.0636 3.05166
90 69.0739 21.9667 -2.6095
91 7.10474 6.02062 2.54211
92 97.0168 5.23033 2.57866
93 25.5299 73.5664 2.47845
94 15.9354 99.2606 3.00735
95 58.7585 90.3734 1.91791
96 41.1197 86.23 1.16787
97 49.6692 90.1207 1.13279
98 13.609 95.6186 3.16015
99 68.1666 87.9651 1.35906
100 69.8206 17.3069 -2.70802
101 28.2013 84.3775 2.22372
102 20.1657 99.4238 2.85132
103 10.4637 99.2271 3.15297
104 15.5778 3.51876 2.54992
105 66.6551 21.4124 -2.57396
106 29.7333 74.1448 1.5634
107 59.1941 87.1291 1.12834
108 14.3734 5.22616 2.29812
109 31.4359 76.4085 2.23875
110 76.9173 82.5935 -2.91823
111 47.9184 88.0114 1.59146
112 60.5223 94.4439 1.5822
113 50.5377 82.9312 1.12527
114 41.8137 13.1239 -1.52128
115 51.3214 94.7842 1.44327
116 17.7667 92.6665 2.25292
117 6.44838 3.9853 3.11218
118 56.9022 96.1627 0.89114
119 26.4825 72.3896 1.53349
120 8.18056 2.97093 3.1519
121 28.1622 96.3362 2.68279
122 14.9544 1.36008 2.8142
123 24.4714 83.0899 1.88609
124 86.742 68.8286 0.440494
125 3.08247 10.1478 2.99464
126 20.9842 6.94955 2.8769
127 90.347 73.0226 0.456444
128 69.4884 20.1714 -2.72181
129 59.0007 81.9538 0.794352
130 65.6935 87.144 1.70722
131 18.2481 98.257 2.17368
132 4.25554 36.6833 -2.88849
133 4.1369 42.4647 -1.68769
134 7.89039 95.747 2.86817
135 51.5491 86.7936 1.75941
136 15.4739 94.9235 3.14826
137 48.6581 87.274 1.30465
138 17.7667 0.387089 2.50172
139 9.62534 1.62978 2.92904
140 21.1948 99.5138 2.24509
141 4.20012 11.6554 2.17148
142 26.7125 76.6398 1.61121
143 24.7135 2.5987 2.71832
144 46.0202 90.5944 1.58151
145 56.9669 84.2549 1.25073
146 64.7503 86.7947 1.63057
147 9.99973 86.3843 3.22304
148 65.2583 88.6315 1.10751
149 30.7023 91.868 1.94441
150 21.2171 0.316107 2.60528
151 58.5915 92.1473 1.3774
152 17.8035 95.147 2.88928
153 13.9598 4.43323 2.52416
154 24.431 1.91203 2.75243
155 7.11797 43.456 -2.22803
156 29.3737 96.516 2.20224
157 18.3013 6.73977 2.1784
158 9.55689 95.6289 3.17494
159 25.3111 7.87174 3.00925
160 12.6668 90.1117 2.98299
161 22.5375 6.00822 2.58363
162 31.8834 97.585 2.32272
163 0.294641 7.74999 2.2862
164 77.6606 47.167 -1.71402
165 28.95 93.2611 2.06579
166 96.8223 8.55238 2.62298
167 53.2416 89.9382 1.01674
168 28.7041 82.7629 1.5748
169 74.3774 17.359 -2.10257
170 14.5153 85.6596 2.61049
171 46.9944 82.7164 1.45343
172 54.9121 85.7994 1.21495
173 22.2398 99.0314 2.67316
174 10.0842 95.8812 2.91101
175 7.67459 7.60189 2.57045
176 27.2045 10.1958 3.13218
177 12.2177 100.258 2.54823
178 73.3587 17.8392 -2.78034
179 60.1003 87.0747 1.22628
180 49.7152 83.9207 1.8494
181 26.7051 1.16795 2.55982
182 30.7868 74.1091 2.18016
183 72.9053 90.8631 1.1764
184 0.856946 6.08787 2.20264
185 0.968513 44.8717 -2.17139
186 16.596 2.13397 2.29245
187 59.7204 93.9216 1.21321
188 21.0747 77.1425 2.15824
189 12.571 91.225 2.88397
190 9.08724 95.6253 2.35867
191 46.3605 91.8739 1.1492
192 15.6465 96.4115 2.66422
193 10.893 5.87415 2.85116
194 13.5395 96.7123 2.48496
195 44.5783 84.4388 1.65362
196 9.7344 98.8082 2.66875
197 17.0052 99.1793 2.60274
198 96.5115 5.23216 2.47213
199 10.3099 97.3132 3.22673
200 47.8923 85.7989 1.72669
201 13.5743 62.2664 2.54932
202 68.7677 18.3906 -2.26532
203 23.1704 6.77078 2.76825
204 11.5052 95.2389 2.73885
205 52.9164 87.9868 0.878266
206 13.6067 100.09 2.28389
207 6.14221 3.79569 2.6345
208 2.10017 6.15303 2.83023
209 60.8681 95.776 1.11038
210 31.0321 87.3217 1.46872
211 14.7044 2.09087 2.1867
212 3.61346 38.3055 -2.54459
213 63.7015 91.2256 1.31747
214 21.3751 78.1227 1.91634
215 53.8109 84.1911 1.46922
216 21.3786 3.83661 2.21743
217 46.2441 82.0031 1.59717
218 16.8413 10.7477 2.77513
219 16.1833 58.2465 2.99107
220 51.1357 88.322 1.2615
221 15.5909 7.80951 2.84335
222 47.1633 89.1947 1.51882
223 69.2655 27.2562 -1.35328
224 60.6407 95.0097 1.65612
225 17.8479 29.8402 1.79533
226 24.459 99.6954 2.19507
227 16.5298 2.92115 2.55363
228 17.5035 97.4852 2.30093
229 20.3518 1.45777 2.46971
230 92.6823 72.2487 -0.332014
231 35.6022 88.7254 2.18763
232 7.69203 6.61825 2.56588
233 10.5301 2.19577 2.96909
234 8.14323 99.5631 2.72927
235 28.4076 70.8738 2.18283
236 23.9714 97.7575 2.31676
237 14.182 90.9225 2.45125
238 26.2454 69.6197 1.99331
239 22.7124 72.7016 2.31289
240 40.1122 97.9957 1.99944
241 23.3857 90.84 1.93879
242 16.5239 4.95778 3.0619
243 51.036 84.5245 0.92072
244 24.0792 5.7457 2.97154
245 14.9232 5.56344 2.44216
246 17.8264 99.4123 2.84844
247 89.4145 76.9074 0.265919
248 26.0657 75.325 2.20516
249 14.7467 93.8938 2.98847
250 15.8831 24.3875 1.2843
251 9.04387 90.524 2.55555
252 27.7394 32.4855 1.49656
253 68.1018 15.6904 -2.03364
254 17.7103 97.6107 2.16765
255 31.3482 92.274 2.02081
256 18.1333 4.94232 2.21387
257 17.663 99.5302 3.0135
258 27.4883 96.8134 2.47822
259 31.4536 73.1988 2.29042
260 11.9441 97.076 2.45289
261 28.4372 75.8805 2.20267
262 22.157 2.0582 2.49299
263 8.51682 6.13458 2.39633
264 12.3712 87.603 3.03649
265 15.6429 97.1538 2.22054
266 12.8176 99.1634 2.36079
267 42.3505 88.288 1.42708
268 9.88271 4.53641 3.10416
269 18.4803 23.4862 1.86953
270 28.4888 76.8534 2.16603
271 31.7765 73.7594 1.83084
272 63.5387 91.0645 1.50845
273 8.53222 99.5081 2.44716
274 11.0365 3.30306 2.5769
275 18.8674 100.077 2.71726
276 12.4988 97.0048 2.48628
277 56.3397 86.7911 1.20979
278 20.7966 86.6148 1.705
279 17.2749 7.01708 2.28891
280 27.507 75.0957 2.34869
281 17.2402 0.973989 2.22675
282 26.9589 72.0078 2.10243
283 52.1118 94.2108 0.988133
284 21.3372 92.2488 2.01868
285 46.4228 86.4941 1.63953
286 89.1326 75.5809 0.0434957
287 15.5721 0.578114 2.96386
288 68.7223 91.4539 1.53255
289 20.2725 90.1709 2.24519
290 12.388 4.56731 2.31757
291 24.1745 87.3321 1.46369
292 73.4201 14.2849 -2.90581
293 9.92733 4.31944 2.70135
294 27.9763 70.0365 2.10338
295 19.5608 10.9429 2.74699
296 1.98576 5.81769 2.4612
297 23.3395 1.6864 2.45748
298 25.6587 89.0676 1.71309
299 49.5642 90.2093 1.26107
300 13.621 99.3826 2.45086
301 32.4492 90.3044 1.91869
302 4.02724 97.9244 2.70369
303 16.839 0.851531 3.03931
304 20.8604 83.6383 2.40635
305 11.6378 92.295 3.13696
306 17.8407 30.5296 1.40651
307 12.9148 90.4375 2.58756
308 28.1978 76.2564 1.98916
309 10.0142 5.10779 2.17955
310 21.252 29.6526 2.06499
311 96.6296 70.6009 -0.158961
312 14.4024 6.11673 2.99632
313 59.5814 91.9041 1.16912
314 23.296 8.2953 3.18509
315 14.973 2.35487 2.75804
316 50.7462 85.1503 0.964737
317 28.4399 79.4704 1.99374
318 55.1494 97.6407 0.485792
319 46.4467 91.0978 0.925123
320 49.0831 87.6685 1.1946
321 16.5137 58.4089 2.23034
322 50.4546 86.2212 1.18181
323 28.5105 80.0925 1.77763
324 16.6515 91.617 2.7252
325 21.4798 2.98334 2.29402
326 17.4015 97.3482 2.64099
327 13.534 1.83512 2.13744
328 99.3855 6.09038 3.00212
329 63.6441 92.2856 1.35612
330 58.5755 91.0734 1.03971
331 89.2122 44.0974 2.32855
332 62.345 92.662 1.46392
333 92.7557 4.1808 2.68348
334 22.1971 68.9207 2.10194
335 46.838 90.5123 0.926844
336 49.5682 87.8427 1.41264
337 22.9259 71.0838 2.06785
338 20.0918 3.34462 2.23496
339 16.0804 99.7708 2.95097
340 40.5544 84.0631 1.26299
341 23.0264 76.9968 2.32096
342 29.0681 83.4357 2.02481
343 19.3122 4.77968 2.2489
344 18.8604 99.7488 2.58644
345 71.5251 11.5764 -3.05515
346 96.3284 76.7508 -0.102418
347 10.7661 96.7222 3.11514
348 21.6712 76.6366 2.13366
349 10.7339 93.1895 2.49189
350 15.9734 5.90455 2.21789
351 28.7043 99.0938 2.54817
352 22.0168 87.099 1.79092
353 70.3002 24.046 -2.48594
354 14.6713 96.4543 2.82238
355 19.8378 95.2917 2.3604
356 66.4508 89.4318 1.9814
357 8.35795 45.1815 -2.69296
358 30.5525 78.5879 2.37577
359 7.87743 3.67034 2.79432
360 27.3125 4.05306 2.96892
361 5.93477 97.1475 2.84879
362 43.4534 85.882 0.994322
363 17.3347 98.141 2.27594
364 12.986 87.7033 3.32058
365 11.6163 7.00015 2.6044
366 48.3594 84.827 1.85781
367 53.0937 88.602 1.44303
368 64.1975 86.5795 1.83134
369 71.5784 7.5265 -2.39998
370 59.9084 98.5925 0.64993
371 31.6215 91.7558 1.82876
372 29.8719 69.9629 1.90409
373 49.6901 86.4239 1.47762
374 11.9248 89.4696 2.70404
375 9.54866 7.70809 2.62795
376 34.5907 76.326 2.09659
377 56.2135 91.5014 1.5248
378 11.5312 5.90261 3.11236
379 51.8642 90.4574 1.46746
380 19.6478 99.9818 2.55482
381 13.8548 94.1594 3.00261
382 45.3771 82.8843 1.04716
383 77.8772 22.0845 -2.25267
384 6.89415 5.27232 3.07627
385 25.1499 29.4291 1.16014
386 12.0339 31.7671 2.24831
387 10.4411 98.8175 3.07937
388 22.8852 2.32812 2.42633
389 5.68664 1.34018 2.51341
390 27.2675 87.2186 1.80956
391 27.3495 75.7896 1.88141
392 1.21001 94.1137 1.98265
393 18.3534 4.66722 2.80074
394 45.7104 85.6026 1.12328
395 30.5062 80.1763 1.81712
396 17.8776 56.7188 3.13871
397 47.9027 95.4639 0.515395
398 62.4287 91.1423 1.81141
399 26.6542 92.8911 2.18825
400 22.968 72.0322 2.2596
401 97.9633 8.54069 2.32712
402 15.8703 97.546 2.52891
403 42.8819 82.5925 0.964356
404 13.8218 0.653683 2.89717
405 21.5363 87.0378 1.93593
406 90.1047 71.8485 -0.0367208
407 46.5349 84.5965 1.09624
408 53.6339 84.6686 0.995085
409 51.7189 87.451 1.60425
410 20.4765 72.2661 2.18068
411 42.2598 12.5306 -1.83857
412 22.8175 95.1994 2.20721
413 26.514 75.166 2.12993
414 18.0527 5.60391 2.24143
415 70.9794 11.69 -2.98501
416 2.40947 4.53078 2.65684
417 22.9365 74.4272 2.38668
418 32.782 87.6451 1.56488
419 81.5745 21.7616 -2.55204
420 8.78689 3.57524 2.98954
421 26.8584 84.738 1.79308
422 28.9451 75.1122 2.27017
423 49.7493 86.3839 1.51376
424 26.8196 8.90504 2.59047
425 46.3657 81.4452 1.30293
426 53.1313 92.1488 0.983691
427 7.0177 91.188 2.54236
428 16.5403 4.7687 3.14993
429 20.5869 2.62781 2.58121
430 24.0745 4.18658 3.14681
431 11.0642 7.76835 2.68598
432 31.5891 94.3682 1.91258
433 59.0281 90.3603 1.03385
434 12.6873 2.22427 2.46715
435 11.9875 87.1072 3.37573
436 25.8491 1.35622 2.25179
437 10.7917 0.852771 2.80417
438 17.3713 63.6779 2.40644
439 51.9384 89.3371 1.65841
440 19.4655 94.32 2.6062
441 87.9714 70.0479 0.150208
442 46.7026 86.1441 1.37852
443 13.352 96.7572 3.18966
444 13.9204 5.98465 2.40729
445 8.40488 93.9273 3.00554
446 90.4764 67.2637 -0.100225
447 92.9163 74.681 -0.512644
448 34.2348 15.6678 2.37143
449 20.7607 92.3234 2.3986
450 24.981 77.7943 2.13675
451 15.48 97.8306 2.50008
452 9.91552 92.3993 2.73538
453 22.1647 0.971395 2.80569
454 57.8789 83.1972 1.35916
455 96.0822 10.5019 2.53449
456 16.2901 69.486 1.84491
457 27.8072 70.2516 1.87005
458 36.0693 95.6776 1.69458
459 6.35715 14.0336 2.58396
460 8.32974 97.2453 2.75442
461 68.9219 20.7983 -2.05564
462 15.6237 6.297 2.76887
463 31.7582 75.7508 1.94372
464 17.4453 8.49091 2.83144
465 28.0324 78.5233 2.37376
466 20.2839 3.65418 2.79747
467 49.8716 87.1413 1.12232
468 6.06619 1.17122 3.09752
469 27.2145 99.0082 1.99887
470 23.4795 84.4543 1.46652
471 16.2219 5.42385 3.10417
472 15.1824 6.38995 3.12086
473 53.6958 85.2556 1.09197
474 30.9228 10.4261 3.15096
475 91.7851 70.8433 -0.244627
476 9.62437 44.7971 -2.65612
477 15.4914 97.8236 3.05272
478 8.42743 9.78804 2.97444
479 75.4876 11.9927 -2.88381
480 29.3392 68.7083 2.2378
481 3.58512 5.74069 2.82436
482 15.491 95.5553 2.68208
483 25.9531 80.8316 1.68153
484 0.161973 0.542271 2.38808
485 2.86431 96.4442 2.29879
486 23.258 98.333 2.4435
487 20.9283 4.21148 2.32248
488 27.4344 95.6197 2.10083
489 98.4698 9.03494 2.64428
490 28.8517 32.2155 1.71465
491 18.9387 1.12382 2.24471
492 14.5901 6.95014 2.70667
493 14.7612 3.76437 2.97058
494 17.7645 99.1113 2.57824
495 8.54729 3.40032 2.42594
496 45.6825 91.9729 1.42938
497 28.1315 6.78626 2.93858
498 23.2999 1.20945 2.76021
499 6.51397 13.9711 2.43417
