500
Particles
0 13.4338 26.6151 -2.68457
1 78.6014 58.453 2.59226
2 61.5556 29.2817 1.59898
3 57.9414 49.8009 1.79472
4 6.55535 81.313 2.78261
5 83.9239 56.4594 1.96081
6 29.8472 97.6203 2.31377
7 68.2533 56.5602 1.88767
8 0.22699 91.5893 3.04665
9 41.2499 34.722 0.902031
10 29.3449 76.0537 2.08026
11 28.2057 8.31362 2.74294
12 71.9634 28.64 2.36224
13 98.157 55.8374 2.76207
14 8.33163 84.1367 2.1404
15 0.12703 60.9893 3.15767
16 50.1047 85.0091 1.64917
17 24.9511 14.1636 2.88722
18 12.851 99.9248 1.92057
19 100.212 1.3624 -0.0506102
20 59.4967 51.2235 1.67411
21 27.5871 96.0669 2.91394
22 27.2758 86.0022 2.14069
23 2.12773 71.0107 2.30867
24 61.9844 52.7808 2.0396
25 14.2008 75.4496 2.56233
26 7.65059 24.067 2.75621
27 23.9867 2.5245 2.89628
28 25.5027 91.7123 2.26104
29 77.9924 26.8948 1.05935
30 50.5673 25.6926 1.40093
31 25.5497 88.1657 2.80163
32 87.4484 27.1199 1.08418
33 52.9554 60.3622 1.95305
34 13.7735 71.4606 2.80913
35 13.4514 6.4789 2.62666
36 40.1281 56.846 2.59448
37 78.0801 25.0242 1.68952
38 15.1538 79.3838 2.61832
39 4.56563 73.8866 2.41737
40 11.0429 62.0254 2.41926
41 0.18638 70.2811 2.75245
42 33.8237 79.4052 2.12727
43 60.3014 50.9768 1.9826
44 82.2704 58.7247 2.33997
45 39.0039 83.8411 2.20628
46 14.3326 74.853 2.69488
47 79.5656 48.1513 2.05161
48 25.6116 78.7105 2.54043
49 11.1605 21.5992 -3.22738
50 19.0375 3.6495 2.54089
51 34.7192 90.8858 2.58758
52 58.7065 53.4724 2.30233
53 43.8339 56.3673 2.53468
54 8.95203 81.3757 2.81039
55 65.9559 48.31 2.03121
56 10.0507 81.446 3.10185
57 28.4626 68.3469 2.71448
58 15.8684 94.7089 2.68234
59 3.55458 61.1067 3.04879
60 19.0325 100.047 2.0784
61 27.4759 77.6614 2.04794
62 96.8557 72.4982 3.20599
63 6.05966 7.02856 2.04866
64 24.3994 99.4748 2.65388
65 79.5679 48.6085 1.6164
66 15.8843 4.10028 2.38005
67 18.4861 3.99087 2.62062
68 84.2037 44.6149 2.22587
69 41.0955 74.8755 2.54262
70 26.9299 99.5999 2.12739
71 16.0235 75.6321 2.71099
72 15.8712 100.261 2.1129
73 75.4097 22.1734 1.14675
74 32.0737 76.9567 2.65638
75 67.8375 53.1979 1.87514
76 33.3487 76.3566 2.2186
77 30.5733 100.071 2.17361
78 81.1974 29.0219 0.854374
79 16.0441 95.5678 2.9277
80 28.0166 78.9202 2.48326
81 19.3063 6.05846 2.43472
82 3.95312 99.6941 2.22437
83 8.50609 95.057 2.03045
84 64.7556 46.3383 1.67658
85 29.3332 81.5104 1.94986
86 29.3921 78.6481 2.0152
87 80.8206 19.8097 1.18233
88 68.1078 47.2852 2.33482
89 26.9462 73.8478 1.93228
90 62.3975 53.9138 2.02783
91 25.9761 89.2414 2.29409
92 32.0938 96.8204 2.64407
93 2.60171 80.4562 2.33639
94 25.9546 78.3304 2.35757
95 45.1323 26.7615 0.761594
96 26.5576 98.467 2.0151
97 30.6889 3.49661 2.7872
98 17.1579 63.3154 2.51901
99 28.492 93.7933 2.70471
100 62.8932 54.5359 2.13797
101 16.3553 1.68985 2.58438
102 28.8213 76.0648 1.9827
103 7.32694 58.7678 3.01845
104 28.0313 83.6679 2.63886
105 61.3205 56.1986 1.53363
106 10.3263 82.1373 2.99233
107 5.22486 69.0194 2.27157
108 29.1193 88.4982 2.39142
109 16.127 93.0557 2.30803
110 69.3902 54.4006 2.38867
111 83.0609 24.5655 1.20647
112 56.4495 48.5857 2.11493
113 25.9322 93.5405 2.67382
114 24.7253 3.87101 2.59337
115 61.5044 25.593 2.06336
116 30.7736 71.1204 2.61136
117 15.5062 78.9621 2.75653
118 56.8802 21.7663 1.61379
119 6.57444 84.8775 2.87062
120 2.99644 54.6033 2.79987
121 74.4703 56.9873 1.99144
122 20.372 74.7205 2.063
123 3.52292 81.5454 2.55928
124 62.0987 29.2148 1.84697
125 83.59 28.5829 1.05357
126 48.2328 87.1343 1.17064
127 95.4835 56.5475 3.35278
128 65.3209 52.2666 1.83433
129 17.5197 100.098 2.3062
130 16.7758 81.9269 2.55618
131 31.4937 76.7865 2.69787
132 86.1616 26.7226 0.884204
133 11.7389 17.9159 -2.6886
134 58.7511 67.9152 1.34958
135 80.7829 84.0588 -1.45241
136 26.9983 71.1753 2.0861
137 27.2832 99.459 2.86907
138 31.4221 80.7952 2.15914
139 4.75087 54.7957 3.41573
140 32.0848 76.4208 2.6435
141 2.85059 9.10443 1.72827
142 10.0737 93.4158 2.82759
143 12.5056 15.158 2.71655
144 26.9132 0.8335 2.75593
145 20.3118 5.83883 2.95925
146 5.68707 68.2303 2.16173
147 56.3579 60.9644 2.56018
148 77.0272 21.562 1.66784
149 14.2353 5.52065 2.43244
150 31.2683 78.7328 2.39562
151 3.06577 23.0638 2.32307
152 28.1294 72.2083 2.59859
153 30.5778 87.3346 2.18088
154 49.6378 80.8969 1.52793
155 8.7094 17.1066 -2.75245
156 4.49704 94.7845 2.58089
157 93.5826 62.6652 2.84701
158 9.11052 23.0322 2.82441
159 42.39 23.7035 0.359557
160 43.3145 56.7681 3.26147
161 45.7169 24.9328 1.18036
162 13.4175 4.08433 1.91741
163 69.6594 42.7204 1.86021
164 79.5483 48.8229 1.59068
165 7.52822 99.6937 2.72625
166 66.3548 46.0923 1.70403
167 83.8775 23.2355 1.70323
168 18.5476 99.9777 2.72551
169 75.5735 50.6128 1.22025
170 50.0381 31.3843 0.633802
171 27.7638 97.6173 2.55047
172 0.426128 58.9059 3.03544
173 33.9161 77.0795 2.57303
174 79.1664 54.4021 1.95502
175 87.4639 26.8933 1.27764
176 62.7023 30.9742 1.91453
177 6.14471 52.8688 2.85886
178 59.8854 52.1174 2.03763
179 24.4765 91.0047 2.20013
180 28.2007 96.3136 2.6041
181 15.0101 15.8922 2.63172
182 15.7907 90.101 2.67132
183 9.13212 20.1174 -3.28106
184 37.2966 100.247 2.33571
185 82.8072 48.2867 1.30182
186 31.8964 84.9498 2.37952
187 57.5484 29.9692 1.08152
188 93.2188 60.2657 3.26571
189 33.1722 14.2557 2.4734
190 81.3543 52.537 2.14242
191 83.3175 1.94508 0.648805
192 17.026 56.984 2.19966
193 34.1636 92.8667 2.85392
194 14.5267 62.2599 3.23711
195 23.0543 94.0734 1.99766
196 3.93746 52.9305 2.87914
197 26.1847 74.7265 2.29752
198 34.9285 99.3182 2.45207
199 46.932 31.5196 0.566714
200 33.9227 0.624046 2.56503
201 69.6019 24.4174 2.26318
202 61.1436 54.1413 1.81087
203 46.8297 26.2043 1.24517
204 8.01949 22.3188 3.36609
205 82.1839 22.502 0.791249
206 11.8201 62.4773 3.07001
207 11.3267 74.6843 2.75183
208 11.8576 9.2689 2.76158
209 54.9958 29.4697 -0.272466
210 18.9378 2.78574 2.78663
211 31.0283 84.6028 1.93016
212 8.84043 15.9742 -2.96222
213 87.6456 22.03 1.18477
214 92.9898 57.0516 3.21575
215 12.0474 78.6838 2.33186
216 37.1743 84.6403 2.87744
217 24.347 94.8098 2.44765
218 57.7627 20.3714 1.49437
219 24.1689 13.9711 2.63754
220 77.0253 23.5422 1.75571
221 38.0808 94.9201 1.98726
222 76.7061 23.6511 1.15933
223 65.711 56.2391 2.59349
224 54.0428 50.9767 2.06476
225 65.5801 28.8949 1.46695
226 41.2491 26.4169 0.846019
227 35.232 89.2178 1.93914
228 29.7972 78.6087 2.34603
229 36.4726 84.1015 2.31245
230 98.2972 60.5261 3.04178
231 21.2986 0.782875 2.10407
232 31.698 93.2443 2.18845
233 14.3449 73.3991 2.76635
234 5.91966 59.8757 3.29951
235 10.6192 82.6284 2.22136
236 47.9146 81.0164 1.23651
237 62.1362 28.2807 1.70085
238 19.352 93.3723 2.6931
239 10.9671 94.0508 2.32515
240 23.1469 1.29334 2.55159
241 2.65749 91.9817 2.74888
242 32.2362 85.8499 2.25119
243 33.3044 0.76598 1.97719
244 45.3404 24.2445 0.313342
245 33.6137 90.0799 2.41178
246 31.2296 81.8423 2.46312
247 83.2215 51.5731 2.12336
248 5.19469 81.8194 2.34125
249 18.7365 61.7865 3.22275
250 19.0628 100.211 2.16426
251 30.6196 14.1542 2.62274
252 63.4621 57.5132 1.67778
253 50.0841 52.063 1.87342
254 29.9323 75.4859 2.58641
255 13.4228 1.96936 2.14864
256 33.3592 84.9869 2.24865
257 25.2892 74.1586 2.73161
258 4.59707 97.6248 2.7843
259 9.4364 81.6101 2.22381
260 15.9765 20.4298 -2.98571
261 9.43063 90.2863 2.08416
262 35.0924 80.5801 2.0167
263 31.1569 92.5198 2.63164
264 56.6575 62.8774 2.4788
265 26.9004 75.0155 2.43902
266 15.6171 26.7214 -3.35854
267 24.1251 0.715123 2.87538
268 2.83566 53.6906 2.81393
269 21.3857 3.71349 2.81626
270 14.7222 90.8572 2.10705
271 12.7897 86.5613 2.92504
272 85.8519 21.5412 0.747255
273 5.1895 57.8073 3.17804
274 18.1793 78.9017 2.45481
275 31.0585 79.254 2.30805
276 14.4157 22.3403 -3.50836
277 33.2946 97.5422 2.93086
278 73.4019 56.8502 2.11663
279 32.9977 87 2.83299
280 23.3708 98.7634 2.463
281 29.4712 81.7159 2.14637
282 9.15547 84.2791 2.61778
283 85.0247 21.6992 0.946093
284 46.2554 75.5305 2.25919
285 30.3163 0.706089 2.66327
286 97.6221 67.3615 2.59505
287 28.2545 80.349 1.85344
288 49.3676 17.2861 0.964893
289 40.7243 73.9331 3.02295
290 17.2216 75.3302 1.93447
291 7.52901 17.7114 -2.66305
292 6.29973 16.5476 -2.62854
293 13.3662 74.1618 2.04743
294 14.4285 85.9927 2.81241
295 26.5773 95.1841 2.0205
296 39.142 99.4911 2.46196
297 47.8836 83.4723 1.92019
298 8.1708 96.2731 2.24544
299 66.2544 24.0805 1.75809
300 21.3186 75.2771 2.04772
301 18.441 3.26167 2.93068
302 1.42344 54.0108 3.01023
303 30.7593 82.131 1.81966
304 7.95551 11.0786 1.9801
305 33.4889 14.1917 2.12855
306 54.3442 57.6658 2.07462
307 64.9243 26.6238 1.29022
308 9.12928 92.4078 2.52408
309 15.8164 77.6071 1.89901
310 59.8977 59.2781 1.90032
311 4.76108 72.5651 2.99972
312 33.3254 91.2161 2.11104
313 86.5005 23.3883 1.53631
314 17.5408 6.45915 2.0828
315 32.8164 86.6351 2.61243
316 32.176 96.2178 2.25207
317 13.5083 92.3831 2.4103
318 62.4784 26.9419 1.50336
319 75.666 24.6818 1.73555
320 78.9902 23.3013 1.23719
321 19.282 8.72029 2.90466
322 76.4937 19.756 1.76287
323 15.7356 95.9211 2.40093
324 44.0726 28.962 0.862275
325 38.2843 84.5335 2.1909
326 26.8356 74.809 2.59743
327 15.1507 71.06 2.72228
328 84.0511 19.8882 0.742145
329 82.3759 31.683 1.68114
330 87.042 21.0004 0.904504
331 60.8582 62.11 2.58228
332 47.0598 29.5186 0.942736
333 38.5601 2.40248 2.08894
334 4.36987 75.7361 2.93436
335 64.8411 22.6397 2.25969
336 80.266 22.3601 1.3144
337 6.91885 83.9957 2.16748
338 39.6933 86.6203 2.69394
339 23.6498 75.9866 2.67473
340 97.7199 52.7827 2.40233
341 9.16627 94.155 2.08814
342 19.995 2.74998 2.31391
343 36.7841 85.5959 2.11292
344 33.5633 82.0302 1.87064
345 66.4672 50.5821 1.94344
346 2.40187 73.3142 2.80671
347 18.1698 20.9956 -2.95966
348 96.1195 68.8288 3.24059
349 82.7982 49.824 1.42802
350 28.9973 83.9416 2.13603
351 9.6637 9.47311 2.16281
352 84.5674 57.1672 2.56218
353 65.2072 54.5847 1.77512
354 15.7831 59.9062 2.92656
355 31.6552 74.5016 2.63832
356 81.0164 18.7437 1.24967
357 81.2691 49.713 2.04492
358 21.8777 98.5483 2.18028
359 12.043 72.9543 2.54132
360 15.3972 9.12018 2.44673
361 13.2475 23.867 -2.68346
362 23.3128 96.1145 2.37377
363 30.2552 80.1095 2.14059
364 64.5714 60.9322 1.86699
365 29.7421 91.2551 2.27926
366 32.2562 0.683107 2.09535
367 82.5921 23.4246 1.30236
368 0.455182 58.358 2.99125
369 94.0595 21.2001 1.07878
370 52.7008 54.814 2.25877
371 16.5087 3.30917 2.64075
372 20.5344 90.5205 2.98361
373 44.0364 7.61857 1.36204
374 19.0187 3.86498 2.39666
375 39.4616 99.4823 1.83581
376 22.1575 95.7283 2.58972
377 87.2563 24.7321 0.971117
378 17.76 77.5375 2.69786
379 80.3772 25.9317 1.7708
380 30.2421 77.7241 1.91195
381 43.3903 30.5531 0.755779
382 29.1391 99.5342 2.36328
383 69.9956 49.6708 2.24881
384 29.9565 92.255 2.25862
385 67.7293 56.1251 2.49225
386 40.5401 53.4658 2.83336
387 11.1204 20.0263 -3.20892
388 38.9201 82.785 2.49927
389 11.4759 72.6708 2.13305
390 6.76987 97.2944 2.50502
391 15.1938 95.7451 2.28577
392 13.6248 72.7364 2.49416
393 36.8013 87.1734 2.45501
394 28.3338 100.041 2.27034
395 19.7333 97.1722 2.46034
396 23.0232 11.5978 2.42875
397 21.5437 98.8302 3.07603
398 86.5456 21.7188 1.41508
399 3.30632 89.7492 2.66809
400 5.16694 84.6354 2.93003
401 44.0059 28.1178 0.406481
402 15.5063 59.4293 3.05407
403 29.1591 97.7893 2.54354
404 21.0142 76.3671 2.14008
405 81.0768 57.783 1.7091
406 96.2538 56.1751 3.24242
407 30.6224 1.07664 1.97235
408 13.2078 79.4986 2.20591
409 83.6126 21.8375 0.911005
410 7.0006 86.9191 2.81093
411 22.2752 2.72002 2.74947
412 30.8122 72.2968 2.66711
413 9.24914 92.6454 2.85157
414 36.6991 87.5645 2.52934
415 77.151 49.3115 1.44165
416 33.1896 96.0708 2.67143
417 6.22195 85.556 2.43997
418 22.4452 4.25207 2.38648
419 66.3132 48.4042 1.84953
420 9.26305 68.163 2.37688
421 21.2593 2.78711 2.16421
422 10.0641 86.177 2.98803
423 64.4949 14.4866 2.86174
424 23.3966 11.5685 2.12376
425 26.5826 92.4533 2.98096
426 17.8464 23.2922 -2.6292
427 21.8707 7.36808 2.82441
428 24.186 79.8868 2.57631
429 32.1784 80.1751 2.01304
430 12.4013 16.7457 -3.16113
431 37.3157 96.2352 2.66152
432 17.0004 6.32154 2.18923
433 88.9219 18.4764 1.24021
434 17.1964 72.5835 2.18537
435 65.0477 60.0255 1.94503
436 16.4989 16.0969 3.50608
437 5.00003 55.208 2.66539
438 78.598 29.1105 1.05992
439 81.8287 24.7893 1.41416
440 33.4044 75.276 2.37283
441 93.7962 54.4034 3.21452
442 25.7841 100.356 2.02919
443 44.8277 32.8992 0.685935
444 32.3176 91.1699 2.28463
445 77.6003 54.2645 2.04475
446 68.3554 56.0894 2.40832
447 1.28396 70.2168 2.41417
448 25.3213 98.4629 2.93137
449 39.2513 74.2861 3.11895
450 11.7708 96.4581 1.91781
451 14.5454 60.521 3.14021
452 26.0013 12.7835 2.18888
453 29.4217 73.8462 2.39438
454 30.3275 11.2632 2.29849
455 74.4098 50.1946 2.06288
456 3.30279 80.0393 2.4505
457 13.306 86.6316 2.92062
458 17.492 85.1757 2.81271
459 85.5675 46.5394 1.55827
460 12.2993 68.7664 1.98473
461 53.7935 54.2659 2.08458
462 33.6512 89.4649 2.03066
463 19.4135 94.4865 2.57288
464 41.3309 93.6287 2.65478
465 11.7072 93.7744 2.28499
466 34.8142 83.16 2.84012
467 81.8029 22.9978 1.08901
468 1.40437 57.2093 2.84973
469 12.8457 11.0865 2.16532
470 15.196 18.8027 3.08271
471 19.7251 76.9445 2.61297
472 35.0158 91.3369 2.22052
473 34.3085 98.0704 2.38892
474 46.485 32.4135 1.25045
475 97.3112 58.5224 2.98952
476 83.8293 49.4458 1.89135
477 33.5112 82.5157 2.40615
478 16.2996 12.6935 2.90624
479 64.6553 49.8401 2.06822
480 7.08678 73.7781 2.77729
481 80.3398 17.341 1.49073
482 16.4572 60.4063 2.44482
483 9.48414 96.1217 2.17483
484 4.08838 67.6205 2.1852
485 13.8068 23.8062 -3.3611
486 34.6444 78.6914 2.56576
487 32.7416 81.6944 1.75239
488 2.97201 90.2585 2.95979
489 63.868 49.5135 1.78421
490 69.4726 52.2159 2.52821
491 25.1829 75.2558 2.31698
492 34.6581 93.4995 2.42203
493 28.9617 85.0614 2.51253
494 17.1349 61.9384 2.52581
495 11.4017 72.6918 2.27351
496 25.4254 2.19487 2.21316
497 21.7425 5.27182 2.43702
498 34.5598 77.9584 2.14163
499 80.5641 30.4627 1.27813
