500
Particles
0 8.15329 28.7654 2.6325
1 77.7285 64.0497 1.94134
2 62.8351 34.8384 1.40437
3 55.6774 55.1162 1.77903
4 1.86883 84.8107 2.71439
5 83.4818 62.2717 1.35965
6 25.4073 1.23015 2.05811
7 67.2765 62.213 1.40983
8 94.9761 93.9451 2.19131
9 43.0889 40.0475 1.99778
10 25.0663 79.9925 2.34352
11 23.4689 11.4998 2.69646
12 70.4773 34.0769 1.43802
13 92.5096 56.4948 2.50377
14 3.12012 86.578 2.76735
15 94.9135 63.451 3.01383
16 51.5013 90.6073 1.37297
17 20.9579 18.3593 2.35659
18 8.95546 3.94722 2.05319
19 2.54414 5.00815 2.00699
20 57.7734 56.7924 1.68177
21 23.3896 99.9946 2.28069
22 24.413 91.1094 2.00077
23 97.5245 74.5571 2.81427
24 59.9707 58.1942 1.81552
25 9.88874 79.2219 2.76502
26 2.32437 26.4275 3.00828
27 19.902 6.54153 2.24576
28 21.4155 95.8369 2.24628
29 79.8814 32.1045 0.731338
30 53.6011 30.4222 0.587261
31 22.7123 93.1778 2.11591
32 90.0976 32.2221 1.32401
33 50.5177 65.5552 2.18625
34 8.91308 74.4986 2.51384
35 9.14379 10.1545 2.65664
36 34.7621 58.9383 2.98923
37 79.3345 30.6738 1.50887
38 10.6756 83.2064 2.74147
39 -0.14616 77.2288 2.61251
40 5.52466 63.7357 2.97356
41 94.5709 71.8432 2.67863
42 29.3985 83.1755 2.0065
43 58.3811 56.4128 1.67162
44 81.2941 64.1992 1.93356
45 35.5945 88.6127 2.14542
46 9.42763 77.9399 2.2829
47 81.3122 53.638 1.30195
48 21.5215 82.8876 2.26813
49 5.60192 23.2377 2.63146
50 14.2391 6.79972 2.76789
51 30.1986 94.1803 2.80235
52 57.0275 58.718 1.42203
53 38.2743 58.1284 2.75095
54 4.25333 84.3902 2.7247
55 64.0917 53.6498 1.66401
56 5.24949 84.5548 2.46993
57 25.3482 73.3823 1.99989
58 12.5818 99.5139 1.99275
59 98.2751 63.4152 2.49323
60 14.5161 3.72868 2.84177
61 23.2828 81.6209 2.38732
62 91.0371 73.2427 2.5585
63 1.50459 10.006 3.12619
64 20.3035 3.50811 2.29244
65 80.9576 54.1625 1.0793
66 10.8099 6.97078 2.94946
67 14.227 7.7812 1.98217
68 85.2598 50.2179 0.987752
69 35.8623 76.2366 3.57504
70 22.8101 3.75627 2.50006
71 11.3182 79.245 2.76246
72 11.1179 3.6383 2.5771
73 76.394 27.8551 1.43993
74 28.5854 81.5122 2.44996
75 65.7102 58.6191 2.0175
76 29.2243 80.3578 2.69564
77 26.6276 4.311 2.66909
78 84.7339 33.5387 0.5621
79 12.8276 100.212 1.79207
80 24.2263 83.3728 2.51378
81 15.1776 9.92332 2.83372
82 4.59617 4.20355 2.45395
83 4.36418 98.8936 2.45848
84 62.1771 51.2295 1.90193
85 25.3063 85.4903 2.57716
86 25.6966 83.167 2.58838
87 83.2728 24.9837 1.12349
88 65.9654 52.6356 1.76133
89 23.3096 78.2009 2.56203
90 59.7287 59.076 2.2456
91 22.0914 93.3897 2.40082
92 27.766 0.483049 2.83557
93 97.8852 83.4982 2.72124
94 21.838 82.4497 2.27711
95 48.6074 31.4583 1.13154
96 22.0929 2.17544 2.40849
97 27.4814 8.45706 2.05931
98 11.7961 65.2521 2.56662
99 25.4784 98.927 2.34409
100 61.5196 60.1022 1.50118
101 11.6671 5.12135 2.85997
102 24.3712 79.6288 2.89518
103 1.93063 60.9828 2.51586
104 24.1764 88.0643 2.5762
105 59.5717 61.7737 1.58493
106 5.38344 85.1703 2.34335
107 0.519327 72.569 2.53058
108 24.9169 92.3606 2.70441
109 11.593 96.6727 2.32252
110 67.7065 59.8354 1.8795
111 85.8068 29.68 0.922227
112 55.6422 54.4005 1.46119
113 22.2819 98.1553 2.19748
114 20.3699 7.87213 2.31013
115 61.6352 31.432 1.89166
116 27.0947 75.4765 1.98565
117 11.5724 83.0706 2.02938
118 61.1928 24.8294 0.494989
119 1.2823 86.9821 2.16503
120 97.2831 55.588 3.11591
121 73.2872 62.6826 2.0851
122 16.1279 78.6774 2.17753
123 98.1313 83.8506 3.10698
124 63.0442 34.992 1.56627
125 86.4044 33.6295 0.827507
126 49.1124 92.8576 1.62225
127 89.6466 56.7928 3.20486
128 64.2026 57.8825 1.68287
129 12.8826 3.53938 2.04801
130 13.2319 86.505 1.97589
131 27.685 81.0703 2.38156
132 88.3039 32.1483 1.05644
133 6.12036 18.4165 2.51438
134 63.6382 70.8166 0.341436
135 85.1569 80.4931 -0.707075
136 22.7506 75.0229 2.46756
137 23.33 3.67657 2.84582
138 27.6022 84.9124 2.76032
139 99.1048 55.189 -3.09574
140 28.4975 80.9904 2.15934
141 98.4385 11.0089 -2.80841
142 6.30968 97.5585 2.35062
143 7.04804 16.1688 2.41345
144 22.7753 4.84528 2.68711
145 15.8228 9.50003 2.30882
146 0.86044 71.3771 2.60141
147 53.7814 66.1204 1.91879
148 78.846 27.1602 1.06345
149 10.3204 9.69406 2.38466
150 26.9165 82.487 2.5093
151 98.3521 25.9127 1.88624
152 24.1853 76.4041 1.88222
153 26.9018 91.8561 2.32871
154 51.45 86.4443 1.54299
155 3.16778 17.5555 2.9722
156 0.52197 98.5079 1.60199
157 88.1203 64.0484 2.31175
158 3.98121 25.6165 2.65977
159 46.1928 27.774 0.621021
160 38.3329 59.6497 2.58578
161 49.4165 29.3849 0.655638
162 9.28278 8.02335 2.10231
163 73.2001 45.6193 -0.141801
164 81.1943 54.4459 1.08657
165 6.23762 4.43514 2.56286
166 63.7403 51.2158 1.71742
167 86.0259 28.6312 1.09942
168 14.1187 3.67732 2.13827
169 75.3435 56.3758 1.67955
170 52.9383 36.0982 0.952897
171 24.0224 2.01562 2.79142
172 95.1979 61.4715 2.82453
173 29.6642 81.0756 2.43039
174 78.3458 60.1917 1.94027
175 89.772 32.0799 0.839895
176 64.1433 36.7091 1.1361
177 0.336049 52.2949 -2.85054
178 57.6002 57.3621 2.22679
179 20.0877 94.7619 2.52693
180 24.129 100.353 2.25077
181 9.64453 17.1662 2.351
182 11.5523 93.903 2.75084
183 3.68146 21.2406 2.7496
184 33.2118 4.41833 2.68891
185 84.461 53.7036 1.83886
186 28.1102 89.2053 2.79495
187 59.4941 35.4853 1.24462
188 87.6331 61.3805 2.14256
189 30.0307 18.9453 1.64646
190 81.8647 58.2705 1.88444
191 89.0842 2.57539 0.406449
192 11.377 58.0358 3.49131
193 29.8923 96.8104 2.01522
194 8.98865 64.0164 3.04533
195 18.8777 98.1666 2.35293
196 98.1901 53.5853 2.94786
197 22.431 79.0152 2.66217
198 31.0677 3.48212 1.97687
199 48.8876 36.8798 0.823679
200 30.4163 5.22428 2.58836
201 68.7124 29.9287 1.41806
202 59.7354 59.7826 1.3624
203 50.345 30.8229 1.15599
204 2.72861 24.5756 2.34174
205 84.6842 27.6401 1.58552
206 6.11799 63.7486 3.40703
207 6.44993 77.6141 3.18794
208 7.19779 12.6515 2.64588
209 58.5607 34.1876 1.17759
210 14.5107 6.53106 2.69786
211 27.0399 88.6291 2.63097
212 3.08085 16.5725 3.11358
213 89.8824 27.3417 1.51877
214 87.7002 59.2836 2.38692
215 8.02548 82.9053 2.61379
216 32.7014 88.4003 2.44783
217 20.2583 98.7813 2.89606
218 61.918 24.129 0.500598
219 20.2465 18.0757 2.79034
220 79.0281 28.9399 0.892278
221 34.1185 99.1665 2.76378
222 77.7103 29.2708 1.06102
223 64.3006 61.7912 1.37887
224 51.6677 56.1213 2.54041
225 66.7304 34.6926 1.21901
226 44.6419 30.7954 1.53001
227 31.119 93.3558 2.48506
228 26.0212 82.8812 2.31957
229 32.1519 87.7682 2.73414
230 92.8833 62.4317 2.81823
231 16.6291 4.20038 2.66146
232 27.7194 97.4222 2.70998
233 9.07615 75.8234 2.86151
234 0.789133 62.6073 2.85516
235 5.88993 86.0049 2.97732
236 49.9098 86.5101 1.12226
237 63.4229 33.9852 1.33893
238 15.794 97.777 2.21508
239 7.32482 98.5781 1.90778
240 18.887 5.01338 2.83283
241 97.1106 93.3535 2.95143
242 28.7207 90.4094 1.96499
243 30.1956 5.59146 2.71301
244 48.9635 28.8206 0.920113
245 30.173 94.663 2.77168
246 27.3487 86.0466 2.25173
247 84.8049 57.0801 1.74441
248 -0.0468079 84.1848 2.12444
249 13.0561 62.9934 3.01331
250 14.7152 3.77296 2.86633
251 27.3996 19.0116 2.26993
252 61.6912 63.0966 2.01471
253 46.0857 56.3153 2.42199
254 26.0731 79.7965 2.30308
255 9.01177 5.18739 1.85177
256 29.4007 89.1911 2.6722
257 20.839 77.7043 2.54875
258 0.579839 1.37383 2.64522
259 4.72878 84.9086 2.13638
260 10.5853 21.9313 2.17644
261 5.15081 93.9636 2.05751
262 31.4079 84.9349 2.11247
263 27.7908 97.3333 2.27096
264 54.613 68.0629 1.9
265 22.3908 78.5758 2.97412
266 10.194 28.7524 2.43778
267 19.25 3.82798 2.71
268 97.0096 54.0867 3.16147
269 17.737 8.07785 2.07544
270 10.9867 95.4559 2.18432
271 7.49003 88.7698 3.03794
272 88.1891 26.8172 0.860352
273 -0.416098 59.2084 3.37382
274 14.1095 82.8381 2.83715
275 27.5443 83.891 2.41417
276 8.98144 24.1424 2.31907
277 28.5429 0.908602 2.37388
278 72.5703 62.5303 1.62199
279 29.1616 91.3183 1.98059
280 20.0131 3.43359 2.29837
281 25.4477 85.8976 2.76713
282 3.86919 86.7553 2.4966
283 88.1408 26.6952 0.877346
284 44.8781 80.77 1.83182
285 26.0478 4.67284 2.50634
286 92.1001 68.5914 2.23967
287 24.4204 84.6002 2.2999
288 51.1133 22.8454 0.950175
289 35.2437 75.9151 3.24261
290 13.2144 79.3748 2.35056
291 1.7572 17.8236 2.64831
292 0.718212 17.2816 3.10732
293 7.97637 76.3737 2.82342
294 9.48968 88.4567 1.94312
295 22.4665 99.2703 2.51121
296 34.3849 2.97776 2.42506
297 48.9837 89.2019 1.54924
298 4.05689 100.354 2.14157
299 66.9303 29.806 1.43427
300 17.0895 79.3207 2.77921
301 13.8857 6.75817 2.41618
302 95.6445 54.3534 3.02588
303 26.6453 86.3485 2.24391
304 2.74861 12.8565 3.31298
305 30.139 18.4153 1.7718
306 51.2681 62.6429 2.1151
307 65.1465 32.3658 1.95902
308 5.29887 96.7337 2.38991
309 11.6774 81.7365 2.59847
310 57.9617 64.5488 1.40444
311 -0.0818888 75.4717 2.96966
312 29.4073 95.2363 2.34839
313 89.8677 28.1363 0.911203
314 13.1717 10.2964 2.12977
315 29.3151 91.1836 2.73799
316 28.3564 0.568404 1.93271
317 9.64837 96.7291 2.11019
318 64.1263 32.3743 1.18743
319 76.6546 30.3835 1.52321
320 80.7913 28.8692 1.58896
321 14.7207 12.2209 2.27411
322 77.5078 25.4876 1.69126
323 11.8246 100.03 2.53891
324 46.0691 34.3507 1.7247
325 34.2669 88.6523 2.58702
326 23.1947 79.3507 2.29166
327 10.6953 74.5821 2.67263
328 85.9137 25.3004 1.4644
329 85.1529 36.5866 0.470379
330 89.6997 26.0962 1.42536
331 58.9157 67.341 1.74361
332 49.9158 34.5217 1.44864
333 34.7169 6.69405 2.46827
334 99.4531 78.2063 3.37399
335 65.6177 28.2765 1.20307
336 81.995 27.8793 1.57585
337 1.52823 86.0812 2.51017
338 35.064 90.2006 2.58817
339 19.5603 80.071 2.72145
340 92.0759 53.2884 2.42029
341 5.40995 98.311 1.65909
342 15.8336 6.79364 2.0376
343 33.1373 90.031 2.09093
344 29.5286 86.2529 2.55771
345 64.5399 56.119 2.0861
346 97.8346 76.5384 1.9139
347 12.6818 22.0481 2.38321
348 90.7631 70.8296 2.7772
349 84.4256 55.2505 1.39481
350 25.4277 88.3244 2.29817
351 4.54309 11.8533 2.54719
352 83.2911 62.5706 1.98584
353 63.7105 60.0559 1.62031
354 10.1382 60.9641 3.34018
355 27.6692 78.5934 2.59001
356 83.2022 24.125 0.879621
357 82.794 55.2053 1.37442
358 17.8749 2.49799 2.75197
359 7.10652 75.901 2.42571
360 10.9983 12.947 2.17846
361 8.32267 26.6379 2.33884
362 19.6809 0.702918 2.09788
363 26.293 84.1428 2.08178
364 61.3385 65.7183 1.6329
365 25.6083 95.3974 2.27407
366 28.5999 5.24243 2.0568
367 85.7356 28.3026 0.691526
368 95.0449 60.2485 2.3115
369 94.0737 26.7493 1.01242
370 49.3132 59.5459 2.13406
371 11.9368 6.72293 2.25122
372 16.3853 94.5264 2.12645
373 48.3848 10.7716 0.0851245
374 14.6743 7.60886 2.92031
375 35.5635 3.82527 2.43984
376 18.1092 99.7836 1.81718
377 90.1115 29.7855 1.07287
378 13.2705 81.1465 2.64619
379 82.8859 31.1939 1.3878
380 26.0168 81.4672 2.4357
381 46.1357 35.5123 1.50768
382 24.8724 3.22446 1.89837
383 68.4448 55.2758 1.83532
384 26.2149 96.6621 1.94803
385 68.1328 61.8773 1.36415
386 35.4391 55.5515 2.30065
387 5.72843 21.7488 2.25363
388 34.6252 86.7788 2.36833
389 6.30667 75.2464 2.50064
390 2.94641 1.34036 1.78322
391 11.4221 99.9799 1.84235
392 8.56812 75.7871 2.53529
393 32.9612 91.2577 1.97444
394 24.7542 4.53709 1.95911
395 15.5386 1.07098 2.59301
396 19.0798 15.6785 2.74968
397 16.7558 2.22236 2.39798
398 89.3447 26.7754 0.747664
399 97.844 91.1278 2.28575
400 0.346434 87.7343 2.11534
401 46.9623 32.8809 0.860493
402 9.83399 60.6503 3.16947
403 25.0546 1.86116 2.12395
404 16.9579 80.489 2.38044
405 80.4783 63.3856 1.46459
406 90.6671 57.5208 2.95068
407 28.0871 6.40714 1.87727
408 9.41866 83.6633 1.99751
409 85.4068 27.3454 1.45026
410 1.73506 89.2896 2.20648
411 17.6438 6.15791 2.61531
412 27.6838 77.197 2.15944
413 5.38341 97.1165 2.40049
414 32.4273 91.2483 1.96789
415 77.0886 55.0429 1.90444
416 29.0588 100.098 1.96064
417 1.16326 87.9569 2.94606
418 17.9205 7.91747 2.33432
419 64.0149 53.7299 2.09154
420 4.82149 71.5624 2.27208
421 16.9887 6.64934 2.32344
422 4.97297 89.0047 2.3578
423 60.6459 18.8371 1.8865
424 19.7205 15.9265 2.44144
425 22.8875 96.9675 2.64722
426 12.2371 25.031 2.6181
427 18.0324 11.6032 2.15283
428 20.7949 84.3602 2.36823
429 27.919 84.055 2.40277
430 6.80516 17.5795 2.31837
431 32.8195 99.802 2.32419
432 12.4231 9.95753 2.20162
433 91.1416 23.8344 0.82376
434 12.5919 75.8616 2.83427
435 62.9464 65.3842 1.99659
436 11.0804 17.2279 3.01772
437 99.2815 54.9216 2.63427
438 81.2041 34.1896 1.07155
439 84.5899 29.8155 0.653565
440 28.9836 78.9996 2.25112
441 88.6721 56.2115 1.71796
442 21.3456 4.04273 2.47741
443 46.7218 38.2083 1.83038
444 28.3418 95.2862 2.43395
445 76.8069 60.0068 1.69854
446 67.3392 61.7476 2.26611
447 96.8537 73.8219 2.86004
448 21.2705 2.43058 2.6677
449 33.7591 76.2604 2.99722
450 8.70236 1.38857 1.9323
451 9.18787 62.3127 3.38559
452 22.5915 17.4023 2.58593
453 25.6365 78.2175 1.94038
454 26.4006 15.2826 1.53738
455 73.0676 55.816 1.19307
456 98.178 82.9216 2.53139
457 7.90923 88.4868 2.9633
458 12.3463 87.719 2.35947
459 86.8256 51.9536 1.25672
460 7.39728 71.1883 2.20702
461 50.3664 59.008 2.41491
462 29.6768 93.8119 2.45304
463 15.3595 98.516 1.90769
464 36.895 97.2199 2.43146
465 8.47406 98.543 1.81445
466 30.5286 87.0882 2.22309
467 83.9622 28.3459 0.924151
468 95.7319 58.295 2.80711
469 7.73733 13.9111 3.06795
470 9.86033 20.8261 2.07035
471 15.2022 80.5687 2.53096
472 31.1349 95.4399 2.30195
473 30.149 2.09593 1.93322
474 49.694 37.1564 1.33915
475 91.5307 59.0745 2.93232
476 85.0282 54.9649 1.40035
477 29.9795 86.8712 2.09479
478 10.8624 14.5354 2.78673
479 62.483 55.2461 1.67986
480 1.93189 76.5122 2.51211
481 82.8126 22.5857 1.27887
482 11.1806 63.0144 2.59299
483 5.09262 99.9509 2.26887
484 0.0631119 71.7859 2.24755
485 8.74077 26.5528 2.20491
486 30.4786 82.6492 1.96479
487 28.9248 86.0627 2.24016
488 97.9114 92.4723 2.13087
489 60.8541 54.4564 2.36906
490 69.066 58.0969 1.44091
491 20.4142 78.6282 2.31347
492 30.6673 97.6124 2.12396
493 25.1229 89.1833 2.70521
494 11.6601 63.4813 2.7125
495 6.68676 76.0958 2.52854
496 21.6453 6.42748 1.95853
497 16.8767 8.22671 2.84052
498 30.516 81.9245 2.88481
499 82.4476 35.8377 1.19989
