500
Particles
0 47.8062 33.6087 -2.53609
1 19.0582 24.3417 0.293394
2 14.6685 31.7256 0.0901372
3 71.6578 30.615 -1.52345
4 19.4151 9.62491 0.186161
5 27.029 39.8902 1.48006
6 27.1699 22.325 0.71816
7 81.7354 1.05269 -0.683857
8 63.3368 28.5128 -1.69571
9 66.6574 34.766 -2.20603
10 66.0366 18.9762 -1.81444
11 77.9678 92.1676 0.577673
12 74.3677 35.1851 -2.34299
13 40.7906 98.3969 -1.86381
14 21.8986 11.9286 0.611555
15 77.2133 46.4661 -2.40428
16 71.774 38.9088 -1.88569
17 42.9467 17.3577 -3.00686
18 21.6343 22.3744 0.871098
19 9.54702 100.201 0.450715
20 70.2512 29.8368 -2.31877
21 28.2306 20.7729 0.906744
22 53.5029 20.3418 -1.83972
23 44.9547 19.1202 -2.39003
24 13.7034 50.7401 -1.50773
25 24.134 44.6809 1.4531
26 29.6234 39.6203 1.42883
27 83.4121 86.7032 -0.143897
28 46.0846 35.8327 -2.12131
29 46.1595 18.3951 -3.07797
30 19.4998 34.5373 0.529391
31 3.3501 94.9921 0.769176
32 67.0468 25.3541 -1.9567
33 15.815 30.6999 0.436864
34 54.9244 24.296 -1.89861
35 38.2137 36.5174 -2.6583
36 77.3579 94.177 0.372287
37 27.6182 26.9539 0.595312
38 97.1011 45.4368 1.57435
39 17.0615 11.6085 0.814248
40 58.0542 17.8577 -2.11175
41 41.2616 98.7861 -2.55644
42 59.6636 34.8671 -2.0717
43 90.6173 64.6731 1.66236
44 19.4248 29.634 0.531435
45 67.4949 38.9989 -1.83488
46 52.0724 36.7877 -1.75942
47 41.4268 13.3346 -3.0723
48 57.9517 27.7333 -2.02796
49 26.4629 39.4661 1.77644
50 68.1866 31.2426 -2.20641
51 54.4401 39.8896 -1.7185
52 11.9934 48.8589 -2.05256
53 78.1649 91.0345 -0.17833
54 46.2583 21.3795 -3.04252
55 36.1708 93.8286 -2.57362
56 48.0341 26.3897 -2.21295
57 39.5779 53.9101 -1.28718
58 43.8369 23.1303 -2.72751
59 26.2631 42.5515 1.61673
60 24.1687 29.9844 0.605577
61 59.7699 30.7494 -1.69885
62 40.1519 40.2041 -3.0548
63 17.9841 20.4406 0.827994
64 23.0538 27.4613 0.330264
65 31.4489 5.84689 -2.37935
66 26.1267 33.0688 0.500599
67 33.9218 33.5687 2.05114
68 31.7457 99.5177 -2.31635
69 43.8072 44.589 -2.79379
70 27.5994 24.5503 0.199316
71 30.5042 45.122 1.86157
72 22.0491 29.8835 0.680108
73 38.8788 26.4536 3.11522
74 32.7604 38.8089 1.83014
75 56.5602 84.1355 -1.22097
76 40.7652 44.7698 -2.9193
77 24.1924 25.0992 0.549994
78 19.7274 34.3284 0.409858
79 25.2906 18.6988 0.596651
80 39.4165 46.3197 -3.20369
81 24.4892 32.9194 0.241329
82 26.3655 96.3056 3.18559
83 25.0736 15.7951 0.555952
84 27.0796 52.5588 1.04937
85 34.7973 42.3071 1.63806
86 37.8616 56.0174 -0.882055
87 30.1475 97.3613 -2.35212
88 7.00923 86.5036 -2.72576
89 29.8843 39.9882 1.56826
90 56.3359 81.0285 -1.5732
91 2.53257 94.157 1.03081
92 31.8876 94.332 -2.71489
93 44.7059 21.9975 -2.36059
94 60.3463 24.1353 -1.80783
95 44.1003 37.2953 -2.26789
96 23.4482 25.3676 0.370491
97 28.0022 28.927 0.43264
98 30.8536 40.0411 1.16309
99 70.0017 23.7241 -2.17788
100 14.0129 47.8605 -1.59712
101 20.4795 23.2789 0.0778744
102 63.7185 29.9954 -1.93594
103 31.8522 43.6983 1.882
104 55.6849 33.3939 -1.5038
105 56.6615 80.0165 -1.14509
106 47.9132 26.8864 -2.26968
107 43.3339 30.9965 -3.065
108 57.0078 38.4441 -2.357
109 48.8536 29.9793 -2.80014
110 74.9205 29.2017 -2.52045
111 27.91 27.1226 0.189209
112 67.3746 30.0691 -1.70884
113 38.2362 22.083 3.41342
114 79.9856 54.0226 -2.61785
115 34.9784 31.623 2.40076
116 23.391 35.7177 0.865941
117 27.529 47.3509 1.83354
118 71.993 34.0982 -1.95365
119 44.3181 22.0549 -2.99539
120 28.786 45.0745 1.79663
121 66.291 27.0765 -2.11998
122 59.1443 25.4589 -2.11204
123 19.1645 22.4381 0.631142
124 36.8283 99.2873 -2.04455
125 33.6068 3.59319 -1.78618
126 89.8126 92.2724 1.77996
127 36.6807 99.2123 -1.3954
128 14.4026 51.3305 -1.36777
129 49.236 34.2918 -2.37326
130 47.7919 41.6927 -2.1648
131 65.6858 17.9335 -2.62915
132 66.8162 80.7878 -1.60155
133 64.7068 83.5509 -1.4827
134 28.1968 38.7568 1.30487
135 29.4245 25.9182 0.278854
136 32.7845 37.2235 1.98828
137 29.3175 25.7988 0.188182
138 60.2554 25.9634 -2.46238
139 35.2425 47.6206 1.83103
140 62.7884 31.9545 -2.08142
141 32.1038 5.75294 -1.68928
142 26.0558 14.9011 0.811288
143 69.5897 38.4026 -2.03819
144 27.8254 28.3418 0.0945885
145 41.9673 26.9414 -2.56199
146 49.184 39.4994 -2.34986
147 12.7537 30.2203 0.347388
148 46.861 39.8008 -2.00321
149 26.564 32.5793 0.136867
150 59.4819 33.7111 -1.50559
151 41.9117 38.2376 -2.29635
152 32.8766 39.6516 1.26887
153 56.195 34.4528 -2.10281
154 69.7518 39.6167 -1.7229
155 66.1802 84.8209 -1.13673
156 65.6356 30.4712 -2.42402
157 61.1027 41.702 -2.11016
158 29.1985 40.9927 1.34128
159 73.5782 44.2396 -2.83641
160 18.386 33.9747 0.94336
161 96.8856 93.4184 0.875756
162 68.152 33.3952 -2.02279
163 33.3342 98.4279 -2.11001
164 36.2881 78.3083 0.420748
165 37.7407 35.2649 2.89697
166 30.0079 2.1555 -2.57758
167 31.0427 28.5872 1.11012
168 21.4672 22.3955 0.82529
169 12.2033 43.5441 -1.49339
170 13.1647 28.5288 1.01778
171 26.3389 22.0056 0.173076
172 40.3594 27.2079 -2.85055
173 64.0114 32.4883 -2.42313
174 25.9162 38.7433 1.38797
175 97.1674 97.0728 1.28387
176 75.2811 48.1121 -2.96112
177 32.3831 45.1828 1.82933
178 11.112 44.9871 -1.76816
179 46.1064 35.6615 -2.27986
180 37.6394 23.1316 2.51743
181 67.6 34.9211 -1.9805
182 47.0568 26.6405 -2.90249
183 76.6134 26.9818 -2.85712
184 23.4908 47.5221 1.22866
185 62.3022 86.7964 -1.20459
186 59.7053 24.3821 -2.61879
187 67.8947 29.7398 -1.81956
188 18.8648 16.9487 0.376661
189 21.4268 34.4396 0.121925
190 22.4878 38.1339 1.20619
191 27.797 30.0381 0.211086
192 35.5859 41.1753 2.3072
193 55.5002 29.4968 -2.09164
194 32.297 39.7284 1.93897
195 24.6745 23.5643 0.496655
196 28.53 39.7277 1.15502
197 38.3835 56.4473 -1.3021
198 28.9117 93.0836 -2.72892
199 29.4711 39.9424 1.38797
200 29.7406 23.4443 0.547792
201 14.1186 9.87532 0.426711
202 11.0809 49.7486 -1.39126
203 61.2802 48.4844 -2.05748
204 26.1448 38.3576 1.09352
205 41.2034 27.2137 -2.87305
206 36.6728 52.5423 -0.618511
207 26.4513 45.0458 1.58211
208 24.0375 47.5949 1.40284
209 72.3908 31.7381 -1.77441
210 23.5952 25.4836 0.0307978
211 58.3187 20.6133 -2.40047
212 66.7646 82.9887 -1.38335
213 45.4085 44.043 -1.89961
214 21.7593 17.9263 0.53617
215 40.0837 25.1426 -3.30654
216 66.3051 42.4839 -2.43164
217 27.772 21.4421 0.91968
218 60.1701 44.172 -2.1725
219 45.9889 16.9769 -3.16712
220 33.7292 25.7613 1.50133
221 59.884 42.0052 -2.16844
222 25.3364 27.7771 0.374828
223 57.6274 85.8532 -1.55808
224 70.7171 28.8096 -2.20519
225 79.6045 92.4061 0.462443
226 63.5858 36.1534 -2.4363
227 59.794 28.7467 -2.42003
228 39.8384 58.0905 -0.872606
229 60.3639 37.72 -2.05155
230 40.0887 97.3678 -2.1461
231 23.1544 28.1507 0.374899
232 0.448624 93.6514 1.26042
233 29.959 45.1934 1.85035
234 28.1302 41.1994 1.19332
235 48.439 25.3132 -2.61502
236 63.6173 31.1241 -2.29254
237 22.4729 33.3465 0.637727
238 47.0137 22.351 -2.91549
239 20.4716 13.7561 0.862406
240 73.8441 34.7974 -1.68191
241 22.8985 31.9754 0.713563
242 57.1607 39.9242 -1.96079
243 28.2382 24.4194 0.367726
244 93.3589 90.1919 1.18681
245 57.7524 39.6672 -2.29427
246 63.4009 22.2778 -1.86126
247 37.5381 1.07927 -1.81334
248 22.1635 15.4815 0.90581
249 24.5652 36.2101 1.1372
250 78.9256 83.7903 -0.575877
251 17.6365 34.0053 0.182751
252 82.0435 1.05979 -0.236226
253 62.0557 96.5499 0.405281
254 65.1042 18.4082 -1.74355
255 25.7187 33.6619 0.430751
256 59.1234 38.259 -1.96224
257 62.4378 23.866 -2.38113
258 66.6746 31.1502 -2.3828
259 48.9531 26.9735 -2.94384
260 28.8927 38.5097 1.64549
261 38.6902 16.8527 -2.48337
262 67.2457 35.6778 -1.70083
263 31.079 51.2027 1.52132
264 16.9314 30.852 0.671341
265 34.0739 42.0181 1.81638
266 35.5922 43.7309 2.22668
267 21.6186 27.9297 0.508313
268 48.6858 14.7222 -2.41661
269 78.0841 86.8644 0.355633
270 43.9544 23.8069 -3.10701
271 48.3206 28.2658 -3.05948
272 41.699 56.7163 -1.27497
273 27.273 41.7923 1.53634
274 32.3826 47.9465 1.66921
275 59.3934 32.6991 -1.82468
276 31.352 38.8584 1.34771
277 38.5174 26.6336 2.7056
278 16.3182 25.0583 0.429116
279 58.8139 42.0557 -2.51583
280 26.6655 12.8627 0.846167
281 61.68 26.9804 -2.11724
282 45.2905 21.5661 -2.6109
283 30.7352 32.6188 0.759303
284 23.28 33.4188 0.537948
285 26.0638 25.9957 0.215867
286 37.3728 -0.0513651 -1.62085
287 60.1759 22.9564 -2.67504
288 71.7029 27.6704 -1.80074
289 19.0681 29.5431 0.171022
290 53.6924 30.9429 -2.1242
291 19.9962 25.6333 0.0572665
292 91.4147 66.0153 1.6842
293 31.168 48.4899 1.86571
294 47.2331 21.3118 -3.14649
295 83.2001 4.01763 0.274576
296 24.5886 47.697 1.58628
297 66.6507 34.2742 -2.42837
298 20.4697 27.4799 0.560827
299 30.738 27.8704 0.821608
300 32.9333 43.7777 1.78448
301 25.4893 31.5537 0.94645
302 0.922778 45.0178 0.770291
303 59.2948 27.3823 -2.31119
304 18.4204 21.9521 0.824715
305 22.1248 35.8244 0.581993
306 78.2311 94.814 -0.257523
307 19.396 32.4093 0.672313
308 40.3352 19.4243 -3.22781
309 33.4244 46.9138 1.63178
310 80.8706 89.5838 0.324616
311 43.8661 97.0138 -2.39463
312 56.1087 40.8726 -1.90467
313 40.9534 37.8969 -2.08501
314 71.1232 44.7632 -2.49081
315 58.0064 30.6657 -2.42571
316 28.9557 24.571 0.082041
317 26.645 17.6263 0.00457838
318 73.4223 35.8308 -1.84264
319 25.9027 29.326 0.312803
320 26.5403 27.3917 0.428319
321 45.2344 16.6734 -2.38565
322 27.1156 26.1704 0.757869
323 24.3187 18.8132 0.972848
324 21.4153 33.5377 0.785774
325 61.9241 37.3308 -1.72541
326 63.5194 20.3257 -1.80564
327 35.4112 44.8598 2.52828
328 23.0308 49.4337 1.04714
329 69.0829 26.5403 -2.29188
330 44.3981 39.4754 -1.87392
331 67.6678 82.822 -0.765262
332 68.127 26.2257 -1.89225
333 25.6645 93.9065 -3.09294
334 17.3374 11.8226 0.541631
335 27.3718 29.3305 0.259485
336 32.6679 25.2495 1.32304
337 20.5968 12.766 0.708133
338 60.9668 35.7972 -2.0971
339 61.8246 21.1267 -1.82694
340 22.4459 23.4989 0.845342
341 19.7043 16.6362 0.763645
342 21.4124 23.6667 0.845828
343 62.6567 41.6505 -2.56434
344 61.769 28.0571 -2.00849
345 91.9725 63.0202 1.39094
346 41.4482 -0.250235 -1.34656
347 30.2833 39.7885 2.0182
348 21.4282 16.3551 0.18635
349 20.7441 36.8042 0.728974
350 58.5194 37.5066 -1.56523
351 65.8265 31.1002 -1.92157
352 16.9662 27.3531 0.101249
353 57.7413 83.3752 -1.37948
354 32.4068 41.192 1.39343
355 65.5198 21.4661 -1.83819
356 70.183 24.4907 -1.78576
357 72.1202 84.1947 -0.794544
358 41.0782 21.5737 -2.7424
359 28.0865 46.0731 1.58385
360 70.1168 43.7576 -2.11003
361 25.1186 39.8617 1.23053
362 24.9149 24.3881 0.99445
363 40.3169 51.9978 -1.24526
364 16.5466 30.9541 0.56678
365 52.3638 36.2962 -1.76847
366 30.6389 23.0903 0.251585
367 44.1357 30.4817 -2.93113
368 48.1458 38.3314 -2.32487
369 93.5322 61.1834 1.00247
370 76.234 37.132 -2.13042
371 26.8471 33.439 0.349897
372 48.0831 21.3843 -3.01211
373 37.099 23.8179 2.45577
374 18.3384 32.771 0.813735
375 50.9715 35.4162 -2.23643
376 48.399 29.0968 -2.27381
377 33.3076 30.5113 1.91425
378 54.3317 38.846 -2.46764
379 33.9382 27.8141 2.14298
380 62.0285 34.4738 -1.91902
381 32.5524 38.7184 1.29536
382 25.2816 22.2848 0.169013
383 14.3938 45.8621 -1.64601
384 28.3518 49.5123 1.76421
385 82.8394 90.6106 0.219104
386 76.3617 94.7844 -0.0275578
387 33.1097 43.2283 2.19691
388 65.2291 36.5984 -1.90831
389 26.5983 42.1634 1.60081
390 19.651 26.3497 0.155615
391 42.6655 20.5125 -2.90666
392 91.4932 49.6047 1.97244
393 60.8478 39.6375 -2.27756
394 27.1798 24.0223 0.974555
395 39.2829 20.2592 -3.00937
396 44.2486 16.7831 -2.6116
397 29.7912 33.094 0.53424
398 69.0806 19.0579 -1.95896
399 33.9487 32.757 1.84403
400 23.5988 11.6322 0.433635
401 32.2413 98.9742 -2.60483
402 40.2654 49.4909 -1.71577
403 24.4595 21.3416 0.893269
404 35.8498 52.1458 -1.3834
405 15.9536 26.0372 0.64156
406 37.8372 98.1095 -2.15028
407 26.7763 23.0494 0.102244
408 35.5244 22.5571 2.68408
409 32.313 25.8335 0.889575
410 21.715 12.5422 0.163374
411 80.7499 52.8941 -2.8498
412 41.6086 47.7825 -2.07984
413 40.363 17.7978 -2.96118
414 59.8293 36.8247 -1.71721
415 91.1065 65.9786 1.29705
416 23.1213 45.5476 1.47475
417 26.0866 13.6642 -0.0693803
418 24.3627 26.6262 0.873788
419 15.426 5.81974 0.421233
420 29.3309 45.5593 1.53707
421 19.7836 23.9303 0.615898
422 45.6631 24.9644 -2.74975
423 34.045 23.0733 1.7188
424 75.025 47.7265 -2.78228
425 27.8589 20.8397 0.00164583
426 35.7625 29.1923 2.86275
427 17.5587 33.9338 0.657129
428 56.214 36.8726 -2.10663
429 62.0611 36.3506 -1.78564
430 94.9967 92.4695 1.57123
431 53.6046 36.5695 -1.73652
432 65.0864 30.0054 -2.27027
433 36.6826 30.8984 2.84373
434 57.4383 21.3197 -2.423
435 13.2677 29.3031 0.325319
436 68.1337 36.0266 -2.2101
437 30.1754 44.1018 1.67699
438 15.3292 10.0802 0.699969
439 38.64 28.0083 3.26847
440 33.3628 35.6806 2.06177
441 35.1094 80.8745 0.0690064
442 25.3113 25.4485 0.459721
443 31.4896 42.2192 1.93106
444 57.6068 37.6536 -2.37275
445 22.3034 37.5661 0.623196
446 40.392 95.9933 -2.09258
447 40.3182 0.923631 -2.0028
448 78.8644 49.3669 -2.78117
449 24.3476 33.4283 0.173765
450 23.7854 17.5737 0.207294
451 39.9914 45.4423 -2.15979
452 21.8596 34.4285 0.185877
453 63.9893 33.3156 -1.8176
454 43.4792 26.4609 -2.47364
455 25.2052 3.16331 -2.16373
456 19.0119 12.5717 0.376156
457 47.9659 22.8146 -2.55571
458 70.4733 34.0235 -2.03896
459 33.0556 10.3023 -2.00698
460 27.442 39.5439 1.74337
461 57.3168 80.7086 -1.58979
462 58.1253 39.5194 -2.09622
463 48.6969 29.5808 -2.41039
464 60.8399 44.34 -2.37198
465 41.8328 22.0365 -2.9914
466 62.3107 39.2916 -2.37202
467 28.0651 26.3425 0.696883
468 25.3977 43.0361 1.32769
469 64.6054 34.3089 -1.76889
470 19.5649 23.1096 0.490583
471 58.09 39.7548 -1.68433
472 56.4757 41.1951 -1.72744
473 37.503 24.7599 3.02824
474 77.033 47.4937 -3.32817
475 40.3022 98.7078 -2.45925
476 65.7254 83.5966 -1.03545
477 37.7297 55.5894 -1.30311
478 99.7663 96.4044 1.33042
479 93.4347 63.8102 1.08057
480 47.5687 21.3004 -2.59544
481 24.5009 46.3592 1.64468
482 31.4046 39.2833 1.82095
483 23.8401 19.9938 0.266175
484 98.2199 48.1222 1.12182
485 100.102 44.3663 0.828007
486 63.4634 32.9597 -1.58056
487 67.9833 41.5545 -2.49191
488 35.9249 36.0493 1.9387
489 28.8483 2.45973 -2.49835
490 83.3086 3.69907 -0.219071
491 62.1787 24.8864 -2.53485
492 57.4774 38.0604 -2.2791
493 57.7685 26.0719 -2.33133
494 62.3469 22.3222 -2.2922
495 30.5291 46.5107 1.95
496 25.7303 30.5597 0.910207
497 76.0841 44.1415 -2.9276
498 62.6166 36.8673 -2.07853
499 33.499 7.97243 -1.86238
