500
Particles
0 14.7568 41.0706 -1.13674
1 91.1487 47.975 2.16966
2 65.0197 12.9274 1.53072
3 65.7158 35.3972 1.2999
4 22.4748 75.7295 2.88699
5 94.1579 44.3183 2.05174
6 42.342 86.5192 2.289
7 77.8895 42.7559 2.00718
8 15.5556 85.3499 1.88946
9 38.7332 32.7838 2.98663
10 40.8891 63.7617 2.67113
11 40.0375 96.4453 2.68561
12 72.8249 12.3074 1.4241
13 14.3712 51.434 2.57929
14 23.8226 78.2255 2.73109
15 15.9699 56.4247 2.44347
16 61.3394 74.0753 2.33772
17 34.5503 0.631484 2.56631
18 26.5173 90.3054 2.9932
19 8.44558 96.8235 -1.28936
20 66.4521 36.1971 1.9462
21 40.7462 85.9531 2.50556
22 39.0922 73.9556 2.72019
23 16.2987 61.8335 2.87516
24 70.0618 38.6865 1.51423
25 27.0705 64.3403 2.0215
26 8.91088 35.7305 -0.670646
27 36.7491 91.8043 2.59777
28 38.8238 81.5064 2.91892
29 74.8339 10.5846 1.84614
30 47.5468 10.7883 -1.51717
31 37.7051 76.7506 2.45036
32 86.3648 10.8205 1.49961
33 59.9679 45.3804 1.69564
34 26.5323 60.7031 2.79259
35 26.6139 95.8522 2.95426
36 53.1887 47.1317 2.3012
37 76.6142 8.46223 1.97702
38 26.7341 67.3691 1.98549
39 18.7497 64.9407 2.97172
40 25.735 54.698 2.33711
41 15.0479 62.165 2.97375
42 42.6779 65.2158 2.11626
43 67.4826 36.3159 1.62008
44 95.306 49.3166 1.61948
45 49.7082 70.764 2.70223
46 27.315 63.9503 2.70087
47 84.6349 32.4037 1.55988
48 35.8411 65.3951 1.97297
49 18.1403 34.259 -2.77631
50 33.5273 94.5563 2.5315
51 46.7842 79.2208 2.71934
52 65.231 38.3677 1.24119
53 56.0554 46.5334 1.89891
54 25.1438 76.2508 2.92168
55 72.4081 33.2723 1.10274
56 26.022 76.0077 3.19899
57 40.7782 56.9004 2.44596
58 29.4627 84.7755 2.84544
59 19.495 55.6763 3.13243
60 32.4419 90.2956 2.80241
61 38.5973 64.9171 1.8992
62 11.4033 64.6106 2.5883
63 16.782 95.6687 1.99301
64 37.1501 88.4848 2.89104
65 85.1387 32.9184 2.32189
66 29.0709 93.6541 2.66058
67 32.2406 94.3956 2.96355
68 89.3199 29.0745 2.06919
69 55.5292 66.4009 2.2394
70 39.7162 89.0685 2.22893
71 27.3648 63.11 2.23571
72 29.2846 90.0961 2.92269
73 75.1135 5.60229 1.03392
74 42.1455 63.75 1.9781
75 76.8601 39.1621 2.08954
76 43.0459 62.7961 1.977
77 43.1742 88.7884 2.20218
78 79.7123 12.6333 1.22564
79 30.6681 87.3849 2.75619
80 39.5468 66.7007 1.99364
81 32.3017 95.7493 2.83714
82 18.0861 91.4953 2.29855
83 22.1271 85.4886 2.60809
84 70.5437 31.0333 1.99996
85 39.7024 68.5471 2.15513
86 39.5129 65.2353 2.0748
87 80.5443 2.89457 2.00436
88 73.2504 32.0409 1.95785
89 37.6572 60.8488 2.12247
90 69.4655 39.0975 1.27504
91 37.9682 77.2897 2.24618
92 45.5923 86.5527 2.55749
93 18.0659 74.3123 2.98246
94 37.5356 66.0874 2.24395
95 33.8884 14.2515 1.60037
96 41.0216 89.7375 2.92177
97 43.6053 92.6946 2.94878
98 31.6787 55.4473 2.36182
99 42.1105 83.8256 2.97521
100 69.1065 39.1018 1.79359
101 29.8293 92.0783 2.18556
102 39.1448 62.9773 2.59841
103 22.9824 53.2332 2.29751
104 39.2361 71.2091 2.42891
105 67.0465 41.1241 1.46392
106 25.848 75.4197 2.81306
107 19.3087 60.2068 2.46962
108 41.5533 77.0224 2.55819
109 29.6779 83.6598 2.73378
110 78.291 40.1206 1.75757
111 83.4456 8.02328 1.37897
112 64.0665 34.13 1.29801
113 39.5766 83.726 2.33874
114 37.5503 92.7796 2.26018
115 64.8889 9.32979 1.66285
116 41.0974 58.0321 2.68253
117 27.3211 67.37 2.19942
118 49.7905 6.86084 1.04394
119 22.8024 80.1378 3.04212
120 19.0405 49.5359 2.45065
121 81.8085 41.7747 1.90874
122 31.4867 62.1985 1.92071
123 18.7401 75.1724 2.37956
124 64.0955 12.5649 1.96613
125 83.4184 12.1023 2.21106
126 59.0769 75.9673 2.72724
127 12.0103 54.4832 2.99942
128 72.5351 37.7492 1.20918
129 31.8642 91.1158 2.72007
130 28.1414 69.7181 2.15318
131 41.7752 63.6708 1.93003
132 84.6864 10.2248 1.29685
133 23.402 10.5969 1.3306
134 60.2853 51.4773 1.55459
135 68.7428 94.7686 0.100997
136 38.2622 58.8147 2.37056
137 40.2119 89.0914 2.66194
138 41.5428 67.5713 1.87171
139 20.8663 51.431 2.62791
140 42.6668 63.4471 1.90375
141 99.498 3.62467 -0.688219
142 23.9732 83.7698 2.20241
143 23.0762 4.38234 1.74818
144 39.769 90.1515 2.1204
145 33.5083 95.6125 2.20125
146 19.2695 58.4242 2.65524
147 61.9273 45.4362 1.63044
148 75.7547 4.87174 1.52562
149 27.8562 95.6324 2.04289
150 41.2244 65.1558 2.16694
151 3.19388 6.44023 1.36673
152 39.237 59.6527 2.52201
153 41.1135 74.4492 2.57759
154 62.0027 71.1335 2.32181
155 17.403 24.7206 -0.607333
156 18.9866 86.2176 1.90053
157 8.04028 58.7638 2.41329
158 10.0123 36.0769 -0.738151
159 33.5179 10.0965 1.6638
160 56.1377 46.8971 2.06676
161 35.189 12.1931 1.69389
162 27.0262 94.3662 2.21949
163 75.9487 27.5797 1.2635
164 85.2015 33.3064 2.3352
165 21.5147 90.5821 2.34012
166 72.4285 30.8673 1.1993
167 83.6404 6.31652 1.48447
168 32.5417 90.834 2.08312
169 82.29 35.6678 1.55008
170 37.8201 20.0123 0.73226
171 40.8899 87.1896 2.66744
172 16.8647 54.9696 2.86113
173 44.6203 64.1496 2.12568
174 87.7719 40.0335 2.37581
175 84.751 10.5022 1.7619
176 65.3973 14.4049 1.61511
177 22.7474 49.9591 3.0951
178 66.9136 37.3891 1.95287
179 37.9798 81.431 2.15495
180 42.8502 87.9735 2.44904
181 25.7804 4.87368 2.21685
182 29.4904 79.9548 2.47222
183 13.434 32.7039 -0.754465
184 50.0798 89.4213 2.35044
185 88.132 32.3367 2.24818
186 42.6721 72.2721 1.9348
187 42.3922 23.5192 0.666273
188 9.02251 56.208 3.31856
189 42.442 1.42025 2.3757
190 88.5399 37.7821 1.74584
191 67.6492 99.4645 -0.248294
192 31.2788 48.5202 3.32274
193 46.9924 82.3445 1.97081
194 29.538 55.4705 2.71865
195 37.3365 85.517 2.63813
196 20.3645 49.2252 2.68404
197 36.0518 61.0395 2.02281
198 47.9579 89.1307 1.90976
199 32.8635 22.0567 0.34888
200 47.1268 90.2567 2.14009
201 70.6687 7.68988 1.80685
202 68.5762 39.4049 1.32767
203 37.9916 11.9581 1.43767
204 9.82173 34.1687 -0.512575
205 82.2394 6.12683 1.43741
206 26.8357 54.8314 2.35398
207 24.2676 64.1542 2.50298
208 24.0649 97.6518 2.38909
209 40.6217 21.9305 0.214074
210 32.2652 92.6103 2.71534
211 42.8625 72.9285 2.26811
212 17.1696 21.4822 -0.931166
213 88.3153 5.72108 1.6447
214 9.06783 54.2977 2.44754
215 23.7992 66.813 2.63013
216 47.9792 72.0699 2.67791
217 37.5459 84.4508 2.38434
218 48.2118 6.49402 1.36296
219 34.6674 1.40321 2.41214
220 76.5538 6.63895 1.82938
221 50.0407 83.1467 2.8756
222 74.0216 7.26366 1.32175
223 74.6758 42.2598 1.74529
224 60.6427 35.9467 2.0385
225 67.1518 12.1404 1.51486
226 30.695 13.9994 1.51862
227 45.6887 76.1413 2.35647
228 40.589 65.7489 1.82569
229 46.5307 70.5131 2.36531
230 14.3623 56.0564 2.41118
231 34.7321 90.7933 2.74134
232 44.4787 82.1722 2.64413
233 26.7636 61.9345 2.47592
234 22.0597 55.0583 2.62684
235 24.7956 73.5986 3.01362
236 58.7286 68.7504 2.33712
237 66.1533 12.1665 1.94479
238 32.489 83.0698 2.82152
239 24.7288 84.5259 2.79679
240 36.9124 91.3639 2.99011
241 17.1882 84.2027 2.76492
242 44.2872 74.1431 2.79604
243 45.7786 89.5275 2.02706
244 35.0547 11.832 1.69225
245 45.1641 77.9936 2.69046
246 42.5578 69.505 1.98648
247 88.2312 35.7315 2.315
248 21.1164 76.733 3.28073
249 33.6127 54.8057 2.99601
250 33.0779 91.0121 2.54938
251 40.6576 1.68665 2.48172
252 70.3533 42.6687 1.25684
253 54.4483 36.0701 1.86161
254 40.0553 62.143 2.7457
255 27.3917 92.7184 2.35703
256 45.1315 73.131 2.7241
257 36.1903 61.4583 2.37619
258 18.8159 89.0966 1.96716
259 24.5329 75.03 2.79781
260 26.3034 11.755 1.08171
261 22.8954 80.6982 3.02027
262 44.6367 66.7955 2.58791
263 43.8913 81.6529 2.76355
264 61.0527 46.8287 2.25267
265 37.8719 62.1877 2.59392
266 20.8999 39.7017 -3.23796
267 37.3545 90.5419 2.50817
268 19.2812 50.9121 3.19827
269 34.5879 93.2293 2.02773
270 28.7229 81.7596 2.47597
271 27.5924 78.6812 2.76129
272 86.606 5.22071 1.8626
273 21.0514 52.6287 3.05738
274 29.6476 66.9837 2.17033
275 43.0623 67.1628 2.24271
276 22.8084 33.8235 -2.74578
277 46.6566 87.2772 2.3708
278 82.6907 42.8616 1.87026
279 45.204 75.2958 2.31566
280 37.4777 89.6364 2.16118
281 40.67 69.2145 2.18199
282 24.8231 78.398 2.43009
283 85.7976 5.31111 1.98152
284 60.3017 66.106 2.94589
285 44.377 91.2062 2.58694
286 12.4754 59.5323 2.92874
287 38.7064 67.2824 1.81428
288 37.32 7.40437 2.17044
289 55.1629 65.3622 2.32641
290 28.1479 62.5424 2.56155
291 15.1329 28.648 -0.999443
292 14.3143 25.0144 -0.473533
293 25.2283 62.3687 2.17627
294 28.316 76.6414 3.26942
295 39.9434 85.4455 2.88164
296 51.9676 89.5099 2.39839
297 60.5238 73.2002 2.95454
298 22.2228 86.9394 2.95971
299 69.7841 7.72042 1.01149
300 32.2498 62.6206 2.27778
301 31.8569 93.3755 2.41127
302 18.1147 50.8823 2.39226
303 40.1989 68.2814 2.27183
304 16.856 97.6428 2.16451
305 43.4612 1.59976 3.12501
306 61.1725 42.4355 1.83105
307 66.815 10.1145 1.33361
308 23.8735 84.4091 2.90282
309 26.8111 64.9625 2.84399
310 66.2265 44.5992 1.95535
311 19.8187 65.0167 2.27277
312 44.3001 78.5653 2.18712
313 87.625 6.85158 2.11006
314 30.2749 95.2597 2.61726
315 44.5664 74.707 1.95574
316 45.43 85.6951 2.73904
317 27.219 82.7098 2.54677
318 64.1738 10.4079 2.08339
319 73.1801 8.15707 0.948257
320 77.585 6.58564 1.2373
321 32.5064 98.4846 2.7818
322 75.1604 3.07483 1.41095
323 29.7057 87.0173 2.7338
324 32.5808 17.0215 0.544392
325 49.2592 72.1471 2.82031
326 37.8905 62.5271 1.83998
327 27.3417 59.4034 2.13357
328 84.2416 3.45515 2.08757
329 81.3639 14.9204 1.52523
330 87.8666 4.70859 2.1707
331 68.7192 47.9564 1.42397
332 35.1756 17.764 0.380068
333 50.4638 90.9429 2.58896
334 19.1892 68.5263 2.71084
335 68.6491 6.59845 1.81563
336 79.2383 5.77621 1.24594
337 22.5819 77.862 2.36387
338 50.9461 74.1401 1.99751
339 33.8794 62.8102 2.07325
340 13.7054 48.1243 2.69291
341 23.6994 85.8293 2.48493
342 32.6244 91.7002 2.51024
343 48.2975 73.3789 2.57411
344 43.1452 68.44 2.05878
345 73.4412 36.0706 1.61544
346 16.7283 64.3103 2.94505
347 26.6428 11.8384 1.6717
348 11.0168 60.9011 2.33961
349 88.6498 34.751 2.08149
350 41.087 72.107 2.31089
351 20.5683 97.4969 2.72815
352 96.6387 46.1996 1.58501
353 73.8932 40.637 1.25467
354 30.5312 52.2982 3.08479
355 41.93 61.0563 2.49
356 79.6988 2.21189 2.05499
357 87.5553 34.1869 2.21801
358 36.0429 89.1268 2.66697
359 24.6395 62.0931 1.92773
360 27.0957 97.5539 2.87556
361 18.0599 38.1146 -3.55103
362 36.8613 86.2441 2.43812
363 40.906 67.0288 2.69235
364 72.1493 46.5432 1.61971
365 41.5725 79.2014 2.45556
366 44.698 89.8096 2.151
367 82.2627 7.13247 2.02986
368 16.4934 53.4104 2.28064
369 91.3316 5.57057 2.14982
370 58.3597 39.0007 1.97909
371 30.2784 93.7894 2.48758
372 34.065 81.0054 2.12863
373 49.6696 94.2697 2.61994
374 32.7338 94.2157 2.82374
375 51.5614 88.4786 2.40716
376 36.3249 86.5984 2.0967
377 86.7278 8.2381 1.80816
378 29.1981 65.3009 2.20766
379 78.899 9.15627 1.0783
380 40.8149 64.481 2.37717
381 29.7664 20.5366 0.376652
382 41.6689 88.2957 2.17328
383 75.2919 33.7491 1.27375
384 43.1564 81.8818 2.8096
385 77.116 42.3037 1.97416
386 54.1737 43.8842 2.46016
387 18.3847 32.131 -2.28002
388 49.4757 69.7608 2.47677
389 24.3878 62.0096 2.59086
390 20.7384 88.1273 2.50878
391 28.5135 85.2391 3.00484
392 25.3665 61.008 2.62425
393 48.0509 74.7025 2.34384
394 41.5388 89.7816 2.14304
395 33.748 87.9335 2.47177
396 34.3431 99.3127 2.37859
397 36.1865 90.7546 2.90556
398 87.57 5.2062 2.32119
399 18.2123 82.2411 2.64989
400 21.3053 79.2879 3.05798
401 33.7475 15.0411 1.34563
402 30.1687 51.4055 2.35016
403 41.549 86.2733 2.79254
404 31.7766 63.4372 2.73426
405 93.2728 46.5657 1.79097
406 12.3782 51.2394 2.30221
407 44.4433 91.8201 2.40964
408 25.1775 68.0052 2.40396
409 83.2272 5.24216 1.91971
410 22.654 80.9954 2.46313
411 35.4651 92.2574 2.78974
412 41.4749 59.3655 2.84893
413 22.8534 82.78 2.17538
414 47.3484 74.7375 2.82236
415 81.9434 33.4833 2.14966
416 46.2223 85.6664 2.84234
417 21.2261 78.5603 2.35599
418 35.7066 93.8033 2.29772
419 73.1753 33.6481 1.90662
420 22.5716 58.0066 2.65957
421 34.7447 93.0489 2.62776
422 25.127 79.2554 2.54652
423 72.6923 1.15 1.97319
424 35.881 0.3457 2.92699
425 39.3961 81.7564 2.66756
426 26.1841 15.4657 1.56124
427 34.6093 96.7272 2.2467
428 35.9754 68.1398 2.62902
429 43.2708 67.428 2.11444
430 23.0621 6.93728 1.93464
431 50.245 85.3296 2.53966
432 29.7528 95.4252 2.35756
433 88.3705 2.03069 1.84163
434 29.0516 60.8136 2.21074
435 72.2675 45.1452 1.23854
436 27.6165 5.97939 1.86939
437 21.5395 51.6269 2.90558
438 77.4371 12.7613 1.8439
439 81.4014 8.29305 1.6632
440 43.8853 62.0647 2.65918
441 10.307 51.0637 2.37356
442 39.3879 90.66 2.73865
443 31.3878 23.5422 -0.0147791
444 43.941 79.1457 1.99005
445 85.1547 39.6233 1.84905
446 77.6218 42.0098 1.82404
447 14.2089 59.2826 3.01751
448 38.4288 88.015 2.31041
449 53.9403 66.4907 2.69479
450 25.7183 87.3286 2.11731
451 29.1168 52.962 3.20103
452 37.226 100.351 2.28343
453 39.5362 60.5337 2.1214
454 39.9954 97.5829 2.03134
455 80.3161 34.7389 1.35461
456 18.8768 74.8214 2.87222
457 28.5195 79.5273 2.79751
458 30.6224 75.3318 2.77561
459 90.0647 30.5863 1.66597
460 25.208 57.9647 2.42682
461 61.0572 39.0368 1.81857
462 45.5462 77.9561 1.98861
463 32.2949 83.5852 2.00934
464 52.4502 81.2051 2.2309
465 25.3405 84.5099 2.54532
466 45.1487 70.2116 2.81799
467 80.8105 6.57076 1.21889
468 17.7572 53.0855 3.16314
469 23.4804 99.5448 2.10941
470 25.9502 9.48239 1.69397
471 30.8496 64.3739 2.79856
472 47.0708 79.5057 1.99829
473 47.2048 87.68 2.04377
474 34.078 21.0916 1.01768
475 13.485 53.8763 3.07031
476 88.524 33.6759 1.94713
477 44.5006 69.8615 2.49633
478 26.7041 0.681911 2.13932
479 71.6111 35.0022 1.3389
480 21.1714 64.5191 2.60811
481 80.3868 0.887218 1.86362
482 31.5529 52.7148 2.53285
483 22.4487 85.6464 2.47602
484 17.9748 58.4 2.4945
485 13.6076 37.587 -0.247417
486 46.2962 66.801 2.05259
487 42.2655 68.0363 2.33193
488 18.4104 83.8479 2.01032
489 70.524 34.3023 2.04278
490 79.4085 38.7649 1.56684
491 34.9974 62.0767 2.32697
492 47.1363 81.9765 2.87846
493 40.0255 72.4706 2.72548
494 32.5562 55.314 2.48582
495 24.6862 62.4943 2.7528
496 37.5043 90.3914 2.9392
497 34.9307 95.0606 2.23369
498 45.1224 64.9666 2.62081
499 80.0485 13.9975 1.73786
