500
Particles
0 50.1396 43.4786 -1.89301
1 9.83346 20.2262 0.289516
2 6.48994 26.1611 1.06899
3 75.3292 40.0287 -2.50371
4 9.73585 6.71433 0.214235
5 22.3425 30.8055 1.48022
6 18.2161 17.4823 0.242774
7 71.8587 1.71979 -0.0450434
8 65.878 38.1935 -1.93781
9 69.6428 44.3161 -1.90197
10 70.9906 27.6945 -2.41416
11 68.5173 94.1646 -0.0568986
12 82.1809 40.1619 3.18812
13 46.2592 6.96216 -2.72668
14 12.6358 7.90618 0.190941
15 86.7811 44.3836 2.9447
16 79.2931 45.0605 2.79061
17 52.4542 20.5943 -3.35368
18 13.0435 16.956 0.429773
19 5.99192 95.9382 0.820543
20 73.7721 39.1238 -1.76525
21 19.4085 16.2345 -0.112285
22 61.4245 25.9274 -3.3059
23 54.4892 22.4602 -3.06564
24 10.7245 59.3799 -0.995778
25 21.9126 34.8867 0.897459
26 26.9895 29.9281 1.47648
27 73.5762 89.379 -0.161474
28 49.4606 45.4244 -1.82621
29 55.727 21.4191 -2.90979
30 10.9842 29.3097 0.206254
31 98.3222 86.3115 1.29437
32 71.0794 34.6326 -2.51961
33 7.17414 25.2813 1.23532
34 61.2923 32.0286 -3.02572
35 42.8903 44.665 -2.28509
36 68.6301 96.8978 -0.197971
37 18.8657 22.2163 0.307931
38 93.3537 36.2116 1.74004
39 7.7537 8.57566 0.126441
40 64.3952 24.9184 -2.72648
41 46.4281 7.38985 -1.88611
42 63.0414 44.279 -2.12727
43 92.3651 54.8733 2.05952
44 10.6093 24.5402 0.506655
45 72.2455 47.9932 -2.12161
46 54.5731 46.5175 -1.70019
47 50.8142 16.2892 -3.07288
48 62.7056 36.4609 -2.52925
49 22.7406 29.9955 0.934601
50 72.8584 40.2012 -1.98167
51 57.1988 49.6628 -1.80764
52 8.77212 56.8757 -0.887068
53 69.003 93.7204 -0.277281
54 56.2465 23.3035 -2.93912
55 44.042 0.291233 -2.85016
56 57.0896 31.1971 -2.30762
57 32.7215 58.5608 1.31163
58 53.6792 25.3487 -3.21841
59 22.5535 33.1098 1.04237
60 15.6583 24.4227 0.736619
61 63.0035 40.3265 -2.19925
62 45.8292 48.3257 -1.68806
63 9.19644 15.4601 0.625732
64 14.1542 22.552 0.893301
65 38.8158 12.4502 -2.04697
66 17.3205 28.1422 1.00601
67 41.9715 34.291 -1.99168
68 36.9636 7.99113 -2.05388
69 50.1341 52.2108 -1.66026
70 18.4836 20.269 0.855462
71 31.6656 35.3688 1.9638
72 13.6072 24.7197 0.239817
73 48.9363 28.008 -3.25965
74 29.8558 29.0612 1.56807
75 53.5144 93.8527 -1.06489
76 46.8255 52.6596 -1.7196
77 15.432 20.156 0.833408
78 11.8688 27.9712 0.89427
79 16.1016 14.4302 0.327926
80 45.7963 53.521 -2.32251
81 15.6327 28.0458 1.07005
82 33.4872 91.0155 1.9705
83 16.5596 10.7842 0.195756
84 29.5545 43.4196 1.81436
85 40.0573 46.7026 -1.69143
86 35.3966 64.9409 -2.63187
87 36.6407 4.19508 -2.39006
88 13.7056 93.3085 -1.50401
89 27.2506 30.2896 2.0547
90 52.7174 90.2783 -1.3154
91 98.6572 85.3168 1.12125
92 37.4125 1.60662 -1.96038
93 54.1716 25.294 -2.53632
94 66.381 32.2389 -2.74037
95 47.4829 46.84 -1.91593
96 14.4877 21.0237 0.300645
97 19.3489 23.6007 0.339328
98 28.3919 30.2766 1.31042
99 74.8227 32.4893 -2.20262
100 10.0173 56.0402 -0.376239
101 11.429 18.9351 0.714917
102 67.4487 39.2688 -2.21585
103 35.185 34.4571 1.80552
104 58.4685 43.1262 -1.47175
105 54.1217 89.4934 -0.933601
106 55.8551 32.7242 -2.64596
107 52.5061 35.3646 -2.10237
108 60.0814 47.9176 -1.2606
109 56.7069 36.4268 -2.42593
110 81.0613 37.1192 3.13575
111 19.0683 22.3561 0.842801
112 71.8754 38.8607 -1.70182
113 48.3725 23.5716 -3.46743
114 87.9233 49.258 2.03564
115 43.2186 33.1203 -2.32261
116 15.1921 29.9001 0.38472
117 27.6719 37.216 1.20368
118 77.8544 42.0067 -3.40833
119 53.8854 25.2999 -3.09019
120 28.8055 34.9158 1.70677
121 70.923 36.2389 -2.28935
122 65.5365 33.1531 -2.28911
123 10.3961 17.6415 0.12447
124 41.6443 8.05435 -2.14689
125 40.0125 11.1453 -2.67919
126 87.0489 82.6507 1.81605
127 41.173 8.079 -2.42911
128 11.062 60.4268 -1.26768
129 52.5053 43.5518 -2.13309
130 51.4179 50.8704 -2.15956
131 70.7972 26.6104 -2.24105
132 61.3287 89.2514 -1.11315
133 59.1788 91.8866 -0.674813
134 24.3077 29.3308 1.40144
135 21.2456 20.427 0.625703
136 32.544 27.2222 1.68459
137 21.2206 19.7818 0.298639
138 65.6398 34.4761 -2.62555
139 42.4146 52.1547 -1.75248
140 66.6287 41.3619 -1.76832
141 38.8583 12.6289 -2.59527
142 17.5456 9.37093 0.915885
143 73.0444 47.8659 -1.37348
144 19.1152 23.23 0.798558
145 50.6752 31.8337 -2.58842
146 52.744 48.9187 -2.39842
147 4.45537 24.4403 1.0446
148 50.2483 49.381 -2.43256
149 18.1166 27.1201 0.876722
150 61.301 43.6963 -1.98124
151 45.6388 47.6469 -2.38484
152 33.7025 29.8085 1.17389
153 59.1578 43.9677 -1.36016
154 75.3681 47.9229 -1.85151
155 60.6864 93.2412 -0.682169
156 69.532 39.6527 -2.2319
157 63.9664 51.2974 -1.59864
158 27.2924 31.2908 1.11451
159 83.2653 44.7456 2.88106
160 10.4265 27.8666 1.23344
161 93.0573 84.2223 0.97186
162 72.8219 42.2423 -1.83695
163 39.255 6.29196 -2.8424
164 26.4375 79.4231 -0.329085
165 43.4131 42.7901 -1.86244
166 35.8486 9.96203 -1.83404
167 23.5117 22.005 0.855859
168 12.1452 18.4201 0.181646
169 7.74889 51.6304 -0.0399506
170 5.23007 22.4011 0.542108
171 17.2837 17.6197 0.119915
172 49.473 30.9388 -2.19907
173 67.9864 41.8411 -1.59462
174 19.4335 31.0416 0.830813
175 92.2428 88.0746 1.22507
176 84.886 45.8453 2.34038
177 37.7115 48.7681 -1.79227
178 6.91014 52.963 -0.557638
179 48.1858 45.4708 -2.09768
180 47.6487 24.0427 -3.12261
181 72.5813 43.6563 -1.82215
182 55.3474 32.2645 -2.7017
183 83.9945 21.421 2.81511
184 22.1851 37.575 0.570974
185 57.4169 95.7289 -0.844074
186 65.7284 32.5166 -2.56487
187 71.3192 39.2587 -1.86736
188 9.25571 13.7226 0.67626
189 13.4515 28.3161 0.188777
190 14.2891 32.2314 0.433433
191 18.5657 25.8848 0.370209
192 40.8731 46.5039 -2.28194
193 60.1491 38.4275 -1.66052
194 30.8957 29.9624 1.44008
195 15.6209 19.2556 0.697539
196 25.0502 30.2047 1.25011
197 37.2658 64.8491 -1.87902
198 35.7552 87.1256 1.809
199 26.1073 30.3614 1.18257
200 20.7496 18.6765 -0.0533731
201 5.10449 5.82498 0.539601
202 7.75321 58.4586 -0.788849
203 63.9197 57.8027 -1.17801
204 20.0979 30.1668 1.21783
205 50.4871 31.3474 -2.19303
206 29.6577 55.8571 1.10632
207 25.5331 35.063 1.69613
208 22.3364 37.78 0.663337
209 78.6165 39.059 -2.91267
210 14.7278 20.7512 0.713112
211 64.4957 28.4783 -2.82942
212 61.0719 91.3605 -0.614211
213 51.3732 52.2738 -1.95518
214 12.7614 13.2724 0.324869
215 49.7371 27.9244 -2.95137
216 70.5352 51.6766 -1.63362
217 18.8943 16.7975 0.172163
218 62.9318 53.7095 -1.37372
219 55.378 20.3589 -2.86182
220 30.5709 17.0488 0.418748
221 61.9018 51.7437 -2.08345
222 16.8117 22.2879 0.395126
223 54.5721 95.3345 -0.707438
224 76.5899 37.0217 -1.96988
225 70.48 95.1702 0.0933588
226 66.7908 45.526 -1.50036
227 65.3101 37.2791 -2.24997
228 38.0221 66.3855 -2.37427
229 63.3171 47.2323 -1.51745
230 45.748 5.59731 -1.86422
231 14.4804 23.0911 0.444275
232 97.232 84.0935 1.36413
233 30.847 35.404 2.07396
234 25.994 31.504 1.36444
235 57.0557 30.1763 -2.31859
236 66.3528 40.8261 -2.17182
237 14.1441 27.6375 1.00695
238 57.0918 24.1615 -2.46982
239 11.7206 9.15424 -0.330792
240 81.1967 40.7758 2.71938
241 13.9572 27.0823 0.546868
242 59.6679 49.6474 -2.01876
243 18.9333 20.462 0.424084
244 90.0101 80.6119 1.25177
245 60.7737 49.2433 -1.65813
246 69.3653 30.6193 -2.17907
247 42.7016 9.7955 -2.31568
248 13.1937 11.2185 0.714844
249 17.169 29.2888 0.299608
250 71.9021 81.1531 -0.217544
251 9.3832 28.495 0.683886
252 72.0766 1.68839 0.146347
253 53.2738 99.4916 -0.292108
254 69.7887 27.2856 -2.83321
255 17.3557 28.2934 0.484189
256 60.5991 48.2451 -2.05965
257 68.6395 31.9083 -2.45969
258 70.4471 40.3192 -1.42835
259 56.7605 33.3863 -2.84129
260 24.3409 29.6382 1.60858
261 48.3053 19.0277 -3.25632
262 70.1173 45.2924 -1.54927
263 37.0663 53.8938 -1.99423
264 8.48416 25.1366 0.332563
265 35.0104 32.222 1.88859
266 41.4854 48.2549 -2.07566
267 13.3151 22.3519 0.390923
268 57.8164 18.6138 -3.06457
269 68.6937 89.8351 -0.19806
270 53.5424 26.6989 -2.73892
271 57.157 33.1366 -2.9146
272 40.2288 65.3226 -2.67814
273 24.6572 32.0916 1.8571
274 37.8637 51.6705 -2.28348
275 62.3918 42.2301 -1.88343
276 29.4815 28.7924 1.78035
277 47.6345 30.6596 -2.39166
278 7.25435 20.6491 0.933645
279 61.2633 51.4962 -1.70071
280 17.5782 8.51987 1.03423
281 67.5657 35.1521 -2.23321
282 54.8194 24.8263 -2.56323
283 22.5992 26.3638 0.532809
284 14.88 27.9084 0.140722
285 17.5425 20.5917 0.779699
286 42.2947 8.73613 -2.04997
287 66.1561 31.057 -2.00087
288 76.2978 36.5753 -2.70591
289 10.32 24.7071 0.706866
290 59.1305 39.5951 -1.96926
291 11.013 20.8529 0.978124
292 93.4017 56.2989 2.0449
293 35.8584 50.773 -1.98243
294 56.9495 23.2126 -3.19381
295 73.3669 4.64555 0.375063
296 21.9576 37.8741 1.32664
297 70.3792 43.5356 -1.50931
298 11.4223 23.1591 0.704672
299 21.9882 22.8953 0.918119
300 38.7611 44.6198 -1.92715
301 16.9581 26.1767 0.876626
302 96.8852 35.7805 1.3201
303 65.8068 34.8977 -1.69311
304 9.64935 17.0088 0.154548
305 13.9542 29.8975 0.432234
306 68.8954 97.6664 0.353617
307 11.4034 26.2359 0.864892
308 49.862 22.4373 -2.57616
309 40.3114 51.2416 -2.27703
310 71.7725 93.4657 -0.268918
311 48.9901 5.78834 -2.6696
312 58.7425 50.756 -1.37438
313 44.9418 47.1341 -1.80427
314 80.3738 46.6025 2.46786
315 62.6144 39.6405 -1.34114
316 19.7773 20.5076 0.377568
317 17.9202 12.9125 0.560897
318 80.8158 41.9495 3.14341
319 17.3421 24.3128 0.0801606
320 17.5884 23.0018 0.349416
321 54.7489 19.1957 -3.00737
322 18.4021 21.2954 0.756415
323 15.4574 14.022 -0.108307
324 12.8377 27.9411 0.730579
325 64.836 47.0204 -2.17465
326 68.888 28.9197 -2.67964
327 41.475 50.9921 -2.02822
328 20.7856 39.8642 0.960827
329 73.562 35.6059 -1.84771
330 48.7261 48.3961 -1.82556
331 61.0921 90.357 -1.21268
332 71.7156 35.6259 -1.95655
333 32.2675 87.6593 1.5139
334 8.22785 7.68738 -0.442674
335 18.7825 24.0091 0.532876
336 25.2115 18.9922 0.831072
337 11.4029 8.7462 -0.289524
338 64.4367 45.2668 -1.37504
339 67.7366 29.1287 -2.1132
340 13.595 18.7046 0.482917
341 10.4949 12.6604 0.511922
342 12.5611 18.721 0.302513
343 66.0077 50.9191 -1.3766
344 66.6829 36.7749 -1.85211
345 92.7478 53.0745 2.42928
346 47.1306 7.95501 -2.13734
347 29.578 29.7414 1.98389
348 12.2442 11.8957 0.621908
349 12.27 31.1149 0.920146
350 60.9991 47.1814 -2.01792
351 68.7483 40.8887 -1.48323
352 8.31839 22.4288 0.190215
353 54.8552 93.1254 -1.55689
354 32.0536 31.1215 1.68165
355 71.2218 29.8182 -2.81724
356 73.8761 33.6876 -2.11019
357 64.9007 91.0759 -0.933226
358 50.9277 23.1702 -3.26333
359 26.4435 36.0355 1.5383
360 76.5619 51.5245 -1.46338
361 18.6932 32.177 0.584023
362 16.5553 19.0799 -0.0443225
363 38.6388 61.2483 -1.65889
364 7.81073 26.1085 0.54917
365 54.2528 46.2395 -1.87207
366 21.4639 18.7847 0.684073
367 52.2019 36.4724 -2.39897
368 51.0094 47.8765 -2.00523
369 93.9478 51.4101 2.13338
370 84.018 41.0388 3.10152
371 18.2922 27.9469 0.266912
372 57.5914 24.6971 -3.33813
373 46.8569 25.0176 -2.50087
374 9.45341 27.8338 0.403124
375 54.1556 45.0704 -1.99463
376 56.1833 35.594 -2.189
377 41.4854 29.0965 -2.03236
378 57.536 48.3007 -1.58742
379 29.7455 20.3398 0.257248
380 64.8409 44.2847 -2.23608
381 30.8157 28.9765 1.23117
382 16.3696 17.4185 -0.00829562
383 11.0055 54.2924 -0.218763
384 27.9662 39.3452 1.7376
385 73.132 92.5439 -0.491162
386 67.356 97.7966 0.292368
387 38.6113 44.6203 -1.70994
388 68.8146 45.9116 -1.85778
389 25.1498 32.1417 1.213
390 10.4537 22.4371 0.954359
391 52.3343 23.3771 -2.68
392 89.9982 39.9666 2.10841
393 64.3205 49.1242 -1.43343
394 17.7931 20.2618 0.198332
395 49.2011 21.4851 -3.31462
396 53.9296 19.7891 -2.98886
397 21.5541 27.2367 0.617904
398 73.0067 28.5101 -2.60441
399 42.3282 31.4947 -1.95643
400 14.5322 7.4993 0.739187
401 38.4383 7.02048 -1.81437
402 42.2408 59.4344 -2.27913
403 15.3986 16.8368 0.883237
404 29.9384 55.1243 1.20045
405 7.81877 19.9336 0.518086
406 43.7614 6.19953 -2.74603
407 17.5745 18.8173 0.59556
408 45.0586 23.0261 -2.44265
409 23.6329 20.64 0.216385
410 12.3119 9.0372 -0.0833073
411 89.1987 48.6962 2.86451
412 45.9627 56.8556 -1.85358
413 50.336 19.5025 -2.91727
414 61.779 46.6776 -2.15844
415 92.2738 56.0821 2.19533
416 20.4725 36.0867 0.691658
417 16.514 10.4826 0.0787752
418 15.2396 22.4408 0.915714
419 8.53071 99.7076 1.13161
420 27.8518 35.5363 1.42678
421 11.1542 18.7414 0.799754
422 55.0666 28.6558 -2.94628
423 39.5594 19.3617 -2.31627
424 84.506 46.0547 2.33434
425 18.911 16.4118 0.600608
426 45.0706 31.0761 -2.67565
427 9.15685 28.2262 0.349469
428 58.3944 46.7284 -1.26215
429 65.2233 46.0036 -2.25817
430 91.2369 83.1394 1.49177
431 56.8383 45.9937 -2.06023
432 68.5783 39.2767 -2.19036
433 45.8297 33.7539 -2.70028
434 63.8201 29.0866 -3.1042
435 4.6542 23.885 0.872863
436 72.02 45.2896 -1.63561
437 28.6522 34.2476 1.3851
438 6.3316 6.48387 -0.299906
439 47.8598 32.1959 -2.15658
440 34.1083 26.1135 1.48219
441 25.1031 82.051 0.257281
442 15.9596 21.5285 0.200069
443 31.0981 32.1186 1.38851
444 61.0611 46.9989 -1.63096
445 14.4312 31.3748 1.03723
446 46.7856 3.70385 -2.3054
447 45.3375 9.5921 -2.153
448 87.8968 46.0304 2.50304
449 16.0789 27.7197 0.398004
450 14.6152 13.4167 -0.0963503
451 44.8611 54.2132 -2.32913
452 12.9494 29.6247 0.694169
453 67.8473 42.5575 -1.81065
454 52.6868 30.6004 -2.26729
455 31.2479 11.063 -2.61481
456 10.2316 8.36529 0.233955
457 56.955 27.6248 -3.14047
458 76.208 42.0001 -2.95749
459 40.3272 17.3634 -2.24107
460 24.1123 30.2399 0.764641
461 54.5835 90.0398 -1.17037
462 60.3627 49.2504 -1.28236
463 56.8218 35.4636 -2.71085
464 64.2538 53.6443 -1.61679
465 52.033 23.1557 -2.57254
466 65.909 48.7517 -1.85008
467 18.9797 21.6715 0.184184
468 21.8448 33.6634 0.96677
469 68.1375 43.8481 -1.54487
470 10.5064 18.4388 0.717602
471 61.0713 49.5221 -1.48218
472 59.6397 50.9167 -1.14259
473 47.1606 27.2318 -2.85911
474 86.606 44.7906 2.65342
475 44.9036 7.59094 -2.73786
476 60.5058 92.3471 -1.3195
477 31.7779 60.13 0.68904
478 95.5812 87.3242 0.661465
479 95.4273 53.9995 1.89067
480 56.9089 24.949 -2.88608
481 23.388 36.4606 0.831954
482 29.7216 29.3584 1.33428
483 14.167 16.7137 0.418419
484 93.7925 38.9447 1.37058
485 97.0048 34.907 1.11917
486 67.368 42.049 -1.44738
487 73.0549 50.3743 -1.6602
488 41.5463 38.7451 -2.94914
489 35.2932 10.2396 -2.59731
490 73.2651 3.03883 0.168361
491 68.0291 33.0624 -2.44264
492 59.6249 47.7243 -1.4222
493 63.8613 34.1185 -2.0083
494 67.8391 30.9243 -2.53123
495 35.9427 43.2003 -1.81583
496 17.1053 25.4797 0.775549
497 85.733 41.8015 2.26403
498 65.6532 46.5731 -1.58133
499 40.3644 14.7655 -2.17136
