500
Particles
0 57.25 71.6797 -1.24445
1 87.2681 1.80644 1.0266
2 84.996 6.85265 1.04048
3 97.5436 44.8427 3.14806
4 85.8908 90.3145 1.18983
5 3.24228 9.22564 1.35752
6 95.5448 0.822554 0.347255
7 44.0875 4.34319 -1.02786
8 65.255 67.2342 -1.73335
9 66.6999 73.2555 -1.56604
10 90.0517 19.4076 2.38629
11 40.0054 97.9069 0.313804
12 92.3103 14.401 1.26133
13 72.0019 19.3712 -3.04099
14 89.0049 92.0325 0.630053
15 99.0589 19.1472 1.84011
16 3.34818 46.0567 2.45039
17 81.5814 19.1587 2.55388
18 89.4082 0.46874 0.870482
19 84.7956 78.1838 0.551119
20 94.8176 46.3757 2.4531
21 98.1607 97.8391 1.33546
22 88.032 17.0065 1.7561
23 83.783 21.3226 2.93047
24 28.4051 62.3274 -3.32184
25 2.25691 14.166 0.820844
26 20.501 9.39909 0.891777
27 48.1289 3.30584 -0.66879
28 52.7966 74.337 -1.39816
29 84.6176 21.1754 2.78142
30 90.7303 9.04121 0.635611
31 82.6994 64.1148 0.772093
32 92.2579 45.5505 2.69656
33 85.7005 5.70846 0.541953
34 89.1641 33.5705 -3.30314
35 48.3336 71.9402 -1.48379
36 40.343 1.56876 -0.223209
37 97.4541 3.36658 1.02188
38 84.6703 8.83314 1.55152
39 84.603 91.737 0.954796
40 85.4127 12.5775 1.58751
41 70.6267 22.8099 -2.27007
42 63.6583 73.4957 -1.9259
43 96.2174 26.1796 1.5875
44 88.1546 6.17446 1.01553
45 69.3653 77.1273 -1.14143
46 57.6438 75.5877 -1.60854
47 79.6748 15.1755 3.12487
48 63.3532 65.0387 -1.43159
49 2.86639 8.35643 1.13546
50 73.3999 68.5885 -1.72099
51 61.0482 78.5819 -1.2274
52 93.3527 78.9608 0.212922
53 40.6455 98.4187 0.203567
54 85.2635 20.7526 3.02686
55 58.1152 12.8109 0.31066
56 84.7339 30.2407 -2.91967
57 26.4269 31.2323 1.50257
58 82.7954 24.7852 2.70633
59 2.28004 12.1159 0.539654
60 95.5976 3.94529 0.83341
61 61.895 69.6403 -1.45911
62 52.0159 76.6647 -1.94847
63 86.6069 98.2477 0.663599
64 92.7498 3.65474 1.18948
65 59.0695 33.4091 -1.9934
66 97.8205 6.81144 0.490557
67 42.9708 62.2984 -1.5757
68 57.0095 28.9561 -2.54949
69 54.8848 80.6633 -1.3215
70 97.2825 1.05809 0.650185
71 50.3401 35.3866 -2.56588
72 93.1253 4.50213 0.887772
73 49.6677 55.5541 -1.60849
74 47.0186 21.6555 -1.42963
75 58.4083 7.52684 -0.287891
76 53.6247 81.2087 -1.94627
77 91.3989 3.58289 1.38161
78 90.6958 8.09804 1.23321
79 92.8804 98.5333 1.31788
80 52.4518 81.8916 -1.92113
81 95.053 7.37458 0.775664
82 17.4929 71.1199 0.306702
83 92.1494 96.6405 0.989216
84 8.90194 28.7676 0.497874
85 41.7332 73.6664 -1.40659
86 48.2041 90.2848 -2.46878
87 54.6867 22.2232 -0.930513
88 91.4091 89.0522 0.918818
89 18.9687 10.4523 0.0972375
90 28.5075 98.9016 -0.121101
91 82.4134 62.8388 0.271763
92 55.2879 10.9122 0.592689
93 83.1331 25.0348 2.53182
94 71.5085 53.9333 -0.248191
95 52.7143 74.9994 -1.52701
96 94.5012 0.598568 0.930685
97 98.16 4.71267 0.790599
98 26.4327 6.87105 0.791832
99 97.2538 41.2035 2.90493
100 92.9243 76.4435 0.484557
101 90.1945 99.5174 1.05212
102 66.6067 67.9456 -1.26381
103 37.0495 50.0463 -1.02638
104 58.7394 72.21 -1.43013
105 28.4619 98.7082 0.0325452
106 83.9177 33.2153 -2.81962
107 57.0602 60.1823 -1.0397
108 62.9053 76.8881 -1.13889
109 59.6939 63.6322 -1.55798
110 87.2635 12.0561 0.868052
111 97.6886 2.96711 0.588533
112 70.4675 67.8638 -0.911853
113 77.2908 21.364 -3.17669
114 96.8854 22.5396 1.38765
115 44.1763 60.8116 -1.79578
116 96.2736 8.31794 1.13751
117 10.6 17.6507 1.0175
118 1.55285 44.9821 2.60165
119 82.8711 25.0675 2.54842
120 11.4051 13.911 1.20717
121 81.6947 53.3322 -0.384652
122 70.5388 53.8679 -0.91917
123 88.9891 99.0439 0.705379
124 61.5297 29.1095 -2.61896
125 58.7276 33.1204 -1.71146
126 73.7713 61.6667 0.00870948
127 61.5957 29.3872 -2.58068
128 27.9506 63.098 -3.43812
129 58.1675 71.6948 -1.73732
130 56.9129 78.9052 -1.29426
131 89.9064 16.8723 1.37625
132 36.032 98.1753 0.637237
133 33.7068 2.56527 -0.264876
134 4.33935 8.14022 1.01389
135 99.3401 1.50841 1.09697
136 34.9654 7.70759 -0.0824922
137 99.2873 2.39216 1.20723
138 69.8382 56.724 -0.564471
139 48.4027 80.4456 -1.38138
140 64.486 70.081 -1.24547
141 57.4393 34.3976 -1.98074
142 94.1719 94.2045 0.913859
143 71.4613 76.8914 -1.69311
144 98.1384 4.05256 0.745561
145 53.3287 57.8896 -1.47151
146 56.9653 77.5954 -1.26117
147 85.087 3.4198 0.440497
148 56.348 77.8405 -1.86651
149 98.1595 6.84108 0.539486
150 62.3874 72.7946 -1.68042
151 52.0165 75.2466 -2.04899
152 53.4094 35.5345 -2.61087
153 59.3947 73.2856 -2.03663
154 73.0114 77.0111 -1.87193
155 36.0772 4.05844 -0.660016
156 66.3517 68.6255 -1.96568
157 68.7258 79.9481 -1.56199
158 10.2619 9.01365 1.30674
159 95.5499 19.8447 1.65596
160 88.9163 8.48663 0.563662
161 80.9037 59.4977 0.358106
162 70.9786 70.9608 -1.08243
163 61.5324 25.4853 -2.36528
164 97.5529 77.0267 -0.0726192
165 46.2734 70.0977 -1.02234
166 55.7906 29.7114 -1.86349
167 2.54517 2.25032 0.980971
168 89.6759 0.780183 1.10514
169 97.9853 28.4353 1.27721
170 84.2072 3.19611 0.710435
171 94.7833 100.264 0.831538
172 49.9855 59.4899 -1.35484
173 65.8381 70.6566 -1.32098
174 99.6678 10.195 1.16043
175 78.6643 65.0823 0.451476
176 96.0715 20.0813 1.44147
177 41.5518 75.4677 -1.36454
178 7.42872 37.1374 1.92164
179 54.5082 73.6359 -1.54921
180 76.3028 23.1674 -3.01613
181 69.9409 72.6086 -1.86369
182 83.6913 31.5995 -3.39018
183 77.9568 5.2605 1.1796
184 1.08373 17.7436 1.10899
185 71.7854 10.6657 -2.42002
186 69.59 54.1756 -0.0491528
187 68.079 68.2164 -1.18333
188 86.4673 96.149 0.601505
189 92.9081 8.12643 0.797146
190 94.8243 10.9907 0.741032
191 98.4758 5.48658 0.458807
192 44.0945 74.1639 -1.3188
193 60.3116 66.7087 -1.08876
194 33.2171 8.5125 0.755977
195 92.953 1.29009 1.05056
196 6.73798 8.26758 0.610287
197 49.9464 90.4019 -1.6289
198 19.6439 67.2732 0.460473
199 8.19218 9.66936 0.519366
200 0.342831 98.9632 1.29549
201 82.2419 90.0793 0.716558
202 90.9583 78.6696 0.447363
203 63.1551 86.1689 -2.21953
204 0.91952 8.44557 0.850808
205 52.7531 58.5487 -1.54893
206 22.3456 29.5413 0.572234
207 7.06846 15.0915 0.637321
208 0.24243 19.8804 1.25647
209 92.4338 16.8977 1.59719
210 91.8715 3.1101 1.35102
211 87.7788 17.2399 1.80158
212 34.5307 0.439963 -0.28622
213 57.7698 80.9798 -1.26792
214 89.6353 96.0928 0.587217
215 78.4184 28.454 -2.85338
216 70.4878 80.8012 -1.07099
217 97.1485 99.1681 1.48557
218 65.7669 82.6893 -2.07456
219 84.344 18.6678 2.20099
220 9.51073 0.658268 0.460853
221 65.1073 80.8858 -1.38418
222 95.955 3.05426 1.06536
223 68.2712 9.58762 -2.33166
224 98.6816 43.5103 2.22334
225 42.4482 2.67334 -1.14881
226 66.2242 74.168 -1.68566
227 65.8744 65.9732 -1.18189
228 51.7351 91.1918 -1.83729
229 67.3556 76.1695 -1.4522
230 66.1255 25.7965 -2.18483
231 92.7858 4.15948 0.423428
232 83.1484 60.4217 0.724064
233 33.2606 48.4512 -1.22485
234 7.14907 10.6105 0.786209
235 85.0995 28.6359 -3.31514
236 66.2176 69.7938 -1.58694
237 94.0757 6.98631 0.667017
238 86.1296 24.6915 3.31183
239 87.3247 93.4906 0.927195
240 91.2648 15.3631 2.0501
241 91.9923 8.20071 0.67303
242 61.6482 78.681 -1.16901
243 99.3628 100.295 0.922318
244 77.8966 58.3156 0.0486414
245 61.4361 78.4469 -2.07806
246 74.6043 49.4521 -0.708738
247 64.0807 29.4054 -1.90579
248 89.9506 94.408 1.43903
249 98.3952 7.407 0.388534
250 51.9811 1.27922 -1.04333
251 88.4718 8.54523 0.735763
252 44.0779 6.20896 -0.90225
253 72.5689 11.6265 -3.13732
254 88.0981 16.4391 1.54541
255 97.9526 7.20171 0.961446
256 62.8266 77.3692 -1.49708
257 73.7496 52.9418 -0.158775
258 70.7582 69.1775 -1.30481
259 85.563 34.2057 -3.13054
260 4.72649 8.63313 1.27338
261 77.4015 17.8944 3.39218
262 71.1796 74.3226 -1.3264
263 39.0695 80.6458 -1.33594
264 87.3669 5.18386 1.15817
265 36.327 46.9298 -1.20873
266 45.613 76.222 -1.53403
267 90.7296 4.17367 1.02302
268 84.8641 14.8771 1.78041
269 40.5778 96.2425 0.145728
270 82.4864 26.5424 -2.76735
271 85.2599 29.3002 -2.94512
272 53.2319 90.8878 -2.09967
273 5.7855 10.6393 0.67184
274 39.4247 78.6952 -1.22304
275 61.5142 71.0749 -2.00932
276 29.0752 5.86439 0.668572
277 48.8889 58.3641 -1.34706
278 85.6279 1.004 0.619721
279 65.2251 80.4664 -1.43255
280 93.1107 93.4249 0.897969
281 70.8838 58.7642 -0.484843
282 83.4462 21.3475 3.06374
283 2.05153 5.69214 0.861684
284 93.8759 8.39893 0.920969
285 95.9032 0.79902 1.29449
286 63.7632 28.4737 -1.84608
287 72.4691 50.3138 -0.496502
288 98.7067 43.0923 2.26708
289 88.144 6.09132 1.06073
290 59.6948 68.2146 -1.76208
291 89.3163 2.13358 0.403553
292 97.4759 28.5011 2.01434
293 39.6694 78.2243 -1.38944
294 85.8133 21.6437 2.23032
295 45.1403 8.37492 -0.651754
296 0.448894 19.4888 1.11247
297 68.7339 72.863 -1.42244
298 89.0149 4.15536 0.524142
299 1.12851 3.32552 0.811602
300 39.3667 72.2664 -1.28027
301 96.8214 5.37174 0.633331
302 85.5572 9.45544 1.04582
303 66.5239 63.1012 -1.35151
304 88.0129 98.8366 1.36308
305 93.7002 9.13839 1.05165
306 40.7521 3.81293 -0.65487
307 90.3249 6.01166 0.64318
308 79.0148 20.9042 3.46305
309 43.0651 78.5003 -1.61512
310 44.256 99.2008 -0.911479
311 76.5611 14.5132 2.84948
312 61.6468 79.6344 -2.06944
313 49.7495 75.1044 -1.70743
314 6.14493 44.9685 3.1462
315 62.973 68.703 -1.7734
316 99.2374 0.768242 1.00852
317 94.1462 96.6575 0.831614
318 92.8796 17.4672 1.39973
319 98.0484 3.09535 1.05072
320 96.514 3.59541 0.616023
321 83.7983 17.2007 2.66471
322 96.7223 2.62379 1.16955
323 92.9261 97.5509 0.734742
324 90.5756 9.33534 0.52729
325 66.9496 76.3204 -1.68269
326 93.8555 37.6305 2.85106
327 47.6454 78.6413 -1.14979
328 0.618063 20.2901 1.68319
329 94.06 44.1855 2.35108
330 54.0942 76.8436 -1.25416
331 35.178 97.4833 0.494327
332 94.1268 44.9374 2.80244
333 15.2295 68.0116 1.06393
334 85.0889 91.1168 0.878966
335 98.9615 3.57602 0.385446
336 5.32529 99.312 0.883517
337 87.0151 93.7156 0.835339
338 65.7031 74.2815 -1.40876
339 92.8358 36.4058 -3.28201
340 91.3443 1.3439 0.934152
341 85.966 97.8367 1.27733
342 89.56 1.65605 0.601377
343 67.4268 79.8251 -1.82546
344 68.1385 65.4021 -1.93915
345 95.6976 25.2552 1.17183
346 72.1737 22.1801 -3.094
347 28.2259 7.21575 0.435455
348 89.0302 96.0042 1.31152
349 94.4199 9.19858 0.87851
350 62.3723 76.6161 -1.84262
351 68.9197 70.0232 -1.66075
352 87.9508 2.46568 0.480181
353 49.5824 17.7373 -1.52729
354 51.8004 32.8064 -2.60004
355 90.586 20.3805 1.63823
356 94.6269 42.1812 2.34907
357 38.0441 99.2514 0.0758906
358 79.9393 21.4398 2.79387
359 9.3249 14.8292 1.12618
360 74.5556 80.5163 -1.26698
361 99.3576 10.5908 0.941172
362 95.397 0.793349 0.546576
363 51.5711 87.2847 -2.06507
364 88.5374 4.6728 0.746361
365 58.2305 75.2113 -1.62357
366 99.6255 100.401 1.23336
367 58.2414 61.1477 -1.52355
368 54.5067 76.5701 -1.27569
369 98.6308 23.0908 1.33599
370 94.9296 15.2324 1.19453
371 97.0176 8.25866 1.19999
372 86.2752 21.4686 2.72003
373 75.5543 24.7161 -3.04617
374 89.45 7.05912 1.16837
375 56.971 73.794 -1.93755
376 60.6436 60.7817 -1.16393
377 38.8895 56.1701 -1.47393
378 61.8106 77.251 -1.63172
379 7.60997 3.83933 0.423171
380 66.2245 73.304 -1.44497
381 31.4247 6.79011 0.808516
382 94.5831 100.031 0.971819
383 6.13402 44.9202 2.42728
384 7.67806 24.1765 0.140075
385 46.9303 3.23816 -0.524646
386 40.1108 6.26592 -0.208183
387 39.2468 72.0481 -1.20883
388 68.8687 75.1702 -1.20442
389 6.26819 10.7557 0.537231
390 89.1257 2.41192 1.29646
391 81.7668 21.8797 3.10877
392 89.0872 11.9338 0.84046
393 66.9248 78.1908 -1.28556
394 97.1571 0.730682 0.848859
395 78.0074 18.7653 2.87949
396 82.7174 17.9801 2.82654
397 0.740775 7.30506 1.22235
398 90.0574 15.5897 1.84205
399 41.7712 59.4299 -1.11713
400 89.7101 92.169 0.49419
401 58.1561 27.6227 -2.51368
402 54.1177 86.0387 -1.97808
403 92.7509 99.4289 1.30544
404 24.8711 28.8501 1.32433
405 87.1362 100.421 1.30268
406 66.633 24.1445 -1.95581
407 96.7298 99.6115 1.35461
408 73.4511 25.3006 -2.94847
409 1.84367 2.15158 1.15183
410 87.8513 93.2336 1.27297
411 97.5609 22.3033 1.84959
412 52.994 85.4665 -2.02403
413 79.6259 17.9345 2.81331
414 64.1137 75.9961 -1.22985
415 96.3988 27.9849 2.08333
416 99.3864 16.759 1.7847
417 93.1879 94.1036 1.10914
418 95.2119 1.75957 1.2708
419 86.824 80.7378 1.23865
420 10.4128 15.7696 0.850126
421 89.1882 0.295895 0.566449
422 83.5949 25.8041 -2.73182
423 56.2152 42.8227 -2.13881
424 94.9252 21.1612 1.16496
425 98.013 97.1353 0.987618
426 46.7298 59.1616 -1.66366
427 88.4434 8.35321 0.928993
428 60.9178 75.5707 -1.67753
429 64.3164 74.997 -1.10882
430 78.1897 59.9773 0.0586022
431 60.958 74.5499 -1.50782
432 66.5411 68.1382 -1.73776
433 46.8584 61.7548 -1.80856
434 89.3046 21.1145 2.16538
435 84.4514 3.15967 1.00039
436 69.7571 74.1603 -1.08887
437 27.6378 10.5483 0.430685
438 82.5122 91.0264 1.17617
439 48.5573 60.0864 -1.28968
440 53.7844 31.7056 -2.77474
441 96.1554 80.9518 -0.209293
442 94.5173 3.20489 0.759624
443 50.0555 33.0259 -2.56919
444 62.496 76.1554 -1.64699
445 96.4519 8.6096 1.21444
446 72.675 15.7366 -2.63233
447 66.7424 28.8483 -2.00344
448 97.8632 19.9958 1.35953
449 96.2393 6.74834 1.23604
450 90.0807 97.8299 0.553072
451 51.0028 82.4797 -1.67143
452 93.3161 8.22278 0.608615
453 67.3789 71.5133 -1.36351
454 80.3699 29.0556 -3.29019
455 53.8212 27.4885 -2.18429
456 87.1792 90.9184 1.3555
457 85.742 24.9833 3.38191
458 98.3533 47.6512 2.59452
459 55.3934 41.6564 -2.03425
460 3.75814 9.93092 1.38364
461 29.7563 97.7029 0.00168101
462 64.2294 77.941 -1.54903
463 62.7779 60.0454 -1.33886
464 65.454 82.9008 -1.21404
465 81.1845 23.2304 3.03154
466 68.3205 77.8744 -1.82324
467 98.5192 2.2528 0.569051
468 1.32895 12.8489 0.632197
469 66.0743 72.9647 -1.83673
470 89.2498 98.9489 1.53237
471 63.4313 78.5127 -1.61929
472 63.518 79.9573 -2.01129
473 75.2614 29.6837 -2.89099
474 97.3647 19.2575 1.15318
475 69.698 22.5645 -2.04808
476 35.9455 2.82386 -0.553125
477 25.4087 33.7308 1.42705
478 81.0813 63.6106 0.221312
479 98.0025 26.0181 1.29604
480 86.024 24.5926 2.67135
481 2.05362 17.8502 1.58547
482 30.0646 5.87719 0.282453
483 92.3293 98.2384 0.786452
484 87.9223 11.2368 1.68451
485 85.2641 8.48433 1.27255
486 67.1116 71.1948 -1.05933
487 70.5225 79.9027 -1.88333
488 44.505 65.4194 -1.58383
489 56.2815 29.4489 -1.99165
490 45.5491 7.40442 -0.931453
491 72.7209 55.4579 -0.32934
492 62.9711 76.694 -1.21833
493 67.3408 59.5101 -0.843207
494 74.1984 50.1016 -0.711906
495 38.831 63.8167 -1.14007
496 95.4161 6.73859 1.23468
497 95.972 15.314 1.47788
498 65.2431 75.7265 -1.63995
499 56.3883 38.9913 -2.43221
