500
Particles
0 50.4736 49.6521 1.03916
1 29.988 49.8496 1.5217
2 24.0905 56.9596 1.80095
3 56.0147 7.28296 -2.24051
4 25.973 32.0111 1.1703
5 28.6283 68.0604 1.77266
6 42.1863 45.7948 1.31634
7 8.68273 5.56192 0.319566
8 48.9449 4.07557 -2.00398
9 52.0267 11.0196 -1.84927
10 49.2978 96.9377 -2.92032
11 5.35599 97.3727 0.502347
12 57.7319 12.7142 -1.96487
13 55.4927 75.6474 -0.20202
14 27.8858 34.2917 1.27542
15 53.6278 31.8253 -2.47395
16 52.6443 18.3162 -1.68678
17 26.2404 24.9456 1.24338
18 31.119 47.2782 1.73104
19 10.4102 80.9014 -2.60871
20 55.2673 6.34226 -2.17825
21 40.9342 45.3585 1.10873
22 37.4891 97.6838 -2.57043
23 28.0748 28.9395 1.76012
24 3.59339 25.0313 -2.12755
25 24.0032 72.5913 1.71996
26 28.5496 67.9187 1.36207
27 11.3633 91.1621 0.294254
28 49.7182 52.2502 1.42216
29 29.1269 27.1781 1.64312
30 26.7186 60.916 1.99261
31 27.1455 4.08953 -0.238882
32 51.8617 1.57997 -1.77875
33 25.6242 55.9389 1.36862
34 38.5812 0.979751 -2.38163
35 39.7995 62.6086 1.44508
36 4.6281 99.0816 1.011
37 40.465 51.8918 1.20747
38 14.8778 66.972 1.3352
39 24.4147 29.8532 1.15459
40 42.418 97.5995 -2.6857
41 58.1589 78.1023 -0.289481
42 45.8717 10.1755 -1.83992
43 88.5481 92.2892 1.261
44 29.7834 54.7191 1.84927
45 50.4245 16.4599 -2.52197
46 40.2673 11.2555 -2.5131
47 17.7 17.2613 2.40914
48 41.9548 4.60783 -1.75964
49 24.9385 67.6226 1.8475
50 53.7126 7.03649 -2.13137
51 40.7565 15.2246 -1.63296
52 2.18055 22.8609 -1.71038
53 4.84365 98.9595 0.738599
54 32.2371 34.8191 1.51571
55 24.2592 79.5202 2.5459
56 34.1998 36.7993 1.34688
57 40.4708 70.4304 1.63231
58 32.0519 40.1904 1.31409
59 23.5255 70.6655 2.03642
60 34.8664 55.5241 1.62857
61 44.6782 7.04666 -1.75478
62 38.8198 64.9302 1.58738
63 27.1783 45.1811 1.11737
64 34.6952 52.6869 1.38006
65 20.8358 80.8302 -2.89192
66 35.3446 59.102 1.86496
67 39.2742 60.5353 1.11933
68 17.4858 77.5539 2.60494
69 39.6954 65.4833 1.92133
70 40.5466 48.8056 1.39191
71 28.6621 73.0373 2.01033
72 32.9911 54.9254 1.75914
73 45.7365 50.7552 1.5355
74 34.4694 67.0131 1.2605
75 56.9377 56.2304 -1.89145
76 38.5 67.5006 1.30687
77 38.1376 49.2857 1.37546
78 25.4345 60.8246 1.52339
79 32.1287 42.8846 1.79455
80 35.6871 71.4413 1.16893
81 35.7936 58.0862 1.04285
82 12.2733 75.5841 3.22975
83 29.3459 39.4558 2.04923
84 27.5363 79.2642 2.14295
85 32.5896 70.1829 1.01675
86 38.1685 73.9306 1.0284
87 15.4754 76.002 2.68585
88 6.56107 78.8531 -1.99253
89 32.744 68.1528 1.71856
90 57.3541 52.5746 -1.63
91 26.0234 4.55635 -0.0790115
92 15.2086 74.9021 2.43466
93 31.4311 36.775 1.84078
94 44.3848 0.77995 -2.11834
95 46.4204 56.0238 1.14225
96 36.4068 49.6673 0.894069
97 40.5832 53.7971 1.14542
98 32.8182 67.9932 1.69519
99 57.9172 98.5327 -1.91952
100 3.85334 21.7404 -2.49904
101 33.1906 47.8534 1.20202
102 48.2873 6.48115 -1.60054
103 28.6377 72.0601 1.43499
104 42.834 8.38959 -1.97547
105 55.0432 52.1448 -1.24269
106 34.1356 36.8221 1.70687
107 48.6643 51.9577 0.639781
108 43.0623 13.7692 -2.23406
109 35.6887 39.7733 1.29392
110 62.2767 4.87189 -1.18515
111 42.8944 51.2646 0.742562
112 54.4216 5.05406 -2.33579
113 44.2965 45.884 1.42372
114 55.8822 40.1991 -2.7022
115 41.1838 58.7975 1.48894
116 31.5177 61.8883 1.34985
117 25.4222 75.2935 2.18364
118 56.6948 10.4108 -1.86023
119 31.0406 35.4267 1.57018
120 25.3039 72.6669 1.99989
121 48.6041 5.09057 -1.74931
122 42.4643 3.17477 -1.81212
123 30.1358 46.7603 1.30071
124 50.688 76.5368 -0.634365
125 22.332 79.467 2.68632
126 13.1674 4.99055 0.187594
127 53.9898 78.2871 -0.478638
128 3.6175 25.587 -2.47549
129 51.4544 45.8972 1.47766
130 50.1406 56.7736 0.961891
131 48.5007 95.6181 -2.49206
132 86.1471 60.9523 -0.438785
133 85.3771 65.8228 -0.17641
134 26.6871 66.6145 1.75957
135 43.3263 50.5005 0.962757
136 33.237 65.5775 1.89821
137 41.9893 50.5852 1.34191
138 43.8635 2.71414 -2.22503
139 31.4224 75.6771 1.83639
140 47.4498 8.38367 -1.67553
141 22.3832 80.278 -3.14497
142 31.2123 39.4364 1.68652
143 52.4235 15.7894 -2.32148
144 38.806 53.9076 0.96275
145 49.0142 47.8812 0.725922
146 51.509 54.1681 0.770615
147 22.901 54.7638 2.26453
148 48.5358 56.2379 1.21342
149 35.3789 58.365 1.6251
150 46.7684 8.61097 -1.99219
151 43.9179 59.8601 1.37121
152 36.8483 67.4564 1.22356
153 42.5016 9.61052 -1.90771
154 51.9686 17.7007 -2.32122
155 85.7983 65.5756 -0.091919
156 50.8955 6.22914 -1.9348
157 46.0364 17.8537 -2.1242
158 26.3713 69.0568 1.44218
159 51.4288 28.111 -2.02184
160 27.4341 59.3934 2.19654
161 14.3757 8.78882 -0.0808084
162 54.1098 9.17431 -1.78661
163 18.6975 76.2304 3.03823
164 51.9098 65.8124 0.02003
165 37.3872 62.2689 1.8412
166 17.3629 78.4407 3.20857
167 43.9738 53.8153 1.51598
168 32.5633 46.5146 1.74708
169 3.71082 17.2035 -2.54778
170 23.821 52.7008 1.92923
171 40.1236 46.1954 1.20276
172 47.0404 49.5163 1.13353
173 48.4943 8.74893 -1.61676
174 25.8262 66.5345 2.20283
175 20.1997 9.7181 -0.253645
176 52.6406 32.8118 -2.41825
177 30.9644 73.0703 1.3918
178 2.66129 18.3876 -2.20097
179 49.0371 52.1336 0.97535
180 45.3113 47.093 1.53974
181 51.5748 11.8991 -2.12851
182 35.7416 37.1842 1.25745
183 63.5591 2.43605 -1.78777
184 17.3563 73.3489 2.85531
185 82.4994 68.1861 -0.566035
186 42.9471 1.74579 -2.58157
187 53.4252 5.56261 -1.84253
188 24.1437 40.6042 2.25168
189 26.5278 60.8551 2.10079
190 24.9102 65.7177 1.96362
191 38.6854 55.4574 1.53264
192 35.0496 68.8625 0.974144
193 39.3377 6.35346 -1.89641
194 31.7557 67.6599 1.35884
195 38.4092 47.5295 1.35471
196 25.7338 68.1576 1.36878
197 38.9398 73.818 1.88107
198 13.6207 73.8492 2.91171
199 27.1504 68.0089 2.0942
200 42.2401 48.7761 1.1027
201 23.4848 27.6318 1.39155
202 1.35241 23.9469 -2.27544
203 47.1817 27.2358 -2.20661
204 27.6075 66.6927 1.34542
205 47.1258 51.583 1.37433
206 34.1515 73.4805 1.1722
207 23.134 72.9193 1.87395
208 19.7648 74.2635 2.7087
209 58.0679 7.43128 -2.21671
210 34.1602 51.0001 1.1493
211 41.8924 97.8264 -2.05829
212 85.555 62.9602 -0.88305
213 45.383 62.0633 1.93626
214 27.432 41.4982 1.56088
215 46.5112 47.9535 1.41138
216 49.8556 19.5494 -1.77939
217 41.868 45.0593 1.6783
218 44.2927 20.9068 -2.34585
219 27.634 24.1536 1.12578
220 43.7859 51.9121 1.36723
221 44.5855 18.0634 -1.87094
222 37.3304 53.1629 0.799244
223 56.8518 58.1321 -1.16494
224 54.9592 5.4461 -2.36806
225 7.39275 98.1117 1.05348
226 49.863 11.4636 -1.59701
227 44.3888 5.60686 -2.08225
228 40.5844 74.3178 1.17175
229 48.5032 11.5814 -1.97281
230 56.4785 75.7547 -0.833863
231 33.833 53.3185 0.890391
232 24.5949 3.18107 -0.343987
233 28.4482 73.5089 1.5891
234 25.6235 69.3503 1.82502
235 34.9424 34.2466 1.10684
236 49.0124 7.06144 -1.8644
237 28.3413 59.6944 1.46775
238 31.4814 32.7863 1.85447
239 25.7464 35.737 1.92322
240 57.5968 11.9216 -1.79191
241 31.7765 56.8292 1.39891
242 44.1475 14.8533 -2.1832
243 42.8325 48.3886 1.48808
244 14.6246 5.51898 0.790947
245 42.5571 15.9224 -2.05158
246 48.2189 98.8883 -2.5878
247 53.091 79.4302 -0.80105
248 28.0061 38.4696 2.02512
249 29.3099 63.4459 1.2027
250 4.09966 94.2606 1.14695
251 24.3701 60.6028 1.29926
252 8.89323 2.6056 0.923354
253 87.8303 97.2353 1.25214
254 47.4986 96.1727 -1.99351
255 36.3291 59.1568 1.7017
256 45.8019 13.4791 -2.02943
257 45.7454 1.18742 -1.65559
258 50.586 7.65044 -2.25348
259 36.6864 36.3081 1.58411
260 28.1406 66.9695 1.58517
261 30.0886 38.7142 1.73283
262 50.7918 12.4093 -1.67313
263 30.159 79.0947 2.13184
264 26.5689 56.5709 1.35147
265 35.2986 70.2729 1.46905
266 31.4236 71.3421 1.24104
267 34.9342 51.7122 0.817392
268 30.5723 0.578422 -0.966907
269 5.58077 94.0326 0.147494
270 32.5446 39.9932 1.08506
271 35.5621 36.8332 1.55094
272 44.472 71.7937 1.37672
273 26.7319 70.1366 1.88199
274 31.9301 76.3353 2.05202
275 45.6571 7.67012 -1.85611
276 29.6826 67.1826 1.32316
277 47.4303 50.5811 0.942858
278 27.1092 50.6038 1.27926
279 45.3467 17.0816 -2.03156
280 30.2383 38.0226 1.20842
281 44.5268 4.46027 -2.47414
282 31.8569 35.2878 1.56551
283 41.3015 58.8079 1.65943
284 32.1665 59.5617 1.88973
285 40.9627 49.6566 1.69291
286 52.3441 77.972 -0.584148
287 43.3882 0.332495 -2.02844
288 60.2014 2.19331 -1.40122
289 29.6605 54.5208 1.63048
290 38.1791 7.15337 -2.38331
291 30.1011 51.5501 1.04629
292 91.703 93.4481 0.842131
293 30.0772 76.3254 1.60945
294 33.4794 32.902 1.89759
295 10.5911 3.98616 0.0734416
296 19.5505 74.1637 2.67113
297 50.9808 10.6048 -1.92173
298 31.5173 52.8487 1.05813
299 42.4763 53.5595 1.4114
300 32.6135 71.7772 1.89268
301 36.6932 56.5532 1.78798
302 18.9681 65.6311 0.564982
303 43.7406 3.68694 -1.75125
304 27.7237 47.4655 1.80027
305 27.3225 62.1968 1.75944
306 6.03446 99.084 1.07551
307 26.0505 58.524 1.406
308 31.6202 39.0785 1.34276
309 28.9048 74.8 1.43923
310 7.63109 97.7545 0.948836
311 59.9526 75.4201 -0.243434
312 42.0439 16.2579 -1.98464
313 43.3105 60.6844 1.46846
314 48.3944 28.975 -2.37809
315 43.4289 6.63949 -2.35354
316 43.4891 48.7924 0.786535
317 33.1901 42.5556 1.33389
318 55.8731 13.941 -2.32027
319 38.1589 54.7769 1.54326
320 40.2273 51.3469 1.53909
321 26.4074 24.0317 1.79425
322 42.6581 49.819 1.01994
323 32.2586 42.9369 1.25875
324 29.3738 59.6086 2.02288
325 48.6301 12.1057 -2.44882
326 47.6095 96.8885 -2.78928
327 30.5342 72.5389 1.67068
328 16.5767 73.8831 3.09471
329 54.655 2.17099 -1.82489
330 44.6238 58.5529 1.34176
331 85.9015 63.2833 -0.352613
332 53.6254 1.76238 -2.05303
333 9.60074 75.3394 2.35693
334 25.2348 31.894 1.54029
335 41.4191 53.4908 1.07652
336 42.4292 51.7059 1.06867
337 25.6225 34.2411 2.04217
338 47.0833 11.1152 -1.668
339 43.7542 99.3286 -2.38869
340 35.7127 47.1115 1.61464
341 25.0061 40.3241 2.05502
342 34.1973 47.8043 1.66488
343 47.5322 17.4345 -2.11065
344 45.2279 4.98171 -2.29036
345 90.8388 90.3919 1.57404
346 59.9049 79.0405 -0.0686924
347 28.5441 68.006 1.78728
348 25.41 39.7856 1.60924
349 25.3221 62.7372 2.12659
350 44.7946 12.6257 -2.28713
351 50.4952 7.26706 -2.02325
352 29.6736 50.795 0.785924
353 59.2678 55.3799 -1.59699
354 33.0663 69.4795 1.74757
355 49.8247 98.549 -2.8051
356 57.2277 -0.176754 -1.72644
357 88.7694 65.6639 -0.766185
358 32.9864 41.6568 1.34356
359 26.3817 74.1999 1.81067
360 50.2299 24.4256 -1.9803
361 23.5221 67.56 1.445
362 37.0876 49.2053 0.769312
363 36.4778 71.0076 1.5447
364 25.8204 56.4193 1.19837
365 39.0344 11.3715 -1.8936
366 43.7647 47.7918 1.63892
367 48.0047 51.8606 1.08638
368 50.0441 53.5459 1.42718
369 89.2767 88.4741 1.36737
370 59.0379 15.8928 -1.59439
371 37.0604 58.7264 1.23496
372 34.8378 33.133 1.59721
373 43.4858 49.554 1.10198
374 25.5407 58.6213 2.11858
375 36.545 11.0827 -2.49806
376 37.3266 39.221 1.29494
377 42.3288 57.1634 1.40735
378 39.1394 15.1244 -1.66115
379 43.46 54.1157 0.993676
380 47.9329 9.86899 -1.9907
381 31.8979 66.8083 1.97825
382 38.6368 46.2943 0.767653
383 6.8362 19.2463 -1.83605
384 27.1243 77.3444 1.5834
385 9.92564 97.152 0.644007
386 3.47945 100.185 0.400762
387 29.7246 71.2387 1.15778
388 50.897 12.166 -1.71557
389 22.6611 70.0737 1.43913
390 31.3813 51.1082 1.69006
391 32.0589 38.5178 1.58533
392 9.96861 65.2608 1.19293
393 47.0867 14.9761 -1.92784
394 39.8898 48.8101 1.33034
395 35.3054 43.2339 1.36604
396 26.3716 23.1942 1.26746
397 40.2563 59.0625 1.06306
398 54.314 95.1368 -2.38806
399 35.1381 60.9172 1.31918
400 26.4616 34.9427 1.81937
401 17.2268 77.27 2.45624
402 35.9446 71.0879 1.59801
403 36.8669 45.8525 1.8009
404 33.4664 73.7805 1.08551
405 28.1837 51.025 0.76086
406 53.153 75.6111 -0.511786
407 39.8883 47.858 0.953197
408 45.4356 48.0854 0.93918
409 45.1658 50.9909 1.39801
410 25.3841 35.558 1.37474
411 57.8042 38.7115 -2.3311
412 41.0643 69.2141 0.99665
413 30.8049 38.2472 1.31044
414 44.7267 12.6001 -1.6934
415 90.0871 93.1135 0.796297
416 18.833 72.4559 2.4344
417 27.4999 37.921 1.38877
418 35.5252 52.0498 1.36751
419 15.5831 19.5265 3.33283
420 26.3127 73.6493 1.6364
421 32.3018 48.6526 1.24904
422 32.9998 38.256 1.0354
423 43.7463 49.4253 1.28847
424 51.9099 32.5629 -2.03882
425 41.1641 44.6871 0.985249
426 41.7655 56.2609 1.58366
427 23.5415 60.385 1.21212
428 43.7657 11.6203 -2.0676
429 47.8944 11.9187 -1.60686
430 14.7878 8.03127 0.267065
431 39.0221 12.5774 -1.75009
432 50.6275 5.86942 -2.53413
433 43.8113 57.3005 1.56396
434 40.0341 99.4652 -1.74468
435 23.4152 54.6735 1.29867
436 52.5064 12.5317 -2.00412
437 28.8333 72.3451 1.96535
438 25.1892 27.9656 1.52864
439 45.4548 52.795 1.58951
440 35.0709 63.7355 1.15013
441 50.8653 70.3185 0.478337
442 39.2611 49.5537 1.74709
443 31.3767 70.3374 1.3024
444 42.2125 13.7201 -2.24962
445 25.0387 65.0097 1.18845
446 54.8773 74.0224 -0.530406
447 56.3921 79.3365 -0.970737
448 55.3224 35.409 -2.28307
449 31.9115 59.4924 1.50537
450 31.4335 41.1729 1.04769
451 35.1735 70.629 1.7271
452 25.0864 61.5477 2.07662
453 47.8142 10.2526 -2.33556
454 49.8497 47.321 0.744821
455 13.4874 80.1315 3.5335
456 23.8244 33.6489 1.84767
457 34.9827 33.1384 1.58343
458 54.662 10.4104 -2.4
459 26.6088 84.6651 -2.5577
460 26.2215 67.9216 1.42548
461 58.3057 52.8334 -1.66349
462 43.7624 15.0215 -2.47913
463 35.5749 38.5544 1.74481
464 46.3279 20.3528 -1.61309
465 31.7675 41.3637 1.67347
466 48.1283 14.5905 -1.8446
467 42.0357 50.4775 1.62689
468 22.392 70.6415 2.25482
469 49.7536 9.93865 -2.34086
470 29.7383 48.3656 1.73563
471 44.6894 14.856 -2.50693
472 43.1697 16.3783 -2.05592
473 46.8304 48.4578 1.24244
474 54.0336 32.6556 -2.00471
475 55.3331 75.8623 -0.850141
476 86.4297 66.4645 -0.389358
477 38.4739 73.6855 1.45213
478 24.4806 5.19101 -0.590416
479 94.1646 91.1603 1.51484
480 33.1659 32.0149 1.29266
481 18.0956 72.5576 2.84239
482 32.4044 67.6193 1.65132
483 32.488 44.3496 1.39247
484 14.2211 69.9887 2.34704
485 18.7392 64.5418 1.05825
486 48.8641 8.48256 -2.2217
487 50.2985 19.3054 -2.52568
488 37.3297 63.6462 1.30595
489 16.7986 78.3316 3.12367
490 9.0282 3.95203 0.533789
491 44.6194 2.8271 -2.34303
492 42.1008 14.2704 -1.9271
493 40.3371 3.91027 -1.86334
494 46.3505 99.4788 -2.62125
495 27.8574 74.5909 1.46185
496 37.8809 55.4245 1.48923
497 52.8764 28.4416 -2.43915
498 48.4921 12.2326 -2.16827
499 25.2791 81.951 -3.3803
