500
Particles
0 80.8283 100.12 1.96203
1 8.39923 82.6595 -2.93276
2 92.848 37.2163 1.35544
3 58.6795 55.254 1.60508
4 77.197 16.0673 1.82255
5 90.1928 64.2106 1.06459
6 93.3522 21.9023 2.19416
7 73.4275 62.2847 1.92891
8 43.3387 20.5276 2.47531
9 29.9415 12.5398 -1.67175
10 99.0482 4.21166 1.5433
11 88.5495 28.9807 2.58455
12 93.765 34.4801 2.05792
13 79.2824 4.02604 2.57557
14 81.3085 19.8684 2.18394
15 80.431 7.22999 2.38678
16 11.2686 11.5229 2.36305
17 81.7759 33.1744 1.64778
18 77.6339 26.365 2.42703
19 40.1528 42.8122 2.1945
20 57.4105 56.4115 1.48985
21 91.4895 19.8326 1.6759
22 96.9329 13.4593 2.20008
23 80.2957 11.7581 2.51172
24 65.7104 58.8217 1.07845
25 84.7884 5.95231 2.76451
26 89.0641 59.3481 1.21252
27 88.476 27.2355 1.8606
28 91.966 17.5756 2.09574
29 96.2989 34.4865 2.30104
30 52.6387 60.7964 2.01214
31 92.3252 13.9228 2.66061
32 32.8933 49.0262 1.98169
33 64.7724 64.6266 1.95317
34 86.7453 4.51412 2.66626
35 75.0724 29.0174 2.18558
36 55.3581 65.4148 1.92604
37 98.6891 31.1321 2.15199
38 87.4813 12.3594 2.56603
39 80.7233 12.5608 2.08216
40 90.1048 4.30321 2.54046
41 78.6784 11.9598 2.76251
42 2.16001 7.10882 2.87895
43 60.8178 55.9686 1.11254
44 9.75323 85.2117 -2.96219
45 2.48642 6.61435 2.31437
46 89.614 9.57163 2.26276
47 88.2847 53.8484 1.88392
48 96.0302 8.70397 1.67143
49 82.6539 95.7289 1.98927
50 85.0218 29.8165 2.38439
51 99.1869 15.1091 1.69078
52 62.3923 57.7793 1.7872
53 56.8267 65.7045 1.35324
54 81.5375 16.9969 1.65949
55 78.0253 51.4437 1.83174
56 83.3879 18.8134 1.43521
57 98.0424 97.5931 1.83051
58 83.4948 22.4371 2.0423
59 84.8613 6.93973 2.41039
60 85.3799 26.7465 1.65281
61 96.7561 5.85413 1.93178
62 42.0225 17.0357 2.01521
63 11.5336 74.5036 -2.98263
64 90.3074 24.7771 2.36571
65 84.8254 55.366 1.02742
66 82.093 30.5354 2.52274
67 84.9977 30.5887 2.32238
68 86.5712 51.954 1.77086
69 0.983638 98.2885 2.4358
70 93.9069 26.0397 2.5519
71 90.1125 8.89255 2.53511
72 83.1577 27.4315 1.98422
73 98.1677 28.1609 2.26235
74 96.7991 1.16084 2.07356
75 73.6152 59.0982 1.96148
76 99.6645 1.21229 1.97619
77 96.7746 25.3895 2.36122
78 97.4018 36.7365 2.08643
79 83.9412 24.3367 2.47263
80 95.9943 5.95962 2.10614
81 80.0899 28.7962 2.51625
82 65.532 27.857 0.0988439
83 73.4566 21.6832 1.78853
84 78.2177 48.9982 1.25061
85 96.1078 7.62563 1.60104
86 97.3523 5.14075 2.50108
87 99.3513 24.3647 1.80369
88 80.3732 50.2701 1.57606
89 94.3524 100.364 2.13028
90 62.2802 58.962 1.68261
91 90.8254 13.6314 2.08623
92 97.6189 22.2788 2.40117
93 74.5825 16.6492 1.99649
94 95.9614 6.97175 1.82996
95 45.0992 45.9849 1.81803
96 91.2107 24.0167 2.26932
97 94.7697 27.6623 2.08294
98 93.5039 0.770999 2.19429
99 96.7792 21.291 1.81112
100 66.6527 59.003 1.82663
101 80.7212 26.565 1.64638
102 98.7651 4.87495 1.97894
103 86.4965 1.85435 2.30592
104 96.878 11.3225 2.47059
105 63.7472 60.2965 1.80728
106 82.4353 16.9785 1.74484
107 83.2881 8.89559 2.04138
108 94.1343 12.0789 2.13719
109 87.1187 23.9745 2.34162
110 76.5061 60.7631 1.35193
111 -0.199823 29.9508 2.42892
112 57.6198 54.2932 1.12553
113 94.2701 20.9161 2.47569
114 88.1171 27.2183 2.39943
115 92.8687 33.0642 1.77387
116 95.9387 96.4705 2.14924
117 88.2984 11.0581 2.0435
118 47.1328 56.0303 1.85729
119 78.2628 19.883 1.79189
120 83.8644 2.80614 2.32202
121 83.1998 68.6614 -0.580696
122 94.3263 8.11522 2.33974
123 71.3035 16.569 2.2742
124 89.9477 35.4808 1.86436
125 89.352 47.4655 1.06904
126 8.58099 18.2536 2.5655
127 76.0234 7.72435 1.7656
128 65.7526 58.3728 1.173
129 86.1631 28.4874 2.07044
130 87.4953 14.2826 2.17798
131 98.4529 4.01168 2.38317
132 93.3253 49.1124 1.67261
133 92.1468 52.7763 1.59574
134 81.4895 93.3088 1.99642
135 97.4143 26.4386 2.64652
136 96.5038 99.3692 1.87865
137 92.0449 24.3272 1.76659
138 97.8966 7.04356 1.93402
139 85.8578 2.51454 2.65194
140 1.74589 5.87268 2.46611
141 83.3695 51.2006 1.61173
142 75.3735 19.7978 2.47026
143 35.0377 25.5805 1.16693
144 90.3237 24.6664 1.66177
145 86.2626 31.0639 1.68358
146 83.3745 7.55329 2.68578
147 62.2862 64.3832 1.82917
148 99.114 27.8468 2.4526
149 77.7739 29.2765 2.25755
150 0.94178 6.91425 2.06473
151 35.54 47.8774 2.05127
152 97.7758 1.27756 1.72126
153 95.9257 11.9247 1.66866
154 15.0355 11.9117 2.63095
155 89.487 54.7626 1.32452
156 47.341 20.8485 2.28803
157 30.111 33.6127 2.15987
158 88.2407 60.8344 1.66239
159 34.9356 29.4111 1.16904
160 60.4139 66.275 1.92942
161 35.9143 30.6547 1.8254
162 79.052 30.034 1.82274
163 80.4804 47.8445 1.15358
164 85.618 56.6669 1.3216
165 72.7066 27.0204 2.3466
166 79.8769 49.4564 1.87594
167 0.539164 29.0702 3.03523
168 83.7203 25.603 2.35174
169 86.1342 55.1356 0.975818
170 41.4903 68.3887 -1.77091
171 93.4912 22.7057 1.85209
172 80.4483 3.79051 2.66587
173 0.648842 3.3361 2.74976
174 87.4396 60.2799 1.26758
175 92.4404 44.8359 1.49963
176 93.6328 37.1457 1.73297
177 88.2942 1.6729 2.6891
178 64.7227 57.279 1.60056
179 89.4956 16.222 2.33304
180 93.6292 22.4025 2.43836
181 38.1205 24.5116 1.91481
182 86.076 19.7884 2.28427
183 78.2823 97.5948 2.89996
184 96.8306 21.2593 2.42796
185 88.0623 54.9822 1.68717
186 98.0903 9.8152 2.34998
187 50.279 53.1467 2.20694
188 72.4642 7.06136 2.65597
189 89.4198 32.7361 2.09823
190 89.5102 60.0464 1.58972
191 93.533 30.174 2.3052
192 91.3382 95.5813 1.89576
193 98.5147 17.4921 1.51701
194 93.3503 3.58084 2.41408
195 91.1997 22.0415 1.76747
196 85.1033 99.9559 2.53494
197 97.7422 5.0454 1.63591
198 96.2609 22.0923 2.06871
199 8.46265 65.6694 -0.147494
200 97.0643 24.4326 2.24587
201 95.9043 31.243 2.50747
202 60.9552 58.7197 1.15748
203 36.8934 31.5292 1.43583
204 89.6839 58.2902 1.4349
205 0.842132 28.8028 2.99466
206 91.5743 4.0369 2.0766
207 86.548 9.29535 2.35961
208 70.3883 31.0099 1.44025
209 47.7507 54.9819 2.07642
210 84.8867 28.3088 2.07073
211 96.7883 9.33397 1.91284
212 90.8803 51.2738 1.83675
213 36.9 46.4711 2.16232
214 71.651 4.28675 2.7766
215 85.7836 13.3584 2.65527
216 2.02902 8.32784 2.7802
217 90.7321 21.0484 2.04923
218 85.2676 38.5552 1.72073
219 83.3159 34.0678 2.46181
220 97.8575 28.5626 2.35437
221 1.93777 19.2659 2.64756
222 97.184 29.5576 2.74257
223 67.8421 61.2415 2.14499
224 55.817 55.4857 1.74929
225 93.3592 34.1427 1.66517
226 13.9263 8.37551 2.48109
227 98.1356 11.1668 1.69856
228 98.3362 5.85424 2.19866
229 98.3467 5.20257 2.28219
230 77.6559 6.34969 2.43848
231 87.1584 26.3588 2.11874
232 97.314 18.5877 1.42795
233 89.1418 7.14028 2.45741
234 84.7286 1.91294 2.43427
235 82.7293 17.0953 1.66477
236 11.9491 6.49698 2.01539
237 91.5937 35.2375 2.3325
238 84.0606 18.5587 1.77414
239 74.8617 19.3679 1.85419
240 89.3559 26.9877 2.06656
241 47.2043 19.6898 2.76956
242 -0.334009 12.0045 2.80908
243 96.6406 23.9754 2.55358
244 36.0016 31.2849 1.37585
245 98.9312 14.7933 2.42218
246 98.2374 7.44385 2.50628
247 87.9966 58.5202 1.15522
248 78.5922 19.2448 1.85098
249 94.8238 99.0939 1.89132
250 86.447 27.2342 2.29971
251 87.6134 33.8191 2.2831
252 72.005 61.3483 1.76729
253 54.1076 56.8802 1.4641
254 99.0368 3.74338 1.63401
255 80.3461 29.1127 1.83044
256 0.488277 11.404 2.30689
257 96.6967 5.37828 2.49029
258 46.7523 24.623 2.48429
259 83.5697 18.2074 1.6272
260 91.8031 62.5526 1.66116
261 78.4477 21.1571 1.48628
262 1.8845 6.48719 2.56509
263 96.452 17.7494 1.96011
264 61.7879 65.322 1.42041
265 96.4772 3.46798 1.72041
266 87.6843 99.0637 1.99709
267 89.3763 26.1776 2.17211
268 83.8315 3.60985 1.96077
269 87.4342 29.3034 1.81323
270 84.5736 21.6059 2.36722
271 86.2097 20.7181 1.54974
272 32.8269 44.9631 2.35264
273 86.9741 4.22091 1.94309
274 91.2411 11.4959 2.05147
275 98.3761 5.56143 2.14995
276 87.8314 96.3769 1.69986
277 96.4942 21.2334 2.30385
278 2.62792 84.0194 -2.45909
279 99.313 12.2807 2.24079
280 86.5009 22.4849 1.83984
281 98.2617 9.69696 1.92537
282 80.0557 19.0219 1.80718
283 5.36481 30.6206 3.01059
284 4.11918 99.4075 1.78675
285 94.3763 25.1079 1.76236
286 75.5496 10.4705 2.68764
287 96.0687 7.08752 1.86975
288 51.7912 47.3512 2.14376
289 5.12378 100.371 1.74913
290 90.6584 8.12062 2.03026
291 67.0266 92.228 0.13442
292 89.6226 53.0983 1.24453
293 88.9403 9.78944 2.30369
294 84.8576 17.7152 2.1656
295 90.425 19.7825 2.47804
296 0.160222 23.0114 3.16383
297 5.83644 8.21603 2.1108
298 52.3872 19.753 2.31921
299 96.6985 31.616 1.96024
300 90.4116 3.84115 1.78653
301 83.921 28.5007 2.29516
302 82.8074 1.71719 2.06317
303 98.0916 8.43838 1.7618
304 8.56818 76.7082 -2.43207
305 89.1153 32.4143 2.3781
306 58.6904 61.469 1.1948
307 91.4449 32.408 2.31953
308 78.5823 23.4685 2.19077
309 88.9933 10.7418 2.34973
310 61.3521 63.0863 1.34377
311 83.2793 12.8875 2.41327
312 97.8516 14.9231 1.89839
313 37.8805 46.9867 2.31423
314 82.9307 32.6624 1.63101
315 97.408 11.0504 1.92094
316 96.2708 21.054 2.02762
317 85.6289 23.7125 1.99408
318 92.4603 33.4805 1.87122
319 96.7367 31.1591 2.12277
320 96.7233 28.4414 2.31041
321 81.8882 32.2518 1.92013
322 -0.402172 26.0524 3.11269
323 82.9006 23.922 1.94969
324 12.6852 32.2633 2.46078
325 3.04697 9.78779 2.67846
326 97.1346 3.28001 1.79346
327 90.124 5.88281 1.93732
328 3.97524 26.4659 2.87225
329 55.238 50.8372 1.49295
330 37.96 45.878 2.18815
331 69.4105 65.2128 1.86531
332 40.4735 47.2778 2.32029
333 97.9782 23.2967 1.94916
334 78.9817 13.7751 2.12096
335 93.6811 29.7627 1.58311
336 0.352907 28.8968 2.52859
337 76.9598 17.093 1.84688
338 2.26642 9.44839 2.69545
339 95.7639 6.59156 2.1973
340 79.4185 2.09427 2.45661
341 75.5127 22.8118 1.51313
342 82.1847 25.2968 1.56988
343 1.0908 9.35418 2.65527
344 99.4664 7.54045 1.64738
345 76.0119 55.5268 1.2401
346 78.7818 12.7179 2.20902
347 90.6625 63.5645 1.83547
348 72.8153 8.54615 2.62146
349 89.1932 57.8961 1.70925
350 97.7148 11.5085 1.71442
351 39.3135 20.6236 1.81967
352 10.8972 83.5133 -2.27189
353 67.418 60.3931 1.9541
354 90.7589 97.115 2.37752
355 98.9115 0.98225 2.28862
356 0.137778 24.8651 2.30854
357 88.0881 56.6214 1.64822
358 86.2136 22.6958 1.67769
359 85.6433 6.28724 2.0737
360 80.4443 33.8564 2.47973
361 81.6877 95.4267 2.43693
362 89.9609 22.4709 2.43344
363 97.8095 5.7197 2.4141
364 66.2648 65.7479 1.60723
365 93.3195 14.4569 1.85835
366 94.9014 23.5239 2.05112
367 98.7061 28.6623 1.92458
368 80.5123 4.5136 2.74965
369 41.3427 45.4613 1.58873
370 55.4252 58.3965 2.09056
371 80.0483 28.3433 2.13638
372 87.1635 17.894 2.02029
373 96.6236 26.3088 2.65174
374 86.526 31.4898 1.87663
375 98.7673 19.8995 1.95784
376 89.1731 22.1227 2.10024
377 33.1627 47.3539 2.06808
378 91.4747 11.0215 2.14654
379 98.3497 31.4661 1.90606
380 98.4542 5.23108 2.13246
381 100.422 36.0715 0.0251417
382 92.3427 22.6261 2.11564
383 80.5209 53.019 1.505
384 96.0263 18.5298 2.07102
385 71.4718 63.1107 2.16817
386 55.4138 64.1222 1.4557
387 82.7951 95.3072 2.60797
388 3.46227 6.10728 2.12824
389 85.586 6.39064 1.81287
390 72.3181 24.2825 1.63533
391 81.6386 22.6888 2.14284
392 83.9607 3.1117 1.80876
393 2.38991 12.3088 2.40757
394 91.8139 24.62 2.38479
395 86.2952 23.3896 2.25388
396 84.302 33.018 2.50784
397 89.5279 27.3678 2.1604
398 38.5175 45.4049 1.95444
399 48.6972 19.1385 2.27885
400 75.2127 17.9754 2.15805
401 43.7351 44.6555 1.55447
402 95.4623 1.12064 2.05605
403 91.5368 20.4494 2.08376
404 93.4376 7.47871 1.84773
405 9.03295 82.4571 -2.74968
406 77.9256 3.2097 2.49542
407 93.5089 24.7545 2.3413
408 85.2709 13.0739 2.1276
409 4.73474 28.7924 2.3539
410 78.1451 20.5515 2.05238
411 90.1162 29.273 1.69734
412 2.91652 3.10216 2.69362
413 75.9984 20.2878 1.80008
414 0.811325 11.4103 2.13756
415 84.1618 53.8498 1.01181
416 97.152 21.0986 2.31987
417 74.6181 18.2168 2.42599
418 86.2916 28.056 2.39731
419 76.5513 52.0283 1.98528
420 87.6558 6.94555 2.88728
421 84.4605 26.9351 1.92893
422 82.5987 20.5486 2.24309
423 98.0758 26.1781 1.81281
424 82.3407 32.2257 1.89341
425 91.9136 17.8515 1.83416
426 7.65993 26.2032 3.3223
427 85.876 31.6295 2.00905
428 94.0087 8.66938 2.12203
429 0.0693297 7.29088 2.08007
430 34.0729 26.8749 1.63728
431 98.7893 18.8856 1.78108
432 79.3233 29.5646 2.21921
433 5.90976 27.5094 3.13465
434 90.4132 6.48371 2.73618
435 71.059 63.4792 1.56068
436 37.2048 26.2006 1.66008
437 85.3972 1.5851 2.52891
438 96.5243 36.3826 1.67974
439 98.8991 30.4531 2.28223
440 0.279591 0.592785 1.92285
441 76.0385 4.37251 2.36578
442 93.2802 28.1372 2.56262
443 8.59184 70.4645 -0.396607
444 97.4295 15.6959 2.41026
445 86.9759 62.8197 1.35626
446 75.0119 62.8039 2.04939
447 78.8804 10.0905 2.17915
448 88.499 22.0726 1.55603
449 3.87094 1.16134 2.66655
450 79.6886 24.5166 1.66468
451 93.3697 1.73729 1.67686
452 86.0845 33.0083 2.53821
453 0.462402 3.8085 2.47169
454 88.1256 29.9315 1.90256
455 81.7435 54.0552 1.7661
456 73.5715 15.5782 2.43197
457 82.4696 17.9798 1.68314
458 87.0575 16.17 1.61261
459 90.9695 52.4952 1.51455
460 86.7162 3.49414 2.10904
461 59.0584 58.4323 1.76064
462 98.3733 13.5539 2.36463
463 86.2667 20.9324 2.1974
464 5.0336 21.1805 2.32383
465 80.7912 22.7128 1.84558
466 1.43744 8.82284 2.04546
467 0.175776 28.2695 2.45152
468 82.2229 3.42815 2.71639
469 39.1991 22.0007 2.07785
470 11.234 80.9422 -2.73203
471 93.0056 9.39153 2.22775
472 99.2744 14.8071 1.66436
473 96.9359 21.0376 2.18501
474 11.5352 63.0578 0.370097
475 79.408 6.87383 2.29778
476 88.4875 56.9577 1.24599
477 97.8628 5.62061 1.91028
478 73.8705 33.8619 1.99551
479 74.2945 54.4704 1.67179
480 84.1684 13.1891 2.08088
481 3.11783 25.6972 3.16237
482 91.6641 97.7727 1.74532
483 76.7959 24.8634 2.4352
484 84.2755 9.02454 2.14391
485 78.4217 95.7288 2.39649
486 2.24292 4.73801 2.13521
487 2.05256 9.67881 2.10365
488 45.4003 19.1369 2.50808
489 74.1062 52.1125 1.92062
490 74.8235 59.9822 2.00233
491 97.1801 5.90811 2.29111
492 0.504859 18.5612 3.08013
493 96.5043 11.3428 1.67122
494 96.5217 2.6045 1.78628
495 88.8489 10.3236 2.88509
496 90.5535 27.089 2.20509
497 84.3913 27.8522 2.02133
498 3.82883 6.46653 2.39647
499 93.8104 40.7474 1.53482
