500
Particles
0 58.4726 86.164 1.26117
1 21.9189 86.5876 1.52015
2 9.95136 88.8871 2.75384
3 59.3868 95.259 1.70831
4 19.9156 68.8659 2.61334
5 9.73373 96.3128 2.32531
6 46.8397 83.4557 1.327
7 30.223 34.0272 1.60696
8 24.9574 95.9058 2.46725
9 26.2884 99.7868 2.67621
10 18.5493 98.0843 2.37589
11 17.2902 29.7019 2.10648
12 55.7807 97.222 1.15573
13 92.5963 69.951 -0.564745
14 22.3094 71.4495 1.91478
15 29.4633 9.28141 2.77266
16 24.3588 2.59805 2.45866
17 14.8473 59.4087 2.91919
18 26.8276 84.0284 1.83128
19 91.6947 8.71026 3.09389
20 59.9742 95.5435 0.900708
21 43.8342 82.9266 1.37484
22 12.2377 4.26754 3.13299
23 23.5561 65.4481 2.34253
24 70.1597 19.2994 -2.31466
25 6.2435 2.4158 2.6591
26 10.8415 95.6565 2.49954
27 18.7486 22.0322 1.65296
28 61.1697 87.025 1.70613
29 19.0918 61.99 2.85262
30 11.2921 92.2384 3.19705
31 8.90218 6.69257 2.22866
32 59.1393 93.8116 1.55033
33 12.3224 86.5143 3.37741
34 11.5489 3.78884 3.07598
35 28.785 94.9524 2.00655
36 14.1826 33.0738 1.50029
37 48.3376 88.8182 1.18192
38 0.964769 1.00326 2.22256
39 17.0818 66.2673 2.60389
40 14.0513 1.80551 2.20713
41 95.1676 74.9008 -0.298867
42 20.0683 2.61411 2.28557
43 69.6404 11.6693 -2.34773
44 22.6989 90.576 1.82826
45 21.8849 2.28579 2.82591
46 11.0956 5.27352 2.42478
47 5.93599 28.088 2.34256
48 14.0864 1.87348 2.76433
49 7.21609 96.9458 2.29298
50 33.7974 95.5017 2.40653
51 13.3631 6.18677 2.56946
52 68.614 16.1058 -2.83512
53 12.7164 31.6287 1.78334
54 27.7369 72.2284 2.22732
55 3.57046 10.618 2.93626
56 29.7722 74.2339 1.9553
57 18.2499 95.1135 3.10693
58 26.237 77.4417 2.33924
59 3.58927 0.740784 2.61223
60 30.4269 89.5938 1.66694
61 18.2621 1.46327 2.67262
62 24.4966 94.9759 1.85022
63 19.1162 81.4049 2.22884
64 41.7247 88.8186 0.844282
65 1.67047 12.546 2.37932
66 30.5658 92.9964 2.41901
67 31.5677 94.1776 1.75614
68 0.524216 10.5776 2.38607
69 22.7489 94.5005 2.5752
70 45.9723 86.3423 1.79692
71 9.73524 2.32528 3.11112
72 32.8666 89.9065 1.39615
73 51.1109 88.3298 1.60581
74 15.7911 94.9641 2.7482
75 71.3367 24.5539 -2.43539
76 19.0701 95.165 2.82852
77 45.5769 86.2507 1.45682
78 10.9416 92.4052 2.83932
79 28.5038 79.8563 2.10982
80 14.8168 98.0122 3.12141
81 29.3679 92.0006 2.45144
82 96.0289 6.53813 2.53555
83 23.7541 76.84 1.94257
84 6.59679 8.28516 3.0605
85 13.5076 98.4348 3.04214
86 15.4759 98.2063 2.88615
87 96.6282 6.55161 2.57202
88 92.5158 8.59464 3.05687
89 13.6699 95.3231 2.59586
90 68.8729 21.5088 -1.98454
91 6.60484 6.01083 3.16116
92 96.6494 5.56953 2.39601
93 25.496 74.0652 1.63871
94 15.556 99.5862 2.43231
95 58.9197 90.8467 1.24237
96 41.1793 86.7265 1.45121
97 50.0063 90.49 0.830985
98 13.2393 95.9552 2.40316
99 68.1069 88.4615 1.69059
100 69.342 17.1623 -2.8483
101 28.1918 84.8774 1.58983
102 19.6876 99.5702 2.84436
103 9.9701 99.3069 2.9814
104 15.2338 3.8816 2.32958
105 66.1781 21.2627 -2.83738
106 29.5792 74.6205 1.88404
107 59.2015 87.6291 1.55614
108 13.8794 5.30325 2.9868
109 31.3073 76.8916 1.8311
110 76.4229 82.6677 -3.29045
111 48.1039 88.4757 1.19083
112 60.4187 94.933 1.77956
113 50.4941 83.4293 1.65808
114 41.6846 12.6408 -1.83183
115 51.5635 95.2217 1.06519
116 17.3668 92.9667 2.49753
117 6.08365 4.32731 2.38832
118 57.1918 96.5703 0.953038
119 26.4088 72.8841 1.71873
120 7.83451 3.33183 2.33519
121 27.7584 96.6311 2.51065
122 14.5188 1.60558 2.62836
123 24.4969 83.5892 1.51976
124 87.1944 69.0414 0.439634
125 2.60034 10.2803 2.87344
126 20.5524 7.20171 2.61298
127 90.8454 73.0624 0.0797278
128 69.199 19.7636 -2.18802
129 59.1746 82.4226 1.21574
130 65.742 87.6417 1.47375
131 17.7827 98.4396 2.76777
132 3.92109 36.3116 -2.30355
133 4.04929 41.9724 -1.74692
134 7.45203 95.9875 2.63978
135 51.5705 87.2932 1.52803
136 15.1355 95.2915 2.31429
137 48.8898 87.7171 1.0891
138 17.2777 0.490989 2.93227
139 9.22238 1.92579 2.50804
140 20.7181 99.6647 2.83505
141 3.89273 12.0498 2.2329
142 26.6219 77.1315 1.75287
143 24.2892 2.86319 2.58418
144 46.0701 91.0919 1.47085
145 57.067 84.7448 1.36922
146 64.8983 87.2723 1.2703
147 9.50006 86.366 3.17809
148 65.1223 89.1127 1.84629
149 30.5058 92.3278 1.97462
150 20.7977 0.588413 2.56566
151 58.4613 92.63 1.83427
152 17.3259 95.2949 2.84119
153 13.5491 4.71835 2.53479
154 23.9893 2.1464 2.65374
155 6.86097 43.0272 -2.11064
156 29.2594 97.0028 1.80137
157 17.856 6.96725 2.66926
158 9.06305 95.5507 3.29882
159 24.8123 7.90611 3.0728
160 12.2142 90.3242 2.7026
161 22.0568 6.14568 2.86308
162 31.7615 98.0699 1.81699
163 -0.093233 8.06551 2.4587
164 77.3806 46.7528 -2.16522
165 28.6175 93.6345 2.29835
166 96.4597 8.89667 2.38207
167 53.4263 90.4028 1.19234
168 28.672 83.2619 1.63514
169 73.9248 17.1464 -2.70244
170 14.03 85.5395 3.38403
171 47.2172 83.164 1.10901
172 55.1672 86.2294 1.03542
173 21.7501 99.132 2.93896
174 9.68009 96.1756 2.51202
175 7.20122 7.7629 2.81373
176 26.7071 10.1442 3.24502
177 11.7261 0.349366 2.95834
178 72.8721 17.7239 -2.90872
179 60.2845 87.5396 1.19356
180 49.9221 84.3759 1.14403
181 26.2116 1.24844 2.97991
182 30.7116 74.6034 1.72165
183 73.169 91.288 1.01527
184 0.391803 6.27129 2.76599
185 0.627931 44.5056 -2.32015
186 16.11 2.25114 2.90505
187 59.9778 94.3502 1.03009
188 20.9816 77.6338 1.75812
189 12.0895 91.3596 2.8691
190 8.59542 95.7154 2.96048
191 46.6535 92.2791 0.944814
192 15.147 96.4352 3.09414
193 10.4346 6.07386 2.7307
194 13.0407 96.6771 3.21192
195 44.6214 84.9369 1.48456
196 9.23442 98.8043 3.14945
197 16.5118 99.2607 2.97801
198 96.1633 5.59095 2.34128
199 9.97649 97.6857 2.30081
200 48.1606 86.2208 1.00426
201 13.0794 62.3374 2.99902
202 68.3033 18.2051 -2.76168
203 22.7251 6.99817 2.66947
204 11.0055 95.2209 3.17767
205 52.8422 88.4813 1.71965
206 13.1399 0.269478 2.77508
207 5.82776 4.18444 2.25093
208 1.63276 6.33059 2.77856
209 61.1817 96.1655 0.892945
210 30.7177 87.7105 2.25076
211 14.2732 2.34399 2.61077
212 3.21935 37.9978 -2.47869
213 63.5929 91.7137 1.78967
214 21.2414 78.6045 1.84141
215 53.9945 84.6561 1.19469
216 21.1146 4.26125 2.12699
217 46.2049 82.5015 1.64925
218 16.3542 10.8605 2.91414
219 15.6875 58.3113 3.0116
220 51.4075 88.7417 0.996076
221 15.188 8.10571 2.50757
222 47.2197 89.6915 1.45771
223 69.2211 26.7582 -1.65962
224 60.834 95.4708 1.17392
225 17.8248 30.3397 1.61695
226 23.9699 99.7994 2.93218
227 16.0362 3.00064 2.98193
228 17.1864 97.8718 2.2578
229 19.8554 1.51788 3.02109
230 93.1342 72.0346 -0.442493
231 35.4313 89.1952 1.91974
232 7.26802 6.88322 2.58306
233 10.038 2.28464 2.9629
234 7.64384 99.5877 3.0923
235 28.2777 71.3567 1.83352
236 23.4888 97.8882 2.87713
237 13.6865 90.9896 3.00714
238 26.1871 70.1162 1.68769
239 22.3972 73.0897 2.25288
240 40.1301 98.4953 1.5349
241 23.3954 91.3399 1.55136
242 16.0361 5.06755 2.92025
243 51.2306 84.9851 1.17107
244 23.7209 6.09437 2.3699
245 14.5617 5.90889 2.37887
246 17.3795 99.6366 2.6765
247 89.9062 76.8169 -0.182045
248 25.9196 75.8032 1.86731
249 14.4015 94.2555 2.33284
250 15.6989 24.8523 1.94808
251 8.55128 90.4382 3.31396
252 27.5501 32.9483 1.95894
253 67.749 15.336 -2.35401
254 17.3736 97.9803 2.30948
255 30.998 92.6309 2.34656
256 17.7705 5.28646 2.38248
257 17.3219 99.8957 2.32166
258 27.3503 97.294 1.85036
259 31.1047 73.557 2.34307
260 11.5735 97.4116 2.40571
261 28.429 76.3804 1.58725
262 21.8531 2.45526 2.22405
263 8.03185 6.25624 2.89579
264 11.872 87.6321 3.08343
265 15.1436 97.1794 3.09037
266 12.4461 99.498 2.40841
267 42.4273 88.782 1.41665
268 9.44274 4.77394 2.64656
269 18.5341 23.9833 1.4629
270 28.4575 77.3524 1.63331
271 31.7 74.2535 1.72438
272 63.5266 91.5643 1.59492
273 8.1193 99.7901 2.54248
274 10.5451 3.39546 2.95571
275 18.4071 0.272611 2.74023
276 12.0911 97.2941 2.52439
277 56.6305 87.1978 0.949932
278 20.6076 87.0777 1.95845
279 16.8173 7.21856 2.72683
280 27.1178 75.4096 2.46285
281 16.7815 1.17296 2.73232
282 26.6951 72.4326 2.12647
283 52.2535 94.6903 1.28331
284 20.9631 92.5806 2.41585
285 46.3707 86.9914 1.67518
286 89.6207 75.6894 0.218735
287 15.2336 0.946165 2.3143
288 68.8496 91.9374 1.31321
289 20.0476 90.6174 2.03733
290 11.9048 4.69612 2.88103
291 24.2684 87.8232 1.38185
292 72.998 14.017 -2.57606
293 9.57921 4.67833 2.34096
294 27.7245 70.4684 2.09864
295 19.1216 11.1819 2.64339
296 1.65594 6.19349 2.29114
297 23.0133 2.06532 2.28161
298 25.5034 89.5429 1.88651
299 49.598 90.7081 1.50321
300 13.1492 99.5483 2.80386
301 32.2516 90.7637 1.97704
302 3.67094 98.2752 2.36397
303 16.3416 0.903345 3.03778
304 20.6179 84.0755 2.07719
305 11.1381 92.2768 3.17804
306 17.553 30.9385 2.18379
307 12.4954 90.7098 2.5657
308 28.1261 76.7512 1.71465
309 9.52244 5.19827 2.95963
310 21.3915 30.1327 1.28812
311 97.0602 70.3468 -0.533123
312 13.9346 6.29305 2.78119
313 59.7128 92.3865 1.30488
314 22.7998 8.35631 3.01925
315 14.5689 2.64935 2.51183
316 51.0273 85.5638 0.973799
317 28.0931 79.8306 2.33741
318 55.3819 98.0833 1.08708
319 46.3751 91.5926 1.71439
320 49.1079 88.1679 1.52121
321 16.0137 58.4158 3.12784
322 50.62 86.693 1.23369
323 28.1156 80.3991 2.48152
324 16.1951 91.8212 2.72089
325 20.9903 3.08528 2.93626
326 16.9041 97.399 3.03982
327 13.195 2.20265 2.31582
328 99.1025 6.50262 2.1723
329 63.9254 92.699 0.973282
330 58.5131 91.5695 1.6959
331 88.8993 44.4873 2.24711
332 62.6184 93.0806 0.992239
333 92.2841 4.3469 2.80296
334 21.9171 69.3349 2.1652
335 46.9209 91.0054 1.40408
336 49.5354 88.3416 1.63646
337 22.7849 71.5635 1.85668
338 19.8047 3.75402 2.18228
339 15.7979 100.183 2.1714
340 40.8752 84.4466 0.874067
341 22.6061 77.2677 2.56907
342 28.8332 83.8771 2.06
343 18.8351 4.92916 2.83798
344 18.5268 100.121 2.30119
345 71.1538 11.2415 -2.40764
346 96.7736 76.5231 -0.472688
347 10.2674 96.7582 3.06958
348 21.3421 77.0131 2.28899
349 10.3615 93.5231 2.4111
350 15.7194 6.33525 2.10356
351 28.4223 99.5067 2.16997
352 21.8142 87.5561 1.9879
353 69.9526 23.6866 -2.33952
354 14.2841 96.7706 2.45666
355 19.494 95.6547 2.32901
356 66.6675 89.8824 1.12263
357 7.87433 45.0545 -2.88492
358 30.2728 79.0023 2.16443
359 7.37811 3.69636 3.08952
360 26.894 4.32671 2.56245
361 5.48078 97.357 2.70922
362 43.5192 86.3776 1.43864
363 16.9152 98.4131 2.56623
364 12.5062 87.8439 2.85647
365 11.1166 7.01882 3.10424
366 48.5073 85.3047 1.27067
367 53.2518 89.0764 1.24893
368 64.1705 87.0788 1.6249
369 71.1021 7.37456 -2.83283
370 60.177 99.0143 1.00375
371 31.6037 92.2555 1.60643
372 29.6228 70.3964 2.09233
373 49.8602 86.894 1.22362
374 11.426 89.5047 3.07138
375 9.08644 7.89875 2.75036
376 34.2367 76.6791 2.35762
377 56.5036 91.9086 0.951759
378 11.0885 6.13501 2.65818
379 52.0021 90.938 1.29144
380 19.1511 100.039 3.02653
381 13.3614 94.2407 2.97831
382 45.2989 83.3781 1.72794
383 77.6777 21.6261 -1.98128
384 6.40109 5.35533 2.97479
385 25.3556 29.8848 1.14682
386 11.8069 32.2126 2.04208
387 9.94114 98.8177 3.14117
388 22.4589 2.58934 2.59188
389 5.23521 1.55516 2.69716
390 27.1954 87.7134 1.71555
391 26.9604 76.1036 2.46251
392 0.735633 94.2718 2.82006
393 17.8906 4.85644 2.75349
394 45.8232 86.0897 1.34323
395 30.3048 80.6339 1.98541
396 17.4215 56.9237 2.71938
397 48.3148 95.747 0.602016
398 62.5803 91.6188 1.26258
399 26.4385 93.3422 2.01676
400 22.6493 72.4175 2.26186
401 97.6326 8.91565 2.29363
402 15.4311 97.7851 2.64296
403 42.8186 83.0885 1.69784
404 13.3304 0.745927 2.95604
405 21.5453 87.5377 1.55272
406 90.5604 72.0543 0.424204
407 46.7499 85.048 1.12642
408 53.6089 85.168 1.62084
409 51.6668 87.9483 1.67516
410 20.0481 72.5239 2.59989
411 42.4024 12.0514 -1.28158
412 22.6009 95.6501 2.01883
413 26.2509 75.5912 2.12487
414 17.616 5.84745 2.63284
415 70.5022 11.5407 -2.83821
416 2.13323 4.94755 2.15612
417 22.5212 74.7056 2.55092
418 32.8147 88.144 1.50531
419 81.1526 21.4933 -2.57512
420 8.29046 3.63485 3.02209
421 26.8562 85.2379 1.57524
422 28.5728 75.4459 2.41075
423 50.0517 86.782 0.921132
424 26.3843 9.15104 2.6272
425 46.6157 81.8782 1.04715
426 53.0547 92.6429 1.72455
427 6.68608 91.5622 2.29593
428 16.1986 5.13375 2.32314
429 20.1032 2.75418 2.88608
430 23.5978 4.33744 2.83508
431 10.5786 7.88769 2.90059
432 31.5191 94.8633 1.71118
433 59.2961 90.7824 1.00514
434 12.2155 2.38975 2.80427
435 11.509 87.2524 2.8469
436 25.3583 1.45138 2.9501
437 10.2989 0.937204 2.97191
438 16.8885 63.8079 2.87853
439 51.9479 89.837 1.55187
440 19.0583 94.6102 2.52233
441 88.4653 70.1259 0.156686
442 46.745 86.6423 1.48588
443 12.9517 97.0568 2.49909
444 13.5352 6.30345 2.45024
445 7.92276 94.0598 2.87339
446 90.9726 67.2024 -0.122962
447 93.412 74.6153 -0.131813
448 33.7729 15.8591 2.74891
449 20.3425 92.5975 2.56151
450 24.9502 78.2933 1.63245
451 15.0405 98.0691 2.64427
452 9.48181 92.6481 2.62077
453 21.8788 1.38162 2.17938
454 57.8654 83.697 1.59782
455 95.7539 10.879 2.2871
456 15.9797 69.878 2.24062
457 27.5473 70.6787 2.11752
458 36.0313 96.1762 1.64685
459 5.86667 14.1307 2.94622
460 7.84407 97.3642 2.90158
461 68.745 20.3306 -1.93249
462 15.1265 6.34919 3.03702
463 31.3846 76.083 2.41477
464 17.0846 8.83709 2.37684
465 27.8393 78.9844 1.96737
466 19.8159 3.83022 2.7818
467 49.9973 87.6252 1.31671
468 5.57738 1.2764 2.92964
469 26.959 99.438 2.10719
470 23.2675 84.9071 2.00867
471 15.8835 5.79193 2.31422
472 14.7497 6.64051 2.6167
473 53.8284 85.7377 1.30241
474 30.4411 10.2922 3.41265
475 92.2766 70.7517 -0.18415
476 9.17896 44.5699 -2.66994
477 15.0119 97.9651 2.85452
478 7.94063 9.90214 2.91135
479 75.0109 11.8417 -2.83472
480 28.9634 69.0381 2.42133
481 3.19422 6.05247 2.46831
482 15.0074 95.6823 2.8848
483 25.8499 81.3208 1.77878
484 -0.244589 0.833317 2.52029
485 2.50554 96.7924 2.37107
486 22.7858 98.4973 2.80681
487 20.552 4.54072 2.42278
488 27.2294 96.0758 1.99329
489 97.9736 9.09667 3.01781
490 28.8452 32.7155 1.58388
491 18.4496 1.22751 2.93269
492 14.2323 7.2994 2.36827
493 14.487 4.18251 2.15111
494 17.2705 99.1883 2.98703
495 8.20172 3.76168 2.33387
496 45.9737 92.3794 0.949108
497 27.6474 6.91129 2.88887
498 22.9236 1.53874 2.42266
499 6.01857 14.0388 3.00589
