500
Particles
0 47.6659 28.7729 2.84318
1 88.904 8.82174 1.08169
2 71.0749 74.3227 2.24655
3 61.9175 97.0552 0.953693
4 53.6483 52.1362 1.99266
5 89.8585 6.38908 1.25423
6 68.0246 57.2734 2.19484
7 67.419 4.63434 1.42259
8 41.0811 57.6181 2.12878
9 29.7401 4.25037 1.02836
10 68.1691 34.7545 2.00333
11 64.1013 64.733 2.49825
12 73.6293 72.9238 2.58757
13 47.8512 33.5196 2.39379
14 56.052 55.0658 1.76295
15 49.8004 37.8385 2.6296
16 86.2489 45.2638 3.01171
17 59.5068 69.9375 2.14321
18 55.3606 63.3007 2.4316
19 24.0154 82.9934 1.8784
20 61.7228 98.3843 1.39467
21 65.8645 55.1443 1.87115
22 66.8455 45.3998 2.48455
23 49.0713 41.9536 2.40368
24 64.604 100.182 0.655755
25 56.6992 39.1654 2.12092
26 95.196 0.788609 1.07069
27 64.1701 63.074 1.7603
28 64.8715 52.1553 2.05026
29 74.8328 71.7313 1.6035
30 51.1916 100.377 1.30523
31 63.8074 47.0834 2.04292
32 16.9099 88.6754 2.05295
33 59.3719 7.29535 1.79988
34 57.5923 36.5126 2.51101
35 51.1833 64.6693 2.42481
36 55.4554 8.64092 0.977602
37 77.4571 68.6823 1.42624
38 58.2359 44.0078 2.76588
39 51.4478 44.3497 2.10069
40 60.6711 35.7311 2.12401
41 47.6501 41.9801 2.50539
42 69.3514 35.7129 2.19851
43 62.2902 98.2737 1.46219
44 90.2541 10.8909 1.72303
45 74.1525 39.5101 2.24699
46 58.3567 39.6137 2.07335
47 90.7862 96.4782 1.81626
48 64.3667 38.1963 2.71128
49 53.4985 27.3458 2.0389
50 60.955 66.1365 2.73133
51 71.3044 48.4574 2.76497
52 61.4838 100.248 1.20587
53 56.2727 8.56464 0.967046
54 55.9653 51.8345 2.29463
55 70.8689 94.0108 2.08362
56 57.9209 54.375 2.05208
57 68.7515 28.827 2.36497
58 58.3129 57.6621 2.5562
59 53.8773 37.6271 1.78022
60 60.4006 62.6187 1.89811
61 65.0546 35.296 1.96881
62 42.6109 51.1849 2.5386
63 30.4229 61.2763 1.75097
64 64.1863 59.7872 2.57021
65 89.9404 97.5212 1.2312
66 56.7038 65.3469 1.99806
67 58.1102 64.3846 2.69714
68 93.3513 93.5109 1.25975
69 77.8799 33.9187 2.50193
70 65.9265 59.3892 2.47651
71 58.3733 38.3094 1.94926
72 57.2441 62.1951 1.94274
73 78.2786 66.6295 1.72557
74 66.3497 32.2865 2.04654
75 68.3424 1.09652 1.35993
76 69.0162 32.4826 1.98227
77 68.2808 58.2932 2.64286
78 79.0552 75.3176 1.98748
79 59.2572 60.2001 2.6392
80 66.6589 37.981 2.02812
81 58.6011 65.9533 2.67204
82 43.1091 61.8888 2.11117
83 50.4027 58.1891 1.71396
84 69.5385 91.5466 2.36877
85 66.1589 39.0239 2.03786
86 66.4584 35.7169 2.14941
87 80.4721 63.382 1.56465
88 72.5062 92.7924 2.22458
89 65.545 32.697 2.07445
90 63.8802 1.13511 0.911023
91 63.7409 47.6262 2.07104
92 70.3026 56.1452 2.42074
93 50.1711 52.5257 1.93952
94 65.7503 37.7535 2.04731
95 27.9483 85.6589 2.48036
96 65.2516 58.781 2.41835
97 68.8849 62.3627 1.8137
98 62.2573 30.745 2.79316
99 68.9034 54.4806 1.71517
100 64.706 100.278 1.21127
101 56.0715 62.0724 2.08026
102 66.7077 34.066 2.24459
103 57.4299 34.4388 2.09663
104 66.3096 42.3777 2.25617
105 61.972 2.56908 1.05369
106 56.3298 51.465 1.88026
107 52.7428 40.0525 2.12873
108 66.3756 45.9834 1.91033
109 60.0925 57.9669 2.20027
110 70.0245 2.3139 1.04836
111 82.6637 68.6545 1.63058
112 61.9871 96.133 0.578359
113 65.8564 54.089 1.72021
114 65.0497 63.8273 2.42831
115 70.7716 70.0227 1.93089
116 68.6012 29.5456 2.18974
117 57.6686 41.9351 2.2979
118 40.3059 96.1311 1.83278
119 53.6165 56.0084 2.10423
120 53.9485 34.0806 2.52168
121 77.3671 3.1283 1.17121
122 62.6523 37.5798 2.01402
123 49.529 53.3149 2.0684
124 68.5937 73.5426 1.88574
125 92.6161 89.3021 1.1677
126 83.3133 48.0841 2.40581
127 43.2979 36.7533 1.91834
128 65.2864 100.292 0.810184
129 61.0919 63.8652 1.98569
130 59.5584 46.9944 2.45654
131 67.6101 33.9911 2.43041
132 1.50117 80.3551 2.17721
133 97.826 94.1237 1.07204
134 60.4391 13.4008 1.3789
135 72.3861 62.0313 2.51299
136 66.4504 30.716 2.77492
137 65.0652 58.8134 2.29534
138 67.7499 37.85 2.17081
139 55.9272 33.8173 2.66057
140 69.8946 35.1978 2.43469
141 78.5573 93.8922 1.79743
142 52.0756 56.3899 2.56015
143 29.4798 67.0035 1.13102
144 65.3401 60.1522 2.28045
145 61.1402 66.6176 2.00242
146 53.0759 37.8202 2.10642
147 61.6193 7.24522 1.07503
148 78.2479 64.9368 2.14131
149 54.0008 65.9135 2.03553
150 67.7135 35.2777 2.19992
151 19.8252 87.6548 1.69733
152 66.6675 31.0957 2.16599
153 67.8508 45.1233 2.49485
154 87.3174 42.9056 2.22728
155 96.1349 96.5772 0.996717
156 44.7306 57.2553 2.71229
157 20.4272 31.3773 0.0669206
158 92.993 2.7252 1.54446
159 29.2515 71.2324 1.17194
160 59.3514 9.4563 0.911203
161 31.614 72.5552 1.97241
162 53.7962 65.3711 2.11122
163 71.3732 90.3383 1.66116
164 90.0732 98.7768 1.18226
165 50.3472 63.9064 2.24108
166 71.3744 91.7587 1.71938
167 82.2114 67.2533 2.01891
168 59.3568 61.4295 2.00672
169 85.1189 98.0898 1.75651
170 28.2007 91.8602 2.78077
171 65.8096 56.4159 2.18964
172 51.0714 35.5952 1.8712
173 69.6863 33.3005 2.62042
174 91.4956 2.77133 1.70057
175 97.7692 84.4348 -0.391517
176 71.2577 74.9674 2.05304
177 57.2404 31.6405 2.5822
178 63.2973 99.4347 1.39429
179 64.4576 51.8618 1.98318
180 66.7456 56.8176 1.73097
181 30.9196 66.8541 1.46701
182 59.5642 54.588 1.72077
183 45.6292 26.5542 2.63508
184 72.9526 58.2545 1.9602
185 93.772 97.3608 1.24914
186 68.4005 41.8332 2.07658
187 42.9417 93.2098 2.35249
188 39.822 35.6697 2.936
189 65.3012 69.1649 2.67726
190 92.3887 2.19032 0.92205
191 69.6975 66.2395 1.81662
192 63.7239 26.7038 2.35609
193 72.1636 51.589 2.51698
194 61.2812 32.8529 2.72803
195 64.8535 56.6548 2.03577
196 54.074 30.6468 2.59861
197 65.2333 34.0117 2.09581
198 69.6477 56.2958 2.64839
199 11.8866 27.4523 -1.42234
200 70.0722 58.2037 2.51849
201 74.8883 68.9802 1.55043
202 62.8879 1.13874 1.29996
203 33.886 73.7865 1.38116
204 95.5614 99.8083 1.45825
205 81.7291 66.4938 1.22235
206 60.0808 33.3774 1.89691
207 56.081 40.2895 2.55874
208 45.5596 65.3053 2.02157
209 39.6744 94.2837 2.09974
210 60.5098 64.1285 2.54988
211 67.8094 41.7809 2.24852
212 94.5501 93.2778 1.38722
213 18.7646 84.6272 2.33223
214 40.0384 32.6514 2.461
215 57.2603 46.5501 2.5512
216 74.731 42.5306 2.72966
217 64.2726 55.6165 1.74367
218 64.8728 76.4912 1.71922
219 60.2444 71.0308 2.80622
220 77.9091 67.0976 2.07349
221 74.5097 52.344 2.43153
222 76.7503 67.6833 2.04099
223 65.7651 4.23238 0.991415
224 59.1789 97.8716 0.841472
225 73.1732 72.8061 2.31095
226 8.57235 20.9064 -1.59139
227 70.8088 45.3463 2.44746
228 66.8187 35.6467 2.2999
229 71.1976 39.0389 2.38808
230 47.8786 37.4138 1.92303
231 61.8162 61.7998 2.4595
232 69.5217 51.9737 1.95881
233 58.3419 37.8852 2.19349
234 56.7923 35.8299 2.18744
235 57.1408 52.2159 2.51398
236 80.8392 36.1672 2.33779
237 69.3935 72.7757 1.96412
238 60.0177 54.7428 2.42067
239 52.9549 57.2338 2.07263
240 63.3948 62.2743 1.91757
241 43.8751 56.2942 2.49287
242 70.5473 44.4084 2.28725
243 70.4703 58.9168 1.81875
244 30.5476 73.6271 2.15316
245 70.667 48.014 1.90145
246 68.3293 38.883 2.64907
247 93.25 100.432 1.33141
248 54.1054 55.3365 2.19819
249 63.9654 29.6056 1.8605
250 60.3762 61.9991 2.2574
251 64.7061 70.6329 2.81444
252 64.7601 3.29589 1.36296
253 55.0373 99.1182 1.07914
254 67.8696 33.686 1.9733
255 55.5125 64.9322 2.78728
256 70.9682 42.8478 2.32415
257 64.2512 33.4863 2.42985
258 43.7369 60.8208 2.31342
259 56.3553 51.9601 2.47341
260 95.6913 3.96462 1.00665
261 54.0808 56.7717 1.84487
262 71.1322 37.5162 2.28964
263 68.6999 51.5108 2.27796
264 59.9329 8.25149 1.79355
265 65.5256 33.4834 2.55869
266 58.2592 30.8642 2.1615
267 64.6516 61.9603 2.38512
268 54.3524 34.8836 2.08042
269 61.5604 64.1332 2.0672
270 59.504 56.8694 1.80708
271 59.0978 54.7355 1.77985
272 17.2235 83.7027 1.87218
273 55.9074 34.9541 2.47838
274 60.8984 42.8438 2.41477
275 68.0034 36.2726 2.76651
276 59.4617 27.3465 1.87644
277 71.1622 56.2705 1.84037
278 79.4455 4.07057 1.06857
279 70.2739 44.8151 2.17101
280 62.2777 58.9925 1.91299
281 66.7764 39.3998 2.53687
282 55.4593 54.7746 2.37113
283 84.4534 66.3175 1.33853
284 81.5086 33.3273 2.44768
285 69.098 60.3043 1.6945
286 45.4591 41.2446 1.93251
287 65.9053 38.3392 2.22216
288 47.7683 73.3015 2.66057
289 77.871 33.7116 2.7381
290 60.3633 39.3292 2.33229
291 46.4778 24.1779 2.62823
292 94.6468 94.9997 1.58364
293 57.7777 39.8427 2.32932
294 59.9005 53.0087 1.90705
295 64.3883 54.9154 2.19815
296 74.4159 57.7361 1.77577
297 85.3464 45.2495 2.49709
298 48.3415 58.3396 1.80973
299 74.4201 68.5452 1.67565
300 61.4292 35.4688 2.18129
301 58.9699 64.3543 2.29452
302 52.7946 33.409 2.40868
303 68.395 39.7902 1.87495
304 28.9626 62.7355 1.02636
305 65.4716 69.0176 2.20113
306 60.3225 3.82028 1.10735
307 70.6204 70.4962 1.76383
308 54.817 59.8486 2.67698
309 58.9742 42.1375 2.52509
310 61.319 5.8085 1.66486
311 53.7327 44.9704 2.74872
312 70.3979 48.6512 2.64945
313 19.5772 86.1535 1.96448
314 57.9448 67.6909 2.63738
315 69.5112 44.0144 2.11747
316 68.2528 54.0147 2.32603
317 58.8026 58.3213 2.50578
318 71.9385 71.7179 2.27281
319 74.6001 68.6692 1.78769
320 76.8076 66.7182 1.33375
321 58.6131 68.6407 2.07431
322 79.1912 63.5199 1.31274
323 58.2346 59.386 2.60972
324 11.2028 23.2723 -1.4636
325 74.2978 41.779 2.20594
326 66.0959 34.2204 2.66941
327 58.8168 35.9332 2.76247
328 84.2597 63.814 1.46982
329 58.5173 93.5857 0.972898
330 19.6435 84.8331 1.9618
331 64.4956 8.49815 1.4743
332 26.9352 87.9263 1.82903
333 72.5014 58.7165 1.74001
334 50.4184 46.2504 2.61384
335 72.7253 67.9893 2.21886
336 80.1445 66.2278 2.05516
337 53.1539 53.4918 2.3672
338 76.4946 44.3382 2.68237
339 62.8975 35.315 2.40659
340 48.9108 33.1391 2.72386
341 52.2175 59.619 2.27732
342 58.1951 61.2672 2.72871
343 72.2628 41.7346 2.22633
344 68.9024 38.2121 2.51849
345 68.3779 97.932 1.45863
346 50.4467 44.915 2.01388
347 97.8431 4.47135 1.54267
348 41.5372 38.9155 2.68591
349 93.7213 99.6108 1.56585
350 67.6996 42.4269 2.65795
351 32.6524 62.9496 1.44382
352 92.2764 8.13244 1.17765
353 64.8788 2.76835 1.15179
354 62.6074 29.9602 2.76685
355 67.7488 30.9501 1.96789
356 80.8542 62.7845 1.50292
357 92.7505 98.5938 1.05927
358 61.9375 58.8488 2.30476
359 55.8215 37.9683 2.68746
360 55.0576 69.5709 2.43761
361 52.1409 26.8051 2.92229
362 62.4623 55.8566 2.15856
363 67.3843 37.0123 2.28869
364 63.1559 8.51547 1.15317
365 65.5545 48.0394 1.83057
366 68.5194 58.2097 1.87114
367 80.1914 67.4128 2.04416
368 50.7318 36.2614 2.02009
369 23.9801 85.4161 2.0511
370 58.6732 0.801976 1.05547
371 57.3865 64.7831 2.76977
372 61.6294 52.8244 2.21386
373 70.9348 61.6878 2.34123
374 61.1128 66.5039 2.04121
375 73.248 55.3947 2.52354
376 63.1237 57.1531 2.25687
377 17.9419 87.1529 1.77662
378 60.5342 41.2428 2.61825
379 79.9764 70.0264 2.17233
380 67.7975 35.5675 2.46554
381 7.37967 26.5901 -0.84274
382 65.5304 56.9256 2.17871
383 74.2878 95.3471 1.90517
384 68.0844 51.6141 2.15696
385 66.7475 4.95927 1.24456
386 53.5646 6.3163 1.70527
387 52.71 26.6323 2.31441
388 74.887 39.5292 1.97734
389 55.9573 38.2589 2.2527
390 49.3425 61.5025 2.12686
391 56.8609 58.2486 2.44763
392 56.4731 36.5845 2.16587
393 74.408 45.1086 2.29018
394 66.7581 59.7676 2.42375
395 61.6682 59.4064 1.96585
396 60.9448 69.5846 2.88456
397 63.0413 61.8535 2.3537
398 19.8588 84.6142 1.89988
399 46.9085 56.9526 2.43361
400 52.202 54.4642 1.57134
401 29.7775 85.8226 2.35587
402 62.4546 28.9268 2.13042
403 66.681 55.6735 2.08186
404 62.0143 37.9658 2.22744
405 89.7166 8.44727 1.14023
406 44.2523 31.0136 2.74285
407 68.5559 60.5106 1.99409
408 57.3299 45.9396 1.77856
409 84.4611 65.9286 1.31009
410 53.6481 56.5104 2.52177
411 62.8894 63.2935 2.68719
412 70.7442 32.5697 2.82303
413 52.5932 56.5994 2.43913
414 72.6299 44.2679 2.43692
415 87.0619 96.9132 1.37005
416 71.5813 55.6154 2.28794
417 51.4267 54.3279 2.23794
418 62.9786 64.8172 2.22224
419 69.6098 94.7078 2.346
420 56.5915 37.4469 2.64697
421 61.4427 63.4682 2.67751
422 56.6814 55.565 1.91591
423 75.4064 63.2659 1.88463
424 60.322 69.2472 2.29439
425 64.4037 51.7133 2.14839
426 2.07148 24.238 -1.67576
427 60.7155 66.8698 2.64531
428 65.5984 41.3395 2.12741
429 68.7512 37.1984 2.52766
430 26.0107 68.6425 1.70292
431 73.0562 54.1444 2.29455
432 56.1912 66.0372 2.33928
433 84.684 63.5518 1.88764
434 60.7754 37.5987 1.83122
435 64.4328 5.99731 1.35661
436 32.0549 68.1844 1.10453
437 56.0284 33.4207 2.62189
438 76.2304 74.58 1.5592
439 79.2123 68.6268 2.11456
440 70.6975 32.6379 2.73018
441 41.9902 31.3245 2.37242
442 65.6044 61.4001 2.70694
443 8.94122 30.3246 -1.03766
444 70.1444 49.3597 2.56783
445 84.4363 2.99211 0.925558
446 68.6847 3.94117 0.752642
447 46.9422 39.4891 2.54438
448 63.3286 57.5792 2.02259
449 75.6374 34.0921 2.06456
450 54.614 60.449 2.15365
451 62.313 32.1676 1.91877
452 62.3455 69.6695 2.53018
453 67.6606 32.251 1.98482
454 64.1803 66.1568 2.37556
455 81.3917 97.2239 1.23131
456 50.8256 52.2851 2.05009
457 58.7776 54.5494 2.19681
458 60.2225 50.2716 2.60439
459 95.262 94.6306 0.8039
460 57.7744 35.7759 2.40423
461 60.3798 1.84738 1.57064
462 70.4642 46.9162 2.46224
463 60.3742 55.8957 2.39167
464 78.351 51.4974 2.38525
465 54.6293 57.7608 2.24344
466 71.5274 40.425 1.8926
467 81.0888 66.6542 1.89822
468 51.7558 34.2732 2.6819
469 33.5132 63.4751 1.58899
470 22.6129 74.897 -0.0401852
471 62.3418 40.4418 2.57624
472 72.0657 48.968 2.71187
473 71.0985 56.2953 2.07394
474 14.2589 26.0417 -1.35266
475 47.3928 36.4476 2.44474
476 92.336 98.6532 1.22007
477 69.6483 38.6698 1.85088
478 49.5145 68.9722 2.25987
479 66.8326 96.925 1.78478
480 54.8276 44.6419 1.73074
481 82.6493 62.6016 1.89566
482 63.1967 29.4958 1.81695
483 53.4182 61.2869 2.20034
484 50.9546 37.1628 2.53841
485 47.258 26.6068 2.21327
486 72.0474 36.271 2.21044
487 70.8868 40.0342 2.56803
488 42.7595 54.2028 2.71327
489 67.6404 95.1144 2.18025
490 69.599 1.48264 0.906549
491 64.0254 34.7333 2.21353
492 73.9043 52.3868 2.05136
493 66.5005 43.0651 2.43258
494 63.7719 30.5748 2.14268
495 57.6878 40.8528 2.51045
496 64.5272 61.5033 2.74
497 60.6464 64.6338 2.27723
498 72.3691 36.2942 2.36942
499 74.3216 78.9835 2.23143
