500
Particles
0 95.8863 72.5334 2.84691
1 35.4737 77.6894 2.25372
2 3.02608 6.56427 2.40591
3 60.507 22.8403 1.43474
4 80.7 84.2373 1.68728
5 97.3863 47.6962 -2.38306
6 17.6801 1.77326 2.74245
7 79.259 30.9313 1.59616
8 48.4742 90.0349 1.71724
9 42.7748 91.6441 2.09011
10 19.9257 79.4688 2.26524
11 1.12843 100.014 2.93531
12 6.44968 6.4359 2.59244
13 87.2457 75.4821 0.545811
14 85.5087 88.0317 1.43878
15 92.0301 78.4253 1.65195
16 36.3289 91.0405 1.99296
17 84.8311 1.88476 0.968865
18 78.8963 94.2618 1.69302
19 56.5035 15.3734 2.69513
20 60.8858 24.0141 1.11682
21 99.4587 89.3132 1.43504
22 22.2873 93.9288 2.86127
23 85.891 80.4668 0.984585
24 68.2231 26.6778 2.31287
25 7.06918 82.8303 2.06689
26 96.4748 38.7801 -2.4499
27 93.1623 95.8427 1.2254
28 7.38823 90.1143 2.6345
29 18.2909 12.0925 2.51373
30 59.2062 34.521 1.90096
31 16.2727 92.7446 2.12064
32 46.8054 21.2631 2.36471
33 68.498 32.9151 1.96017
34 10.6866 83.15 2.51787
35 78.5585 97.9092 1.53056
36 59.1712 41.3507 2.73374
37 23.782 10.2073 2.52272
38 6.12208 86.1404 2.13085
39 85.1224 80.6709 1.28207
40 12.2631 80.6315 2.84595
41 83.08 81.2153 1.34289
42 30.8011 92.5419 2.21615
43 64.7776 23.7038 2.04949
44 36.3429 80.9277 2.40213
45 28.1903 87.2823 2.67964
46 12.6673 87.0026 2.15898
47 86.3022 21.4839 1.1027
48 17.9676 85.1118 2.11496
49 1.4668 70.3266 2.31353
50 88.5222 98.0485 1.80317
51 24.4562 95.007 2.71597
52 68.041 25.7701 1.55162
53 59.9512 41.0127 1.8453
54 85.2188 85.0536 1.66562
55 73.1259 19.6639 1.74122
56 88.776 87.1888 1.28004
57 17.4591 71.9278 2.51959
58 87.4593 90.4518 0.980828
59 6.76911 83.7338 2.56878
60 89.2502 95.07 1.86682
61 18.6072 81.4479 2.44948
62 43.1096 87.3052 1.42715
63 35.8946 71.7169 2.17917
64 5.70478 96.9285 3.2037
65 82.3642 22.8544 1.42227
66 83.9464 99.103 1.88695
67 85.8939 98.5319 1.07125
68 81.9711 19.8669 1.39202
69 22.4323 74.3502 2.7384
70 18.7189 6.35583 2.57223
71 12.6751 85.2331 3.01924
72 85.7961 95.6011 1.3907
73 23.3548 7.80904 2.38443
74 15.3739 74.5903 2.36536
75 80.9185 28.4688 1.54569
76 19.5979 76.129 2.57554
77 23.2727 6.65594 2.04361
78 99.8168 34.8261 -1.69065
79 88.8175 92.7347 0.99116
80 16.06 80.2323 2.81478
81 82.6801 97.2371 1.07835
82 69.7622 2.10934 0.932797
83 75.7512 90.4611 0.910038
84 73.6179 16.7982 1.47169
85 16.4425 82.4184 1.91306
86 16.785 80.1217 2.13851
87 25.3866 5.14833 2.15702
88 75.5697 18.5114 1.74381
89 12.8464 74.0555 2.61703
90 68.5266 26.7672 1.8507
91 14.8341 92.3152 2.83886
92 22.6526 1.92313 2.76131
93 79.0137 84.9576 1.75712
94 16.7658 82.1882 2.29615
95 57.6333 16.426 2.74988
96 -0.400875 92.9886 2.64808
97 20.9925 8.58848 2.60762
98 13.1944 75.5425 1.78447
99 21.4699 0.726627 1.96054
100 69.6919 26.5313 1.48675
101 83.5295 94.9009 1.28687
102 20.4991 80.6861 2.61573
103 9.29161 78.8175 2.17719
104 19.5992 88.3108 2.2133
105 68.8071 28.0937 1.6937
106 86.0064 85.2839 1.59948
107 -0.300745 82.1336 2.79742
108 18.4499 90.855 2.30197
109 93.6675 92.7507 2.04324
110 82.8215 29.7134 1.53273
111 25.85 10.5727 2.56904
112 59.0699 21.9708 1.76875
113 18.5196 100.25 2.32325
114 96.5768 96.3113 1.63758
115 10.4384 8.57917 2.69626
116 15.8237 70.6273 2.27845
117 11.935 89.1767 2.74375
118 51.8022 24.4778 1.93092
119 82.1026 87.6815 0.998105
120 2.964 76.9094 2.1512
121 55.2566 76.797 -2.21285
122 17.4878 85.477 2.7135
123 74.9489 85.0354 1.89403
124 98.8499 4.59482 2.80521
125 83.8652 16.8749 1.17472
126 31.2364 97.5239 1.95163
127 82.7923 78.3339 1.07026
128 70.3906 26.5423 1.53459
129 93.5097 97.2322 1.45752
130 6.16609 88.159 1.86482
131 17.9909 78.601 2.24748
132 85.3393 18.2167 1.65535
133 85.2287 20.9416 1.41841
134 0.620948 67.9124 2.37916
135 23.6053 7.52607 2.25479
136 13.1559 71.7929 2.02903
137 6.40835 97.2733 3.28224
138 19.6382 82.977 2.08564
139 7.40154 78.6886 2.4
140 21.7826 80.2304 2.02242
141 79.6282 19.0961 0.897998
142 78.9568 88.0386 1.16689
143 40.0863 95.3942 1.92737
144 3.15019 96.2108 2.37325
145 93.5863 99.9208 1.37677
146 1.73122 82.4138 2.72081
147 65.5985 32.7649 1.55953
148 24.7771 7.76189 2.05837
149 82.3288 97.3596 0.997914
150 23.2076 83.2741 1.99338
151 51.1013 19.9782 2.07282
152 16.0453 74.5631 2.27504
153 19.3392 89.6276 2.94623
154 37.6624 93.0549 2.04518
155 86.2372 22.4144 1.27581
156 50.3269 89.9744 1.36196
157 38.279 2.3789 1.78231
158 95.6803 40.6741 -2.07166
159 41.708 98.9115 1.92765
160 63.9635 34.5768 2.01434
161 40.9432 99.0021 2.32355
162 81.8768 98.3068 0.850364
163 74.3578 16.2742 1.09639
164 83.5022 24.419 0.73302
165 76.5405 95.5889 1.73779
166 73.9536 17.7182 1.06542
167 27.1666 10.8019 1.75753
168 87.9262 94.2025 0.945482
169 82.0639 23.0362 1.60114
170 50.4425 54.5765 2.50178
171 15.1812 0.684214 2.34742
172 95.9431 76.0423 2.74907
173 22.2944 79.3905 1.9488
174 94.4528 38.8992 -2.18259
175 84.1174 15.0004 1.87905
176 13.0593 13.7135 1.97931
177 9.36441 77.0497 2.35297
178 68.4801 25.6233 1.49206
179 8.56019 90.8536 2.68335
180 16.9269 1.32544 2.88588
181 46.1433 94.3253 1.47354
182 91.6878 88.253 1.42588
183 95.8436 71.4974 2.45572
184 22.5297 1.08898 2.9735
185 82.7996 22.8652 1.61817
186 21.8183 88.2677 2.76291
187 54.6949 21.7082 1.79275
188 77.3045 77.9587 1.21568
189 98.8041 1.93348 2.66152
190 96.7204 40.7916 -2.13491
191 11.7478 6.19463 2.48866
192 11.7493 70.3291 1.92923
193 23.8398 97.4179 2.00799
194 14.6619 79.1797 2.11831
195 7.23456 95.6751 3.00388
196 6.17763 75.6742 2.08305
197 16.4298 78.266 2.54433
198 20.3525 0.969751 2.54597
199 100.398 50.246 0.173803
200 22.9052 5.03022 2.53098
201 19.805 9.89615 2.63537
202 66.2817 27.0003 1.75146
203 43.3534 0.365039 2.52116
204 95.8287 38.2181 -1.80127
205 27.2184 9.71475 2.1063
206 13.535 80.094 1.90822
207 7.28901 85.1275 2.74045
208 70.1542 14.5203 1.52989
209 51.8335 23.339 2.33871
210 86.3007 96.3323 1.55369
211 18.5544 85.6806 2.3283
212 85.4751 19.7059 0.886274
213 52.0712 18.1001 2.04822
214 73.9314 75.8543 0.766049
215 2.38642 86.5672 2.31737
216 30.4376 92.6781 2.62013
217 6.06985 92.7348 3.01301
218 91.1031 8.22081 1.95722
219 87.3979 2.66323 1.39475
220 23.7921 9.15504 2.75369
221 26.1487 97.2901 2.5887
222 23.1862 9.80104 1.95201
223 72.7631 29.1456 1.92162
224 55.9209 23.3076 1.77257
225 11.1303 9.77674 1.77103
226 39.7729 90.7644 2.52753
227 21.7686 89.808 2.71184
228 18.424 80.341 1.99646
229 19.2672 80.2886 2.3446
230 85.8768 77.6578 0.72936
231 90.5444 94.2287 1.51327
232 21.7939 98.2712 2.30004
233 13.6441 85.3256 2.93026
234 5.52007 77.0974 2.16695
235 87.1994 84.8948 1.49283
236 35.8672 88.1313 2.44444
237 2.61671 5.06035 2.41556
238 89.3738 86.7634 1.64924
239 78.2502 87.5627 1.55379
240 99.4077 96.3848 2.75657
241 48.4002 88.7265 1.70908
242 27.4777 95.371 2.96121
243 21.2942 3.72259 2.16614
244 40.8596 99.5633 2.21493
245 23.9015 94.1137 2.06296
246 19.3268 82.6274 2.09973
247 91.9893 33.2217 -1.979
248 81.8788 87.9004 1.48862
249 13.5258 72.7881 2.76791
250 92.915 95.548 1.68434
251 96.1276 2.95956 2.36639
252 76.8101 29.8233 1.82473
253 56.5138 25.0931 2.2275
254 17.4579 77.5296 2.50597
255 82.512 97.0425 1.01752
256 28.532 94.596 2.67159
257 18.0538 81.3006 2.11693
258 49.8504 93.5174 1.45249
259 90.8503 86.3149 1.03892
260 98.0075 44.1185 -2.81247
261 82.4618 89.2219 1.60574
262 28.7126 89.105 2.23095
263 19.2929 96.2815 2.77766
264 63.6031 33.3955 1.97098
265 15.6663 77.4782 2.46929
266 8.28025 74.2965 2.62086
267 1.64276 97.0043 2.38777
268 6.3776 80.5288 2.26588
269 92.029 96.9634 1.31306
270 90.186 90.34 1.35853
271 92.1112 89.1168 1.71087
272 47.9831 17.2268 2.21199
273 8.96119 80.6232 2.30414
274 15.5352 89.7502 2.77001
275 18.3745 79.6269 2.01422
276 6.99158 70.5469 1.77068
277 20.0914 100.039 1.9724
278 31.4502 72.115 2.77609
279 27.4769 96.2228 2.9465
280 91.9356 90.6927 1.08921
281 20.4485 86.3266 2.76386
282 84.6612 87.0366 0.96833
283 30.6941 10.5918 2.07235
284 25.0027 74.6563 2.06693
285 19.154 5.37661 2.55838
286 79.1997 79.7571 0.903797
287 16.806 82.4673 2.22373
288 61.1907 17.4977 2.48047
289 26.5765 77.098 2.40087
290 14.4861 86.1133 2.28919
291 48.8942 85.2717 1.09811
292 83.9818 21.0767 1.46154
293 13.1265 88.3536 2.30918
294 91.4204 86.5736 1.74845
295 99.0645 90.0483 1.76502
296 26.024 3.89987 2.14824
297 32.562 90.133 2.32837
298 53.6256 87.8061 0.888544
299 20.7889 9.88566 2.18355
300 12.5411 79.9784 2.64101
301 86.4566 96.9909 1.08306
302 2.2111 76.536 2.41812
303 19.5091 84.4089 2.06677
304 35.8741 73.8773 2.26416
305 99.0863 2.73189 2.5341
306 62.4901 29.7136 1.87869
307 0.234784 1.338 2.69113
308 82.9114 91.4844 0.845001
309 13.9264 89.6871 2.64169
310 66.0378 31.051 1.83099
311 89.4598 82.6843 1.63202
312 21.8577 93.5288 1.99505
313 53.3661 18.5245 2.17089
314 86.6663 0.952963 1.64138
315 19.3888 87.0187 2.03341
316 21.632 1.48735 2.78371
317 90.2586 92.0702 1.28593
318 9.50918 8.81798 1.90695
319 20.1797 9.30622 2.15925
320 22.0584 8.70862 2.74748
321 84.661 100.276 1.02813
322 25.4873 7.19371 2.47304
323 86.7254 92.438 1.68699
324 35.2013 12.8724 1.94422
325 31.0177 93.0176 2.73497
326 16.9707 77.8399 2.64578
327 14.7833 84.261 1.98096
328 29.6889 6.37518 2.71832
329 61.1899 18.968 2.14735
330 53.0471 17.1335 2.09504
331 73.995 32.9822 1.15805
332 55.1438 18.2679 2.52475
333 22.196 2.32673 2.48687
334 84.0043 83.0885 1.26801
335 13.2064 7.0707 1.66267
336 26.2213 9.29268 2.32323
337 81.6653 85.7179 1.04201
338 29.3194 92.4062 2.03337
339 18.2841 83.1951 2.18905
340 93.8077 73.8981 2.55466
341 78.1024 90.9844 1.19819
342 84.8066 93.3975 1.48951
343 30.8369 96.0066 2.5802
344 21.4298 84.2706 1.98613
345 74.2854 23.1382 1.87329
346 82.1135 81.3419 0.724507
347 97.8943 45.4343 -2.34972
348 76.681 79.1113 0.348661
349 94.971 35.653 -1.93203
350 24.1735 93.2092 2.95915
351 46.7842 89.907 1.23861
352 36.8431 79.6964 2.3679
353 72.0862 28.1836 1.37671
354 10.8519 72.4369 1.86787
355 19.3964 75.6262 2.07115
356 26.2083 5.79443 1.81412
357 86.4879 23.9386 1.72516
358 90.9022 91.352 1.00203
359 7.07178 82.3695 1.91577
360 83.3954 2.20544 1.57984
361 98.6172 68.7492 2.8169
362 0.638265 92.8895 2.45104
363 17.4457 80.132 2.3024
364 68.9442 33.6748 1.56072
365 19.3718 94.5761 2.13867
366 19.5158 3.01699 2.42188
367 24.5091 8.67958 2.49392
368 99.1078 78.4367 2.44146
369 57.0728 18.0633 1.88087
370 57.7205 26.6799 1.86249
371 81.7719 96.0582 1.7601
372 95.0697 87.0047 1.74762
373 21.2431 6.01901 2.17781
374 96.7326 1.82181 1.97147
375 22.8646 98.2335 2.35483
376 96.5266 90.5667 1.52281
377 49.0874 19.2959 2.76982
378 13.6252 88.1902 2.10748
379 24.0164 11.3316 2.40022
380 19.3993 80.2632 2.51791
381 2.56985 38.9649 -1.13917
382 5.07726 93.8211 3.14552
383 76.4852 20.8662 1.3905
384 21.3306 98.3759 2.91312
385 74.6581 31.461 1.19042
386 60.9192 39.6459 2.72644
387 3.04782 69.547 2.43872
388 31.2009 89.7656 2.67595
389 4.59886 80.836 2.1298
390 76.2277 92.4276 0.954385
391 86.1479 90.602 1.0736
392 4.13713 77.8041 2.72819
393 30.2912 95.7707 2.03727
394 5.93787 96.5988 2.8314
395 90.6142 91.7429 1.76262
396 87.5609 1.28997 0.748147
397 2.78567 98.7782 2.41889
398 53.5281 16.602 2.80111
399 49.5717 87.6082 0.949118
400 78.8809 86.6021 1.4414
401 55.9612 15.4551 2.1754
402 12.7498 73.7401 2.63442
403 1.64939 90.0474 2.17159
404 15.7301 84.0755 2.56232
405 35.6151 78.0522 2.23263
406 84.2189 74.8445 0.270485
407 15.1938 2.71078 2.56775
408 1.22767 85.3527 1.98248
409 30.2518 8.63014 2.36448
410 82.0721 88.5162 1.07605
411 97.9387 97.8438 2.42598
412 24.4798 78.9997 2.47266
413 79.6277 88.6125 1.72441
414 28.8382 94.9674 2.77945
415 79.6802 22.0845 1.25215
416 22.6388 1.2677 2.12603
417 77.342 86.3099 1.27192
418 87.6961 96.0667 1.87481
419 73.744 19.5759 1.13323
420 12.9084 86.9444 2.06209
421 84.6628 95.0369 1.77832
422 89.4402 88.9606 1.45437
423 23.798 6.55747 1.95333
424 86.5565 99.8102 1.50439
425 14.1382 97.7874 2.45407
426 34.2418 8.9697 2.41366
427 94.47 1.0842 2.48724
428 18.0499 86.9718 2.41501
429 27.574 90.7471 2.22349
430 38.0185 95.8076 1.99131
431 22.3582 97.0652 2.27462
432 83.3015 98.2941 1.85003
433 31.9794 8.97752 2.55652
434 12.8415 83.1694 2.28107
435 74.7898 31.8117 1.26894
436 44.5562 95.6025 1.46398
437 7.88785 77.8845 1.99429
438 15.752 12.6177 2.38073
439 24.5451 10.474 2.61383
440 21.364 76.097 1.8074
441 83.2208 75.7722 1.09621
442 15.1561 5.92561 2.08279
443 3.3305 66.0489 2.56355
444 22.866 95.6867 2.46866
445 95.0609 44.7948 -2.28038
446 82.4431 31.6955 1.66599
447 85.6467 79.7799 0.765838
448 95.7671 90.6239 1.25937
449 24.8107 76.4383 1.99912
450 82.1423 92.2004 1.61206
451 12.3543 76.0769 2.12369
452 95.0766 2.42287 2.87101
453 21.3311 79.3353 2.13914
454 95.1903 98.6098 2.12899
455 78.2757 21.4265 1.81273
456 75.7413 84.7022 0.936498
457 87.6831 86.761 0.916643
458 98.3044 86.3681 2.21521
459 83.6617 20.5412 1.4259
460 8.82894 80.0312 2.83586
461 65.8804 27.062 1.2553
462 25.2644 95.4666 2.65239
463 93.5245 89.505 1.12895
464 27.814 97.8374 2.05948
465 84.0062 90.7393 1.70937
466 28.961 91.9356 2.54387
467 25.7186 8.91944 2.2677
468 2.91199 78.4418 2.89352
469 47.5414 92.1268 1.19352
470 38.5651 78.0009 2.75849
471 17.7529 88.6877 2.20253
472 25.9893 96.1653 2.95695
473 21.377 0.374289 2.58084
474 11.7309 43.2893 3.252
475 86.3164 77.9914 1.02749
476 87.8994 24.5497 0.808859
477 18.2901 80.939 1.99478
478 78.077 13.5733 0.592248
479 72.6231 22.1558 1.78226
480 92.1404 81.7849 1.16829
481 27.5679 5.12052 2.0269
482 10.755 71.8413 2.24464
483 80.1157 93.2448 1.37762
484 1.88358 83.0063 2.82362
485 97.1637 70.1978 3.01539
486 23.7205 80.248 2.53706
487 29.3412 92.4848 2.57003
488 48.1293 88.4621 1.2156
489 72.6904 19.7663 1.70291
490 81.7022 28.9449 0.973408
491 18.0417 81.4091 1.89629
492 25.6912 98.4742 2.30633
493 20.1767 89.5877 2.21392
494 15.2227 76.369 2.7686
495 11.6549 87.3825 2.68225
496 4.13677 99.7674 2.49211
497 89.755 95.8904 0.973936
498 31.4959 90.005 2.09366
499 89.0559 14.9362 1.43576
