500
Particles
0 56.2168 80.1816 -1.44473
1 82.035 94.9641 1.03699
2 79.3442 0.357935 0.685792
3 5.17003 41.1332 2.85191
4 79.6414 84.5918 0.302468
5 98.5279 2.24336 1.2258
6 90.5529 93.8628 1.26673
7 39.8456 11.8735 -0.83008
8 64.5359 75.7755 -1.00951
9 66.0478 81.8654 -0.820586
10 90.4644 11.1781 1.01789
11 31.9816 94.4091 0.533232
12 89.3515 6.20666 1.09591
13 78.1365 25.1325 -2.13938
14 83.5527 85.3506 0.711503
15 98.4917 10.4972 1.77057
16 11.3719 42.7434 2.82566
17 88.3564 21.3124 -2.10509
18 84.1392 93.5939 1.10801
19 77.0381 75.6045 0.531619
20 2.73487 43.8629 3.01104
21 93.9566 90.3026 1.49393
22 87.1568 8.44613 0.520111
23 91.1568 23.8624 -2.41294
24 34.6293 66.9675 -1.40984
25 98.4446 6.39932 1.42695
26 14.969 2.73714 0.867727
27 42.6912 10.1636 -0.700182
28 51.635 82.8277 -1.59298
29 92.8067 23.0462 -2.59985
30 84.857 2.75206 1.35384
31 74.3602 62.0504 -0.532308
32 0.206364 42.6637 2.24512
33 81.0797 98.268 1.17892
34 96.9109 37.3051 -2.21557
35 48.9846 78.8762 -1.90894
36 32.8175 99.6168 0.0713926
37 91.6147 96.9961 0.42829
38 79.7643 1.9335 1.12369
39 78.745 85.4109 0.334618
40 81.0777 5.29588 0.504739
41 76.7957 28.7753 -2.50856
42 63.1173 82.2064 -1.47691
43 97.4484 17.5309 1.65752
44 83.4222 98.9196 1.14348
45 68.1671 85.678 -1.18343
46 56.9361 84.1495 -1.98019
47 81.151 9.13143 -0.030146
48 62.0971 73.5876 -1.62513
49 98.5107 1.01027 0.809089
50 70.9153 76.8673 -0.932773
51 60.5981 87.1662 -0.892542
52 84.7999 77.7572 -0.429233
53 32.9521 94.7121 0.528983
54 91.1854 16.1095 1.22291
55 50.3497 15.7357 -0.787021
56 92.1632 34.4218 -2.18317
57 23.6906 23.138 1.58014
58 89.7883 29.1487 -2.56051
59 99.4562 4.31026 0.922468
60 90.1327 97.3947 1.00883
61 61.161 78.194 -1.8047
62 52.1121 85.4716 -1.84727
63 79.9074 92.7444 0.770767
64 86.8232 97.4729 1.2656
65 61.3889 41.7299 -1.92143
66 90.6783 1.86612 1.44983
67 43.0754 71.0689 -1.00489
68 60.4958 36.6688 -1.38998
69 55.0782 89.1643 -1.83778
70 91.4708 94.6133 1.15809
71 52.6341 43.4286 -1.19672
72 87.6408 97.6246 0.678513
73 50.1626 64.227 -1.79264
74 51.1738 28.8708 -2.0471
75 51.6155 12.1389 -0.363843
76 54.5849 89.8294 -1.63203
77 86.1866 96.5149 1.17059
78 86.2207 0.652764 0.906904
79 88.1275 91.345 0.883784
80 54.0136 90.421 -1.33195
81 89.8309 100.432 1.13478
82 9.61208 68.3527 0.0596221
83 86.7086 90.0538 0.457129
84 1.11759 25.8928 0.309235
85 36.6469 79.9915 -0.33719
86 51.4928 98.31 -1.96971
87 55.6464 30.5204 -2.10724
88 85.5282 83.2332 0.933452
89 14.4793 3.37272 0.927979
90 20.0532 98.7844 -0.0599943
91 73.9404 61.1719 0.252056
92 48.4402 14.2162 -0.458351
93 90.1292 29.1014 -1.85456
94 63.1751 56.1214 -0.319423
95 53.121 83.5773 -1.47664
96 89.3796 93.6438 0.981605
97 92.6842 97.7948 1.19452
98 19.0145 2.48301 0.987301
99 4.59157 37.8371 2.8117
100 84.616 74.5079 -0.135731
101 85.9027 91.8499 0.68631
102 64.4488 76.3237 -1.48756
103 34.0984 58.0757 -1.55689
104 58.7727 80.7182 -1.82221
105 19.911 100.003 0.535148
106 91.2004 37.6961 -2.39398
107 54.7196 68.3645 -1.30286
108 61.7593 85.4271 -1.31552
109 57.6266 71.9952 -0.993181
110 83.5805 4.31848 0.73428
111 91.2644 97.0511 1.36491
112 67.6504 75.9181 -1.28193
113 84.3637 25.784 -2.51892
114 96.5412 13.9273 1.19584
115 44.0411 69.4005 -1.78893
116 91.0267 1.38054 0.78829
117 4.64048 11.2295 0.832648
118 9.47376 41.9183 2.65631
119 89.8049 28.5578 -1.88099
120 5.83669 7.19208 0.130669
121 73.0713 54.7208 -0.116006
122 63.4097 58.7213 -0.115724
123 84.2439 91.7975 0.908861
124 64.3702 36.8518 -1.59029
125 60.4723 41.6976 -1.33363
126 65.3199 63.517 -0.853122
127 63.3575 37.8674 -1.61397
128 34.2711 67.5162 -2.11169
129 58.2142 80.3287 -1.55731
130 56.8251 87.5788 -1.13292
131 89.6999 8.25893 1.25218
132 28.3887 94.4013 -0.129508
133 26.3809 98.5047 -0.134886
134 99.0791 1.26833 1.12896
135 93.9815 94.7079 1.19255
136 27.3365 3.70164 0.818401
137 94.1139 95.7434 0.928887
138 62.1533 60.919 -0.582485
139 50.0205 88.8712 -1.05665
140 64.1987 78.6632 -1.67653
141 59.1525 42.7751 -1.71652
142 88.5142 87.6298 1.25933
143 70.2601 85.4972 -1.22217
144 91.4158 98.6861 0.369163
145 53.1056 66.6132 -2.02653
146 56.681 86.4283 -1.49197
147 78.7717 97.5929 0.347668
148 57.0223 86.2961 -1.90934
149 92.1461 0.884719 0.659543
150 61.2804 81.3066 -1.49642
151 53.1536 83.7618 -1.66916
152 57.17 43.3549 -1.43425
153 58.0646 81.6706 -1.91824
154 71.6724 85.5516 -1.75872
155 28.349 1.39212 0.550894
156 65.0851 76.9784 -1.6765
157 67.6266 88.6053 -1.02214
158 4.31538 2.85228 0.817017
159 94.1009 11.2738 1.09741
160 84.3188 1.24789 1.1819
161 72.3194 59.4544 -0.475557
162 69.2456 79.5549 -1.67234
163 63.8734 33.5586 -1.43952
164 89.2649 74.9275 0.0824064
165 46.472 77.7928 -2.07537
166 59.1039 37.7352 -2.06307
167 98.2584 94.5751 1.23561
168 83.4991 94.6164 1.12434
169 99.3899 20.0627 2.04494
170 78.7298 96.4629 0.742137
171 89.8342 93.1797 1.08411
172 49.1364 68.11 -1.18438
173 64.0528 79.1801 -1.18741
174 94.7133 3.19416 1.00898
175 70.2265 63.5308 -0.337507
176 94.8657 11.4924 0.959207
177 36.313 81.5649 -0.055551
178 2.72673 31.291 0.302592
179 54.0407 82.0989 -2.04042
180 83.7313 27.5576 -2.14214
181 68.5224 81.2591 -1.62168
182 91.1428 35.7106 -2.66666
183 70.7348 0.450223 0.257347
184 99.1168 9.3837 1.89975
185 76.9473 17.6857 -2.14984
186 61.6856 57.7725 -0.486184
187 66.6504 76.745 -1.33036
188 80.5405 90.0463 1.1443
189 87.3693 1.43797 1.15756
190 89.6491 3.89256 1.4578
191 92.4345 99.2532 0.627093
192 38.2177 80.057 -0.635319
193 60.2016 75.4023 -1.28143
194 25.8559 3.82431 0.524111
195 87.1889 94.9987 1.1006
196 0.757752 1.88019 0.574136
197 53.6434 98.2751 -1.2184
198 11.7915 64.1247 0.470486
199 1.88189 3.60917 1.26702
200 95.7749 91.6103 1.18075
201 76.5846 83.3624 0.738663
202 82.4557 78.0568 0.0608119
203 62.6396 94.5231 -1.0834
204 95.6157 1.8336 0.512058
205 52.9516 67.117 -1.74267
206 18.6434 22.3732 1.56453
207 1.57488 8.45824 0.294344
208 99.4517 11.2335 1.7729
209 91.8656 8.3359 1.26525
210 87.2064 95.7773 0.491268
211 88.378 8.81928 1.37138
212 27.0565 96.6863 0.490541
213 57.4949 89.4265 -1.25656
214 82.9618 90.5277 0.782722
215 81.965 35.924 -0.919558
216 69.016 89.3421 -1.71627
217 93.4003 91.3886 1.02897
218 65.7771 91.3645 -1.57446
219 85.7135 11.3189 0.600916
220 1.71788 96.9519 0.937128
221 65.8908 89.5609 -1.11878
222 90.3314 96.5895 1.33072
223 72.6429 16.7536 -2.08447
224 5.67385 38.3401 3.04788
225 37.3465 9.28241 -0.786277
226 65.462 82.8264 -0.89429
227 64.0213 74.4169 -1.92697
228 55.1799 99.0558 -2.09492
229 66.5625 84.8485 -1.30465
230 69.3638 33.731 -1.81738
231 87.5415 97.4392 0.585864
232 74.8983 59.0758 0.304088
233 29.6625 56.3923 -0.735113
234 1.30878 4.19258 1.34976
235 91.6805 33.5342 -2.19329
236 65.8117 78.4447 -1.06114
237 88.4756 0.315787 0.630581
238 93.0116 29.4787 -2.02214
239 80.8761 88.0288 0.875561
240 89.6596 6.88524 1.54814
241 86.5559 1.44939 1.26557
242 61.8322 87.2923 -1.19029
243 94.6182 93.1449 0.559949
244 69.4543 59.4343 -0.754047
245 61.7136 87.0737 -1.21497
246 66.7869 53.0679 0.142656
247 67.2122 37.5768 -1.3187
248 84.4684 87.8611 0.795014
249 92.6582 1.17833 1.11216
250 48.9119 9.02528 -0.983595
251 83.2923 1.66288 0.615671
252 40.0108 13.7687 -0.89315
253 79.2645 16.5083 -2.20943
254 86.6467 8.00264 1.44284
255 92.0496 0.853443 0.557646
256 63.4912 86.0674 -1.71557
257 66.0593 57.0225 -0.443854
258 68.7926 77.7258 -1.43438
259 92.7104 38.7843 -2.24576
260 99.5412 1.72179 0.864551
261 84.4675 20.4241 -2.29489
262 69.6993 82.8919 -1.13333
263 31.341 83.4449 -0.53903
264 82.4646 98.1949 0.425972
265 33.1757 55.1284 -1.41291
266 40.5283 82.4789 -0.0115652
267 85.1828 97.4757 1.08354
268 83.1864 7.15414 0.671135
269 33.6066 91.5318 0.185911
270 89.2601 31.7056 -2.78057
271 92.5091 34.107 -2.32274
272 56.2065 98.96 -2.03394
273 0.200865 4.07796 1.34435
274 32.3444 82.8481 0.0403156
275 61.5966 79.6017 -1.20739
276 21.7893 1.21661 -0.0302733
277 49.8426 67.0763 -1.70252
278 80.095 94.4965 1.32662
279 65.1436 89.1472 -1.49834
280 86.8984 87.2853 1.2129
281 63.0546 62.651 -0.470889
282 90.4412 24.4167 -2.31846
283 97.1247 98.7827 1.47211
284 88.0799 1.99752 1.04675
285 90.6958 93.9173 0.403692
286 66.1247 36.7846 -2.11959
287 64.9846 54.0277 -0.235533
288 5.9434 38.838 2.94069
289 82.8788 99.0833 0.953028
290 59.8918 76.8591 -1.93475
291 82.9956 96.345 0.709871
292 99.0879 20.0175 2.1922
293 33.0291 83.0549 -0.499483
294 92.5254 17.3065 1.07845
295 40.5173 15.6088 -1.36366
296 98.8049 11.1116 1.84166
297 67.7058 81.4103 -0.871183
298 83.6047 97.5203 0.909137
299 95.6185 96.8758 1.46935
300 33.8338 78.3503 -0.654998
301 90.0184 99.7547 1.24572
302 80.4814 2.40463 0.992448
303 64.6002 71.7623 -1.64352
304 82.6182 92.1176 0.451084
305 88.9938 1.91782 0.652357
306 34.1188 2.49627 1.04667
307 85.0365 99.1884 1.05422
308 86.0421 24.7735 -2.20956
309 37.6051 84.4308 -0.206954
310 39.7486 6.70506 -1.3633
311 78.253 10.0894 -0.0969292
312 61.1769 88.0172 -1.20031
313 50.4307 83.6406 -1.36608
314 13.7594 41.8904 2.78196
315 62.4259 77.3462 -0.976382
316 95.0475 93.0315 0.580706
317 88.2423 90.237 1.28185
318 93.0164 8.80407 1.51554
319 91.7097 97.3375 1.07599
320 89.457 98.5268 0.503266
321 83.923 9.02037 0.655943
322 91.0053 96.0616 1.18613
323 87.8042 90.6015 0.628843
324 84.8662 2.68741 1.36628
325 66.1576 84.9503 -1.44205
326 2.469 36.7071 2.55509
327 48.9441 87.0511 -1.42206
328 99.7432 11.8159 1.46451
329 2.24141 41.6503 2.61566
330 53.6622 85.0751 -1.35402
331 27.9717 92.6355 0.104599
332 2.26019 41.9587 3.15092
333 8.14733 63.6747 0.0393959
334 79.252 85.064 1.11163
335 93.4703 97.0546 0.551241
336 99.0063 93.9633 1.38125
337 81.4666 87.144 0.371555
338 64.7868 82.8523 -1.71812
339 1.08426 37.1581 2.58337
340 85.8932 94.8006 1.00271
341 79.7874 91.8679 0.967916
342 84.0925 94.8306 1.1228
343 66.3442 88.4003 -1.34527
344 67.5767 74.0174 -1.51958
345 96.0111 16.453 1.40713
346 78.89 27.5764 -2.30539
347 21.1001 2.14027 -0.0343278
348 82.6614 90.0751 0.407821
349 89.2735 2.1515 0.941937
350 61.6708 85.0738 -0.933006
351 66.9892 78.519 -1.3665
352 82.4365 95.9242 1.29973
353 52.5852 25.7004 -2.64748
354 55.0693 40.7815 -2.06155
355 91.2325 11.6987 1.13407
356 3.04228 39.7792 3.15292
357 30.3592 95.023 0.581938
358 86.8961 25.0083 -2.83781
359 3.44006 8.64285 0.526025
360 72.0118 88.8792 -0.965569
361 93.8245 4.05165 0.923667
362 90.7019 93.656 0.446164
363 53.1112 95.7194 -1.9569
364 82.8206 98.2701 0.46453
365 57.2737 83.7187 -1.36478
366 94.8304 93.1627 0.707047
367 55.9941 69.6011 -1.57206
368 54.3088 84.9463 -1.58678
369 98.1734 14.4672 1.46895
370 92.6617 6.73931 1.43572
371 91.624 1.59661 1.06892
372 92.3422 16.5809 1.78788
373 82.3112 29.9442 -2.7037
374 84.9917 99.6852 1.03708
375 56.9258 82.2248 -1.27692
376 58.7703 69.2587 -1.04551
377 39.5844 64.9652 -1.28278
378 61.7148 85.8585 -1.77441
379 0.77307 98.6486 1.11401
380 65.2511 81.8519 -0.925023
381 24.2128 2.43712 0.651886
382 88.7352 93.6263 1.21572
383 13.6379 40.8128 3.28178
384 1.02839 19.9956 1.70652
385 43.0005 10.8312 -0.798846
386 34.6272 11.806 -1.23674
387 32.2888 75.7977 0.143933
388 67.6373 83.909 -1.03136
389 0.595941 4.28267 0.75382
390 83.9209 95.4947 0.509388
391 88.5055 24.9407 -1.88792
392 85.0737 4.39469 0.70803
393 67.1336 86.8685 -1.18419
394 92.2449 93.517 1.26299
395 84.8202 21.5011 -3.0679
396 83.8689 11.1616 0.107591
397 94.7803 1.07916 0.746167
398 89.2902 7.02382 1.33831
399 41.7876 68.076 -1.65593
400 83.6464 86.1931 0.906935
401 59.8272 35.731 -1.82614
402 56.2801 94.524 -1.86878
403 87.8056 92.3633 0.619955
404 21.4285 21.1097 1.90555
405 82.8639 92.7461 1.27559
406 70.4709 31.7476 -1.24746
407 92.1944 92.3411 0.924296
408 80.5487 29.8115 -2.68807
409 96.3841 95.3615 1.21344
410 81.513 87.7703 0.73347
411 97.8878 13.7024 1.04144
412 55.132 93.8317 -1.79533
413 85.8969 17.9393 -2.6039
414 63.9965 84.4469 -1.67656
415 98.2002 19.4834 1.86138
416 97.7166 8.2382 1.73066
417 87.5176 87.4415 0.736957
418 90.008 94.8145 0.533786
419 78.9819 78.4171 0.335785
420 4.6936 9.29417 0.690845
421 84.3173 93.1713 1.20729
422 90.6513 30.6239 -2.6628
423 57.5473 50.468 -0.864636
424 95.0766 12.616 1.00174
425 92.7432 90.2012 1.15556
426 46.0268 67.8227 -1.3742
427 82.8306 1.5747 1.18089
428 60.2772 84.1485 -1.65738
429 63.1996 83.5992 -1.6315
430 69.3313 59.7331 -0.100609
431 61.3039 83.2513 -0.991985
432 65.7634 76.7843 -1.66257
433 47.1157 70.3986 -1.96654
434 92.239 13.3033 1.82932
435 79.1351 96.3097 1.08761
436 68.0338 82.4795 -1.26917
437 20.0619 6.65889 0.366378
438 76.9756 84.5342 0.944858
439 48.3002 68.6276 -2.02609
440 56.7358 39.5851 -1.66778
441 87.9083 78.8835 -0.636246
442 89.5588 95.9827 0.846196
443 53.6813 40.8396 -1.81175
444 61.381 84.7645 -1.70355
445 90.9011 1.801 0.781853
446 79.4443 21.1222 -2.58794
447 68.4906 37.1457 -1.7356
448 96.7956 11.3319 1.5079
449 90.7242 100.176 0.421415
450 84.1176 91.5632 0.919471
451 52.0435 91.1207 -1.7474
452 88.1257 1.29001 0.552097
453 66.2888 80.1504 -1.05722
454 86.5167 34.5827 -2.83322
455 57.0754 35.2426 -1.82166
456 81.2531 84.8046 1.00031
457 92.6714 29.9145 -2.31649
458 5.21152 44.326 2.77578
459 57.3803 49.4034 -1.19772
460 98.6866 3.3616 1.17852
461 21.3555 99.3187 0.347245
462 63.9014 86.5978 -1.46596
463 58.9536 67.7841 -0.903878
464 64.6291 91.5094 -1.57212
465 88.4628 27.2152 -2.73463
466 68.5134 86.6484 -1.81813
467 92.99 95.6095 0.829391
468 97.3862 5.27353 1.24105
469 65.1143 81.5859 -1.39497
470 84.404 91.8528 0.882243
471 62.9818 87.3125 -1.33242
472 63.0935 88.4302 -1.15518
473 78.9937 37.0711 -1.46267
474 96.1848 10.7454 1.34799
475 75.9943 27.9713 -2.62324
476 28.4331 99.5178 0.464484
477 23.2546 25.3581 1.71574
478 72.7272 62.2449 0.0016106
479 98.564 17.553 2.03623
480 93.097 28.4787 -1.97004
481 99.8313 9.78418 1.31986
482 23.2402 0.85616 0.429118
483 86.9562 91.3928 1.08391
484 83.9585 3.71185 1.24199
485 80.6357 1.20543 0.783421
486 65.8664 79.7428 -1.77921
487 69.6421 88.3292 -1.72222
488 45 73.7192 -1.87814
489 58.9242 37.7616 -1.47738
490 41.2605 14.8872 -1.36428
491 64.9107 59.2023 -0.439626
492 61.6898 85.3835 -1.1861
493 61.0162 64.847 -1.425
494 66.6008 54.5185 0.26701
495 38.2517 70.8577 -1.31013
496 89.7687 100.137 1.17607
497 93.7975 6.89241 1.52507
498 64.8977 84.395 -1.68437
499 57.6426 47.0938 -1.47375
