500
Particles
0 17.3624 54.765 2.80609
1 53.0489 55.3755 2.55055
2 26.8018 91.2071 2.42989
3 60.9295 94.911 1.01638
4 77.8173 56.4981 2.04411
5 22.7082 47.2027 2.08016
6 34.9854 78.9367 2.02626
7 74.2184 3.18264 1.73348
8 52.5167 61.7385 2.01186
9 53.5749 65.1481 1.9585
10 40.8221 59.7874 2.48479
11 26.7336 88.3628 2.13726
12 28.9623 88.8762 2.11232
13 83.0821 47.6635 1.87121
14 81.1283 60.1137 1.44411
15 95.3948 51.5228 0.998889
16 51.2725 66.5417 2.27966
17 74.605 75.0849 0.813751
18 73.9579 65.6859 1.10404
19 61.1785 89.6311 0.940713
20 60.6506 95.6736 1.62572
21 18.2942 71.0831 2.48163
22 39.5702 71.5979 2.14615
23 83.6657 52.3772 1.81168
24 65.1483 98.8256 1.26303
25 24.5344 59.6271 1.88871
26 21.2015 40.7192 2.45091
27 12.2472 78.364 2.47186
28 26.7286 68.8844 2.21781
29 35.3185 12.8661 -1.31378
30 60.2354 8.69475 1.63372
31 35.2838 71.1264 2.30504
32 49.7086 94.0592 1.76762
33 65.8393 4.47134 1.13608
34 30.2433 62.2643 2.32692
35 72.2936 70.0092 1.16538
36 59.6262 14.8936 1.3923
37 38.9276 86.3473 2.04238
38 23.3746 63.1185 2.31586
39 79.6138 53.324 2.11739
40 32.699 60.4004 2.43865
41 76.2066 53.6562 2.10539
42 47.3703 69.4205 2.57602
43 63.0346 95.463 1.40139
44 50.996 56.9353 2.18433
45 45.9188 64.7931 1.84528
46 30.761 65.0197 2.56715
47 78.7891 94.2521 1.98645
48 37.8259 64.7844 2.71585
49 24.3814 53.3333 2.18595
50 80.5644 70.4944 0.94955
51 41.3885 72.3855 2.26746
52 67.3403 97.3993 1.55021
53 59.4227 14.4346 0.943095
54 80.4663 57.3043 2.01282
55 67.5593 91.5674 1.37874
56 83.9129 59.3247 1.82728
57 37.2362 51.3803 1.65884
58 80.6384 62.8611 1.54082
59 24.1301 60.8158 2.07884
60 80.0303 68.1848 0.831812
61 39.5848 62.0982 2.83933
62 49.2642 59.6226 1.8121
63 49.5787 48.4112 1.58153
64 28.5802 81.689 2.04422
65 73.8538 95.4628 1.7969
66 76.8455 71.2586 0.975653
67 76.5029 71.0459 0.814247
68 71.6941 92.8319 1.44064
69 44.7806 55.8519 2.4135
70 35.6594 83.3387 2.00287
71 32.2236 64.2831 2.44523
72 78.0985 67.8544 1.37215
73 41.2173 85.1741 2.28055
74 35.5846 54.144 2.48278
75 74.0061 100.41 2.08216
76 38.9543 55.0526 1.86406
77 38.4626 82.3519 2.67903
78 20.6134 33.4185 2.49481
79 81.7352 64.7044 1.1579
80 35.8803 59.418 2.46928
81 75.8744 69.1803 0.880224
82 58.3349 86.7453 1.04886
83 73.9573 61.8384 1.69161
84 69.1532 88.5361 1.62495
85 36.567 61.729 2.29119
86 36.8435 59.8247 2.39828
87 41.0563 80.8332 2.4773
88 68.9943 90.7621 1.04333
89 33.147 54.681 1.96503
90 66.1645 98.9444 1.15023
91 36.3289 73.4017 2.66653
92 39.6467 79.2486 2.26098
93 75.8618 56.7065 1.79695
94 37.7747 62.3926 2.61264
95 62.0688 90.6019 0.842326
96 20.0433 75.4619 3.11345
97 38.3912 86.1509 1.90813
98 32.8648 54.8516 1.63117
99 39.1848 78.5822 2.79954
100 67.085 97.9244 1.77952
101 77.6228 66.992 1.57811
102 41.9162 61.654 2.6582
103 29.2918 58.3482 2.35904
104 39.9361 68.5324 1.8636
105 63.834 100.342 1.20438
106 81.7883 56.9702 1.54674
107 18.2854 60.4278 2.22057
108 37.8301 69.3745 2.59354
109 91.2606 64.8986 1.61733
110 77.6778 1.47281 1.5925
111 40.5077 86.1687 2.10548
112 61.4588 94.0861 0.883142
113 35.0562 76.8205 2.03165
114 16.5896 77.8138 3.12163
115 30.2218 88.1616 2.53348
116 35.8264 49.8178 2.12605
117 31.6278 68.283 2.58239
118 55.4519 96.8744 1.93687
119 79.0163 59.5629 1.67523
120 22.889 56.4986 2.29796
121 68.8962 66.3745 1.69963
122 37.4887 65.0413 1.88216
123 67.9154 61.8503 1.82966
124 22.4319 96.1719 -1.3692
125 72.2909 90.8627 1.33387
126 48.6704 74.8605 2.24361
127 79.0844 50.7084 1.55499
128 66.4046 98.8963 1.79912
129 14.1859 79.9727 2.70503
130 24.8349 67.0466 2.30824
131 37.5455 57.3486 2.72216
132 74.7396 91.8454 1.52539
133 75.8328 94.0214 1.20805
134 23.6184 51.2223 2.25577
135 40.3683 84.2526 2.02601
136 32.8149 51.5073 2.37744
137 29.6957 82.1326 2.43735
138 39.7722 62.7206 2.79949
139 26.5034 57.4093 2.22361
140 41.5215 59.3657 2.49559
141 70.4052 92.1234 2.05019
142 77.2962 59.5422 2.10794
143 51.3342 69.3526 2.24321
144 28.2826 83.6859 2.75504
145 14.8431 81.6755 2.70834
146 21.2433 61.1901 2.43461
147 63.6891 4.86961 1.26913
148 41.1116 84.3218 2.24834
149 75.3477 69.5748 0.950043
150 44.323 63.7146 2.7072
151 56.0079 93.0551 1.01326
152 35.5385 53.558 2.58523
153 38.4769 68.6533 2.03266
154 51.1972 67.6972 2.07515
155 77.8441 95.2753 1.5547
156 57.3163 62.6474 2.2429
157 50.3116 77.8376 2.07266
158 20.9594 42.9371 2.39519
159 57.7153 75.7884 1.8219
160 63.9039 5.88403 1.58862
161 52.6941 73.6591 1.79357
162 74.4936 70.813 1.7794
163 65.5025 89.6484 1.15716
164 73.6157 97.835 1.89164
165 71.7544 67.5178 1.20766
166 67.0771 89.852 1.48268
167 43.8156 87.7477 2.42615
168 80.8376 66.4908 1.39244
169 73.3642 95.8629 1.10036
170 68.2141 52.65 1.32488
171 33.551 78.5789 2.44913
172 17.3403 57.6263 2.8679
173 42.7441 59.3549 2.43729
174 19.9841 40.6191 3.22689
175 73.3377 89.7513 1.66949
176 30.8736 17.2515 -1.15243
177 30.6746 57.8495 1.77267
178 66.2006 97.5922 1.85851
179 29.4616 71.6942 2.15457
180 34.1924 78.5374 2.13912
181 54.5893 67.113 2.28657
182 87.4259 59.7353 1.21663
183 18.2534 54.8429 2.76005
184 39.7718 78.6835 2.13456
185 73.6828 95.5429 1.85679
186 41.2893 67.6948 1.94131
187 58.2282 94.2764 1.65993
188 64.9692 57.4982 1.9569
189 23.5006 89.0536 2.44244
190 21.4444 44.2871 2.9415
191 31.8986 85.9907 2.65829
192 32.1815 50.6024 1.63471
193 41.7877 75.0954 2.7218
194 34.5739 58.4451 2.47983
195 30.1583 79.8208 2.19961
196 26.1721 55.1257 1.99973
197 35.7976 56.8527 2.38136
198 38.4467 78.8453 2.4388
199 23.2458 48.0761 2.23692
200 39.2931 81.7599 2.14354
201 36.1263 11.3892 -0.533138
202 64.4831 98.9634 1.05278
203 58.5389 77.1245 2.1719
204 20.8032 39.9878 2.76798
205 44.2162 86.6225 2.39885
206 32.5856 58.5551 2.51862
207 26.0309 63.8374 2.40661
208 63.1503 87.5639 1.03571
209 56.9554 95.9927 1.73308
210 78.9977 68.5332 1.77576
211 38.7114 65.7818 2.56176
212 75.6734 93.0519 1.30501
213 54.5457 91.2387 1.35962
214 63.528 55.9988 1.75662
215 20.8214 64.8172 2.21977
216 47.4404 70.0199 2.41049
217 28.2605 76.3275 2.96596
218 78.3998 87.9983 1.56981
219 76.9387 75.7805 1.43897
220 39.8911 85.4324 2.63068
221 43.4897 75.0176 1.99824
222 38.9832 86.0173 2.63007
223 67.9982 1.80731 1.69596
224 60.2672 95.9759 1.28407
225 31.0197 89.6671 2.5935
226 51.3286 64.9021 1.98803
227 39.9709 67.8983 2.05909
228 38.9722 60.4764 2.65911
229 39.1763 59.2593 2.66385
230 83.3379 49.6773 1.74381
231 82.3705 66.761 1.03374
232 39.6432 76.2703 2.00895
233 33.0367 64.3243 2.70588
234 25.5468 56.4969 2.02293
235 83.6547 56.6091 1.30455
236 50.1595 63.2618 2.09119
237 26.7722 91.4052 2.31107
238 84.53 58.5983 1.95303
239 77.2892 59.0901 1.68253
240 24.9681 83.6725 2.59827
241 52.8402 60.7839 1.95879
242 46.2525 73.9251 2.28418
243 39.8437 81.3617 2.71592
244 54.4586 74.6734 1.8068
245 41.3516 71.6486 2.2478
246 38.9244 61.2899 2.81577
247 71.2937 31.548 1.04542
248 77.7097 59.6221 1.7419
249 33.5248 52.3433 1.74093
250 10.4396 77.9379 2.84038
251 18.9003 86.0773 2.43474
252 69.7633 1.99621 1.03908
253 60.1448 97.2303 1.16069
254 39.4926 59.2481 2.35676
255 75.8738 69.1306 0.838032
256 45.5356 71.6611 1.95447
257 38.9321 61.365 2.85351
258 57.912 66.7747 1.75695
259 85.6473 58.137 1.82123
260 22.7266 45.449 2.19023
261 79.4707 61.1817 1.58341
262 45.7522 65.9122 2.21237
263 37.6186 74.3445 1.99957
264 62.501 5.21982 1.23742
265 36.3038 57.6258 2.02421
266 29.1766 54.4763 2.58105
267 25.3367 81.9892 1.99655
268 26.4885 60.0062 2.55549
269 11.0218 80.2857 2.54057
270 82.6156 62.5921 1.70664
271 87.2675 60.7553 1.31976
272 49.808 90.4952 1.88941
273 28.1269 59.0321 1.86745
274 34.9422 68.4779 2.20878
275 37.9778 58.8203 2.30172
276 28.5619 52.0388 1.86082
277 37.1985 77.3951 2.25171
278 46.0428 49.9301 1.3978
279 46.1371 74.4914 1.73512
280 84.5264 63.0092 1.77551
281 39.1541 64.6822 2.67053
282 81.3433 59.2989 1.4518
283 45.4328 93.4732 2.25477
284 44.4488 53.7602 2.72115
285 36.4927 82.3563 2.34192
286 73.1407 52.2009 1.1931
287 36.0475 61.0651 2.32977
288 64.2194 91.3035 1.8129
289 46.1917 56.4893 2.1516
290 34.6611 65.9199 2.04424
291 57.4247 58.5322 2.49398
292 72.3396 95.0317 1.77222
293 31.9842 66.9389 1.83787
294 86.4592 58.4105 1.17809
295 13.8031 73.6955 3.13071
296 42.4199 80.2128 2.18298
297 48.1175 65.8622 2.0171
298 59.2096 60.7437 1.54992
299 38.4354 86.9466 2.68979
300 33.0292 59.5355 2.78678
301 78.7823 69.3866 1.62525
302 22.2376 56.2524 2.43458
303 38.6209 62.7655 2.5979
304 50.3856 50.059 1.53087
305 24.168 88.8846 2.70845
306 62.0321 1.25226 1.22464
307 25.3844 88.9968 2.42292
308 79.4256 63.4954 1.68281
309 33.7066 69.4202 1.99686
310 64.479 2.70332 1.61385
311 87.3642 54.241 1.39343
312 39.8518 71.2681 2.02277
313 59.4329 91.9447 1.03237
314 76.7355 74.4741 1.71543
315 38.9298 66.2963 1.91056
316 39.2527 79.4301 2.48481
317 81.928 64.5685 0.957041
318 29.631 88.6493 2.22994
319 38.067 87.16 2.33809
320 37.9166 84.9139 2.19871
321 75.189 73.3491 1.55237
322 40.9608 82.9565 2.1524
323 79.2066 65.0593 1.90897
324 40.9285 12.203 1.87884
325 47.5772 69.9544 2.51303
326 37.5186 57.9005 2.47313
327 34.4157 63.1865 2.57607
328 44.7681 81.9205 1.93845
329 63.4782 91.7952 1.77703
330 58.0196 90.9088 1.3445
331 70.1753 4.89379 0.82851
332 59.3406 92.1675 1.14019
333 40.1076 80.077 1.95867
334 78.3884 55.3207 1.2635
335 32.893 86.4244 2.81318
336 41.3896 84.5793 2.49538
337 79.0253 57.3053 1.94338
338 43.313 67.445 2.15878
339 38.0337 62.5392 2.32904
340 4.15312 62.8592 2.68871
341 75.6072 62.6444 2.00369
342 77.104 65.8342 1.82257
343 47.9841 73.2137 2.25439
344 41.5257 63.9892 2.36566
345 67.3695 95.6565 1.70972
346 75.946 53.883 1.72735
347 23.1243 45.5659 2.8161
348 67.1042 58.0256 2.28048
349 20.4947 35.779 2.52768
350 41.1789 70.3506 1.83198
351 54.4554 62.728 2.16868
352 52.5762 56.6658 2.08292
353 67.8247 100.435 2.04944
354 31.6032 53.1941 2.29239
355 40.9609 56.5615 2.37652
356 42.3038 82.2073 2.22362
357 77.2486 97.2927 1.79861
358 83.8541 63.886 1.28157
359 26.2427 61.3476 2.17449
360 72.2395 75.7474 0.849734
361 21.6236 51.8679 2.30163
362 22.0922 77.7942 3.04794
363 37.8677 59.6412 2.09323
364 66.3901 5.68544 1.50439
365 37.9712 72.4455 1.86179
366 37.893 80.9389 2.03921
367 41.147 85.3836 2.65629
368 19.211 58.4709 2.39601
369 61.817 90.7934 0.805067
370 59.8489 98.2989 1.35832
371 75.0229 68.5073 1.24659
372 89.8306 59.3618 1.87297
373 38.8958 83.4291 2.634
374 20.0716 85.9611 2.60296
375 41.1711 76.4544 1.88488
376 93.1294 62.6911 1.57823
377 52.147 92.2516 1.38113
378 33.6902 68.0036 2.71164
379 41.0828 88.5868 1.91902
380 41.0669 61.7592 2.20965
381 24.7063 40.8986 2.84077
382 29.0742 78.8216 2.84322
383 67.8346 93.5211 1.57178
384 40.8572 77.4519 1.85283
385 68.108 4.0419 1.40347
386 61.214 13.2395 1.17768
387 25.2065 52.1427 2.58698
388 47.4763 66.3702 2.34939
389 23.5876 59.0667 2.58617
390 72.7179 64.1445 1.87157
391 81.1457 62.5768 1.8231
392 23.1146 56.308 1.85352
393 46.474 72.8809 2.12382
394 29.2942 81.2907 2.80746
395 82.3331 64.6211 1.63095
396 76.9162 74.5676 0.99985
397 27.6068 85.6214 2.49123
398 59.2192 90.8392 0.817028
399 55.7513 60.4517 1.66278
400 75.8115 58.1378 1.58762
401 60.1337 89.9595 0.87079
402 32.858 53.1698 1.68938
403 20.7858 70.5713 3.46321
404 36.0715 63.8783 2.22379
405 51.9798 55.665 2.44868
406 82.903 47.4158 1.59728
407 32.3758 80.1966 2.79744
408 18.7056 62.7394 2.37246
409 46.4467 85.0796 1.86132
410 78.3875 60.4864 1.55156
411 20.2358 81.2924 2.01357
412 45.5658 59.5799 2.49898
413 77.2605 60.27 2.06015
414 45.3988 72.0582 1.79289
415 69.8071 95.1736 1.4216
416 41.7217 79.583 2.19888
417 74.7257 57.7596 1.86785
418 80.403 68.1267 1.73281
419 65.3244 92.5574 1.79387
420 32.2811 66.0706 2.1231
421 77.415 67.2732 1.60351
422 83.1691 61.3937 1.43346
423 40.5996 83.1345 2.46729
424 79.3699 72.0127 1.6825
425 33.1444 76.5696 2.62423
426 46.2994 91.2879 1.63854
427 18.2316 86.6078 2.34502
428 38.6397 67.1295 2.5482
429 45.0122 68.1268 2.47316
430 50.4061 69.7259 2.3273
431 40.2634 75.115 2.57159
432 74.7116 70.6375 1.74592
433 46.4207 89.0326 2.12579
434 31.4929 61.5989 2.42184
435 70.1513 4.28792 1.36532
436 54.2966 69.0722 2.35905
437 27.0401 56.4138 1.90657
438 33.2775 14.1415 -0.331713
439 40.3183 86.6299 2.43894
440 42.6376 56.6883 1.9882
441 80.2992 47.7237 1.46135
442 32.2582 83.1768 2.67184
443 26.7771 49.4415 2.83417
444 40.94 73.6499 2.58591
445 20.982 43.9966 3.0097
446 76.9308 3.78079 1.20717
447 80.5711 52.0018 1.16903
448 97.714 63.1752 2.14297
449 44.5255 55.2759 2.72521
450 77.1974 64.2884 1.80053
451 32.6016 55.7156 2.5272
452 19.3241 87.287 2.51376
453 42.3439 60.158 2.65705
454 15.1392 80.6934 3.12085
455 70.8384 93.8063 1.06422
456 72.4303 56.72 1.74668
457 83.4227 58.5026 1.45625
458 0.193171 60.708 2.99358
459 74.4381 93.2884 1.84163
460 28.0153 58.9845 1.79783
461 63.4601 98.6513 2.01426
462 43.1055 73.8865 2.21572
463 87.7368 61.7951 1.03631
464 43.9395 74.6762 1.7616
465 79.0998 62.8089 1.33805
466 44.7289 67.7355 2.42002
467 41.6816 85.257 2.11739
468 23.1081 58.1778 2.65889
469 54.5908 64.4688 2.15577
470 55.8289 55.6522 2.32297
471 37.8724 68.3815 1.7877
472 43.9695 74.2508 2.04603
473 39.6729 78.8107 2.32879
474 24.7979 24.9213 1.1447
475 82.18 50.1418 1.90128
476 79.7359 98.0478 1.0706
477 39.3955 61.5127 2.4017
478 69.8552 86.7315 0.979889
479 67.8741 93.9296 1.31811
480 94.9698 54.2482 1.10296
481 42.6389 80.5672 2.82995
482 31.7542 52.0538 2.26306
483 75.9535 64.7001 1.89771
484 21.6898 62.1695 2.03286
485 19.6182 52.7726 2.30923
486 45.4427 61.1632 2.74078
487 46.0879 69.2475 2.43137
488 53.4757 60.7052 2.07253
489 66.4404 91.8014 1.54001
490 73.2186 1.35234 1.15512
491 38.1081 60.9486 2.57453
492 43.6321 76.1966 1.82103
493 39.0354 68.4945 2.65247
494 37.6557 58.7106 2.29008
495 30.7125 66.5952 2.48373
496 28.7748 86.1156 2.25035
497 81.1509 68.5382 1.27369
498 47.9467 66.3692 1.90032
499 77.1697 89.9963 1.49437
