500
Particles
0 27.0487 7.43247 -0.725837
1 53.7577 80.2853 -1.31584
2 81.7719 27.6332 -2.83212
3 4.43659 8.52577 -0.213649
4 53.1679 72.1916 -1.06279
5 80.2967 62.2139 0.996396
6 94.6168 68.0906 -2.47873
7 44.652 54.4808 -0.881739
8 74.0307 18.3891 -1.93749
9 69.9001 25.5176 -1.65438
10 71.174 71.4619 0.177358
11 90.3759 80.4659 -0.0310388
12 67.6444 69.6313 -0.395857
13 10.4644 45.199 2.62929
14 57.9184 52.0998 1.13096
15 79.7133 70.5505 1.0392
16 5.88093 9.12103 -0.236365
17 27.2916 39.2913 3.02398
18 57.7392 69.4802 -0.82183
19 50.5748 88.0443 -1.19441
20 31.5024 64.2014 -1.50872
21 97.2066 70.3231 -2.69635
22 63.9814 85.5873 -1.04665
23 30.3519 43.9033 3.23048
24 22.2507 95.9857 -2.08246
25 89.7174 68.8343 -1.80914
26 83.76 73.9438 0.566783
27 47.5769 52.0463 -1.41061
28 23.2641 10.4332 -0.749138
29 6.24831 11.815 -0.111827
30 74.0232 98.9743 -1.43265
31 53.4917 98.0102 -1.19257
32 30.8776 60.2397 -1.26052
33 81.6026 22.1574 -2.12249
34 27.4459 61.9955 -1.98777
35 24.367 7.66168 0.142506
36 3.3477 87.3693 -2.8245
37 68.4372 59.5984 1.15906
38 86.3373 24.2199 -2.93643
39 52.8272 88.6533 -1.37092
40 85.8322 27.6912 -3.1011
41 12.8615 48.2023 2.42199
42 68.16 26.3266 -1.59632
43 78.486 78.4392 0.308814
44 57.6476 94.8641 -1.6548
45 68.8532 30.4125 -1.43939
46 27.9127 12.3426 0.124711
47 0.0291914 95.0609 -3.05142
48 70.8826 17.2626 -2.15119
49 88.2093 64.477 -2.64612
50 79.2868 19.2732 -2.4469
51 29.8009 15.3223 -0.538272
52 94.1101 63.6191 -2.66932
53 6.51181 88.2712 -3.02221
54 74.75 75.0579 0.371462
55 51.937 53.9773 -1.31383
56 27.4992 59.3683 -1.82775
57 94.296 4.30793 0.603652
58 29.424 50.7917 -2.0706
59 91.9836 70.6099 -2.42614
60 67.1938 60.0627 0.113561
61 67.5553 21.6626 -1.99887
62 23.5697 12.4406 -0.602069
63 53.108 79.459 -0.825019
64 56.7725 79.7354 -1.16567
65 97.8561 56.6206 -3.23806
66 63.2918 72.1357 -1.07849
67 30.2167 1.5663 -2.17974
68 97.0274 54.7553 2.5862
69 26.4131 15.6124 -0.667771
70 93.6284 70.0689 -1.93067
71 28.6494 76.6944 -1.04813
72 60.2468 70.4995 -0.864294
73 55.6132 8.11023 -1.50359
74 88.2729 50.3514 2.9565
75 14.2168 25.1265 -0.257109
76 23.3863 16.966 -0.963527
77 60.4491 68.0289 -1.04436
78 60.8734 90.6035 -1.02927
79 73.7884 50.1685 2.28936
80 22.5083 14.5896 -0.433251
81 66.8636 63.1558 0.362656
82 22.5665 63.0368 -1.80448
83 57.5616 64.708 -0.683356
84 32.1539 39.2658 2.83389
85 8.84972 66.2385 2.58571
86 17.6793 21.9883 -0.926502
87 96.0999 46.275 2.96797
88 93.6473 62.0233 -2.52876
89 82.8511 74.478 0.756643
90 85.2646 73.1025 0.32831
91 52.862 96.7677 -1.21911
92 50.9131 53.3961 -1.54143
93 27.8065 51.8838 -1.54654
94 30.9385 82.5014 -1.43176
95 24.0805 10.8266 -0.603934
96 71.839 53.2559 1.71184
97 71.7318 59.1498 0.990607
98 83.362 75.9287 1.14133
99 0.525012 5.69504 0.34622
100 94.939 62.1162 -2.83279
101 60.681 58.1042 0.864857
102 74.6852 19.4489 -2.1782
103 4.51874 76.1151 2.39981
104 29.9155 8.51593 -0.269023
105 85.163 73.4794 1.02029
106 26.7176 62.3468 -1.82812
107 58.2551 12.7243 -1.72508
108 35.7955 15.7552 -0.419635
109 67.5977 14.8167 -2.38564
110 75.5694 1.85987 -1.42533
111 72.8793 57.2123 1.26202
112 80.0188 18.0618 -2.59725
113 23.9163 45.9418 2.65207
114 78.4864 73.3625 0.910263
115 49.4399 10.3099 -1.63423
116 67.4736 65.3562 0.381183
117 81.2946 75.1152 0.537963
118 6.59337 8.21621 -0.153029
119 28.7445 50.0439 -2.26129
120 83.9927 68.9449 1.06205
121 45.1933 87.5955 -1.32712
122 30.0654 81.7235 -1.29657
123 59.8767 63.4255 -0.655236
124 0.257352 53.5643 2.88696
125 94.1896 60.0685 -2.69501
126 55.2126 4.18579 -1.01584
127 98.6949 59.2907 -3.40639
128 19.9145 95.5972 -2.47189
129 30.4686 8.23912 -0.441852
130 27.4457 16.1285 -0.545713
131 69.1062 69.7708 0.333545
132 87.7717 78.2323 0.481958
133 87.0664 78.4946 0.697467
134 94.5012 73.4162 -2.37279
135 97.4841 71.6594 -2.08933
136 2.3252 91.2145 -3.47202
137 97.7221 73.455 -2.06718
138 36.6383 89.8016 -1.36608
139 18.3085 14.7004 -0.707337
140 74.4781 21.1409 -1.67692
141 93.6657 61.5409 -2.12054
142 93.9903 65.2553 -1.96979
143 73.8724 28.9665 -1.45475
144 71.7125 59.331 1.26826
145 59.2073 10.7662 -1.9299
146 25.6407 13.5776 -0.40605
147 83.3674 23.9328 -3.11001
148 26.6318 12.1689 0.065405
149 72.0347 61.4412 0.855495
150 37.8337 11.4117 -0.0619611
151 22.5872 10.6679 -0.437767
152 46.647 82.9624 -0.773797
153 27.975 8.71318 -0.0919249
154 75.4725 28.7091 -1.7203
155 88.18 85.4887 -0.042563
156 72.4736 21.0303 -1.42673
157 63.916 32.9243 -1.04313
158 94.7451 80.4035 -2.0445
159 72.3917 72.2781 0.801982
160 60.2867 0.0832598 -1.74049
161 44.7873 91.9708 -1.31377
162 77.8466 21.9645 -2.00196
163 0.0480041 49.6036 2.62609
164 100.297 63.6631 0.0289341
165 23.0464 7.63169 -0.387218
166 95.5636 53.3701 3.42991
167 99.5292 73.6656 2.6859
168 56.3722 77.8822 -0.617647
169 81.7204 98.7958 -1.37562
170 80.4541 21.2495 -2.54385
171 74.8044 52.1952 2.0458
172 54.4959 11.5509 -1.85918
173 72.2013 22.1349 -1.80291
174 75.3034 63.2567 0.978344
175 51.7645 1.3309 -1.08388
176 76.9184 70.8825 0.37747
177 8.44174 66.9771 2.77199
178 33.3268 47.9393 2.33736
179 24.191 9.99602 -0.558315
180 21.6823 48.3617 2.81345
181 75.9433 24.4191 -1.36317
182 29.9981 55.4356 -1.55201
183 61.1679 34.8177 -0.366691
184 83.7206 68.0908 1.05883
185 12.3252 35.0144 -2.02914
186 30.1693 83.1956 -1.42511
187 78.5022 18.5573 -2.13743
188 52.2093 76.9123 -0.815144
189 62.9657 94.3597 -1.59845
190 64.4076 70.7462 -0.846244
191 74.8289 58.7274 0.607082
192 16.332 94.6607 -2.93248
193 66.8927 19.171 -2.05231
194 87.7333 92.3738 -1.4158
195 60.6696 67.0688 -1.04739
196 95.5755 75.7613 -2.08751
197 18.9603 20.0955 -0.677459
198 26.6356 67.7304 -1.6437
199 97.5598 77.7577 -2.91551
200 98.5209 70.4509 -2.30518
201 50.3494 87.9299 -0.654914
202 53.6773 67.4171 -0.631646
203 32.1022 18.2739 0.0486372
204 82.4317 59.9393 1.43068
205 59.2803 11.2412 -1.81927
206 93.8001 13.3404 -2.63136
207 91.1993 72.5257 -2.41263
208 80.9698 71.3708 1.26741
209 72.5132 69.1458 0.720117
210 65.3925 58.5362 0.472819
211 66.2257 75.2571 -1.47294
212 86.6324 79.2236 0.121335
213 25.7993 14.6532 0.087601
214 58.2973 61.7563 -1.18878
215 17.8708 52.5303 -2.40831
216 71.7774 33.9422 -1.62294
217 97.4076 69.8861 -2.36195
218 59.9125 32.1402 -1.15646
219 15.5811 31.1579 -1.63446
220 4.53202 63.7726 3.36245
221 37.1455 18.764 -0.210042
222 67.2317 60.0577 1.03253
223 92.211 18.4157 -2.88936
224 3.84076 6.38842 0.070508
225 41.0616 51.692 -1.58729
226 67.8539 26.9242 -1.86393
227 74.26 17.8817 -2.32556
228 22.1198 20.8296 -0.364101
229 39.4277 15.6638 -0.0260951
230 6.6219 48.3474 2.84735
231 62.84 64.2958 -0.73463
232 48.8622 92.6296 -1.13969
233 10.2316 52.8074 2.32816
234 93.8095 74.5507 -2.04896
235 27.4629 58.1348 -1.22054
236 76.1586 20.8666 -2.42106
237 61.7603 92.2488 -1.14114
238 32.6173 50.1386 3.00382
239 53.3832 74.5111 -1.10912
240 72.8703 65.8279 0.45479
241 59.6814 81.3473 -0.533663
242 31.3349 15.2734 -0.641835
243 97.5512 71.2202 -2.41369
244 40.0438 86.9111 -1.19397
245 32.2729 14.6363 0.042029
246 37.6793 81.281 -0.962984
247 1.61918 56.875 2.20733
248 62.1764 51.3879 0.787407
249 76.1514 59.6965 1.09241
250 13.4301 23.5964 -0.868611
251 88.1932 18.7776 -2.39949
252 40.3195 56.6215 -1.46583
253 16.3298 34.1835 -1.93115
254 66.7945 97.2647 -0.813519
255 69.8581 62.8434 0.74819
256 34.9067 15.018 -0.252014
257 34.245 82.6259 -0.922028
258 78.6029 20.1833 -1.95158
259 27.9928 63.2417 -1.50047
260 97.1973 76.3309 -2.17758
261 22.6781 42.873 2.93861
262 73.381 26.8135 -1.40789
263 4.08987 66.5156 2.85281
264 74.8619 9.53124 -2.57882
265 10.5725 53.5564 2.09021
266 12.4921 2.20924 0.663396
267 58.3424 79.7766 -1.38742
268 75.0698 97.3574 -1.20584
269 97.039 82.1072 -2.50453
270 27.0802 54.6069 -1.81991
271 28.7259 58.1212 -1.04149
272 22.1561 20.3172 -0.581755
273 94.8139 74.8898 -2.03762
274 0.753193 79.1258 -2.68099
275 40.287 12.0234 -0.11411
276 86.1218 74.9929 0.125974
277 56.8442 10.6779 -1.42764
278 81.8363 15.8093 -2.78305
279 39.5451 21.04 -0.543951
280 72.1931 46.4608 1.66334
281 55.1031 4.29368 -1.68843
282 30.005 42.3511 2.77636
283 97.1747 75.3128 -1.85783
284 60.3562 82.4806 -1.14636
285 76.9367 51.8249 2.54118
286 1.32051 53.2097 2.21238
287 35.0734 83.2624 -0.932402
288 2.29631 6.7515 -0.398314
289 87.4549 14.5578 -2.70564
290 69.5827 19.4725 -2.15795
291 53.8605 83.8572 -1.1552
292 79.9941 96.4548 -0.981786
293 4.96401 70.1751 2.55114
294 76.5833 76.6246 0.284245
295 42.5324 58.6293 -1.13174
296 81.5931 70.5019 0.519711
297 71.7551 24.929 -1.32975
298 56.8108 98.442 -1.31098
299 92.3564 69.0742 -2.4508
300 6.47844 63.4155 3.31002
301 67.0553 62.4203 0.104192
302 84.5208 26.5433 -3.08068
303 74.8104 15.38 -2.17331
304 56.754 75.6623 -0.943654
305 63.5168 69.8665 -1.05134
306 5.48257 94.5986 -3.01169
307 59.4843 96.353 -1.3155
308 25.3688 46.5553 -2.89173
309 7.6026 2.37148 -0.114097
310 44.1999 48.4996 -1.37881
311 98.5647 96.5041 2.67419
312 28.9896 13.4876 -0.590399
313 19.2804 11.5162 -0.527753
314 8.56224 8.98628 0.39644
315 72.4538 20.1515 -2.06997
316 96.4129 69.9069 -2.28905
317 92.0246 64.258 -1.95642
318 74.8569 69.0902 1.15431
319 79.0897 54.9378 1.44864
320 64.4241 64.2513 0.0978219
321 0.220904 93.1834 -3.46171
322 72.4361 56.4931 1.25893
323 74.7342 49.4071 2.19787
324 60.6732 1.7566 -1.03144
325 64.8507 29.1952 -0.922753
326 98.1036 6.08954 0.423646
327 17.2116 13.9725 -0.42008
328 81.0322 71.4848 1.09166
329 29.8899 61.8913 -1.94992
330 25.3378 14.0816 -0.688951
331 88.1014 76.3006 0.562899
332 31.2577 61.6085 -1.48934
333 20.9153 49.9862 -3.23387
334 49.2302 79.5841 -1.10618
335 77.3936 56.2172 1.36848
336 0.775781 72.4088 3.33095
337 54.5582 71.3586 -0.831714
338 68.784 27.7018 -1.38601
339 97.8804 7.68147 0.352033
340 61.9766 65.1216 -0.589014
341 72.1635 7.85599 -2.63041
342 60.4724 65.8918 -1.23329
343 38.9561 19.1522 0.0832757
344 76.5674 17.4012 -2.14835
345 79.5149 75.5503 1.28364
346 12.9189 47.9921 3.10386
347 85.0088 76.2473 0.560141
348 55.8457 72.7638 -1.16999
349 63.9863 71.5251 -1.32378
350 33.2658 12.0317 0.200566
351 72.4996 22.099 -1.24095
352 56.9722 93.5556 -1.19947
353 87.6471 49.719 2.62199
354 91.1009 56.3705 -2.69999
355 74.2593 71.1941 0.906107
356 2.56452 9.75923 -0.282989
357 88.7546 79.8591 0.58682
358 26.1052 45.8575 3.42091
359 81.5421 69.7717 0.785877
360 75.9355 31.6904 -1.87958
361 76.0004 63.317 1.50234
362 72.1345 54.2614 1.45429
363 20.2409 18.9405 -0.778172
364 85.3061 15.5377 -2.55685
365 27.6989 11.5833 0.123983
366 97.2173 72.3017 -2.03184
367 61.8619 13.2562 -1.59579
368 25.3808 13.2925 0.00192769
369 79.0386 74.8306 0.790857
370 75.1388 66.1773 1.35354
371 68.7519 64.4829 0.687033
372 75.0456 75.7394 1.0659
373 17.4127 48.8526 3.47343
374 57.8645 1.22534 -1.18922
375 28.4019 11.5918 -0.677676
376 71.4659 10.2951 -1.68535
377 26.0596 95.5185 -1.97146
378 31.8398 13.9716 -0.435945
379 99.6615 77.5434 -2.14585
380 73.7 25.1215 -1.28489
381 85.1276 82.1028 0.679611
382 67.3887 55.45 1.04053
383 6.52472 8.69784 0.11185
384 91.9803 13.6805 -2.75684
385 44.388 53.7677 -1.41729
386 37.7182 53.8636 -1.51976
387 5.70478 60.1536 -3.45108
388 66.8483 28.2376 -1.86571
389 81.9798 64.2683 0.504341
390 57.4785 75.2784 -1.11093
391 27.6797 45.8193 3.20455
392 64.2777 2.59199 -0.890845
393 61.5299 29.281 -1.17648
394 96.9373 70.053 -2.39142
395 22.6946 44.4713 3.02323
396 4.71784 14.8311 0.318245
397 77.93 59.7711 1.82086
398 69.4815 67.9965 -0.199362
399 31.774 98.3658 -1.81188
400 87.2286 56.8534 -3.06781
401 97.3098 49.3092 2.78733
402 22.2435 17.3641 -0.199756
403 64.9789 55.2515 0.286126
404 92.1639 1.41445 -0.233002
405 54.7224 77.2401 -1.03474
406 5.99929 46.6882 2.5344
407 94.9427 68.3369 -1.99876
408 16.3482 47.9412 2.6766
409 97.9321 73.0434 -2.4567
410 51.8542 76.8078 -1.472
411 79.2034 73.5493 0.613526
412 22.0454 17.2149 -0.0467393
413 18.524 35.2049 -2.85898
414 36.9244 14.2137 -0.49718
415 83.9509 94.1945 -0.773188
416 86.5047 66.6642 0.932514
417 94.1183 64.4515 -2.50067
418 68.3282 57.3598 0.858802
419 51.6052 85.9941 -1.12441
420 82.9563 71.0838 1.07243
421 57.5931 70.7873 -0.708028
422 29.1463 53.8907 -1.18549
423 27.5381 79.5992 -1.13163
424 77.0563 72.2052 0.770082
425 94.8478 67.592 -2.49673
426 51.7013 9.55849 -2.02621
427 60.2446 4.78305 -0.929616
428 31.4961 12.6377 -0.0417006
429 35.7306 11.9384 -0.38867
430 39.9529 86.8569 -1.47561
431 33.8562 10.9682 0.289875
432 77.5862 18.9173 -2.40413
433 52.6445 11.0774 -1.79456
434 75.7432 73.159 0.943028
435 83.2583 18.6632 -2.23034
436 70.4674 26.9067 -1.60939
437 84.5566 90.2546 -0.781398
438 50.6322 89.3859 -1.05305
439 55.6975 11.5968 -1.49181
440 91.2332 58.2166 -2.53995
441 96.898 64.283 -2.17894
442 70.6806 56.449 1.07717
443 53.4545 67.3693 -1.33654
444 31.1071 10.7257 0.0901037
445 71.2931 62.4088 0.837315
446 17.9854 38.4192 -2.86062
447 1.77261 54.0016 2.2733
448 80.465 70.1216 0.81369
449 70.6593 60.6879 1.24441
450 56.2334 75.5384 -1.19556
451 20.655 15.4959 -0.454978
452 63.1722 68.6167 -0.704741
453 76.3891 23.0463 -1.9881
454 23.6786 57.4824 -1.88415
455 94.7298 49.4903 3.22532
456 53.2034 71.7919 -0.943963
457 33.5086 46.5145 2.32727
458 32.026 64.284 -1.95831
459 28.5847 79.1233 -1.23885
460 87.1873 64.9423 1.01522
461 83.6229 76.1458 0.396351
462 35.009 13.7209 0.018043
463 63.8668 11.4707 -1.98601
464 36.5254 21.0659 -0.367982
465 27.1808 49.1611 -3.12595
466 70.2565 30.95 -1.08883
467 94.3885 70.469 -2.45003
468 89.0135 67.9608 -1.79639
469 71.907 25.7486 -1.60096
470 57.2608 69.5615 -0.550347
471 35.4829 17.1479 -0.187869
472 34.9782 17.2043 -0.802066
473 4.94293 54.2829 2.43317
474 78.3646 70.0495 1.032
475 9.65942 48.2096 2.45406
476 86.6121 84.3352 0.116988
477 93.3325 7.95125 0.288064
478 54.4422 99.3579 -1.30423
479 80.6742 81.6734 0.722159
480 33.0208 47.2345 3.20821
481 83.5302 67.7205 0.619352
482 85.1401 79.2044 0.435437
483 72.2752 50.2411 1.94674
484 74.911 95.1158 -1.88248
485 86.9874 22.7134 -3.25915
486 71.3202 23.6652 -1.11383
487 68.5421 32.1881 -1.64952
488 22.9301 5.78861 -0.778027
489 95.5353 51.454 2.7702
490 42.8239 57.3462 -1.18994
491 35.2347 85.3252 -1.30476
492 35.2722 16.1692 -0.75045
493 58.9218 7.91947 -1.96575
494 37.8757 82.8659 -0.949252
495 25.4988 98.2203 -1.38432
496 67.1859 63.5175 0.110123
497 75.9762 66.086 1.25292
498 39.0557 15.5968 -0.220814
499 30.9145 76.9907 -0.196936
