500
Particles
0 48.5614 28.3509 2.84458
1 88.589 7.88682 1.9289
2 71.625 73.4925 1.78471
3 61.2905 96.2787 1.06545
4 53.9718 51.1944 1.68982
5 89.58 5.42926 1.44463
6 68.5228 56.4121 1.83948
7 67.2891 3.64298 1.50046
8 41.5438 56.7348 1.88863
9 29.1844 3.42033 1.19109
10 68.744 33.9591 2.38459
11 64.7653 64.0083 1.91916
12 74.2279 72.1918 2.54636
13 48.6515 32.9307 2.97327
14 56.5435 54.2698 2.69012
15 50.5934 37.2436 2.20754
16 87.2268 45.0666 2.21734
17 60.1285 69.1609 2.25428
18 56.1975 62.7737 2.33205
19 24.5392 82.1833 2.47358
20 61.405 97.4482 1.23839
21 66.1281 54.1802 2.01126
22 67.6928 44.8795 2.54082
23 49.7449 41.2199 2.61625
24 63.8732 99.5054 1.01472
25 57.3151 38.3866 1.81343
26 94.7756 99.8836 1.06473
27 64.6672 62.2869 1.91886
28 65.4352 51.3388 1.91111
29 75.0382 70.7687 1.57579
30 50.6052 99.6877 0.957277
31 64.3834 46.2797 2.10945
32 17.4275 87.8221 2.38994
33 59.3843 6.31874 1.72981
34 58.3487 35.8633 2.22217
35 52.0323 64.1759 2.14466
36 55.2612 7.73369 1.65306
37 77.3396 67.6896 1.57134
38 58.8859 43.3597 2.15329
39 52.171 43.7489 1.86917
40 61.096 34.8327 1.89532
41 48.5093 41.4802 2.93697
42 69.8482 34.8513 2.61658
43 62.1979 97.2781 1.15753
44 90.4442 9.90995 1.91482
45 74.8651 38.8197 2.26076
46 59.0305 38.9254 2.41063
47 90.8195 95.5011 1.14514
48 65.0244 37.5309 2.55831
49 54.1715 26.6763 2.02809
50 61.8112 65.6339 1.95425
51 72.2402 48.1053 2.25349
52 61.0374 99.3592 1.29085
53 55.9884 7.65303 0.922569
54 56.5984 51.0613 2.57583
55 71.506 93.2644 2.19515
56 58.5675 53.6532 2.18319
57 69.3258 28.0264 2.46947
58 58.8755 56.9076 2.3556
59 54.3024 36.7548 1.90699
60 60.8802 61.76 2.16477
61 65.7033 34.6275 2.36101
62 43.3307 50.5074 2.74106
63 30.2496 60.3591 1.6167
64 65.0132 59.2253 2.34553
65 89.8408 96.5543 1.04717
66 57.3349 64.6268 2.63167
67 58.7251 63.6971 1.90338
68 92.9397 92.607 0.7927
69 78.7093 33.362 1.82224
70 66.708 58.7654 1.89637
71 58.9868 37.5875 2.61931
72 57.7005 61.3116 2.70189
73 78.6142 65.7075 2.11228
74 67.0328 31.6328 2.09935
75 67.9353 100.209 1.55245
76 69.3935 31.5569 2.53008
77 69.0799 57.707 2.17494
78 79.1991 74.3638 1.83613
79 59.9375 59.5218 1.82886
80 67.3434 37.3455 1.9823
81 59.507 65.5313 2.84196
82 43.7439 61.1322 2.6545
83 50.6364 57.2213 2.42423
84 69.9584 90.7014 1.46002
85 66.7842 38.2776 1.92236
86 66.9404 34.8439 1.91226
87 80.4384 62.3829 1.7472
88 73.1602 92.0384 2.14218
89 66.1909 31.9653 2.43848
90 63.5731 0.240042 0.487457
91 64.1047 46.7031 1.93188
92 70.9888 55.4234 1.80784
93 50.4769 51.5753 2.35869
94 66.1719 36.8477 2.12268
95 28.5752 84.9091 2.61553
96 65.8437 57.9998 2.04944
97 69.3603 61.5255 1.7425
98 62.838 30.0867 2.13229
99 69.3243 53.6277 1.82666
100 64.1424 99.4946 1.2156
101 56.7309 61.3579 1.84239
102 67.3385 33.2901 2.6327
103 58.0043 33.625 2.71066
104 67.0189 41.6813 2.54572
105 61.7515 1.63517 1.5839
106 56.8573 50.6583 2.10938
107 53.1654 39.1539 2.71197
108 66.7108 45.0412 2.26863
109 60.8248 57.3215 2.00909
110 69.5286 1.44552 1.04968
111 82.6075 67.6629 1.24066
112 61.223 95.4982 1.15913
113 66.3218 53.2829 2.13782
114 65.5959 63.0292 2.47374
115 71.3784 69.3007 2.08199
116 69.1332 28.7008 2.81401
117 58.3542 41.2078 2.21601
118 40.5231 95.156 2.18812
119 54.0417 55.108 1.65341
120 54.6908 33.4193 2.25144
121 76.8135 2.31975 1.3847
122 63.046 36.6613 1.96525
123 50.023 52.4457 1.60294
124 68.8812 72.5851 2.67036
125 92.0868 88.4693 1.31994
126 84.1562 47.5843 2.75497
127 43.8171 35.9252 2.33393
128 64.7152 99.4845 0.637105
129 61.7215 63.1492 2.28902
130 60.3341 46.3632 1.70182
131 68.215 33.2188 1.97515
132 1.90888 79.4596 2.31489
133 97.4654 93.1995 1.12915
134 60.3795 12.4112 1.61369
135 72.8765 61.2447 1.93677
136 67.1584 30.0988 2.30305
137 65.6038 57.9839 2.57516
138 68.2084 36.9694 2.2404
139 56.5959 33.1396 2.21141
140 70.695 34.6021 2.79888
141 78.6301 92.9065 2.01576
142 52.755 55.6891 1.91207
143 29.3612 66.06 1.63381
144 65.9496 59.3612 2.59882
145 61.5508 65.7058 2.51517
146 53.556 36.9437 2.39602
147 61.2817 6.31547 1.63023
148 78.4968 64.0165 2.23019
149 54.566 65.1009 2.3538
150 68.2947 34.464 2.08384
151 19.964 86.6646 1.54868
152 67.156 30.227 2.43717
153 68.6214 44.4874 1.89274
154 87.9234 42.1101 2.53523
155 95.7807 95.6642 1.36026
156 45.6631 56.8999 2.62262
157 19.429 31.3186 -0.00878082
158 92.7662 1.77331 1.32967
159 29.1169 70.2753 1.49139
160 58.8013 8.62462 1.77277
161 31.8069 71.595 1.6884
162 54.4582 64.6488 2.00179
163 71.6508 89.3977 2.09029
164 89.8318 97.8168 1.24482
165 51.1021 63.2851 2.63335
166 71.8233 90.9334 2.04138
167 82.5976 66.3323 1.97414
168 59.6993 60.4938 1.89566
169 85.1276 97.1054 1.48145
170 29.1295 91.4898 2.59298
171 66.3362 55.5681 2.55836
172 51.6877 34.9425 2.02552
173 70.4724 32.6969 2.10393
174 91.5404 1.77593 1.72993
175 96.8074 84.6063 0.227571
176 71.6361 74.0464 2.30627
177 57.9543 30.968 2.20721
178 63.2317 98.443 0.969627
179 64.8587 50.9458 1.99037
180 67.2657 56.0872 2.39481
181 30.8236 65.8588 1.37031
182 59.8761 53.6535 2.38137
183 46.4449 25.985 2.35357
184 73.4651 57.41 1.91546
185 93.5298 96.3936 1.53887
186 69.0576 41.1166 2.8107
187 43.5171 92.4075 1.91649
188 40.7604 35.3475 2.81625
189 66.2156 68.7632 2.67556
190 92.1422 1.295 1.72231
191 70.2179 65.4528 2.00469
192 64.1561 25.8564 2.29541
193 72.8767 50.9024 1.99861
194 62.0333 32.2478 2.2362
195 65.4198 55.8433 1.80175
196 54.8686 30.0483 2.6866
197 65.9287 33.3507 2.5135
198 70.2454 55.5845 2.34867
199 11.5585 28.3774 -1.27125
200 70.6346 57.437 2.30946
201 75.2617 68.1596 1.8755
202 62.7303 100.158 0.918468
203 33.9612 72.825 1.63238
204 95.5748 98.8163 1.55544
205 81.7997 65.5859 2.02201
206 60.692 32.6878 1.95221
207 56.762 39.5894 2.23587
208 46.2465 64.6822 2.04399
209 40.0309 93.363 2.11591
210 61.3522 63.5901 2.07351
211 68.2871 40.9191 2.74652
212 94.0735 92.4675 0.663167
213 19.4146 83.8691 1.59508
214 40.8362 32.0494 2.91
215 58.0567 45.948 1.94977
216 75.5325 41.9668 2.16354
217 64.7216 54.7801 2.55629
218 65.2099 75.5716 2.33055
219 61.151 70.6187 2.21855
220 78.1748 66.1601 1.25131
221 75.3452 51.8138 2.71031
222 76.8703 66.7491 1.60008
223 65.4991 3.31404 1.2013
224 58.5021 97.1356 1.50204
225 73.8489 72.0689 2.52287
226 8.50575 21.9003 -1.61213
227 71.5054 44.6359 2.43395
228 67.5741 35.0062 2.21178
229 71.9177 38.3451 2.28964
230 48.49 36.705 2.19289
231 62.2935 60.9926 1.88019
232 70.1508 51.2733 2.76046
233 59.0676 37.2309 1.86591
234 57.3412 34.9947 2.53972
235 57.8103 51.4981 2.05557
236 81.5536 35.4681 2.16045
237 69.8137 71.8691 2.08117
238 60.502 53.9247 2.14067
239 53.2716 56.3013 1.73712
240 63.9209 61.4531 1.94236
241 44.5449 55.5722 2.35808
242 71.3372 43.8392 2.20347
243 70.8857 58.0267 2.28202
244 30.9969 72.7408 1.39791
245 71.2543 47.2777 2.40808
246 69.1745 38.3529 2.47973
247 93.1931 99.4497 1.47909
248 54.7969 54.629 2.43424
249 64.4079 28.7262 2.17926
250 60.8243 61.1299 2.66665
251 65.4152 70.0312 2.70029
252 64.44 2.35613 0.993995
253 54.7841 98.1777 0.859928
254 68.312 32.791 2.66796
255 56.3121 64.3838 2.82428
256 71.4743 42.0108 2.26806
257 64.9279 32.7583 2.79475
258 44.3861 60.061 2.46514
259 57.1591 51.366 2.58384
260 95.3552 3.04684 0.882226
261 54.2768 55.794 2.41547
262 71.8772 36.8622 2.25884
263 69.2639 50.6916 2.14213
264 59.8555 7.30047 1.86298
265 66.4141 33.0405 2.01155
266 58.8919 30.096 2.81461
267 65.1741 61.143 2.13506
268 54.746 33.9701 2.33424
269 62.2503 63.4793 1.99567
270 59.9971 56.0538 2.29758
271 59.3836 53.7807 1.98602
272 17.2425 82.7423 1.62165
273 56.5942 34.2409 2.3704
274 61.6474 42.1813 2.63238
275 68.8583 35.7761 2.72284
276 60.0275 26.5912 2.68809
277 71.4762 55.3224 2.68385
278 79.1894 3.13255 0.831469
279 70.9336 44.0743 2.27524
280 62.8195 58.1896 2.10079
281 67.6533 38.9331 2.7607
282 55.9631 53.9478 2.24972
283 84.2001 65.3504 1.6227
284 82.0667 32.5387 2.86476
285 69.4596 59.4081 1.9366
286 45.8959 40.3498 2.58787
287 66.4047 37.4817 2.16787
288 48.5217 72.678 2.52453
289 78.6679 33.146 2.54377
290 61.1135 38.6744 2.43241
291 47.0078 23.4414 1.89597
292 94.6891 94.001 1.11713
293 58.3523 39.0362 2.56364
294 60.3387 52.1179 1.91547
295 64.8714 54.048 1.82212
296 74.8838 56.9061 2.67702
297 86.1981 44.7352 2.37076
298 48.7155 57.4241 2.59038
299 74.4957 67.5485 1.97202
300 61.8696 34.5834 2.75067
301 59.505 63.5232 2.46181
302 53.4555 32.6667 2.42378
303 68.9009 38.9623 2.26647
304 28.7765 61.8131 1.05826
305 66.2163 68.3957 2.1934
306 59.884 2.92161 1.57236
307 70.8171 69.5158 2.50421
308 55.5277 59.1998 2.57576
309 59.6889 41.4536 2.21581
310 61.1107 4.88077 1.61343
311 54.3594 44.307 2.66693
312 71.0599 47.9666 2.51527
313 19.9357 85.2203 1.81756
314 58.8627 67.3095 1.92595
315 70.1766 43.2947 2.01438
316 68.6835 53.1585 2.6127
317 59.3425 57.5437 2.36719
318 72.4202 70.862 2.0012
319 75.0625 67.8286 1.93013
320 76.8958 65.7764 2.08354
321 59.1097 67.7729 2.7515
322 79.0341 62.5374 2.04447
323 59.0605 58.8257 2.38879
324 11.3903 24.2075 -1.84011
325 74.9101 40.9887 2.24059
326 66.7533 33.5403 2.04599
327 59.6984 35.4725 2.31375
328 84.2452 62.8179 1.47157
329 58.1823 92.6753 0.717026
330 20.1287 83.9668 2.0394
331 64.5685 7.51536 1.55837
332 27.509 87.2172 2.00713
333 72.8158 57.7798 2.58151
334 51.0974 45.5639 1.88059
335 73.3694 67.2262 2.00116
336 80.2378 65.3051 1.34635
337 53.6674 52.6672 1.9736
338 77.2003 43.688 2.16125
339 63.6458 34.6517 2.24839
340 49.8263 32.7367 2.65339
341 52.8286 58.8289 2.51018
342 59.1172 60.8805 1.78611
343 72.9476 41.0133 2.73741
344 69.4997 37.4583 2.82382
345 68.0793 96.9979 1.33268
346 51.0251 44.1204 2.65343
347 97.3844 3.74283 0.656049
348 42.4076 38.4264 2.1262
349 93.3908 98.7334 1.1757
350 68.4222 41.7801 2.77442
351 32.4601 61.9706 1.561
352 92.2453 7.19703 1.87163
353 64.616 1.81513 1.10992
354 63.3382 29.3534 2.17014
355 68.2601 30.1032 2.52538
356 81.0952 61.868 1.44941
357 92.5186 97.658 0.908169
358 62.4372 58.0054 1.91018
359 56.4111 37.269 2.4626
360 55.8905 69.0331 2.74777
361 52.933 26.2994 1.97053
362 63.0924 55.0863 2.57517
363 67.8992 36.1716 1.9121
364 62.8383 7.57181 1.17005
365 66.0617 47.2297 1.97288
366 68.7842 57.2459 2.77565
367 80.4337 66.468 1.4171
368 51.1896 35.3727 2.03661
369 24.2746 84.4767 1.92716
370 58.4146 99.8671 1.02575
371 58.1317 64.1868 2.58598
372 62.0861 51.9495 2.2244
373 71.6726 61.0157 2.45109
374 61.4848 65.5798 2.58079
375 73.9481 54.6995 2.12211
376 63.59 56.2891 2.46755
377 18.0592 86.1637 1.829
378 61.4392 40.8278 2.46245
379 80.2335 69.1148 1.1736
380 68.626 35.0144 2.82959
381 6.82756 27.4126 -1.48477
382 66.1772 56.1695 1.87274
383 74.5144 94.3787 1.87791
384 68.6275 50.7746 1.89707
385 66.2889 4.08441 1.33924
386 53.5922 5.32237 1.50245
387 53.4289 25.9398 2.36919
388 75.4398 38.718 2.32624
389 56.4422 37.4004 2.46463
390 50.0049 60.7757 2.06801
391 57.6823 57.6859 2.64987
392 56.9903 35.7301 2.72133
393 75.0876 44.3755 2.63636
394 67.3175 58.9734 2.11563
395 62.3121 58.73 2.76347
396 61.6874 69.0298 1.93649
397 63.6265 61.0565 2.25133
398 19.9967 83.6415 1.95776
399 47.7211 56.3771 2.40677
400 52.3146 53.477 2.0681
401 30.4224 85.0626 1.77586
402 63.086 28.1623 2.04739
403 67.3379 54.9546 2.18432
404 62.6402 37.1862 2.50474
405 89.4102 7.50254 2.10295
406 45.0469 30.4472 2.79913
407 69.0995 59.6864 1.93303
408 57.7169 45.0388 2.49323
409 84.2203 64.9582 1.40606
410 54.1118 55.7231 2.15033
411 63.79 62.859 2.22494
412 71.6665 32.19 2.42093
413 53.4137 56.0367 1.85445
414 73.3547 43.5811 1.88516
415 86.7715 95.9611 1.66914
416 72.2689 54.8906 2.44916
417 51.8439 53.4469 1.60652
418 63.4823 63.9616 2.24244
419 69.9608 93.8507 2.14384
420 57.3846 36.8554 2.7633
421 62.0285 62.764 2.13684
422 57.2845 54.846 1.84539
423 75.6099 62.2927 1.82349
424 61.1259 68.7098 2.11396
425 64.8024 50.8105 1.88381
426 1.97304 25.212 -1.23977
427 61.5997 66.4028 2.69525
428 66.2765 40.6344 2.85689
429 69.4098 36.4773 2.57925
430 26.0192 67.6502 1.60311
431 73.5244 53.2889 2.202
432 56.9598 65.408 2.06223
433 84.6725 62.6055 1.35637
434 61.3114 36.8254 2.07411
435 64.3523 5.0094 1.70948
436 31.7214 67.2497 0.926842
437 56.9189 32.9685 1.82807
438 76.6152 73.768 1.64468
439 79.4425 67.6997 1.94742
440 71.5723 32.1614 2.29463
441 42.7458 30.6719 2.70135
442 66.397 60.8221 2.23393
443 8.60172 31.2479 -1.30399
444 70.8444 48.674 2.77293
445 83.8236 2.20187 1.1304
446 68.1657 3.12373 1.12008
447 47.5524 38.7483 2.47428
448 63.7698 56.6818 2.60012
449 76.2161 33.2869 1.91134
450 55.3214 59.78 2.47068
451 62.8894 31.4056 1.9441
452 62.9603 68.9266 2.51196
453 68.3066 31.565 2.4932
454 64.9567 65.5329 2.46496
455 81.2525 96.2532 1.42456
456 51.2365 51.375 2.44473
457 59.2867 53.6933 1.79917
458 60.9077 49.5859 2.18972
459 94.9316 93.7709 0.893357
460 58.5781 35.1907 1.95402
461 60.0195 1.00063 1.12301
462 71.2128 46.2547 2.40316
463 61.0158 55.1377 2.71842
464 78.9703 50.7245 2.87175
465 55.1596 56.9201 2.17579
466 71.8621 39.4829 2.53566
467 81.4084 65.7066 2.10595
468 52.4129 33.5972 2.16384
469 33.5908 62.4799 1.12247
470 21.6226 74.8214 0.341329
471 62.9758 39.7211 2.28638
472 72.8388 48.3743 2.134
473 71.6839 55.4947 1.9778
474 14.4063 26.9596 -1.72529
475 48.0328 35.6975 2.3884
476 92.0263 97.7031 1.53816
477 70.2122 37.927 2.00443
478 50.155 68.2042 2.67608
479 66.9312 95.9364 1.53907
480 55.2171 43.7559 2.4608
481 83.0375 61.6831 1.71989
482 63.7193 28.7119 1.88173
483 54.1059 60.5739 2.22147
484 51.8262 36.683 2.23019
485 48.0079 25.9893 2.37896
486 72.786 35.6326 1.90154
487 71.7575 39.5465 1.80537
488 43.5233 53.602 2.59164
489 68.242 94.3165 2.01861
490 68.9434 0.729341 0.675586
491 64.7805 34.1267 2.36378
492 74.5886 51.732 1.80916
493 67.2774 42.4362 2.12504
494 64.3812 29.7866 2.16021
495 58.4455 40.2046 2.46682
496 65.3122 60.9277 2.39654
497 61.3649 63.9455 2.30335
498 73.1573 35.6903 2.45313
499 74.9064 78.173 2.36402
