500
Particles
0 71.1731 10.1247 2.09687
1 94.8208 80.8501 3.00856
2 85.1365 48.3901 2.28285
3 55.4509 68.6391 1.25187
4 70.2229 27.9495 2.54947
5 93.0485 77.6941 1.76641
6 86.2869 33.715 1.65478
7 70.7742 76.0955 1.47352
8 38.949 32.942 1.17084
9 20.8635 2.49641 -2.26356
10 89.6542 14.4435 2.49862
11 80.0874 39.966 1.80481
12 85.8791 45.7767 2.39978
13 68.9846 13.2012 2.6514
14 74.4443 31.8419 2.36899
15 70.554 16.9006 2.18292
16 0.889159 20.4807 2.0894
17 73.8493 44.3667 2.59584
18 71.0885 38.677 1.9383
19 34.9741 55.4279 2.36803
20 55.7738 70.2101 1.81934
21 84.1331 31.5504 2.56036
22 87.6303 24.0532 2.06199
23 70.4375 21.3237 2.63153
24 64.5177 72.5495 1.47412
25 76.5555 17.1884 2.42624
26 94.2952 71.991 0.898263
27 79.6902 37.8577 2.33784
28 83.9717 29.0942 2.18802
29 88.0097 45.3401 1.79713
30 48.9921 73.6767 1.71769
31 83.7784 25.1411 2.0116
32 26.5312 60.9392 2.55246
33 63.9 78.3837 1.58101
34 77.4682 14.9497 2.21389
35 68.3183 40.5485 2.50416
36 55.528 79.0408 2.1647
37 89.7093 41.722 1.6797
38 79.7441 23.8841 2.71933
39 70.7372 22.0799 2.06797
40 82.0216 15.7341 2.38813
41 67.9476 20.6882 2.53321
42 92.4011 16.8333 2.54089
43 58.4395 69.6197 1.31728
44 96.0763 82.7183 -2.70312
45 94.3713 17.7894 2.54411
46 81.6713 21.1041 2.072
47 90.5474 67.6098 1.55545
48 87.7103 19.5792 2.02009
49 72.3693 4.42593 2.08395
50 77.3452 41.446 2.42012
51 90.8905 26.0626 2.68065
52 60.8204 71.3836 1.89788
53 59.217 79.4893 1.82835
54 75.1156 29.14 2.53423
55 77.2331 65.4062 1.92295
56 75.9997 30.7963 2.48271
57 90.8692 9.06015 2.24672
58 76.243 34.1039 2.35578
59 75.0678 16.7346 2.77068
60 76.9717 38.0075 2.39558
61 87.7924 16.1836 2.44819
62 35.6858 28.8448 1.61457
63 15.5411 61.7908 -0.694654
64 82.2534 36.0926 2.55832
65 88.9038 68.6133 0.901631
66 74.0889 41.6574 2.68121
67 75.9068 41.2297 2.06857
68 90.0045 65.4132 1.05797
69 96.302 10.7645 2.17866
70 84.3085 36.0819 2.54338
71 80.9366 19.3017 2.38301
72 74.8275 38.5196 2.56019
73 90.7944 39.7756 1.45115
74 88.7799 12.54 2.03108
75 72.9987 72.57 2.09707
76 90.8122 12.0404 1.97306
77 88.2302 36.285 2.25636
78 90.2241 48.2407 2.40038
79 76.3256 35.9177 2.75315
80 87.9816 17.2342 2.65032
81 73.8524 41.2622 2.13918
82 63.4408 40.5994 2.10505
83 66.1341 33.2278 2.19406
84 76.1955 62.8215 1.34849
85 88.0684 18.8637 2.62414
86 88.6248 16.0835 2.73965
87 91.6392 36.0762 1.77475
88 78.6496 64.0855 1.51048
89 86.4737 11.5773 2.19759
90 62.8449 72.7159 1.05907
91 83.1015 25.1143 2.6626
92 89.6012 33.4734 1.57922
93 65.8519 27.5253 2.72344
94 87.644 17.9598 2.15689
95 40.0299 58.5314 2.20218
96 83.5741 35.5595 2.25362
97 85.4644 37.8057 1.76761
98 85.1771 12.032 2.4772
99 88.675 32.6782 2.30547
100 64.8455 72.4995 1.44159
101 73.2685 38.311 1.9339
102 90.0862 15.5709 2.68877
103 76.8582 12.0917 2.57035
104 88.3534 22.2956 2.53668
105 62.483 73.9389 1.06585
106 75.6163 29.0445 2.31148
107 73.387 18.4225 2.42222
108 85.1142 22.7568 2.23725
109 79.2471 35.2976 1.90331
110 75.9996 74.5281 1.93481
111 91.9356 40.9922 1.69957
112 56.5388 67.9495 1.1399
113 86.2711 32.1434 2.42427
114 81.6924 39.5408 1.81033
115 83.9779 43.3946 1.6215
116 89.4933 8.51999 2.81664
117 80.2673 22.3998 2.01307
118 42.0595 68.3466 1.01494
119 71.4509 31.9516 2.25627
120 75.049 13.6116 1.83027
121 86.8949 78.3571 1.77028
122 85.9616 19.1325 2.25863
123 63.0544 27.5785 2.11408
124 81.5611 46.6365 2.49131
125 92.2517 60.974 0.868083
126 98.5235 23.3533 1.39216
127 64.7666 15.8341 2.57695
128 63.8913 71.9736 1.14473
129 78.186 39.7459 2.00791
130 80.7567 26.4692 2.04106
131 90.3684 15.1876 2.27521
132 97.6209 62.13 1.32371
133 95.8804 65.9822 1.10296
134 70.5746 97.4227 -2.99542
135 88.4419 37.0787 2.1637
136 87.9133 10.4256 2.09504
137 83.5629 35.0982 1.73605
138 90.0526 18.2451 2.07794
139 76.669 12.909 2.19064
140 92.4128 16.2116 2.50604
141 82.472 64.9526 2.23701
142 67.5723 31.3086 1.76392
143 35.6635 39.1798 2.08934
144 82.4899 36.2446 1.81934
145 77.7082 42.0397 2.04279
146 73.583 17.1851 2.72851
147 63.8906 78.2128 1.4171
148 89.9512 38.2531 2.22323
149 70.2812 40.9863 1.84107
150 90.5512 16.1601 2.44557
151 29.4715 60.1638 2.12361
152 90.0605 12.7259 1.92662
153 88.1893 23.3861 1.9414
154 4.55735 21.2382 2.88087
155 93.6803 68.0144 1.62317
156 42.4737 33.1317 0.995728
157 21.317 43.486 1.70009
158 93.7806 73.6088 1.68751
159 35.8103 42.7719 1.69454
160 61.6903 80.1563 2.08767
161 37.3063 43.6054 2.3321
162 71.4066 41.447 2.20478
163 77.4768 61.3193 1.78225
164 89.6816 69.9591 1.47827
165 66.77 39.5913 1.72264
166 78.6734 63.2695 2.06686
167 92.6077 39.9245 1.57665
168 76.6828 37.5814 2.16764
169 87.5863 69.007 1.33391
170 33.5294 64.228 2.26262
171 84.4475 33.3695 2.08047
172 71.0305 13.858 2.50721
173 92.1726 14.134 2.3463
174 92.165 73.4688 1.04464
175 94.4592 58.3201 1.46896
176 85.4616 48.6024 2.59519
177 79.35 12.0934 2.60941
178 62.4327 70.6208 1.16431
179 81.9241 27.904 1.83893
180 85.6849 33.979 2.37581
181 36.1216 38.2208 2.00822
182 77.8145 31.1386 1.88858
183 67.2962 6.46234 2.24087
184 90.0011 33.5558 2.3698
185 92.8004 68.1075 0.751203
186 89.9859 21.2437 2.33192
187 45.4507 65.7676 1.22565
188 61.3007 15.529 2.22665
189 82.1031 44.7875 1.83161
190 93.1975 73.3298 1.02798
191 84.4676 40.5828 2.49817
192 86.3723 7.47669 2.41537
193 91.9089 29.6284 1.92894
194 84.6022 14.4839 2.50311
195 83.8926 33.902 1.65042
196 74.8237 9.59922 2.48541
197 88.7537 15.7821 2.09804
198 88.1843 33.1991 1.86373
199 14.0992 54.3745 -1.53506
200 89.0624 35.3793 1.63945
201 87.9681 42.6957 1.50793
202 61.2477 72.4462 1.78116
203 39.5038 44.7875 2.14022
204 95.669 71.05 1.09987
205 92.4863 39.2684 1.49687
206 83.5367 15.4006 2.13465
207 77.9268 20.2244 2.39353
208 65.0465 43.9769 1.98716
209 42.0111 67.0677 1.5434
210 76.8635 39.6694 2.41515
211 88.5495 20.7196 2.28127
212 93.5327 64.9167 1.15765
213 30.8046 58.6326 1.99105
214 61.6669 13.3627 2.36072
215 77.3399 24.3918 2.74078
216 93.4896 19.2747 1.76082
217 82.775 32.5229 1.81635
218 76.6156 49.446 1.93431
219 75.5866 45.5808 1.79982
220 89.5408 39.597 1.51132
221 93.2369 29.2202 2.7305
222 89.316 40.8662 1.56309
223 67.0689 75.1449 1.40672
224 54.1494 69.2805 1.83086
225 86.4486 46.2422 1.7001
226 4.71579 18.895 2.16497
227 90.4802 23.1017 2.28655
228 89.641 16.5594 1.94213
229 91.7784 17.4292 2.19205
230 67.5096 15.6751 2.11416
231 78.4528 37.2838 2.31224
232 89.532 30.1203 1.86962
233 80.4604 17.9096 2.7006
234 76.7931 13.5653 2.04784
235 75.1688 28.6617 1.92725
236 2.61616 16.1271 2.42382
237 83.6943 46.5707 1.76648
238 77.3501 30.5945 2.12538
239 68.073 31.5407 1.80179
240 80.9092 38.1994 2.08995
241 41.005 31.5718 0.865937
242 92.4001 23.8728 1.92504
243 88.2598 35.1068 1.89229
244 37.4525 44.7675 1.74106
245 90.0677 25.3887 2.55288
246 90.1028 18.7668 2.20872
247 92.063 71.7465 1.68557
248 71.9459 31.4952 2.02851
249 86.1429 9.90879 2.25413
250 79.3197 39.2696 1.74661
251 79.4853 44.953 2.39407
252 70.2176 74.9785 2.30338
253 51.0565 70.3998 2.17022
254 90.9407 15.0075 2.42906
255 72.5533 40.8019 2.40344
256 92.3476 22.8115 1.97814
257 87.5173 15.699 2.03407
258 41.4495 36.8146 1.4913
259 75.5961 29.5265 2.3499
260 97.4666 75.4233 1.27064
261 71.5645 32.8822 2.38868
262 92.7888 16.6744 2.35529
263 87.6345 28.4358 2.49563
264 63.7874 78.969 1.43975
265 88.6495 14.8875 2.05881
266 79.5842 9.97713 2.07999
267 81.2855 37.4725 1.82796
268 73.7074 13.265 2.01209
269 78.7685 40.1963 2.2614
270 77.8802 33.6562 1.75743
271 78.3499 32.0529 2.02927
272 27.1314 56.7115 2.95109
273 77.1606 14.2233 2.27773
274 82.659 22.5173 2.0978
275 90.561 17.1744 2.22081
276 81.2546 7.89127 2.21923
277 89.2008 32.9814 1.84306
278 91.331 82.1702 2.70267
279 92.0156 24.0029 2.50531
280 79.4879 34.5632 2.4012
281 89.2842 20.0642 2.10018
282 73.1768 30.8634 2.02712
283 95.6874 39.439 1.66886
284 100.203 11.7701 -0.281358
285 86.2952 36.5251 2.45331
286 64.6116 18.4484 2.23116
287 87.8831 18.3001 2.6134
288 45.6346 57.4991 -3.47062
289 97.8289 11.8702 1.9256
290 82.2918 19.1633 2.26421
291 67.5073 3.02162 1.89134
292 93.7502 66.3949 1.23599
293 79.6125 20.1814 2.15805
294 77.7134 29.2621 2.81405
295 82.492 31.3832 2.50428
296 92.6518 34.2869 1.85928
297 98.6367 18.8365 1.89325
298 48.4368 31.9366 1.83009
299 87.7323 42.1614 1.66209
300 82.9861 15.4518 2.30145
301 76.3606 40.0653 2.25623
302 73.3205 11.9526 2.36757
303 89.6793 19.1738 2.67887
304 12.0879 64.9313 -1.18227
305 80.89 43.7243 2.03982
306 59.7975 75.3482 1.08659
307 84.1205 44.235 1.88302
308 72.0617 35.5596 2.74049
309 80.646 21.7827 1.86749
310 64.0534 76.8927 1.19146
311 73.568 22.8339 2.11725
312 89.8997 26.2435 2.25564
313 32.5884 59.7826 1.93725
314 75.159 43.9992 2.55698
315 89.7135 22.6385 2.52552
316 87.9169 32.1833 2.32376
317 76.7148 34.3419 2.52372
318 83.9697 44.6037 2.38719
319 88.0806 42.0217 2.31664
320 88.4098 39.4886 1.54907
321 74.1265 43.8852 2.02702
322 90.7499 36.3275 1.7732
323 74.9471 35.5092 2.01301
324 7.92588 42.5798 0.882226
325 94.6937 20.5181 2.03121
326 88.3901 14.1417 1.99032
327 80.8721 16.3214 2.3814
328 94.8028 36.3386 1.80114
329 53.6171 64.4806 1.73859
330 31.108 57.7508 2.91226
331 68.2279 79.0121 1.61804
332 34.7766 59.6333 2.6883
333 89.967 34.7071 1.86414
334 69.9674 24.4111 2.28281
335 85.4909 41.057 1.97716
336 91.5415 39.1985 1.46106
337 69.3663 28.6464 2.53066
338 94.1045 20.4084 2.08813
339 86.6592 16.8674 2.16546
340 69.3572 11.7362 2.31673
341 67.9369 34.4953 2.60129
342 75.4388 37.2741 2.5942
343 92.0054 19.729 2.20376
344 91.0196 18.3321 1.96296
345 74.4012 69.146 1.67249
346 69.017 22.2376 2.11001
347 96.5168 76.0579 1.68509
348 62.02 17.029 3.03511
349 92.6476 71.0592 1.68695
350 90.5175 23.1305 2.70402
351 35.0985 33.7718 1.38077
352 97.9675 79.8655 2.39094
353 65.2177 74.0955 1.0319
354 84.1171 9.0714 2.1328
355 90.6355 12.003 2.82076
356 92.2553 35.9719 1.79066
357 91.5138 69.8652 0.865351
358 78.3157 33.963 2.42623
359 76.6536 16.9889 2.57595
360 73.2794 45.8535 1.7423
361 71.851 4.72925 2.32432
362 81.5894 33.3449 1.69096
363 88.12 15.7502 2.05581
364 67.2995 79.5627 2.12498
365 84.8343 25.5148 2.08994
366 86.5046 34.5784 2.33117
367 90.8467 39.9319 2.2508
368 70.9398 14.7696 1.96822
369 36.6455 58.3994 1.84308
370 53.248 72.1908 1.70025
371 73.4098 40.4263 2.2513
372 79.5868 29.171 2.59384
373 88.7411 37.7407 2.13856
374 78.2921 42.6626 2.26188
375 90.9949 31.5078 2.2079
376 82.277 34.3364 1.97324
377 27.6681 59.4571 2.65639
378 82.9697 22.038 2.45101
379 89.8738 42.2427 2.18262
380 90.494 16.4596 2.02858
381 5.55773 47.587 0.409253
382 84.3841 33.7498 2.57864
383 80.1174 66.9613 2.11754
384 88.0841 29.736 2.68394
385 68.571 76.436 1.50297
386 55.7587 78.1185 1.38823
387 72.9586 4.87993 2.57998
388 95.0876 17.3404 2.60038
389 76.3812 16.9366 2.42015
390 65.5789 36.4195 2.13068
391 73.909 34.0633 2.14149
392 75.3269 13.9522 1.85751
393 93.3631 22.3127 1.70279
394 83.1578 35.3573 2.13502
395 79.0539 35.3916 2.55458
396 76.8868 44.7317 2.03779
397 81.144 38.2048 2.63242
398 32.9798 58.238 2.82194
399 43.9155 32.0164 1.27789
400 67.9826 29.5998 2.42999
401 39.2897 57.6082 2.42572
402 86.1807 11.4884 1.86377
403 85.3122 32.7185 1.97094
404 84.3165 18.0241 2.62802
405 95.4741 79.7806 2.84777
406 67.0184 11.814 2.80525
407 85.9059 36.6136 1.90708
408 77.5774 24.6026 1.99683
409 95.3971 38.8217 2.08549
410 70.3869 32.2191 1.96575
411 82.2434 40.6711 2.52468
412 93.6688 13.5985 1.81774
413 69.3899 32.3365 2.71709
414 92.194 21.9162 2.67607
415 86.5263 67.2545 1.59879
416 90.5263 33.3116 1.60396
417 67.5072 29.8559 2.13399
418 78.4175 39.6876 2.67848
419 75.2412 65.8784 1.36686
420 79.0555 17.8642 2.43057
421 76.8058 38.5255 1.88547
422 74.9744 32.1655 2.67617
423 89.1408 36.7211 2.12149
424 74.869 44.0779 2.4271
425 83.4351 29.0221 2.44438
426 100.396 35.6267 -0.281111
427 78.4624 43.2908 2.49813
428 85.3617 19.3818 2.69126
429 90.8992 17.6746 2.1278
430 33.8331 40.7409 1.44508
431 91.1594 30.6308 1.86084
432 72.9986 41.8545 1.81129
433 97.9741 37.8773 2.34538
434 82.2919 17.4007 2.58823
435 68.2665 76.9858 1.67842
436 37.9714 39.8386 1.42623
437 76.0545 11.634 2.21457
438 89.1891 47.7871 2.57372
439 90.0913 41.173 2.33019
440 92.4715 12.1962 2.14755
441 65.1474 12.8501 2.74591
442 84.8185 38.9839 2.13433
443 13.1394 57.227 -1.44285
444 89.6581 27.1232 2.20548
445 90.0928 75.9525 1.53063
446 74.8466 76.3562 2.25002
447 68.4657 19.0886 2.07805
448 80.9221 33.7329 2.56167
449 96.3689 12.9376 2.55429
450 71.8715 36.2084 2.10785
451 84.6464 12.7513 2.24962
452 79.0585 44.9665 2.05882
453 90.511 13.528 2.10507
454 80.1468 41.0738 1.69598
455 82.0318 67.7221 1.87199
456 65.8873 26.9964 1.93462
457 76.683 30.7571 2.02862
458 79.8997 28.024 2.59372
459 94.2524 66.0338 1.05372
460 78.2042 14.1057 2.01485
461 59.4228 72.4211 1.90118
462 90.9381 25.1068 2.08201
463 79.6034 33.0103 2.45255
464 97.1081 29.7537 1.92109
465 73.0404 34.2323 1.79777
466 92.4081 19.3235 2.71833
467 91.8978 39.2376 1.70459
468 72.0459 12.7685 2.22501
469 37.4432 35.6376 1.76587
470 -0.00596067 78.5626 2.32608
471 83.5581 19.6905 2.24552
472 91.7043 26.4302 2.45583
473 88.8396 32.4894 2.16787
474 16.8532 52.4906 -0.783459
475 69.3227 16.1771 2.88239
476 92.7375 70.1326 0.916996
477 90.052 17.0434 2.04113
478 68.5682 46.2477 2.12284
479 72.6968 67.8913 1.58946
480 76.9247 25.0409 2.05148
481 94.6972 35.6808 2.21734
482 85.6069 10.2115 2.26072
483 69.9466 36.8104 2.12672
484 73.4129 17.9113 2.49044
485 69.1688 6.23787 2.04384
486 93.2052 15.3726 2.15034
487 92.5275 19.8363 2.56702
488 38.3719 30.6735 1.53147
489 72.7308 66.0795 1.89675
490 73.7892 73.5211 2.18524
491 88.0971 16.603 2.76292
492 91.8486 28.8012 2.51412
493 88.0342 22.3681 2.44032
494 87.8625 13.368 2.05238
495 80.5432 21.6095 2.22878
496 81.2539 37.1909 2.57876
497 76.5447 39.2978 2.48026
498 94.3532 16.8091 2.11135
499 87.9584 53.1513 1.68972
