500
Particles
0 66.2186 12.222 1.82347
1 95.0064 8.40468 3.13716
2 76.6154 88.3015 -2.38184
3 60.7336 30.0954 1.55857
4 4.19587 0.885103 2.23059
5 77.3204 11.7214 2.87987
6 52.9645 18.4264 1.43923
7 53.1857 48.1714 -0.724357
8 96.0234 15.4354 2.48959
9 96.2736 18.2526 2.97453
10 86.655 14.4473 2.53037
11 29.1166 62.5053 0.65268
12 52.2163 31.7258 1.03322
13 6.21671 91.6209 1.73514
14 4.4907 2.38222 2.01031
15 13.0045 39.315 2.95165
16 92.9467 19.1543 2.3557
17 2.67018 38.4802 -1.87323
18 4.24578 11.2744 1.99887
19 65.5403 25.8824 2.2011
20 56.3252 30.8826 1.03891
21 46.8547 18.6047 1.4358
22 81.4012 22.9311 2.63038
23 8.54126 97.0816 2.37162
24 60.2281 34.5089 1.42183
25 74.6148 18.5793 2.30697
26 77.9324 9.60229 3.15988
27 21.5614 52.8958 1.35741
28 64.6717 16.9041 2.5579
29 13.5217 92.5485 2.23006
30 77.2996 96.3989 -2.81783
31 77.4042 22.9188 2.25744
32 57.575 29.3794 1.69742
33 79.2493 85.4261 -2.98349
34 79.1257 19.8374 2.99373
35 2.28731 18.1808 2.61575
36 25.2946 64.1111 0.951273
37 53.9771 24.3333 1.39957
38 70.1574 17.7237 2.25586
39 5.69278 98.4383 2.14533
40 82.7161 19.3994 2.08868
41 4.1286 98.2184 2.27215
42 88.6333 19.7208 2.89514
43 59.8542 30.8454 1.89121
44 94.6376 11.294 3.02119
45 89.7417 17.859 2.42514
46 79.5857 22.1545 2.06403
47 87.3434 35.9834 2.25583
48 82.8083 18.8406 2.52294
49 75.7777 13.8107 2.77117
50 10.9993 21.7521 2.42932
51 82.9644 24.3865 2.19103
52 57.5774 33.1394 1.80729
53 24.7257 63.7824 1.46275
54 7.74515 1.63188 1.97421
55 72.9806 28.411 2.44319
56 9.45194 3.64637 2.55402
57 86.0192 10.6978 2.41182
58 5.68802 6.26417 2.49169
59 72.4924 18.0877 2.61216
60 8.59108 16.4529 2.81956
61 86.7957 18.3759 2.75639
62 94.4433 13.8785 3.07915
63 93.3575 4.05062 2.95251
64 50.337 23.0741 2.03459
65 72.7033 32.5108 1.79423
66 6.19385 18.8341 2.88951
67 6.56047 18.582 3.16024
68 71.2907 29.2941 2.20223
69 91.5791 12.2904 3.18323
70 52.6133 21.5257 1.60991
71 78.2091 18.9627 2.08301
72 7.06378 15.0093 2.39875
73 55.0333 23.7423 1.29458
74 84.6165 12.4068 2.38174
75 62.0946 38.4242 1.28076
76 86.7626 10.8891 2.2496
77 52.9094 21.2692 1.75476
78 78.1378 6.81715 3.35738
79 7.51859 8.25227 2.05682
80 83.0186 15.761 2.78744
81 5.34697 17.6192 2.8786
82 67.6623 23.542 2.27579
83 2.73783 5.81339 2.24217
84 76.3257 26.6621 2.15819
85 82.4839 16.4541 2.48479
86 83.8648 15.2276 2.7634
87 67.3221 22.0997 2.56146
88 66.7324 26.5554 1.59921
89 81.7806 12.2553 2.78507
90 57.6708 34.5496 1.22439
91 75.0048 22.3171 2.71023
92 66.9621 20.7405 2.30961
93 4.33137 3.36618 2.68663
94 84.872 18.3739 2.10021
95 60.6588 25.585 1.47756
96 46.5992 21.5532 1.06622
97 54.6313 25.1715 1.33954
98 81.6722 12.5347 2.72041
99 66.0437 20.6334 2.55261
100 59.6605 33.4052 1.00874
101 6.3852 12.1077 1.91404
102 87.6868 16.5421 2.39579
103 78.6811 16.9399 2.60882
104 84.2311 21.4699 2.76229
105 55.8427 36.0084 1.73448
106 7.30674 2.85455 1.90452
107 63.6523 14.816 2.6618
108 82.7633 23.1536 2.71715
109 11.5909 6.53833 2.67701
110 81.748 52.9829 -0.477007
111 54.3576 23.4363 1.58437
112 57.1401 29.6798 1.88853
113 57.0114 17.3862 1.84164
114 45.4912 27.7294 1.18276
115 51.7734 30.9251 1.54386
116 85.2199 9.67768 2.96105
117 74.8953 20.6499 2.75718
118 55.12 31.7767 1.16122
119 6.28346 2.66576 2.36263
120 75.0838 17.5758 3.11596
121 99.4142 16.5851 2.36464
122 83.8533 19.9698 2.95655
123 1.10162 10.0394 2.57754
124 2.85596 87.7293 1.91925
125 72.606 28.0155 2.41261
126 90.7169 26.7446 2.93991
127 4.53205 94.415 1.67681
128 60.9092 34.8043 1.90314
129 72.3532 92.1241 -2.59224
130 66.7945 17.8713 2.71281
131 85.4689 14.2445 2.36205
132 79.3927 30.9766 2.75245
133 78.0933 32.3315 2.43384
134 75.9174 12.855 2.87083
135 57.0545 22.2965 1.35473
136 83.8917 13.0108 2.98592
137 51.8668 23.1418 1.12758
138 86.0481 18.4166 2.61623
139 77.3473 17.8303 2.81159
140 87.9445 14.515 2.74666
141 74.11 30.1566 1.95197
142 6.40469 6.14301 2.01474
143 92.9838 20.6031 2.82175
144 50.6827 26.2462 1.7946
145 71.424 93.4072 -2.93594
146 68.2372 16.3778 1.9699
147 76.557 84.9042 -2.28695
148 62.7527 23.3778 2.17218
149 5.87924 17.7095 2.34678
150 89.92 18.6385 2.45597
151 58.6157 27.74 1.74473
152 85.0844 11.6629 3.18331
153 81.931 21.4316 2.96198
154 92.1857 18.4198 3.17434
155 80.0299 33.8848 2.4123
156 0.545837 16.7937 2.98076
157 88.5638 27.4916 2.47505
158 76.9794 10.9352 3.25345
159 94.6119 25.7912 2.65085
160 78.3431 91.3922 -2.11526
161 90.9392 23.5655 3.20025
162 6.1539 22.2273 2.55407
163 70.9153 26.1763 2.41822
164 68.0192 40.8112 -1.15517
165 2.05868 16.6265 3.34672
166 68.714 26.2589 1.84775
167 57.8142 25.6058 1.45494
168 6.12238 10.6904 2.65979
169 63.47 32.243 1.29128
170 95.9491 3.1823 2.982
171 53.5425 18.4507 1.65744
172 63.7371 13.4972 2.48504
173 90.02 15.4909 3.07694
174 77.5857 11.7091 2.53331
175 77.3831 28.0939 2.57557
176 9.06208 38.4247 -2.0127
177 80.0812 17.4426 3.03557
178 62.7097 33.6276 1.25933
179 64.8993 17.6747 2.4765
180 56.8028 18.6696 1.8192
181 95.8914 19.3654 2.93082
182 10.1364 3.41952 2.35497
183 68.6473 13.509 2.43059
184 70.7258 22.6059 2.79347
185 76.2972 34.6615 2.58507
186 85.0761 20.4297 2.28839
187 59.0439 29.06 1.65175
188 0.61622 6.63799 2.11475
189 77.9065 91.7818 -2.55859
190 76.72 11.047 2.39165
191 52.1285 27.362 1.14593
192 82.5358 11.2056 2.86154
193 79.204 23.8974 2.98026
194 81.7095 14.4497 2.58084
195 50.6758 19.9499 1.68352
196 78.3254 16.5039 3.08284
197 84.2645 14.334 3.08687
198 66.5952 21.0038 2.44038
199 78.0037 13.6861 2.46295
200 55.2299 21.2687 2.0803
201 13.1234 90.8512 2.10568
202 59.7323 34.1007 1.05433
203 93.9008 25.8946 3.26483
204 78.7376 10.2647 2.35376
205 58.5735 23.547 1.45155
206 81.1847 16.6159 2.9742
207 74.1979 20.1166 3.02737
208 72.5785 25.6319 2.57281
209 56.5161 31.1035 1.7379
210 8.47213 15.1081 2.73046
211 83.3326 20.0939 2.02448
212 77.1677 31.4853 2.05022
213 61.2063 26.2451 1.59345
214 98.6331 5.7085 2.97765
215 60.0318 15.2111 2.25291
216 89.8449 22.0715 3.15719
217 50.8552 17.9083 1.38187
218 88.1738 32.0551 2.43513
219 5.09257 38.7089 -2.51966
220 57.1261 23.9593 1.22259
221 84.0911 25.6618 2.5311
222 54.4077 24.4164 1.67874
223 53.5466 39.4447 1.10922
224 58.7313 30.429 1.92714
225 30.8116 61.9227 0.846607
226 92.9969 17.5492 2.94674
227 84.7672 20.7077 2.73803
228 85.8658 15.7085 2.74712
229 87.8167 17.2666 3.11795
230 7.10437 93.449 1.62182
231 12.5681 16.2848 2.1748
232 75.3244 22.6936 2.5462
233 79.1071 19.6439 2.95472
234 76.6194 16.6063 2.21115
235 9.31126 1.48136 2.07724
236 92.9725 16.4334 2.88639
237 79.2236 90.79 -2.72262
238 8.67176 1.31487 2.34992
239 3.45269 3.41665 2.22789
240 48.1888 27.5178 1.86173
241 96.4545 14.1347 2.64328
242 85.3243 23.9682 2.07222
243 57.4314 20.2054 1.24176
244 92.9471 24.0175 2.59266
245 83.2856 23.6548 2.50545
246 85.9461 17.037 2.51699
247 95.042 96.3875 2.81518
248 4.52306 4.45832 1.99809
249 83.0952 11.3756 3.14694
250 18.2611 56.2255 0.62384
251 75.044 90.868 -2.90616
252 50.4259 45.9158 -0.486736
253 57.3967 32.2613 1.67492
254 86.3951 15.6755 2.37747
255 5.09336 16.5676 2.34525
256 86.2986 21.8904 2.64964
257 85.756 16.8094 2.64542
258 98.3479 17.4169 2.50902
259 9.52053 2.33637 2.67002
260 79.6108 13.2239 2.20798
261 6.46627 4.46945 2.72308
262 89.9665 18.9022 3.21128
263 76.7557 23.3667 2.53162
264 78.1767 85.8433 -2.62654
265 82.7421 12.3308 2.4787
266 80.5628 15.5367 3.03614
267 47.1705 23.8151 1.95212
268 77.0867 19.8212 2.2889
269 22.1804 56.0525 0.592138
270 8.88131 7.20531 2.4528
271 11.1394 3.33303 2.77397
272 59.912 26.2393 1.2472
273 77.6418 17.1765 2.86916
274 79.6379 21.6057 2.33445
275 85.6931 15.1138 2.42307
276 80.9623 14.6902 3.10159
277 62.1967 18.8363 2.62885
278 91.3712 6.76848 2.26519
279 86.2528 25.4789 2.31192
280 8.18246 5.5004 2.60583
281 85.9744 19.8286 2.76159
282 6.76828 1.98884 2.6761
283 52.5939 29.9457 1.74051
284 90.3357 10.3101 3.01407
285 53.6501 21.677 1.4331
286 1.28759 97.4555 1.58505
287 83.8751 17.711 2.09595
288 63.4586 26.5972 1.99392
289 90.9588 10.8444 2.71581
290 79.8418 20.3252 2.55726
291 97.9311 11.4861 2.40353
292 63.5152 31.5417 1.53474
293 77.7002 20.5508 2.51527
294 9.50473 1.05227 1.87078
295 92.1406 34.1152 2.1736
296 71.8462 23.6618 2.21699
297 91.155 18.5477 2.30206
298 -0.39204 13.2115 3.01572
299 55.2228 25.7981 1.43211
300 81.7202 16.6812 2.85099
301 7.68642 16.1083 2.32986
302 71.698 14.2075 3.08116
303 85.2504 18.168 2.53787
304 93.2379 5.98838 2.911
305 77.1429 91.3151 -2.49114
306 29.749 62.6399 0.800499
307 78.5171 89.8877 -2.23756
308 7.66508 6.37847 2.36239
309 78.3086 22.8725 2.16462
310 32.7778 61.8803 0.683252
311 9.14276 96.0724 2.33545
312 82.1123 22.96 2.90584
313 58.9639 27.4548 1.52867
314 1.31056 27.53 -0.164666
315 83.2717 19.8224 2.09037
316 57.7093 19.3047 1.89311
317 7.31574 8.18718 2.14688
318 53.7557 33.0463 1.0028
319 52.8612 26.3581 1.29354
320 53.6552 23.7066 2.03666
321 4.48288 36.3508 -2.67934
322 58.3069 21.2571 1.81727
323 6.44459 8.2776 2.08641
324 85.5276 6.55066 3.17501
325 89.8926 21.4442 2.6653
326 85.0763 13.2757 2.86263
327 81.2498 18.3473 2.62294
328 69.38 23.5992 2.48328
329 63.6357 27.3496 1.3126
330 58.5102 26.2081 1.26513
331 75.4376 74.6947 2.05915
332 61.0825 27.6345 1.81868
333 67.0857 22.0522 1.78754
334 4.51362 0.556893 2.46733
335 51.4955 26.2427 1.84752
336 56.2495 22.5606 1.75629
337 3.40572 1.39389 2.25652
338 88.0179 20.9476 2.42444
339 85.3678 18.8733 2.35151
340 44.524 19.8547 1.91888
341 3.99392 7.41473 2.09393
342 5.98971 11.0647 2.5117
343 88.4966 23.9493 2.90942
344 87.1255 17.886 2.74553
345 62.9544 30.9608 1.47842
346 1.06047 99.8108 1.87087
347 77.3429 10.5063 3.13157
348 0.775865 5.76783 2.64618
349 77.4797 7.08594 2.51741
350 83.535 21.9309 2.92644
351 98.0819 17.6035 3.09639
352 94.3771 9.40762 2.659
353 57.5126 37.1015 1.34171
354 82.867 14.1447 3.004
355 87.7499 12.1863 2.74834
356 64.0111 22.1305 2.32045
357 89.0116 38.0581 2.55991
358 9.36543 7.7577 2.79244
359 74.6147 18.6013 2.86591
360 96.9836 23.3379 2.42803
361 73.9188 13.7517 3.15613
362 48.8423 21.7023 1.48418
363 84.4012 13.9783 2.7495
364 79.665 87.3219 -2.44746
365 79.1413 23.2482 2.83449
366 54.2893 20.5343 1.57326
367 58.273 24.4542 1.48505
368 68.1555 16.2766 2.05716
369 62.9253 26.3404 1.31939
370 55.2269 33.7822 1.05798
371 5.98563 17.103 2.55029
372 11.3927 1.03802 1.79721
373 54.363 22.3948 1.20759
374 77.0883 91.9689 -2.24379
375 77.1341 23.7089 2.72199
376 12.1708 4.57935 2.64676
377 56.8939 27.5975 1.08523
378 79.5481 22.3834 2.39914
379 55.2943 26.3494 1.86324
380 87.6446 17.2684 2.96799
381 80.62 7.95727 3.15627
382 50.356 19.2509 1.17288
383 65.0729 28.5469 1.73014
384 75.4774 23.0394 2.35137
385 36.724 61.6107 0.580706
386 25.6931 63.6118 1.48811
387 77.6722 14.2603 2.49233
388 91.0315 19.6464 2.54379
389 72.7917 16.6524 2.70354
390 1.88161 11.7776 2.43503
391 6.49399 5.38885 2.04004
392 73.1766 14.2229 2.99094
393 87.7013 24.2065 2.62686
394 50.1092 21.6373 1.38725
395 8.3197 8.22389 2.63186
396 5.42194 36.3307 -2.73018
397 50.9357 30.5305 1.79552
398 60.7324 25.9916 1.98567
399 99.3913 14.8108 2.062
400 2.40459 2.18509 1.79529
401 68.6183 26.3793 2.44455
402 82.6255 12.6612 2.72913
403 48.5559 18.0418 1.39298
404 82.4362 19.0404 2.02594
405 93.8239 8.58111 2.36401
406 4.57031 91.4392 2.27544
407 51.6489 20.3262 1.9738
408 61.569 16.0321 2.14456
409 57.7375 22.8231 1.33522
410 2.66643 3.624 1.84578
411 47.2837 29.2513 1.95604
412 92.3459 14.5941 2.53005
413 4.90155 4.55455 2.07874
414 86.9449 23.8815 2.59349
415 63.4422 30.9229 1.35386
416 71.6484 22.9394 2.1959
417 2.29755 3.52579 2.75504
418 8.70665 13.9489 2.54996
419 65.7418 27.8053 1.52824
420 76.5216 19.2577 2.79667
421 4.07649 11.3662 2.61565
422 7.5449 4.15558 2.49751
423 56.9094 22.2075 1.51451
424 7.52804 35.9342 -2.67959
425 53.1908 16.3829 2.02652
426 55.4406 27.7723 1.31168
427 73.1601 93.8124 -2.47658
428 84.6936 22.17 2.45406
429 88.9827 20.7698 2.72325
430 92.3785 21.4991 3.048
431 79.3788 25.0029 2.88158
432 6.34764 19.6437 3.06604
433 58.8325 25.2559 1.83907
434 80.7878 19.8195 2.11424
435 78.0423 85.1296 -2.88773
436 94.8811 20.4809 3.09109
437 78.2219 16.3204 3.07486
438 12.4822 93.5761 1.87949
439 56.3552 25.0062 2.02407
440 87.3858 11.5801 2.61585
441 3.54089 90.4682 1.72313
442 50.6769 22.2497 2.01273
443 80.7045 12.9271 2.34169
444 82.5451 24.7513 2.81345
445 77.2534 11.3803 2.43846
446 84.7602 76.4572 2.43145
447 4.55888 96.1041 2.06964
448 15.4016 44.1696 2.48005
449 90.2955 11.3908 3.06626
450 5.02103 7.52653 2.49556
451 84.2088 16.1025 2.60015
452 75.7455 93.6617 -2.34644
453 88.9423 15.3696 2.24087
454 71.4876 93.6159 -2.7891
455 67.8469 29.0619 1.74367
456 0.413479 1.4187 2.32032
457 8.66607 0.994567 2.36145
458 26.6954 23.4483 0.344881
459 75.4351 31.5904 2.25849
460 77.8007 16.957 2.74258
461 57.8608 34.4885 1.25509
462 84.6568 25.0378 2.6257
463 11.4205 5.37974 1.84013
464 86.1343 26.8734 2.52005
465 6.97635 7.50198 2.34422
466 88.1465 20.8721 2.98407
467 54.8871 23.475 1.99144
468 73.0693 16.9911 2.56993
469 97.3215 18.8762 2.63223
470 97.0998 8.50005 2.2468
471 83.7242 22.2522 2.59734
472 84.1127 25.0877 2.51037
473 60.4672 18.7034 2.27533
474 13.9298 40.3201 2.70304
475 3.91969 93.7607 2.59233
476 90.1002 38.1972 2.67243
477 83.6464 15.2918 2.95169
478 76.8786 26.6416 2.12189
479 62.6718 29.7722 1.15016
480 10.7327 99.866 2.17016
481 72.5097 24.2945 2.39714
482 83.8059 13.9738 2.72915
483 3.5713 8.4303 2.78462
484 69.7217 17.5278 2.6589
485 71.6522 14.4719 2.8807
486 91.3406 15.8233 2.32671
487 89.3277 21.7223 2.87981
488 99.0033 16.8933 2.44366
489 69.8284 27.7025 2.05137
490 50.351 43.496 -1.09037
491 86.0144 16.9718 2.48686
492 84.3435 27.1819 2.1472
493 83.2899 22.0744 2.77015
494 85.1739 15.2062 2.96334
495 76.3941 20.7819 2.83665
496 50.9071 27.6639 1.36059
497 9.47689 34.8609 -2.11217
498 92.006 19.328 2.92381
499 87.5929 33.7083 2.37277
