500
Particles
0 12.6562 57.1282 2.08428
1 50.1144 59.8961 1.92474
2 22.9509 94.8152 2.39564
3 61.0706 100.319 1.70203
4 76.5847 61.5788 1.31445
5 18.7469 50.6303 2.53194
6 31.0981 82.5348 2.449
7 74.2744 8.31968 1.27685
8 50.3218 66.6467 1.64566
9 50.5004 69.4649 1.90385
10 37.2789 63.8449 1.82861
11 22.7433 91.8746 2.48281
12 24.6434 91.9827 2.73157
13 83.042 53.0378 1.67101
14 80.8331 65.2926 1.03951
15 96.7398 56.4831 1.67159
16 47.858 70.5568 2.41661
17 76.2498 80.1847 1.55595
18 75.4171 70.9149 1.42621
19 61.8844 94.9789 1.71665
20 61.5342 0.872513 1.24392
21 13.0949 71.454 2.73771
22 36.1293 75.6906 2.5263
23 82.4261 57.5585 1.94974
24 66.6614 3.80282 1.33295
25 21.1715 63.8086 2.60578
26 16.8793 43.8115 2.67738
27 7.85267 81.4183 2.82664
28 22.6799 72.4415 2.44805
29 35.18 8.05258 -2.21126
30 57.5024 13.16 2.27035
31 31.8029 75.2102 2.46221
32 50.4368 99.066 0.92324
33 67.0541 9.79209 1.49297
34 26.5624 66.1018 2.31048
35 74.498 74.8879 1.28557
36 58.4826 19.5259 1.87349
37 35.3714 90.3408 2.32094
38 20.2091 67.2703 1.908
39 78.3998 58.4857 1.74763
40 29.2123 64.4177 2.67532
41 75.9953 59.033 1.41238
42 43.9072 73.4932 2.05878
43 64.1197 0.683809 1.78395
44 49.2467 61.8601 1.54433
45 42.3533 68.6739 1.85805
46 27.5463 68.9504 1.67009
47 78.4916 99.4691 1.11877
48 34.4539 68.9332 1.90404
49 20.5209 56.9525 2.71807
50 82.0478 75.5525 0.920924
51 37.9171 76.3354 2.62265
52 67.7688 2.6429 1.1097
53 57.3897 19.1484 1.9191
54 80.3513 62.6828 1.86532
55 68.8951 96.7008 1.35823
56 83.3069 64.5337 1.50232
57 34.0808 55.4933 2.34403
58 80.7894 68.0887 1.30797
59 20.9166 65.1321 2.68929
60 80.699 73.3833 1.05935
61 35.7276 65.6868 2.13968
62 47.3073 64.2772 1.56153
63 48.0702 53.3202 2.21599
64 24.7019 85.251 2.39411
65 74.3117 0.747726 1.86348
66 78.3186 76.3973 1.36212
67 78.0579 76.235 1.27608
68 72.67 97.9691 1.02528
69 40.4703 59.1494 2.2529
70 32.3951 87.42 2.45383
71 28.8441 68.2657 2.16505
72 79.0426 73.1147 1.22015
73 37.9151 89.335 2.16265
74 31.6488 57.6948 2.7122
75 74.8195 5.67262 1.35785
76 36.0177 59.467 1.86404
77 35.963 87.0334 2.33648
78 15.868 35.4623 3.07808
79 81.8815 70.0628 1.44438
80 32.5425 63.4801 1.8507
81 77.1279 74.3568 1.30763
82 59.2035 91.9397 1.17179
83 73.6516 67.184 1.69218
84 70.3084 93.7077 1.5587
85 33.0266 65.7651 2.09422
86 33.5156 63.7498 1.85246
87 37.6542 84.8197 2.67599
88 69.7485 96.0439 1.70042
89 29.9684 58.8123 2.53243
90 67.5586 3.87236 1.65626
91 31.8041 76.43 2.28388
92 36.97 83.8384 2.18287
93 75.7416 61.8874 1.87718
94 34.465 66.4658 2.60494
95 63.4242 95.6819 1.66948
96 14.8917 76.9371 2.79652
97 35.3065 90.4973 1.87992
98 28.9728 58.4187 1.9024
99 36.0291 82.8004 2.51361
100 68.2049 3.23544 1.1198
101 78.9359 72.0338 1.13071
102 38.6506 65.6948 1.83417
103 25.9243 62.3133 2.17279
104 36.7027 72.5474 2.16606
105 65.9918 5.10069 1.34763
106 81.1853 62.2096 1.21113
107 15.2685 64.7314 1.74883
108 35.2037 74.0499 2.22308
109 90.7275 69.9349 2.31363
110 78.1066 6.75131 1.54384
111 37.7599 90.6223 2.11467
112 62.4403 99.3061 1.19272
113 31.9137 81.1349 2.31536
114 12.2907 80.9171 2.57576
115 26.8931 92.3026 2.37654
116 32.2368 53.6598 2.14599
117 28.1184 72.2888 2.40269
118 56.5939 1.90428 1.85114
119 78.756 64.725 1.0981
120 19.2347 60.1619 1.95667
121 68.5695 71.7521 1.68386
122 33.516 68.6798 2.70508
123 65.1235 66.2243 2.21673
124 19.5809 97.6411 1.70733
125 73.3048 96.1093 0.931156
126 44.825 78.645 2.68575
127 78.1606 55.801 1.42756
128 68.058 3.92532 0.869271
129 9.65762 82.6682 2.75029
130 20.9014 70.4778 2.71202
131 34.3243 61.5698 2.38775
132 75.7047 97.0728 0.945121
133 75.7764 99.3319 1.57861
134 19.8401 54.7507 2.89352
135 37.9688 89.0887 2.29492
136 29.4201 55.4644 2.81329
137 25.3307 85.075 2.12393
138 36.8568 67.0686 2.04233
139 22.8185 61.0703 2.87505
140 37.7597 63.165 2.09236
141 71.6418 97.2306 1.80143
142 76.7748 64.7546 1.38667
143 48.6652 73.8508 2.03958
144 24.5522 87.4081 2.82065
145 10.9882 85.429 2.47086
146 17.3728 64.7672 2.44643
147 65.7411 9.77075 0.822691
148 38.1911 88.861 2.14838
149 76.799 74.6907 1.09216
150 40.3286 67.2388 2.61243
151 57.0335 98.1382 1.73323
152 31.8244 57.2893 1.92798
153 35.0117 72.6102 2.13581
154 47.9501 71.7342 1.69093
155 78.0013 0.548756 1.50907
156 54.6637 67.2228 2.072
157 47.8656 82.6347 2.06357
158 17.0699 46.2333 2.02385
159 54.2052 79.6937 1.92481
160 63.3811 11.2253 1.74439
161 50.6145 78.48 1.79404
162 75.8571 75.8851 0.862229
163 67.9519 94.3254 0.852343
164 74.5096 2.98425 0.733551
165 72.7958 72.7918 1.4106
166 68.9997 94.79 1.1305
167 41.1188 92.2203 2.55846
168 82.4388 71.6566 1.57098
169 73.3933 1.14684 1.46531
170 68.7736 57.8484 1.78376
171 29.3878 81.8439 2.55586
172 12.999 60.3521 1.98017
173 39.2746 63.3174 2.06444
174 15.6316 43.4772 2.4337
175 73.8929 95.0256 1.85721
176 30.5783 13.1659 -2.68333
177 26.3848 61.1345 2.31959
178 67.4882 2.86393 1.35848
179 25.2931 74.9512 2.00422
180 31.0318 82.8534 2.06384
181 51.5265 71.439 2.29575
182 87.0851 65.0735 1.61098
183 13.3448 56.732 2.82583
184 36.8662 83.1453 1.82561
185 74.4986 0.837752 1.48063
186 37.8726 71.6891 2.15151
187 58.7792 99.6867 1.59396
188 63.0619 62.4185 1.55342
189 19.9403 93.0604 2.5076
190 17.3058 47.3797 1.9552
191 27.9219 89.4337 2.07244
192 28.6703 54.4408 2.40535
193 38.0893 78.9069 2.64296
194 30.7203 62.0362 2.55675
195 25.4497 82.374 2.88064
196 22.2199 58.6908 2.77203
197 32.7834 61.3186 2.08464
198 34.9094 82.8163 2.02695
199 19.6818 51.9327 2.10646
200 36.0916 85.9249 2.09129
201 36.337 6.36313 -2.09445
202 65.4101 4.09723 1.61769
203 55.197 81.0701 2.42694
204 16.5564 43.0028 1.97972
205 41.0506 90.9339 2.45253
206 29.1562 62.5626 2.47071
207 23.3526 68.3968 2.05566
208 65.7453 92.2957 1.22742
209 57.2991 1.3126 1.46249
210 80.1644 73.5593 1.40003
211 35.1491 69.6027 2.15401
212 76.2165 98.3218 1.2622
213 56.5295 96.1087 0.843942
214 60.6 60.4432 2.10655
215 16.5397 68.0747 2.54686
216 43.7191 73.7114 1.92981
217 24.0429 79.647 2.4313
218 79.1662 93.2012 1.35761
219 78.4129 81.0112 1.16829
220 36.8485 89.6921 2.40572
221 40.562 79.4473 2.35546
222 36.1249 90.3384 2.61665
223 69.7013 6.64518 0.807149
224 60.244 1.2997 1.76209
225 27.3792 93.3933 1.81754
226 47.9241 69.0162 2.20844
227 36.9399 72.0834 1.85949
228 35.184 64.1915 2.38757
229 35.9307 63.5426 2.52465
230 82.4372 54.8236 1.75346
231 83.0326 72.0116 0.979169
232 36.4712 80.4778 1.8222
233 30.4515 68.9144 2.57988
234 21.6055 59.9484 2.21454
235 83.4932 61.8672 1.17159
236 47.3598 67.6196 1.94834
237 22.7101 94.7654 1.86173
238 84.2058 63.8466 1.84235
239 76.1246 64.2154 1.80794
240 20.6092 86.5278 2.56911
241 51.3831 65.864 1.9742
242 42.2985 77.5059 2.69121
243 36.2396 85.3077 1.8891
244 51.3794 78.7196 2.22657
245 38.1742 75.7747 2.59893
246 35.502 65.4736 2.28698
247 73.0547 36.6305 1.15273
248 77.4778 64.8441 1.53584
249 30.5345 56.8117 2.4368
250 6.24219 81.0676 2.42261
251 14.8748 89.6675 2.46424
252 71.0002 7.02926 0.905525
253 60.9771 2.52274 1.67517
254 35.7574 62.9397 2.60775
255 76.9683 74.4251 1.42662
256 42.3479 75.8601 2.53375
257 35.1814 65.1056 2.54506
258 54.8363 70.9549 1.66803
259 85.3449 63.4925 1.8299
260 19.0907 49.1941 2.07189
261 78.8595 66.3708 1.1471
262 42.3895 69.8451 2.34251
263 33.7736 78.0084 2.28816
264 62.6105 10.542 1.49093
265 32.6412 61.5087 2.34657
266 25.7369 58.436 2.51771
267 21.7476 85.8001 2.24155
268 22.6924 63.6927 2.53396
269 6.44307 82.899 2.78762
270 83.1212 67.8484 1.67941
271 87.4319 66.1091 1.6971
272 49.864 95.7603 1.02625
273 24.9771 63.4268 2.15399
274 31.7463 72.7064 2.15232
275 34.5621 62.8497 1.85039
276 25.001 55.9982 1.87152
277 33.9867 81.4256 1.85311
278 45.2925 55.0931 2.41737
279 42.0601 77.9468 2.87001
280 84.9289 68.2427 1.61894
281 36.2187 69.0225 2.15868
282 81.0253 64.4567 1.82836
283 45.6313 98.6634 1.85764
284 41.1768 58.006 2.7345
285 33.1388 86.4927 2.17825
286 73.4771 57.53 1.55477
287 33.0416 65.3115 2.69351
288 65.5557 96.468 1.05445
289 42.7107 60.4374 1.99082
290 31.4494 70.1193 2.73454
291 55.2347 63.3923 1.87401
292 73.3166 100.218 1.34519
293 28.9614 71.3065 2.6833
294 86.4082 63.7189 1.90233
295 8.56613 74.9637 3.24865
296 38.6723 83.9852 2.38935
297 45.0997 70.2399 2.09442
298 57.9092 65.782 1.33929
299 35.654 91.6291 2.10707
300 29.1962 63.3961 2.31015
301 80.1041 74.574 0.90754
302 18.397 59.7022 2.78862
303 34.4931 66.1291 2.44135
304 49.3371 55.3079 1.89099
305 20.1678 92.3406 2.3535
306 63.4258 6.37507 1.29509
307 21.4878 92.502 2.18896
308 79.1217 68.793 1.52072
309 30.6211 73.8124 1.99871
310 65.6514 7.91441 1.73898
311 87.7114 59.5875 1.79863
312 37.0602 75.8276 2.30507
313 60.0905 97.1956 1.70608
314 78.6874 79.1801 0.777302
315 35.6586 70.4756 2.05657
316 36.5203 83.8906 1.82995
317 82.3801 69.9127 1.30206
318 26.3934 92.7133 1.99022
319 34.3941 90.8775 1.71662
320 34.9535 89.3383 1.79698
321 76.6801 78.3099 1.29728
322 38.2762 87.4822 2.05021
323 80.4682 70.2227 1.4681
324 45.9309 12.6646 -0.395661
325 44.2409 73.8184 1.86862
326 34.0694 61.7981 2.739
327 31.0832 67.2474 2.58356
328 41.3527 86.0236 2.53663
329 65.0143 96.8112 1.63066
330 59.5852 95.9337 1.19665
331 71.1654 10.0341 1.51954
332 59.9945 97.4609 1.75675
333 36.4585 84.0119 1.98324
334 78.1986 60.6087 1.42135
335 29.3794 90.4326 1.908
336 38.6514 89.1665 1.91886
337 78.1524 62.6174 1.72804
338 40.2191 71.5103 1.76035
339 35.1701 66.9169 2.68353
340 0.161481 64.405 2.02976
341 75.8675 67.846 1.79985
342 78.0099 71.0985 1.2987
343 44.6689 77.2324 2.78309
344 38.3173 68.0555 1.82145
345 69.4554 100.44 1.1162
346 75.0971 59.141 1.47875
347 19.3166 49.3595 2.74377
348 64.2399 62.3571 1.63749
349 15.5144 37.4847 2.83397
350 38.082 74.6227 2.6224
351 51.4142 67.1521 2.32718
352 50.5215 61.5475 2.02327
353 70.3846 5.13523 0.87843
354 27.9894 56.9021 2.28588
355 37.4409 60.6336 2.2882
356 39.3014 86.585 2.29705
357 77.0444 2.53348 1.58399
358 84.0912 69.0287 1.66762
359 22.6942 65.3449 2.09218
360 73.9527 80.7059 1.01639
361 17.3327 54.9345 3.05418
362 17.5162 80.1107 2.16084
363 34.0552 63.3574 2.65634
364 67.822 10.8379 1.29653
365 34.6325 76.5497 2.41746
366 35.1044 85.4098 1.88375
367 38.4998 89.9338 1.68977
368 15.1306 61.7284 2.72844
369 62.819 96.0837 1.63771
370 60.3383 3.52609 1.48373
371 76.0632 73.5864 1.87738
372 88.7766 64.6041 1.92658
373 35.507 87.4091 2.04758
374 16.208 89.4887 2.36136
375 37.7282 80.3662 2.22358
376 92.9346 67.8983 2.50369
377 53.5038 97.367 1.56038
378 30.4145 72.2356 2.16987
379 38.0591 92.9027 1.77762
380 37.1435 65.1491 1.81151
381 21.2586 44.7645 1.81005
382 24.6187 81.6982 2.37826
383 69.4845 98.5758 0.870514
384 36.8418 80.804 2.57064
385 70.0014 8.99491 0.941171
386 59.3358 17.5866 1.94843
387 21.7077 56.0669 1.99714
388 43.4941 69.9454 1.99739
389 20.4896 63.4047 2.17426
390 73.2978 69.4246 1.97705
391 81.1258 67.837 1.62087
392 19.4808 60.2226 2.47813
393 42.9075 76.7516 2.66652
394 25.2742 84.8774 2.18781
395 83.0794 69.9505 0.992948
396 78.2345 79.8294 1.43565
397 23.5901 89.1744 2.22074
398 60.803 95.9568 1.4678
399 54.0513 65.4886 1.73161
400 75.1308 63.2107 1.11711
401 61.5479 95.0058 0.860862
402 29.2049 56.9008 2.02788
403 15.6122 71.9674 3.10375
404 32.3689 67.5234 2.64184
405 49.8098 60.361 1.4274
406 81.0344 52.3727 1.81886
407 28.2276 83.2164 2.32199
408 15.8678 67.2585 2.22487
409 43.9297 89.6289 2.3387
410 78.3607 65.6329 1.31778
411 15.9254 84.0758 2.41803
412 42.289 63.6988 2.37995
413 76.7776 65.4523 1.10063
414 42.1093 76.2435 2.15799
415 70.4158 100.419 1.65072
416 37.7858 83.2361 2.15785
417 74.2606 63.0567 1.60386
418 81.4142 73.4008 1.7481
419 67.3987 97.4273 0.953784
420 28.8104 70.1115 1.88144
421 77.8142 72.4737 1.38634
422 82.9323 66.6506 1.82667
423 37.5323 87.5243 1.96066
424 79.8806 77.3171 1.60478
425 28.9401 79.7763 2.50157
426 46.0115 96.5108 1.50626
427 13.5524 89.2548 2.83598
428 35.4705 71.3383 2.32601
429 41.6122 72.026 2.70993
430 47.4208 74.0848 1.73586
431 37.1787 79.3296 2.2845
432 76.3926 75.7773 1.43337
433 45.279 94.1533 1.52809
434 28.2196 65.5191 2.46787
435 70.8502 9.55362 1.62927
436 51.8249 73.6812 2.44069
437 23.4673 60.258 1.94672
438 32.2601 9.58639 -2.59205
439 37.6431 90.9234 1.98523
440 38.9409 60.4638 2.32338
441 79.6432 53.0088 1.42405
442 28.008 86.4022 2.42501
443 23.0179 53.1378 2.7635
444 37.6964 77.7712 2.56561
445 17.3692 47.5502 2.23439
446 77.1938 8.94182 1.04449
447 79.769 57.126 1.38208
448 94.7137 67.7041 2.18717
449 40.9812 59.2054 2.37015
450 77.4903 69.5425 1.609
451 29.2347 59.7741 2.41117
452 15.6552 91.0113 2.73959
453 39.3854 64.5537 1.81287
454 11.0492 84.0306 2.10572
455 71.7936 98.8232 0.878589
456 71.449 61.8704 1.76791
457 83.1014 63.8337 1.60672
458 96.3943 64.1075 2.87173
459 75.1054 98.5513 1.36239
460 24.1755 62.5427 2.35938
461 64.7515 3.71317 0.850947
462 39.5807 77.6661 1.9129
463 87.4746 67.1629 1.31113
464 41.1302 79.0925 2.32551
465 78.6492 68.1535 1.41706
466 42.1701 72.4496 2.23692
467 38.2421 89.324 2.19323
468 19.4736 62.0574 2.65724
469 52.6016 69.3608 1.62867
470 52.8756 60.0893 2.04395
471 35.2387 72.9759 1.79424
472 40.7591 78.557 2.3554
473 36.6411 83.0846 2.38717
474 25.8376 30.1388 1.50034
475 81.3405 55.4022 1.51471
476 78.4253 3.21295 1.44855
477 35.3635 65.1171 2.29478
478 71.2115 91.9023 0.931886
479 68.5911 99.1403 1.47348
480 96.0117 59.4884 1.58054
481 39.0466 84.6116 2.41435
482 27.7441 55.4788 2.23021
483 76.4447 69.9775 1.62407
484 17.9842 65.932 2.08123
485 14.8769 55.3063 2.35153
486 41.6944 64.8418 1.91943
487 42.8182 73.3816 2.50321
488 51.5847 65.4731 1.81304
489 68.0715 96.8649 1.13456
490 73.9032 6.4654 0.99385
491 34.4352 64.706 2.46234
492 40.566 80.5772 1.95885
493 35.6922 72.5047 2.34947
494 33.5416 62.0478 2.57541
495 27.6885 70.9657 2.49191
496 24.6151 89.2544 2.17407
497 82.43 73.7821 1.26852
498 44.5243 70.3759 1.79065
499 77.3313 95.2683 1.339
