500
Particles
0 43.0548 29.7804 -3.09329
1 23.3342 28.8403 1.07317
2 19.3051 35.8369 0.382954
3 67.529 25.8656 -2.58392
4 25.2271 12.0803 0.202192
5 27.4445 46.0235 2.27492
6 31.9312 26.4844 0.635166
7 87.8029 99.3237 -0.600354
8 60.0781 23.1363 -2.22257
9 63.1562 29.705 -2.01505
10 61.7821 14.3666 -2.12111
11 84.3466 92.6416 0.0232544
12 70.6067 30.2467 -1.8964
13 41.9338 92.4913 -1.17208
14 27.7841 14.0859 0.348279
15 71.1287 44.9049 -2.96147
16 67.5971 34.3153 -2.43957
17 37.6836 13.9726 -2.61529
18 26.3828 26.229 0.483427
19 15.7647 99.2772 -0.316924
20 66.5451 24.746 -2.03866
21 32.8808 24.8977 1.06358
22 49.5539 15.7791 -1.48045
23 39.8429 15.62 -2.23169
24 12.5512 44.7696 -1.67119
25 25.1645 50.783 1.33749
26 29.1219 45.9108 1.8034
27 89.4595 88.3019 0.25451
28 41.6556 32.0824 2.84313
29 40.8505 15.2093 -2.85503
30 23.6074 39.0915 0.848508
31 8.20193 98.9258 0.880313
32 64.171 19.7518 -1.79171
33 20.2139 35.0258 1.23288
34 50.7197 19.6853 -2.34512
35 35.8892 41.1205 1.4643
36 83.5234 95.4083 0.595859
37 31.9269 31.3987 0.828015
38 1.74247 49.3646 0.692817
39 23.1841 12.5785 -0.301903
40 56.0879 11.8347 -1.95153
41 41.9959 92.6434 -1.61837
42 57.0737 29.282 -1.96328
43 91.4363 70.879 1.75967
44 24.0137 33.7392 1.22351
45 63.394 34.14 -2.38442
46 50.2759 30.7871 -2.11251
47 35.6003 11.1725 -2.6809
48 54.5732 22.4201 -1.71791
49 26.9412 45.7162 2.23593
50 65.2781 25.6579 -1.95824
51 50.9099 34.7974 -2.54684
52 11.7919 42.7026 -1.49746
53 84.417 92.2681 0.422681
54 40.2645 19.0303 -2.92021
55 33.8813 88.1925 -2.20236
56 43.62 22.0233 -2.48549
57 39.5135 49.4347 2.7827
58 38.1047 20.5457 -2.85748
59 26.6358 48.758 1.9339
60 28.4154 34.5421 0.950582
61 56.0443 25.8499 -2.67218
62 35.9603 43.1328 2.09221
63 22.7652 24.5191 0.589913
64 27.3851 31.9478 0.906092
65 30.0152 -0.214678 -2.31309
66 29.9965 38.0706 1.05643
67 33.2688 39.4884 1.71285
68 27.2312 95.4091 -2.53767
69 38.7465 43.7925 1.82219
70 31.9826 28.9085 1.07396
71 30.0276 51.2206 2.02695
72 26.6956 34.0288 0.625272
73 36.5915 30.77 1.39617
74 32.1121 44.9548 1.37626
75 55.9309 77.7815 -1.57066
76 35.9692 45.7825 2.03596
77 28.7998 29.0516 1.2587
78 23.7443 39.1236 1.12918
79 30.9088 21.2704 0.876724
80 34.7565 49.9249 1.98115
81 29.2625 37.0762 0.672259
82 21.3482 92.7185 -2.03576
83 31.0849 17.7909 0.913284
84 29.7217 58.1616 1.64795
85 33.1446 48.3618 1.81174
86 37.8897 52.3941 2.05816
87 25.6888 93.4672 -1.84692
88 1.02449 84.949 -2.16976
89 29.5377 46.2328 2.14869
90 56.1142 74.6116 -1.67587
91 6.24397 99.0142 1.31328
92 27.1638 90.7458 -1.69791
93 39.1382 19.2025 -2.7455
94 56.9746 18.8907 -2.45351
95 39.2454 35.5842 2.59874
96 28.0878 29.5806 0.714327
97 32.4065 33.3148 0.493628
98 29.892 46.1035 2.03469
99 66.8691 18.3716 -1.83022
100 13.647 41.6443 -1.50916
101 25.0606 27.4709 0.811292
102 61.1427 24.2885 -2.07234
103 30.8341 49.8282 1.60944
104 53.4244 27.6391 -2.56426
105 56.0786 73.8765 -1.27058
106 43.9313 22.3107 -2.13324
107 39.158 32.3639 1.59429
108 54.429 32.6989 -2.04787
109 44.2284 25.8923 -2.57683
110 70.8923 24.3093 -2.11862
111 31.7199 32.1677 0.598958
112 64.6526 24.5701 -1.7415
113 35.8019 25.7393 0.726298
114 73.9239 53.061 -2.52069
115 35.0902 37.759 1.03323
116 27.5303 40.226 0.883372
117 27.9154 53.5517 1.92432
118 68.7361 28.7531 -2.11646
119 39.3966 18.1284 -2.24896
120 29.7171 51.2067 2.07109
121 63.2605 21.5912 -2.01249
122 56.0589 20.2086 -2.04635
123 24.4948 25.8176 0.443267
124 36.7443 92.9669 -1.51118
125 31.9559 97.6475 -2.73238
126 92.6413 97.8316 1.27363
127 38.5963 93.2989 -0.928375
128 13.3523 45.2144 -1.83213
129 45.2008 29.5936 -2.68234
130 43.8122 36.9735 -2.95373
131 62.149 12.7207 -2.51741
132 69.8637 75.2968 -0.782182
133 67.5378 78.1901 -0.401803
134 27.9757 44.9711 2.0214
135 33.1759 31.0613 0.894124
136 32.5245 43.5319 1.61588
137 33.3773 30.3507 0.52377
138 57.1094 20.5163 -1.68993
139 33.8118 53.7116 1.98651
140 59.771 26.461 -2.62857
141 30.8849 -0.398972 -1.97385
142 31.4033 17.777 1.19242
143 65.2764 33.7562 -2.23339
144 31.4177 33.1686 1.36101
145 37.9785 28.8579 1.4892
146 45.5404 34.5956 -2.84836
147 18.0538 33.6117 0.389728
148 42.1394 36.0874 -3.31676
149 30.6236 37.2868 1.06376
150 57.3129 27.9335 -1.9279
151 38.262 38.9383 1.38308
152 32.981 45.98 1.56612
153 52.6608 29.2911 -2.44811
154 66.212 34.4758 -1.97767
155 69.452 79.4272 -0.646989
156 62.9319 24.8173 -1.9002
157 57.6125 36.4488 -2.52409
158 28.4576 47.2755 1.43572
159 67.4612 43.0428 -2.51719
160 22.8932 38.3191 0.511222
161 97.7323 99.6971 1.42144
162 64.8146 28.0594 -2.25671
163 29.3155 93.5847 -2.35077
164 42.5081 78.495 0.17351
165 35.5321 40.3335 1.17105
166 27.4833 96.6329 -2.22532
167 33.9705 34.2366 0.818873
168 26.4668 26.0748 0.479759
169 11.9003 37.3226 -1.0809
170 18.4117 31.9614 0.701911
171 30.8924 26.1969 1.32218
172 37.472 29.581 1.56955
173 60.4299 27.3246 -2.17421
174 27.2861 44.619 1.42547
175 0.766815 1.74148 0.435807
176 69.1127 47.4522 -3.03464
177 32.426 51.3873 1.55165
178 10.3801 38.7552 -1.32923
179 41.5867 31.985 3.06073
180 35.7231 27.2604 1.10929
181 64.4465 29.6788 -1.68431
182 42.9093 21.9277 -2.73406
183 73.5676 21.6096 -2.35053
184 22.8391 53.7596 1.69599
185 65.0908 81.1716 -0.817196
186 55.7068 19.4095 -2.36424
187 65.1993 24.0356 -1.9242
188 23.8393 20.7695 0.794272
189 25.6511 38.9249 1.19947
190 25.21 43.5815 1.76261
191 31.9464 34.6868 0.721637
192 34.3349 47.2539 1.86185
193 52.3569 24.0276 -1.65072
194 32.5193 45.7692 1.355
195 29.2107 27.8857 0.728653
196 27.684 45.8788 1.84775
197 37.9773 52.5372 2.63147
198 23.4359 89.8791 -2.56837
199 28.1805 46.0475 2.25114
200 33.031 28.6646 1.36938
201 20.0504 11.1727 -0.178339
202 10.5402 43.5984 -1.79331
203 58.1406 43.0149 -2.09716
204 26.7525 44.4885 1.26531
205 38.5392 31.1847 0.915578
206 35.0173 51.7983 2.00537
207 26.751 51.2043 2.11928
208 25.2144 53.6299 1.97323
209 69.0439 26.5501 -2.46812
210 27.6476 30.2271 1.28591
211 54.7778 15.5744 -2.35185
212 69.1889 77.2751 -1.16876
213 41.177 41.0406 2.15075
214 27.4136 20.4252 -0.131794
215 37.1144 28.0111 1.33903
216 63.0405 37.3431 -1.74421
217 32.6431 25.2011 0.407952
218 57.185 38.6591 -1.94719
219 40.3453 14.1354 -2.88084
220 35.5078 31.613 0.862004
221 56.5398 36.6575 -1.95155
222 29.3508 32.6596 0.878368
223 56.873 79.7801 -1.14903
224 66.6705 23.9262 -2.17254
225 85.9427 93.1419 0.0643767
226 59.815 31.0482 -2.25482
227 57.0025 23.0641 -1.78632
228 40.539 53.0471 3.23031
229 58.3217 31.7658 -1.72388
230 41.3499 91.2992 -1.32039
231 27.4165 32.6845 1.32247
232 4.54599 98.2547 0.956865
233 30.5255 51.5334 1.49919
234 27.9953 47.4556 1.73532
235 44.1058 20.7641 -2.28457
236 60.9163 25.5664 -2.35198
237 26.662 37.9119 0.51078
238 41.8473 18.7272 -2.80782
239 26.123 15.955 -0.0913545
240 69.6423 30.094 -2.25835
241 28.1434 35.3762 0.466047
242 54.0777 34.4717 -2.51401
243 32.8354 28.6863 0.754685
244 95.4422 95.9962 1.06428
245 55.2021 33.9648 -2.02914
246 60.0216 16.8813 -1.7487
247 38.3942 95.1332 -1.62258
248 27.9199 17.7538 0.723608
249 27.534 41.5559 0.882301
250 85.0796 84.6067 -0.419801
251 21.467 39.006 0.72078
252 88.2154 99.8788 0.094439
253 68.0867 96.117 -0.451111
254 61.3445 13.4296 -2.47527
255 29.9714 38.1552 1.15218
256 56.3313 32.6235 -1.92837
257 58.5614 18.8664 -2.34394
258 64.0857 25.4011 -1.68587
259 44.6855 22.3678 -1.9114
260 29.1603 44.7663 1.91853
261 33.5964 16.9616 1.8384
262 63.3388 30.6799 -2.11787
263 31.7054 57.3899 1.47485
264 21.1666 35.4508 1.31883
265 33.0721 48.1774 1.37314
266 33.2159 49.538 1.85836
267 26.9299 31.3776 0.787313
268 43.4738 11.4787 -2.43517
269 84.2673 87.5342 -0.432327
270 38.3381 21.1656 -3.07769
271 44.8945 23.0732 -1.7539
272 41.898 51.522 3.49435
273 27.4826 48.0481 1.80245
274 32.4763 54.2181 1.85592
275 56.4794 27.1088 -1.92581
276 30.1746 44.981 1.63234
277 36.8079 31.0674 1.23777
278 20.4276 29.7727 1.42936
279 56.5134 36.2054 -2.37816
280 31.8171 16.273 1.05531
281 57.3302 22.3001 -2.12639
282 39.7763 18.5847 -2.82805
283 32.9075 38.4938 1.49462
284 27.4404 38.0371 1.04055
285 30.9467 29.9225 0.836512
286 37.9516 93.94 -1.71178
287 56.2365 18.1811 -2.27538
288 68.0161 22.6611 -2.19774
289 23.7115 33.4532 1.00445
290 50.3318 25.5579 -2.41423
291 24.0362 30.4946 0.859209
292 92.506 72.1256 1.70238
293 31.3127 54.8239 1.30569
294 42.2033 17.8182 -2.94482
295 89.1278 2.06341 -1.02401
296 25.2421 53.8922 1.52357
297 63.7877 28.7375 -1.83759
298 24.948 31.9668 0.613487
299 34.0153 32.9523 0.82671
300 32.0778 49.806 1.8664
301 29.4276 36.1589 0.715648
302 4.94549 49.6968 0.469316
303 55.5763 22.2394 -2.12338
304 22.7617 26.3578 1.07901
305 26.3065 40.4864 1.04647
306 84.485 95.3606 0.0179596
307 24.095 36.4943 0.720392
308 34.6084 17.3521 2.76425
309 33.047 53.2261 1.69229
310 87.0839 90.4135 -0.411614
311 44.8348 90.8164 -1.13861
312 53.8074 35.1017 -2.34892
313 37.4028 39.4769 1.88981
314 64.9783 43.3985 -2.70475
315 55.0264 25.258 -1.96437
316 33.4121 29.0229 1.167
317 32.1133 20.4198 1.27387
318 69.4751 30.9712 -2.70917
319 29.838 34.1846 0.927718
320 31.0422 31.5425 1.35426
321 39.3004 14.4082 -2.98647
322 31.9533 30.2886 0.9963
323 29.8975 21.4171 1.08209
324 25.4779 38.2879 1.05151
325 58.6036 32.0446 -1.85183
326 59.9991 15.1453 -1.8605
327 32.9504 50.5793 2.23806
328 23.4692 55.6354 1.93464
329 65.0575 21.698 -2.55222
330 39.6573 37.2595 1.89902
331 69.879 77.0565 -0.936759
332 65.0112 20.7877 -2.16363
333 19.8901 91.3869 -3.00758
334 23.2792 13.1238 0.0898791
335 31.416 33.9579 0.915663
336 34.9687 30.9206 0.557949
337 26.464 14.7753 -0.294274
338 58.0667 30.2369 -1.61707
339 58.0459 16.1339 -2.13281
340 27.3272 27.0412 1.34325
341 24.9345 19.9895 -0.124018
342 26.0483 27.759 1.20266
343 59.9037 36.0333 -1.60501
344 58.1735 22.9541 -2.54252
345 93.2442 69.0586 1.60029
346 43.8179 93.9997 -0.994241
347 30.1017 45.9977 1.94342
348 26.9744 19.0327 0.69686
349 24.9667 41.1993 0.859276
350 55.8995 31.8608 -2.11844
351 62.6363 25.66 -2.14117
352 22.3538 30.6047 0.60863
353 57.0797 77.1761 -1.90347
354 31.9601 47.3681 1.88835
355 62.0856 16.2244 -1.78455
356 66.8151 19.2674 -2.23437
357 77.8498 82.3684 -0.944974
358 35.0348 19.7527 -2.7716
359 28.4649 52.3392 1.73672
360 64.5139 40.8199 -2.58813
361 25.2204 46.0331 2.02286
362 29.4064 28.7582 0.568879
363 37.27 49.4018 2.30433
364 20.9633 35.4685 1.30516
365 49.6865 30.6405 -1.86526
366 33.6333 28.257 1.43106
367 39.9575 31.2838 1.30535
368 43.7715 34.0917 -3.14563
369 94.1639 67.5008 1.85016
370 71.7847 32.7196 -2.43921
371 30.7011 38.0267 1.39312
372 42.568 18.5393 -1.99447
373 35.6952 29.0047 1.12509
374 22.7978 37.0811 0.671737
375 48.4241 29.6356 -1.90637
376 43.8278 25.0636 -2.45133
377 34.8236 36.3094 0.965351
378 50.9972 33.6381 -2.5406
379 35.4845 33.7702 0.764875
380 59.1043 29.0457 -1.89754
381 32.056 44.8321 2.26824
382 30.6775 25.587 0.908979
383 13.9415 39.7075 -1.96533
384 29.355 55.6102 1.1394
385 88.7739 93.0305 0.616795
386 82.5876 95.2605 -0.374051
387 32.8076 49.5221 1.94734
388 62.3991 30.9467 -1.75734
389 26.568 48.2958 1.79835
390 24.0116 30.657 0.734543
391 36.7103 18.3787 -3.30118
392 92.8026 55.4075 0.794102
393 57.7415 34.3075 -2.28012
394 31.0621 28.886 1.11867
395 33.9104 21.1079 1.96955
396 38.9324 13.367 -2.64665
397 32.8382 38.4429 1.25611
398 65.8512 13.7907 -1.95693
399 33.707 38.9389 1.72784
400 29.3252 14.0295 0.808319
401 28.4635 94.108 -1.7665
402 35.9026 49.235 2.25296
403 29.4561 25.3034 0.800906
404 34.904 52.0499 1.63666
405 20.3033 30.2448 1.40515
406 38.6251 92.0725 -1.14043
407 31.2633 27.5627 0.734315
408 35.3613 28.5458 0.896545
409 34.604 31.7197 0.973577
410 27.2246 15.3845 0.615894
411 74.8029 51.7339 -2.50209
412 37.2625 47.6825 2.20962
413 34.5803 16.685 1.99996
414 56.2904 31.6357 -2.16356
415 92.7613 72.0077 1.7832
416 23.6054 51.8304 1.32511
417 31.7888 16.423 0.2601
418 28.9413 31.0186 0.77006
419 21.1789 7.66645 0.103623
420 29.5197 51.7529 2.18481
421 24.3099 27.9251 1.15846
422 40.9264 21.2985 -2.22354
423 34.8032 29.2752 1.24284
424 68.9573 46.5584 -2.43319
425 32.5267 24.7882 1.03642
426 35.2925 35.13 1.62067
427 21.5986 38.6291 1.29732
428 53.7208 31.1832 -1.86901
429 59.275 30.7638 -1.82265
430 96.3448 98.5726 1.24408
431 50.5243 31.3122 -2.60742
432 62.4317 24.3133 -1.93832
433 36.0934 36.4655 1.05876
434 54.0235 16.1213 -1.83392
435 17.6716 33.6255 0.294633
436 64.8068 30.6909 -2.40267
437 30.4509 50.2005 1.26261
438 21.5224 11.1643 0.030904
439 36.9433 32.5893 1.02367
440 33.3515 41.956 1.55099
441 41.1872 82.2264 -0.438317
442 29.9433 29.5072 0.869933
443 30.8477 48.415 1.81083
444 54.5475 32.1811 -1.58474
445 25.0039 42.9687 1.75645
446 40.3304 89.6809 -1.33978
447 41.1583 95.5245 -1.24793
448 72.8938 48.4977 -2.36941
449 28.4437 38.1387 1.20585
450 29.7023 19.5829 0.351028
451 35.3862 48.5821 2.5948
452 25.3593 39.6541 1.05472
453 60.5341 28.2417 -1.87275
454 39.7114 27.8569 1.1745
455 23.3012 98.1056 -2.56494
456 24.591 15.1822 -0.0124752
457 43.4295 18.8031 -2.07253
458 67.1036 28.7395 -2.42525
459 31.9364 4.15098 -1.74372
460 27.7767 45.804 1.63586
461 57.6287 74.4989 -1.68032
462 55.6892 33.827 -2.10323
463 44.3797 25.0438 -2.51657
464 58.1339 38.6239 -1.99035
465 35.8344 20.2791 -3.14498
466 59.1507 34.0278 -2.41748
467 31.989 31.0162 1.38278
468 25.701 49.0018 1.63047
469 61.9003 28.5705 -1.74857
470 23.9588 27.6349 0.595998
471 55.2478 34.1588 -2.32725
472 53.0782 36.0023 -2.06696
473 36.0573 29.3444 0.919231
474 70.8489 47.0044 -3.15161
475 40.9063 92.5583 -1.14355
476 68.2693 77.9245 -0.804015
477 37.4826 52.4145 2.78561
478 3.96615 0.966205 0.867849
479 95.2262 69.7681 1.1744
480 42.4824 17.4884 -2.57283
481 25.1346 52.6198 1.74865
482 31.6656 45.5537 1.40162
483 29.3098 22.9615 0.87487
484 1.54619 53.3974 0.855733
485 3.80837 49.4009 0.732092
486 60.5772 27.4056 -1.84732
487 63.7881 36.9838 -2.34436
488 34.5377 41.938 1.76268
489 26.1295 96.9844 -2.1488
490 88.7877 0.724824 -0.780319
491 58.5382 19.8472 -2.62189
492 54.1419 32.8222 -2.14131
493 53.8768 21.2387 -1.88285
494 58.8288 17.1687 -2.242
495 30.101 52.8064 1.88098
496 30.1622 35.0724 0.537056
497 69.9585 42.7749 -2.65581
498 59.5397 31.2812 -2.10638
499 32.5659 1.68886 -1.47473
