500
Particles
0 16.4926 55.1514 2.41173
1 52.3348 56.0599 2.52488
2 26.1231 91.8458 2.01567
3 60.9529 95.9069 1.45922
4 77.4043 57.3843 1.79581
5 21.8872 47.752 2.39501
6 34.1278 79.45 2.57074
7 74.137 4.14298 1.92531
8 52.1176 62.6514 2.06923
9 53.2386 66.0639 1.70119
10 40.0844 60.4621 2.37674
11 26.0238 88.9939 2.09669
12 28.1798 89.4478 2.76008
13 82.9345 48.6485 1.80847
14 80.659 60.9915 2.15878
15 96.1206 52.2033 0.652232
16 50.708 67.3651 2.11389
17 75.1162 75.9341 1.16149
18 74.1833 66.6579 1.409
19 61.2814 90.6225 1.38649
20 61.1926 96.5134 1.03159
21 17.3073 70.923 3.28084
22 38.7919 72.2138 2.34974
23 83.407 53.3317 1.98399
24 65.5732 99.7277 1.0554
25 24.0132 60.464 2.29596
26 20.3012 41.1268 2.56308
27 11.4386 78.9503 2.56439
28 25.893 69.4286 2.48888
29 35.9226 12.1311 -0.569759
30 59.9915 9.66003 1.91193
31 34.6859 71.9256 2.2751
32 49.5001 95.0372 1.78113
33 66.1773 5.40535 1.33944
34 29.4104 62.8177 2.55711
35 72.5853 70.8772 1.66003
36 60.2222 15.6949 0.984008
37 38.1212 86.9371 2.46639
38 22.6088 63.7269 2.67998
39 79.6444 54.2882 1.27241
40 31.9442 61.0158 2.22852
41 76.2485 54.6484 1.64668
42 46.6737 70.1046 2.14693
43 63.1201 96.4271 1.73617
44 50.3338 57.6213 2.64495
45 45.1448 65.4011 2.29807
46 29.847 65.4085 2.85615
47 78.5649 95.2245 1.86247
48 37.3222 65.648 2.0784
49 23.8647 54.1264 2.47651
50 80.7208 71.4707 1.26229
51 40.6113 72.9951 2.63328
52 66.9963 98.3381 1.94078
53 59.5496 15.4224 1.53285
54 80.5444 58.3012 1.49846
55 67.6347 92.564 1.52885
56 83.7326 60.3082 1.77042
57 37.0292 52.3556 1.70232
58 80.4987 63.7897 1.36927
59 23.6219 61.6769 2.11904
60 79.8224 69.1629 1.79127
61 38.8072 62.711 2.61502
62 48.4268 60.161 2.47515
63 49.4094 49.3723 1.52541
64 27.8905 82.4034 2.22019
65 74.1248 96.419 1.1841
66 76.8622 72.2465 1.39911
67 76.6057 72.0327 1.5921
68 72.0596 93.7584 1.2853
69 44.0744 56.5597 2.37241
70 35.022 83.9924 2.76372
71 31.3603 64.7661 2.77882
72 78.3626 68.7886 1.05337
73 40.6013 85.9573 2.32159
74 34.999 54.9458 2.08288
75 73.7405 1.3732 1.80816
76 38.5054 55.9453 2.07542
77 37.684 82.9617 2.62576
78 20.1599 34.3045 1.94708
79 81.8948 65.6254 1.03601
80 35.3002 60.2246 2.30851
81 76.1308 70.0842 0.944858
82 58.5834 87.7085 1.2152
83 74.0222 62.8276 1.37314
84 69.1826 89.5154 1.7427
85 36.0021 62.5492 2.08285
86 35.945 60.2301 2.88672
87 40.1756 81.2868 2.52918
88 69.0608 91.7583 1.56038
89 32.704 55.5774 2.01965
90 66.1611 99.8552 1.14877
91 35.4853 73.9142 2.43445
92 38.9956 79.9566 2.03728
93 75.5116 57.584 1.61678
94 37.203 63.1914 2.00394
95 62.2034 91.59 1.36045
96 19.1663 75.8238 2.42872
97 37.7395 86.9011 2.17336
98 32.2207 55.6102 2.17652
99 38.5285 79.2646 2.66424
100 67.1889 98.9086 1.60955
101 78.1676 67.8242 1.09435
102 41.1133 62.2259 2.69161
103 29.0548 59.3165 1.88883
104 39.7515 69.5144 1.79696
105 64.3508 1.19766 0.996501
106 81.6966 57.9569 1.79856
107 17.9147 61.356 1.91903
108 37.27 70.1373 2.5331
109 91.4806 65.8346 1.61849
110 77.756 2.44495 1.26774
111 39.9024 86.911 1.9635
112 61.3749 95.0783 1.74712
113 34.6602 77.7342 2.07117
114 15.7297 78.3212 2.55395
115 29.7437 89.0369 2.14319
116 35.3796 50.7098 1.96625
117 30.8297 68.8728 2.38158
118 55.7125 97.8335 1.19542
119 78.7167 60.4458 2.26815
120 22.0271 57.0037 2.56729
121 68.5598 67.3061 2.05528
122 36.7353 65.6901 2.32351
123 67.1603 62.502 2.50118
124 22.074 95.2463 -2.06332
125 72.1414 91.8476 1.63441
126 48.1291 75.6954 2.04687
127 79.0206 51.6185 2.06255
128 66.539 99.8683 1.62715
129 13.2685 80.37 2.75564
130 24.2858 67.8806 2.2074
131 36.9475 58.1372 2.36356
132 74.5593 92.8263 1.67919
133 75.7546 94.9455 1.27171
134 23.0798 51.971 1.79748
135 39.7906 85.0654 2.1134
136 32.4042 52.4129 1.89065
137 28.7931 82.5346 2.56795
138 39.1808 63.5036 2.41143
139 25.8088 58.127 2.38856
140 40.9747 60.2012 2.20434
141 70.6021 93.0606 1.6554
142 76.9956 60.4653 2.12758
143 50.8361 70.1034 2.60525
144 27.6215 84.3943 2.57125
145 14.1238 82.3689 2.41724
146 20.6224 61.9499 2.44975
147 64.1042 5.74256 1.38603
148 40.6476 85.1977 2.191
149 75.8478 70.4378 1.11793
150 43.6948 64.4195 1.96308
151 56.6228 93.8437 0.900144
152 34.8229 54.2203 2.17109
153 37.9072 69.396 1.86558
154 50.5903 68.4316 2.57005
155 77.5665 96.2187 1.67471
156 56.5516 63.2743 2.60479
157 49.7147 78.5786 2.56182
158 19.96 42.9666 3.09428
159 57.116 76.5889 2.21913
160 63.8884 6.84842 1.85402
161 52.2546 74.5387 1.85108
162 74.905 71.7213 1.22096
163 66.1282 90.4279 0.92553
164 73.8489 98.8014 1.22526
165 71.836 68.4779 1.75673
166 67.5479 90.7112 0.867838
167 43.435 88.671 1.91006
168 81.0016 67.4747 1.33466
169 73.1206 96.8317 1.86467
170 68.7294 53.5067 1.05325
171 32.9252 79.3589 2.25607
172 16.3959 57.9053 3.02924
173 41.9845 60.0003 2.51861
174 19.0227 40.8787 2.78649
175 73.7792 90.6458 1.18223
176 31.582 16.5959 -1.01157
177 29.9351 58.5218 2.36794
178 66.5193 98.5336 1.35513
179 28.8602 72.4929 2.2363
180 33.5186 79.2476 2.12439
181 53.9882 67.8827 2.01677
182 87.2043 60.6961 1.96507
183 17.5507 55.5242 2.16511
184 39.1586 79.4003 1.94032
185 73.9222 96.4912 1.53324
186 40.5758 68.3646 2.59466
187 58.2942 95.2719 1.57225
188 64.6334 58.3594 2.33423
189 23.0028 89.9182 2.16134
190 20.4847 44.5629 2.91612
191 31.2856 86.7326 1.98631
192 31.9646 51.5595 1.98689
193 41.2712 75.9342 2.29584
194 34.0287 59.2772 2.25261
195 29.4422 80.51 2.26446
196 25.6201 55.9472 2.30579
197 35.105 57.5708 2.27026
198 37.8059 79.5015 1.93455
199 22.7887 48.9654 2.03478
200 38.4726 82.2815 2.33915
201 36.7307 10.6018 -1.03764
202 64.5884 99.9157 1.7511
203 58.1435 78.0422 1.93931
204 19.8569 40.2878 2.7138
205 43.5647 87.3702 2.15838
206 31.7254 59.0619 2.55277
207 25.6582 64.7636 2.01037
208 63.4489 88.5182 1.28566
209 56.8717 96.9814 1.53102
210 79.4121 69.4269 0.963483
211 37.8764 66.309 2.73699
212 75.6295 94.0049 1.92152
213 54.5881 92.2265 1.37758
214 63.1592 56.919 1.82021
215 20.0783 65.4625 2.60474
216 46.7066 70.6681 2.2135
217 27.4266 76.8789 2.53765
218 78.538 88.939 1.73969
219 77.3418 76.6949 1.11751
220 39.094 86.0334 2.43779
221 43.0746 75.9024 1.79593
222 38.6202 86.9488 1.91777
223 68.2377 2.73728 1.03604
224 60.6526 96.8978 1.13675
225 30.1266 90.0817 2.88281
226 50.8484 65.7792 2.06593
227 39.1437 68.4548 2.62666
228 38.1735 61.0752 2.55688
229 38.5496 60.0385 2.24965
230 83.672 50.6156 1.13983
231 82.4603 67.7241 1.73455
232 39.0125 77.0458 2.22383
233 32.4686 65.1414 2.07994
234 24.9236 57.1895 1.93187
235 83.576 57.606 1.66014
236 49.8282 64.1755 2.15629
237 25.9367 91.8993 2.36469
238 84.5605 59.5458 1.21469
239 76.8689 59.9853 2.15867
240 24.0198 83.9732 2.93646
241 52.3237 61.5583 2.53304
242 45.4142 74.469 2.52815
243 39.2056 82.067 1.9923
244 54.1513 75.5444 2.3036
245 40.8816 72.4555 1.7321
246 38.3751 62.1154 2.02784
247 71.8154 32.3989 0.959368
248 77.2567 60.5048 2.17021
249 33.0406 53.2173 2.03553
250 9.65216 78.4223 2.98105
251 18.0492 86.5464 2.8757
252 69.9115 2.98516 1.41796
253 60.2347 98.2035 1.69188
254 39.0472 60.1386 1.94156
255 76.1467 70.0902 1.22571
256 44.773 72.2573 2.73167
257 38.1788 61.9964 2.62909
258 57.2812 67.5463 2.3386
259 85.5256 59.1089 1.89828
260 21.8053 45.8373 2.7633
261 79.2843 62.1021 2.12139
262 44.9559 66.4809 2.72899
263 37.0102 75.1151 2.4303
264 62.352 6.20623 1.79006
265 35.7714 58.4631 2.01217
266 28.5979 55.2289 2.54567
267 24.8044 82.8239 1.997
268 25.7811 60.7128 2.34409
269 10.0565 80.4418 2.77016
270 82.7002 63.5589 1.24023
271 87.1991 61.7251 1.40496
272 49.6371 91.4622 1.55544
273 27.6768 59.9053 2.23461
274 34.3509 69.257 2.01046
275 37.2346 59.3975 2.82627
276 27.7117 52.565 2.57319
277 36.5286 78.0576 2.01977
278 45.8447 50.8951 1.60055
279 45.3356 75.0891 2.4772
280 84.6884 63.9519 1.69664
281 38.8001 65.6148 1.8638
282 81.1372 60.2163 1.44424
283 45.147 94.4265 1.76454
284 43.8852 54.5637 1.98969
285 35.9484 83.1558 2.42527
286 73.1908 53.1836 1.34064
287 35.2842 61.7097 2.39602
288 64.2916 92.2868 1.32998
289 45.7999 57.4054 2.06027
290 34.063 66.7209 2.23895
291 56.9373 59.3693 1.84708
292 72.6397 95.9841 1.32079
293 31.2487 67.6162 2.38025
294 86.5983 59.3953 1.53419
295 12.8851 74.0844 2.818
296 41.9037 81.0634 2.21678
297 47.328 66.4489 2.68343
298 58.7707 61.6336 1.90482
299 37.9322 87.7826 1.89201
300 32.4381 60.3302 2.07174
301 78.8497 70.3243 1.15101
302 21.6105 56.8953 2.79918
303 37.8287 63.3283 2.28538
304 50.3735 51.0561 1.50735
305 23.4429 89.5187 2.15112
306 62.2253 2.19997 1.11287
307 24.8815 89.8458 2.26828
308 79.0699 64.4214 2.06452
309 32.9568 70.0736 2.52987
310 64.6619 3.64862 1.65326
311 87.2341 55.2317 1.74124
312 39.5098 72.198 2.05838
313 59.5858 92.9025 1.65835
314 77.1861 75.3404 0.873869
315 38.1034 66.8239 2.37533
316 38.6099 80.0704 2.79207
317 81.7929 65.5256 1.45193
318 28.9762 89.3105 1.97642
319 37.284 87.7819 2.48395
320 37.2289 85.6213 2.17777
321 75.7189 74.1724 0.794162
322 40.2931 83.6018 2.75361
323 79.0203 66.038 1.67192
324 41.7399 12.7591 0.781913
325 47.0245 70.6619 2.69003
326 36.8372 58.6157 2.17634
327 33.5822 63.7382 2.5881
328 43.9535 82.4771 2.70606
329 64.0452 92.6189 0.979257
330 58.6952 91.6351 0.949048
331 70.6466 5.76707 0.952321
332 59.3809 93.139 1.76508
333 39.3242 80.6982 2.4856
334 78.1814 56.2918 1.90008
335 32.4052 87.2846 2.23642
336 40.7514 85.2964 2.014
337 78.9698 58.3027 1.57991
338 42.562 68.1045 2.38755
339 37.3561 63.2028 2.04378
340 3.2741 63.3174 2.79319
341 75.6635 63.6 1.21853
342 77.2424 66.8146 1.57126
343 47.3536 73.9673 2.45479
344 41.0925 64.8902 1.99488
345 67.6726 96.6094 1.24761
346 75.7205 54.7987 1.47328
347 22.4398 46.2795 2.18593
348 66.4128 58.7478 2.35601
349 19.7134 36.3997 2.53648
350 40.5653 71.119 2.06178
351 53.9516 63.559 1.87795
352 52.0491 57.4631 2.45365
353 68.325 1.2752 0.820801
354 31.0143 53.963 1.97263
355 40.2247 57.1967 2.66541
356 41.7713 83.0416 1.99568
357 77.0664 98.2694 1.86829
358 83.7529 64.7665 2.16667
359 25.5945 62.0301 1.98599
360 72.7388 76.6051 1.16683
361 20.8227 52.4666 2.51022
362 21.1659 78.0173 3.21386
363 37.099 60.2375 2.71511
364 66.3829 6.68385 1.52199
365 37.5035 73.3284 2.09911
366 37.1813 81.6067 2.16824
367 40.5867 86.1487 2.52566
368 18.3983 59.0278 2.71304
369 62.2283 91.7046 1.12529
370 59.6745 99.2793 1.65475
371 75.2073 69.473 1.56609
372 89.6062 60.3013 2.06682
373 38.2383 84.0835 1.97583
374 19.4441 86.6543 2.66894
375 40.5845 77.2282 1.97844
376 93.3479 63.6634 1.26644
377 52.0628 93.2481 1.65311
378 33.1491 68.8442 2.16418
379 40.2673 89.1634 2.47474
380 40.2896 62.3435 2.26191
381 23.8405 41.324 2.95136
382 28.3289 79.4197 2.76438
383 67.8433 94.4732 1.25081
384 40.2699 78.1619 2.66096
385 68.3401 4.95323 0.974483
386 61.6797 14.1243 1.1004
387 24.6591 52.8862 2.59961
388 46.6554 66.9115 2.37547
389 23.0674 59.917 2.04002
390 72.8167 65.1395 1.4575
391 81.0137 63.5508 1.52055
392 22.6294 57.1818 2.10968
393 46.0992 73.7562 2.28584
394 28.5755 81.9823 2.44613
395 82.3832 65.6125 1.39971
396 77.4226 75.4131 0.861107
397 27.0074 86.4206 2.17027
398 59.4305 91.7972 1.15822
399 55.3549 61.3546 1.81783
400 75.2091 58.9359 2.22957
401 60.1782 90.9574 1.57418
402 32.5383 54.0983 1.71268
403 19.8406 70.8851 2.91146
404 35.4136 64.5498 1.99834
405 51.3245 56.3898 2.09153
406 83.0112 48.4061 1.54903
407 31.6917 80.8032 1.99917
408 18.1341 63.5483 2.04727
409 45.8264 85.7852 2.64139
410 78.3455 61.4507 1.34985
411 19.4387 81.8206 2.25945
412 44.7537 60.1276 2.75084
413 76.9718 61.1824 1.58294
414 44.8036 72.781 1.90086
415 69.5893 96.1495 1.7753
416 41.0883 80.329 2.06798
417 74.3234 58.6723 1.9139
418 80.7828 69.05 1.23769
419 65.8457 93.4097 1.06706
420 31.5028 66.6897 2.57429
421 77.229 68.245 1.61401
422 83.098 62.3804 1.49601
423 39.9275 83.8405 2.55657
424 79.3789 73.0118 1.60362
425 32.1839 76.8436 2.81461
426 45.7476 92.0893 2.40651
427 17.3305 87.0352 2.77102
428 38.4008 68.1006 1.81404
429 44.3969 68.7499 2.85361
430 49.9488 70.6128 1.98028
431 39.496 75.7373 2.30543
432 75.0939 71.5498 1.32118
433 46.1905 89.9933 1.64977
434 30.7669 62.1836 2.09322
435 70.4645 5.23688 1.28911
436 53.5703 69.7389 2.23092
437 26.3924 57.112 2.00853
438 33.7255 13.2538 -1.20907
439 39.4393 87.1064 2.66205
440 41.8849 57.2931 2.7283
441 79.9957 48.6763 1.85981
442 31.3737 83.6431 2.64311
443 26.1883 50.2476 2.14208
444 40.5554 74.5024 2.35635
445 19.9883 44.1009 3.07563
446 76.8587 4.77814 1.65258
447 80.5838 52.9304 1.17707
448 97.1572 64.0018 2.24576
449 43.9159 56.0366 2.02173
450 77.1093 65.2258 2.0081
451 32.0289 56.44 2.63373
452 18.759 88.0138 1.83071
453 41.7041 60.9176 2.38811
454 14.313 81.1826 2.32399
455 70.4418 94.722 2.04462
456 71.9865 57.6161 2.0245
457 83.433 59.4564 1.25512
458 99.2458 60.9308 2.6788
459 74.5712 94.2427 1.1613
460 27.4618 59.732 2.58418
461 63.9575 99.5035 0.879543
462 42.4394 74.6312 2.3429
463 87.4312 62.7428 1.97544
464 43.6099 75.6152 2.00679
465 79.0199 63.8057 1.66061
466 44.145 68.5472 2.18371
467 40.9528 85.8879 2.69723
468 22.4388 58.8961 2.13001
469 53.9728 65.255 2.22964
470 55.0427 56.2662 2.40844
471 37.5733 69.331 1.78106
472 43.3907 75.0477 2.37262
473 39.0828 79.5399 2.60501
474 25.0161 25.8951 1.41468
475 82.0632 51.0724 2.04976
476 79.4133 98.9922 1.96384
477 38.6787 62.2038 2.46718
478 70.2946 87.6251 1.2063
479 67.7984 94.9261 1.61096
480 95.4839 55.1028 0.956193
481 41.8475 81.1671 2.6112
482 31.0451 52.7334 2.56636
483 76.2995 65.6279 1.35382
484 21.0389 62.8625 2.64015
485 18.759 53.2428 2.43737
486 44.6878 61.7883 2.65021
487 45.3045 69.8622 2.38442
488 52.7174 61.3529 2.50795
489 66.4238 92.7886 1.42797
490 72.9442 2.31079 1.92764
491 37.3493 61.5064 2.16474
492 43.032 76.9949 2.26685
493 38.4226 69.2664 2.07209
494 36.8805 59.2297 2.18346
495 30.0013 67.2497 2.13837
496 27.8041 86.3538 2.87024
497 81.3674 69.4438 1.70939
498 47.196 67.0142 2.57472
499 77.2975 90.971 1.25619
