500
Particles
0 55.4967 86.3429 -1.31697
1 78.718 89.7143 0.848139
2 74.4885 96.1459 0.510048
3 10.8671 38.469 3.04635
4 75.1101 80.5896 0.658295
5 95.6012 96.7723 1.67922
6 87.4792 88.4976 0.847305
7 37.0422 17.5618 -1.11625
8 63.7653 81.9469 -1.12238
9 64.1505 87.8805 -1.07091
10 89.1742 5.17428 1.29241
11 26.3599 91.6291 0.588354
12 87.4216 0.360761 0.503985
13 80.0221 30.7732 -1.65151
14 79.0634 80.8589 0.459722
15 98.5768 4.19797 0.931719
16 17.0462 40.0285 2.64864
17 93.7798 24.3781 -2.55521
18 80.5389 88.4149 0.633552
19 72.0173 72.0041 1.73926
20 8.07957 40.5054 2.51907
21 92.1434 84.3092 1.43267
22 84.1203 3.06745 1.3515
23 95.9603 27.9356 -2.07298
24 34.4757 73.1928 -1.13605
25 97.28 100.284 1.07311
26 10.1038 99.8994 0.5892
27 39.507 15.4093 -1.36248
28 51.6113 89.1808 -1.54946
29 97.7502 26.784 -2.09782
30 81.4318 97.6411 0.617178
31 68.6992 64.7468 -0.00413133
32 5.75136 39.7759 2.60051
33 76.8153 93.6104 0.276543
34 -0.157715 39.0532 -2.2352
35 50.6047 84.8851 -1.97948
36 27.0466 96.9763 0.716314
37 87.5262 92.2164 0.521996
38 75.9887 97.0303 0.629764
39 74.3685 80.973 0.443531
40 77.2338 0.602914 0.905529
41 79.529 34.1887 -1.61003
42 63.287 88.6464 -1.43294
43 97.0359 11.2342 1.3212
44 79.723 93.8261 1.07389
45 66.209 91.7519 -1.00898
46 56.908 90.4553 -1.21898
47 81.3611 13.1395 -2.65251
48 61.0274 79.8843 -1.50695
49 95.1246 95.6599 1.35889
50 68.5312 82.7301 -1.70104
51 57.7322 92.8244 -0.936244
52 79.1805 76.0537 0.725571
53 27.3927 91.9036 0.484996
54 90.4589 9.88754 1.92616
55 45.4751 19.7514 -0.747421
56 97.451 37.5955 -2.23296
57 23.6158 16.8474 1.56583
58 94.7346 33.1016 -2.91439
59 96.3473 98.9426 1.31991
60 86.2134 92.5118 0.853831
61 60.3923 84.2917 -1.32925
62 52.397 91.6648 -1.88829
63 75.7634 88.0534 1.19178
64 83.0316 92.5757 0.600534
65 63.1806 47.645 -2.06221
66 86.1614 97.5825 0.415398
67 42.0184 77.3167 -0.738239
68 62.0663 42.6735 -1.88946
69 55.5473 95.3298 -1.74881
70 88.8257 88.9836 1.32277
71 51.5684 49.6469 -0.517271
72 82.6833 93.5995 1.25303
73 50.109 70.4774 -1.27887
74 56.5618 32.0093 -2.79931
75 46.5787 15.9496 -0.103701
76 53.1297 96.0084 -1.41798
77 82.9488 91.1876 1.26906
78 82.1964 95.8046 1.35732
79 84.8179 86.0346 1.21394
80 54.0281 96.7481 -1.91309
81 86.6519 94.9706 1.15139
82 4.29363 65.4687 1.2187
83 82.1776 85.7067 0.888358
84 100.143 27.8599 0.396202
85 30.694 81.8512 0.463117
86 49.8064 4.25094 -0.545103
87 60.9233 33.0776 -2.84599
88 80.9424 79.1836 0.441364
89 10.0305 99.2704 0.189601
90 14.076 97.2435 0.613152
91 68.1718 63.504 -0.362237
92 43.4388 18.057 -1.10675
93 94.0739 33.8071 -2.43859
94 57.7449 59.1774 -0.218776
95 53.4987 89.784 -1.64971
96 86.407 88.0878 0.442571
97 89.4706 92.323 1.23244
98 14.0377 98.7675 0.416171
99 10.0632 34.8953 2.51401
100 78.8398 72.9602 1.14112
101 82.5387 86.4995 1.45901
102 63.1746 82.5585 -1.46495
103 30.9664 63.6089 -1.01513
104 58.0167 86.828 -1.78426
105 14.2243 97.4661 0.727604
106 96.5956 40.8788 -2.81387
107 54.2377 74.6344 -1.29227
108 59.7593 91.4023 -1.121
109 57.1064 78.0528 -1.41372
110 79.3772 99.7557 1.12006
111 87.7122 91.9518 1.04005
112 67.1408 82.0478 -1.82177
113 89.3692 29.4398 -2.81996
114 96.2548 7.59869 0.985813
115 43.0936 75.5672 -1.57664
116 88.1922 95.8241 0.971801
117 0.327242 7.15891 1.57375
118 14.9314 38.7863 2.71519
119 93.4822 33.6356 -2.49966
120 1.77913 3.12331 1.44441
121 67.3447 57.049 -0.947758
122 57.4722 60.7229 0.106569
123 80.2853 86.9674 1.47415
124 66.3886 42.7657 -2.52563
125 60.9234 47.8739 -2.52048
126 60.3921 67.1822 -0.588839
127 64.7718 44.0152 -2.49712
128 33.837 73.5016 -1.09829
129 58.0272 86.6025 -1.69785
130 55.7154 93.6661 -0.982543
131 87.394 2.42615 1.40311
132 22.5785 92.3923 0.270498
133 20.5706 96.3744 0.74924
134 95.9936 95.7762 1.60223
135 90.4664 89.4303 1.27305
136 21.6637 3.0818 -0.60376
137 91.8862 89.9052 0.545122
138 57.0758 64.597 -0.0346276
139 49.1099 95.0896 -1.68755
140 62.6006 84.7237 -1.68001
141 60.3831 48.9114 -2.21716
142 84.6593 82.8224 1.12174
143 68.5596 91.5456 -1.34281
144 87.599 93.7265 0.711007
145 53.6351 72.8992 -1.50733
146 55.5158 92.6184 -0.947961
147 74.5897 92.9134 0.420127
148 55.8033 92.3587 -1.89256
149 87.9543 96.1579 1.25425
150 60.6585 87.6223 -1.80185
151 52.2381 89.9179 -1.17612
152 56.8762 49.6754 -1.66447
153 56.7848 87.766 -1.34992
154 69.5475 91.3117 -0.943296
155 22.7353 100.401 0.983971
156 64.8473 83.3073 -1.07173
157 65.7754 94.5397 -1.57784
158 2.56378 98.0677 0.959704
159 92.2863 5.28309 1.51998
160 80.566 96.2417 1.09667
161 66.3132 61.5605 -0.811552
162 67.6432 85.5373 -1.57462
163 65.8018 39.2523 -2.44506
164 83.4359 73.7402 1.26565
165 48.6968 83.5345 -2.15935
166 61.0725 43.7592 -2.1409
167 95.1051 89.1841 1.28311
168 79.7973 89.6145 1.30086
169 -0.145263 14.0985 2.57949
170 74.7514 91.5575 0.837687
171 86.4783 87.8935 1.02746
172 48.8051 74.3623 -1.16495
173 62.7173 85.1206 -1.51489
174 92.4342 97.3872 1.05643
175 64.372 65.76 -0.505169
176 93.639 5.35259 1.72343
177 30.3281 83.1243 -0.226567
178 -0.0791751 33.1617 -2.12127
179 53.1263 88.0668 -1.34127
180 88.471 31.5874 -2.43149
181 67.645 87.4572 -1.233
182 96.6096 38.9013 -2.26492
183 65.2625 1.50503 -1.18724
184 97.0194 3.56942 0.995425
185 81.5461 21.3115 -2.28673
186 56.1372 60.7953 -0.133512
187 64.6597 82.8062 -1.23765
188 76.3643 85.5087 0.667794
189 82.7776 97.0928 0.884541
190 86.8915 98.3726 0.554815
191 89.1332 94.0207 1.10462
192 32.7847 81.1308 0.0642211
193 59.3895 81.5881 -1.39892
194 20.2897 2.70387 -0.204286
195 83.5083 89.9435 1.3271
196 98.2964 96.2584 0.962965
197 51.2873 4.01813 -1.21241
198 6.44011 61.4315 1.62283
199 99.0656 98.0529 1.08057
200 92.6413 86.293 0.99196
201 72.3781 78.6762 1.15083
202 76.8987 75.5725 0.473454
203 59.8921 0.171869 -0.942622
204 92.1046 96.7695 0.977792
205 53.2676 73.2617 -2.19516
206 15.4653 20.1701 -0.509834
207 98.5803 3.26198 1.71205
208 98.3069 5.27891 1.07461
209 89.89 2.35064 1.28671
210 83.9755 90.3079 0.886257
211 86.3228 2.93081 1.70014
212 21.1183 94.854 0.0991579
213 55.9816 95.4984 -1.79943
214 80.02 84.9216 1.09177
215 84.0983 40.7797 -2.90785
216 67.653 95.5162 -1.43729
217 90.1549 85.9421 1.22139
218 64.3382 97.308 -1.18327
219 85.5267 14.6835 -1.89025
220 100.062 91.9641 1.03615
221 63.5195 95.2538 -0.920043
222 86.5786 91.7942 1.14237
223 78.0281 19.4076 -2.606
224 11.4537 36.0372 2.38933
225 33.7523 14.4737 -0.966421
226 63.8627 88.8389 -1.62693
227 63.8246 80.5866 -1.4324
228 54.3504 5.05886 -0.549696
229 64.3765 90.7106 -1.26886
230 71.4507 39.7326 -1.65662
231 83.5312 92.6476 0.945596
232 69.0689 60.892 -0.362599
233 26.0535 61.2081 -1.32447
234 97.6154 99.0682 1.2399
235 96.0615 37.9507 -2.86092
236 63.9789 84.4404 -1.5231
237 84.0975 95.8307 0.371693
238 97.4851 33.7967 -2.99775
239 75.7878 84.3053 0.348125
240 87.3797 0.997846 1.00935
241 82.8595 96.4614 0.697549
242 59.4905 93.1865 -1.34326
243 91.5392 87.8073 1.26518
244 63.7408 61.8925 -0.633679
245 59.7062 92.9652 -0.958844
246 61.5572 56.0104 -0.146526
247 68.6068 43.3588 -2.21259
248 80.3887 83.1751 1.19692
249 89.5279 95.7094 0.486428
250 43.7621 12.7596 -0.749025
251 79.3726 96.7934 0.48995
252 36.9688 19.0134 -0.898176
253 83.9287 20.7587 -2.85759
254 84.0321 2.27658 0.755035
255 88.4252 95.8822 0.659004
256 62.1373 92.0999 -1.17606
257 60.3603 59.4535 -0.126764
258 67.4153 83.8678 -1.6034
259 98.0836 41.9749 -2.95184
260 97.5082 95.8358 1.70373
261 89.5099 24.0731 -2.59087
262 67.5555 88.7951 -0.846254
263 25.6281 84.4158 0.199929
264 78.4876 93.5419 0.566494
265 29.5266 59.9728 -1.54956
266 40.1392 86.3906 -1.96403
267 81.0529 92.8007 1.09039
268 79.653 2.23013 1.15883
269 27.7262 89.0019 0.687315
270 94.3513 35.3156 -2.8428
271 97.1559 38.1202 -2.27783
272 54.3915 4.51225 -0.960305
273 98.0515 98.2029 1.24798
274 26.5367 84.1381 -0.230826
275 60.3039 85.764 -1.10325
276 16.4073 98.547 0.794046
277 50.0444 73.2398 -1.14586
278 76.1205 89.8241 0.40122
279 63.3015 95.0835 -1.07824
280 82.7409 82.507 0.497438
281 58.8071 67.2344 -1.29177
282 95.1419 28.542 -2.7807
283 95.2726 92.7355 1.03925
284 84.618 96.7874 1.03563
285 87.5219 88.6136 0.867419
286 68.1668 42.7025 -2.60222
287 59.4514 57.0221 -0.624612
288 11.6689 36.5346 2.44697
289 78.6039 94.4477 0.308476
290 59.4692 83.0741 -1.87089
291 79.1954 91.4296 0.596217
292 99.8471 13.7835 1.50698
293 27.2745 84.2926 0.25075
294 92.7251 11.0389 1.61139
295 37.7437 20.8445 -1.92291
296 97.8944 4.89131 1.37092
297 65.8132 87.3109 -1.07401
298 80.0281 92.3139 0.692999
299 92.6022 91.3842 1.44686
300 27.8562 80.0731 0.440259
301 86.28 94.6116 1.19079
302 76.1054 97.7813 0.491194
303 64.8451 78.056 -2.10044
304 78.3831 87.5477 1.34039
305 85.0792 97.0579 0.815655
306 28.7386 0.609566 0.0789789
307 81.6935 93.9863 1.22101
308 90.7155 28.8593 -2.29887
309 37.4253 88.7796 -2.25123
310 36.7581 12.1855 -1.29977
311 79.6543 14.6266 -2.67655
312 58.2558 93.4816 -1.02147
313 50.0669 89.8748 -1.08542
314 19.584 39.4571 2.08966
315 61.3718 83.3902 -1.60883
316 91.4471 87.9868 1.08665
317 84.218 85.4926 1.30892
318 92.0309 2.64556 1.50746
319 88.9979 91.6389 0.803313
320 85.4658 93.825 0.650769
321 83.1212 12.4816 -1.89172
322 87.9905 90.6941 0.485976
323 83.935 85.9029 1.16593
324 81.0185 97.7557 1.05614
325 64.6766 91.0725 -1.52922
326 7.9321 33.848 2.50413
327 47.905 93.0967 -1.53458
328 98.295 5.77407 1.22476
329 7.68148 38.8997 2.74788
330 54.2169 91.4009 -1.18041
331 21.9459 90.92 -0.0616687
332 8.10783 40.0768 2.60105
333 2.55258 60.9713 1.47935
334 74.6034 80.9976 0.878181
335 89.3386 92.4539 1.34357
336 96.3504 88.2103 1.16989
337 77.5201 82.4502 0.763374
338 64.0474 89.2314 -1.66044
339 6.82492 35.1871 2.69894
340 82.7579 89.3834 0.509852
341 75.2692 87.4494 0.672845
342 80.9588 89.6106 1.42464
343 64.0683 94.1731 -0.833771
344 66.9319 80.3093 -1.30997
345 96.0623 10.2142 1.32156
346 81.7121 33.0194 -1.86025
347 15.6429 99.4467 0.283137
348 79.0171 85.1336 0.577994
349 85.2067 97.4341 0.612893
350 60.6198 91.2719 -1.55444
351 65.6208 84.599 -1.19133
352 78.4671 91.1599 1.11122
353 57.9003 29.0601 -2.82569
354 55.3618 46.9644 -2.49536
355 89.7324 5.77666 1.71067
356 9.03663 37.9713 2.05273
357 24.7228 92.3423 -0.128948
358 91.7351 29.1429 -2.24562
359 99.3603 3.91105 1.10066
360 70.0721 94.7863 -1.21342
361 90.5292 98.7917 1.36258
362 86.6088 88.961 0.438186
363 52.5598 1.80063 -0.445937
364 78.6844 93.5765 0.717644
365 56.0314 89.7212 -1.19648
366 92.2844 87.4865 0.822242
367 55.3696 75.7252 -1.63578
368 53.8251 91.038 -1.77867
369 97.4782 8.30748 1.74944
370 90.6131 0.704329 1.41752
371 87.6674 96.8012 0.83047
372 92.1951 10.4315 1.01575
373 85.9789 35.0272 -1.69638
374 80.9452 94.882 1.05525
375 56.0087 88.3306 -1.27243
376 58.1166 75.5623 -1.8891
377 38.1583 71.0581 -1.00934
378 60.2869 91.9511 -1.1697
379 97.7296 93.3496 1.31443
380 64.0136 87.998 -1.6731
381 18.5277 99.4705 0.632657
382 85.1235 88.6183 1.41856
383 19.3103 38.2196 2.35962
384 2.71063 14.1276 2.56781
385 40.1976 16.2296 -0.670785
386 31.2466 17.1287 -1.18733
387 26.2221 75.5295 0.787114
388 65.3246 89.8253 -1.64578
389 97.0014 99.0084 1.07663
390 80.0959 90.5518 0.856062
391 92.8725 29.1553 -2.53722
392 81.209 99.6359 0.932402
393 65.0661 92.7776 -1.02567
394 89.4551 87.9001 0.470107
395 90.2219 24.7362 -2.81503
396 84.1977 15.751 -2.73751
397 91.9853 95.4769 1.15153
398 87.5109 0.962457 1.71884
399 40.3105 73.9511 -1.39602
400 79.5768 81.3662 0.703157
401 62.0163 41.5583 -1.70655
402 55.2749 0.409749 -0.578156
403 84.4846 86.9892 1.31617
404 21.2964 14.8209 1.26464
405 78.7585 87.9353 0.986194
406 71.122 38.0343 -2.01161
407 89.7939 86.5239 0.980681
408 83.9964 34.845 -1.67716
409 93.9341 89.5803 0.661392
410 77.3567 83.2239 0.939425
411 96.8085 7.59822 1.65005
412 54.7533 -0.171092 -0.950022
413 91.5805 19.9452 -2.80381
414 61.7893 90.3106 -1.80082
415 0.131904 13.5061 2.40223
416 96.1871 2.27105 1.41006
417 83.7865 82.4325 1.44438
418 86.08 90.1818 1.33724
419 74.0484 74.7703 1.39507
420 0.509985 4.69938 1.10584
421 81.1728 87.8244 0.606051
422 95.708 34.2688 -2.13706
423 52.6824 54.3045 -0.133491
424 94.5485 6.41907 0.901742
425 89.9691 84.5395 1.12887
426 45.0622 73.9751 -1.38772
427 79.7931 96.0126 0.956835
428 59.1299 90.3139 -1.31512
429 60.7093 89.3774 -1.66286
430 63.1946 61.1456 -0.340592
431 59.6942 89.1896 -0.966522
432 64.7723 83.0047 -1.35527
433 45.7121 76.4448 -1.50371
434 92.3496 7.18258 1.56128
435 75.0248 91.6607 0.410862
436 66.3648 88.5575 -1.47302
437 14.7536 3.41224 0.705718
438 72.3284 80.2857 0.919267
439 48.9081 74.8409 -1.13825
440 57.2966 45.8451 -2.0744
441 81.9741 77.6265 0.690442
442 86.5561 90.515 0.663139
443 54.2736 47.1239 -1.58848
444 59.0512 90.518 -1.04493
445 87.209 96.6722 1.0011
446 84.2629 24.7781 -2.2685
447 69.695 43.2609 -2.16243
448 95.9485 5.05748 1.57584
449 86.581 95.6 1.2774
450 80.121 86.6145 1.1071
451 51.7944 97.2195 -1.17496
452 84.1951 96.3801 1.22652
453 65.5015 86.2888 -1.66596
454 91.9296 37.9463 -2.87392
455 58.9278 41.2651 -2.56112
456 77.1139 80.0977 0.959837
457 97.544 33.791 -2.17647
458 10.9264 41.7437 2.10993
459 53.2364 53.8869 -0.839694
460 96.0854 97.6739 1.67208
461 15.4208 97.5193 0.712947
462 62.1215 92.6585 -1.29014
463 56.8058 73.6912 -1.18338
464 62.438 97.4704 -0.864351
465 93.0947 31.3043 -2.10617
466 67.4618 92.8279 -1.57886
467 89.8022 90.3039 0.748224
468 95.4156 99.436 1.45123
469 63.4105 87.7359 -1.39135
470 80.8704 86.6105 1.20668
471 60.555 93.1453 -1.43726
472 60.959 94.3563 -1.72379
473 81.0509 42.0897 -2.54141
474 95.4849 4.62932 1.71173
475 78.2773 33.5544 -1.91574
476 22.5467 97.5918 0.611758
477 24.0132 19.1924 1.5626
478 67.038 64.4725 -0.0333815
479 99.48 11.573 1.87605
480 97.8264 32.621 -2.18223
481 98.7248 3.55652 1.07534
482 17.5219 98.3632 0.170032
483 83.5752 86.0798 0.556872
484 80.1595 98.859 0.48936
485 76.7529 96.1721 1.06367
486 64.6723 85.8687 -1.06778
487 67.5563 94.1139 -1.35046
488 45.1361 79.7787 -1.32512
489 59.9806 43.9503 -2.29026
490 38.2905 19.9671 -1.60107
491 59.0151 61.6223 -0.615508
492 60.6282 91.5464 -1.27573
493 58.3028 70.0905 -1.18762
494 61.3709 57.4886 -0.129626
495 36.5159 76.8918 -1.01916
496 86.4215 94.9717 0.625945
497 93.0468 0.720653 1.0468
498 62.2547 90.0993 -1.74556
499 54.5712 52.502 -0.521348
