500
Particles
0 56.2287 78.8195 1.24934
1 24.8828 79.3581 2.07015
2 16.6697 85.0942 2.91838
3 56.5571 88.2199 1.11797
4 22.1953 61.8082 1.56326
5 16.6739 92.9282 3.01105
6 46.5365 75.7424 1.59836
7 27.9409 26.7885 1.53636
8 30.5903 90.6178 2.21649
9 32.3255 95.0764 2.25213
10 25.0451 93.8116 2.56848
11 19.3189 22.2921 1.25682
12 52.7643 90.1922 0.746184
13 84.9816 70.6651 0.119381
14 23.5897 64.0277 1.46563
15 36.6757 9.95784 -1.62453
16 31.7108 0.664168 -2.52162
17 19.1256 53.3979 1.38341
18 30.3858 77.1763 2.1496
19 94.5757 2.15987 1.90601
20 57.3298 88.3642 1.03465
21 43.5031 75.1667 1.3223
22 19.1299 0.998243 2.74129
23 26.5477 58.4813 1.24637
24 76.2435 23.1594 2.94782
25 13.055 98.8536 2.63144
26 17.9988 92.5236 2.53748
27 17.1525 14.6565 1.24836
28 60.1637 79.5146 1.39096
29 22.4895 55.4935 1.87389
30 17.8261 88.2964 2.43712
31 15.3037 2.3692 2.75037
32 57.4485 86.138 1.2221
33 19.6004 84.0203 2.13555
34 18.2121 100.204 2.58209
35 34.3216 89.5494 2.57309
36 16.768 25.8569 1.73446
37 46.9522 81.42 1.77801
38 6.43975 95.8792 2.0775
39 19.4236 59.3621 2.24077
40 20.2801 97.0987 2.6608
41 87.6815 76.5123 -0.0612584
42 26.7477 98.8886 2.79425
43 76.8346 12.0651 2.62883
44 27.4278 84.5219 1.76066
45 29.2845 100.126 -3.45667
46 18.0363 1.90006 2.32249
47 8.46547 21.2991 1.94043
48 21.3355 99.0802 2.63023
49 13.6391 92.9547 3.03408
50 38.6632 89.6157 2.59404
51 20.2482 2.76372 2.49427
52 74.7919 19.6064 2.9877
53 16.1804 24.7962 2.08314
54 29.1755 64.7886 1.48632
55 8.87699 5.19559 1.94699
56 31.4232 66.748 1.42535
57 25.0355 91.4937 2.87717
58 28.1153 70.0062 1.95942
59 9.96131 96.4406 1.87163
60 35.608 83.9936 2.42807
61 24.7333 97.5221 2.30633
62 30.0293 89.6829 2.92071
63 23.2701 74.946 1.46843
64 41.6808 81.4594 1.28201
65 6.10742 6.36649 2.20575
66 35.7616 87.3718 2.20574
67 35.7438 87.7112 2.64397
68 4.55842 4.22531 1.82074
69 29.225 90.2823 2.4479
70 46.2449 78.6476 1.21192
71 16.3894 98.602 2.154
72 37.3803 83.8365 1.92151
73 50.2672 80.6169 1.94315
74 22.3521 90.9026 2.51379
75 67.8331 29.7679 -0.197954
76 25.6816 91.4042 2.2845
77 45.0247 78.6206 1.34351
78 17.4544 88.5957 2.66994
79 30.7109 72.5295 1.78885
80 21.4582 94.1759 2.53878
81 34.2818 86.1687 2.49125
82 99.0839 99.7914 1.93492
83 25.5651 69.3655 1.12315
84 13.1443 4.30545 2.91931
85 20.2545 94.7334 2.68722
86 22.384 94.8052 2.87242
87 0.292658 100.011 1.10826
88 95.5828 1.90418 1.53109
89 20.407 91.8291 2.9374
90 67.9022 26.4002 -0.571268
91 13.4514 2.41623 2.31984
92 0.536585 99.2042 1.9072
93 27.5244 66.6926 1.38629
94 22.7131 96.8355 3.04586
95 57.3016 83.5852 1.48381
96 40.9349 79.0986 1.40189
97 48.1512 82.951 1.42925
98 19.8375 92.401 2.39078
99 66.3402 81.1145 0.357324
100 76.1415 19.4944 2.92033
101 31.5918 77.9198 2.3492
102 26.5084 95.9842 2.24002
103 17.5375 97.1979 3.13849
104 21.7837 99.8853 2.97744
105 64.865 26.2636 -0.120048
106 31.0595 67.08 1.87817
107 58.4575 80.1737 1.07948
108 20.8644 2.06322 2.65189
109 33.9678 69.626 1.78831
110 82.1583 86.5114 -1.31476
111 47.1227 80.8167 1.02026
112 58.0264 87.6815 0.741947
113 49.7237 75.6828 1.56888
114 41.7689 20.4883 -1.71121
115 48.6323 88.0009 1.37011
116 23.6154 88.4065 1.98985
117 12.9565 0.973718 3.05057
118 53.8877 89.6122 0.936166
119 27.8969 65.3562 1.43431
120 14.3954 99.4626 2.12735
121 33.4719 91.478 1.94274
122 21.3985 97.8518 2.29885
123 28.2642 76.7957 1.74526
124 79.8242 70.4138 -0.367696
125 7.14973 4.69822 1.73514
126 27.7337 4.77671 2.76063
127 83.1462 73.2303 -0.599916
128 75.6051 22.5913 2.89225
129 56.343 75.3143 1.01307
130 65.0521 80.1597 0.837243
131 24.2357 94.4564 3.02932
132 6.90554 42.2932 -1.82311
133 7.65057 48.6553 -1.40784
134 13.767 91.6529 2.62435
135 50.9263 79.6929 1.19142
136 21.6292 91.2607 2.65315
137 47.4383 80.1673 1.75156
138 23.7226 96.4546 2.52441
139 16.2807 99.2151 2.80379
140 27.58 96.179 2.6531
141 8.38363 5.72694 2.6101
142 27.9021 69.6455 1.64941
143 31.4496 100.034 3.00633
144 45.4002 83.2849 1.23494
145 55.6276 77.1283 0.912217
146 62.9181 80.0494 0.993632
147 16.2316 83.2614 2.65189
148 63.245 81.7876 0.789865
149 35.0388 86.121 1.82245
150 27.2859 96.554 2.89835
151 56.689 85.3056 0.942549
152 24.1615 91.6954 2.51445
153 20.6207 1.30973 2.89491
154 31.3729 0.0560391 -3.0881
155 9.93892 49.9455 -1.75257
156 34.2331 91.3751 2.17179
157 24.4514 3.11025 2.45926
158 16.4608 93.4656 3.06696
159 32.4351 7.84428 -2.91483
160 19.4361 87.5454 2.33072
161 29.5385 4.84807 -3.39932
162 36.4573 92.1145 2.68058
163 4.08335 2.10433 2.51079
164 78.0047 54.3821 -1.30125
165 34.4945 88.7368 2.46142
166 0.168263 2.21182 2.3675
167 51.8536 82.7693 1.30219
168 31.191 76.2595 1.65466
169 80.3917 18.4954 2.8328
170 20.5382 81.6062 2.21935
171 45.6005 75.5941 1.7217
172 53.6323 78.6321 1.69541
173 28.4064 95.0528 2.5027
174 16.735 93.0863 2.76849
175 13.5679 3.39968 2.89732
176 34.0251 11.2662 -2.14226
177 18.7079 97.2984 2.9913
178 79.9079 19.1382 2.12234
179 58.5818 80.0574 1.09979
180 48.6409 76.8768 1.7309
181 32.4112 96.7015 2.08295
182 32.2604 67.1427 1.13138
183 69.8772 84.287 0.579088
184 3.90789 99.7909 1.90125
185 4.62804 50.7438 -1.74556
186 22.8648 98.5852 2.91603
187 56.6221 87.3996 1.28023
188 23.1947 70.258 1.12981
189 18.9481 88.0479 2.8678
190 15.1963 92.0137 3.07709
191 44.4302 85.0711 1.34651
192 22.0829 93.013 2.81887
193 16.9643 2.24491 3.01576
194 19.6074 92.9138 2.18073
195 43.6903 77.3143 1.86575
196 16.2071 95.7185 2.16493
197 23.324 95.8735 2.63191
198 0.66212 99.3211 1.1461
199 16.7443 94.2901 2.26554
200 47.2144 78.5585 1.31584
201 16.662 56.1316 1.90451
202 74.6478 21.7685 2.96417
203 30.3778 6.08457 -3.04256
204 17.9719 92.1415 2.19215
205 51.8806 81.0302 1.10025
206 20.0199 97.0215 2.15253
207 11.9941 99.6122 2.22999
208 7.17047 1.23674 2.13319
209 58.3559 89.1309 1.32905
210 34.2026 80.8571 2.41458
211 20.923 98.4931 2.18492
212 6.53624 44.1897 -1.24053
213 61.3464 84.3582 0.660913
214 23.1993 71.2665 1.7057
215 52.7499 77.2281 1.06298
216 28.2261 1.94426 3.24873
217 46.0966 74.7722 1.85709
218 23.0029 7.05824 2.66089
219 20.4926 52.6601 2.19554
220 50.4653 81.2042 1.17651
221 21.9827 4.3854 2.56041
222 46.224 82.0936 1.6885
223 64.8846 31.9202 -1.0424
224 57.6447 88.5567 1.45382
225 19.671 22.8187 1.52852
226 30.3727 95.7416 2.50446
227 22.8715 99.5183 2.97307
228 23.7916 93.9245 2.71597
229 27.031 98.9084 2.61707
230 85.5964 72.8566 -0.144435
231 39.1895 82.3826 2.29035
232 13.7274 2.72725 2.40701
233 16.959 98.6663 2.84473
234 13.9277 95.3464 2.21684
235 30.2378 63.9297 1.39492
236 29.7703 93.4233 2.24521
237 20.4634 87.304 2.63119
238 27.6915 62.6248 1.42293
239 23.8136 65.8921 1.20921
240 43.9037 91.7836 2.21529
241 28.5268 85.8321 2.66807
242 22.8127 1.42983 2.55999
243 49.0044 77.5643 1.82991
244 31.0266 4.175 -3.0589
245 21.5358 2.76252 2.27281
246 24.0243 95.7788 2.09098
247 82.4636 77.6079 -0.0797466
248 26.3419 68.1825 1.13471
249 21.0575 90.5268 2.24683
250 15.1023 17.1831 1.76074
251 15.7973 87.8152 2.87053
252 26.2966 25.2671 1.38628
253 74.8069 17.3397 2.66384
254 23.7518 93.7837 2.63211
255 35.6589 86.6063 2.6526
256 24.0497 0.676062 2.75088
257 23.8743 95.9807 2.94288
258 32.9317 92.2184 2.67349
259 33.8213 66.5207 1.82559
260 18.0433 93.3057 2.98364
261 29.0637 68.8787 1.13576
262 28.8098 99.2219 2.77289
263 14.4516 2.10522 2.39778
264 18.3691 83.9947 1.95464
265 22.1253 94.1528 2.18505
266 18.8682 95.587 2.3846
267 41.5773 81.1289 1.72799
268 16.2519 1.4591 2.91747
269 17.4955 16.3569 1.34167
270 29.929 69.8863 2.09581
271 33.1237 66.6586 1.41119
272 60.7824 84.5324 1.06994
273 14.5642 95.98 2.98152
274 17.3492 99.8901 2.16915
275 25.4345 97.0109 2.46566
276 18.6925 93.4845 2.26331
277 55.1674 79.6264 1.78373
278 24.1765 80.2021 1.98169
279 23.37 3.13079 3.22005
280 28.9549 68.1887 1.94799
281 23.579 97.7283 2.48027
282 27.3317 65.0056 1.24381
283 50.1663 87.4342 1.00317
284 27.2243 88.1655 2.67466
285 46.6715 79.1832 1.52503
286 81.9806 76.3659 0.054917
287 21.8908 97.2012 2.53545
288 66.8361 84.6952 0.898693
289 24.5753 84.2551 2.05768
290 18.5794 0.818465 2.93862
291 27.3802 80.9675 2.18203
292 80.2659 14.9517 2.49348
293 16.1259 0.356295 2.52144
294 29.1593 62.982 1.13861
295 26.2315 8.28097 2.92216
296 5.94587 100.392 1.44944
297 29.2746 97.6916 2.90947
298 29.3207 82.8409 2.12572
299 47.7455 83.2228 1.20863
300 20.1048 96.1285 2.14227
301 37.7176 85.3941 2.71642
302 8.92581 92.9256 1.57578
303 23.385 98.0332 2.2948
304 24.5894 77.4679 2.02475
305 18.2242 89.4429 2.77535
306 19.8208 23.5795 1.77661
307 19.1948 87.228 2.21257
308 30.2713 69.2994 1.40795
309 15.6159 0.385773 2.43183
310 22.3425 22.4478 1.26454
311 89.4241 71.0355 -0.355069
312 20.7549 2.86838 2.47741
313 58.2972 84.7567 0.994223
314 30.6073 7.77084 -2.61588
315 21.3754 99.419 2.76733
316 49.9714 78.0994 1.43317
317 29.8355 72.3516 1.47827
318 51.4501 91.5763 0.936748
319 44.8809 84.1553 1.25702
320 48.2469 80.5851 1.20521
321 20.0237 52.7156 1.44346
322 49.1899 79.1196 1.64775
323 29.6457 72.9685 1.7374
324 22.8635 87.7257 2.31353
325 27.5944 99.1911 2.50334
326 24.0726 94.304 2.78663
327 19.2736 97.34 2.12959
328 3.22457 0.487027 2.08944
329 61.7369 85.4513 0.819154
330 56.885 84.038 1.52138
331 94.2733 44.1321 -1.57253
332 60.5266 85.6595 0.918353
333 96.2679 98.6745 1.52464
334 22.3367 61.7032 2.14542
335 46.7928 83.396 1.1738
336 48.1119 80.96 1.44659
337 23.7726 64.1532 2.08222
338 26.3631 0.223771 3.07836
339 21.9994 95.758 2.72637
340 39.7415 77.0697 1.76888
341 24.3379 69.9535 1.11765
342 33.3934 77.4591 2.26742
343 25.8979 1.98573 3.15357
344 24.942 96.0888 2.86816
345 78.538 10.884 3.20215
346 89.2199 77.7944 0.508092
347 17.3881 93.7796 2.32003
348 23.4808 69.696 1.62282
349 17.1037 89.7668 2.84924
350 22.3315 2.53156 3.045
351 33.9396 93.9362 2.51278
352 25.6259 80.8797 1.53916
353 67.8564 28.6195 -0.656352
354 20.956 92.9284 2.50431
355 26.7228 92.9583 2.48252
356 64.8512 83.1331 0.765893
357 11.0567 51.5734 -1.66383
358 32.0158 71.7192 1.35286
359 14.336 0.550516 2.56584
360 34.1051 3.72088 -2.54958
361 12.2299 93.5362 2.87722
362 42.7937 78.7779 1.12119
363 23.0282 93.6826 2.12632
364 19.3821 84.6939 2.85016
365 17.9186 3.93466 2.7645
366 47.4485 77.5897 1.93578
367 51.5778 81.5375 1.3311
368 62.899 79.6048 0.872127
369 78.5862 7.83235 2.36286
370 55.6613 92.8058 1.10835
371 36.458 86.4831 2.84198
372 31.0965 62.7709 1.23628
373 49.178 79.1582 1.74103
374 18.2711 86.3835 2.80569
375 15.5334 3.4224 3.2389
376 36.611 69.4949 1.93847
377 54.7836 84.3544 0.897856
378 17.9821 2.89419 2.93748
379 51.0039 83.3492 1.90805
380 26.0633 96.8444 2.26067
381 20.5249 91.2775 2.25959
382 44.0622 75.7765 1.39682
383 83.2483 26.9942 -2.78175
384 12.7651 1.25357 3.09545
385 24.4431 22.2024 1.94078
386 15.6648 25.4974 2.06875
387 16.5393 95.0645 2.87874
388 29.1035 98.4528 2.38636
389 11.2467 96.7261 2.26809
390 30.4742 80.7911 2.08926
391 28.3883 68.5708 1.21154
392 1.15843 89.0237 1.38989
393 24.864 1.5978 2.99513
394 45.4031 78.3323 1.68268
395 32.6711 73.2668 1.73856
396 20.8189 51.0646 1.96482
397 45.8613 88.8934 1.80111
398 61.4524 83.9525 1.02108
399 32.2789 88.3664 2.58504
400 24.0835 65.1377 1.38804
401 2.29762 2.8112 2.23273
402 22.3405 94.5809 2.74367
403 42.4505 75.651 1.37014
404 20.1217 97.1237 2.78704
405 25.2329 80.7436 1.53537
406 82.9414 72.6951 -0.337337
407 46.0037 77.3574 1.70378
408 51.3579 77.7845 1.83688
409 50.8402 80.3239 1.88206
410 22.1147 65.2966 1.92796
411 43.488 19.5274 -2.25908
412 29.0044 91.3113 2.52893
413 27.4897 68.2218 1.29947
414 24.3302 1.8703 2.28304
415 78.135 13.2901 2.87209
416 5.91057 98.7374 1.69205
417 25.1036 67.7133 1.90945
418 37.2267 82.146 1.81371
419 87.0569 26.076 -2.44528
420 14.82 99.6342 2.65321
421 30.0382 78.2801 1.74455
422 30.7735 68.2809 1.83413
423 48.4495 79.1843 1.45527
424 33.8778 9.71982 -2.2047
425 46.3969 74.1691 1.70122
426 51.703 85.0886 1.20033
427 12.8863 87.4568 2.9377
428 22.91 1.72787 2.30414
429 27.1872 99.6903 2.74955
430 31.2621 4.09524 -2.79419
431 17.0945 3.75601 2.63616
432 36.9047 89.6226 2.15331
433 58.1351 83.2412 0.822461
434 19.1543 99.2054 2.98041
435 18.1947 83.9312 2.78835
436 31.6367 97.0326 2.22002
437 17.2089 97.5119 2.96389
438 19.4276 57.1231 2.27623
439 51.0108 82.2308 1.66107
440 25.0504 89.5338 2.24801
441 80.7911 70.0661 0.149847
442 46.0981 78.9084 1.47043
443 20.0189 94.2951 2.34777
444 20.0038 2.32196 2.61014
445 14.9251 91.1633 2.54847
446 83.3981 68.444 -0.213623
447 85.8463 76.1924 -0.130109
448 38.363 16.7477 -0.665928
449 26.5332 87.979 2.41543
450 27.4275 71.1366 1.39651
451 21.7704 94.3658 3.01771
452 16.0529 88.9985 2.64681
453 28.3109 97.0967 2.52776
454 55.9185 76.2271 0.793152
455 98.8619 3.94341 1.59473
456 18.6275 62.7942 2.1456
457 29.2255 63.0455 1.73326
458 40.1602 89.9439 3.07968
459 11.6512 9.16213 2.30194
460 14.4356 93.4469 3.10433
461 67.4292 26.3583 -0.265243
462 21.9869 2.84821 2.28854
463 33.4202 68.7004 1.10323
464 24.1954 5.77844 2.67607
465 28.8336 71.53 1.67357
466 26.9039 0.923587 2.39729
467 48.4378 80.031 1.94364
468 11.6704 96.9313 2.04622
469 32.9301 94.695 3.02234
470 26.3106 77.9915 2.37946
471 22.7558 2.6646 2.83934
472 21.4231 2.90291 2.54408
473 51.9232 78.2446 1.31742
474 37.6665 11.0294 -2.42882
475 84.5412 71.4688 0.0331843
476 10.6972 51.6428 -1.55731
477 22.1463 94.9227 2.94402
478 14.0841 5.57713 2.30544
479 82.4373 11.3152 2.65563
480 30.5722 61.7497 1.11076
481 7.44886 100.169 1.93812
482 21.3544 91.3723 2.87675
483 28.7727 74.1512 2.23728
484 2.75828 94.7819 1.37418
485 8.29671 91.7514 2.51223
486 29.568 94.6481 2.81542
487 27.7282 1.96975 3.13457
488 32.0857 89.8678 2.34123
489 2.22076 2.91829 1.94578
490 26.7891 25.4057 1.88288
491 24.7728 96.8579 2.63521
492 20.9543 3.42664 2.51539
493 21.084 100.298 2.11211
494 24.4075 96.3059 2.41182
495 14.549 99.4243 2.82549
496 44.3439 84.9989 1.42913
497 35.3124 6.87424 -2.37011
498 29.1695 97.1424 2.83649
499 10.9356 8.17811 2.8522
