500
Particles
0 5.36102 46.1049 1.28886
1 72.2384 81.6453 2.25711
2 62.9183 53.8641 1.13857
3 53.6511 73.9053 1.56227
4 87.5456 98.4582 2.1262
5 75.406 79.321 2.32199
6 11.9407 15.6562 2.67429
7 66.36 81.4123 2.51568
8 82.1056 7.27626 3.16067
9 49.2268 58.5498 1.72914
10 10.2649 92.5952 2.73104
11 10.4666 24.8633 2.46844
12 72.6863 53.1609 0.960994
13 76.3145 67.214 1.70866
14 88.9819 99.8008 2.14206
15 81.0826 77.5139 2.16315
16 47.4525 7.22226 1.69715
17 6.10537 30.0906 1.54428
18 93.5315 16.1535 2.65334
19 88.5486 18.0719 2.98566
20 58.7092 76.4143 1.5035
21 7.33158 10.9546 3.05251
22 11.3021 5.39298 2.47795
23 84.7438 89.0035 2.70798
24 59.3934 77.6103 1.69338
25 93.4452 90.0728 2.77137
26 98.3166 44.377 1.94623
27 4.37813 18.2401 2.41044
28 5.18529 6.41191 3.28982
29 86.6348 50.4919 1.13342
30 59.0807 48.8105 1.91203
31 7.93284 6.06134 2.27838
32 96.3673 50.7517 0.82514
33 43.0282 82.756 1.17478
34 93.5927 85.8917 2.51995
35 94.2066 22.7092 2.61866
36 21.9736 60.1562 -1.91695
37 84.8338 49.2205 1.20174
38 95.2685 95.729 2.45607
39 86.8335 91.8139 2.10446
40 89.9346 75.6346 2.5298
41 79.2257 83.7876 2.18687
42 14.0463 95.8513 2.34136
43 57.2043 75.8092 1.98591
44 75.3701 81.4946 1.98047
45 24.2292 4.33096 2.20359
46 93.0108 89.0554 2.68829
47 71.2064 70.1253 1.61964
48 7.22191 96.0123 2.27492
49 92.3553 36.1348 2.73629
50 99.2236 19.3221 2.197
51 16.0101 7.47504 1.93708
52 55.7721 78.2041 1.89509
53 24.7839 60.282 -2.44084
54 89.8021 97.3863 2.47639
55 65.244 72.912 1.44127
56 89.8385 96.4955 2.02301
57 9.47065 84.3166 2.46079
58 96.5189 10.1993 2.83363
59 85.356 77.2447 2.15768
60 98.8473 15.3755 2.17452
61 7.83389 93.747 2.12368
62 75.1742 84.8146 2.46214
63 85.803 20.8208 2.97142
64 4.16616 14.3823 2.7632
65 71.6971 71.0516 2.44173
66 95.6856 19.7976 2.4387
67 99.1212 20.2742 2.95272
68 73.9681 64.9753 2.40025
69 22.0466 63.5299 -2.17317
70 8.40884 16.8094 2.7297
71 95.5234 91.1218 2.71687
72 95.597 15.7259 2.00243
73 81.6555 46.6813 1.64635
74 12.5035 92.9713 2.44985
75 64.3564 77.8557 2.3576
76 12.2362 90.3268 3.00672
77 12.2473 17.7095 2.90399
78 90.7064 52.1667 1.74505
79 97.8741 13.2348 2.63217
80 8.12808 94.2134 2.72325
81 -0.141983 22.1707 2.55672
82 89.2413 15.8018 2.6363
83 89.9901 11.4441 2.63528
84 64.5697 69.9684 1.8338
85 10.757 98.8449 2.43792
86 9.73974 94.2418 2.15945
87 87.2632 43.7613 1.74702
88 66.8177 71.515 1.81063
89 7.5835 89.8535 2.41269
90 58.3295 78.4864 1.82355
91 7.60801 6.64825 2.97168
92 14.2376 14.4673 1.94792
93 84.1095 96.7215 2.12715
94 6.44941 94.7406 2.23959
95 55.7202 49.1044 0.929504
96 7.49679 15.3047 2.54524
97 14.1255 22.4053 2.37298
98 97.7328 77.8679 1.85688
99 10.902 12.1072 2.68081
100 61.9819 79.7361 1.79279
101 97.0519 18.4428 2.15549
102 9.28424 92.0471 3.01175
103 87.4043 73.3203 2.01897
104 8.67222 0.521562 2.34922
105 57.678 81.0445 1.65515
106 90.2333 97.5199 2.43766
107 88.2611 87.4406 3.01973
108 10.8634 5.86627 2.71059
109 97.4052 10.038 2.33704
110 65.9105 78.9759 1.49882
111 89.6375 48.9867 1.62508
112 54.1832 73.6381 1.66632
113 6.48937 10.1903 3.17
114 5.39477 20.2607 3.04024
115 63.1177 50.4957 1.11625
116 10.3395 85.2496 2.52085
117 96.6758 96.0153 2.60287
118 73.9884 38.848 1.2855
119 87.46 0.448311 2.82651
120 81.9774 66.309 2.78252
121 70.8986 80.7115 2.06979
122 -0.00263617 89.4933 1.81962
123 84.1382 96.6465 1.60276
124 62.9676 54.2818 1.11851
125 92.4391 52.1606 1.51085
126 48.2651 9.4764 2.4119
127 76.5159 71.4335 1.63393
128 63.5949 77.6701 1.65318
129 96.7327 14.9831 1.96665
130 98.1791 98.8434 2.21563
131 11.9559 92.9137 2.15613
132 94.5983 50.8624 0.86201
133 91.4467 30.5035 2.91211
134 69.818 85.0248 2.22529
135 72.2818 87.4485 2.40261
136 7.61704 87.0744 2.6415
137 7.52505 15.1939 2.2851
138 12.0096 96.8979 2.71638
139 83.0473 64.3594 2.31389
140 12.4825 92.512 3.10138
141 83.2109 19.4159 2.65391
142 91.7364 10.8127 2.35817
143 91.6537 28.5806 2.09546
144 7.83244 17.5233 2.9507
145 -0.286852 20.995 2.89741
146 87.5372 85.9673 2.70446
147 46.3069 84.0563 1.90119
148 84.4171 45.5715 1.16321
149 95.166 22.5405 2.16636
150 11.4736 94.5511 2.46973
151 98.5274 45.5777 1.3815
152 8.73298 88.0618 2.35155
153 12.3528 5.27208 2.78616
154 44.4176 0.359296 3.18465
155 86.3175 28.0197 2.36546
156 86.5849 10.8516 2.20301
157 78.2396 80.3304 2.22978
158 1.05974 42.5774 1.38425
159 54.0168 45.4816 1.75637
160 24.6354 61.3746 -1.60616
161 57.422 46.5601 1.62835
162 93.076 19.3341 2.57242
163 87.2654 55.873 1.42354
164 71.1164 71.1168 2.02255
165 90.432 15.8489 2.50286
166 66.2899 70.0281 1.6617
167 89.3812 48.0551 1.56425
168 98.5317 15.4764 1.9345
169 68.8533 74.7577 1.64862
170 58.5365 54.2145 1.40579
171 9.72106 15.3692 2.21627
172 80.3321 73.8966 2.84064
173 14.1054 92.8827 2.22275
174 72.7599 78.4569 2.06919
175 94.8197 50.9792 1.23006
176 65.009 56.0341 0.979855
177 6.84155 50.3405 1.29382
178 56.4905 76.3559 1.18758
179 4.99646 6.81227 3.36026
180 9.67499 13.8558 2.38346
181 94.4978 28.945 2.47697
182 98.2632 7.12987 2.74345
183 91.3789 35.7863 1.89903
184 19.2562 18.3571 2.53671
185 73.562 69.6025 2.3149
186 14.4867 3.26886 2.95129
187 60.6635 53.9793 1.3052
188 77.1967 77.5465 2.49006
189 38.6092 31.889 -0.436337
190 72.6274 75.0938 1.70513
191 81.6389 14.9605 2.68531
192 4.92615 63.7123 0.251254
193 14.9757 9.52749 2.72024
194 92.1383 73.4191 1.95829
195 2.81194 9.23034 2.82341
196 82.6738 62.7017 2.25108
197 6.79429 90.9418 2.64204
198 17.8419 17.9956 2.74265
199 55.9045 54.761 1.67074
200 17.6791 19.8279 2.31482
201 70.7534 48.7437 1.22625
202 57.7058 79.4418 2.08217
203 57.8006 48.5696 1.18867
204 97.8045 41.4769 1.73169
205 88.7706 46.7447 1.20258
206 90.1164 73.7913 1.84095
207 91.5042 90.1911 2.24551
208 90.7655 23.1073 2.55473
209 59.0285 53.3927 1.78978
210 -0.290535 19.3723 2.56392
211 13.2267 2.57057 2.2387
212 87.7728 28.6233 2.12866
213 94.6758 46.1727 1.34232
214 74.9766 74.1518 2.41268
215 91.6164 93.5159 2.06076
216 19.9963 2.90231 2.09725
217 3.91135 9.14358 2.46913
218 74.8742 38.5802 0.732668
219 5.47928 31.1864 2.23731
220 85.1953 47.7783 1.27075
221 20.746 12.8127 2.19518
222 85.0631 47.4416 1.94175
223 61.811 80.3376 1.9632
224 36.2049 65.2047 -2.36753
225 67.6272 53.8395 1.4966
226 50.7766 49.1218 0.994726
227 15.9436 5.30842 2.84144
228 9.46416 93.2956 2.92462
229 18.7235 1.73719 2.24515
230 80.7595 77.9362 1.98109
231 0.799931 15.2825 2.93296
232 13.3825 10.3877 1.99347
233 92.4408 85.9104 2.97339
234 86.1608 75.7849 2.51262
235 89.8834 96.9415 2.72273
236 43.4338 98.5574 -2.35488
237 62.7434 53.4787 1.43075
238 -0.429252 8.62642 2.75113
239 93.5464 12.301 2.17919
240 2.98767 15.8372 2.9235
241 82.7466 6.00394 2.96077
242 15.1207 4.38045 2.12015
243 16.6095 19.8479 1.90165
244 57.1474 46.3494 1.14046
245 15.4116 7.47401 2.29981
246 12.9789 99.3977 2.01784
247 73.299 72.7495 2.07935
248 84.0008 95.6598 2.40908
249 100.359 74.3754 -0.198162
250 99.4266 15.8837 2.68987
251 34.8955 32.8758 -0.126627
252 58.7035 81.9857 2.2219
253 28.7241 55.8191 1.99651
254 10.6491 92.1277 2.35994
255 93.6366 17.1264 2.42247
256 14.7211 2.0612 2.31211
257 6.42093 90.7215 2.96146
258 85.4055 13.653 3.06079
259 88.064 95.4607 2.29861
260 5.43975 37.5677 0.807567
261 93.9194 9.19129 2.626
262 16.9033 98.1397 2.57291
263 13.272 10.2669 2.7576
264 48.8019 86.5219 1.03781
265 7.09435 90.4044 3.13056
266 7.31198 45.2525 0.967584
267 4.01753 15.6251 2.19762
268 81.4165 64.4006 2.12279
269 2.45809 20.2107 2.97497
270 97.1547 9.14842 2.01438
271 92.4648 1.08366 2.05422
272 93.0736 46.0288 1.6599
273 85.4407 72.5998 1.87627
274 99.4479 95.9438 2.33564
275 11.3874 95.402 2.98337
276 5.73988 40.7337 0.706478
277 15.4145 15.5949 2.38338
278 69.6959 81.0766 2.0604
279 15.4226 5.39901 2.72928
280 3.97394 14.466 2.29806
281 10.0162 97.7503 2.6018
282 89.8149 0.308462 2.73022
283 92.7017 45.3838 1.36833
284 39.5034 78.853 0.131592
285 12.0142 18.3128 1.91625
286 77.4723 81.6325 2.01607
287 8.53982 96.068 2.45604
288 48.3896 39.6362 1.93119
289 22.2435 63.4233 -1.62267
290 97.4738 91.0363 1.97043
291 85.4803 28.199 2.1442
292 84.0895 26.9765 2.7955
293 92.836 88.4434 2.81063
294 96.4776 2.63149 2.18011
295 5.99644 10.0556 2.84544
296 20.3798 16.7773 2.537
297 44.9684 5.46085 2.69771
298 89.6228 13.4469 2.33948
299 67.7641 49.2441 1.39396
300 2.01464 91.8735 2.05035
301 97.9359 17.9469 2.81055
302 80.85 66.0873 2.34027
303 10.3224 97.8664 2.67783
304 86.0977 23.3008 2.64963
305 37.5694 32.3727 0.266908
306 36.0807 73.7021 2.76762
307 66.0644 51.1043 1.37263
308 91.5573 10.7745 2.49091
309 95.9466 93.5267 2.23663
310 55.131 83.2137 1.8703
311 86.2229 89.2339 2.24472
312 14.614 8.66951 2.488
313 94.2699 47.2385 1.61091
314 97.3211 21.8966 2.52107
315 15.2261 4.61462 2.17524
316 13.9452 13.9351 2.32154
317 95.3588 9.88509 2.09468
318 65.2737 51.8844 1.26275
319 82.1008 49.1518 1.08834
320 86.5434 47.839 1.03039
321 -0.127351 24.846 2.71672
322 82.8492 44.2766 1.42091
323 97.1707 13.1603 2.15879
324 53.5365 52.2061 1.13622
325 20.9616 2.56466 2.21547
326 7.47649 91.2862 2.58122
327 94.3984 84.89 2.93036
328 90.9059 44.0908 1.13861
329 93.2474 54.3374 0.925305
330 94.3298 45.2541 1.47722
331 52.2983 85.298 1.86175
332 56.6802 52.8285 1.34909
333 21.5575 20.9732 2.58331
334 85.2612 92.1403 2.32147
335 66.9468 47.5656 1.80753
336 88.2806 46.4584 1.34425
337 86.6271 98.5094 2.69062
338 21.6179 4.14246 2.1051
339 4.07298 92.2528 2.17698
340 77.7015 66.5172 1.67239
341 91.1695 11.9513 2.27656
342 0.259979 18.7887 2.9751
343 20.1146 4.09024 2.66404
344 14.7326 99.1609 2.76467
345 65.5589 74.6878 1.9956
346 85.2486 91.2845 2.68443
347 6.76082 37.9999 1.1554
348 76.442 83.9311 2.56257
349 72.6893 70.7285 1.91107
350 11.0108 1.5291 2.95148
351 89.5743 23.9537 2.87691
352 75.1715 79.7281 2.04027
353 61.6127 79.0847 2.33256
354 92.844 69.2992 2.64414
355 11.4176 89.3645 2.50217
356 87.7623 42.8669 1.60993
357 72.9824 71.9424 1.73638
358 0.913174 12.3648 2.24045
359 90.6438 86.7529 2.45482
360 94.3962 23.4189 2.40075
361 4.40518 43.3419 0.664324
362 2.28878 9.20074 3.05237
363 9.83256 95.4149 2.48372
364 54.4206 83.832 1.83873
365 11.6642 9.38583 2.57054
366 14.2757 18.5951 2.71303
367 90.4832 47.1609 1.14956
368 78.6176 71.3059 2.19051
369 96.5337 46.346 1.44671
370 32.9806 69.0868 -2.98221
371 96.1583 18.5693 2.70843
372 1.46426 7.25915 2.46976
373 64.7235 3.04969 0.401158
374 -0.214004 20.2479 2.46576
375 21.4424 17.1611 2.17082
376 2.43892 11.0815 2.70109
377 94.5607 48.3496 1.45381
378 98.1151 93.5142 2.82233
379 88.6236 50.1778 0.979424
380 9.92256 92.7135 2.59185
381 53.6215 53.5184 1.15414
382 11.291 17.4637 2.49173
383 67.9456 74.6619 1.74216
384 11.7869 9.94161 2.74348
385 67.0757 80.8519 2.21786
386 22.362 58.3005 -1.93927
387 91.9826 34.5189 2.60853
388 20.146 99.7813 2.59392
389 91.3668 87.4087 2.38166
390 87.8869 13.673 2.60192
391 96.052 11.8633 2.19179
392 93.1802 87.0287 2.88792
393 19.3669 4.68009 2.00735
394 10.0868 17.4209 2.65831
395 99.0146 11.3362 2.76048
396 4.86244 29.0977 2.14978
397 99.4355 11.5034 3.2275
398 94.819 45.4999 1.86475
399 82.6103 2.17143 2.31498
400 85.7999 0.675627 3.05145
401 55.4561 49.9817 1.7729
402 92.3213 69.2475 2.5073
403 11.0849 15.8881 2.14076
404 2.80182 94.0876 2.34329
405 73.6349 80.1783 2.43612
406 76.662 71.2768 1.90076
407 14.2439 20.5896 2.0611
408 94.2823 96.3516 2.22734
409 90.7234 46.1025 1.23474
410 86.5009 1.64881 2.69685
411 2.21677 18.3331 2.75532
412 10.9844 87.8008 2.33476
413 91.0552 10.1427 2.162
414 18.9193 5.19348 2.87185
415 69.5999 72.994 1.89217
416 15.9172 14.6437 2.09643
417 87.2044 1.32279 2.52519
418 3.01537 20.4595 2.5498
419 65.2698 72.8651 1.48037
420 90.184 84.3422 3.02667
421 2.06651 19.4784 2.71551
422 90.5761 1.98263 2.05081
423 47.3158 31.886 2.08819
424 4.14996 27.5507 2.37074
425 7.17739 8.746 2.70673
426 7.51768 41.6684 0.982961
427 2.32814 23.3232 2.81043
428 4.27861 94.6761 2.99366
429 12.117 95.8061 3.03053
430 93.3273 31.5742 2.2649
431 19.3025 13.7256 2.09825
432 96.8299 21.9372 2.54663
433 95.3785 42.7184 1.04375
434 96.6967 86.7577 2.86047
435 57.3752 84.0099 1.89262
436 97.5173 29.2271 2.83086
437 83.1555 64.1952 2.33594
438 87.8586 52.3806 0.954525
439 91.33 48.44 1.07391
440 12.6985 90.1667 2.38666
441 74.4519 70.0031 2.35322
442 5.44124 15.3103 2.18838
443 54.5397 55.9453 1.24546
444 14.271 8.88568 2.35821
445 72.1285 77.7199 2.38961
446 65.1404 80.4049 2.04951
447 82.808 87.5051 2.5568
448 4.38658 12.3567 3.00602
449 20.2625 63.0566 -1.86063
450 93.2628 13.3564 2.44002
451 92.5527 71.276 1.91482
452 7.58637 30.1425 2.12262
453 9.33856 89.1044 2.34686
454 13.3209 28.3682 1.31819
455 69.2367 74.357 1.88383
456 84.5799 96.9197 1.95325
457 93.159 0.874732 1.95898
458 97.1002 99.9307 2.69261
459 75.2341 66.5235 1.61495
460 93.0299 84.2583 2.84976
461 34.4588 68.4005 -2.7445
462 15.7154 7.6942 2.75717
463 99.4539 9.35119 2.82376
464 42.258 3.04618 3.01821
465 94.7776 12.972 1.92289
466 17.8631 2.03468 2.79067
467 88.2385 47.504 0.946062
468 81.8766 71.7177 2.71682
469 94.4634 28.4166 1.97538
470 96.7794 34.8289 2.15511
471 -0.398251 92.2494 2.83511
472 15.3804 7.54323 2.64789
473 15.356 14.7974 2.40677
474 56.6011 55.2902 1.01828
475 77.6455 72.9217 1.8134
476 73.1743 69.8086 2.12842
477 16.2626 100.441 2.04339
478 94.6511 25.1067 2.62466
479 64.1897 74.0262 1.96234
480 88.6844 90.2977 2.01333
481 86.2761 41.2509 2.15169
482 96.3195 74.178 2.40409
483 90.3226 12.5454 2.4929
484 87.466 86.3717 2.83061
485 5.52728 42.3539 0.864741
486 14.7229 94.5597 2.90062
487 13.8865 98.5437 2.70894
488 83.2034 4.06283 3.07989
489 62.9108 72.6087 1.98751
490 67.6473 77.2791 1.87233
491 5.20602 91.0965 2.88512
492 16.7121 11.5167 2.27579
493 9.8262 1.44157 2.86134
494 97.519 75.1764 2.00761
495 91.6188 88.4416 2.63384
496 6.37789 17.9684 2.94091
497 1.40392 20.0707 2.11588
498 14.5285 93.2117 2.46802
499 90.7661 53.3524 1.16554
