500
Particles
0 33.4751 4.15583 -0.253834
1 58.6671 75.1186 -1.23735
2 77.2063 23.2231 -1.6413
3 10.0282 12.715 1.3099
4 56.3213 65.6635 -0.87187
5 81.4884 69.0356 1.45696
6 88.837 63.7489 -2.61765
7 44.7801 47.2787 -1.77291
8 72.9799 11.3914 -1.83693
9 69.2451 18.334 -2.06944
10 76.2877 76.5691 1.32245
11 97.5217 80.197 0.373958
12 74.3349 72.4199 0.643171
13 3.74152 45.8759 -3.09975
14 63.3968 55.3973 0.781509
15 84.3974 76.1131 1.00453
16 12.1836 12.7825 0.917178
17 20.7127 36.8927 -2.43075
18 63.3021 65.6115 0.438174
19 54.5594 82.1704 -0.719506
20 29.62 57.2799 -1.60921
21 93.2452 64.2194 -2.20602
22 68.4786 80.7741 2.18005e-05
23 23.7378 41.8078 -2.28435
24 19.3452 89.3224 -1.93069
25 85.5464 71.6437 1.46214
26 88.3824 79.6403 0.586427
27 46.9795 44.759 -1.90836
28 29.71 7.43634 -0.673997
29 11.9518 16.0362 0.538308
30 73.4577 91.8671 -1.91372
31 55.2348 91.2159 -1.75556
32 28.3593 53.7168 -1.7587
33 78.6446 15.5249 -1.66637
34 25.6243 55.2152 -2.57224
35 30.7691 4.57846 -0.852664
36 98.6297 85.8974 0.404004
37 72.7861 65.3618 1.04313
38 80.9171 20.5459 -2.04057
39 56.4709 82.5295 -1.3091
40 80.2742 24.1556 -1.72405
41 5.57749 47.9351 -3.5042
42 66.2194 19.6047 -2.22766
43 84.3326 82.8074 0.530633
44 60.2708 88.1059 -1.02344
45 68.3769 23.3535 -2.06236
46 34.738 9.98568 -0.0712848
47 93.3217 96.5059 2.11714
48 69.7868 10.2412 -1.56676
49 83.3179 66.657 1.98965
50 77.2482 12.2791 -2.05215
51 36.3876 12.4474 -0.114342
52 89.2531 58.2794 -2.82282
53 1.50099 83.8531 -2.8163
54 79.2911 80.5692 1.43809
55 52.0183 47.5305 -2.42319
56 25.0592 52.8066 -2.30863
57 1.37915 4.45125 -0.277398
58 22.8698 47.4905 -2.64058
59 86.3163 69.5092 2.49158
60 72.1109 65.1831 0.294378
61 65.5346 14.7077 -1.41573
62 29.8423 9.12719 -0.038626
63 57.1297 73.6448 -0.553733
64 61.9687 74.9392 -0.228335
65 90.8959 55.6718 -2.52008
66 69.9308 71.6519 0.28585
67 27.0154 96.9272 -1.99338
68 89.943 53.2496 -2.3269
69 33.0352 12.7077 -0.617215
70 88.3211 65.1444 -2.1797
71 31.206 70.209 -1.34587
72 66.642 68.3302 0.0466426
73 56.5046 0.982523 -1.96425
74 81.8089 49.4693 -2.32299
75 19.94 20.756 -0.432775
76 29.5508 13.0963 -0.560118
77 66.9858 65.9541 0.16152
78 64.0219 84.2203 -0.984242
79 74.6115 57.0632 1.54717
80 29.3139 11.8876 -0.162122
81 72.2143 67.9137 0.493118
82 19.5394 56.6944 -2.69269
83 64.1607 62.0131 -0.0103767
84 25.632 37.3771 -1.85896
85 5.25636 72.0739 1.88617
86 23.936 18.2355 -0.737176
87 88.87 46.5161 -3.28967
88 87.4886 58.2846 -2.86377
89 88.2998 79.277 0.529556
90 90.1566 78.315 0.501643
91 56.0764 90.3913 -0.959187
92 51.2205 46.3001 -2.27434
93 22.6176 47.3487 -2.70542
94 32.4596 75.4272 -1.5495
95 30.6352 7.77703 -0.227942
96 75.0208 59.6123 0.534754
97 76.1866 64.5067 0.286437
98 89.3595 79.9516 0.784892
99 6.10091 9.55009 1.05927
100 89.0471 58.0449 -2.2688
101 67.6323 59.8416 0.272399
102 72.7396 12.4946 -2.27814
103 6.98982 80.422 0.777828
104 36.6981 5.7336 -0.486322
105 90.6259 78.3173 0.535196
106 24.0969 55.8224 -1.81635
107 58.0493 5.5289 -1.73197
108 42.2011 12.9448 -0.184926
109 64.9059 8.03749 -2.0338
110 75.1405 95.4961 -1.87255
111 76.3573 63.4598 0.725369
112 76.2735 11.7329 -2.29988
113 16.8089 44.8711 -2.70843
114 83.1234 78.7461 0.911576
115 46.1596 3.98626 -1.47568
116 74.1617 68.2123 0.22124
117 86.8688 79.522 0.449405
118 12.6904 11.7508 0.734929
119 22.4861 46.9547 -2.15986
120 87.5381 75.2725 0.796418
121 50.2246 82.2799 -0.710108
122 33.025 75.2259 -0.923912
123 66.3936 61.4871 0.53065
124 93.4175 53.417 -2.44361
125 88.4258 55.8233 -2.84245
126 56.7831 97.3542 -1.65123
127 92.7703 55.8153 -2.86536
128 15.7177 89.7886 -2.11556
129 37.1616 5.59951 -0.382111
130 33.772 12.6899 -0.106087
131 74.7433 73.8853 0.497508
132 94.3914 81.3631 0.129144
133 93.2798 82.2789 0.909884
134 89.0359 69.0285 -3.1174
135 92.1052 66.8397 -2.21813
136 95.6127 91.3673 1.72564
137 93.247 67.6807 -2.23895
138 36.8499 82.8913 -1.45901
139 25.0391 11.9572 -0.453932
140 72.2994 14.2106 -1.86873
141 87.8063 57.4169 -2.45471
142 88.4576 60.6514 -2.93589
143 72.9665 22.0517 -1.81948
144 75.6283 65.4272 0.41377
145 59.164 3.59492 -1.44647
146 32.1874 10.9469 -0.517158
147 78.1437 19.0932 -2.39123
148 33.7373 10.1053 -0.244847
149 75.9522 67.4342 0.659405
150 44.0298 8.02523 -0.780762
151 29.0294 7.68451 -0.147927
152 51.3472 77.5418 -0.581499
153 34.6166 5.84955 -0.536902
154 73.5633 21.7939 -1.94877
155 95.1112 86.4752 0.186942
156 71.2177 14.0761 -2.45049
157 65.5642 25.9742 -1.70423
158 93.6213 74.1045 -2.76375
159 77.6382 77.2425 0.969141
160 62.6009 93.2142 -1.07099
161 49.463 86.6066 -0.177239
162 75.3594 15.2897 -2.42067
163 93.3474 50.7966 -2.34766
164 94.7499 59.702 -2.37323
165 29.2069 3.74904 -0.368429
166 88.7345 52.8603 -3.09924
167 95.7498 67.4652 -2.40053
168 60.8946 72.3765 -0.746184
169 85.7579 93.2138 -0.255856
170 77.4374 14.6853 -1.81031
171 76.8404 58.5608 0.757642
172 53.5369 4.53396 -1.16893
173 71.1009 15.1312 -1.50786
174 79.4164 69.0161 0.465914
175 53.6728 94.5911 -1.03817
176 80.8668 76.9265 1.4708
177 4.49076 72.4544 1.91846
178 26.4634 45.9517 -2.92986
179 30.6262 6.90817 -0.624887
180 14.7149 46.9915 -2.48081
181 73.7368 17.6955 -2.29249
182 25.7116 50.1174 -2.03639
183 62.3946 28.3216 -1.46574
184 85.9109 74.4694 1.15434
185 9.02387 28.8309 -1.44397
186 31.7448 76.2261 -1.829
187 75.339 12.1191 -2.31171
188 56.6393 71.082 -1.06878
189 64.7039 87.4701 -0.748131
190 70.4622 72.1466 0.983526
191 78.4383 64.847 0.561138
192 11.4426 89.7193 -2.56731
193 65.0544 12.318 -1.90362
194 93.3631 89.1605 -0.100293
195 67.239 65.2349 0.293725
196 90.6008 70.6714 -2.34894
197 25.6414 17.4904 -0.907095
198 26.5562 60.6486 -2.09366
199 93.4124 72.2452 -3.00484
200 93.9418 64.9831 -1.88815
201 54.6741 82.2211 -1.27282
202 57.601 61.6434 -1.00105
203 39.1118 16.2956 -0.118082
204 82.629 66.6119 0.84325
205 58.399 3.99905 -1.66868
206 96.0244 8.7261 -0.0719657
207 87.2563 73.9966 1.8157
208 84.82 77.2086 1.15769
209 78.0433 73.6961 1.2908
210 70.5413 63.6633 1.06624
211 72.2257 75.6483 0.506691
212 93.1129 82.4175 0.779693
213 32.3942 11.9695 -0.213131
214 64.555 59.2301 0.256786
215 10.8223 51.0046 3.35846
216 71.4933 26.858 -1.38071
217 92.1387 64.8895 -2.7207
218 59.9814 25.4435 -1.85504
219 13.042 24.4112 -1.53541
220 0.30222 68.7461 1.96608
221 43.4163 15.1629 -0.645056
222 72.443 65.0501 0.600196
223 86.7996 13.912 -2.70535
224 9.01136 10.919 1.25222
225 40.6357 44.5011 -1.31606
226 67.6332 19.6494 -1.96032
227 71.9411 10.9582 -1.73529
228 28.2232 17.0354 -0.631692
229 46.1327 13.0834 -0.579795
230 -0.279905 50.1569 -2.92253
231 69.2797 65.5646 0.834909
232 53.9815 87.3538 -0.795151
233 6.45039 58.8272 1.61017
234 88.4363 70.8169 2.50513
235 24.3996 51.9099 -2.79098
236 74.3675 13.8665 -1.94343
237 64.699 85.8559 -0.550211
238 25.9525 47.3592 -2.53161
239 56.8475 68.3403 -0.762032
240 77.8113 71.179 0.77878
241 64.5249 76.236 -0.0696013
242 38.2266 13.3033 -0.594844
243 92.9026 65.7914 -2.52785
244 43.7009 80.525 -1.06712
245 38.911 11.7587 -0.205287
246 39.6427 74.2639 -1.37817
247 95.8532 56.6843 -2.21038
248 67.8627 55.9261 0.294199
249 79.3114 66.1975 1.03547
250 18.7591 18.6189 -0.280445
251 83.0601 14.0012 -1.96855
252 40.7151 49.5769 -2.0833
253 12.6563 28.0379 -2.45191
254 68.4247 90.5684 -1.94526
255 74.6624 68.1237 0.458716
256 41.4327 12.0915 -0.586697
257 35.827 75.6398 -0.883499
258 75.5944 13.5745 -1.68549
259 25.5244 56.4824 -2.48287
260 92.7886 70.9205 -2.67018
261 15.9494 40.9696 -2.30197
262 71.7702 19.8749 -1.81003
263 0.537229 72.6384 2.30116
264 70.1218 4.37047 -1.78914
265 6.5378 59.4877 1.65674
266 19.2043 0.718544 0.0271396
267 62.4887 74.1121 -0.116314
268 75.2037 90.1247 -1.08405
269 99.5081 78.073 -0.453514
270 22.4369 49.4828 -2.49371
271 25.6363 51.9211 -2.2836
272 28.3149 16.7823 -0.272234
273 89.6264 70.3271 -2.98509
274 99.7124 74.7319 -1.39447
275 46.477 8.79829 -0.236407
276 92.241 78.9842 0.207591
277 56.5357 3.48144 -1.03993
278 77.5934 10.1553 -1.8249
279 45.9962 18.2122 -0.795138
280 72.5064 53.1491 1.10648
281 56.3161 97.7063 -1.26076
282 23.4146 40.4885 -2.5598
283 93.0643 69.4637 -2.19215
284 64.8895 77.0243 -0.825471
285 78.0805 58.8617 1.38483
286 95.548 54.4183 -2.29339
287 36.7895 76.2652 -1.30208
288 8.39415 10.7434 0.751685
289 81.5363 10.5669 -2.67852
290 68.247 12.5943 -2.35093
291 58.2631 78.0468 -1.19824
292 84.4918 91.194 -0.0480118
293 0.0101192 74.891 2.16259
294 81.7302 81.6016 1.04802
295 43.3091 51.395 -1.67764
296 86.3901 75.8544 0.950554
297 69.3316 18.1414 -2.03611
298 58.6834 91.4374 -0.763517
299 86.9381 64.7729 -2.45267
300 2.75435 68.9873 1.64515
301 72.9775 66.5361 0.704528
302 78.9206 23.1878 -2.00148
303 72.974 8.27842 -2.0124
304 60.1457 69.3537 -1.05164
305 70.1476 70.8605 0.542484
306 1.22557 93.5919 -0.275309
307 62.2337 89.9957 -0.651817
308 18.5064 44.5519 -2.34639
309 14.5888 0.97908 -0.0348991
310 43.2582 41.3941 -1.63895
311 91.868 98.8248 2.56676
312 35.7587 11.0986 -0.719307
313 25.3733 7.48976 -0.774793
314 14.5304 13.0483 0.552936
315 70.3254 13.1666 -1.70552
316 91.1299 65.0992 -2.37785
317 86.0638 60.1026 -2.73728
318 79.2218 74.882 0.75462
319 81.248 61.4112 0.847645
320 70.8652 67.2568 0.620201
321 93.3322 95.3005 2.52875
322 75.3785 63.0717 1.2976
323 75.071 56.2615 1.3666
324 62.917 94.839 -1.59566
325 64.4795 21.9697 -1.81034
326 4.47634 9.61796 0.617441
327 23.0039 9.84215 -0.707835
328 86.1176 76.649 0.75369
329 28.9693 54.6264 -1.91794
330 31.7579 10.8613 0.0836496
331 94.9078 78.4242 0.903482
332 30.0121 54.7015 -1.9879
333 13.7083 49.889 -2.73165
334 53.8816 74.4404 -1.29307
335 80.3206 62.7811 1.08444
336 96.32 67.5912 -2.32662
337 58.3543 65.61 -0.0669435
338 66.8672 20.6906 -1.72141
339 4.13662 10.8102 0.331741
340 68.4204 64.1309 0.192395
341 66.6075 3.95069 -1.96286
342 66.7278 63.6033 0.113217
343 45.3187 16.149 -0.765262
344 74.2144 10.5677 -1.71537
345 84.0236 81.3333 0.967658
346 5.88382 47.8505 -2.63639
347 91.1822 80.0983 0.200931
348 60.1255 67.3375 -0.0356757
349 69.8515 71.1778 0.329193
350 40.0992 10.1785 -0.01208
351 71.1902 15.2112 -1.83073
352 58.9247 86.6228 -1.41183
353 80.6826 49.1933 -2.90997
354 84.4438 53.4568 -2.97838
355 78.7567 76.8801 0.690464
356 8.53391 13.4368 0.71366
357 95.6239 82.1168 -0.114041
358 18.9514 45.0342 -2.92318
359 84.9027 75.8149 1.56632
360 74.3596 25.0165 -1.2383
361 79.0792 69.6642 1.1117
362 74.3814 60.9535 0.592596
363 26.2942 14.9086 -0.59514
364 81.2261 9.76466 -2.03031
365 34.4463 8.92741 -0.432681
366 92.9451 66.5104 -2.11775
367 60.855 6.17094 -1.44815
368 31.9674 10.2828 -0.657516
369 84.0563 80.0943 0.739609
370 78.687 72.2268 1.32769
371 74.618 68.7097 0.599278
372 79.5789 81.5428 0.984865
373 10.1106 48.7456 3.01659
374 60.3992 94.5865 -1.35031
375 34.8487 8.28646 -0.237638
376 66.1949 5.47166 -2.21168
377 23.4561 88.7851 -1.82287
378 38.7472 12.324 -0.0911978
379 96.1821 71.0798 -1.8055
380 71.4426 18.2888 -1.93708
381 92.1855 83.9263 0.58179
382 71.6026 61.3201 0.778925
383 12.8977 11.6205 1.21327
384 92.8202 9.34997 -0.272441
385 44.2652 46.5284 -1.3191
386 37.6044 46.8565 -1.91592
387 1.63113 65.3083 1.55868
388 66.553 21.0451 -2.06088
389 82.9393 71.1395 1.0282
390 62.1135 69.9686 -0.530062
391 21.0246 43.6637 -2.82031
392 66.8643 95.7349 -0.903143
393 63.4074 22.5572 -1.53783
394 91.309 65.4135 -2.60124
395 15.9293 42.7033 -2.37042
396 9.44303 19.5891 1.39043
397 80.559 66.3957 1.1663
398 74.9933 72.7333 0.775483
399 27.6045 92.3922 -2.46803
400 80.5456 54.3215 -2.45189
401 90.2765 49.3037 -3.15265
402 28.7693 14.2732 -0.330787
403 70.1558 60.2644 1.1439
404 98.4973 3.37028 -0.541882
405 59.1166 71.5026 -0.408557
406 99.3277 48.9802 -3.19426
407 89.687 63.243 -2.35564
408 9.25678 47.0615 -2.76018
409 93.386 67.4351 -2.139
410 55.501 70.5158 -1.23032
411 83.849 78.866 1.35854
412 28.488 14.0012 -0.830833
413 15.7355 28.5221 -2.12181
414 43.3205 11.2933 -0.117107
415 88.068 88.7483 -0.238478
416 86.2592 72.9126 1.95212
417 88.9157 59.4483 -2.72633
418 72.2792 63.5338 1.08701
419 54.8172 79.4521 -1.21181
420 87.564 76.3921 0.57049
421 62.8128 66.2514 -0.0566719
422 23.3097 49.9844 -2.83402
423 29.8664 72.7073 -1.33298
424 81.3342 78.0039 1.48148
425 89.8062 62.4327 -2.90762
426 48.7625 3.05801 -1.45387
427 60.7291 97.5815 -1.71201
428 38.1556 10.3268 -0.425499
429 42.4705 9.24898 -0.191704
430 42.3005 79.9947 -1.16749
431 40.7068 8.8095 -0.760295
432 75.1256 12.2166 -1.83787
433 49.6776 4.4163 -1.91771
434 80.6673 78.4254 1.46982
435 79.2188 12.7461 -2.3405
436 69.7715 19.7676 -1.99846
437 90.3322 86.9515 0.150198
438 54.9237 83.7199 -1.45112
439 54.3445 4.51456 -1.86142
440 84.8201 55.2527 -3.08372
441 91.0131 60.2805 -2.67282
442 74.8348 62.3932 0.664224
443 56.6296 60.9129 -0.468103
444 38.2969 9.55959 -0.183907
445 75.7534 67.8081 0.287082
446 14.4181 32.2688 -2.15467
447 96.5248 54.9811 -2.51955
448 84.6284 75.8145 0.909815
449 75.2607 66.2376 0.32464
450 60.659 69.8106 -0.578987
451 26.8074 11.7578 -0.108636
452 69.2329 69.2758 1.00291
453 74.6682 15.9881 -1.5874
454 19.7766 51.5984 -2.54824
455 87.7924 49.0556 -3.03123
456 56.7842 65.7532 -1.10063
457 26.513 45.6268 -2.92316
458 30.7558 57.2753 -1.59311
459 31.0045 72.3471 -1.42736
460 84.3433 68.438 1.18328
461 89.9719 79.6866 0.381152
462 42.0529 11.7384 -0.517494
463 62.9206 4.32625 -1.63086
464 42.8901 18.4464 -0.917965
465 20.8486 45.8046 -2.29922
466 69.72 23.7892 -1.57939
467 88.6939 66.0088 -2.85815
468 84.691 71.0027 2.08252
469 70.3471 18.6771 -1.91368
470 62.5622 65.1698 0.326088
471 42.1844 14.4888 -0.164436
472 41.7907 15.1365 -0.467494
473 100.211 55.6277 0.36227
474 82.615 75.8033 1.0324
475 2.78661 49.1671 -3.49589
476 93.4898 86.4037 0.380084
477 100.14 6.88228 -0.719321
478 56.4532 92.4475 -1.04974
479 87.2814 84.6731 0.252052
480 26.4479 45.2372 -3.1443
481 86.7697 74.2807 1.39375
482 91.6336 82.0865 1.00027
483 72.44 57.3307 0.960306
484 75.2739 87.9192 -1.34003
485 82.1552 17.7407 -2.15017
486 69.7491 16.7898 -1.56086
487 69.511 25.1381 -1.67565
488 28.8119 2.01231 -0.559921
489 88.502 51.1652 -2.61766
490 44.1652 50.2376 -1.662
491 35.5272 78.2138 -1.61909
492 41.4603 12.6395 -0.713342
493 59.8911 0.821121 -1.09758
494 38.3296 75.6927 -1.80449
495 22.7246 91.7586 -2.71653
496 73.1357 67.5367 0.759436
497 79.6422 72.2269 0.835323
498 45.327 12.1382 -0.642104
499 32.5813 70.0436 -1.43293
