500
Particles
0 56.0052 84.5547 -0.841686
1 79.6567 91.3174 1.45149
2 76.0805 97.3215 0.742898
3 9.25561 39.5891 2.52418
4 76.5511 81.8111 0.491956
5 96.5957 98.414 0.997021
6 88.4563 90.0939 1.00912
7 37.6222 15.6517 -1.18033
8 64.071 80.0454 -1.87321
9 65.0171 86.0807 -1.05394
10 89.1814 7.11614 1.55102
11 28.0189 92.6992 0.550081
12 88.2699 2.08989 1.48657
13 80.1234 28.9185 -2.13254
14 80.6313 82.0406 0.496322
15 98.6967 6.12994 1.36489
16 15.425 41.0535 3.01452
17 91.9835 23.6163 -2.47991
18 81.828 89.8553 0.682802
19 73.435 73.2261 0.402975
20 6.53636 41.7185 2.45029
21 92.6848 86.2086 1.44927
22 84.8415 4.89142 1.18719
23 94.429 26.6987 -2.23292
24 34.7841 71.2813 -1.4038
25 97.065 2.26185 1.79082
26 11.9191 -0.111146 -0.568044
27 39.9848 13.5875 -1.15148
28 51.7593 87.2127 -1.46064
29 96.1546 25.7745 -2.7322
30 82.5855 99.1512 0.374287
31 70.3681 63.7269 -0.680731
32 4.05083 40.7119 2.75613
33 78.1851 95.0495 0.625264
34 -0.121187 38.9816 -3.06667
35 50.2044 83.0076 -1.68516
36 28.8409 97.786 0.525683
37 88.6371 93.8587 0.799422
38 77.3933 98.333 1.25513
39 75.574 82.4345 0.677002
40 78.1192 2.23634 0.541065
41 79.077 32.355 -1.96713
42 62.9759 86.6783 -1.75083
43 97.3403 13.1683 1.2929
44 81.1193 95.1843 0.744041
45 66.9406 89.9135 -1.3774
46 56.9613 88.4847 -1.54678
47 80.0705 11.6682 -2.41907
48 61.3815 77.9964 -1.81927
49 95.6803 97.553 1.56942
50 69.4039 80.9619 -0.883714
51 58.663 91.1002 -0.907043
52 80.6827 77.2904 0.597608
53 28.9737 92.9986 0.351009
54 90.5372 11.8513 1.48352
55 46.942 18.466 -0.733149
56 95.5934 36.9754 -2.57011
57 23.7854 18.8167 1.34585
58 93.2077 31.9164 -2.34696
59 96.7384 0.843206 1.37466
60 87.382 93.9766 1.04497
61 60.995 82.5294 -1.09476
62 52.6916 89.7525 -1.73774
63 76.999 89.5458 0.830155
64 84.2489 94.0571 0.464068
65 62.5763 45.8476 -2.01551
66 87.7952 98.7089 0.591661
67 42.44 75.4027 -1.43493
68 61.1955 40.9337 -2.18161
69 55.8239 93.3969 -1.70197
70 90.0343 90.5525 0.688965
71 52.0748 47.8108 -1.02204
72 84.1557 94.8868 1.03028
73 50.6792 68.5773 -1.18935
74 54.9282 30.9362 -2.93126
75 48.1497 14.757 -0.749742
76 53.8032 94.1761 -1.04291
77 83.8821 92.8661 1.39458
78 83.2612 97.4176 1.17381
79 85.8543 87.6307 0.659807
80 54.1294 94.7664 -1.72985
81 87.4242 96.7521 1.22035
82 5.56459 66.8275 0.625875
83 83.228 87.2817 0.663944
84 0.000780543 27.0236 -3.38009
85 32.6728 81.8811 0.0533293
86 50.6691 2.53904 -1.43824
87 59.3917 31.9053 -2.72289
88 81.8955 80.8821 0.788402
89 11.875 99.8813 0.0481568
90 15.674 98.3367 0.701395
91 69.9778 62.8082 -0.778383
92 44.6919 16.6326 -0.487458
93 92.6369 32.5502 -2.09536
94 59.4798 58.3238 -0.710424
95 53.7214 87.9158 -1.68615
96 87.5425 89.6895 1.1454
97 90.5137 93.9778 1.23913
98 15.8126 99.5523 0.509829
99 8.55614 36.1997 2.29213
100 80.4852 74.072 0.44653
101 83.1152 88.3785 0.999815
102 63.4781 80.6627 -1.32815
103 32.0419 61.986 -0.671718
104 58.1002 84.9485 -1.80726
105 15.9221 98.4114 0.797642
106 94.774 40.2379 -3.18584
107 54.1212 72.6822 -1.56807
108 60.2024 89.4923 -1.03778
109 56.9128 76.1252 -1.70949
110 80.719 1.07364 0.380407
111 88.734 93.58 1.33499
112 67.4164 80.165 -1.00318
113 87.5396 28.7051 -2.61283
114 96.2114 9.5844 1.75074
115 43.6435 73.7444 -1.01127
116 88.883 97.6621 1.30874
117 1.14206 8.97066 1.03888
118 13.4345 39.9168 2.16332
119 92.0383 32.3485 -2.21349
120 2.24348 4.95781 1.15172
121 69.0648 56.1244 -0.29097
122 59.4544 60.4983 -0.0231571
123 81.1997 88.6798 1.43281
124 65.3216 41.1204 -2.48374
125 60.3171 46.0114 -1.75518
126 62.1017 66.2425 -0.292064
127 63.8157 42.2892 -2.36121
128 34.4007 71.7605 -0.941526
129 58.3102 84.7147 -1.15425
130 56.0163 91.7871 -1.2516
131 88.3562 4.16943 0.954508
132 24.33 93.1859 0.484911
133 22.2919 97.2646 0.0954593
134 96.6755 97.5632 1.26888
135 91.5738 91.0225 1.27784
136 23.4858 2.31548 -0.364344
137 92.6694 91.6515 0.930366
138 58.8242 63.7272 -0.579505
139 49.569 93.2364 -0.825333
140 62.9626 82.86 -1.32409
141 60.2801 46.9605 -1.29574
142 85.9114 84.3591 0.990368
143 69.4858 89.8633 -1.49525
144 88.7515 95.3365 0.718819
145 53.7266 70.9192 -1.43609
146 55.9565 90.747 -1.62386
147 75.7333 94.4392 1.04545
148 56.7913 90.6443 -1.05036
149 89.3913 97.4405 0.542761
150 60.5721 85.641 -1.64269
151 53.0915 88.128 -1.35052
152 56.7683 47.7729 -1.29923
153 57.6673 86.006 -0.939733
154 70.4808 89.634 -0.816783
155 24.3312 -0.251411 -0.981506
156 64.7092 81.3298 -1.8198
157 66.6625 92.8245 -0.779281
158 2.17988 99.9048 2.29
159 93.1873 7.03605 0.898825
160 82.1726 97.4213 0.64927
161 68.0686 60.6304 -0.516016
162 68.493 83.8034 -0.858506
163 64.6837 37.6461 -2.15273
164 85.0916 74.7684 0.76321
165 48.4088 81.7504 -1.69662
166 60.2947 41.9784 -2.1659
167 96.0218 90.9075 1.32994
168 80.7882 91.2809 0.886596
169 98.9414 15.8697 2.0492
170 75.9454 93.1299 0.72444
171 87.5818 89.5387 0.83987
172 48.4859 72.4272 -1.81669
173 62.9496 83.2156 -1.22025
174 92.789 99.3244 1.36346
175 66.1565 65.1333 -0.123087
176 94.0725 7.28126 1.41284
177 32.2443 82.7013 -0.53884
178 100.169 32.6079 -0.108729
179 54.1246 86.3407 -1.03088
180 86.7874 30.6943 -2.90044
181 68.1364 85.6719 -0.781043
182 94.9812 37.8578 -2.98462
183 66.4943 -0.0119348 -0.552656
184 97.6484 5.41036 1.10949
185 80.1336 19.935 -2.39637
186 57.9255 60.1486 -0.0586451
187 65.0745 80.8848 -1.40677
188 77.7121 86.8136 0.471617
189 84.0833 98.5313 1.08655
190 87.8102 100.028 1.20753
191 90.0161 95.7097 1.44579
192 34.565 82.0339 0.509574
193 59.5524 79.6817 -1.29125
194 21.9979 1.7516 -0.777517
195 84.1209 91.8403 1.21716
196 98.9021 98.1388 1.31712
197 52.3469 2.43518 -1.17933
198 7.71623 62.8793 0.451082
199 99.9908 99.7328 1.02259
200 93.914 87.6751 0.53314
201 73.5818 80.1422 1.11262
202 78.326 76.884 0.505921
203 60.9191 98.5764 -1.39751
204 93.0812 98.3968 0.789543
205 53.3526 71.3718 -1.69014
206 16.8281 18.745 -0.804737
207 99.126 5.18448 1.28019
208 98.9354 6.99636 1.83447
209 90.3711 4.27517 1.4406
210 84.9121 92.0262 1.18951
211 87.109 4.63342 0.583554
212 22.8001 95.7588 0.815121
213 56.5263 93.6711 -0.903177
214 80.8478 86.6679 0.80032
215 82.2564 40.1769 -2.45983
216 68.2352 93.621 -1.16387
217 90.8432 87.8108 1.33775
218 65.0404 95.5846 -1.55213
219 84.1404 13.2866 -2.41329
220 0.467313 93.8466 1.70311
221 64.8447 93.7682 -1.00601
222 87.7997 93.1593 1.35551
223 76.1473 18.8434 -2.87387
224 9.94856 37.2969 2.66837
225 35.0648 12.9832 -0.869148
226 64.0911 86.9364 -1.7914
227 63.6888 78.701 -1.95131
228 55.0344 3.22351 -1.28908
229 64.7002 88.8145 -1.56341
230 70.6184 37.9607 -2.05389
231 84.514 94.3573 1.24243
232 70.8617 60.1357 -0.342529
233 26.6728 59.4363 -0.710066
234 98.4322 0.861206 1.41436
235 94.4477 36.8216 -2.34576
236 64.8237 82.6581 -1.16717
237 85.1489 97.4089 1.26343
238 95.8202 32.8497 -2.85567
239 77.2866 85.4997 1.12024
240 88.415 2.686 0.973485
241 83.8611 98.0922 1.10452
242 60.1151 91.3016 -1.06365
243 92.8642 89.295 0.780823
244 65.501 61.2559 0.145484
245 60.1618 91.0989 -1.67715
246 63.2549 55.1843 -0.796887
247 67.4813 41.7481 -2.44686
248 81.3902 84.7787 1.28878
249 90.6109 97.3294 1.22267
250 45.5005 11.7808 -0.541483
251 80.5345 98.3549 1.27036
252 37.3209 17.1456 -0.847975
253 82.5311 19.3932 -2.59183
254 85.154 3.92174 1.05363
255 89.8705 97.237 0.817981
256 62.3091 90.1932 -0.98492
257 62.0577 58.6679 -0.669102
258 67.9184 82.0437 -1.75538
259 96.249 41.2859 -2.76011
260 97.8475 97.7428 1.44213
261 88.2319 22.591 -2.64479
262 68.3639 87.0114 -0.801979
263 27.4411 85.1225 0.304848
264 80.1063 94.6962 0.448231
265 30.2457 58.1785 -0.972691
266 38.4876 85.2854 -2.53194
267 82.5915 94.072 0.661184
268 80.13 4.03536 1.29885
269 29.4296 90.0072 0.327206
270 92.6632 34.3938 -2.95977
271 95.4981 37.1729 -2.36463
272 55.3881 2.90167 -1.12681
273 98.5782 100.088 1.52738
274 28.4049 84.1556 -0.167843
275 60.672 83.8444 -1.58704
276 17.9242 99.6845 0.0868893
277 50.6232 71.3423 -1.46513
278 77.3363 91.2576 1.28752
279 64.0794 93.356 -1.38235
280 84.072 83.9737 0.736187
281 60.1121 65.8045 -0.578087
282 93.5045 27.4561 -2.36031
283 95.8048 94.5644 0.803584
284 85.8777 98.2781 1.12308
285 88.9764 89.952 0.787024
286 67.4305 40.9037 -1.76501
287 61.0409 55.9688 -0.832589
288 9.9512 37.5293 2.52528
289 79.9528 95.9097 0.82838
290 59.4834 81.1469 -1.91866
291 79.9772 93.114 1.45558
292 99.6302 15.744 1.72701
293 29.1957 84.3404 -0.118314
294 92.3394 12.9721 2.02611
295 37.9336 18.9772 -1.95871
296 97.9546 6.88772 1.49543
297 65.7572 85.3204 -1.60281
298 80.9029 94.0436 0.853165
299 93.6084 93.0913 0.912191
300 29.7982 79.9693 -0.275392
301 87.4275 96.2073 1.04752
302 77.4234 99.2748 0.737161
303 64.6401 76.1175 -1.55865
304 79.6489 89.0068 0.483282
305 86.1467 98.6656 1.16736
306 30.7234 0.480635 -0.0887123
307 82.6459 95.6298 0.768815
308 89.089 27.9122 -2.52859
309 35.9958 87.601 -2.58927
310 37.6506 10.4573 -1.17396
311 78.3183 13.3322 -1.93037
312 59.0057 91.738 -0.905395
313 50.459 87.9957 -0.960232
314 17.8028 40.2676 2.97317
315 61.3725 81.4261 -1.24325
316 92.7967 89.3807 0.57802
317 85.6614 86.846 0.958139
318 92.5169 4.4465 1.02386
319 89.7948 93.3689 1.42202
320 86.8838 95.0909 0.497364
321 81.8511 11.0759 -1.93847
322 89.0816 92.2541 0.719919
323 84.7192 87.7041 1.14763
324 81.7425 99.6095 1.32064
325 64.7717 89.1153 -1.2466
326 6.36533 34.9672 2.49477
327 48.3829 91.3157 -1.92458
328 99.133 7.55485 1.37438
329 6.29758 40.1862 2.39318
330 54.1728 89.4169 -1.59372
331 23.8483 91.285 0.588805
332 6.41812 40.9739 2.7346
333 4.05442 62.1825 0.287135
334 76.233 81.9577 0.406223
335 91.0224 93.5255 0.518604
336 97.3748 89.8983 0.991905
337 78.4591 84.1927 0.995328
338 64.3149 87.2843 -1.17493
339 5.20595 36.1728 2.41488
340 83.7684 91.0635 0.726893
341 76.8585 88.5851 0.437356
342 81.6197 91.4419 1.48717
343 64.745 92.4816 -0.770349
344 66.9486 78.3135 -1.5526
345 95.8578 12.1699 1.44101
346 81.225 31.1525 -1.42811
347 17.4997 100.061 0.524591
348 79.9314 86.812 1.33598
349 86.317 98.9978 0.45509
350 60.7328 89.2989 -1.69259
351 65.9524 82.6707 -1.73341
352 79.5429 92.7277 1.20597
353 56.3581 27.8816 -2.57108
354 55.3999 45.0797 -2.0107
355 89.8385 7.63786 1.44521
356 7.07208 38.3158 3.04958
357 26.6671 92.6969 0.0615052
358 90.4235 27.6496 -2.47948
359 0.339675 5.61134 1.14606
360 70.4493 92.8768 -1.62204
361 91.7689 100.275 1.25438
362 87.5272 90.6374 1.2001
363 53.4276 0.0368462 -1.28942
364 80.234 94.8073 0.623556
365 56.3872 87.8673 -1.57899
366 93.2249 89.1937 1.36335
367 56.0521 73.8547 -1.33423
368 54.5934 89.3235 -1.74046
369 97.8882 10.2134 1.17097
370 91.0931 2.62342 1.38391
371 88.6286 98.4319 1.28908
372 92.0875 12.2622 1.7201
373 85.008 33.4385 -1.8804
374 82.1511 96.3833 1.03108
375 56.8776 86.5801 -0.934887
376 58.0282 73.5786 -1.75312
377 38.3428 69.125 -1.58312
378 60.7602 90.0497 -1.54134
379 98.3459 95.2052 1.1026
380 64.7378 86.1799 -1.50427
381 20.1856 0.546711 0.687386
382 86.306 90.1754 0.653134
383 17.6713 39.2391 2.79199
384 1.45576 15.6554 2.05429
385 40.2958 14.2494 -1.50354
386 32.0352 15.2932 -1.18116
387 28.032 76.1211 0.135752
388 66.0895 88.0149 -1.19956
389 98.1657 0.612034 0.894683
390 81.5331 91.8984 0.497026
391 91.0374 28.4362 -2.56964
392 82.7919 0.808922 0.529346
393 65.9713 91.0184 -1.13346
394 90.4935 89.5441 0.815749
395 88.5543 23.6699 -2.81011
396 83.1616 14.1008 -1.97366
397 92.971 97.1232 0.944545
398 88.0042 2.8358 1.18205
399 40.8094 72.1921 -1.68904
400 80.9318 82.7855 0.929982
401 61.5006 39.6917 -1.61655
402 56.2395 98.8196 -1.61193
403 85.471 88.6975 0.854145
404 21.064 16.7745 1.9569
405 80.3315 89.1257 0.625024
406 70.964 36.0811 -1.67945
407 90.5615 88.2637 1.2296
408 83.5777 32.9296 -1.80428
409 94.6875 91.2909 0.525424
410 78.487 84.6367 1.33705
411 96.9721 9.48672 1.0448
412 55.6203 98.1643 -1.16513
413 89.8505 19.059 -2.50063
414 62.8169 88.607 -0.903683
415 99.0322 15.1235 2.14873
416 96.9273 4.03833 0.862758
417 84.7237 84.1033 1.39555
418 87.3663 91.5689 0.522039
419 75.3298 76.2236 0.759615
420 1.51446 6.42397 1.01115
421 81.7861 89.6121 0.669986
422 94.1355 33.1008 -2.42121
423 54.4519 53.4343 -0.535634
424 94.7983 8.31828 1.1262
425 91.1591 86.0545 0.768128
426 45.203 72.0047 -1.32082
427 80.5188 97.8697 1.29772
428 59.4381 88.391 -1.55657
429 61.6115 87.6275 -0.934402
430 65.1741 61.0272 0.0106332
431 60.03 87.2761 -1.03285
432 65.0582 81.1363 -1.42515
433 46.3307 74.6235 -1.39896
434 92.3956 9.10134 1.43697
435 76.3846 93.0171 0.648214
436 66.9008 86.6995 -1.52831
437 16.0876 4.89621 0.828954
438 73.7728 81.6099 1.05774
439 48.9318 72.8761 -1.34932
440 57.2468 43.8812 -1.42399
441 83.6925 78.5982 0.237656
442 87.3905 92.2534 1.39234
443 54.0039 45.143 -1.69427
444 60.1196 88.8346 -0.995952
445 87.791 98.5789 1.25793
446 82.7631 23.6151 -2.83103
447 68.8289 41.4754 -2.19578
448 96.2724 6.9692 1.04274
449 87.5674 97.2539 0.714823
450 81.6734 87.8529 0.768021
451 52.065 95.3121 -1.50666
452 85.5793 97.8015 0.670495
453 65.6853 84.3862 -1.80349
454 90.2972 36.8818 -2.56987
455 58.1921 39.4071 -1.89366
456 78.2325 81.6776 1.15894
457 95.9502 32.8 -2.09479
458 9.24538 42.6724 2.97624
459 55.0753 53.112 -0.459531
460 96.6735 99.421 1.58954
461 17.0013 98.6989 0.838488
462 62.6733 90.7881 -1.39079
463 57.7672 71.9488 -1.22942
464 63.2457 95.6782 -0.914332
465 91.2664 30.5323 -2.78991
466 67.9355 91.0005 -1.59423
467 90.7817 91.8628 1.38121
468 95.5976 1.33195 1.61695
469 63.9348 85.8352 -1.16156
470 81.6319 88.4265 1.03332
471 61.1162 91.3073 -1.75417
472 61.4885 92.4655 -1.59278
473 79.3291 41.2865 -2.37923
474 96.0497 6.39364 1.68596
475 78.0064 31.649 -1.80819
476 24.2449 98.5997 0.350482
477 23.2965 20.9938 2.13725
478 68.7937 63.7247 -0.725944
479 98.5689 13.3344 1.85644
480 96.3618 31.3694 -2.11672
481 99.1814 5.47368 1.24223
482 18.962 99.6874 0.593995
483 84.3 87.9109 1.03579
484 81.5439 100.214 1.18762
485 77.9786 97.7154 0.850661
486 65.2349 83.9566 -1.30386
487 68.6501 92.4772 -1.23977
488 45.7918 77.9688 -1.62285
489 59.7857 41.9857 -1.41851
490 38.3302 18.0834 -1.4398
491 60.8748 61.0236 -0.279272
492 60.7938 89.589 -1.59528
493 59.6653 68.8968 -0.356164
494 63.2456 56.8081 -0.331253
495 37.1425 75.0972 -1.45313
496 87.7026 96.3754 0.583565
497 93.0451 2.63665 1.06674
498 63.1892 88.3414 -1.16356
499 55.664 50.9204 -1.20766
