500
Particles
0 52.4803 50.2908 -1.80831
1 3.70499 16.4063 1.12618
2 1.11528 21.4692 1.20832
3 79.5721 45.3695 -1.6608
4 2.89985 4.38245 0.697215
5 18.5806 24.7859 0.723261
6 11.3699 14.9641 0.239379
7 64.8921 0.0786611 -0.204075
8 67.4181 45.3496 -1.4392
9 69.6987 51.4864 -0.971835
10 76.6511 32.1281 -2.99021
11 61.5562 96.1498 -0.628866
12 87.2833 35.6481 2.08898
13 51.6738 11.5659 -2.63154
14 5.93118 5.59606 0.8462
15 91.9498 39.4888 1.81868
16 84.255 47.4426 -2.47036
17 59.7137 20.1474 2.98194
18 6.22635 14.2888 0.49935
19 100.158 92.3507 0.471602
20 77.2755 45.4835 -2.04348
21 13.3122 12.5251 -0.00506467
22 68.6731 25.8937 2.61925
23 61.7792 22.9822 -2.89647
24 8.63 66.1606 -2.07053
25 16.7414 30.0584 1.04845
26 27.4104 22.706 1.9465
27 66.8709 92.2205 0.0654008
28 51.5166 52.4277 -2.1568
29 62.8439 22.4098 -2.66951
30 4.99214 25.4519 0.96165
31 95.5682 79.7901 0.918625
32 75.1223 40.7099 -1.82662
33 1.6171 20.6106 0.373931
34 67.8025 35.103 -3.39923
35 47.0802 50.4502 -1.92137
36 61.7715 99.0812 -0.0650785
37 12.102 19.4664 0.884296
38 93.0552 28.9811 1.21227
39 0.939735 6.59741 0.280446
40 71.6116 25.0827 3.38425
41 51.5422 12.596 -3.054
42 64.4301 51.3331 -1.59019
43 94.7957 48.075 1.90908
44 4.58853 20.5998 0.849633
45 72.2588 55.1432 -1.08117
46 56.4745 53.5765 -1.34191
47 58.016 15.991 2.87899
48 65.2484 43.1289 -1.63094
49 18.2939 24.2607 0.487222
50 75.0879 47.0617 -1.81644
51 58.6989 56.8103 -1.44412
52 5.51214 62.9101 -1.04524
53 62.1069 95.8762 -0.565449
54 63.4412 23.3535 -2.58037
55 47.0349 6.66576 -1.75253
56 63.2204 34.7223 2.77407
57 32.6227 51.3912 1.61985
58 60.7972 26.1513 3.33254
59 18.0839 27.7216 0.538686
60 9.51977 20.6851 0.569376
61 63.4087 47.5253 -1.03856
62 48.4043 55.2155 -2.20265
63 2.80672 12.3923 0.0943797
64 7.789 19.0449 0.618577
65 44.175 17.4443 -2.75028
66 11.4256 23.8961 1.17999
67 45.0281 40.768 -1.2605
68 42.5226 12.808 -2.06107
69 52.8028 58.8124 -1.38267
70 11.9461 17.2785 0.31447
71 34.0137 28.7401 2.60521
72 7.49156 20.9143 0.967349
73 52.2396 34.0319 -1.51603
74 34.0536 23.6221 2.93911
75 52.6751 0.951121 -1.97608
76 49.1435 59.483 -1.88917
77 9.03573 16.778 1.00329
78 6.20974 23.6011 0.437102
79 9.17772 12.3261 0.767596
80 48.0378 60.3671 -1.96538
81 10.1057 23.5012 0.540468
82 32.2093 84.4164 0.984742
83 9.62911 8.97482 0.589717
84 27.1759 37.5573 0.303227
85 44.1279 52.492 -2.00519
86 39.8334 70.4835 -1.84765
87 42.3497 8.23685 -2.13363
88 9.22236 98.5639 -0.617398
89 27.0997 23.2059 1.825
90 49.3317 96.3232 -1.13212
91 95.6118 78.7359 0.802268
92 42.1941 6.7408 -2.35664
93 61.1492 26.6318 -3.11437
94 72.0497 36.8343 -2.18925
95 50.679 53.2301 -2.22145
96 8.28133 17.3617 0.92648
97 12.3902 21.236 0.169331
98 29.1322 23.637 2.21685
99 78.5824 38.6457 -1.74355
100 5.75891 61.715 -0.931365
101 5.20381 15.2439 0.236984
102 69.3386 46.2087 -1.52115
103 39.5918 29.6894 3.51052
104 59.6273 50.181 -1.38816
105 50.0623 95.2142 -0.336612
106 62.2053 35.7631 -2.78123
107 58.9684 38.7192 -1.95217
108 60.4361 55.0559 -2.01153
109 61.4301 41.9577 -1.16102
110 86.543 33.2361 1.71578
111 12.6679 18.9485 0.861027
112 73.0364 46.0194 -1.17277
113 55.5465 23.9608 3.59299
114 92.5438 43.655 1.65132
115 46.387 39.1926 -1.73885
116 9.46076 25.4476 0.327163
117 27.248 30.0817 0.117174
118 82.3007 45.6284 -2.01034
119 60.9156 26.3631 2.97995
120 26.9777 28.2159 0.705913
121 73.9332 42.8227 -1.79128
122 71.0079 37.614 -2.43095
123 3.85257 14.7862 0.726048
124 47.049 12.9365 -2.96166
125 44.969 16.4611 -2.62428
126 87.577 75.5229 1.73512
127 46.6996 12.8276 -2.15394
128 8.62326 67.0758 -1.61833
129 54.846 50.1792 -1.79013
130 53.8222 57.6019 -1.6515
131 77.1258 30.0763 -2.76873
132 56.8308 94.8046 -0.695259
133 54.0636 97.0699 -0.624128
134 20.2838 23.5805 0.683086
135 15.1656 16.5562 0.169452
136 36.1035 21.4851 2.02248
137 13.9724 18.2298 0.811231
138 70.2604 39.8178 -2.24724
139 45.2716 58.7264 -1.42602
140 68.2652 48.1907 -1.51084
141 43.3191 18.2674 -2.7844
142 10.7867 7.46031 0.40371
143 72.9036 54.9701 -1.01659
144 12.6072 20.4707 0.753275
145 55.9754 36.4354 -2.18535
146 54.9032 55.6656 -2.15212
147 98.7128 20.3324 1.38299
148 52.3933 56.2648 -2.06094
149 11.8537 23.5522 0.846035
150 62.3198 50.799 -1.81048
151 49.6667 53.7287 -2.19883
152 38.3984 24.9685 3.18865
153 59.856 51.1527 -1.69414
154 74.5942 54.9879 -1.764
155 56.1513 98.681 -0.30805
156 69.8775 46.7754 -1.55003
157 65.2078 58.2616 -2.11394
158 25.5211 24.5094 1.47502
159 88.5445 40.5322 2.1758
160 4.79239 23.5586 1.19828
161 91.5285 77.2305 1.50534
162 73.4893 49.4273 -1.43687
163 45.6546 9.76805 -2.31791
164 19.5596 78.2157 0.480765
165 48.164 48.3038 -1.65752
166 41.469 14.3428 -2.16074
167 17.5748 18.2141 0.00990351
168 5.74363 15.1532 0.256887
169 2.86234 49.5327 1.05511
170 99.7809 18.0751 0.722729
171 10.4696 15.4621 0.30655
172 52.5569 37.29 -1.63312
173 68.6437 49.0154 -1.32881
174 13.9309 26.4009 0.261652
175 90.613 81.3389 1.26141
176 89.8951 40.5585 1.74529
177 42.6003 54.1713 -2.42049
178 1.93209 52.7211 1.51471
179 51.0506 52.2411 -1.88776
180 54.4745 25.6456 2.9114
181 72.7064 50.4954 -1.41249
182 62.1166 34.8421 3.58658
183 90.9325 18.9928 2.51139
184 16.4446 33.2045 0.84349
185 56.7355 2.71092 -1.93854
186 70.8611 37.5424 -2.15138
187 71.8291 46.2462 -1.56782
188 2.53251 11.1217 1.07419
189 7.32916 24.3197 0.203926
190 8.7914 27.7968 0.426864
191 12.3367 22.1357 0.281978
192 44.7524 52.5601 -1.57132
193 62.5247 45.0726 -1.79414
194 33.4795 23.5045 2.5546
195 9.2619 15.8425 0.576262
196 22.3583 23.5803 0.536653
197 42.3053 69.8494 -2.33563
198 34.3441 80.0895 0.943243
199 25.078 23.263 0.790473
200 14.5314 15.0449 0.480314
201 98.1924 4.93312 0.409789
202 4.43129 64.7388 -1.42383
203 64.1468 65.0352 -1.73869
204 15.5658 24.479 0.898407
205 54.409 37.0653 -1.82895
206 28.8242 48.9281 1.54936
207 22.6936 28.7078 0.919935
208 15.8244 34.9574 0.667272
209 85.2653 37.5727 2.23223
210 8.23745 17.4745 0.457857
211 71.719 29.9282 -2.62785
212 55.3679 95.8289 -0.647077
213 53.3393 59.2013 -1.86206
214 6.33728 10.0203 0.14754
215 56.7226 29.9735 3.01508
216 70.6704 58.8936 -1.23614
217 11.8076 14.8697 0.617126
218 63.9963 60.9107 -1.80581
219 62.6546 20.7216 -2.83096
220 23.6544 14.6415 1.63429
221 62.4919 59.0086 -1.89913
222 10.5256 18.7656 0.485468
223 54.0678 2.17723 -1.59635
224 80.2904 42.9262 -1.68488
225 63.3599 96.4603 -0.459915
226 67.9561 52.4861 -1.84778
227 67.6255 44.2052 -1.08088
228 42.9782 71.512 -2.2013
229 65.0325 54.2725 -1.58854
230 50.7651 10.4529 -2.0586
231 8.24154 19.5308 0.837253
232 94.6242 77.6433 1.12247
233 35.3942 29.7586 2.55145
234 23.8516 24.8836 0.587901
235 63.8065 32.8527 2.80807
236 67.3056 47.8776 -0.924206
237 8.2879 23.5293 0.852222
238 64.0944 25.676 2.8652
239 4.76897 7.21843 0.301604
240 86.8847 36.6566 1.80043
241 7.91729 23.1228 0.329266
242 60.5644 56.7868 -1.63421
243 12.5577 17.0781 0.356594
244 91.098 73.4977 1.51359
245 60.8948 56.5999 -1.23115
246 75.0408 35.0477 -2.66219
247 47.8441 14.7986 -2.75329
248 6.7006 8.1349 0.545405
249 11.526 24.8604 1.13095
250 68.6585 86.6974 -0.898079
251 3.62099 24.3853 0.838624
252 64.9782 0.627629 -0.233227
253 54.4598 4.92106 -2.25455
254 75.8626 31.1887 -2.83151
255 11.1037 24.6481 1.2138
256 60.8945 55.4967 -1.91333
257 74.0665 36.6823 -2.11103
258 72.5245 47.1084 -1.10333
259 63.6408 35.655 3.02017
260 20.7611 23.6131 0.594235
261 55.3584 19.4179 2.8834
262 70.2363 52.3248 -1.44392
263 40.4314 60.2706 -2.2219
264 2.82215 20.7608 0.992682
265 39.4794 27.3342 3.00573
266 45.456 54.2718 -2.05822
267 7.41759 18.1693 0.307189
268 64.9117 19.5314 -3.09048
269 61.9406 92.6133 -0.427919
270 60.6673 27.9352 3.33199
271 64.0708 35.5218 2.62926
272 45.1344 70.4638 -2.05561
273 22.1002 25.7187 0.880085
274 41.6686 57.6486 -1.50954
275 63.9557 49.2032 -1.85328
276 31.1468 22.2137 2.02021
277 50.5366 36.4568 -1.86104
278 1.64246 15.8277 0.605299
279 62.6241 58.5882 -1.58435
280 10.8132 6.24089 0.484893
281 71.3081 41.3394 -2.15893
282 61.7367 25.1225 -3.4966
283 16.96 22.062 0.630154
284 8.9488 24.0396 0.520175
285 11.5078 16.57 0.520091
286 47.6697 13.5927 -2.57902
287 72.1362 34.9788 -3.07933
288 80.9488 42.0339 -1.67806
289 4.40493 20.4675 0.995942
290 61.2314 46.3293 -1.77029
291 4.72258 17.3661 0.740427
292 96.9695 50.0585 2.4481
293 39.7506 56.8068 -1.69067
294 64.1186 24.6194 -3.10603
295 66.2498 3.36173 0.290037
296 16.7182 33.0045 0.235106
297 71.0078 50.7696 -1.79328
298 5.57342 19.0682 0.483654
299 15.7127 19.5545 0.653601
300 42.2352 50.9699 -2.05318
301 11.3596 21.7652 0.487639
302 96.168 28.5318 0.991273
303 68.6727 41.3562 -1.21093
304 3.14368 14.1647 0.923946
305 8.56383 25.2925 1.06993
306 61.953 99.2032 -0.370096
307 5.90294 21.5397 0.655164
308 56.9343 23.8583 2.87531
309 44.7329 56.9534 -1.70526
310 64.8551 95.6243 0.236601
311 55.0384 9.65661 -3.00483
312 59.5953 57.8651 -1.72358
313 48.2778 53.6392 -2.29823
314 86.7001 46.892 -2.27224
315 63.4966 46.6923 -1.4739
316 13.2408 17.3814 0.876427
317 11.237 10.3716 0.927994
318 86.567 38.3136 1.74572
319 11.1609 20.6474 0.559368
320 11.1773 19.8112 0.240971
321 61.9732 19.353 2.97122
322 12.1393 17.8319 0.209287
323 8.48462 11.9924 0.294184
324 6.63719 24.2184 0.357628
325 65.8172 54.0819 -1.88042
326 75.1447 32.4818 -2.53641
327 44.9105 57.2651 -2.35789
328 14.7948 35.7271 0.828256
329 76.7898 42.197 -2.45522
330 51.3868 54.9527 -1.62773
331 56.608 95.7536 -0.822297
332 75.2305 42.0306 -1.78722
333 30.2657 80.7961 1.22093
334 1.2485 6.41311 0.401837
335 12.4708 20.4048 0.347204
336 19.0431 15.1869 0.705625
337 4.94727 6.00292 0.760893
338 65.6885 52.2678 -1.12196
339 73.4894 33.2541 -2.38932
340 7.02561 15.6914 0.1328
341 3.35813 11.4552 0.451261
342 6.03804 15.5964 0.144735
343 67.2424 57.927 -2.20861
344 69.2619 43.2948 -1.61875
345 95.8578 46.6438 2.58043
346 52.264 12.8346 -2.73031
347 32.0066 23.222 2.75011
348 5.32031 9.8404 0.614885
349 7.12637 25.9207 0.78611
350 61.7795 54.4488 -1.97326
351 69.2698 47.9569 -1.80386
352 2.28739 18.5451 0.910947
353 53.1132 0.0565981 -1.255
354 36.1673 25.4631 2.94754
355 77.5255 33.3332 -2.66119
356 76.7634 40.3998 -1.62531
357 59.3858 95.7707 0.0854394
358 58.0067 24.9639 -2.98306
359 24.3391 29.3506 0.463487
360 76.3355 58.6035 -1.30666
361 13.262 27.4824 0.432461
362 9.84285 16.6616 0.734694
363 42.378 67.3781 -1.80778
364 2.1393 21.6949 0.975424
365 55.8323 53.1382 -1.32125
366 15.0862 15.5652 0.370575
367 58.5122 39.9162 -1.94777
368 52.9418 54.8089 -1.46046
369 96.7543 44.6528 1.87975
370 89.1591 36.2944 1.91091
371 12.3741 23.9275 0.42729
372 64.8831 24.8139 2.6641
373 53.6014 27.3597 2.93968
374 3.77849 23.4272 0.962075
375 56.1751 51.9255 -1.40597
376 62.1578 39.442 -1.90884
377 43.6603 35.6118 -1.33682
378 58.9656 55.3131 -1.86611
379 23.2497 17.5519 0.815719
380 66.2634 51.4257 -1.41267
381 33.3317 22.6534 2.7419
382 9.51792 15.5812 0.456993
383 5.09888 57.9325 -0.028802
384 27.0481 32.7354 0.659137
385 66.1989 94.517 -0.526213
386 60.5045 99.7003 -0.241336
387 42.1531 50.8895 -2.41096
388 69.4618 53.0913 -1.93149
389 22.6908 25.3012 0.33074
390 4.87272 17.6611 0.248199
391 59.6194 23.0928 -3.40974
392 91.0115 32.794 2.04604
393 65.06 56.2547 -2.02315
394 11.371 16.8994 0.166352
395 56.2979 21.6586 2.95786
396 61.0753 19.9914 3.20614
397 15.5849 23.0493 0.578615
398 79.4436 31.776 -2.40836
399 45.032 38.0827 -1.52459
400 7.87363 4.69551 0.670122
401 44.3694 10.6432 -2.07417
402 45.2009 66.1029 -1.39631
403 8.76058 13.7903 0.589455
404 29.0922 48.0157 1.99412
405 1.54037 16.1008 1.08635
406 49.1362 11.0377 -2.38462
407 11.2046 15.4284 0.698709
408 52.0454 24.8102 2.98405
409 17.3098 17.449 0.350285
410 5.72177 6.59241 0.87153
411 93.2198 42.791 2.58287
412 48.0799 63.7198 -1.99399
413 57.5291 18.2935 3.24205
414 62.9862 53.8237 -2.10211
415 95.8787 49.8366 2.3337
416 14.7548 31.7049 0.691257
417 9.64974 8.05693 0.514881
418 9.85527 17.9066 0.163822
419 3.10665 95.0207 1.70508
420 27.1958 28.7247 1.17833
421 4.95661 15.2233 0.294846
422 61.9995 31.0923 2.76387
423 45.0429 24.012 -2.32782
424 90.3463 41.8748 1.68787
425 12.127 13.8956 0.693728
426 47.553 37.291 -1.11787
427 3.82626 23.4678 0.525039
428 59.9591 53.6438 -1.26422
429 66.6358 53.0108 -1.45996
430 91.2378 75.7346 1.38544
431 58.1078 52.925 -1.72047
432 69.681 46.2949 -1.28302
433 48.8428 40.0308 -1.70645
434 70.7381 31.5624 -2.61515
435 98.9474 19.4345 1.40584
436 71.7333 52.4541 -1.17399
437 29.8655 27.1712 1.80472
438 99.1719 5.37028 0.282047
439 50.4866 38.1799 -1.20491
440 38.1424 20.8028 2.98633
441 17.7596 82.0423 -0.210347
442 8.94251 19.5804 0.831294
443 33.8564 26.1849 2.4685
444 62.2077 54.1056 -1.84552
445 9.11053 26.371 0.507517
446 52.5017 8.13558 -2.54368
447 50.0842 14.9996 -2.05382
448 92.3999 40.3201 2.49176
449 10.177 23.5605 1.02777
450 7.83191 11.216 0.647347
451 47.0317 60.9541 -1.56181
452 7.48823 24.9346 0.916272
453 69.2453 49.6433 -1.0204
454 58.8767 33.8288 3.39397
455 37.4844 14.5274 -2.39062
456 3.50842 5.73281 0.425725
457 64.0735 28.6858 -3.07317
458 79.8463 47.9014 -1.6783
459 44.8105 23.1163 -2.29335
460 20.2445 24.3494 0.477898
461 51.0585 96.029 -0.972863
462 62.3312 55.9555 -1.73325
463 63.0655 39.0899 -2.50643
464 63.8482 60.9402 -1.48778
465 59.0845 24.0725 -2.86513
466 67.0014 55.8149 -1.6779
467 12.3921 18.7922 0.234694
468 17.1275 28.3198 0.521282
469 67.9875 51.0912 -1.78871
470 4.16842 14.7779 0.988176
471 61.5985 56.6915 -1.35834
472 60.8195 58.0638 -2.22384
473 53.7291 30.152 -2.36755
474 91.2843 39.2876 1.93188
475 50.5984 11.8816 -2.87019
476 55.7342 97.6831 -0.703891
477 30.2336 53.2309 1.86002
478 93.2215 80.6556 0.516038
479 98.1658 47.4913 2.47791
480 64.0631 26.0276 3.55099
481 17.2557 32.9363 0.454554
482 31.7659 22.7555 2.64464
483 7.69407 13.5404 0.19713
484 92.304 31.9861 1.84815
485 95.543 27.7481 0.843592
486 68.8614 49.1528 -1.69443
487 72.8226 57.6542 -1.82496
488 46.0428 44.22 -1.59304
489 41.1425 14.5107 -3.06331
490 66.1336 1.80863 0.19372
491 72.5876 38.6149 -2.3644
492 60.0243 54.9815 -1.29075
493 68.3591 39.9446 -2.09096
494 74.1268 34.7018 -2.61488
495 38 50.1644 -1.65445
496 10.7329 22.222 0.98747
497 90.281 36.2534 2.35451
498 66.0602 53.7327 -1.87003
499 44.7744 20.5355 -2.29119
