500
Particles
0 31.0169 41.6416 2.91018
1 93.3097 29.6642 1.60279
2 66.4125 94.6817 1.45489
3 67.7106 17.6371 1.18
4 38.7477 67.4772 2.70359
5 95.9854 26.3304 1.62785
6 56.6597 75.5447 1.67296
7 75.3212 24.7623 0.604805
8 29.889 74.3181 3.1856
9 44.4606 17.9801 0.839732
10 53.7847 50.6337 2.61272
11 50.1672 81.2092 2.73917
12 71.5875 94.262 1.1153
13 32.3331 47.9044 2.40487
14 39.7359 69.1375 2.43077
15 33.7095 52.3681 2.16854
16 72.1127 59.2275 2.3425
17 46.4278 86.926 1.92411
18 40.5304 78.8045 1.93271
19 6.77692 94.0274 2.55909
20 68.5775 18.4272 1.56227
21 53.1575 72.5847 2.37999
22 51.0255 60.2679 2.14455
23 33.479 56.471 2.33684
24 71.3665 20.657 1.28968
25 41.4862 53.86 3.01494
26 2.00021 21.17 1.84322
27 50.162 79.4518 2.29839
28 53.082 70.3492 1.75665
29 73.2862 92.7609 1.22014
30 55.4903 19.8308 1.82368
31 50.4273 63.6944 2.64337
32 0.362419 0.372426 -3.12592
33 59.6259 28.5451 0.969869
34 42.0866 51.0045 3.05677
35 37.472 81.3294 2.56415
36 55.6275 29.9846 1.15997
37 76.3169 90.1694 1.43782
38 42.2767 58.1831 2.07456
39 35.4876 58.4877 2.6637
40 42.4491 47.7278 2.6675
41 31.9767 56.6575 2.68691
42 54.1723 50.9928 2.58058
43 68.43 18.4675 0.920513
44 95.0952 31.5361 1.07133
45 61.3848 56.9667 2.04692
46 42.4483 54.3494 2.91761
47 94.2563 17.4326 1.58041
48 49.5028 53.4027 2.53168
49 35.7196 38.7877 3.02562
50 46.3631 81.8242 2.63869
51 58.6816 65.5993 2.3711
52 66.6868 20.9204 1.56254
53 57.6451 29.8277 1.19339
54 40.9793 67.1929 2.6597
55 72.6046 15.2961 1.27907
56 43.0769 69.7626 2.89328
57 53.8125 44.2088 2.74327
58 43.858 73.7723 2.78024
59 37.1047 50.9028 3.04028
60 47.1902 79.5564 2.02948
61 50.7525 51.4571 2.51766
62 28.5976 59.9094 2.16365
63 28.8789 82.1676 2.26066
64 50.9551 76.8341 1.89637
65 94.7962 17.9044 2.01207
66 41.5742 80.6561 2.52693
67 45.1729 81.7541 2.48284
68 99.2431 14.2206 1.39928
69 66.5971 52.1422 2.57768
70 53.2784 76.7755 2.20161
71 42.3241 52.7976 2.57314
72 42.4138 77.7679 2.63942
73 76.4885 87.8106 2.19005
74 52.1783 48.4286 2.29064
75 76.8425 20.7865 0.645529
76 54.4917 48.3654 2.21544
77 56.3355 76.4334 2.63456
78 74.8059 95.3853 1.46548
79 45.784 77.0057 2.09856
80 50.9175 52.5941 2.68606
81 45.6712 83.2452 2.38179
82 31.7927 79.4213 2.20287
83 36.5988 74.1135 3.00104
84 70.9661 13.1261 1.51318
85 52.1531 55.4341 1.88648
86 51.1652 51.092 2.70981
87 79.8571 84.8153 1.62423
88 72.8727 14.362 1.69342
89 50.6061 48.293 2.48517
90 71.8232 21.3402 0.849048
91 51.6118 65.494 2.10396
92 58.7755 74.1073 1.62175
93 34.701 67.3019 2.25868
94 50.5622 53.0956 2.13007
95 20.2988 5.3405 0.986217
96 52.9863 76.4045 2.01146
97 55.791 79.5261 2.4124
98 46.8024 45.8406 2.41581
99 56.0816 72.1746 2.12033
100 70.5539 21.1364 1.36592
101 42.8251 79.253 2.69444
102 51.5537 49.5581 2.69067
103 40.1836 47.6962 2.84638
104 52.6948 59.1102 2.65313
105 68.2143 23.164 1.05402
106 42.3956 68.0385 2.74989
107 36.1944 53.3922 2.80609
108 53.5199 63.2986 2.48009
109 44.7572 73.065 1.92979
110 77.751 22.2797 1.30374
111 84.0918 90.4193 1.63001
112 66.771 16.8044 1.56206
113 53.1736 71.7691 2.5881
114 50.4804 79.647 2.18311
115 67.5058 91.2211 1.83311
116 53.7515 44.9345 1.9087
117 42.0378 56.8043 2.74868
118 47.1141 10.9078 -0.718783
119 38.4414 71.0199 2.06243
120 36.7866 47.2174 2.91742
121 81.114 23.8267 1.10989
122 46.4473 51.7474 2.58776
123 36.1866 69.624 2.38164
124 65.225 94.3345 1.61693
125 97.3523 1.42578 -2.75891
126 69.5866 61.6727 3.16191
127 29.8414 51.5159 2.99289
128 73.9141 20.155 0.761702
129 45.3864 78.7878 2.37951
130 44.5679 62.0559 2.33166
131 52.7707 49.2166 1.8738
132 97.2336 99.1093 3.06458
133 7.37192 5.45952 -0.565763
134 59.4452 34.5262 1.14509
135 63.3972 81.5295 1.67994
136 50.4473 45.4098 2.00105
137 52.3263 75.7931 1.72695
138 53.0557 53.5218 2.0446
139 38.3775 46.4637 2.72385
140 54.7017 50.2006 2.72655
141 86.91 8.85178 -0.180736
142 38.4658 72.5803 2.17941
143 30.2003 88.2175 1.98924
144 52.8989 77.6813 2.35944
145 46.253 82.4721 2.4102
146 36.3029 51.4137 2.40987
147 62.3948 28.5025 1.89655
148 77.4052 86.5965 1.54096
149 40.233 82.3768 1.95167
150 53.3411 51.6083 2.03348
151 3.77681 100.2 2.20895
152 51.3972 46.2152 2.00215
153 54.7482 62.3538 2.49727
154 72.9581 56.5711 3.16293
155 5.20564 14.7846 0.238273
156 33.0153 74.6215 2.36526
157 23.6252 50.5099 2.40002
158 1.15771 22.6662 1.0894
159 31.8864 92.2753 1.6896
160 58.103 30.8355 0.932248
161 34.0765 94.0746 1.59729
162 39.6996 81.4908 2.2634
163 74.3882 10.0218 1.37497
164 96.1142 19.0933 1.42346
165 35.9899 79.8045 2.86357
166 71.6003 12.8505 1.8185
167 82.4332 88.5073 1.24597
168 45.7153 78.4245 2.27914
169 88.0016 19.0632 1.75319
170 22.0661 10.7096 0.66613
171 53.3463 73.9365 2.28589
172 34.269 49.3087 2.33425
173 56.3168 50.2284 1.94155
174 96.0865 23.6737 1.59564
175 99.0899 0.47964 -3.14586
176 66.6556 96.1036 1.60623
177 40.2709 44.9587 2.16659
178 69.1999 19.8245 1.45101
179 51.7876 69.6531 2.29962
180 55.3683 74.9881 1.86242
181 32.0914 87.8394 2.25238
182 45.2856 70.8835 2.0786
183 26.8648 36.0866 -3.28092
184 61.9504 76.1667 1.69448
185 99.4624 18.1192 1.13501
186 53.6353 57.8495 2.18274
187 34.2632 8.60538 1.99706
188 26.3567 51.1926 2.88211
189 52.5544 86.4546 2.10916
190 98.4847 22.7621 1.78036
191 66.5377 87.6131 1.28866
192 46.5792 39.644 2.25293
193 59.7143 69.2913 2.57916
194 44.8884 46.6631 2.10397
195 50.9774 73.2319 2.58986
196 37.5455 44.351 2.65564
197 48.5358 47.8304 2.45414
198 59.6349 75.2369 1.83707
199 18.1375 12.1383 0.212455
200 59.0918 76.6574 1.95157
201 71.6929 90.3104 1.89793
202 68.9119 21.846 0.648236
203 37.73 94.573 1.20261
204 2.11084 20.3322 1.22024
205 81.7488 87.9852 1.23625
206 42.4502 45.6544 2.50117
207 39.7837 54.4251 2.63305
208 35.0817 83.5469 1.8589
209 31.0747 8.01211 1.81095
210 45.5006 80.0855 2.26922
211 53.7064 58.0329 2.25504
212 4.90761 10.6866 0.851751
213 2.16204 97.183 2.66147
214 25.7499 47.3519 1.87709
215 40.5323 59.6543 2.94005
216 59.9034 58.14 1.96491
217 51.1379 72.5148 2.08174
218 49.9794 90.1525 2.09053
219 45.841 87.1938 1.79714
220 76.6472 88.5408 1.93037
221 63.6678 71.1656 1.78888
222 75.5868 89.0004 1.3482
223 72.4434 24.5812 1.19308
224 64.2951 18.3889 1.30034
225 68.8011 93.9955 1.21346
226 15.5225 6.47765 -0.312342
227 57.0508 61.9722 2.63342
228 52.1649 51.492 2.23589
229 58.258 56.0737 2.45384
230 31.8501 51.4304 2.89277
231 48.7581 79.0951 2.71559
232 58.1102 70.2244 2.40309
233 41.6 51.4021 2.90634
234 39.3909 48.8404 2.4649
235 41.5845 66.9915 2.89887
236 71.1636 55.4054 3.09209
237 67.7895 94.2117 1.8203
238 46.7266 71.531 2.55846
239 39.8196 74.3948 2.33157
240 50.6977 79.5402 2.53902
241 32.4116 74.1342 2.27324
242 56.4336 60.6302 2.62739
243 58.1181 76.4728 1.95358
244 33.4883 94.4043 1.18443
245 56.7424 64.0531 2.6232
246 54.0549 55.0629 2.4674
247 99.1638 21.3476 1.7715
248 37.6412 69.2442 2.52009
249 47.7296 43.8109 2.96708
250 46.4192 78.5739 2.00888
251 50.352 86.774 2.29791
252 69.1779 24.4883 0.839937
253 60.2412 19.2598 2.21331
254 53.0455 49.3278 2.57106
255 41.0207 80.7647 2.66067
256 55.7039 58.3433 2.45689
257 48.9748 48.6477 2.4884
258 32.6102 77.7759 2.5634
259 40.1419 65.946 2.86855
260 10.1622 6.66562 -0.553562
261 38.7234 71.9233 2.38929
262 56.4279 53.1349 1.93391
263 56.7689 69.1951 2.09591
264 61.3476 29.5705 1.0371
265 50.6247 49.2682 2.15887
266 39.2673 41.187 3.00243
267 51.4085 78.9961 2.5731
268 36.9131 47.1961 2.99708
269 47.4233 80.4545 1.84289
270 44.0602 71.991 2.05718
271 43.3829 69.7593 2.81746
272 0.224903 95.6962 2.6755
273 38.774 48.0492 2.17143
274 44.9545 57.3194 2.6814
275 54.4318 52.9597 2.02016
276 40.0932 36.0609 2.83658
277 58.9817 74.2028 2.33772
278 81.3733 24.9444 1.8634
279 56.8211 61.5011 2.2879
280 50.1428 76.8121 2.57275
281 52.6557 55.6176 1.96535
282 41.0216 69.9709 2.9763
283 85.3069 87.6385 1.93452
284 71.5294 52.0265 2.52166
285 57.0179 78.14 1.96588
286 29.5307 55.0465 2.25028
287 51.0731 54.1611 1.9993
288 39.8656 90.527 1.04496
289 67.6905 52.3699 2.3504
290 43.5609 53.043 2.30511
291 27.265 31.5179 -2.7264
292 2.35425 14.5206 0.319988
293 40.6761 52.6577 3.11931
294 44.1237 67.734 2.25497
295 53.3417 73.3875 1.89909
296 64.1584 76.6189 1.8867
297 72.1392 59.9992 3.17386
298 36.7912 76.2501 2.59119
299 72.1038 89.9502 1.16686
300 46.1646 50.9289 2.58026
301 45.2724 81.2163 1.88721
302 35.4875 46.0265 3.07285
303 53.0686 55.0092 2.68734
304 28.6247 83.5796 2.23875
305 51.9046 85.8419 2.23478
306 61.714 25.2054 1.51259
307 67.946 91.993 1.8605
308 39.6959 75.2784 2.11736
309 42.272 55.6764 2.48455
310 66.1509 26.5585 1.59515
311 36.4851 58.0668 2.71093
312 57.0934 65.4971 2.10448
313 2.81669 98.4079 2.89297
314 43.8174 83.303 2.07606
315 54.6154 59.5446 1.88676
316 57.0804 71.9166 2.54082
317 42.4771 72.6902 2.4858
318 67.9618 92.6385 2.0368
319 73.0744 90.1269 1.3088
320 76.6324 88.4158 1.71923
321 44.4738 84.8314 2.48587
322 77.6615 84.8118 1.38817
323 44.2164 75.7099 2.0878
324 17.1696 7.93491 0.383368
325 59.5891 57.3609 2.07295
326 50.6206 49.2838 2.65821
327 42.9028 50.0723 2.25468
328 84.629 85.2199 1.85035
329 72.0087 0.120081 -0.372634
330 3.29587 96.9758 2.8936
331 67.8115 29.7975 1.20887
332 20.3187 7.85524 0.458089
333 61.6406 77.1838 2.28611
334 35.4199 60.6444 2.85195
335 69.7858 89.4518 1.79391
336 79.9477 87.6571 1.57839
337 38.4418 69.0022 2.70386
338 61.9853 60.0478 2.09887
339 47.883 51.0733 2.13876
340 31.4841 45.2931 2.73382
341 39.6214 76.9966 2.57343
342 45.7635 79.1368 2.37225
343 58.8595 58.5114 2.50732
344 54.7013 54.5546 2.21186
345 75.6213 18.2411 0.942575
346 33.3761 57.0382 2.95695
347 11.618 5.50538 -0.252527
348 27.7823 54.2625 2.29757
349 99.5794 20.3314 1.74358
350 53.4543 58.6127 2.36885
351 31.5118 83.5645 2.00602
352 96.8071 28.7078 1.70328
353 73.4853 22.6976 0.663216
354 45.8999 43.4347 2.71979
355 53.7963 47.335 1.9624
356 80.9106 84.1851 2.28254
357 98.1921 19.6915 1.6647
358 49.0939 76.47 2.39027
359 39.4482 51.8955 2.45271
360 40.1727 84.6285 2.57697
361 36.1425 40.3507 3.07474
362 49.4465 73.1076 1.98832
363 53.0311 53.2576 1.95567
364 70.2041 28.8438 1.2727
365 54.6469 66.6216 2.57937
366 56.8813 76.4566 2.21142
367 81.3695 88.8846 1.61144
368 34.2126 49.6082 3.15084
369 6.08035 96.7497 2.27647
370 62.2195 21.8405 1.75485
371 43.0892 80.8434 2.5045
372 48.0399 69.4438 2.47493
373 60.3292 80.2499 1.91213
374 46.3636 82.2894 1.83589
375 62.3571 73.9827 1.563
376 50.0969 74.5327 1.78281
377 2.14773 0.331657 2.55622
378 43.851 54.8144 2.32961
379 78.0925 91.1156 2.06244
380 53.516 51.7891 2.7194
381 14.4221 11.4575 0.492244
382 53.768 75.0431 1.90517
383 76.8264 16.1025 1.57525
384 56.2025 69.4275 2.47776
385 75.2083 24.808 1.53021
386 55.7496 27.6721 1.61801
387 35.5748 38.0716 2.75293
388 60.8152 55.4326 1.87482
389 39.7559 52.2758 2.68475
390 35.5751 77.5571 2.84367
391 43.3287 74.9738 1.91513
392 41.0439 51.6736 3.04015
393 59.6663 60.8307 2.13527
394 55.0849 77.7745 2.10163
395 47.7031 75.813 2.625
396 46.8067 85.9978 1.95684
397 49.8462 78.6201 2.61542
398 3.95312 97.7396 2.26755
399 34.3585 73.7029 2.88926
400 36.4271 69.2932 2.64578
401 21.0663 4.89704 1.7532
402 45.4189 41.5816 2.89794
403 54.9001 73.7837 1.8898
404 46.9557 53.2218 2.01451
405 93.2511 28.8679 1.81232
406 29.804 46.8721 2.26036
407 56.3633 78.2401 2.25516
408 41.6985 60.3824 2.72473
409 84.6809 87.3767 2.07217
410 38.2113 71.5164 2.40905
411 49.4048 80.417 1.84372
412 54.394 46.7079 2.09954
413 37.8067 72.1654 2.54332
414 58.2233 60.1145 2.05145
415 90.0535 17.2482 2.19958
416 59.0991 73.2745 2.35123
417 36.8362 69.803 2.77597
418 48.7201 81.0035 2.76301
419 74.3798 15.5525 0.812183
420 39.0335 50.338 2.73953
421 47.8379 80.2119 2.31127
422 40.942 70.3131 2.51919
423 74.9548 84.7742 1.61065
424 47.0382 86.2729 2.59644
425 52.9112 69.757 1.72334
426 10.7608 9.81357 0.161668
427 46.699 83.2516 2.1675
428 49.7301 55.969 2.17165
429 54.2699 52.9832 2.64624
430 27.216 89.5711 1.47605
431 62.3025 72.6284 2.15207
432 41.8198 82.1009 2.80155
433 85.4884 84.7159 1.25018
434 44.9851 51.9492 2.13709
435 70.3676 27.0685 1.22518
436 33.4367 89.4612 1.73404
437 39.2525 47.0372 2.8669
438 72.1309 95.4522 1.78843
439 78.91 90.2998 1.8521
440 55.4487 47.9407 2.3448
441 27.9268 46.7616 2.11144
442 52.607 78.527 2.30413
443 15.6757 15.3614 0.382227
444 56.521 65.8378 2.31011
445 89.8755 23.0792 1.30308
446 76.7058 23.8611 1.27046
447 31.7738 54.6162 2.64742
448 51.3511 75.4485 2.58585
449 64.4056 52.4722 2.30203
450 40.2767 76.7659 2.26608
451 44.2825 44.3008 2.62319
452 47.925 85.6389 2.60983
453 52.7263 48.0604 2.50693
454 51.6759 83.8064 2.15432
455 85.2474 17.7482 2.24985
456 35.3007 67.0021 2.89856
457 44.1995 70.531 2.85046
458 46.8372 66.9514 2.38821
459 99.5545 15.5454 1.62948
460 41.2728 49.5521 3.10539
461 65.0901 22.3563 1.45482
462 57.4213 64.0349 2.67169
463 46.8806 72.4912 2.09534
464 66.5185 69.4441 2.42612
465 40.4435 74.1369 2.02685
466 57.6407 56.8953 1.83697
467 80.8889 88.3457 1.36264
468 35.3342 48.1728 2.55719
469 33.0634 84.2598 2.07549
470 25.194 93.8685 2.33443
471 45.9091 54.3751 2.99459
472 58.9501 65.9037 2.12632
473 58.6075 73.6 2.26044
474 19.0833 11.3963 0.608382
475 31.4109 50.9533 2.62207
476 98.5048 19.046 1.55165
477 55.5984 55.2229 2.14814
478 35.4595 85.2112 1.96548
479 73.6207 17.1767 1.16522
480 37.9145 57.6332 2.23482
481 81.2182 83.7356 1.65264
482 45.6521 42.2602 2.28162
483 37.25 75.3231 2.73306
484 34.8939 51.6314 2.49722
485 29.1837 37.9096 2.34525
486 58.5602 53.3269 2.10407
487 55.3478 55.1205 2.15228
488 32.7055 72.8269 2.77292
489 71.3698 16.2405 1.63563
490 79.336 20.8205 0.998817
491 48.6539 49.9752 2.30632
492 59.8324 68.904 2.03965
493 52.5445 59.2493 2.64334
494 47.0394 44.0648 2.13059
495 41.028 54.8799 2.56921
496 51.1019 78.3438 2.53013
497 47.006 81.3243 2.79689
498 57.0987 51.3938 2.05553
499 71.0388 99.8398 1.59296
