500
Particles
0 60.3069 91.5956 1.39085
1 18.5645 91.1501 2.66022
2 4.37732 90.2791 2.77017
3 61.6307 0.586668 1.17917
4 17.3704 73.914 2.1366
5 4.30231 98.0932 3.264
6 48.7961 88.7627 1.27841
7 30.2539 39.6941 1.48861
8 21.676 0.486396 1.90981
9 21.8802 3.497 2.45729
10 13.27 100.325 2.39987
11 17.6739 35.5061 1.59684
12 57.3514 2.66058 1.77164
13 98.2834 69.1153 -0.624133
14 19.9201 76.6641 2.15576
15 24.3293 12.167 2.34886
16 19.3506 5.35851 2.46339
17 9.56662 61.7224 3.02718
18 24.277 89.1945 2.16044
19 86.9441 11.9706 2.41722
20 60.9443 1.29326 1.36027
21 45.3315 88.521 1.52475
22 6.93964 6.78499 3.03286
23 20.8509 70.2881 2.28645
24 67.5542 14.6225 -2.46079
25 0.751159 4.29925 3.16441
26 5.42841 97.9114 2.53563
27 18.6298 27.8386 1.36193
28 62.5335 92.5491 0.797995
29 14.2523 64.9578 2.08887
30 5.7875 93.4091 2.47433
31 3.39675 8.04684 2.781
32 60.9374 99.3573 0.961907
33 6.77417 87.9077 2.70442
34 6.50448 6.55992 2.64752
35 25.3771 99.6581 1.88985
36 13.0194 38.725 1.37912
37 50.014 94.4201 1.08643
38 95.5682 2.76319 2.26184
39 13.0505 70.436 2.62458
40 8.83594 4.23243 2.81324
41 0.818946 74.7089 0.471604
42 15.0128 5.22347 2.93597
43 66.6517 6.97896 -2.32758
44 18.8569 94.9468 2.52127
45 17.0426 5.31437 2.63638
46 5.85594 7.72009 2.37108
47 1.36469 28.447 -2.37496
48 8.80791 4.33924 2.43362
49 1.98188 99.5071 2.65929
50 31.1657 0.647506 2.25167
51 8.26731 9.03138 3.14821
52 64.8181 11.6942 -2.49374
53 11.9502 37.3594 1.29555
54 24.3011 76.8254 2.50207
55 98.4788 13.1025 3.18522
56 26.7732 79.0349 1.97634
57 12.954 97.2393 2.28009
58 24.0519 82.8143 1.65216
59 98.6302 3.79352 2.60336
60 27.5413 94.4882 2.68012
61 13.2378 4.29496 2.79289
62 20.8789 99.5511 2.78149
63 16.6033 86.5472 2.24358
64 44.8206 93.6311 0.827196
65 96.7871 15.1752 3.19247
66 26.8604 97.3595 2.46979
67 28.3442 99.067 1.89915
68 95.315 13.3179 2.58281
69 18.046 97.8742 2.91259
70 47.5672 91.8397 0.768179
71 4.4695 4.35385 3.32367
72 29.7911 94.8671 2.1297
73 53.0429 93.8089 1.36191
74 10.638 97.4802 2.32238
75 67.6584 20.1667 -2.084
76 13.473 96.8622 2.78151
77 47.336 91.814 1.34314
78 5.33913 94.1281 3.05272
79 26.6121 85.3639 1.98086
80 10.0995 1.3862 2.56163
81 25.5368 96.3226 2.22956
82 90.8289 9.20118 2.46989
83 21.2253 82.1184 2.18611
84 1.41728 10.6358 2.46007
85 8.59549 1.34944 3.05505
86 9.92462 99.9762 2.79947
87 91.3663 8.9846 2.71813
88 87.3262 11.3063 2.49892
89 8.38496 97.5981 3.13249
90 65.7131 16.9318 -1.64296
91 0.867913 7.38137 2.98306
92 91.4349 8.14801 3.15903
93 23.313 79.4574 1.74002
94 10.8161 2.86501 2.24484
95 60.1895 96.2028 0.935206
96 42.5205 92.32 0.730364
97 51.5697 95.9398 0.927769
98 7.66676 97.5449 2.85186
99 68.8845 94.1172 0.710063
100 66.3471 12.2915 -2.23751
101 25.6984 89.8323 1.86679
102 14.6191 2.46635 2.74019
103 4.90502 2.17385 2.50226
104 10.1691 6.39072 2.18052
105 62.8162 16.7812 -1.78917
106 26.5669 79.6512 1.95727
107 60.5452 93.1882 1.2951
108 8.66073 7.71742 2.33346
109 29.2291 82.208 1.72212
110 72.2314 78.5642 -2.29974
111 50.5791 93.7435 1.26612
112 61.2439 0.637558 1.45757
113 52.5392 88.7712 1.18174
114 40.8613 7.18509 -1.8082
115 52.6904 0.843262 1.25227
116 12.0249 95.201 2.48626
117 0.607267 5.54383 3.45289
118 58.0423 2.13454 1.47868
119 22.9928 77.6142 1.92744
120 2.04401 4.60174 2.96839
121 24.3622 1.13376 2.37827
122 8.99472 3.31479 2.69319
123 21.1102 88.2524 2.52508
124 92.7005 68.9116 0.0506301
125 97.5306 12.4418 3.04171
126 15.6494 9.96626 2.88205
127 96.5267 72.8928 0.241375
128 66.0542 15.0632 -1.78832
129 60.3709 88.1521 1.52098
130 66.7529 93.3007 0.943583
131 12.7095 0.767819 2.23038
132 -0.242076 32.9553 -3.04793
133 99.7885 38.2026 -1.98995
134 1.97116 97.971 2.63212
135 52.9679 92.8704 1.55217
136 9.95949 98.0225 2.32356
137 50.2395 93.3555 1.54355
138 12.2745 3.24197 2.24651
139 3.73781 3.71643 3.02902
140 16.1276 3.24633 2.45134
141 98.5505 14.0314 2.84338
142 23.9 82.2435 2.09758
143 19.3264 5.76901 2.93335
144 47.8439 96.5779 1.02156
145 58.8443 90.2184 0.721751
146 66.4392 92.9024 1.21297
147 3.82295 86.7599 -3.10506
148 65.836 94.7863 0.894088
149 27.136 96.7447 2.71538
150 16.1957 4.02089 2.21455
151 60.1049 98.2153 1.64367
152 12.1178 97.9194 2.23093
153 8.12035 6.70408 2.54207
154 19.5114 5.78431 2.26773
155 2.44305 39.4133 -2.4826
156 25.648 1.20203 2.64315
157 12.8464 9.82886 2.22155
158 3.65035 97.5281 2.94221
159 20.0762 11.3368 2.36981
160 6.41844 90.9961 3.41455
161 17.1611 9.30646 2.89961
162 28.1646 2.62473 2.8711
163 94.7405 10.7364 2.50287
164 74.556 41.7775 -1.87899
165 25.1206 98.182 2.7064
166 90.9415 10.5274 3.13756
167 55.2394 95.9191 0.938842
168 26.3087 88.4219 1.52622
169 71.3177 12.2289 -1.9064
170 8.32802 85.5024 -2.71042
171 49.6007 88.4367 1.59345
172 57.4353 91.5813 0.978105
173 17.4729 2.96378 2.18688
174 4.06328 97.7432 2.79666
175 2.2162 10.7536 2.50886
176 21.8945 13.5161 2.27378
177 6.46947 2.88754 2.72454
178 69.0845 13.5649 -2.38542
179 61.562 93.0037 1.08243
180 52.3117 89.6525 1.21123
181 21.4246 4.24066 2.16523
182 27.4988 79.3009 1.67295
183 74.6489 96.9197 1.01831
184 95.2086 8.89002 2.25762
185 96.9337 39.9524 -2.26952
186 11.2186 5.1721 3.06174
187 62.1943 99.5907 1.28899
188 19.3534 83.1765 1.72484
189 6.37992 91.9679 2.97025
190 3.34799 97.9814 3.25257
191 48.2603 97.8158 1.22231
192 9.75822 98.616 2.33127
193 5.18666 8.47641 2.35207
194 7.97393 99.5709 2.82655
195 46.2205 90.3068 0.997517
196 3.94208 1.06485 3.10274
197 11.214 1.57101 2.6919
198 90.8654 7.83998 3.05015
199 4.96162 0.585403 3.36643
200 49.7119 91.7382 1.42154
201 8.14446 65.0221 3.24476
202 65.3431 13.2347 -1.68045
203 18.3601 10.7223 2.02902
204 5.57571 97.1232 3.025
205 54.8098 93.8976 1.27742
206 7.85733 2.5618 2.55813
207 0.27089 5.45111 3.4778
208 96.7331 9.45345 3.13485
209 61.8278 1.96749 1.53025
210 28.4877 93.0569 1.95607
211 9.07843 4.71846 3.0291
212 99.2486 33.9499 -1.81259
213 65.3355 97.2216 1.16215
214 18.4578 83.6505 1.71463
215 55.8306 90.1022 1.18672
216 16.0137 7.14878 2.95708
217 46.6263 88.276 1.59663
218 11.3565 13.5754 2.32612
219 10.9808 61.7711 2.85352
220 52.5365 94.4561 1.10427
221 9.98454 10.4708 2.11494
222 48.9675 95.1784 1.50542
223 64.3467 23.6001 -2.53694
224 62.8479 0.976936 1.28842
225 18.0929 36.1028 1.43797
226 19.3341 3.23753 2.57855
227 10.8967 5.7921 2.73447
228 12.1475 0.75728 2.80738
229 15.3694 5.04181 2.10544
230 98.7986 71.316 -0.463927
231 33.2462 94.504 2.04983
232 2.08263 9.29706 2.91719
233 4.39636 3.50571 2.90408
234 2.22161 1.5272 2.79628
235 25.9252 76.5388 2.20593
236 19.2361 1.75497 2.95634
237 8.13586 92.2093 3.17982
238 24.39 75.4954 1.73714
239 20.4195 78.5966 2.12209
240 44.1357 1.77079 0.235781
241 20.1607 96.1108 1.88642
242 10.7862 7.59379 2.76987
243 52.8366 90.5092 1.54354
244 18.84 8.99405 2.94254
245 9.66783 8.89266 2.19859
246 12.5158 2.88185 2.78757
247 95.4767 76.7913 0.457358
248 22.6199 80.5952 2.24073
249 9.2295 96.5724 2.89356
250 16.002 30.7355 1.59676
251 2.84478 91.646 2.91295
252 27.7637 38.6066 1.99986
253 64.4278 10.6732 -1.9998
254 12.3545 0.753361 2.29904
255 27.1693 96.9047 2.18934
256 12.6869 8.06897 2.38638
257 12.1214 2.68849 2.84235
258 22.893 0.965647 2.70629
259 27.9145 78.3547 2.55624
260 6.03833 99.1074 2.49673
261 25.7709 81.5661 2.17515
262 17.333 6.0857 2.47413
263 2.83181 8.59829 3.22414
264 6.0868 87.5334 -2.9338
265 9.7397 99.2535 2.31176
266 7.03078 1.40892 2.41313
267 44.407 94.2564 1.04144
268 3.87179 6.11038 3.27102
269 18.1042 29.9141 1.70701
270 26.0747 82.7031 1.93378
271 28.6835 79.0962 2.58189
272 64.7031 97.2752 1.58464
273 2.71518 1.75859 2.64996
274 5.08547 5.40813 2.74775
275 13.4899 3.3652 2.76122
276 6.82476 99.5526 2.55726
277 57.6358 92.9633 1.35272
278 16.3391 90.959 2.50404
279 11.5979 9.87583 2.3883
280 24.6432 80.6989 1.77979
281 11.7226 4.03744 2.90849
282 24.6697 77.8827 1.99252
283 53.2879 100.169 0.711132
284 16.1813 95.5843 2.54185
285 49.3219 92.0851 0.90285
286 95.2444 75.1289 -0.391088
287 10.2913 3.91278 2.7519
288 69.5248 97.453 0.67845
289 15.8805 94.5553 2.1161
290 6.19763 6.12009 2.91728
291 20.1354 91.9285 2.4843
292 69.7096 9.49505 -2.38336
293 4.18447 6.51653 2.45864
294 25.042 75.6231 1.88384
295 14.3353 14.1743 2.16175
296 96.7864 9.03271 2.27569
297 18.5462 5.76481 2.18029
298 22.1049 94.2805 1.96962
299 50.8825 96.3387 1.59066
300 8.10148 2.37682 2.57974
301 29.0047 95.5617 2.47102
302 98.6741 1.15592 2.39395
303 11.5234 4.01269 2.5325
304 16.9565 88.5078 1.89517
305 5.44661 93.2476 3.07102
306 17.4488 36.7019 1.86781
307 6.6644 90.8128 3.40079
308 25.5271 81.7915 2.39893
309 4.27721 7.67445 2.99301
310 20.8279 35.9555 1.40133
311 2.88244 70.8731 0.0437396
312 8.58578 8.30838 2.72576
313 61.5602 97.8188 1.29408
314 18.6394 12.1601 2.30866
315 9.41446 5.20256 2.745
316 53.1741 90.7809 1.50072
317 25.7033 84.9372 1.57114
318 56.5092 3.51706 1.45248
319 48.4994 96.9812 1.66038
320 51.4517 93.4416 1.522
321 10.8004 60.645 3.19703
322 52.764 92.0752 1.27218
323 26.0046 85.7487 2.1327
324 10.8459 94.0135 2.35511
325 16.0507 6.17592 2.77745
326 11.4901 99.2837 3.21288
327 7.72031 4.28987 3.09875
328 94.0172 8.86216 2.82004
329 65.1919 98.2869 1.3303
330 60.2664 97.0775 1.24397
331 89.2076 49.9874 1.45477
332 64.1526 98.58 0.765569
333 87.1182 7.15075 2.66106
334 18.8807 74.1276 2.42876
335 48.4601 96.5654 1.19142
336 52.5758 93.2882 0.718683
337 20.2498 76.709 1.73599
338 14.9544 6.82813 2.28487
339 10.9959 3.33103 2.37342
340 42.3763 89.9359 1.61572
341 20.7397 82.5865 1.65571
342 26.5965 89.2307 1.76788
343 13.6485 7.51474 2.65708
344 13.8521 3.53886 2.53698
345 68.0801 6.61552 -1.72994
346 2.60044 76.3995 -0.0472158
347 4.85708 98.7067 2.78443
348 19.4647 82.3787 2.45492
349 4.69296 95.0679 3.01413
350 10.1775 8.22513 2.98538
351 23.483 2.62345 2.78534
352 18.1595 91.9345 2.23161
353 65.819 19.7057 -1.8304
354 8.97621 99.1569 3.03035
355 14.1899 97.6512 2.6458
356 67.5334 95.5467 1.39209
357 3.49759 41.2537 -2.14888
358 28.0438 84.3249 2.08879
359 1.81001 5.25997 3.10072
360 22.4743 7.95164 2.17092
361 0.25832 99.772 2.72596
362 45.3075 91.8163 0.867466
363 11.8549 1.23057 2.25639
364 6.80763 88.5831 3.54688
365 5.90796 9.61156 2.31076
366 49.7686 91.0223 1.59089
367 54.9771 94.6238 1.2689
368 65.4123 92.7305 1.08974
369 69.5398 2.14526 -1.14312
370 60.079 4.83976 1.73731
371 28.7048 97.3442 1.94742
372 27.0178 75.4713 2.18748
373 51.4493 92.4239 0.908333
374 5.74866 90.3884 2.75653
375 4.14391 10.818 2.47946
376 30.9529 81.315 2.3863
377 57.5353 97.6311 1.59149
378 5.706 7.83294 3.07562
379 53.2943 96.4469 0.828186
380 14.2265 3.06708 2.59167
381 7.84809 95.6916 3.27436
382 46.4763 89.124 1.49434
383 72.3042 19.9361 -2.43843
384 0.978654 7.41141 2.75572
385 24.6137 35.5459 1.3218
386 11.4001 37.966 1.18319
387 4.40747 0.549874 3.00784
388 17.8591 5.99219 2.8497
389 -0.225935 2.61716 3.52037
390 23.8206 92.5105 2.0659
391 24.1979 81.2519 1.90852
392 97.6215 99.1228 2.16798
393 13.0265 8.14196 2.84345
394 47.1109 91.7846 1.37242
395 28.0633 85.9 1.51924
396 12.2538 59.4466 2.69723
397 49.8467 1.36705 1.47222
398 63.3345 97.3778 1.49674
399 22.8676 97.9188 2.18282
400 20.4924 77.8537 2.15476
401 92.8488 12.2065 2.5809
402 9.8358 99.1925 3.18175
403 45.5264 88.2766 1.19691
404 8.21612 3.34594 2.49545
405 17.9537 91.8501 2.25088
406 96.3077 71.5306 0.150874
407 48.1093 90.5971 1.50028
408 55.6028 90.5885 1.46359
409 53.0331 93.5305 0.952412
410 17.5237 77.7035 2.46693
411 42.5693 6.63582 -1.96429
412 18.2363 99.3484 2.18716
413 23.2586 80.6659 2.2965
414 12.5901 8.44101 2.62564
415 67.4733 6.9749 -1.53415
416 97.3382 8.31594 2.57088
417 19.9233 79.9251 2.17774
418 30.0825 93.1059 2.48247
419 75.7079 20.4735 -2.85745
420 2.66594 4.78533 3.32727
421 25.5723 90.8535 1.76951
422 25.8197 80.4237 1.65908
423 51.7888 92.2721 0.699153
424 22.1119 12.9849 2.15347
425 48.3218 87.3682 0.922551
426 54.2882 98.1323 1.46717
427 1.17908 93.2004 2.81436
428 10.8585 7.21873 3.10143
429 15.2874 5.9278 2.39597
430 18.4624 6.95112 2.60555
431 5.06953 9.809 2.35638
432 27.1312 98.6409 2.77474
433 60.5968 96.4456 1.25133
434 6.9657 4.68562 3.14185
435 5.65353 87.5018 -3.18326
436 20.2553 4.26859 2.59548
437 4.56905 2.12877 2.90706
438 11.8185 66.7598 2.69524
439 53.6307 95.2916 0.707502
440 14.3022 98.0201 2.41164
441 94.1295 70.3343 -0.165832
442 48.4643 92.0099 1.55745
443 7.39995 98.7522 2.94206
444 8.23411 8.69273 2.5075
445 2.66612 96.3471 2.71103
446 96.7775 66.1688 -0.545049
447 99.117 74.1792 0.415345
448 28.7633 18.3472 2.89153
449 15.7049 96.0292 2.18105
450 22.4817 83.324 1.8494
451 9.82216 0.433109 2.34275
452 4.07312 94.6273 2.48302
453 16.8882 4.36538 2.8946
454 58.4765 89.4289 1.21921
455 90.9262 13.9233 3.00513
456 12.324 74.0071 2.4211
457 25.0783 75.9286 1.65558
458 33.3269 1.12509 2.01925
459 0.372065 15.7194 2.9306
460 2.80836 0.343824 2.98326
461 66.0222 15.4558 -1.58481
462 10.0494 9.06369 2.26159
463 27.9705 80.781 2.36251
464 11.7688 11.0658 2.92934
465 25.7826 84.3334 2.09752
466 14.9383 6.68974 2.58769
467 51.0798 93.2859 1.56148
468 0.0989659 2.95688 3.4327
469 22.4124 2.99955 2.54337
470 19.3752 89.2446 2.31906
471 10.5213 8.12742 2.69659
472 9.46771 8.79022 2.69986
473 55.6542 91.0926 1.70362
474 25.6663 13.5685 2.14966
475 98.0234 71.1212 -0.222036
476 4.64892 41.1299 -2.21975
477 9.78771 0.318864 3.14135
478 2.42187 11.5294 3.32094
479 71.8184 8.16629 -1.94412
480 26.0343 74.0246 2.26685
481 97.7885 8.31757 3.0223
482 10.0559 98.8263 2.62448
483 23.2292 86.3352 2.28072
484 94.292 2.0516 2.74931
485 97.8375 100.054 2.28348
486 18.0746 1.96526 2.41836
487 15.582 7.21083 2.57099
488 23.349 100.321 2.33013
489 93.1696 12.3462 2.75941
490 28.2664 38.2766 2.41937
491 13.3506 3.78857 3.07271
492 9.32201 10.0197 2.79386
493 9.25027 6.77168 2.70796
494 12.1973 1.88809 2.94081
495 2.92564 6.16783 2.71903
496 47.5184 97.9358 1.0864
497 23.165 10.4559 2.04258
498 18.2637 4.81007 2.10034
499 1.03839 16.817 2.97198
