500
Particles
0 6.0033 31.4549 2.22262
1 76.6726 67.2602 1.94334
2 62.3571 38.2554 2.08372
3 54.5998 58.1952 1.63423
4 98.8314 86.3806 2.7737
5 82.777 65.6541 1.77052
6 23.0844 3.68317 2.52543
7 66.2786 65.3659 2.06189
8 91.9146 95.3191 2.41264
9 44.0886 43.1396 0.659815
10 22.5158 82.1432 2.6495
11 21.5527 14.314 2.31646
12 71.8527 37.2557 0.962299
13 89.486 57.821 1.99284
14 0.403715 88.491 2.88438
15 92.0427 65.3847 2.20718
16 52.8188 93.5999 1.54328
17 17.7302 19.4513 2.69488
18 6.38128 5.95426 2.4681
19 0.711989 7.85941 2.43189
20 57.3284 60.1811 1.70871
21 21.4804 2.80271 2.25233
22 22.3605 93.7797 1.98873
23 95.366 77.0926 2.16745
24 58.9489 61.3742 2.12685
25 7.27314 81.2497 2.9445
26 -0.384209 28.4463 2.80053
27 17.0326 8.32651 2.64944
28 18.7932 97.8495 2.18976
29 80.8511 35.2424 0.967089
30 54.5582 33.4439 1.58167
31 19.9864 95.2733 2.62262
32 91.3907 35.3555 0.822075
33 48.8916 68.5069 2.51848
34 5.79039 75.6833 2.70994
35 5.94205 11.2746 2.79126
36 32.7028 61.5813 1.71192
37 80.3403 33.8031 0.764282
38 8.36137 85.7403 2.33403
39 97.7514 79.7559 2.49171
40 2.51443 65.3959 2.46351
41 91.8282 73.7739 2.60175
42 26.7291 85.2678 2.48473
43 57.6555 59.7399 1.62352
44 80.2854 67.3943 1.65244
45 33.3222 91.1629 2.31009
46 6.34923 79.3628 2.93575
47 80.7176 57.0219 2.02278
48 19.175 85.2845 2.19849
49 2.77063 25.1597 2.24801
50 11.3711 8.73361 2.47819
51 27.7694 96.1831 2.79069
52 56.5769 62.0282 2.13834
53 35.8761 60.3392 2.09676
54 1.30541 86.0335 2.36204
55 63.149 56.9393 1.6407
56 2.29603 86.309 2.49038
57 23.2355 75.8897 2.89837
58 9.93115 1.46593 2.68158
59 95.3126 64.9372 3.00743
60 11.729 5.56235 2.28263
61 20.541 83.6931 2.34357
62 88.4734 75.5038 2.73667
63 98.2403 10.936 3.02066
64 17.5962 5.41618 2.96024
65 80.3507 57.3915 2.30764
66 8.21131 9.1597 2.37475
67 11.1384 9.34297 2.62043
68 85.3298 53.6146 1.89611
69 32.6691 75.6316 -2.29907
70 20.7392 6.47724 2.71524
71 9.0206 81.4768 2.68011
72 8.24966 5.50673 2.72893
73 77.2899 30.9578 0.755776
74 26.0802 83.6969 2.1182
75 64.6129 61.8086 2.36224
76 26.3439 82.0787 2.2961
77 24.3642 6.79773 2.64321
78 86.5805 36.2982 1.26561
79 9.903 1.96157 2.79373
80 21.1002 84.8201 2.97148
81 12.3468 11.7122 2.73288
82 2.89003 7.07737 2.30913
83 2.9074 1.94341 2.05784
84 61.4124 54.5453 1.69263
85 22.6066 87.519 2.58447
86 22.6511 84.824 2.43493
87 84.2283 28.1599 1.01841
88 64.9835 55.9016 1.77359
89 20.4104 80.0607 2.62592
90 59.0278 62.416 1.9002
91 19.183 95.1994 2.11678
92 26.1271 3.45027 2.6455
93 94.6834 84.5678 3.06792
94 19.1993 84.556 2.59695
95 48.8009 34.8784 1.42124
96 19.6177 4.43746 2.11323
97 25.6845 11.3565 2.26798
98 8.54598 66.0387 2.9709
99 23.019 1.20443 2.60492
100 61.7163 63.4597 1.2985
101 9.27464 7.50091 2.11356
102 21.9429 82.0678 2.3925
103 99.206 63.1615 2.46887
104 21.7056 90.4756 2.57232
105 59.1763 65.1579 1.91129
106 2.48589 86.823 2.34055
107 98.6364 75.4187 2.31318
108 22.7841 94.9979 2.34103
109 9.74467 99.5617 2.0059
110 66.5905 62.9834 1.79233
111 86.6693 32.8962 0.712685
112 54.1481 57.4857 1.69189
113 19.4445 100.155 2.7819
114 17.9727 10.2907 2.13805
115 60.769 34.5613 2.1792
116 24.3764 77.3453 3.09226
117 9.09761 85.3425 2.72131
118 64.3856 25.9437 0.706612
119 98.5305 88.6682 3.11308
120 93.9681 56.0972 3.07555
121 73.5912 66.0116 1.1941
122 13.0261 80.1215 2.49322
123 94.7466 84.6386 2.70052
124 62.6054 38.2589 1.76973
125 87.9376 36.6081 0.883817
126 51.0564 95.5626 0.631601
127 87.0453 58.9326 2.56079
128 64.1733 61.3059 1.76391
129 9.95638 5.35464 2.50993
130 10.9607 88.9472 2.00519
131 25.0863 83.2541 2.58448
132 89.835 35.1824 1.37567
133 3.03598 19.708 3.07329
134 66.22 73.0858 0.979947
135 85.0449 77.6198 -3.06793
136 20.5976 77.72 2.14116
137 20.8146 5.89782 2.82704
138 25.4186 87.4714 2.01361
139 95.677 55.3941 3.06688
140 26.0833 83.4514 2.21498
141 95.5575 9.48792 3.25736
142 3.99493 100.074 2.07761
143 4.2745 18.0829 2.68035
144 20.1931 7.01591 2.75729
145 13.3328 11.7837 2.22185
146 98.7138 73.9553 2.2346
147 53.1349 69.3389 1.9482
148 79.727 30.4025 1.05206
149 7.73885 11.9143 2.48024
150 24.4234 84.6214 2.98559
151 99.0787 29.1737 1.54767
152 21.5717 78.5427 2.14559
153 24.4768 94.2117 2.46112
154 51.9348 89.7836 1.60081
155 0.432427 19.5564 2.40061
156 99.3689 0.995355 2.48647
157 86.5994 66.9283 1.82034
158 1.23812 27.7232 2.36823
159 47.4597 31.0051 1.2302
160 36.1105 61.8574 1.60206
161 50.2435 32.4618 1.12912
162 6.74254 10.2241 2.22377
163 76.4581 46.6545 0.477882
164 80.1677 57.7239 1.77995
165 4.07926 6.93907 2.74772
166 62.6373 54.4543 1.76668
167 87.0984 31.8766 1.08083
168 11.091 5.11936 2.06496
169 74.6242 59.6961 1.54418
170 53.5592 39.1942 1.5572
171 22.0507 4.67028 1.89557
172 91.9774 62.5198 2.41907
173 27.549 83.7653 2.48258
174 77.8737 63.5247 1.5466
175 90.9566 35.3133 1.14596
176 64.0166 40.0507 1.62697
177 0.846136 51.8901 -0.313482
178 56.8778 60.6475 1.51858
179 17.5606 97.1124 2.15676
180 22.1094 2.99472 1.96654
181 6.62604 18.5248 2.21554
182 9.82836 96.909 2.32152
183 0.631388 22.5778 2.30757
184 31.1148 6.9934 2.06804
185 83.4721 56.7214 2.57925
186 25.6898 91.6214 2.23288
187 58.0482 38.5683 2.03755
188 85.5505 64.1085 2.02084
189 29.042 22.2054 1.50994
190 81.7249 61.7036 1.61867
191 92.027 4.36041 0.823154
192 8.03582 58.2177 2.90151
193 27.5086 99.1225 2.85612
194 5.78759 65.0898 2.58156
195 16.47 0.62259 2.02612
196 94.8413 53.5442 3.03274
197 19.7342 81.1633 2.12775
198 28.487 5.77801 2.39306
199 49.2145 40.255 1.08406
200 28.0336 7.65707 2.2799
201 69.9287 33.1189 1.04659
202 59.7433 63.218 1.44823
203 51.1034 34.1219 1.25197
204 -0.107333 26.3091 2.05749
205 85.7595 30.806 1.0221
206 2.80844 64.2415 3.06459
207 3.28227 78.8196 2.6093
208 3.9969 13.8053 3.0199
209 58.0708 37.5513 1.422
210 12.0787 8.84622 2.35024
211 24.6765 90.9821 2.45821
212 -0.0446924 17.8642 3.05197
213 91.1335 30.4558 1.30213
214 85.624 61.8234 2.33642
215 5.04904 84.6511 2.71712
216 30.1097 90.6961 2.55583
217 17.5262 0.703823 2.82525
218 64.913 25.7703 0.350902
219 17.3732 19.935 2.18877
220 80.2167 32.1403 1.41467
221 31.9903 1.74739 1.67392
222 79.4305 32.2582 0.835259
223 63.6427 64.8501 1.78749
224 49.5213 58.7803 1.7702
225 66.7633 38.0008 2.09225
226 45.0502 34.0797 1.23137
227 28.6042 95.2556 2.92696
228 23.8527 85.4969 2.15615
229 29.3352 89.6502 2.48281
230 90.2144 64.4951 2.13349
231 14.0606 6.40361 2.26797
232 25.5963 99.927 2.83895
233 5.81919 76.8095 3.00145
234 98.0032 64.3905 3.07823
235 2.67396 87.0482 2.72313
236 51.2422 89.5894 1.59453
237 62.2874 37.2608 2.07552
238 13.4715 0.315 2.5974
239 5.28906 1.23384 2.32654
240 15.7077 6.40587 2.53793
241 94.0792 94.7843 2.86213
242 26.1072 92.5671 2.38985
243 27.7844 8.00295 2.32004
244 49.4835 32.1674 1.6677
245 27.4522 96.7182 2.168
246 24.4781 87.8627 2.85745
247 83.6553 60.2241 1.66832
248 96.9048 85.5518 2.54441
249 9.67188 63.7663 2.88437
250 12.1162 6.00985 2.73216
251 26.3837 22.2685 2.20858
252 60.9428 66.3334 1.80347
253 42.7993 57.4136 2.56978
254 23.6055 81.9546 2.2018
255 6.86859 7.69014 2.18872
256 26.7211 91.1776 2.91535
257 18.279 79.9632 2.00995
258 98.7944 4.30512 1.75178
259 1.79405 86.5119 2.25527
260 7.93 23.9987 2.4229
261 2.96896 96.4892 1.98976
262 29.0993 87.2904 2.69783
263 25.6243 99.8563 2.39391
264 53.9733 71.1643 2.372
265 19.494 80.3878 2.71567
266 7.4025 30.6103 2.78997
267 16.6887 5.79274 2.94133
268 93.7099 54.5579 3.00795
269 14.9919 10.1606 2.55644
270 9.0832 98.2265 2.20585
271 4.68987 90.6604 2.18498
272 89.5586 29.999 1.05279
273 96.923 61.1325 2.05166
274 12.1963 85.5911 2.10568
275 24.5632 85.5776 2.83699
276 6.77814 26.5563 2.01849
277 26.5984 3.72085 2.16611
278 72.3483 65.8647 1.98911
279 26.6329 93.6589 2.20353
280 17.3697 5.63971 2.43681
281 22.8687 88.0858 2.56367
282 1.41146 89.0284 3.07827
283 88.892 29.9432 0.71791
284 41.9915 82.3722 2.83863
285 23.8705 7.24474 2.67082
286 89.8001 71.1267 2.1002
287 21.999 86.8683 2.36941
288 53.5239 25.265 0.798629
289 31.9016 75.9306 -2.91554
290 10.6806 81.6383 2.19648
291 98.6452 19.1165 2.72536
292 97.3808 17.6578 3.27468
293 4.61655 77.284 2.8572
294 6.94349 90.4061 3.08902
295 19.5315 1.13937 2.57758
296 31.8087 5.27413 2.59717
297 50.1715 92.2657 1.1038
298 2.54649 3.15589 2.13923
299 67.0396 33.142 1.53094
300 14.4514 81.4126 2.27774
301 11.0253 8.57273 2.46768
302 92.3671 55.1649 2.84844
303 23.9178 88.3446 2.45153
304 99.4867 14.0507 2.84457
305 28.8266 21.5293 2.01551
306 49.1539 65.2897 2.60661
307 65.1985 35.7493 1.7815
308 3.50261 99.5877 2.38898
309 8.86569 83.679 2.85261
310 57.6044 67.6129 2.41296
311 97.6839 78.1299 2.30854
312 26.4041 96.9701 2.70213
313 91.1239 31.2314 1.55708
314 10.2569 11.886 2.96855
315 26.4733 93.0871 2.48194
316 26.2934 3.20266 1.97856
317 7.52263 99.383 2.13522
318 64.022 35.8071 1.71804
319 77.2127 33.6476 1.52741
320 81.904 32.102 1.19715
321 11.7592 13.9119 2.3741
322 77.8377 28.9169 1.37039
323 9.18786 2.03299 2.76563
324 46.2197 37.8124 1.28232
325 31.6408 90.7204 2.07222
326 21.2209 82.1785 2.02512
327 7.36319 75.2631 3.33263
328 87.3241 28.3619 1.62872
329 87.4912 39.0861 0.776458
330 91.2485 29.0788 0.979791
331 57.2212 70.2913 2.56035
332 50.3039 37.8593 1.1944
333 32.5241 9.08232 1.87316
334 96.867 80.4889 2.57288
335 65.467 31.6825 1.65315
336 83.8085 30.7151 0.68922
337 98.3617 87.3258 2.46092
338 32.2962 92.2207 2.69063
339 17.0476 82.2311 2.49826
340 89.3842 55.3475 2.49396
341 3.19809 0.934928 1.91128
342 13.1097 8.86783 2.94548
343 30.5157 92.0901 2.61375
344 27.0658 88.4367 2.23376
345 62.8435 59.1624 2.20589
346 95.8045 79.2723 1.96456
347 10.1905 24.4025 2.21612
348 88.4283 73.1068 3.05763
349 83.4085 58.3635 2.1916
350 23.2224 90.8726 1.89771
351 1.34254 12.9499 2.53856
352 82.2374 65.768 2.0978
353 62.159 63.1811 2.10576
354 6.68122 60.8654 3.20894
355 24.8731 80.3863 2.71936
356 84.0858 27.3126 0.799286
357 82.0787 58.4298 2.45301
358 14.842 4.02168 2.95503
359 4.21746 77.773 2.49983
360 7.7581 13.8469 2.77949
361 6.24661 29.2081 1.81486
362 17.0659 2.77535 2.18498
363 23.7986 86.4529 2.29038
364 59.8287 68.6491 2.49302
365 23.4006 97.9203 2.06503
366 26.4445 7.88843 2.38393
367 86.8362 31.4881 0.934951
368 92.1317 61.955 2.70129
369 94.9001 30.0859 1.40887
370 46.7119 61.6857 2.777
371 8.88219 8.29242 3.02091
372 14.3481 97.2663 2.36966
373 51.8222 10.4462 -0.00713752
374 12.1819 9.92755 2.86794
375 33.7354 6.43735 1.77899
376 15.7379 2.22987 2.217
377 91.8449 32.6395 1.52948
378 10.7446 83.373 2.53538
379 84.0852 34.3676 1.3821
380 23.1513 83.2602 2.41539
381 46.7711 38.8644 1.05736
382 23.2714 6.29893 2.27048
383 67.5697 58.4324 1.89057
384 23.7921 98.9889 2.82414
385 66.9891 64.9491 2.27915
386 33.6198 58.4247 1.70167
387 2.95039 23.6416 2.9272
388 32.1229 88.88 2.31495
389 3.22201 76.3764 2.81576
390 0.965874 4.19247 2.39024
391 8.77856 1.92906 2.85045
392 5.26057 76.7593 2.79156
393 30.3087 93.1716 2.86191
394 22.5128 7.16613 2.36604
395 12.678 2.81816 2.4602
396 16.3965 17.7749 2.17562
397 13.6508 3.51123 2.21786
398 91.104 29.743 1.25735
399 94.5495 91.901 2.96144
400 97.3158 89.1428 2.52674
401 47.5918 36.1452 1.11353
402 6.6299 61.4285 2.35779
403 22.2025 3.72013 2.83772
404 14.8641 83.0011 1.9888
405 80.2879 66.7599 2.00063
406 87.7902 59.3051 2.35416
407 25.9776 9.10269 1.92221
408 6.81796 85.818 2.27071
409 86.3667 30.5789 1.31737
410 99.2249 91.574 2.3624
411 14.9518 8.17936 2.86378
412 24.8405 79.0391 2.50877
413 3.80754 100.074 1.91887
414 29.8489 93.3452 2.45118
415 76.7861 58.4595 1.85431
416 27.0616 2.80191 2.15322
417 98.3076 89.7993 2.82506
418 15.4861 10.119 1.98312
419 63.2336 56.9418 1.36271
420 1.98423 73.3476 2.54202
421 14.155 8.45732 2.63799
422 2.40294 91.2406 2.26901
423 58.2715 21.3582 2.20065
424 16.7565 17.3978 2.28868
425 20.6448 99.493 2.44957
426 9.55954 27.1353 2.83242
427 15.614 13.9264 2.36593
428 18.1377 86.2748 3.00373
429 25.259 86.1877 2.6513
430 4.19983 19.821 2.28116
431 31.1902 2.83094 2.11178
432 9.87526 12.1439 2.55281
433 92.51 26.8692 0.993028
434 9.51932 77.1494 2.90895
435 61.6793 68.5267 2.25192
436 8.10859 18.7719 2.93712
437 95.9223 55.6183 3.17298
438 82.7714 37.2055 1.20433
439 85.9838 32.9403 1.5591
440 26.1442 80.7805 2.8347
441 86.4508 58.6874 2.3131
442 18.6819 6.03201 2.47257
443 46.9212 41.595 1.31064
444 26.4725 98.1636 1.98786
445 76.2583 63.2931 1.33119
446 65.9984 64.6685 2.55396
447 94.3243 76.1526 2.15765
448 18.554 4.40873 2.81176
449 30.4677 75.562 -2.87544
450 6.3406 3.68836 2.68898
451 5.80355 62.7323 2.59698
452 20.0866 19.7429 2.28126
453 22.8707 80.2561 2.51199
454 24.1073 17.8114 2.50283
455 73.6585 59.042 1.04756
456 94.9971 84.1763 3.05321
457 4.97476 90.2768 2.51303
458 9.58421 89.6264 2.74504
459 86.2871 55.0315 1.84546
460 4.75207 73.0219 3.26588
461 48.3811 61.7832 2.11366
462 27.1302 95.961 2.78159
463 13.0994 0.960057 2.73883
464 35.4398 100.23 1.80062
465 6.26621 1.16073 2.34383
466 27.8948 89.3533 2.49114
467 84.9419 31.6124 0.834246
468 92.484 59.2822 2.92453
469 4.85684 15.8289 2.67717
470 7.11146 22.856 2.3953
471 12.4165 82.3242 2.98373
472 28.1995 97.2442 2.62226
473 28.1542 4.81064 2.29293
474 49.86 40.436 1.94524
475 88.8846 61.2289 2.43568
476 84.1543 58.2641 1.91114
477 27.9485 89.469 2.71763
478 7.52765 15.3478 3.15141
479 61.544 58.4372 1.62331
480 99.011 77.83 2.12259
481 84.1681 25.7135 0.953071
482 7.9229 63.8368 3.07828
483 3.38267 2.76611 2.67316
484 97.8145 74.1885 1.99887
485 5.96731 28.482 2.55775
486 27.8277 84.7153 2.80135
487 26.4017 88.4067 2.40873
488 94.7251 93.5325 3.05801
489 60.1453 57.6779 1.31021
490 68.5946 61.4284 1.81105
491 17.8832 80.8592 2.54661
492 28.3858 100.119 2.13863
493 22.3589 91.0596 2.83013
494 8.32233 64.0447 2.9184
495 3.56728 77.4859 2.69516
496 18.8981 8.45429 2.40734
497 14.1678 10.2604 2.52112
498 28.0703 84.2309 2.57673
499 84.651 38.4302 0.998951
