500
Particles
0 55.3768 56.5141 -2.11315
1 98.8582 11.7145 0.615391
2 95.9707 17.3107 0.443469
3 83.4643 50.474 -2.73077
4 97.2454 0.585071 1.16001
5 12.7373 21.3681 1.02307
6 5.17372 12.2517 0.412976
7 58.102 0.446708 -0.438746
8 66.0438 51.9743 -1.91606
9 67.6715 57.9168 -1.06596
10 83.2858 32.7361 2.92461
11 55.231 98.5162 0.0709228
12 89.5575 29.3224 1.96767
13 57.5211 14.6818 -3.01086
14 100.025 2.49243 0.695316
15 95.2128 33.7061 1.7117
16 89.1761 51.5805 -3.26803
17 66.4723 20.0407 3.29488
18 0.367182 10.8983 0.975466
19 94.0845 89.9725 -0.0650206
20 80.6882 51.0953 -2.73643
21 7.58471 9.322 0.250565
22 75.2414 25.2215 2.78866
23 68.5234 23.3048 3.0129
24 14.3652 66.4562 2.34
25 11.5723 25.7441 0.776928
26 31.2889 17.3163 2.11668
27 60.7413 94.9619 -0.64947
28 53.1114 59.0318 -1.77661
29 69.5182 22.9825 3.47858
30 99.9848 21.0902 0.903056
31 92.9235 73.7857 1.66617
32 78.6505 46.5276 -2.51125
33 96.5014 16.3795 0.203558
34 74.6019 34.5381 2.89408
35 49.3625 56.7052 -1.68417
36 55.0898 0.369609 0.0502059
37 6.9562 15.1468 0.340007
38 91.9486 22.2871 0.994994
39 96.0134 2.05499 0.841382
40 78.3477 24.5385 2.48129
41 57.3969 15.8283 -2.74344
42 63.8618 58.1645 -1.46199
43 95.588 41.467 1.84286
44 98.8276 17.0189 0.386486
45 71.1483 61.8328 -1.09617
46 57.2399 60.2071 -1.78389
47 64.6102 15.2456 2.79442
48 63.9152 49.762 -1.65129
49 12.9589 20.1616 0.200876
50 73.9978 53.5968 -1.1263
51 59.4482 63.3912 -1.83682
52 1.8186 68.4671 -0.893003
53 56.0545 98.7225 0.129517
54 70.1167 23.5917 2.69406
55 51.273 11.972 -2.34865
56 69.5102 32.1552 2.62153
57 32.3908 44.5903 1.53099
58 67.5332 25.8267 2.66804
59 12.5684 23.7032 1.0159
60 4.42689 16.3272 0.406412
61 63.003 54.2775 -1.31242
62 51.299 61.3147 -1.34021
63 96.6296 9.73322 0.635266
64 2.39743 14.9316 0.852189
65 49.6092 21.3017 -2.74684
66 6.70085 19.1829 1.04609
67 42.3138 46.8217 -1.26697
68 48.1875 16.2311 -1.83814
69 53.8222 65.411 -1.83013
70 6.4272 13.3295 1.24047
71 39.7574 25.2498 -3.06803
72 2.98158 15.961 1.07125
73 50.4703 40.325 -1.22627
74 39.639 19.8511 2.64124
75 50.6272 7.34862 -1.78938
76 50.7274 66.0769 -2.08628
77 3.16341 13.3844 0.47458
78 1.33853 19.0559 1.10379
79 3.25762 9.35789 0.70073
80 49.9851 66.8236 -1.19434
81 5.2528 19.0906 0.753238
82 28.9588 78.6317 1.56462
83 3.56809 5.89007 0.148749
84 21.0485 35.9678 0.585546
85 45.7847 58.8629 -1.58627
86 41.5187 76.7773 -2.05298
87 47.6091 12.3026 -2.15503
88 2.76234 99.5475 0.802196
89 30.337 17.1862 1.85364
90 43.7147 99.926 0.466778
91 92.6752 73.0192 1.24062
92 47.3442 11.1235 -2.40653
93 67.9662 26.0551 3.2343
94 76.4706 41.7841 -1.69272
95 52.853 59.5265 -1.30378
96 3.25392 12.8696 0.333152
97 7.4326 16.5906 0.350797
98 33.9185 19.0641 2.48082
99 82.7202 43.9388 -2.82447
100 2.05878 67.4119 -0.515771
101 99.6012 11.5477 0.561189
102 67.8655 52.8623 -1.91993
103 39.035 34.9785 -1.0366
104 59.2586 56.8661 -1.5591
105 43.8622 97.7993 -0.109041
106 68.5114 34.0307 2.74582
107 59.5085 45.4615 -1.95309
108 61.1973 61.7703 -1.49918
109 61.0945 48.6631 -1.7735
110 89.2483 26.9736 1.89654
111 7.24785 14.8883 0.340496
112 71.2425 52.549 -1.57142
113 62.1697 23.1582 2.37613
114 94.5266 37.1935 1.675
115 44.6733 45.7185 -1.18623
116 4.04457 21.4679 1.24682
117 20.7145 28.4595 0.288292
118 87.4147 50.0277 -2.66333
119 67.6119 26.8271 2.88237
120 20.7307 25.4488 0.139942
121 77.0079 48.6525 -2.50275
122 75.9264 41.992 -2.22352
123 98.7191 10.584 0.463332
124 52.4096 16.8985 -2.42691
125 50.5705 20.2809 -1.8352
126 85.7303 69.0186 1.16353
127 51.4666 17.6825 -2.47703
128 13.9105 67.353 2.54235
129 56.4979 56.6799 -1.84894
130 55.4042 63.9913 -2.30929
131 83.1604 30.4926 2.57274
132 51.0638 98.0308 0.118761
133 48.4149 0.701118 -0.412087
134 15.0561 19.2877 0.998462
135 9.84858 12.498 0.583128
136 41.4877 17.6544 2.67539
137 8.45201 14.368 0.661555
138 74.7975 44.9097 -2.57105
139 46.7965 65.2637 -0.913078
140 67.1317 54.8337 -1.15063
141 48.8923 21.8782 -2.31384
142 4.83075 4.64988 0.966166
143 72.4392 61.4322 -1.37951
144 7.36298 16.3205 1.17282
145 56.4848 43.082 -1.08994
146 56.9112 62.1731 -1.94943
147 94.8154 14.8775 0.502649
148 54.5744 62.548 -2.04829
149 6.43335 19.623 0.746193
150 62.7549 57.6251 -1.79532
151 51.9858 60.0395 -2.32471
152 44.4398 23.1723 -2.40683
153 60.0112 57.8283 -1.37395
154 73.076 61.5781 -1.52199
155 50.8371 2.74765 -0.409382
156 68.9433 53.4199 -1.12309
157 67.4336 64.5804 -1.69829
158 21.8856 18.8784 1.09614
159 91.2286 34.3057 1.91067
160 100.014 18.8085 0.606575
161 89.6577 70.759 1.85874
162 71.0023 55.6939 -1.87224
163 50.5062 14.6898 -2.35465
164 12.9561 76.3541 0.354917
165 48.9174 55.0674 -2.1522
166 47.6357 16.8525 -2.61059
167 12.6879 13.7908 0.430929
168 100.006 11.572 0.263824
169 99.2491 43.775 1.49995
170 94.8643 13.8351 1.11659
171 4.48892 12.2875 1.02913
172 51.298 44.0149 -1.6792
173 66.596 55.4789 -1.10921
174 8.95777 22.1232 0.538783
175 89.1461 74.7667 1.22571
176 92.8262 34.5136 2.27403
177 44.9111 60.3274 -1.30969
178 0.0454351 47.221 1.88783
179 54.0611 58.3925 -1.99245
180 61.1431 25.1261 2.62127
181 70.9579 57.1637 -1.28903
182 68.2824 32.4629 3.21051
183 90.1262 12.7317 -0.0471782
184 10.8881 29.2804 0.855928
185 57.684 8.42113 -2.97959
186 75.3883 42.568 -2.08494
187 69.9227 52.8686 -1.16511
188 97.064 7.2828 0.309827
189 1.97874 20.1526 1.18184
190 3.99403 23.0845 0.834151
191 6.85544 18.1227 0.29149
192 46.6521 58.8305 -1.78957
193 61.307 51.6327 -1.30687
194 39.1342 19.8966 2.6021
195 3.9887 11.6867 0.7106
196 17.6827 18.7936 0.303545
197 44.5245 76.0832 -2.11961
198 31.1485 74.3436 1.74829
199 20.1358 19.0423 0.409876
200 9.23022 11.0586 0.701202
201 93.6111 0.030857 -0.312815
202 1.08126 70.3322 -0.459737
203 63.591 71.4851 -1.24504
204 10.1602 20.4372 0.591928
205 53.5067 43.3962 -1.04002
206 28.5655 42.1316 1.15513
207 16.3213 26.4437 0.461142
208 10.3441 30.9776 0.630978
209 88.0692 31.4816 2.37887
210 2.59023 13.8019 0.597241
211 77.788 28.4721 2.38367
212 49.7469 99.15 -0.273635
213 55.4287 65.6731 -1.96946
214 100.285 6.79646 0.410181
215 63.5059 29.5244 2.98172
216 70.9178 65.5246 -1.75313
217 6.20663 11.4286 0.972314
218 64.55 67.6323 -1.99083
219 69.3778 20.795 3.12784
220 21.8247 8.61539 -0.372527
221 63.5804 65.708 -1.27594
222 5.72894 14.2721 0.336057
223 54.1202 8.83612 -2.92928
224 84.4481 48.0397 -2.72836
225 57.071 99.1834 -0.312595
226 66.3756 58.878 -2.04958
227 66.6482 50.9396 -1.33375
228 44.2834 77.9632 -2.26056
229 65.2068 60.9838 -1.24175
230 55.2628 15.6147 -2.55084
231 3.12398 15.1139 0.487699
232 93.0358 71.1811 1.36956
233 37.2106 33.58 -1.409
234 18.0475 21.4748 0.979423
235 69.855 29.8898 2.90507
236 66.2579 54.4028 -1.82937
237 3.49195 18.816 0.984165
238 70.9607 25.4802 3.58628
239 98.8196 3.84421 0.372823
240 88.9225 30.1666 1.58449
241 3.17705 18.4721 0.278013
242 61.7384 63.4123 -2.04544
243 7.31043 12.9822 0.338857
244 89.7455 66.8953 1.07387
245 61.0683 63.2165 -1.32707
246 80.5626 39.0988 -2.61186
247 53.6058 18.2587 -2.26765
248 1.07783 4.37048 0.936525
249 6.96721 19.9213 0.347186
250 63.2776 90.9252 -0.350208
251 98.7181 19.6436 0.836221
252 58.3396 1.68892 -0.0107675
253 57.5558 10.9469 -2.57474
254 82.1934 30.4906 2.21132
255 6.5176 19.8097 0.672441
256 61.4618 62.2461 -1.29223
257 79.0428 41.0248 -2.42023
258 71.4271 53.8603 -1.65722
259 70.234 34.4728 2.77195
260 15.4988 19.3788 0.221506
261 62.0511 19.0933 3.20325
262 69.1301 59.068 -1.57467
263 42.3657 66.4694 -1.87508
264 97.9034 16.0606 0.596522
265 41.146 32.3968 -0.73701
266 46.6915 60.8506 -1.36467
267 2.11395 14.1164 1.20828
268 71.7162 19.8128 3.41671
269 55.6545 94.8187 -0.441224
270 67.4117 28.4066 2.77451
271 70.0793 32.2911 2.78238
272 47.5425 76.5475 -1.77618
273 17.3491 20.8592 0.84535
274 43.1178 64.0797 -1.78637
275 62.3703 55.7968 -1.54548
276 36.3783 18.2788 2.14478
277 50.2088 43.0965 -1.76548
278 96.6705 11.2766 1.22039
279 63.011 65.4041 -1.65191
280 4.63419 3.30444 0.699479
281 75.6356 46.4977 -1.81622
282 68.2991 24.2008 2.97867
283 11.8945 17.6223 1.07026
284 3.79058 19.7545 0.40666
285 6.13923 12.5258 0.943185
286 53.3977 17.2087 -2.18605
287 77.9459 38.3721 -1.76013
288 84.6787 47.5708 -2.70766
289 99.3632 16.2402 0.596523
290 60.0751 52.8953 -1.41467
291 99.5497 13.2021 1.04809
292 97.2543 43.5545 1.01925
293 42.0811 63.2019 -1.78546
294 70.8902 24.58 3.15102
295 59.6374 4.25406 -0.138547
296 10.8149 29.8103 0.512105
297 69.5026 57.3483 -1.58655
298 100.368 14.6511 0.739844
299 10.3625 15.5512 0.388885
300 44.1949 57.4635 -1.23027
301 6.13853 17.498 0.266526
302 94.483 22.0603 0.728988
303 68.1862 48.1799 -1.89756
304 98.2292 9.4319 0.317448
305 3.58026 20.9399 0.815952
306 55.4295 0.728152 -0.0656238
307 0.840063 16.8736 1.03075
308 63.7395 23.373 2.79951
309 46.1912 63.5714 -1.05887
310 58.8482 97.9229 -0.469457
311 61.2465 12.5139 3.11216
312 60.015 64.5675 -1.34363
313 50.4975 59.8146 -1.47568
314 92.1111 50.7011 -2.72494
315 62.453 53.406 -1.97356
316 8.08777 13.0741 1.02695
317 5.44763 7.17587 0.492975
318 89.3469 32.1688 1.72357
319 6.57325 15.6456 0.979279
320 5.90932 15.7346 1.16336
321 68.8175 19.2279 2.90385
322 6.38637 14.2607 0.355445
323 2.83742 8.46772 0.609241
324 1.23994 20.208 0.97393
325 66.0525 60.8054 -1.3733
326 81.4595 35.0255 -2.32057
327 47.1066 63.6543 -1.35991
328 9.47343 31.6482 0.9646
329 80.5215 48.0164 -2.21918
330 52.8839 61.6038 -1.84378
331 50.401 98.4753 -0.60786
332 79.8794 46.7191 -2.27882
333 27.6258 74.5994 1.35696
334 96.1763 1.86317 0.754929
335 7.21611 16.2418 0.270696
336 13.4351 11.5787 0.89394
337 98.6429 3.69598 1.02344
338 65.0123 58.9184 -2.03183
339 79.8781 35.3552 -2.20971
340 1.48764 12.0301 0.886865
341 98.0238 7.33736 0.553477
342 0.426049 11.8258 0.692628
343 68.5942 64.5219 -1.64591
344 68.8214 50.1035 -1.56188
345 96.3548 40.3172 1.10593
346 57.9959 16.4916 -2.84051
347 36.8569 18.8211 1.75304
348 99.7602 5.87302 0.562392
349 2.412 21.4449 1.00316
350 62.2486 61.1525 -1.52573
351 69.4457 54.7955 -1.17402
352 97.3827 13.9239 1.02481
353 50.5159 6.01115 -0.455547
354 41.9181 21.9662 -2.66424
355 83.8576 33.7561 2.78184
356 80.7057 45.7301 -2.19197
357 53.5388 98.987 -0.366409
358 64.5915 24.0145 2.95771
359 18.3784 26.2127 -0.0456239
360 75.3739 65.2864 -1.28579
361 8.39246 22.9661 0.566879
362 4.29822 13.2096 1.18518
363 44.2816 73.8777 -2.48617
364 97.731 16.5452 1.054
365 56.585 59.8153 -1.82404
366 9.33693 12.1522 0.512104
367 58.7124 46.5433 -1.80873
368 54.9048 61.2351 -1.97019
369 98.0126 38.1138 1.68723
370 91.5444 29.9036 2.36844
371 6.8923 19.92 0.519426
372 71.5101 25.0407 3.45972
373 60.238 26.1866 3.05254
374 98.9886 18.717 0.394592
375 56.5415 58.5631 -2.06909
376 61.77 46.2036 -1.38407
377 39.3579 40.7684 -1.33524
378 59.6423 62.0538 -2.21014
379 20.4624 11.9759 0.13339
380 66.0584 58.2579 -1.30869
381 38.4156 18.2971 2.05875
382 4.13493 11.5523 0.450378
383 -0.143809 54.4254 2.19144
384 20.6457 30.8648 -0.00320512
385 59.7813 96.5832 -0.133321
386 54.7469 3.07703 -0.22213
387 43.6237 57.3284 -1.49703
388 68.6237 59.6476 -1.22425
389 17.2628 21.3655 1.00025
390 99.6203 13.3656 0.35904
391 66.3417 23.2817 2.796
392 92.4871 26.3802 1.65885
393 65.0601 63.0436 -1.42891
394 6.41009 12.5697 0.644226
395 62.9972 21.5838 2.94472
396 67.7704 20.4887 2.98603
397 9.81227 19.4762 0.773037
398 84.825 30.2286 1.96465
399 42.2691 44.1563 -1.24834
400 1.76776 1.96172 0.53242
401 49.3901 15.0906 -2.63558
402 46.7794 72.5936 -2.29405
403 2.75101 10.6919 0.678972
404 29.6742 41.3285 1.80289
405 96.8756 11.5464 1.17451
406 55.1073 14.4096 -2.224
407 5.721 11.6658 0.935961
408 58.59 23.6825 2.64666
409 11.6691 13.9436 0.919841
410 99.7089 3.27401 0.820195
411 95.598 36.6545 1.62106
412 49.0339 70.5182 -1.41559
413 64.3884 17.8514 3.21684
414 63.8079 60.4976 -1.37756
415 96.7469 43.3142 1.93707
416 9.02767 28.0901 0.85128
417 3.93088 4.29297 0.344726
418 4.42565 13.9069 1.13148
419 97.7475 91.605 0.721375
420 20.8637 26.6208 0.202324
421 99.9408 10.7041 0.358707
422 68.6041 29.534 3.23576
423 49.418 29.2696 -2.44925
424 93.1131 35.8134 2.41749
425 6.84636 9.60365 1.13947
426 45.8413 43.7917 -1.33585
427 98.4223 19.4232 0.636421
428 60.1403 60.3232 -1.60319
429 65.5353 59.634 -1.72661
430 89.9866 69.0281 1.19379
431 59.9065 59.3849 -1.64066
432 68.5329 52.9356 -1.15874
433 47.8146 46.3938 -1.91165
434 77.0705 30.6148 2.52256
435 94.4606 14.5246 0.995389
436 69.9251 58.9252 -1.8693
437 35.0399 22.9634 1.67582
438 93.8653 1.17228 0.818863
439 49.0063 44.6942 -1.44447
440 44.4626 19.3653 -2.74945
441 11.3196 80.09 0.449151
442 3.41896 15.457 0.621014
443 39.5701 23.2316 -2.98912
444 61.8857 60.9201 -1.78101
445 4.02217 21.9484 0.989153
446 58.021 12.0286 -3.16487
447 55.2825 19.2971 -2.45933
448 95.0723 34.2722 2.1199
449 4.88543 19.4514 0.398097
450 2.03093 7.61029 0.588383
451 47.1882 67.6045 -1.77999
452 2.97349 20.0448 0.433315
453 68.2209 56.2362 -1.04559
454 65.5169 32.1534 2.56528
455 44.0243 15.7581 -2.63105
456 98.2708 1.46351 0.434186
457 70.7682 27.2729 3.31746
458 84.3147 52.4465 -3.08515
459 49.0737 28.0317 -1.68643
460 14.8208 20.5938 0.685404
461 45.1167 99.1666 -0.186616
462 63.0454 62.7214 -1.54107
463 64.3391 45.3426 -1.18419
464 64.3874 67.618 -2.06245
465 65.8457 24.238 3.26541
466 67.2609 62.5198 -1.50503
467 6.8906 14.985 1.24282
468 11.6078 24.2858 0.538766
469 67.4075 57.7543 -1.49638
470 98.5784 10.8411 1.2156
471 61.7141 63.4768 -2.20315
472 62.4178 64.6342 -1.40559
473 60.2546 29.4975 2.54802
474 94.6196 33.4552 2.42224
475 56.402 15.4003 -3.23464
476 50.9488 2.56761 -0.117492
477 31.6812 46.8356 1.4462
478 90.87 74.5529 1.36437
479 98.431 41.1506 1.31158
480 70.8082 26.6178 3.25677
481 11.8737 28.896 0.215536
482 37.0395 18.6142 1.99297
483 1.94409 9.94677 1.03689
484 93.4186 25.2167 1.97681
485 93.4463 21.3598 1.15542
486 67.6008 55.7677 -1.75863
487 72.3127 64.5294 -1.80628
488 44.1424 50.3491 -1.26992
489 47.4153 16.9931 -2.03142
490 59.4383 2.5559 -0.0206052
491 77.2815 43.3897 -2.62137
492 60.41 61.67 -1.34264
493 71.5814 45.8371 -1.90191
494 80.0123 37.6643 -2.21308
495 37.4789 48.8418 -1.50927
496 5.06163 18.5452 0.983831
497 92.596 29.9102 2.20861
498 66.3919 60.5244 -1.39917
499 48.8475 26.0467 -1.53651
