500
Particles
0 88.8195 89.9264 1.94678
1 20.1321 87.7635 -3.20345
2 95.7979 24.566 1.84219
3 58.4168 42.1279 1.78921
4 80.0285 3.6305 1.40861
5 90.1197 51.4237 1.09441
6 0.777972 11.6183 2.90111
7 77.3894 49.9175 1.94983
8 49.3882 9.56417 1.97874
9 38.6216 9.31608 1.56766
10 5.86337 93.2944 2.75021
11 94.8423 17.5512 1.56233
12 97.2072 21.9792 1.51979
13 86.5341 93.2095 2.57198
14 85.0883 7.50905 2.0052
15 88.6076 97.1694 1.93199
16 21.5837 3.92736 2.01628
17 86.0009 21.1746 1.44625
18 80.0178 13.6718 1.35777
19 45.4854 31.2505 1.3681
20 58.7847 43.4074 1.17757
21 97.8318 8.67459 1.55775
22 6.13422 4.54474 2.67158
23 84.9127 100.098 1.71664
24 65.5403 46.0578 2.03489
25 93.9836 96.7187 1.92164
26 88.6013 46.4942 1.43552
27 93.083 15.3228 1.77658
28 98.3413 6.27658 1.32197
29 2.88441 24.3259 2.33666
30 48.9524 49.4658 1.27281
31 -0.011139 3.54254 2.2323
32 36.1697 37.1078 1.73951
33 67.965 52.0545 1.67445
34 95.9004 95.1382 2.2287
35 79.6218 17.3023 1.35991
36 49.3131 55.8272 1.36719
37 8.93302 23.1501 3.09232
38 95.1812 2.05812 1.70279
39 84.0715 100.001 1.55579
40 98.0141 94.2239 2.33883
41 82.952 100.07 2.11211
42 13.4669 0.869697 2.57712
43 61.432 43.1484 1.78913
44 21.4328 90.3817 -2.38629
45 11.7171 97.6859 2.81207
46 97.9901 99.9715 2.37222
47 86.9991 41.0084 2.00393
48 3.79064 98.8717 2.52917
49 91.2429 86.2676 1.83996
50 88.5019 17.6573 1.62945
51 9.21209 7.26771 2.40799
52 63.5344 44.9255 1.85997
53 50.7265 56.4198 1.33646
54 84.5867 4.47793 1.28795
55 76.8395 38.6478 1.56561
56 88.2418 6.86804 1.45631
57 4.77614 86.7214 2.63952
58 87.3017 10.0003 1.11382
59 93.8139 97.843 2.12375
60 89.6837 14.6384 1.14071
61 4.25672 95.1231 2.07107
62 46.7321 5.51477 1.52296
63 21.3247 82.4008 -2.88839
64 96.7509 13.5087 1.92132
65 83.5018 42.5289 1.24535
66 86.3788 18.439 1.95597
67 87.8566 18.1663 1.17095
68 84.9001 38.9689 2.12965
69 9.40709 88.6155 2.408
70 2.02272 16.6311 2.88243
71 99.091 99.4097 1.94258
72 86.7484 15.2763 1.07789
73 8.16661 19.9769 2.67437
74 3.2455 90.0123 1.96903
75 78.2498 47.2495 1.98572
76 7.15318 91.0786 1.95246
77 6.77944 17.265 2.71092
78 5.37081 26.8598 2.7917
79 88.1291 12.2712 1.96972
80 2.82029 94.9563 2.22561
81 84.7396 16.8726 1.28257
82 60.8291 19.2915 1.96747
83 74.6128 9.12043 1.6153
84 76.8726 36.2824 1.84502
85 2.97245 96.5661 2.45702
86 3.28503 93.9715 2.39227
87 9.68394 16.7423 3.08847
88 78.4867 37.678 1.35139
89 0.948923 89.2025 2.64532
90 63.9842 45.9791 1.66105
91 99.0881 3.75101 2.42976
92 6.98199 13.5084 2.68469
93 76.6926 3.96667 0.980723
94 3.02038 96.1285 2.33911
95 48.8748 33.8945 1.30516
96 96.258 12.1956 1.57146
97 4.50761 19.4686 2.79093
98 0.376444 90.0988 2.85501
99 5.75002 12.643 2.3219
100 68.0914 46.1146 1.04799
101 85.7457 14.6429 1.48069
102 7.37649 95.2249 2.58232
103 95.1631 92.3589 2.37989
104 4.89446 1.47164 2.28127
105 65.4911 47.455 1.08982
106 86.3985 4.82391 1.16454
107 89.9255 97.9448 1.91948
108 3.81642 3.35743 2.27019
109 92.0674 12.2719 1.57063
110 79.308 48.2996 1.53533
111 10.1632 22.2417 2.58152
112 57.1742 41.2837 1.93988
113 1.93906 10.8901 2.72796
114 93.4012 15.4901 1.66663
115 97.8795 21.2494 1.46225
116 3.69069 86.1813 2.54877
117 96.7956 1.2724 2.30991
118 50.2267 43.5858 1.7249
119 80.4382 7.21247 1.05622
120 91.6345 92.4374 2.06504
121 71.0862 72.5636 0.682597
122 3.00352 98.5355 2.11087
123 73.0445 4.0617 1.64816
124 93.4621 23.036 1.9174
125 90.3011 34.8379 1.97046
126 16.9322 10.1419 2.11564
127 83.4451 96.8829 2.29404
128 65.7004 45.5442 1.90218
129 90.6078 16.4948 1.97171
130 95.783 4.20574 1.96266
131 4.86212 93.1268 2.24471
132 92.6397 36.2529 1.85054
133 89.8113 39.985 1.34877
134 89.3697 83.3615 2.21903
135 7.68645 18.8854 3.07082
136 2.37955 88.0085 2.15292
137 97.5595 12.6659 1.71271
138 5.20517 96.6031 2.33927
139 94.3839 92.7562 2.44488
140 9.92117 95.9517 1.90369
141 82.3446 38.4242 2.0389
142 77.512 7.32968 1.99897
143 35.7173 13.5626 2.02904
144 96.2412 13.0769 1.5711
145 90.9052 19.1333 1.30346
146 91.4705 97.624 2.24372
147 66.1914 52.0017 1.79464
148 9.17126 19.7879 2.65182
149 82.0652 16.9314 1.28619
150 9.49774 97.3287 2.25372
151 39.9901 35.6691 1.43565
152 4.38589 90.5091 1.94848
153 3.9122 2.05322 1.94247
154 26.0486 5.46363 2.49688
155 87.7749 42.0223 1.49019
156 52.9481 9.13234 1.73204
157 32.9216 20.9735 1.83252
158 88.8063 47.8089 1.58283
159 35.7284 16.9476 2.20299
160 63.1886 53.7405 1.92842
161 36.6153 18.2326 2.04126
162 83.3879 18.0634 1.87488
163 78.2298 35.3461 1.52871
164 83.8908 43.7354 2.12945
165 74.7523 14.6839 1.32953
166 78.1064 36.8007 1.63431
167 11.3424 22.0905 3.11242
168 88.3368 13.7453 1.9185
169 84.0972 42.3663 1.33417
170 51.1319 68.5866 1.6744
171 99.2664 11.1837 1.98038
172 88.6566 94.0391 2.06176
173 9.24463 93.7864 2.77939
174 86.2617 47.4826 1.7517
175 92.9058 32.0648 1.25091
176 98.7094 25.1183 2.00291
177 96.7045 92.0009 1.94474
178 64.8981 44.5173 1.13776
179 97.0986 5.86708 1.61908
180 0.395247 11.4474 2.53756
181 44.6781 13.5601 1.46313
182 91.4641 7.80909 1.24741
183 87.1735 88.3634 2.37586
184 6.17605 12.3104 2.76778
185 86.219 42.063 1.29017
186 7.25524 0.86879 2.79876
187 52.9979 40.7981 1.5641
188 80.2487 96.7034 1.77084
189 93.5934 20.5105 1.69311
190 88.0516 47.1183 1.47015
191 98.7536 18.533 2.05219
192 99.1043 85.346 2.49632
193 7.99342 9.07046 2.27924
194 1.25207 93.4554 2.11462
195 98.4503 11.1719 1.84349
196 92.5621 89.5965 2.24497
197 4.34991 94.1948 2.12714
198 4.44444 12.4019 2.28491
199 4.05727 55.497 1.63472
200 7.51125 17.2489 2.70025
201 3.72409 21.6224 2.6954
202 63.0136 46.1465 1.71085
203 36.915 18.6762 1.86778
204 89.8637 45.4786 1.91455
205 11.4019 21.4893 2.69559
206 99.3526 93.7283 2.47818
207 94.2544 98.9147 1.72441
208 75.4492 20.4942 2.32685
209 50.4117 42.6346 1.57096
210 88.3507 15.8266 1.63915
211 3.95664 98.6853 2.01902
212 91.2544 38.2629 1.88142
213 42.4333 34.8079 1.47215
214 78.6023 94.19 1.87796
215 94.4616 3.81729 2.05739
216 13.0543 2.0563 2.86759
217 96.9134 9.78224 2.05776
218 88.5994 26.1987 0.941814
219 88.2525 22.2232 1.86076
220 7.92395 20.4438 2.94484
221 11.2943 10.2615 2.38487
222 6.16155 20.0695 2.88176
223 69.7562 48.4533 1.32662
224 56.0913 42.6218 1.67941
225 97.7385 21.9994 2.40998
226 24.8933 1.54029 2.59233
227 6.08172 1.53867 2.60845
228 5.50401 94.8971 2.52633
229 5.58242 94.4611 2.75061
230 85.107 95.7026 1.65394
231 89.8939 13.8167 1.69552
232 5.65583 9.49096 2.69698
233 98.6661 98.133 2.57275
234 92.8763 91.6496 1.62142
235 86.2279 4.64819 1.64783
236 20.3695 98.844 2.59059
237 96.5139 23.1966 1.64097
238 88.5247 6.25347 1.21395
239 76.8964 6.61412 1.70887
240 94.3255 15.1525 1.46091
241 51.9604 7.91297 1.10845
242 10.4768 4.73689 2.78034
243 5.12136 14.5678 2.11954
244 36.6987 18.4614 1.78279
245 8.42816 6.63981 2.53342
246 5.77132 97.0658 2.05985
247 86.616 45.6642 1.65344
248 80.9214 6.98212 1.46621
249 2.05601 88.5159 2.39968
250 91.1243 15.2894 1.70921
251 91.3376 21.3196 2.07728
252 76.377 49.0735 1.58125
253 54.8283 44.087 2.07635
254 4.23953 91.9824 2.77281
255 83.7472 16.5911 1.74325
256 11.0643 4.12639 2.28176
257 2.95192 94.0114 1.91227
258 50.8601 12.6857 1.55289
259 87.5849 5.78216 1.74873
260 91.2324 49.6542 0.854453
261 81.1484 8.66233 1.60772
262 11.2029 97.4257 2.53865
263 3.27313 7.64135 2.23829
264 63.9472 52.4828 2.19542
265 2.68148 92.3058 2.12028
266 95.6528 88.9627 2.47766
267 95.2564 14.8662 1.66335
268 93.6793 94.8782 2.07718
269 91.5257 16.7701 1.30064
270 90.015 9.81892 1.70795
271 90.1305 8.48097 1.78728
272 37.2068 33.1162 2.09841
273 95.1439 94.283 2.4461
274 0.074078 1.81356 2.70161
275 5.30896 94.4441 2.29818
276 95.4479 86.1277 2.12936
277 3.99888 11.3449 2.48152
278 14.2302 79.8898 2.5699
279 10.1135 5.46587 2.60704
280 90.2958 10.0752 2.15537
281 6.29126 99.8086 2.46169
282 85.1366 6.91746 1.45805
283 16.0253 23.4814 2.29128
284 12.4335 89.5938 2.79039
285 1.97997 14.8456 2.3196
286 80.9099 99.2344 1.56086
287 2.29979 95.9567 2.72298
288 52.1567 34.5436 1.56555
289 13.8434 91.4134 2.51119
290 99.2173 98.4472 2.86235
291 57.5508 97.6013 -0.574075
292 87.833 40.2866 2.1178
293 98.0063 0.520721 2.6729
294 90.0971 5.9973 2.15788
295 96.6451 8.62274 1.97488
296 11.2282 16.6188 2.396
297 16.9707 1.65623 2.64495
298 56.2426 7.21925 1.4459
299 5.35489 22.091 2.27288
300 98.4041 93.8029 2.31436
301 87.1545 16.3606 1.26612
302 91.2093 91.8889 1.8437
303 5.75069 97.961 2.58413
304 19.6679 82.9884 -2.64885
305 93.7558 20.5482 1.86881
306 59.4348 48.6088 1.67273
307 95.4025 20.1788 1.70268
308 82.764 11.0636 1.56525
309 98.9191 2.19645 2.4411
310 63.3505 50.369 1.43613
311 88.8355 1.78442 1.80538
312 6.59321 5.76986 2.75838
313 44.1967 35.722 1.46204
314 87.096 20.3656 2.01475
315 5.38101 0.791997 2.75645
316 4.69787 11.4574 2.73008
317 90.0914 11.6413 1.16
318 97.2875 21.5448 1.53323
319 4.85115 21.5314 2.94098
320 5.9257 19.9725 2.74749
321 85.2499 19.7711 1.97288
322 10.1033 18.9169 3.09833
323 87.5151 11.8606 1.1268
324 23.5798 27.6614 1.93021
325 13.8973 2.88878 2.17666
326 3.69617 92.423 2.18469
327 99.6333 96.9529 2.15287
328 14.2252 18.6443 2.57344
329 56.0584 38.0463 1.29326
330 43.3996 34.1657 2.23587
331 70.8775 52.3141 2.02623
332 46.9084 35.9257 1.64955
333 6.28521 14.108 2.80543
334 84.2833 2.25508 1.324
335 98.5273 17.7229 2.24496
336 10.9612 21.651 2.68386
337 79.612 4.88241 1.93624
338 12.7121 1.97711 2.43607
339 3.32455 96.1309 2.59203
340 87.387 91.9343 1.64686
341 75.6838 10.4031 1.56052
342 85.5514 12.6444 1.93872
343 12.2453 2.80396 2.61297
344 8.06453 98.291 2.71468
345 77.7283 42.6708 1.5197
346 83.6143 0.763825 1.52318
347 89.6714 50.7852 1.45119
348 79.2272 98.2838 1.72423
349 87.3002 45.0878 1.76508
350 7.52175 3.12598 2.80451
351 45.523 9.17219 1.8882
352 22.3734 89.5733 -2.56613
353 69.3764 47.6082 1.85007
354 98.0747 86.8139 2.71871
355 6.96706 90.8261 2.10314
356 10.6439 17.6065 3.07542
357 86.9774 43.7347 1.67677
358 90.9759 10.6123 2.14399
359 93.7464 96.0752 1.79806
360 84.6466 21.7933 1.70512
361 89.838 85.2527 1.93962
362 96.5882 11.4391 2.03648
363 4.42187 94.8632 2.21492
364 68.6475 53.0831 1.46004
365 3.3095 6.17108 2.45847
366 3.48475 14.1378 2.48623
367 9.11811 21.0228 2.23932
368 89.3418 95.0368 2.65034
369 46.7916 34.0826 1.94059
370 55.8737 45.7068 1.54451
371 83.4642 15.8482 1.92421
372 92.71 6.43105 2.09855
373 5.27818 17.5009 2.89721
374 91.8593 19.4633 1.1618
375 7.05471 10.0963 2.40094
376 94.4255 10.2293 1.33977
377 37.8662 35.3241 1.46428
378 98.6879 100.414 2.02962
379 7.78123 22.674 2.86057
380 5.84838 94.5054 2.85512
381 9.06528 27.5475 2.52621
382 98.3523 11.3202 1.84956
383 79.0593 40.1028 2.08539
384 5.05025 9.26293 2.30735
385 73.5768 50.3564 2.43899
386 49.523 54.3281 1.02483
387 91.4066 85.4624 2.5265
388 13.218 97.7655 2.63803
389 93.1937 95.9462 1.88595
390 73.5363 11.5324 1.80638
391 85.9554 10.3144 1.68787
392 92.8463 93.8822 1.85494
393 13.134 5.23628 2.136
394 97.1055 12.6973 1.78231
395 90.6577 11.4129 1.67336
396 87.9602 20.5055 1.86654
397 94.6645 15.8333 2.0274
398 43.9624 33.6743 1.65958
399 52.8938 6.85844 1.55324
400 77.4255 5.51807 1.53457
401 48.1768 32.9045 1.33403
402 1.66153 89.8251 2.31075
403 97.5671 9.1271 1.937
404 1.37184 97.2979 1.93494
405 20.3369 88.588 -2.49811
406 84.8079 92.3471 2.2376
407 99.4915 13.3583 1.38761
408 92.2096 1.98503 2.3566
409 15.0643 21.1985 2.98313
410 80.7186 8.09936 1.54062
411 93.6619 16.7371 1.40574
412 10.9859 93.1291 2.55882
413 76.8 7.67144 1.11942
414 11.2783 3.43155 2.32646
415 83.0334 41.0333 2.10088
416 6.54615 12.6829 2.28585
417 75.6921 5.50149 1.85167
418 89.7415 15.6764 1.1099
419 75.9577 39.2157 1.17612
420 97.4434 98.4771 2.76078
421 87.0612 14.4216 1.66096
422 87.3878 8.6418 1.94333
423 7.49075 17.8556 3.0723
424 86.019 19.5917 1.96374
425 98.9566 7.11096 1.89954
426 18.5808 20.2211 3.22932
427 89.9732 19.4766 1.99422
428 2.59643 99.0285 2.29363
429 10.3018 99.8405 2.09618
430 34.438 14.3122 1.56642
431 7.32265 9.46865 2.74426
432 84.289 17.8163 1.05352
433 16.0012 20.1271 2.27956
434 98.5089 96.5452 2.81898
435 73.8755 50.8841 2.02901
436 40.1011 13.7601 1.43398
437 94.093 91.9494 2.21605
438 1.37283 25.0062 2.52763
439 9.38581 22.6767 2.7292
440 8.1985 90.4864 2.36268
441 83.5995 93.9015 1.95219
442 99.4138 16.6568 1.59934
443 6.93034 63.8799 -3.04954
444 6.83965 6.77274 2.1618
445 86.6272 49.8444 1.06338
446 79.1284 50.5737 1.46641
447 85.1432 98.6423 1.71699
448 93.5089 10.0194 1.80347
449 12.3412 91.5566 2.79112
450 81.6703 11.6966 1.95695
451 99.3376 90.4758 2.75664
452 90.8734 20.9252 1.29479
453 7.23617 92.9586 2.15912
454 92.0818 17.5668 1.56195
455 80.2429 41.1188 1.93287
456 75.3967 3.53074 1.06316
457 86.8066 6.14828 1.63542
458 93.0344 4.80253 2.39987
459 88.5689 39.7169 1.24888
460 95.1991 93.7812 2.58136
461 61.066 45.7793 1.69015
462 8.78184 5.96441 2.83254
463 90.8401 8.94082 1.85981
464 14.0648 11.7272 2.40595
465 83.603 10.0682 1.87732
466 12.0691 1.55293 2.34467
467 10.2413 20.7185 2.5851
468 91.1381 94.0934 2.62213
469 47.3402 11.6876 2.09324
470 22.4108 87.2387 -2.92063
471 2.16559 100.201 1.86798
472 9.64596 7.32303 2.62175
473 4.93896 11.1733 2.77253
474 6.58042 51.7486 0.832113
475 86.4467 96.1215 2.01392
476 87.715 44.1926 1.4294
477 4.07983 94.4759 2.66853
478 82.4222 31.3134 2.07295
479 75.4902 41.4482 1.70473
480 89.5739 1.1499 1.46508
481 13.324 18.3205 2.31276
482 97.7009 86.1494 1.76528
483 80.0883 12.829 1.66976
484 91.7109 98.6299 2.49151
485 87.3077 86.4718 2.11147
486 11.158 95.4756 2.05744
487 11.774 1.29485 2.57096
488 50.1884 7.73635 1.97261
489 74.5322 39.1662 1.57858
490 78.9323 47.8006 1.6368
491 4.11037 95.2421 2.39671
492 11.0338 11.5195 2.54356
493 5.00452 1.77555 2.74523
494 3.13335 91.7021 2.01397
495 97.2861 0.576137 1.97915
496 96.0349 15.5354 1.5195
497 88.3476 15.7481 1.85001
498 14.5712 99.5121 2.96081
499 98.6845 28.8877 2.2207
