500
Particles
0 49.7247 27.4086 2.56975
1 76.3071 20.2452 2.41706
2 58.4016 74.9733 -2.54145
3 59.3609 52.4775 1.31526
4 88.6742 16.6942 2.55414
5 58.735 24.2945 2.6006
6 51.7795 40.776 2.15487
7 61.8122 64.3179 0.847375
8 77.076 27.2323 2.19289
9 77.1183 29.9814 2.66985
10 68.8799 28.2743 2.24498
11 50.0359 64.4171 -0.479362
12 51.1727 54.2486 1.31718
13 92.2588 8.49542 1.93869
14 89.6411 19.265 2.57578
15 5.42463 21.0985 -1.53548
16 73.6704 30.6238 2.13202
17 83.885 36.9319 2.67147
18 87.4528 26.3856 1.88574
19 59.1607 47.4017 1.77275
20 55.7889 53.5176 2.06599
21 42.3411 40.2906 2.01157
22 62.9872 36.3058 2.46937
23 93.302 12.9286 2.41806
24 58.0521 57.0182 1.37397
25 56.9021 31.9581 2.33664
26 58.291 20.0393 2.3943
27 40.2296 63.5104 0.229926
28 54.2064 36.6212 2.24498
29 10.6499 9.45148 0.972004
30 59.4518 82.9857 -3.05708
31 60.082 36.6936 2.66381
32 55.1157 51.9211 1.46511
33 60.7247 72.9282 -2.18627
34 60.3464 32.1634 2.39251
35 84.5263 31.6596 2.01911
36 39.9949 80.8557 0.353148
37 52.8995 46.9472 1.81379
38 53.7164 33.2654 2.1277
39 89.7545 14.2903 2.4534
40 63.275 31.0327 2.71596
41 87.7614 13.9021 2.75661
42 70.9022 33.9918 2.07625
43 59.4672 53.409 2.00003
44 75.8481 22.8173 2.36141
45 71.5071 30.6774 2.35595
46 61.045 34.8689 2.39701
47 77.1987 54.2299 2.99807
48 64.0108 31.4075 2.58714
49 57.0327 26.0801 2.2603
50 92.4649 31.9792 2.12539
51 64.5452 36.7253 2.2799
52 59.3557 55.4282 1.85301
53 40.4145 79.5855 0.564552
54 91.7662 17.3744 2.58433
55 64.9498 48.9282 1.47606
56 93.5698 19.4384 2.86264
57 66.7226 21.9455 2.54693
58 91.1205 23.2364 2.28881
59 55.3619 32.4054 2.2916
60 90.115 29.3348 2.62216
61 67.899 30.6822 2.73794
62 75.4239 25.8371 2.91975
63 73.9547 14.576 2.0829
64 48.925 45.4888 1.41306
65 67.0925 53.557 1.71066
66 87.6189 32.0057 2.32129
67 88.5225 32.1219 2.05304
68 65.7206 50.7064 1.72217
69 72.0094 23.0661 2.91423
70 50.3421 44.0159 1.9416
71 60.3319 32.0327 2.64593
72 88.5195 27.7151 2.59806
73 54.181 46.1983 1.62788
74 65.2145 24.0181 2.30885
75 62.5125 60.3018 1.25457
76 68.2716 23.7072 2.9025
77 51.8015 43.854 1.62199
78 59.3869 18.1763 2.24282
79 92.183 24.3407 2.47484
80 64.0802 27.7976 2.07297
81 87.8563 31.7183 2.51705
82 59.6456 44.3717 1.67657
83 86.8355 21.6077 2.05018
84 66.5988 46.2126 2.10108
85 64.3325 29.8409 2.83116
86 65.2557 27.9813 2.8178
87 57.2217 41.8432 1.69194
88 62.1627 48.5184 1.26838
89 62.7157 24.1945 2.16452
90 59.3814 56.9976 1.3919
91 58.8474 37.6707 1.79496
92 56.725 40.6207 1.87554
93 86.1464 16.7049 2.72135
94 66.5127 31.3311 1.95756
95 59.1058 47.9361 1.87528
96 42.5724 43.5847 1.91685
97 52.9791 47.5253 1.31321
98 62.6621 24.3848 2.27393
99 56.876 40.9746 1.74366
100 61.0971 55.7832 1.499
101 89.7285 27.1442 1.92205
102 69.0437 28.9093 2.65502
103 59.5416 28.3474 2.99295
104 65.9379 34.772 2.7222
105 57.4228 58.4596 1.78982
106 90.401 17.623 2.16692
107 51.1717 33.3418 2.08336
108 64.0254 35.7614 2.50356
109 97.0515 23.8267 2.85282
110 79.569 62.0749 2.38887
111 53.9183 45.9977 1.48454
112 57.1456 52.0883 1.22576
113 52.3449 39.1956 2.25016
114 42.6652 50.1856 1.76823
115 51.679 53.048 1.86606
116 65.5712 20.3819 2.82773
117 58.3718 35.8865 2.53253
118 55.2171 54.0988 1.75934
119 90.9894 19.0349 2.0497
120 56.0817 29.8585 2.72101
121 81.7439 29.5719 2.01412
122 65.3678 32.2705 2.50863
123 83.1507 23.3022 1.74027
124 86.8079 98.095 3.24659
125 65.8722 48.7466 1.37714
126 72.3404 39.681 2.61257
127 89.354 11.1378 2.53848
128 60.4223 56.8499 1.72476
129 54.8796 78.3222 -2.77584
130 54.7443 36.8316 2.39086
131 66.253 26.0076 2.16765
132 68.994 50.1552 1.6852
133 68.9895 51.9506 1.41683
134 57.0562 24.906 2.14698
135 54.9794 44.5908 1.93366
136 63.838 23.4481 2.82795
137 48.7097 45.4958 1.93201
138 66.6405 29.7393 1.99504
139 58.3841 29.0762 2.95276
140 69.8352 27.8759 2.49165
141 65.8156 50.6482 1.53962
142 89.0637 20.8115 2.70707
143 74.6016 33.5098 2.60872
144 48.3259 48.4202 2.10878
145 54.3947 78.6012 -2.85083
146 54.0095 33.7177 1.92716
147 58.7219 71.2542 -2.26625
148 56.2663 44.9499 1.76805
149 87.1498 30.4053 2.7729
150 71.4331 31.145 2.17806
151 57.871 50.5285 1.47912
152 66.2173 23.9331 2.1472
153 63.2046 34.4086 2.36226
154 75.1216 32.5726 3.05
155 71.263 53.6869 1.97752
156 81.4089 28.1444 2.52492
157 70.7678 41.2443 2.34654
158 57.3151 21.7682 2.98279
159 76.1228 38.0331 2.22889
160 62.1005 76.2184 -2.75167
161 72.3348 35.9874 2.31105
162 86.166 32.4136 2.63365
163 62.563 46.9557 1.71308
164 63.9952 56.7683 1.55213
165 84.327 30.1625 2.76335
166 63.3126 47.4569 1.57118
167 55.9501 48.0828 1.85714
168 89.1982 25.4796 2.29196
169 63.1041 54.7609 1.29955
170 76.8135 13.0053 2.08657
171 50.5905 40.7733 2.0701
172 49.3799 30.3492 2.64505
173 71.419 27.9055 2.1266
174 58.1572 22.2709 2.51654
175 68.0851 47.6484 2.04062
176 2.31241 28.7634 0.0934392
177 60.4398 27.9563 2.17467
178 59.9215 55.9185 1.90839
179 54.1871 37.1047 2.1179
180 52.9043 40.6594 2.23514
181 77.5536 31.7278 2.38638
182 94.6936 19.4134 2.68618
183 52.0515 28.612 2.91895
184 58.877 41.1356 2.01205
185 66.5408 54.1335 1.6067
186 67.7007 34.6778 1.91334
187 57.6414 51.73 1.52784
188 83.4402 20.4133 2.39
189 59.4382 78.48 -2.55356
190 57.6228 22.276 2.39383
191 51.1028 49.9131 1.34877
192 62.6344 21.9185 2.65529
193 61.9874 37.9188 2.68317
194 63.1659 26.9043 2.17774
195 46.7286 41.7148 1.59316
196 58.8352 28.0353 2.52739
197 64.971 26.2871 2.4586
198 56.8366 40.7743 1.7722
199 58.05 23.7574 2.18216
200 55.081 43.6587 1.33527
201 9.80207 7.35005 1.53327
202 59.8985 56.4964 1.59802
203 76.7943 40.0423 2.73925
204 59.0591 21.3124 2.61173
205 56.0318 45.9464 1.68464
206 62.2905 28.1829 2.21317
207 56.8695 34.4049 1.95581
208 62.1439 45.1379 1.67301
209 56.2335 53.5491 1.43047
210 90.2654 28.2485 2.03941
211 64.7885 32.4429 2.12678
212 68.6495 51.4745 1.93247
213 58.9707 48.6751 1.51734
214 80.8593 18.5439 1.73289
215 52.003 36.1381 1.53117
216 71.4163 35.0215 2.78749
217 47.4045 39.9642 2.01567
218 78.5467 50.3932 2.38451
219 85.3068 36.8877 2.488
220 53.8742 46.0929 2.07602
221 65.6426 38.7392 2.21876
222 52.9846 47.0466 1.91738
223 57.997 60.8848 1.21533
224 58.4403 52.9231 2.09609
225 51.5354 63.6391 -1.19072
226 74.5369 30.0591 3.04423
227 67.4392 34.9713 2.57174
228 67.1439 28.6573 2.1221
229 69.487 30.0871 2.20353
230 94.0853 11.2715 1.80619
231 93.0452 26.647 2.54864
232 60.3285 39.6491 2.5761
233 59.9936 31.4222 2.27126
234 57.1088 28.0029 2.45493
235 93.1932 16.7939 2.80801
236 73.6731 27.918 3.03997
237 60.6811 78.4594 -2.95537
238 93.7041 17.7033 2.59005
239 87.1233 18.6677 2.12448
240 46.6195 49.9022 1.78528
241 77.7666 26.6032 2.39939
242 67.7712 37.9797 2.13699
243 55.1799 42.7208 1.4797
244 75.5442 37.939 2.41003
245 64.9196 36.676 1.99525
246 67.5721 29.6041 2.51001
247 88.8168 5.53911 1.96201
248 88.692 19.9968 2.82199
249 64.2571 23.334 2.21991
250 38.3305 65.7905 0.300599
251 56.6386 77.6497 -2.43077
252 58.7298 63.192 0.601779
253 56.7545 54.7058 1.65474
254 67.1358 26.8839 2.70379
255 86.9908 30.1724 2.51028
256 68.1294 35.5198 2.02211
257 66.9542 29.2104 2.27913
258 80.5106 30.7789 2.44689
259 94.0114 18.4294 2.34255
260 59.4737 23.5677 2.39192
261 90.8778 20.611 2.41212
262 72.0433 32.1062 2.79433
263 59.8423 38.1772 2.71144
264 60.3779 72.659 -2.56664
265 64.8515 26.0972 2.05366
266 61.2333 27.1309 2.68317
267 44.5287 46.1758 1.90701
268 57.7914 30.7648 2.18735
269 41.0992 67.6477 0.280402
270 92.9331 22.4203 1.86844
271 97.0371 20.7085 1.9941
272 57.6695 48.7442 1.56734
273 58.9377 29.7792 2.55323
274 61.6528 35.005 2.09192
275 66.7822 27.3797 2.26354
276 61.6236 26.1779 2.25963
277 55.4383 40.1895 1.8567
278 72.4496 17.9926 1.71404
279 68.276 38.8422 2.21623
280 93.5938 22.1158 2.63851
281 67.1339 32.5023 2.21915
282 90.8554 18.1919 2.35448
283 53.9511 52.4165 1.3564
284 70.3413 20.8384 2.1639
285 51.2392 44.203 1.52947
286 87 13.6674 2.05552
287 64.2697 29.1678 2.19443
288 60.6511 48.946 1.95964
289 72.1188 22.97 2.79748
290 61.0289 32.653 2.55119
291 79.6337 22.8293 1.82851
292 62.9589 53.8644 2.06122
293 59.928 34.4832 1.96679
294 94.9624 17.7984 2.41024
295 0.500972 48.1892 -0.46762
296 59.1844 41.8383 2.12071
297 72.7264 31.1158 2.17541
298 80.975 25.2437 2.87353
299 52.6903 48.2203 1.46536
300 62.8178 29.043 2.44899
301 90.2061 30.1566 2.39474
302 54.2517 28.1705 3.0339
303 66.7309 30.8146 2.5929
304 73.6609 15.7502 2.07975
305 59.2826 77.4594 -2.74669
306 51.3046 64.1004 -0.819351
307 59.9045 77.3714 -2.47687
308 92.8252 23.5012 1.88674
309 59.7833 35.5908 2.48614
310 54.2034 63.966 -0.729279
311 96.8191 14.232 2.05045
312 64.1497 36.5417 1.91016
313 56.2555 49.6775 1.88427
314 86.4982 35.3245 2.39523
315 64.6628 32.4345 2.25363
316 55.8245 41.6959 2.17062
317 91.2391 23.862 2.45987
318 52.9651 55.2908 1.59818
319 52.0926 48.3641 2.21249
320 52.9262 45.9666 1.39087
321 84.3414 34.6287 2.74499
322 55.1349 43.6122 1.85317
323 90.3412 23.9874 2.00216
324 68.621 15.3905 1.1666
325 72.1764 35.1451 2.20223
326 66.4469 26.4039 2.64242
327 62.9718 31.428 2.43504
328 59.6984 43.2281 1.59909
329 60.8785 49.627 1.46358
330 58.8574 48.3963 1.46669
331 60.1309 66.8254 -1.83107
332 57.9846 49.9797 1.24663
333 57.3781 41.6279 1.40368
334 88.3637 15.9481 2.26438
335 50.1808 48.8624 1.94721
336 55.6729 44.9691 1.8413
337 87.0997 16.779 2.40125
338 69.2187 33.547 2.32594
339 67.6752 32.6272 2.12577
340 38.6203 41.1704 2.10816
341 87.8702 23.1744 1.76325
342 89.1345 25.9033 2.34434
343 69.8594 36.7357 2.60412
344 68.622 31.0921 2.80766
345 61.4821 53.4976 1.93598
346 83.8998 14.1202 2.443
347 58.6396 21.7028 3.17196
348 83.7285 20.3184 2.35619
349 58.6385 18.6035 2.43453
350 65.4101 35.6138 2.463
351 78.5764 28.5631 2.29438
352 75.9255 21.7267 1.96216
353 58.8894 59.4543 1.53027
354 63.5082 25.7329 2.35674
355 68.9583 24.7539 2.61393
356 57.8445 43.8341 1.72319
357 78.5347 57.258 2.2848
358 92.983 23.2093 2.64614
359 56.081 31.0852 2.9044
360 79.4469 37.7296 2.16794
361 54.9112 25.9562 2.66773
362 45.4229 44.0495 1.57826
363 66.0204 27.4753 2.69395
364 62.2085 73.302 -2.56113
365 61.009 36.6014 2.41704
366 53.1462 42.9056 2.12398
367 54.7816 46.5298 1.80335
368 51.5953 31.1639 2.43751
369 59.0943 48.5581 1.98882
370 55.8005 56.2552 1.84637
371 87.9239 30.3791 2.57582
372 98.4378 19.3119 1.74554
373 53.4672 44.7793 2.03345
374 58.9252 78.8896 -2.80064
375 60.6617 38.6517 2.55364
376 97.9595 22.1467 2.51208
377 56.9322 50.0743 2.01769
378 61.121 35.3603 1.98487
379 53.5774 49.0438 1.83526
380 68.2208 28.9795 2.91741
381 61.5681 19.8614 2.2482
382 46.6875 41.6718 1.80646
383 63.2757 50.9222 1.25698
384 60.5337 39.8571 1.74223
385 57.8964 66.2729 0.362147
386 41.2837 79.0226 0.452379
387 58.0356 25.1553 2.93721
388 72.2006 31.9616 2.73144
389 54.5835 29.5742 2.11269
390 84.1225 24.914 1.86153
391 91.5913 22.0136 1.83136
392 53.9983 26.5536 2.69374
393 69.3155 37.1276 2.78805
394 46.497 43.9719 2.07442
395 92.6096 24.1595 2.22086
396 86.448 36.1021 2.17749
397 50.4816 52.7639 1.40658
398 57.6915 48.4547 1.59861
399 80.5706 26.9657 2.71187
400 86.8086 18.2813 1.93373
401 61.0787 47.4877 1.90568
402 63.8875 25.0664 2.97648
403 42.7723 39.471 2.01933
404 64.005 31.8176 2.77529
405 74.8307 20.4279 1.93769
406 91.563 9.21194 2.60927
407 49.1606 42.2387 2.15958
408 51.3882 35.8013 2.06584
409 57.4935 45.4058 1.35236
410 86.8722 19.6514 2.23144
411 45.3966 51.4015 1.35642
412 73.6641 27.0312 2.13063
413 88.7825 20.4428 2.29362
414 68.7391 36.6055 2.47934
415 62.3202 53.3887 1.57814
416 57.9764 40.5418 2.34
417 84.5424 17.5206 2.36288
418 90.9848 27.3056 2.24054
419 62.4861 49.9331 2.22212
420 58.8981 32.9702 2.9477
421 88.168 27.1403 2.41913
422 92.3443 20.7596 2.58669
423 55.8717 44.9544 1.3531
424 90.7765 32.7276 2.83708
425 50.3822 38.6958 1.39495
426 54.071 50.197 1.49892
427 56.2128 79.1357 -2.72079
428 65.7279 34.3613 2.74259
429 70.2967 33.63 2.54086
430 73.424 33.7728 2.42667
431 61.6989 38.9099 2.45215
432 87.4944 32.1027 2.59579
433 56.301 47.972 1.48699
434 61.24 30.9562 2.79725
435 61.4868 70.6145 -2.29044
436 76.5803 33.3717 2.53604
437 59.3357 28.2872 2.37871
438 10.2868 10.2971 1.21061
439 54.6696 47.5362 1.98422
440 68.1187 22.84 2.87506
441 90.5262 8.99753 2.62559
442 48.6518 44.8322 1.46677
443 61.228 24.5877 3.13005
444 64.051 37.7189 2.36985
445 57.6612 22.3067 2.60085
446 68.9503 66.8236 -1.72841
447 89.8906 12.726 1.79887
448 0.850151 41.5384 1.64131
449 71.1074 22.9086 2.26159
450 89.9456 24.2884 1.96984
451 64.3791 26.7762 2.5948
452 57.5622 79.9205 -2.7026
453 70.463 28.2842 2.20409
454 55.2975 78.4925 -2.89695
455 65.4717 51.5916 1.55731
456 84.1838 16.8067 2.50069
457 93.7787 17.9375 2.07326
458 35.0567 39.6928 2.15965
459 66.4737 51.4107 1.41162
460 59.464 30.2261 2.2674
461 58.2591 56.7207 1.15321
462 66.1987 38.09 2.75126
463 95.8323 21.5937 2.35721
464 67.7294 39.4276 1.99531
465 91.5594 23.8746 2.69377
466 69.2175 33.0438 2.24415
467 53.4342 45.75 1.95907
468 54.3766 29.8288 2.13438
469 78.536 30.1711 2.53919
470 78.7981 21.0198 1.93619
471 65.4161 35.515 2.65959
472 65.6208 37.6093 2.65389
473 55.6406 40.5293 1.4634
474 6.5862 22.2046 -2.20984
475 89.778 11.1152 1.85975
476 80.8926 57.9131 2.42485
477 64.6009 27.1758 2.15646
478 65.191 44.9384 1.40511
479 60.1593 52.0664 1.2854
480 -0.27336 17.1609 2.77069
481 60.3089 42.608 1.44686
482 64.509 25.4043 2.60322
483 88.1356 24.9604 2.13903
484 53.611 33.708 2.28434
485 53.0137 26.9296 2.61015
486 72.2747 27.9918 2.39254
487 70.6677 34.1443 2.5453
488 79.4782 27.7637 2.88792
489 64.3227 49.4248 2.05941
490 58.2765 62.5915 0.911309
491 66.8761 29.175 2.13558
492 66.7798 41.1322 2.3396
493 65.0282 35.4525 2.52459
494 66.2266 27.4648 2.84914
495 58.5735 34.2621 2.2051
496 49.4429 49.7598 2.07918
497 93.8207 29.2795 1.9474
498 72.9399 31.5421 2.86919
499 77.3563 51.7199 2.87261
