500
Particles
0 18.475 42.8876 -2.82968
1 91.856 43.2306 1.91656
2 66.0556 8.32219 1.50205
3 67.8174 31.1504 1.88371
4 27.1085 74.4518 2.69498
5 94.3432 39.5008 1.38094
6 46.4571 84.0642 2.45679
7 77.6243 38.0465 1.47692
8 19.4504 82.6791 2.06831
9 40.7452 29.5486 1.51278
10 44.4852 60.4837 2.29337
11 42.6012 92.415 2.5557
12 72.1121 7.49691 1.13262
13 19.0203 50.2252 3.35717
14 28.1468 75.9201 2.67937
15 20.5893 55.2027 3.46361
16 64.3988 70.4142 2.36096
17 37.5829 96.815 1.88553
18 30.7317 87.9072 2.44872
19 4.72403 99.3238 -0.0557679
20 68.5246 31.8746 1.91665
21 44.6571 83.0782 2.04307
22 42.2752 70.386 2.03643
23 20.8099 60.2736 3.0438
24 70.927 33.857 1.95874
25 30.5219 61.0375 2.79216
26 5.08618 33.8362 0.645799
27 40.3402 88.5762 2.29972
28 43.3598 79.6622 2.28452
29 74.4727 5.78293 1.77605
30 46.4595 15.5111 -1.85876
31 41.0375 73.2358 1.95384
32 88.7245 6.90254 2.48542
33 61.9287 41.057 2.37702
34 30.4495 57.9713 2.65606
35 29.7946 92.3394 2.05909
36 55.2772 42.8014 2.64891
37 76.0078 3.63594 1.26579
38 30.2428 64.0484 2.63274
39 23.0691 62.6116 3.01635
40 29.959 52.4283 2.40594
41 18.9847 59.3055 2.99938
42 45.0831 60.9728 2.32138
43 68.973 31.7641 2.0847
44 96.9994 44.7583 1.82089
45 52.7288 67.1057 2.13986
46 30.8442 60.7686 1.93673
47 87.0789 28.33 2.22902
48 39.3321 62.0385 1.93631
49 22.3989 36.6816 -2.83311
50 37.4782 91.696 2.32816
51 50.4919 76.3561 2.40166
52 66.9899 33.9013 1.51514
53 58.6888 42.4399 1.88166
54 29.6053 74.5096 2.53162
55 72.0003 28.5711 1.48987
56 30.6082 74.7618 2.88559
57 43.7763 53.0904 2.91417
58 33.6647 82.4973 2.07627
59 24.1257 54.3313 2.89864
60 36.4665 87.7247 2.3362
61 41.4926 61.0533 2.07389
62 15.566 62.4685 3.32925
63 19.803 92.1681 2.28415
64 41.0902 85.6757 2.35537
65 88.2047 29.2824 2.48152
66 32.8742 90.677 2.21439
67 36.2486 91.694 2.45005
68 92.4979 25.4755 2.44117
69 59.0801 63.1193 1.89231
70 42.8858 85.4307 2.42196
71 31.0764 60.0158 2.09756
72 33.5253 87.8671 2.63359
73 74.2714 0.946753 1.42782
74 44.3035 59.5001 1.88946
75 76.8102 34.4034 1.77285
76 45.4701 58.4976 2.19275
77 47.1148 86.017 2.07222
78 78.3665 8.06857 1.15013
79 34.5634 84.6684 2.82134
80 41.7654 62.5058 1.7789
81 35.8688 92.5165 2.48367
82 20.9841 87.5651 2.28669
83 26.1164 82.6946 2.0547
84 70.2761 26.3799 2.28875
85 42.4424 64.5403 1.84787
86 42.1889 61.1905 2.5276
87 81.9634 98.2108 1.66691
88 73.299 27.172 2.40163
89 40.4072 57.0104 1.9857
90 70.4034 34.5452 2.25388
91 41.8441 74.363 2.69907
92 49.2337 83.4604 2.27619
93 22.7585 73.3486 3.20793
94 40.3794 62.0745 2.78658
95 32.6876 9.5531 1.07606
96 44.9055 86.8724 2.42569
97 47.6465 90.1327 2.06593
98 36.0815 53.715 2.38393
99 46.2694 81.4007 2.79253
100 70.3748 34.5257 1.99295
101 33.6169 89.0688 2.09931
102 42.4864 59.4939 2.53766
103 27.1902 51.1263 3.042
104 42.6362 67.6634 2.0383
105 68.3055 36.5071 1.80365
106 30.4804 74.0834 3.08876
107 23.6381 58.0952 2.49899
108 44.7346 73.4802 2.30883
109 33.8708 81.2179 2.1163
110 77.5937 35.4168 2.04667
111 83.533 3.25571 1.44538
112 66.0689 29.8319 1.88023
113 43.7618 81.141 2.74788
114 40.7492 89.1389 2.57611
115 65.5091 4.6134 1.6741
116 44.2919 54.5435 2.07373
117 31.0073 64.3564 2.17037
118 49.6514 2.0899 1.0621
119 26.9184 77.7325 2.98006
120 23.4368 48.7149 3.47311
121 81.9383 36.9151 2.18842
122 34.8768 58.8607 2.29624
123 23.3471 73.8715 2.72683
124 65.5917 7.91371 2.03441
125 86.0047 8.03274 2.81334
126 62.4989 72.656 1.72349
127 16.7978 53.7763 3.23746
128 73.3814 33.042 1.40341
129 35.2206 87.6176 2.59089
130 32.3721 67.5667 2.75198
131 44.5204 59.8317 1.79904
132 85.7601 5.59478 2.62743
133 20.5491 6.89021 0.265135
134 61.8906 46.9368 2.04554
135 64.4266 93.8286 0.801666
136 41.4476 55.161 2.11037
137 44.1132 86.1529 2.09634
138 44.9957 64.1604 1.87053
139 25.4534 50.1992 3.42475
140 45.0022 59.3512 2.48315
141 97.9165 8.01824 -1.06262
142 28.0251 81.1254 2.51746
143 24.9314 100.074 2.23327
144 43.8405 87.6003 2.52082
145 36.7844 92.1441 2.11375
146 23.8129 56.8223 2.48107
147 64.4101 41.3362 1.89247
148 75.9923 100.053 1.63427
149 31.5769 92.6105 2.45871
150 43.6094 60.9999 2.41703
151 0.90331 2.80705 -0.232375
152 41.8746 55.6844 2.09267
153 44.8336 71.3989 2.50421
154 65.3519 67.6153 2.48734
155 12.9591 25.0984 0.159842
156 22.7189 83.263 2.11743
157 12.6979 57.8035 2.9231
158 5.38712 35.4066 0.930132
159 33.3646 5.40802 1.20727
160 59.0191 43.0255 2.72413
161 35.0141 7.40661 1.11372
162 30.7936 91.4348 2.71954
163 75.6365 22.9749 1.59102
164 88.019 29.4363 2.08332
165 25.156 87.746 2.01884
166 71.8018 26.0905 1.93617
167 84.4644 1.57891 1.6115
168 35.9348 87.3935 2.34973
169 83.4931 31.1661 2.54793
170 33.9532 17.0292 0.770926
171 44.6054 84.1562 2.43657
172 21.4994 53.8794 2.77706
173 47.4185 60.2351 1.83481
174 90.4997 35.988 2.4112
175 87.379 6.54795 2.7564
176 66.3325 9.59005 2.02529
177 27.4778 49.0812 2.77708
178 68.9408 32.986 1.2839
179 41.8267 78.5362 2.83114
180 46.7141 85.1256 2.13847
181 27.4918 0.405609 2.33296
182 33.728 77.6225 2.90656
183 13.8084 36.3151 -2.6614
184 53.6609 86.151 2.65561
185 91.6335 28.9089 2.32566
186 45.6531 68.5055 2.25657
187 38.6435 20.2731 1.0633
188 13.8998 55.7092 3.40291
189 45.4489 97.7104 2.23295
190 91.3594 34.0701 2.6123
191 63.1023 100.089 1.4487
192 35.9789 48.0966 2.71551
193 50.6345 79.1492 1.84585
194 34.3343 54.5989 2.55578
195 41.3008 82.6365 3.0266
196 25.0729 48.1069 3.48355
197 38.8091 57.1125 2.15894
198 51.0752 85.4166 2.6624
199 28.7829 19.613 0.252303
200 50.608 86.9055 2.03447
201 70.8535 2.94498 1.72437
202 69.9519 34.8718 1.30666
203 39.2572 7.3269 1.56895
204 5.55305 32.8235 0.601488
205 82.3929 1.31495 1.15008
206 31.0911 52.8371 2.80254
207 28.3999 61.578 2.12676
208 28.1187 94.8555 1.80117
209 36.6763 19.3037 0.924184
210 36.02 89.5463 1.91544
211 45.623 69.0641 2.03651
212 13.1077 21.0301 0.503267
213 91.2506 2.28101 3.32913
214 13.7944 53.5647 3.10448
215 27.9772 64.2555 2.71196
216 51.6619 68.8312 1.90853
217 41.1191 81.4452 2.9095
218 47.2493 1.85169 0.384541
219 38.0132 98.0092 2.06382
220 76.2519 1.88299 1.07486
221 53.6085 80.0282 2.5326
222 73.7133 2.434 1.68725
223 74.0722 37.6008 1.52476
224 62.5471 31.4406 2.0802
225 68.7147 7.50175 1.91775
226 28.5043 9.73726 0.4902
227 49.4779 73.0968 1.79366
228 43.6877 62.0798 2.19743
229 49.6846 66.7075 2.36014
230 18.877 55.063 2.73106
231 39.0048 88.3047 2.38863
232 48.3584 79.365 2.2035
233 30.0815 58.4031 2.35426
234 26.4649 52.9453 2.80024
235 29.542 72.6531 2.35016
236 62.5401 65.7211 2.72961
237 67.6727 7.53256 1.08609
238 36.285 80.1357 2.37571
239 28.7606 81.9465 2.96601
240 40.7009 88.5484 2.81764
241 20.9571 81.1747 2.62629
242 47.8289 70.9248 1.84614
243 49.3576 86.332 2.03537
244 35.4644 6.91538 1.39807
245 48.8897 75.0178 2.43579
246 45.5948 65.7903 2.25113
247 91.7435 32.3959 1.96456
248 25.8445 75.6133 2.44925
249 38.1468 53.4094 3.04511
250 36.706 87.823 2.57037
251 43.8944 98.2417 2.58948
252 69.9507 37.7753 1.4374
253 57.1961 32.1123 2.25159
254 43.1929 58.5307 2.04912
255 30.8779 89.3774 2.46321
256 47.4173 68.914 2.60568
257 39.5884 58.1188 2.25798
258 22.4341 85.9602 2.19257
259 29.2135 73.6657 2.4914
260 23.3193 8.03826 -0.175758
261 27.5179 79.1896 3.05876
262 46.9411 62.6355 2.15807
263 47.844 78.9225 2.5726
264 63.0018 42.3322 1.99694
265 41.2026 58.8501 1.89561
266 25.753 40.4463 -3.22619
267 41.2743 87.6283 2.22838
268 23.8882 49.8933 2.62338
269 37.8162 89.5925 2.83883
270 32.6604 78.8424 2.7963
271 31.9921 76.8672 2.37175
272 89.6032 1.63465 2.46399
273 25.746 51.34 3.0949
274 33.206 63.6088 2.50866
275 45.8059 63.1707 1.86742
276 27.0852 36.0292 -2.62117
277 50.3697 84.2054 2.9135
278 82.6728 38.072 2.26792
279 48.2746 71.6019 2.46366
280 40.8102 86.3024 2.89217
281 43.3487 65.1759 2.32574
282 29.3485 76.6546 2.86042
283 87.6334 0.788688 1.75203
284 63.9594 62.943 2.64958
285 48.4063 88.3608 2.31028
286 16.9749 58.331 2.55072
287 40.9099 62.9881 2.53389
288 37.1979 2.83789 1.44298
289 59.1485 62.695 2.71101
290 31.7427 59.2879 2.77162
291 14.0646 32.2229 -2.65547
292 9.57474 25.2118 0.230077
293 28.9044 59.1714 2.20352
294 32.5397 74.4185 2.92879
295 44.101 82.995 2.14303
296 55.8633 86.6062 2.85899
297 63.5669 69.5595 2.64113
298 26.4606 84.6548 1.87422
299 70.4055 3.00548 1.87633
300 35.4007 58.8982 2.18198
301 35.4528 90.2734 2.49436
302 22.6742 49.5494 2.77575
303 43.6419 64.6955 2.57574
304 20.1491 94.0214 2.82688
305 46.3431 97.9598 2.05637
306 63.8463 38.3897 1.31724
307 67.3779 5.35422 1.20807
308 28.2871 82.4311 2.97679
309 30.18 61.6206 2.15901
310 68.0139 40.0044 1.66443
311 23.9257 62.6236 2.87954
312 48.003 75.5367 2.49094
313 90.7353 3.35781 2.24352
314 33.828 92.2001 2.16742
315 47.1776 70.7722 2.05414
316 49.0303 82.5781 2.03037
317 30.9666 79.5317 2.66871
318 65.4772 5.7171 1.13841
319 72.3617 3.43119 1.48669
320 76.4929 1.84528 1.40827
321 35.6432 94.8542 2.1496
322 75.9961 98.292 2.17587
323 33.6218 84.0704 2.58428
324 29.5 13.2523 0.455636
325 51.3432 67.9432 1.70533
326 40.9198 58.7203 1.91412
327 31.1584 56.4822 2.21271
328 84.9251 98.6441 2.11461
329 79.702 10.5931 1.31396
330 91.5121 1.94641 2.68178
331 69.1472 43.0804 2.00803
332 32.1192 14.1197 0.643221
333 53.836 87.5512 2.64245
334 23.7028 66.7307 2.52289
335 68.8526 1.74468 1.97945
336 78.1347 0.994883 1.88658
337 26.9647 75.8735 2.57653
338 53.8121 70.3579 2.47826
339 37.2157 59.217 2.23909
340 18.4768 47.3666 3.3574
341 28.0922 83.6262 2.33957
342 36.3088 88.4981 2.19617
343 51.3309 69.6947 2.26845
344 45.4961 64.2516 2.49079
345 74.793 31.4157 1.80157
346 21.129 62.3359 2.38615
347 24.2996 7.79869 0.295529
348 15.465 59.0245 3.42074
349 91.7859 31.1647 2.43944
350 44.4115 68.5713 2.36807
351 24.0498 94.3252 2.63681
352 97.5502 41.6063 1.96213
353 73.775 35.7408 2.20608
354 35.3052 51.4437 3.08294
355 44.5175 56.9784 2.63945
356 80.5584 97.4938 1.77107
357 90.6409 30.3571 2.64778
358 39.8024 86.1237 2.98187
359 27.8356 58.501 2.10436
360 30.9899 94.7366 2.2983
361 22.6234 39.5926 -2.89544
362 40.1316 82.6149 2.61197
363 44.0767 63.3547 2.56763
364 72.1729 41.7946 2.24644
365 45.5765 76.5427 2.75472
366 48.0147 86.3457 2.53634
367 82.3072 2.2564 2.05061
368 21.0135 52.0249 3.02175
369 94.7986 2.78044 2.94705
370 60.9695 34.8397 2.22974
371 34.0903 90.8585 2.24761
372 38.2042 78.7239 2.33137
373 52.9556 90.776 2.71167
374 36.5937 91.4289 2.86381
375 55.1325 85.2646 2.53969
376 39.8718 83.3771 2.9316
377 89.8687 5.02659 2.642
378 32.5548 61.8712 2.76415
379 77.9667 4.48582 1.608
380 43.8484 60.8518 2.67421
381 25.997 17.5908 -0.274527
382 45.4881 85.3588 2.03559
383 74.9186 28.8747 1.67896
384 47.0864 79.0688 2.72386
385 76.8415 37.6308 1.44477
386 57.204 40.0851 2.06502
387 22.3927 34.9293 -2.79896
388 52.3439 65.9502 2.61741
389 27.9449 58.7451 2.27009
390 24.4024 84.933 1.97139
391 32.4986 82.5984 2.80154
392 29.2992 58.1289 2.40387
393 51.7158 71.6232 2.08537
394 45.8621 87.5296 3.00005
395 37.2675 84.537 2.82801
396 37.6369 95.6619 1.78966
397 39.9844 87.8837 2.1094
398 91.4062 2.45623 2.50984
399 22.3999 79.6777 2.7148
400 25.7911 77.5503 2.45638
401 32.6239 10.3291 1.32049
402 34.6325 49.7538 3.0809
403 45.7391 83.7062 2.50975
404 35.6412 60.6244 2.17452
405 94.6476 41.9193 2.03927
406 16.9952 50.1999 2.79604
407 48.2984 88.9853 2.80417
408 29.319 65.8686 2.97875
409 84.7084 0.724554 2.05149
410 26.9755 78.935 2.10352
411 39.4115 89.5313 2.26048
412 44.1481 55.5372 2.12931
413 26.9589 80.0848 2.09457
414 50.4143 71.0963 2.2694
415 84.5231 29.3791 2.12211
416 50.1867 82.9917 2.23868
417 25.4997 76.5844 3.12921
418 38.9727 90.3551 2.52907
419 73.4211 28.8153 1.53697
420 26.6582 55.5637 2.85479
421 38.2818 89.8666 2.33966
422 29.5274 77.4542 2.41707
423 73.1669 97.998 1.6005
424 39.4382 97.2237 1.86831
425 43.1721 78.8179 2.42687
426 23.9248 11.7189 0.475537
427 37.6273 92.9772 1.88998
428 39.4675 64.7093 2.40529
429 45.8888 63.3426 2.26774
430 23.2324 2.09036 0.816638
431 53.6161 81.9801 2.7856
432 33.4629 92.2984 2.62132
433 87.7761 97.9273 1.77865
434 32.7755 57.7647 2.84355
435 72.6844 40.3907 1.48442
436 29.0591 1.39691 2.4369
437 26.2148 50.562 3.30296
438 75.509 8.48197 1.6034
439 80.089 3.68316 1.21938
440 46.8444 58.3038 2.68997
441 14.9127 50.1603 2.83452
442 43.4905 88.2758 2.26812
443 27.341 21.2108 -0.352812
444 47.4706 75.947 2.35204
445 86.4228 35.0028 1.82996
446 77.251 37.2002 1.75392
447 18.9625 58.4294 3.12509
448 42.1075 85.0341 2.78537
449 58.0451 64.052 1.92256
450 29.9006 85.0952 1.92152
451 33.9284 52.4537 3.04314
452 40.3007 96.816 1.9965
453 42.4084 56.6246 2.29501
454 43.7894 94.534 1.68504
455 82.5161 30.7596 2.67026
456 23.5755 73.7078 3.03482
457 32.7324 77.1043 3.07819
458 34.9803 73.3668 3.11509
459 93.2814 27.169 1.99495
460 28.9556 54.7512 2.2039
461 63.9103 35.201 2.23991
462 49.0847 74.7005 2.19447
463 36.4044 81.0892 2.6398
464 55.609 77.4342 2.76415
465 29.5344 82.168 2.66393
466 48.3486 66.7833 2.23202
467 80.2324 1.89924 1.65713
468 22.435 52.3011 3.26831
469 26.493 95.7357 2.64331
470 24.8987 4.8905 0.904042
471 34.0935 60.7974 2.90583
472 50.9042 76.5649 2.55793
473 50.5211 84.2607 2.54086
474 30.0695 18.2738 0.640352
475 18.3357 53.559 3.29724
476 91.7572 30.3486 2.27444
477 47.396 66.0229 2.32378
478 30.0787 97.3438 2.61875
479 72.699 30.3705 2.40124
480 25.4482 62.2702 2.30973
481 80.7617 97.1456 1.79412
482 36.2675 51.6493 2.26523
483 26.4118 82.7453 2.01893
484 22.4883 56.7499 2.87036
485 16.2729 39.1129 -2.62289
486 49.5102 63.2187 2.44955
487 45.7751 64.5935 2.26673
488 22.0649 80.7093 1.88971
489 70.8602 29.528 1.63337
490 79.0086 33.9193 1.66485
491 38.4501 58.6099 2.40232
492 50.7576 78.7481 2.04225
493 43.0625 68.8603 2.55621
494 36.8424 52.8568 2.45775
495 28.8239 60.1273 1.95839
496 41.1199 87.2233 2.07532
497 38.2678 91.5133 1.96826
498 48.1439 61.4274 2.29633
499 79.4456 9.40467 0.464037
