500
Particles
0 75.1131 5.87188 2.29312
1 0.57951 81.919 -3.01201
2 87.7405 43.2521 2.62976
3 56.2848 63.0291 1.60287
4 73.4755 23.1861 1.74118
5 92.5521 71.9029 0.925351
6 89.2744 28.8373 2.3238
7 72.147 70.4621 1.69969
8 38.8656 27.1433 2.65973
9 25.7478 5.45944 -2.59098
10 94.1244 10.7468 1.86996
11 83.4806 35.3863 2.59767
12 88.2177 40.4201 2.1845
13 73.3925 9.49788 2.53938
14 78.0416 27.3199 1.72818
15 74.7286 13.0467 2.85493
16 4.89314 16.4726 2.44755
17 77.2778 39.8792 2.23123
18 74.0531 33.6198 1.46942
19 38.4334 50.7167 1.97616
20 56.4381 64.4927 1.76736
21 87.9521 27.1533 1.86388
22 91.9527 20.0201 2.46169
23 74.7717 17.4293 2.63255
24 64.1107 66.7863 1.96437
25 79.4958 12.1418 2.17084
26 92.4413 66.6779 1.30414
27 83.2676 33.5716 2.23967
28 87.5781 24.4783 1.90348
29 91.2772 40.6114 2.50418
30 48.8254 68.022 2.29033
31 87.7187 20.8447 2.00901
32 30.6873 56.8442 2.34522
33 65.3348 72.7857 1.60895
34 81.0874 10.4915 2.04143
35 72.2321 36.4607 1.49176
36 55.1802 73.6325 1.60079
37 92.6589 36.7302 2.60612
38 83.1732 19.3096 2.30173
39 75.2052 18.5253 2.38128
40 85.7369 11.2463 2.20414
41 72.9213 17.7072 2.5587
42 96.2199 12.4405 2.55131
43 59.0373 63.8607 1.72187
44 1.43168 84.9387 3.00629
45 97.1802 12.6405 2.11889
46 84.9485 16.277 1.88806
47 89.5877 61.9139 1.50295
48 91.4798 15.3166 2.10436
49 77.2363 1.46795 2.51207
50 81.3726 37.1453 1.99752
51 95.0016 22.0536 2.48228
52 60.4535 65.649 1.34037
53 58.6094 73.8049 1.33345
54 78.4307 24.4892 1.91269
55 77.2675 59.5699 1.79654
56 79.2723 26.0237 1.87438
57 94.3623 4.55438 2.70356
58 80.3381 29.9622 1.92229
59 78.8972 12.3921 2.64284
60 80.8582 33.6813 2.02468
61 91.3805 11.8077 2.59849
62 37.0215 23.4822 1.93061
63 12.7636 66.9251 -1.13789
64 85.8529 31.4831 1.96179
65 86.8655 63.2683 1.05525
66 78.2532 37.5792 2.33133
67 79.0855 36.3424 2.06499
68 88.3127 59.9267 1.26749
69 99.0656 5.67294 2.82503
70 88.4536 31.9958 2.71388
71 84.9641 15.2026 2.44223
72 78.4228 34.0784 2.43903
73 93.3354 34.7303 1.78977
74 92.7495 8.27924 2.24433
75 73.3199 66.883 1.20946
76 94.6444 7.78772 1.86412
77 91.5644 31.6229 1.77147
78 93.2081 43.566 2.3706
79 80.4483 31.8407 1.78383
80 91.7285 12.8524 2.41418
81 77.1945 36.5422 2.02877
82 65.4343 35.2873 1.60415
83 69.4387 28.6389 2.48186
84 77.2778 57.0805 1.84285
85 91.8395 14.4373 1.87217
86 92.3179 11.6426 2.17154
87 94.1029 30.7293 2.06689
88 79.0284 58.3914 1.53005
89 90.2268 7.2659 1.85849
90 61.87 67.0963 1.64002
91 86.2293 20.373 2.32142
92 92.0261 28.2212 1.92344
93 70.2213 23.551 2.34503
94 91.7514 13.7931 2.69581
95 43.0888 53.7921 1.42105
96 86.4569 30.6693 1.93921
97 88.8036 33.2568 2.74925
98 89.1845 7.75692 2.63524
99 92.1654 28.0323 1.81209
100 64.0897 66.7457 2.28091
101 76.7209 33.6404 2.32633
102 94.2175 11.5961 2.23671
103 80.5802 7.69324 2.82307
104 92.4405 18.1114 1.77272
105 62.688 68.4235 2.05698
106 79.2567 24.6218 2.39219
107 77.3457 14.2539 2.7846
108 89.3009 18.5968 2.49406
109 82.4012 30.4902 2.47657
110 76.33 68.678 1.12981
111 94.0737 35.6206 2.43428
112 57.1452 62.3944 1.63306
113 89.8554 27.7359 2.04155
114 84.1964 34.317 2.53102
115 86.9873 38.6066 2.78988
116 93.0019 3.95355 2.29272
117 83.9452 18.0318 2.21071
118 42.6189 62.6804 2.13174
119 74.2977 27.0291 2.08232
120 78.1162 8.83543 1.91981
121 87.829 73.3041 1.62377
122 89.2699 14.3719 1.82337
123 66.4379 23.0979 1.82862
124 85.07 42.0688 2.35679
125 90.2186 55.5338 0.83019
126 1.12375 19.694 2.16538
127 69.9572 13.2014 2.06901
128 63.2115 66.1417 2.20464
129 81.3763 34.9753 2.65422
130 83.7427 21.5485 2.46272
131 93.8111 10.5569 1.94288
132 94.6673 57.2231 1.04768
133 93.7427 60.6358 1.01835
134 75.972 98.8172 -3.22343
135 92.1973 32.749 2.68676
136 91.542 5.97993 1.90208
137 87.0727 30.6358 2.27529
138 93.8033 13.8298 2.02623
139 80.3238 8.52409 1.98462
140 96.4856 11.9913 1.99129
141 83.3779 59.4035 1.56236
142 71.4447 27.0773 2.0403
143 36.4803 33.4554 0.932921
144 85.3131 31.2375 2.69896
145 81.6355 37.8462 2.26745
146 77.6757 13.2092 2.46329
147 63.9036 72.4264 1.93404
148 93.3022 33.5683 2.54233
149 73.3269 36.1811 2.17752
150 94.6204 11.9899 2.78446
151 32.9577 55.5821 1.55915
152 94.1579 8.75184 2.0529
153 92.0133 19.0379 1.97204
154 9.2992 17.823 2.41538
155 91.7388 62.6447 1.37411
156 42.7035 27.6102 1.85767
157 23.2182 37.9689 2.57195
158 91.4806 68.3827 1.62523
159 36.292 37.2674 1.125
160 62.0762 74.4516 1.7752
161 38.296 38.4091 1.3279
162 75.4686 37.3386 1.57888
163 78.9996 55.5769 1.09709
164 87.7986 64.5123 1.72172
165 69.9126 34.7169 1.7106
166 78.9233 57.504 1.26689
167 94.6374 34.4703 2.67661
168 79.9502 32.8333 2.18244
169 86.9066 63.3017 1.60461
170 36.0281 62.8468 -2.59945
171 87.6703 28.6856 2.10864
172 74.624 9.45575 2.59036
173 95.7235 9.69228 2.48783
174 90.4429 68.0061 1.10511
175 92.8492 52.9884 0.993232
176 88.7508 43.7949 2.03243
177 82.6163 7.3936 2.63768
178 62.8276 65.0398 2.22357
179 85.7063 23.4729 1.99965
180 89.0622 29.2161 2.51227
181 36.9388 32.4749 1.32216
182 81.5322 26.5808 2.15225
183 71.7673 2.67267 2.78888
184 93.0636 28.6538 2.00587
185 90.8093 62.7386 0.850812
186 93.2189 16.3123 1.93286
187 46.1601 60.1078 2.2508
188 66.2649 12.5311 2.73845
189 85.0229 39.7344 2.22254
190 91.8077 67.8051 1.19836
191 88.1134 36.1332 2.01074
192 89.9991 2.88538 2.48362
193 94.6906 24.6008 2.69892
194 88.7863 10.2618 2.5899
195 86.9098 28.9234 1.71458
196 78.9334 5.51657 2.21404
197 92.6538 11.4853 2.59475
198 90.9529 28.2508 1.80998
199 12.6828 59.9079 -1.31915
200 91.2024 30.1752 2.11942
201 91.016 37.9142 1.89376
202 60.0508 66.8075 1.8681
203 39.7105 39.1426 0.706012
204 93.0378 65.8439 1.21662
205 94.9849 34.088 2.03769
206 87.1307 10.7985 2.6917
207 81.4609 15.6298 1.94803
208 67.5913 38.8193 2.01066
209 42.8922 61.5203 2.28763
210 80.382 34.9551 2.11202
211 92.2366 16.0939 1.96342
212 92.0911 59.214 1.10067
213 34.3717 54.1994 2.10618
214 66.3528 10.2263 2.47129
215 81.1208 20.0318 1.90005
216 97.0424 14.6695 1.76857
217 86.3568 27.9729 2.09935
218 79.3215 44.2953 2.48825
219 78.9316 40.883 1.63989
220 92.0653 34.43 2.75184
221 96.9018 24.7452 2.25896
222 92.05 35.8742 2.55548
223 67.7539 69.4379 1.49375
224 54.9913 63.5434 2.15421
225 88.8349 40.92 2.6369
226 8.21079 14.3089 1.91125
227 93.7129 18.1633 2.45707
228 93.2103 12.2289 1.86643
229 95.328 12.9172 2.05395
230 71.7609 12.0669 2.20216
231 82.2733 32.902 1.99849
232 92.393 25.1876 2.28339
233 83.7345 13.38 2.09383
234 80.0184 8.66674 1.92079
235 78.3282 23.9196 2.43373
236 5.74009 11.4604 2.87128
237 87.4205 42.2151 2.72703
238 80.6862 25.8262 2.37172
239 70.8699 26.5334 1.77558
240 84.5938 33.6552 2.43522
241 42.3569 26.199 2.27695
242 95.4362 18.9853 2.06276
243 91.2676 30.1205 2.20503
244 38.3359 39.0904 1.03969
245 94.5943 21.6165 1.91012
246 93.6231 14.236 2.3014
247 90.8961 66.0962 0.988297
248 75.6812 26.9795 1.97061
249 90.2058 5.72101 2.6068
250 82.682 34.5787 2.02629
251 82.8563 40.358 1.92087
252 71.2025 69.5328 1.15075
253 52.5874 64.873 2.20415
254 94.8509 10.7583 1.8438
255 75.6991 35.9702 1.9853
256 95.5481 17.8353 2.35216
257 91.4524 11.4025 2.37303
258 41.6645 30.9731 1.84182
259 79.4999 25.367 1.78955
260 94.8801 70.1549 0.923216
261 75.2673 28.4183 2.31686
262 95.9645 11.8788 2.7667
263 91.4954 24.1993 2.69899
264 63.9232 73.2597 1.11422
265 91.9677 10.2567 2.71212
266 83.0652 5.40992 2.80918
267 84.3432 32.5995 2.51418
268 77.3487 8.75025 2.10737
269 82.1838 35.4216 2.70219
270 81.0912 28.8896 2.62976
271 82.4313 27.9017 1.84995
272 31.054 52.7581 1.60798
273 81.1651 9.97301 2.773
274 86.1442 17.9727 1.98652
275 93.8769 12.3122 2.57773
276 85.1882 3.90838 2.29562
277 91.7665 27.774 2.68774
278 97.0152 82.7553 -3.07005
279 95.6172 19.5452 2.61789
280 82.7871 29.7668 2.0894
281 93.6489 16.1978 2.71928
282 76.8374 26.3641 1.8944
283 98.1535 34.5311 2.32582
284 1.90959 7.22932 2.35738
285 89.5487 31.6766 2.30272
286 69.4385 15.3511 2.26489
287 91.8667 14.2374 2.07494
288 50.6525 55.2192 2.09527
289 0.858519 7.12451 2.80031
290 86.0544 14.792 2.14937
291 70.1159 98.6622 1.78835
292 92.068 60.8951 1.57598
293 83.295 15.7176 2.07368
294 81.5303 24.9972 2.33963
295 86.0324 26.712 1.80073
296 94.8005 29.0265 1.98596
297 1.10731 13.6294 1.16778
298 49.4231 26.5503 0.91355
299 90.9445 37.4575 1.90389
300 86.0653 10.6379 2.67991
301 79.7669 35.4049 1.78909
302 77.0598 7.55908 2.69637
303 93.506 14.8798 1.85396
304 8.93855 69.782 -0.374865
305 83.9724 38.8309 2.40473
306 59.1806 69.5628 1.12621
307 86.6452 38.9298 2.25241
308 76.0032 31.2805 1.6011
309 84.506 17.5341 2.74586
310 62.9759 71.1266 1.31919
311 77.7135 18.8509 2.12629
312 94.0088 22.0717 2.23715
313 36.0145 55.0555 1.87697
314 78.4463 39.206 1.99731
315 93.236 17.9976 1.91699
316 90.9551 27.314 1.98379
317 80.553 30.113 2.35448
318 87.6277 40.1061 2.05337
319 91.2112 37.2158 2.34592
320 91.3504 34.5198 2.50697
321 77.456 39.1565 2.40504
322 93.8156 31.5248 1.76447
323 78.5362 30.9577 2.37579
324 6.76834 37.0367 1.97005
325 97.4285 15.4959 1.86792
326 92.3793 9.97601 1.97477
327 84.0402 11.4021 2.30511
328 97.4301 31.316 1.82904
329 54.4157 58.7235 1.58523
330 34.6301 53.3493 2.0126
331 68.7769 73.3556 2.03614
332 37.7188 54.8458 2.36553
333 92.8563 29.6881 2.20922
334 74.0636 20.3867 2.11188
335 88.999 36.4478 2.29276
336 93.9528 34.0771 2.17024
337 73.3198 24.4084 2.45248
338 96.9052 15.3503 2.45772
339 91.2312 13.1918 2.74366
340 73.857 8.18252 2.4599
341 71.6328 30.0662 2.45013
342 79.2982 32.9526 1.89208
343 95.9195 15.6381 2.4235
344 94.7147 14.0218 2.2787
345 74.8527 63.4574 1.1173
346 73.3697 18.6288 2.10379
347 94.5496 70.5734 1.32779
348 66.4738 13.5822 2.19524
349 91.2797 65.587 1.14037
350 94.1679 18.7219 2.48749
351 36.3791 28.092 2.50791
352 3.15936 81.6834 -2.63696
353 65.6265 68.4356 1.42501
354 87.631 4.53209 2.6145
355 94.4717 7.77093 1.91774
356 94.4736 30.5477 2.65376
357 89.8827 64.4425 1.12454
358 82.3252 29.6694 2.49453
359 80.2177 12.4072 2.49034
360 76.0565 40.7776 2.44336
361 76.8458 1.85766 2.40834
362 85.2344 28.9347 2.61096
363 92.504 11.831 2.69382
364 67.6715 73.905 1.28739
365 88.5381 20.999 2.06429
366 89.6772 29.8266 1.86381
367 93.6807 34.9949 2.8103
368 74.98 10.5543 2.36207
369 39.4377 53.3553 2.081
370 54.4216 66.5155 1.58302
371 76.7629 35.7941 2.40763
372 83.7199 25.0889 2.02951
373 91.2644 32.4715 2.13046
374 81.845 38.0488 2.536
375 94.7068 26.9902 2.54463
376 85.5007 29.4926 2.02851
377 31.5501 55.2888 1.83364
378 85.9818 17.1447 2.4264
379 92.578 37.3564 2.00295
380 93.7258 11.6643 2.64715
381 1.65796 43.598 0.939208
382 87.5818 29.1969 2.22546
383 80.7719 61.215 1.54032
384 92.0693 25.6583 1.80487
385 69.0509 70.9205 2.21256
386 54.833 72.3477 1.95034
387 77.8122 1.92458 2.32629
388 98.3622 12.5657 2.25162
389 80.5092 12.9093 2.20271
390 69.287 31.8936 2.1314
391 77.5326 29.6268 2.43743
392 78.544 9.23383 2.61143
393 96.8746 17.8874 2.38358
394 86.4677 30.6334 1.74582
395 82.1779 30.5406 2.12732
396 79.5836 39.64 1.59294
397 83.9637 33.2446 2.41417
398 35.7416 53.1627 2.01715
399 45.2196 26.5365 2.17602
400 71.7136 25.1646 1.4555
401 41.7204 52.4143 1.26578
402 90.2148 7.40475 2.58113
403 88.5763 28.0204 1.91975
404 88.0787 13.6203 2.74847
405 1.05816 80.6933 -2.91146
406 72.2865 9.22309 2.58324
407 88.9076 31.5719 2.13216
408 80.8443 19.8931 2.64767
409 98.2155 33.8627 2.31317
410 73.7758 27.4412 2.24221
411 85.8265 36.1563 1.7658
412 97.3346 9.1905 1.9767
413 72.8336 27.7215 1.62201
414 95.4291 17.1823 2.35766
415 85.2779 61.8501 1.76238
416 93.3148 28.2771 1.81402
417 71.2168 25.389 1.54033
418 81.9461 35.0661 2.0413
419 75.5192 59.9971 2.00974
420 82.3704 12.9667 2.8005
421 80.1425 33.8052 2.20454
422 78.3457 27.478 2.23919
423 92.1839 31.7944 2.71382
424 77.8933 39.0951 2.28446
425 87.4247 24.7935 2.37899
426 2.16531 31.7078 1.52353
427 81.9029 38.6914 1.79174
428 89.3554 15.2596 2.56215
429 94.7001 13.3421 2.60024
430 34.686 35.125 1.23939
431 94.4197 25.7894 2.04123
432 76.0522 36.9227 1.58697
433 99.5996 32.3545 1.95514
434 86.3022 13.4482 2.16278
435 68.4768 71.2893 1.92332
436 38.0968 34.0437 1.86948
437 80.0276 7.4595 2.6716
438 92.0136 42.9838 2.15699
439 93.4808 36.565 1.81895
440 95.6621 7.33404 2.5693
441 69.535 9.06366 2.9883
442 87.4516 33.8863 1.98129
443 11.7792 62.8066 -1.54258
444 93.8281 23.0139 2.2233
445 89.9088 70.3923 1.34063
446 74.8677 70.7125 0.941652
447 72.8607 15.6683 2.48003
448 84.8134 29.3752 2.1718
449 99.1069 7.88473 2.54875
450 75.3836 31.536 1.62585
451 88.3434 8.31612 2.48551
452 81.992 39.9746 1.67811
453 94.6183 9.3979 2.20296
454 83.4152 36.5579 1.84177
455 82.6097 62.0852 1.02159
456 69.1496 22.3148 1.92536
457 79.4794 25.5853 1.9383
458 82.8733 23.1781 2.30761
459 92.7724 60.5974 0.857007
460 81.0083 9.03353 2.3954
461 59.1827 66.6864 1.75627
462 94.7325 20.7479 1.95582
463 82.932 28.2982 2.27165
464 98.9706 24.1891 2.32273
465 76.5684 29.6711 2.36542
466 96.5351 15.1696 1.94635
467 94.3908 34.0432 2.40011
468 76.213 8.75577 2.32846
469 38.6618 29.9261 1.96167
470 3.72842 78.6393 -2.68231
471 88.0933 15.9374 2.78844
472 95.2164 21.828 2.73628
473 91.9316 27.5698 2.16332
474 15.4234 57.9489 -1.41727
475 74.0413 12.8966 2.16443
476 91.5103 64.5682 1.26546
477 93.6583 12.5322 2.20406
478 71.9154 41.451 2.47676
479 73.6333 62.2056 1.8228
480 79.7086 20.021 2.17578
481 96.6436 30.1973 2.43008
482 89.3531 5.74049 1.71058
483 73.4023 32.275 2.17782
484 77.6838 14.0841 2.51019
485 73.6782 2.54316 2.04606
486 97.0289 10.9786 1.98116
487 96.3272 15.4204 1.84561
488 40.3344 25.5283 1.94436
489 73.0363 60.257 1.38606
490 74.2045 67.9063 1.06762
491 92.3619 12.6878 2.14078
492 94.8654 24.1103 1.95673
493 91.8396 18.1922 2.37245
494 91.7988 9.16793 2.21141
495 84.0211 16.9928 2.50182
496 85.1605 33.1817 2.58585
497 79.5939 34.4069 2.37558
498 98.4289 12.6178 2.3083
499 89.9842 47.7457 2.43234
