500
Particles
0 66.4864 97.786 0.278274
1 12.8771 97.666 2.56156
2 96.1635 92.5706 2.14221
3 59.4724 8.63081 2.17037
4 13.0569 81.2577 1.4448
5 96.3828 1.56338 2.58157
6 51.5513 96.9674 1.54628
7 32.2385 47.5986 0.824107
8 14.9956 5.91855 2.69158
9 15.4875 9.34803 2.25635
10 5.68232 4.51542 2.65159
11 19.0163 44.0837 1.33601
12 55.7757 11.0047 2.46635
13 6.31819 71.7591 0.531879
14 14.6616 83.5315 2.19042
15 21.2693 20.1382 1.81897
16 12.5472 10.7913 2.30081
17 1.50014 59.4687 -2.09527
18 20.065 96.7131 1.86409
19 78.7381 11.0286 -3.41805
20 59.4018 9.8053 1.52557
21 45.6007 97.2337 1.42396
22 99.5143 11.2702 2.80069
23 16.2534 77.3366 1.61895
24 62.6603 13.3545 1.89542
25 92.6619 6.59572 2.32834
26 97.1921 100.017 2.76907
27 18.6316 35.304 2.53832
28 67.6828 99.2652 0.460582
29 11.7721 71.9927 1.04397
30 97.7529 96.6117 2.70477
31 95.8118 11.8788 2.45753
32 60.2604 7.92223 1.62871
33 98.4407 90.2466 2.86289
34 98.558 9.88884 2.41422
35 19.2414 5.88403 2.37187
36 13.0572 47.3237 1.48096
37 52.5616 2.77766 1.43043
38 87.4768 5.07894 2.85345
39 12.4134 78.2209 0.920564
40 0.869883 7.80554 2.83928
41 8.32053 78.5203 0.556418
42 7.95031 10.3926 2.56702
43 62.39 9.69639 1.66455
44 13.8172 1.78247 2.14383
45 9.91363 10.1626 2.90604
46 98.251 11.7173 2.68079
47 1.88086 23.8313 -0.715515
48 1.051 7.87357 3.09471
49 94.2811 2.97007 2.20887
50 26.6544 8.20537 1.91566
51 1.24372 13.9399 3.04086
52 59.3474 12.0848 2.46037
53 13.2547 45.7662 1.06175
54 18.8375 83.5556 2.19284
55 90.1307 15.8526 2.64737
56 21.9544 86.4277 1.95059
57 5.43344 1.7255 2.38823
58 19.112 89.8077 2.74042
59 90.2003 5.853 3.20294
60 23.5601 2.26509 2.19399
61 6.50764 9.54682 3.12058
62 13.6143 4.15575 2.84214
63 10.7723 93.0269 2.51804
64 47.3533 1.5971 0.688848
65 88.7239 18.5466 2.83075
66 22.4776 4.77661 1.88524
67 23.2491 5.90498 2.19973
68 86.8079 14.7605 2.68627
69 10.9565 2.61491 2.99515
70 50.0315 100.153 0.93213
71 96.9419 8.14574 2.58817
72 23.5286 0.900885 2.51575
73 55.5042 2.10199 1.56329
74 3.10981 1.68328 2.53972
75 64.1327 17.487 1.78459
76 6.45245 1.85215 2.53698
77 49.8156 100.161 1.0467
78 97.4669 97.7546 2.37651
79 22.135 92.7557 2.0541
80 2.58777 5.9602 2.72937
81 21.3058 3.91431 2.3717
82 82.1484 8.86884 -3.2939
83 16.5616 89.2796 1.77359
84 93.945 14.4699 2.12109
85 0.786841 4.78381 2.73012
86 2.41132 4.1913 2.95019
87 82.9367 8.77321 3.47837
88 78.7498 11.0503 -2.71885
89 0.92979 2.11402 2.61188
90 60.8535 14.09 1.8314
91 92.5422 9.61734 2.6819
92 83.1201 7.66232 3.59064
93 17.7008 86.1719 2.47057
94 3.21729 6.72135 2.57014
95 60.5134 3.86433 1.95793
96 43.7367 0.552196 1.07436
97 54.5808 3.82423 0.776924
98 -0.154404 0.949431 2.76975
99 73.6498 1.03566 1.52897
100 61.7356 12.4233 2.305
101 21.998 97.7043 1.94608
102 6.60307 5.97526 2.86376
103 96.6187 5.09664 2.82003
104 2.66192 10.6852 2.39237
105 57.9668 15.2092 2.20619
106 20.9857 86.2607 2.2052
107 66.5265 99.0106 0.744698
108 0.981655 11.5977 2.24579
109 24.8992 89.6823 2.53555
110 71.1801 70.3231 -1.37571
111 52.5633 2.07578 1.38678
112 59.0908 8.55466 2.17272
113 54.7772 97.1856 1.3187
114 45.2538 6.48863 1.38456
115 53.5453 9.44212 1.92842
116 4.19128 99.2494 2.34991
117 92.5918 8.74103 2.28755
118 55.6406 10.377 2.32973
119 18.4761 84.9321 1.70161
120 94.0992 7.21012 3.04015
121 17.6761 6.50063 2.58356
122 1.39102 7.28048 2.61239
123 16.5836 95.5168 1.90117
124 1.09398 69.2744 0.450881
125 89.4399 15.0457 2.7419
126 8.87646 15.376 2.90347
127 4.84978 74.2333 0.986126
128 61.5457 13.4915 2.13935
129 66.0372 94.5029 0.584722
130 72.0792 99.7843 0.350031
131 4.83466 4.38354 2.98822
132 97.1728 25.2782 -2.98241
133 95.2662 30.8818 -2.10227
134 94.6917 2.39539 2.3416
135 56.1609 0.799779 0.860222
136 2.16407 1.34455 2.94076
137 52.4433 1.68355 1.28405
138 5.20413 7.92006 2.76764
139 95.8728 7.04085 2.24954
140 8.47035 7.38175 2.22883
141 90.4692 16.1794 2.31211
142 19.6128 89.4119 2.63372
143 12.1013 10.2927 2.9018
144 50.4501 4.89152 1.5358
145 63.9819 97.0195 0.829184
146 71.3556 99.097 0.414067
147 95.8245 89.6873 2.51272
148 67.2907 2.32688 2.26339
149 21.3289 3.20884 2.34844
150 8.98882 9.02998 2.73419
151 59.299 6.39811 2.08297
152 4.36069 1.77245 2.89843
153 0.395996 10.6634 2.39564
154 11.8726 9.85546 2.50834
155 96.8888 32.6863 -2.12463
156 18.8803 6.44973 2.00638
157 6.05753 15.2437 2.42826
158 95.4326 0.476391 2.9302
159 14.2313 17.5166 2.5261
160 98.2266 93.7351 2.60209
161 10.0054 13.9127 2.90932
162 22.8523 9.31601 2.15703
163 86.2879 11.8353 2.68305
164 67.9736 40.7474 2.65069
165 19.376 4.62043 2.54762
166 82.4022 11.1429 3.439
167 58.1267 4.03697 1.23506
168 21.8019 95.9521 1.96616
169 65.4973 11.1098 2.25844
170 1.03294 89.2065 1.85346
171 50.6819 97.0655 1.67422
172 62.6223 98.3859 0.740402
173 10.1592 7.66734 2.32415
174 95.7303 0.388643 3.0504
175 94.6725 14.9759 2.408
176 17.9698 21.1259 1.50159
177 98.4989 6.4719 2.56349
178 63.7091 12.01 1.9311
179 67.6655 98.9957 0.86045
180 55.2281 97.834 1.48378
181 14.8341 9.80981 2.1697
182 22.9738 86.5765 2.22439
183 79.0831 0.0987278 -1.95066
184 86.4837 9.00472 3.23757
185 92.8623 32.4254 -2.02767
186 3.74673 9.67986 2.41304
187 60.413 7.7985 1.54881
188 14.0459 89.9928 1.75693
189 98.3589 94.4947 2.70297
190 95.1734 99.8647 3.09273
191 51.5027 5.7891 1.60241
192 1.36108 0.885961 2.55581
193 97.487 12.4461 2.70572
194 0.0288009 2.93138 2.72429
195 47.9473 98.6777 1.48329
196 95.9606 3.93851 2.13647
197 3.66654 5.55521 2.66537
198 82.3336 8.08791 -2.73216
199 96.6566 2.99671 2.24648
200 52.7465 99.9522 0.802588
201 7.7069 71.1024 0.796452
202 60.3583 12.9721 2.11107
203 13.0397 17.5011 1.96092
204 97.3014 99.5934 2.80835
205 57.7053 2.06949 1.28602
206 -0.103581 5.74202 3.09223
207 92.0058 8.28488 2.45784
208 88.312 11.076 2.94954
209 59.0002 9.89361 1.81998
210 23.5167 100.144 2.17159
211 1.66221 8.97097 2.89362
212 95.4136 26.2078 -2.37364
213 63.8916 4.98203 1.97178
214 13.3015 90.4969 2.09329
215 59.5277 97.8541 0.618671
216 9.03391 12.2536 2.21142
217 48.8054 96.6332 1.01961
218 4.71578 18.7824 2.42483
219 3.43516 59.0949 -2.28912
220 56.0375 2.39068 1.24487
221 2.52888 14.8194 2.70904
222 52.5508 3.13363 1.47574
223 58.4961 19.5419 2.69356
224 60.2866 9.10959 2.27339
225 18.6298 44.4473 0.825624
226 12.6507 8.71805 2.15451
227 3.35353 10.0586 2.5211
228 4.7065 5.36593 2.28146
229 7.55705 8.8136 2.59747
230 6.98241 73.5324 0.36251
231 27.6155 0.932508 2.63388
232 94.0376 12.1009 2.16419
233 96.7517 7.40631 2.96999
234 94.3553 4.74373 2.15233
235 20.3266 83.1035 2.48042
236 12.3029 7.01547 2.27819
237 -0.210772 94.5388 2.42799
238 20.885 83.4873 2.0059
239 15.4384 85.4783 1.58956
240 49.7504 5.87363 1.42729
241 14.1552 2.15063 2.52386
242 3.12272 11.913 2.81816
243 55.1079 98.9039 1.44794
244 12.3554 14.8443 2.34978
245 2.40749 13.3543 2.21244
246 4.98386 6.91137 3.01004
247 3.67704 78.9132 0.537133
248 17.8109 87.6783 1.96026
249 1.37511 99.9068 2.26967
250 14.9958 38.4449 2.4462
251 94.7019 94.2472 2.58722
252 30.4626 45.9451 0.393618
253 59.131 11.1517 1.91057
254 4.94991 5.15939 2.67365
255 21.5171 3.43551 2.69143
256 5.23726 12.4282 2.82263
257 4.24271 5.90228 3.22827
258 16.2559 6.70523 2.42035
259 22.6983 85.3673 2.24042
260 97.9147 1.83802 2.47103
261 20.5961 88.4671 2.56552
262 9.98137 10.9545 3.0072
263 95.2786 12.5542 2.15863
264 98.1133 90.0809 2.07626
265 1.76559 2.19471 3.21161
266 98.9749 4.62747 2.61125
267 46.0907 2.75072 1.69096
268 96.0219 9.62309 2.31554
269 17.9011 37.7475 2.01459
270 21.9395 90.2234 1.83873
271 24.3524 86.6448 2.6467
272 63.3284 5.08246 2.47814
273 94.5952 4.35523 2.89288
274 97.539 9.28388 2.20036
275 5.52449 6.94115 2.96727
276 98.8951 3.00851 2.16013
277 63.1902 99.6232 0.57285
278 10.0502 96.992 2.70012
279 4.27405 14.1129 2.688
280 20.398 88.0994 1.77127
281 3.40637 6.86033 2.69931
282 20.0958 85.187 2.66408
283 54.5346 8.52463 2.02014
284 9.90768 1.54457 2.51593
285 52.3017 100.3 1.07108
286 3.70761 77.2034 0.456255
287 2.72674 8.10077 2.28245
288 69.6338 5.80248 1.89935
289 10.0385 0.965592 2.21091
290 98.8397 10.2484 2.41623
291 15.0725 98.9072 2.71584
292 64.5019 9.83977 1.75851
293 96.4126 9.5917 2.71006
294 20.7272 83.2175 2.09377
295 8.16789 19.9608 2.29985
296 88.3959 10.2662 3.29771
297 10.9172 10.1436 2.65189
298 17.2654 1.16309 2.76932
299 54.425 4.2157 1.16777
300 -0.136376 4.88518 3.28539
301 23.0933 1.93266 2.18914
302 90.8336 4.41442 2.24561
303 4.36102 8.64809 2.63941
304 12.0264 95.784 1.77869
305 97.1061 95.4222 2.50755
306 17.376 45.1244 0.990214
307 98.31 93.1008 3.02857
308 20.5578 89.0004 2.38386
309 96.8189 11.9031 2.24811
310 20.7215 44.3966 1.56732
311 9.64262 75.5689 0.652566
312 0.800305 12.0539 3.01632
313 60.4332 6.0005 2.04155
314 12.5078 18.3255 2.56859
315 1.85756 9.11258 3.00345
316 55.7275 99.0227 0.955983
317 21.7281 92.5379 2.61764
318 54.8215 11.9084 2.33263
319 51.7318 4.93496 1.67967
320 53.2053 1.98359 1.47682
321 3.27611 57.1863 -1.95113
322 55.9431 100.037 0.73376
323 21.7274 93.2218 1.82591
324 2.57931 96.4762 2.48711
325 9.17518 11.4776 2.43248
326 3.46724 2.13214 2.98417
327 -0.256864 7.5416 2.96545
328 85.3772 9.15794 2.86441
329 64.3991 5.935 1.58037
330 60.638 4.83173 1.51907
331 84.2109 56.7622 2.11057
332 61.2799 6.29038 2.24478
333 78.8386 5.83506 -3.24291
334 13.8263 81.044 2.18196
335 50.7287 4.78854 1.64338
336 55.5769 1.44263 1.48083
337 15.7416 84.1193 2.23358
338 7.483 11.3007 3.037
339 3.41195 7.27976 3.05882
340 43.8657 98.5063 1.60795
341 16.1902 89.8658 2.16118
342 21.8416 96.4181 2.4277
343 6.47398 12.4452 2.50757
344 6.56925 8.20262 2.55864
345 64.0922 9.6226 2.23671
346 9.28109 80.714 0.676207
347 96.7536 1.3661 3.09693
348 14.4349 89.2186 2.52431
349 96.416 97.1679 2.25231
350 2.72019 12.4296 2.55714
351 17.2534 8.40652 2.10656
352 12.6429 98.5312 1.91598
353 60.7726 16.2449 2.34258
354 1.10686 2.93395 3.06775
355 6.90366 2.3104 2.43319
356 71.6875 2.52507 1.75403
357 2.82786 33.7243 -0.906075
358 23.5811 91.6704 2.47761
359 93.6049 8.14284 2.77455
360 16.0819 13.6778 2.54471
361 91.9874 2.36398 2.81629
362 48.0701 100.08 0.875551
363 3.9133 4.5612 2.45778
364 98.9453 92.352 2.50378
365 98.9704 14.6585 1.97278
366 51.8406 99.3661 0.835464
367 57.4221 2.8704 1.07067
368 71.1357 98.6908 0.193183
369 68.7598 5.53892 2.02969
370 56.9021 12.5428 2.0804
371 22.7803 3.64578 2.12991
372 21.8414 82.3441 2.65478
373 52.9671 0.931213 1.10594
374 98.0334 94.0047 2.13648
375 96.0529 13.4474 2.05979
376 25.1155 87.8254 2.08693
377 57.8875 6.05382 1.30735
378 97.9153 11.559 2.95889
379 56.0308 4.6483 1.57341
380 7.01084 7.62105 3.08351
381 -0.437837 98.098 2.84317
382 47.9626 97.7418 1.62808
383 73.6742 11.8092 -1.43323
384 93.0061 10.2279 2.24719
385 24.9099 43.8145 1.27689
386 12.8971 46.522 1.45847
387 96.34 3.67421 2.94679
388 10.2265 10.1026 2.61793
389 91.4719 5.43342 2.56932
390 19.199 99.4835 2.32126
391 19.6123 88.4905 1.70468
392 91.1406 2.53846 2.17551
393 6.23722 13.2486 2.16143
394 48.4079 100.373 1.386
395 23.8939 93.3655 2.03356
396 4.08214 56.8118 -2.6444
397 52.4105 9.28174 1.72782
398 64.0643 5.10763 1.6059
399 17.4957 4.31881 2.97909
400 15.1398 84.7384 2.36576
401 84.0928 12.5877 3.0627
402 1.88094 2.91693 2.91036
403 48.084 96.5849 1.31408
404 0.879077 7.94594 2.60763
405 12.4109 98.3562 2.74968
406 4.66848 72.5999 0.702679
407 49.7151 99.1722 1.57381
408 59.6409 98.3491 0.787245
409 56.7658 1.34959 1.17774
410 12.2145 84.4871 2.31585
411 47.0455 7.77042 1.38719
412 11.2621 4.17096 2.26319
413 18.3271 87.6131 2.10287
414 5.70403 13.4249 2.70626
415 64.3125 9.34247 1.88131
416 88.9396 9.89087 2.55791
417 15.3465 87.0597 1.75314
418 24.6795 99.9053 2.08082
419 76.5449 12.9634 -1.92512
420 94.8281 7.83836 2.58948
421 20.5365 97.6177 2.83238
422 21.8142 88.1603 1.72025
423 54.1512 0.660844 1.70496
424 17.7042 20.255 1.76562
425 50.0182 95.8263 0.934787
426 55.5988 6.4138 1.80075
427 93.2493 96.3026 2.77224
428 3.16506 11.1027 2.3574
429 8.34644 11.0635 2.27991
430 11.2237 11.6121 2.68335
431 97.8038 14.057 2.24729
432 21.9562 5.50699 2.47423
433 61.2755 4.15186 2.17932
434 98.8307 7.92672 2.77049
435 97.5142 90.6109 2.73186
436 13.4432 9.81912 2.49374
437 96.3001 4.55757 2.8144
438 10.9585 73.3673 0.772335
439 56.2254 3.48578 1.12749
440 7.17079 2.65201 3.0504
441 2.78607 70.2838 0.577881
442 49.5641 0.570918 1.74858
443 99.1187 1.8684 2.89264
444 0.690065 12.7377 2.86237
445 94.6241 98.8745 2.95219
446 99.4407 63.2589 -2.90359
447 7.28652 76.2242 0.991634
448 25.8042 25.7136 1.51899
449 9.41387 1.96792 2.39324
450 18.2079 90.6281 2.42669
451 1.71136 3.37727 3.04709
452 95.8106 97.01 2.49046
453 9.14224 8.13548 2.94346
454 63.7255 96.0169 0.611718
455 82.4273 13.8194 2.52638
456 10.1553 82.0844 1.35571
457 19.2962 82.502 2.494
458 29.7737 9.12824 2.10603
459 92.8011 19.501 2.66946
460 95.2869 4.41451 2.38905
461 60.9496 13.6167 2.30103
462 2.71257 13.3719 2.76396
463 23.9957 88.3472 2.11451
464 3.7859 14.8368 2.87695
465 21.3517 91.7004 2.31276
466 7.29676 10.7795 2.32208
467 53.052 1.85768 1.41903
468 92.1166 6.61626 3.134
469 16.0795 8.96867 2.20574
470 14.444 96.3077 1.80965
471 2.49169 11.4224 2.33465
472 2.17656 13.4491 2.81263
473 58.5711 99.0166 1.2747
474 23.3941 21.3828 1.4698
475 5.73707 74.1715 0.912544
476 3.1886 33.1016 -0.753092
477 2.11974 4.45171 2.31952
478 94.5884 15.0656 2.36752
479 65.4405 8.48983 2.38181
480 22.2063 81.6806 2.49022
481 89.4019 10.8166 2.83209
482 2.14308 2.70103 2.54041
483 18.4714 93.5498 2.65677
484 85.9726 4.44003 2.98905
485 89.8426 3.01639 2.53897
486 10.6032 6.11166 2.84656
487 8.6746 12.4589 2.06948
488 17.4128 6.78141 2.64699
489 84.6639 12.9462 2.53491
490 30.2615 45.5097 0.354317
491 5.85393 7.88425 2.98912
492 1.82485 14.4485 2.74297
493 1.63739 10.9106 2.1644
494 4.75114 5.89806 2.92608
495 94.8301 9.0305 2.3451
496 50.4367 6.07576 0.842933
497 18.8817 17.7425 1.33524
498 11.2834 9.8171 2.88791
499 3.1933 20.2729 0.499337
