500
Particles
0 62.0034 17.4043 2.72122
1 91.4442 91.22 2.05243
2 78.78 57.975 2.02334
3 55.9341 79.9403 1.37976
4 64.207 37.5106 2.73072
5 91.3711 88.9804 1.86107
6 78.7731 42.5269 2.69262
7 69.0095 87.3709 2.33591
8 44.4277 42.8744 0.988399
9 13.0361 99.5726 -0.198593
10 81.1083 21.8629 2.41571
11 75.1255 50.12 1.98643
12 80.9059 56.2593 1.90659
13 62.536 22.8944 2.42598
14 67.1482 40.6238 2.68892
15 63.4286 25.9794 2.22472
16 97.1123 31.1209 1.80143
17 70.4569 55.3847 2.1304
18 66.8565 49.2524 1.94825
19 30.6324 66.0699 1.8781
20 55.8458 81.6474 1.99994
21 76.8965 40.4963 2.38671
22 80.3776 32.9731 2.32687
23 62.7177 29.8107 2.3027
24 63.2347 83.9621 1.9716
25 69.5289 26.3399 2.36422
26 94.5478 83.6466 1.56691
27 74.4302 47.9636 1.724
28 76.5133 37.9763 2.42208
29 81.5519 54.7774 2.10737
30 45.9041 84.5757 1.22791
31 76.3726 33.8684 1.858
32 23.0684 71.9867 1.82272
33 60.0646 89.1914 2.03885
34 70.6021 24.1266 2.62051
35 62.2701 50.2525 1.9736
36 55.3337 90.5363 1.96217
37 83.5981 51.4955 2.30721
38 71.5417 31.8049 2.25718
39 62.9449 30.5445 1.66284
40 73.9674 23.6577 2.66553
41 61.1417 30.1209 1.80172
42 82.7618 23.2565 2.2698
43 57.7443 81.0196 1.80423
44 92.5813 92.7463 1.86261
45 86.6784 26.104 2.05791
46 72.7926 28.2468 2.1596
47 92.3706 78.9619 2.06522
48 79.032 27.1409 1.95503
49 65.3694 13.554 2.06929
50 72.0451 51.7424 1.95794
51 83.0701 34.5295 2.48721
52 58.0806 82.548 1.77997
53 57.2565 90.7655 2.01705
54 67.7953 38.0938 2.27215
55 76.6721 76.9715 1.87419
56 69.3838 40.1872 2.33088
57 82.0671 16.3912 2.66371
58 70.0703 43.8372 1.89867
59 67.5385 25.4728 2.71158
60 71.3336 47.9655 2.46824
61 78.6003 23.1405 2.93649
62 42.8484 37.4018 0.670163
63 22.3263 52.5652 -1.52038
64 74.8984 45.0325 1.89012
65 89.7819 80.0894 1.32199
66 68.8746 51.9778 1.9729
67 70.8408 51.3283 2.54796
68 93.0324 76.4494 1.63239
69 91.2116 21.3194 1.8605
70 77.6143 45.4356 2.45146
71 72.3752 26.7389 2.59651
72 68.7058 48.1031 2.27418
73 84.7815 49.6009 1.9303
74 79.6345 19.7628 2.59402
75 70.9318 83.9277 1.72578
76 81.9631 19.4216 2.92726
77 80.9229 45.1042 2.10155
78 85.1654 58.6987 2.02023
79 70.056 45.3411 2.21076
80 79.7197 25.3254 2.42513
81 69.881 52.1337 2.40204
82 56.5831 50.0178 2.02073
83 59.6705 42.7276 1.69443
84 75.3604 74.2447 1.74335
85 79.1001 26.0379 2.48708
86 79.2923 23.0039 2.50639
87 86.1984 46.2573 2.60097
88 78.2795 75.6277 1.40669
89 78.4729 19.8104 2.13563
90 60.9651 83.8441 1.81622
91 75.6888 33.7728 2.33596
92 82.2357 42.3801 2.58977
93 59.4305 36.8858 2.32129
94 79.242 25.5122 2.88389
95 35.643 69.2843 2.38355
96 76.7399 44.732 2.28245
97 79.9569 47.9781 2.1681
98 76.3026 19.3198 2.64443
99 81.5262 41.5686 2.32438
100 61.9263 83.6149 2.24135
101 67.3235 47.9952 1.65083
102 81.0434 22.7011 2.86556
103 70.2164 21.4259 2.4904
104 79.7914 30.0042 2.87424
105 60.2498 84.8368 2.30115
106 67.7762 37.4687 2.50929
107 66.2729 27.4211 1.97635
108 77.077 31.1133 2.60212
109 72.2523 44.5784 2.29168
110 73.1951 85.3743 1.86861
111 86.7692 51.1775 1.81588
112 56.5375 79.63 1.72495
113 77.7591 40.0022 2.46444
114 76.6169 49.707 2.57333
115 79.2657 53.9822 2.1357
116 81.6982 17.0613 2.22913
117 71.9167 30.3514 2.6261
118 44.3268 79.7659 1.38276
119 64.5824 41.1856 2.04999
120 67.5938 22.3514 2.01732
121 80.3759 87.5771 2.4114
122 77.5021 26.993 2.26517
123 57.0212 37.2202 2.36353
124 76.4213 57.0611 2.19757
125 92.69 72.5749 1.40282
126 94.5545 34.153 1.71704
127 55.9755 23.3848 2.25367
128 61.4186 83.3062 1.75833
129 72.9367 50.0802 2.0142
130 72.7311 34.5143 2.04839
131 81.0067 21.6852 2.70527
132 6.61511 67.346 -0.0870868
133 98.4046 76.8267 1.68393
134 60.1078 95.7487 2.28808
135 82.2242 46.8021 2.07054
136 79.5318 18.1268 2.23756
137 76.9104 44.5717 2.30863
138 81.3667 25.7486 2.13855
139 69.5278 21.8985 2.41181
140 83.4127 23.3034 2.67208
141 82.5151 76.4525 1.93245
142 60.6748 40.4751 1.87839
143 31.1913 49.4049 1.40348
144 77.2028 46.4009 1.94957
145 72.5863 52.475 2.38858
146 66.1012 26.0248 2.22422
147 60.9846 89.388 2.02304
148 84.6764 48.2804 2.52266
149 65.2093 51.3136 2.19075
150 81.835 23.7511 1.98148
151 25.0546 70.6082 1.66103
152 81.0425 20.0011 2.5278
153 80.5776 31.9534 2.16773
154 97.6247 27.8852 2.26522
155 96.308 79.2091 1.51684
156 49.3063 42.3821 0.537965
157 24.6072 40.3768 -2.08973
158 93.5086 85.0555 1.6521
159 31.7625 53.5253 1.75234
160 59.7551 91.4406 1.9242
161 34.2109 54.635 2.68212
162 64.856 51.0346 1.97528
163 76.4118 72.6741 1.94447
164 90.5101 81.1242 2.24903
165 61.2643 49.5651 2.21251
166 77.0813 74.7206 1.47374
167 87.69 50.1811 2.29799
168 70.4674 47.1936 1.99482
169 87.364 80.4191 2.06111
170 29.5721 74.7101 1.1446
171 76.6443 41.5949 2.69316
172 63.4995 22.4948 2.34673
173 83.5196 21.7356 2.19576
174 92.225 84.8953 1.81745
175 95.2641 69.5725 1.50292
176 79.1168 58.2725 1.80707
177 71.9163 20.8054 2.6317
178 59.4516 81.8108 2.14599
179 75.6035 37.4189 2.33427
180 78.7528 43.3156 1.98033
181 33.5692 49.4185 1.46052
182 70.5346 40.0779 2.53592
183 58.6908 14.0783 2.58761
184 83.2732 43.0807 2.61431
185 93.8894 79.3957 1.83842
186 82.1601 29.9084 2.35395
187 47.0929 76.9929 1.88483
188 51.8802 22.145 2.72533
189 76.0005 54.6536 1.77935
190 93.4896 84.7326 1.27206
191 79.3099 50.8054 2.29365
192 77.9033 15.2326 2.96205
193 84.0133 38.0026 2.21703
194 75.6496 21.7762 1.93488
195 77.7482 43.4838 1.78905
196 67.0622 18.0058 2.89969
197 79.6855 22.8779 2.3906
198 81.155 42.0926 2.31294
199 8.36574 45.0484 -2.52407
200 81.974 44.2758 2.2219
201 81.8344 52.2476 2.6713
202 58.7688 83.8242 1.8236
203 36.3527 55.7176 2.20797
204 95.7373 82.3713 1.52276
205 86.8688 49.1154 1.89128
206 74.6485 22.7001 2.43778
207 70.2909 28.7952 1.93932
208 59.033 53.7431 1.66236
209 44.6585 78.4057 1.15446
210 71.854 49.9194 1.77214
211 79.8476 28.2592 2.47507
212 95.6495 76.0535 1.38344
213 25.7725 68.1198 1.00587
214 53.4737 20.747 1.88842
215 69.7384 33.1373 2.54999
216 85.8962 27.9197 1.95129
217 76.2454 41.9885 2.37501
218 71.8435 59.9727 1.99167
219 70.2815 55.707 1.80768
220 83.7575 49.6651 2.06378
221 85.9883 38.3351 2.69062
222 83.4528 50.8329 1.93874
223 65.4641 86.5465 2.25483
224 54.4029 80.4528 2.00186
225 80.0651 56.0401 2.55274
226 0.0941037 24.3252 1.78077
227 83.4279 32.1013 2.23295
228 81.0208 24.2295 2.04042
229 84.1074 26.0168 2.47601
230 60.6949 24.7402 2.60555
231 72.7309 47.2679 2.30537
232 81.5099 38.404 2.48251
233 72.1281 25.8555 2.47104
234 68.8573 21.8759 2.67033
235 68.2902 37.8891 2.69665
236 95.6695 24.98 2.10306
237 78.1016 56.632 2.20392
238 71.4087 40.3312 2.30205
239 61.6261 40.8426 2.57968
240 75.3096 48.3621 1.69435
241 47.5464 41.0302 0.654736
242 83.6715 31.6833 2.19713
243 82.1048 44.918 2.35655
244 34.0191 55.6314 2.15692
245 82.2465 33.7279 2.68912
246 81.1079 25.8664 2.69627
247 93.1254 83.0318 1.59814
248 65.262 40.8293 2.73616
249 78.0536 18.2238 2.30726
250 72.8239 48.7036 2.30681
251 74.7555 55.6434 2.51187
252 66.8689 86.1422 1.89618
253 50.1672 81.6235 1.27501
254 81.4138 21.6226 2.64477
255 67.1168 50.9409 2.37119
256 83.4378 29.7428 1.95238
257 78.2038 22.1316 2.95986
258 47.6804 46.632 1.23477
259 68.0136 37.9207 2.5281
260 95.4664 86.8506 1.63188
261 65.0204 42.2971 1.78052
262 84.3524 24.4405 2.28209
263 80.8023 37.813 2.06046
264 60.8918 89.9984 2.04718
265 79.8713 22.1463 1.96484
266 72.2638 18.933 2.73053
267 76.1171 47.7991 1.8914
268 67.4492 22.3798 2.16017
269 73.3089 50.255 2.10924
270 71.0228 42.8913 1.83247
271 70.3967 40.5341 2.23034
272 23.9321 67.3234 1.35261
273 69.8352 23.2146 2.12983
274 74.2436 30.3296 2.28093
275 81.92 24.6495 2.83417
276 73.9571 16.7271 2.07793
277 81.7132 41.7023 2.33511
278 83.7977 90.5539 1.98159
279 84.1933 32.6987 1.81686
280 72.8845 44.0491 2.23685
281 81.1363 28.1344 2.43437
282 66.0624 39.928 2.34158
283 89.9826 49.1808 2.66986
284 94.5225 20.9841 2.24648
285 80.8338 46.6504 2.14782
286 56.8271 26.8755 2.30355
287 78.838 25.5308 2.46106
288 40.2971 65.4612 0.889931
289 91.4105 21.5674 2.38575
290 73.5372 26.8535 2.5846
291 59.1145 10.9402 2.4948
292 95.7146 77.6478 1.93471
293 71.2363 28.022 2.73847
294 70.2676 38.0442 2.57182
295 75.5984 40.7762 2.56456
296 85.1361 42.9329 2.47845
297 94.2761 29.6992 2.13331
298 54.2972 41.3467 0.750302
299 81.343 51.7652 2.20259
300 74.3698 23.0705 2.39466
301 70.9557 50.2927 2.04564
302 65.41 20.3959 2.37318
303 81.1848 26.9951 2.15655
304 19.2938 55.94 -1.15013
305 76.0277 54.1109 2.17971
306 57.1695 86.3101 1.45735
307 78.6265 54.1349 2.49958
308 65.6772 45.2262 2.59454
309 72.4268 29.7857 1.85313
310 62.1516 88.1328 1.91338
311 66.0915 31.6978 2.38566
312 82.29 34.8374 1.8685
313 27.8322 69.9657 2.05742
314 70.4091 54.5513 2.29285
315 81.4027 30.5176 2.64656
316 80.9468 41.2089 2.52368
317 70.1069 43.8438 2.38569
318 79.5367 55.2576 2.05977
319 82.3829 51.9856 2.06113
320 83.0084 49.5716 2.15351
321 69.9988 54.618 1.88544
322 85.4735 46.6057 2.66121
323 68.6011 44.5562 2.31673
324 7.24947 40.8961 -2.123
325 86.4614 28.403 2.39029
326 79.5642 21.7852 1.99461
327 72.076 23.6942 2.6798
328 89.5734 46.437 2.61732
329 54.3629 76.0665 1.43485
330 26.0427 68.1681 1.85257
331 67.0708 90.4902 1.89873
332 30.5235 70.1755 1.32055
333 83.7031 44.2854 1.90457
334 62.48 32.899 2.27175
335 80.1645 51.2275 2.10041
336 86.9014 49.7079 2.0488
337 62.7104 38.0765 2.07025
338 87.623 29.9939 1.85468
339 77.7604 24.2615 2.32719
340 62.0376 20.6179 2.02088
341 61.6515 43.9527 1.88888
342 69.8572 47.5034 2.31193
343 83.7226 27.5156 2.72126
344 82.6564 26.0652 2.1517
345 71.7734 80.407 1.77577
346 61.8458 31.1793 2.38138
347 95.9096 87.3341 1.28555
348 53.4326 24.9231 2.07325
349 93.0499 82.5719 1.86201
350 80.9459 29.8037 2.2901
351 34.4862 44.97 1.20703
352 95.6878 90.4408 1.6088
353 63.1385 85.1635 2.46052
354 75.8811 17.1731 2.82203
355 81.7623 19.2801 2.76185
356 87.0479 46.1953 1.70508
357 91.9296 81.2226 1.99244
358 71.9897 43.4558 1.92341
359 68.8624 25.5555 2.68832
360 66.9063 55.5162 1.51503
361 64.436 13.6156 2.18385
362 74.2648 42.1768 2.57572
363 80.3876 24.2961 2.11151
364 63.9623 90.3989 1.71146
365 76.7373 33.8488 2.40739
366 79.0589 43.3864 2.02819
367 85.1429 49.9935 1.71549
368 64.6259 24.4534 2.14448
369 31.9128 68.9227 2.49281
370 53.3203 83.5162 1.27345
371 68.4909 50.3456 2.54309
372 72.2182 38.04 2.03389
373 82.1548 47.243 1.94696
374 72.6849 52.7125 2.46902
375 84.7947 41.3521 2.2336
376 74.6595 42.9687 2.42621
377 23.4386 69.995 1.04156
378 74.3866 29.6875 2.40446
379 85.2969 52.6773 2.21967
380 81.9878 23.7546 1.97882
381 4.35529 44.2837 -2.0435
382 77.1224 42.6364 2.26309
383 80.0699 78.2769 1.24566
384 79.8109 37.5446 2.56403
385 66.4279 87.8161 2.28866
386 54.0304 89.3255 1.08131
387 65.1927 13.4212 2.16068
388 87.3975 25.8345 2.62118
389 69.1616 25.9021 1.92939
390 59.4214 46.0698 1.76537
391 67.7219 43.6832 2.10932
392 69.3592 23.7526 1.96301
393 85.8723 30.8482 2.76293
394 77.3686 45.1768 2.72913
395 72.0024 44.5104 2.68082
396 71.8577 55.0518 2.2654
397 74.4381 47.5531 2.33569
398 27.4334 67.8662 1.16352
399 51.0292 41.2222 0.821267
400 60.9992 38.677 2.24925
401 35.0831 68.3165 2.49816
402 77.1275 18.5297 2.64903
403 78.7884 42.0014 2.22016
404 76.0726 25.8881 2.10133
405 93.1682 90.6151 2.09521
406 57.7061 18.6867 2.46887
407 79.5273 46.1875 1.95494
408 70.2675 33.5016 2.35889
409 89.155 48.6076 1.98817
410 63.9309 41.6571 2.66465
411 75.295 49.904 2.61792
412 85.0844 21.2614 2.79936
413 62.9835 41.9513 1.84106
414 84.567 30.5606 2.18382
415 86.8763 78.787 1.49201
416 84.3082 42.8143 2.08695
417 60.779 39.0365 2.06551
418 73.8606 50.2871 2.10104
419 73.699 77.0511 1.6865
420 70.4357 25.6971 2.37004
421 71.1703 48.3534 2.07114
422 68.2313 41.4007 2.55578
423 82.8413 46.3358 2.37656
424 70.9244 54.5171 1.68178
425 75.6312 37.4132 2.08649
426 0.353327 42.0511 -1.7447
427 72.959 53.5144 2.14614
428 77.1926 27.3967 2.36115
429 81.9662 24.8926 2.06267
430 30.1988 51.3394 1.5528
431 84.323 39.8895 2.27382
432 67.6441 51.9784 2.16832
433 92.2101 47.5189 1.85737
434 74.2171 25.4747 2.61483
435 65.6989 88.2174 2.16096
436 34.4679 50.7141 1.84077
437 69.1577 20.7264 2.33406
438 83.4339 57.7604 2.15037
439 85.9495 51.8617 2.00099
440 83.9872 19.9075 2.31163
441 55.6736 19.5188 2.51068
442 79.0187 48.8767 2.62464
443 7.48591 47.6238 -2.16875
444 82.4022 35.8446 2.24569
445 89.5795 87.4852 2.0956
446 71.1363 86.9825 2.31707
447 60.5771 27.599 1.95963
448 74.9821 43.4501 2.26607
449 88.3861 21.2793 2.56959
450 64.8909 45.3557 1.80711
451 76.3472 20.8035 2.11841
452 73.4816 55.0496 1.64119
453 81.7623 20.8029 2.20275
454 74.9411 51.1495 1.96213
455 82.619 79.113 1.25223
456 59.7161 36.2672 2.58342
457 69.1977 39.5295 2.38867
458 72.5755 36.8988 2.32255
459 96.2022 77.2981 1.43505
460 70.938 23.0004 2.01983
461 57.8737 83.8346 1.45311
462 82.5978 33.075 2.12825
463 72.547 42.17 2.42894
464 90.0683 38.634 2.15654
465 66.0204 43.4161 2.60625
466 84.098 27.1872 2.62887
467 86.7891 49.3466 2.47022
468 65.3657 22.1236 2.48098
469 36.9309 46.7216 1.58699
470 7.89023 81.9776 -0.174253
471 75.0204 27.2599 2.23567
472 84.2363 35.271 1.8902
473 81.5179 41.3433 2.34806
474 11.6278 43.0647 -1.56303
475 61.8701 25.1335 2.11302
476 92.7974 81.4991 1.86081
477 81.2724 24.5264 2.73134
478 61.5308 55.3168 2.26132
479 70.828 79.0157 2.12741
480 69.0542 33.2296 1.88862
481 89.0264 45.7208 2.06066
482 77.5644 18.343 2.59914
483 64.7464 47.0332 1.80509
484 65.1926 25.9061 2.04238
485 60.845 14.1517 1.99307
486 84.4636 23.0126 2.28793
487 83.7285 27.0052 2.81638
488 45.4826 39.7877 0.989291
489 72.236 77.5975 1.21529
490 71.5174 84.8705 1.73056
491 79.0512 23.913 2.24764
492 84.2087 37.3322 2.2157
493 80.1853 30.8946 2.64275
494 78.4848 20.121 2.91898
495 72.0281 29.3294 2.0087
496 75.4074 47.0683 1.83685
497 71.8942 49.7796 1.92458
498 85.2034 23.7425 2.52905
499 81.5252 62.4238 1.83612
