500
Particles
0 37.0846 38.9916 2.3489
1 66.2737 34.3296 2.40765
2 46.6055 75.5338 2.90974
3 59.429 69.7331 1.83633
4 80.729 31.4275 1.48513
5 44.3465 33.9619 2.40029
6 45.7116 57.0816 1.5493
7 68.9648 78.4323 2.19366
8 66.1812 40.5264 2.01194
9 66.7335 43.6317 2.29336
10 56.9 40.5853 2.58502
11 46.7165 73.2736 2.57408
12 46.1865 70.3291 2.63341
13 84.5547 23.4867 1.41782
14 81.9217 34.736 2.00521
15 93.8901 27.0162 2.25016
16 62.95 44.1079 2.47503
17 74.1461 51.046 2.12208
18 78.6972 41.227 1.70275
19 58.8152 64.6456 1.94548
20 59.1394 70.3945 1.11764
21 36.215 55.1211 0.839264
22 52.8916 50.2788 1.88429
23 84.8164 27.6403 2.07053
24 61.1399 73.729 1.53205
25 42.996 42.3664 2.01572
26 43.6785 29.306 2.60072
27 35.7954 70.9455 -3.24294
28 42.6683 49.1359 2.10118
29 15.347 25.7571 0.963612
30 52.3187 85.2951 1.1097
31 48.9813 49.9511 2.38917
32 55.1297 69.1728 1.6985
33 62.8271 79.5578 1.25432
34 47.876 44.0546 2.31929
35 75.2368 46.0919 2.27381
36 50.9247 92.4645 1.33774
37 49.7532 63.8632 2.14583
38 42.3259 46.3548 2.58188
39 80.2561 28.0969 1.30683
40 50.4704 42.1439 1.65629
41 78.7773 28.3597 1.74718
42 60.4281 47.6282 2.30756
43 61.4891 70.2915 1.58656
44 63.6641 35.2236 2.77115
45 59.4137 43.2377 2.28484
46 47.2407 45.4728 2.54937
47 73.935 69.5058 0.604865
48 52.77 44.4542 2.07815
49 44.0592 37.5321 2.13043
50 82.5216 45.755 1.83689
51 53.6759 49.9701 1.99196
52 63.5355 72.3474 1.43536
53 50.2949 92.5342 1.56666
54 83.7891 32.1521 1.66842
55 64.102 66.3205 1.53191
56 85.7738 34.2136 1.28186
57 53.6158 33.0181 2.31207
58 82.7776 37.9077 1.66868
59 42.4528 43.6673 2.79138
60 80.8699 43.7206 2.20606
61 55.6062 42.6867 2.03789
62 63.4522 38.4742 2.61568
63 63.9789 28.6474 2.4017
64 42.908 61.8163 2.20411
65 69.4074 70.5069 0.893111
66 78.3973 46.6667 2.21853
67 78.9417 46.3696 1.77679
68 66.3214 67.7643 1.7909
69 59.6472 35.1752 2.4463
70 47.456 61.0638 2.15061
71 48.3943 44.5095 2.03703
72 79.7097 42.5723 2.28191
73 52.303 63.2838 1.83703
74 51.5812 34.755 2.7166
75 69.7998 75.4356 1.17037
76 55.5616 35.6163 1.79824
77 49.3063 60.8008 1.5582
78 44.1305 26.4036 2.27999
79 84.6139 39.6932 1.44563
80 52.1184 40.2121 2.13199
81 77.5744 45.1623 1.88181
82 59.0325 61.551 1.20584
83 79.1166 37.0475 2.07184
84 65.0363 63.4804 1.33881
85 53.0151 42.5838 1.83331
86 53.6574 40.8663 1.98216
87 53.0073 58.8764 2.18193
88 64.0027 65.7939 1.49079
89 50.2766 36.0647 2.13124
90 61.8642 74.0681 1.08298
91 49.3685 51.9045 1.53842
92 50.477 56.8284 1.97775
93 78.1925 31.4902 1.32149
94 54.2162 43.4274 2.20563
95 59.8678 65.3908 1.7103
96 37.8643 59.7233 1.35155
97 50.3336 64.4548 1.34563
98 49.9382 36.0536 2.71556
99 51.315 57.3606 2.13046
100 65.1527 72.5496 1.6887
101 81.665 42.3349 1.8671
102 58.0833 42.0512 1.76085
103 47.1542 40.1993 2.39197
104 55.153 48.0685 1.79059
105 61.5068 75.2023 1.83977
106 81.1429 31.6986 1.57107
107 38.2119 45.0419 2.1365
108 53.3134 49.2644 1.85931
109 90.5243 39.3517 1.92991
110 74.6648 76.3029 1.60948
111 51.0003 62.9708 1.34221
112 58.6381 69.2616 1.4857
113 45.0446 54.5868 1.43782
114 38.9782 66.7724 2.06181
115 48.1923 70.0663 1.62658
116 51.8994 30.6777 2.2
117 46.9352 48.3271 1.76532
118 56.344 71.5238 1.23631
119 83.4904 34.2644 1.95002
120 42.8979 40.8446 2.36857
121 71.5957 43.0912 2.17929
122 53.6719 45.2812 2.31197
123 72.7627 36.8328 2.3298
124 99.1208 99.0867 -0.200635
125 67.4069 66.0326 1.74741
126 61.5553 52.9203 1.7532
127 80.2107 25.4291 1.3943
128 63.0564 73.8227 0.929731
129 38.829 74.2675 2.71559
130 42.6658 49.3471 2.00227
131 53.5234 37.7963 2.27567
132 68.5248 67.3879 1.65433
133 69.4309 69.3122 1.38726
134 42.8521 34.7066 2.23176
135 51.5591 61.591 2.16286
136 50.2126 33.9222 2.45264
137 43.7344 62.0515 1.9762
138 55.8396 43.1345 2.49954
139 46.1001 41.0935 2.64026
140 57.4294 39.7744 2.55416
141 66.1298 67.489 1.07432
142 79.0083 34.3241 1.38338
143 65.1063 48.1954 2.1651
144 45.0243 65.3025 2.07938
145 38.6469 74.0254 2.85689
146 41.023 44.9658 2.1442
147 60.2516 79.7796 1.44142
148 52.395 61.7026 2.03529
149 78.7472 45.1134 1.64414
150 59.7421 43.6931 2.61001
151 56.1554 67.7507 1.40218
152 52.7468 34.6392 2.79591
153 52.4531 47.6255 1.81656
154 64.2355 45.957 2.17148
155 73.6339 70.372 0.683877
156 70.7838 41.3696 1.90536
157 60.6834 54.8134 2.51877
158 43.2975 31.2604 2.43778
159 67.0642 52.5581 1.87847
160 62.4745 80.866 1.23531
161 63.8166 50.7454 1.87463
162 76.8397 46.489 2.43002
163 62.8305 64.1834 1.88473
164 68.2706 73.1058 1.53003
165 74.8969 44.2482 2.12499
166 64.3337 64.4256 1.00708
167 54.4093 65.148 1.24599
168 82.5008 41.4413 1.78389
169 67.7423 71.1487 0.991771
170 68.9985 28.1185 2.6054
171 45.6816 57.4321 1.40797
172 37.2218 42.3167 1.98156
173 58.6968 39.5022 1.93306
174 43.0151 30.4702 2.28501
175 68.5171 64.7722 1.72179
176 13.3389 31.4055 -1.71914
177 46.8772 38.368 2.33889
178 64.1502 72.5106 1.06635
179 43.9584 51.0345 2.5202
180 47.0105 57.125 2.18268
181 68.0402 45.8479 2.08034
182 86.5676 34.5033 2.10687
183 38.4683 39.4013 2.68858
184 52.1744 57.2975 2.24772
185 68.8014 71.0641 1.41844
186 56.3169 47.4488 2.10297
187 58.3893 69.0538 1.64175
188 71.8779 33.3592 2.32244
189 44.8256 75.9517 2.4346
190 43.6045 31.9027 2.2172
191 47.9355 66.6568 1.52114
192 49.7717 33.5227 2.2009
193 52.9191 52.61 1.81607
194 51.9168 39.9286 1.93764
195 41.7268 58.4218 1.91489
196 45.8281 39.3478 2.59525
197 52.1758 37.5248 1.9864
198 50.159 56.8513 1.91216
199 44.04 33.7671 2.63936
200 51.493 60.614 1.35017
201 16.2808 23.5739 1.20176
202 62.1276 73.6376 1.61947
203 67.4044 54.227 1.53615
204 43.8327 29.5657 2.78947
205 54.0302 63.3754 1.58456
206 49.9281 40.0698 2.6084
207 44.0553 45.8696 1.85286
208 61.7702 62.2956 1.29437
209 56.7869 70.6409 1.85896
210 82.4853 43.5886 1.58106
211 53.543 45.3816 1.67588
212 69.1649 68.5289 1.59055
213 57.239 65.8306 1.58495
214 70.2565 32.0978 2.41334
215 39.5092 48.1467 2.29118
216 61.3164 48.8072 2.44213
217 41.7613 56.2502 1.53131
218 73.1357 63.5626 1.36817
219 76.5062 51.5776 2.15503
220 51.7904 63.2519 2.04254
221 55.7742 52.8386 2.429
222 50.1427 63.9675 1.87437
223 64.6517 76.4203 1.41926
224 59.4343 70.3907 1.55871
225 50.8187 74.4414 2.88767
226 62.7419 42.1674 1.88841
227 55.7202 47.6527 1.73797
228 55.469 41.5158 1.94598
229 55.9606 40.4397 2.36531
230 84.3535 25.0488 2.08663
231 85.9092 41.9996 1.37109
232 51.9004 54.7296 2.12038
233 48.4086 43.9999 1.86917
234 44.2888 39.5482 2.59033
235 85.6048 31.8966 1.2333
236 62.043 40.7498 2.30585
237 46.0793 75.876 2.29991
238 86.2776 33.235 1.52343
239 79.2452 33.5762 1.89658
240 43.2643 66.8408 1.60091
241 65.5537 38.8471 2.0147
242 56.9916 51.3025 1.71438
243 51.1403 59.6005 1.91799
244 66.0042 52.2044 1.98957
245 54.1221 50.1779 2.34456
246 56.2657 42.772 2.321
247 78.8873 19.3721 1.7205
248 80.5392 34.5106 1.32601
249 49.8978 33.1392 2.07861
250 34.563 72.8775 -2.69436
251 40.7326 73.7376 3.39013
252 67.7431 76.999 1.27126
253 59.0445 71.9158 1.34517
254 54.6274 38.8181 2.46202
255 77.1219 44.2425 2.36862
256 57.6927 49.1946 1.70519
257 55.3025 41.9651 1.6356
258 70.6831 45.0403 1.64701
259 85.3904 33.3241 2.15442
260 44.7167 33.0574 2.68606
261 83.0193 35.8797 1.54622
262 60.3902 44.9837 2.01205
263 49.4865 51.8159 2.39962
264 59.6741 80.0419 1.78165
265 52.4208 37.8955 2.32954
266 46.9499 36.5942 1.88287
267 40.7436 63.0999 1.33082
268 45.3556 42.8627 2.23857
269 35.216 72.8223 -2.89205
270 85.1499 37.6141 1.54973
271 88.1548 35.4098 1.73893
272 55.7258 65.9711 1.23816
273 46.0228 41.0968 2.38017
274 50.0247 47.8598 2.53564
275 55.4077 40.3542 2.52021
276 47.2543 35.5282 2.68667
277 48.5597 55.908 1.49121
278 60.6433 30.3378 2.0027
279 57.7513 52.0896 2.42184
280 87.3653 37.6784 1.53052
281 55.8264 45.3592 1.84147
282 84.1688 33.87 2.06384
283 52.2994 69.5467 1.72572
284 58.7277 33.4726 2.26545
285 48.8835 61.0967 1.48636
286 77.3563 27.2003 1.79094
287 52.9256 41.9332 2.21837
288 61.257 66.267 1.45535
289 59.4359 34.8371 1.9409
290 48.9017 44.6864 2.08684
291 69.3011 36.5253 1.99297
292 64.9373 70.835 1.342
293 47.9885 47.0569 1.98646
294 87.4786 33.3834 2.08664
295 14.3656 57.316 0.494629
296 54.5366 58.5408 2.21679
297 61.1212 43.7555 2.03814
298 70.2742 38.2951 1.86003
299 50.7902 65.5031 1.49776
300 50.1539 40.843 1.76899
301 80.9918 44.6766 2.2946
302 41.6867 39.6132 1.92823
303 54.2968 42.6715 2.08493
304 63.8613 29.9187 2.45118
305 44.3055 73.3039 3.03158
306 57.7097 76.3835 1.25497
307 45.1129 73.8515 2.96445
308 84.846 38.5327 2.05058
309 48.7818 48.7164 2.46312
310 61.7206 77.4707 1.66024
311 88.763 29.1431 1.92281
312 52.8863 49.6951 2.19643
313 57.036 66.6676 1.85068
314 78.384 50.0554 1.57791
315 53.7388 45.7616 1.95415
316 51.3293 58.3137 1.63744
317 84.3965 39.5122 1.23508
318 48.2132 71.3278 2.15982
319 50.0228 65.4955 2.19348
320 50.2949 62.8645 1.84077
321 75.4588 48.9831 2.03398
322 52.8039 60.8271 1.76534
323 82.8193 39.5973 2.08778
324 56.9704 24.6166 -2.23371
325 61.2809 48.5994 2.19926
326 54.1429 38.3954 2.39383
327 51.6856 44.3366 1.98626
328 55.8701 59.8324 1.72783
329 60.6556 66.7888 1.52359
330 58.6806 65.7057 1.48766
331 67.7838 79.7841 2.11768
332 58.8053 67.2566 1.59833
333 52.4925 58.1822 2.09123
334 78.8006 30.0913 1.29283
335 47.4335 65.8096 2.19655
336 51.991 61.9507 2.11735
337 79.2924 31.8347 2.07034
338 58.6032 47.2405 1.86096
339 54.6922 43.9589 2.07477
340 26.2987 52.4326 2.37849
341 78.2733 37.6854 2.0336
342 81.2746 40.8746 1.48098
343 60.2298 51.1609 2.45061
344 56.606 43.4376 1.66824
345 64.2539 70.2225 1.6224
346 75.4991 28.4434 1.96514
347 44.072 30.7514 2.13985
348 72.8872 33.4822 1.78724
349 44.4516 28.2026 1.96992
350 54.6354 48.9392 1.8564
351 67.4838 41.3597 2.09172
352 64.908 35.055 2.47356
353 64.9504 75.5392 1.56758
354 49.644 35.9701 2.71673
355 56.6522 36.7965 2.1192
356 54.0729 60.5952 1.46856
357 75.2105 72.0251 0.815805
358 85.598 38.9495 1.91485
359 44.0414 43.4358 2.13616
360 71.4567 52.2234 2.02669
361 40.4838 35.1423 2.79605
362 38.6698 60.0431 1.89901
363 55.1484 40.9084 2.0315
364 64.6186 80.791 1.65613
365 50.575 50.401 2.05791
366 49.8858 59.8589 1.39417
367 52.2384 63.4732 1.52027
368 38.7485 42.5219 2.77718
369 59.6298 65.8682 1.85831
370 57.7434 72.9847 1.95585
371 78.2043 44.3278 1.48071
372 89.2971 33.9191 2.05783
373 50.8566 61.6202 1.6459
374 42.9144 75.3957 3.17743
375 53.5612 54.4823 1.97083
376 90.9146 37.3572 1.22776
377 55.9633 67.2786 1.63934
378 48.7432 47.4913 1.71477
379 50.903 66.0851 1.5087
380 56.4067 41.3224 2.53001
381 47.4755 29.9972 2.11092
382 42.366 58.1578 1.44092
383 65.6613 68.055 1.29802
384 52.4998 55.2916 1.53212
385 66.0564 78.9902 1.82796
386 51.7885 90.6715 1.33481
387 43.9982 35.3445 2.72674
388 62.5227 46.1381 2.61788
389 41.8187 41.3174 2.57451
390 76.2839 40.0592 1.66034
391 84.3259 37.4001 1.71008
392 42.035 39.1921 2.67254
393 58.6452 50.709 1.7481
394 42.8082 60.9084 1.44407
395 85.1578 39.6588 1.55719
396 77.3395 50.1059 2.11258
397 46.9396 69.494 2.31076
398 58.0771 65.6309 0.958397
399 69.3116 39.507 2.40652
400 77.4949 32.8099 2.18579
401 60.0231 64.6817 1.77008
402 49.0694 34.122 2.48591
403 36.7223 55.0693 1.92677
404 52.045 44.1156 2.55274
405 64.3074 34.1346 2.15754
406 82.3667 22.4129 1.37818
407 45.1304 59.0303 1.84486
408 38.6493 47.3697 2.12769
409 56.4313 62.6056 1.76597
410 79.4359 35.1266 2.11349
411 41.7563 68.2055 1.99601
412 62.4527 40.1586 1.81207
413 81.22 35.2197 1.90738
414 57.5809 49.8406 1.85684
415 65.5244 70.1805 0.975292
416 53.1852 57.1954 2.0942
417 76.1003 32.489 1.6845
418 83.8548 43.0204 1.49441
419 62.1017 67.2076 1.18943
420 47.424 45.7045 2.47575
421 79.565 42.206 2.22578
422 84.4625 35.9745 1.85573
423 51.7378 61.5127 1.28554
424 82.3951 47.2472 1.42967
425 43.5595 54.8457 2.07553
426 53.9667 67.3846 1.80878
427 40.4446 74.8189 2.53702
428 53.5999 46.7016 2.44315
429 59.0132 46.7442 2.10312
430 63.9797 48.404 2.21076
431 54.0348 54.431 1.61486
432 77.9254 46.1598 2.39267
433 54.227 65.2609 1.34652
434 48.3691 42.65 2.27766
435 67.0905 79.3488 1.82323
436 66.6283 47.098 2.65951
437 45.6511 39.1347 2.35572
438 14.0899 26.6239 0.623996
439 51.7564 64.6691 2.15146
440 57.0138 35.8274 2.01022
441 81.1358 23.3302 1.29827
442 44.4651 61.4307 1.49252
443 46.353 33.332 2.38127
444 52.8054 50.9871 2.08698
445 42.6678 30.9851 2.06366
446 70.8534 79.2486 1.71954
447 80.4865 26.6811 1.66458
448 12.8535 46.0648 1.55409
449 58.6112 34.6107 2.07168
450 80.9894 39.0798 1.82711
451 51.4216 38.2559 2.12933
452 41.9124 76.2992 3.10695
453 57.8977 40.0404 1.86536
454 39.3295 73.5314 3.37084
455 66.7337 68.6027 0.917532
456 75.3863 31.6429 1.39792
457 85.4982 33.2828 1.48682
458 22.6855 51.0166 2.77014
459 69.3097 68.3919 0.971758
460 45.958 41.0443 2.72868
461 60.9548 73.5545 1.90434
462 55.6478 51.6946 1.92362
463 87.2446 36.1809 1.85528
464 57.4415 53.1161 1.68285
465 82.4146 37.7095 1.34301
466 59.1648 46.993 2.13591
467 52.785 62.9964 1.75701
468 42.6294 42.1544 2.46312
469 67.0556 42.5725 2.45321
470 68.0425 34.1793 1.68327
471 53.8807 48.4138 2.62691
472 55.2276 51.4833 2.42324
473 50.1461 56.6534 2.2904
474 2.48244 22.4351 -0.619808
475 80.4109 25.1503 1.79311
476 76.8087 72.7651 1.37999
477 54.471 41.1969 2.17483
478 64.9694 62.1476 0.953009
479 62.5912 68.9947 1.1353
480 92.665 29.4561 2.00389
481 54.8428 58.8758 1.99714
482 49.7049 34.5846 2.06456
483 79.5319 39.7878 1.9489
484 40.6773 45.4128 2.24057
485 39.3979 37.4174 2.95211
486 60.9021 40.9028 2.32836
487 60.2048 47.9544 2.07718
488 67.1657 39.881 1.92637
489 63.5293 66.5488 1.72037
490 66.0125 77.17 1.13172
491 54.5604 41.3889 2.50664
492 56.8214 54.8774 1.77247
493 52.7976 47.3057 2.41579
494 53.8308 39.4065 2.07021
495 46.0703 46.3017 1.94621
496 45.5939 66.7416 2.11137
497 85.5123 44.2674 1.77423
498 62.6778 45.6514 2.14325
499 71.2479 65.1592 1.11433
