500
Particles
0 16.7403 31.3189 -1.75908
1 83.6368 53.9954 2.86687
2 61.6052 22.5362 1.56774
3 61.9515 44.5798 2.17689
4 12.9063 79.192 2.95923
5 88.6048 52.0632 3.11638
6 34.2881 92.657 2.25017
7 72.206 50.9869 2.54537
8 6.55197 89.2668 2.50928
9 36.4253 30.0591 0.856822
10 34.6837 71.9229 2.164
11 32.7399 3.29847 2.31238
12 73.6541 22.1182 1.40682
13 4.53062 54.0824 2.43042
14 14.2044 81.3361 3.15189
15 6.54535 59.2949 2.39826
16 52.7948 79.187 2.85306
17 28.3456 8.30514 2.18975
18 18.1636 95.8957 2.16304
19 5.38092 98.9176 3.21928
20 63.1498 45.549 2.07362
21 32.2559 91.3395 2.5214
22 32.1614 81.3283 2.9372
23 7.87739 67.571 2.49005
24 66.3821 47.6229 1.93591
25 19.2667 70.9952 2.74623
26 12.4967 26.5841 -1.64406
27 29.3501 98.6399 2.13498
28 30.7581 87.3781 2.47801
29 76.006 20.5198 1.09756
30 50.3286 20.3322 2.0299
31 30.0811 83.2116 2.29139
32 86.0282 20.6557 1.32802
33 57.2028 55.0498 1.5344
34 19.2269 67.4428 2.42804
35 19.0115 2.66497 2.54035
36 46.26 54.2869 2.54856
37 76.5354 18.5313 1.49342
38 20.4049 75.1748 2.02754
39 9.87683 69.5923 2.53001
40 17.1032 59.6598 3.0437
41 6.50978 67.4458 2.78379
42 37.6134 73.884 2.75713
43 64.1046 45.4832 1.85821
44 88.0381 55.3981 3.10578
45 43.3835 78.6496 2.50719
46 19.8669 70.9586 2.01378
47 80.9295 41.5428 1.3768
48 30.0722 73.6999 1.84483
49 16.3097 24.3897 -1.78482
50 25.0428 0.322264 2.81292
51 39.4265 86.0805 2.46403
52 62.1687 47.7542 2.22038
53 50.3357 54.4958 2.75193
54 15.3637 79.3387 2.6532
55 69.4211 42.539 2.48093
56 16.4989 79.2688 2.70946
57 33.7691 64.1174 2.14648
58 20.9954 90.2427 2.18446
59 10.0121 58.9446 3.32449
60 24.2832 96.161 2.76414
61 32.3442 72.9074 2.35428
62 3.13285 70.2805 2.38899
63 8.18431 0.826152 2.67824
64 29.4574 94.8211 2.73717
65 80.7711 41.9801 2.16978
66 21.1289 100.003 2.50265
67 24.5979 0.926732 2.77622
68 85.0143 38.1397 2.26885
69 46.8618 71.3333 2.35465
70 32.0151 95.4921 2.31567
71 21.3369 71.4278 2.21204
72 21.2702 96.2573 2.33918
73 74.1965 15.4837 1.6766
74 36.8228 72.1952 2.46047
75 71.5921 47.5313 1.81877
76 37.2168 70.9014 2.55093
77 35.7193 95.6789 2.47502
78 79.5834 22.5535 1.64205
79 21.5994 91.8695 2.19509
80 32.7789 74.1823 1.84504
81 24.7719 2.21283 2.27191
82 9.55644 96.6558 3.15984
83 13.5491 90.7349 2.71665
84 68.3389 40.6547 2.28942
85 33.6017 76.3555 2.40808
86 33.3207 73.088 2.59052
87 79.7752 13.0926 1.70973
88 72.0751 41.9402 1.59039
89 31.0838 68.635 2.21469
90 65.6797 48.1462 2.67506
91 30.5611 84.1453 2.42709
92 36.9947 92.1274 2.82535
93 8.36348 77.0481 2.82625
94 30.5546 73.3883 2.25806
95 39.8297 22.4892 1.07864
96 32.0278 94.604 2.46212
97 35.9785 99.2623 1.88526
98 23.5359 61.1265 2.1307
99 33.5453 89.4683 2.7127
100 65.3183 48.2315 1.89485
101 21.9453 98.0745 2.7258
102 33.3639 71.2218 1.78085
103 13.8533 57.16 3.00858
104 32.9468 79.0043 2.74296
105 64.2004 50.1181 1.7976
106 16.5377 79.3826 2.94872
107 11.1616 65.8143 2.75884
108 33.8047 83.5726 2.10778
109 20.6534 88.2748 2.58207
110 73.0117 48.7059 2.06146
111 82.1739 17.8573 1.49291
112 60.4501 43.2096 1.97375
113 31.4643 89.8042 2.32563
114 30.0714 99.6072 2.16145
115 62.0996 18.9319 2.09108
116 34.9582 65.9552 1.65204
117 20.5531 74.6216 1.85329
118 54.6381 15.4618 0.549374
119 12.8249 82.4734 2.74822
120 9.40449 52.3987 3.14529
121 77.4994 50.8969 1.6362
122 25.2934 70.1243 2.14498
123 9.33337 78.0353 2.51285
124 62.6688 22.5056 1.45465
125 82.5304 22.0014 1.50572
126 51.0725 81.4853 3.08795
127 2.14088 55.574 3.15236
128 69.3004 46.8102 2.1898
129 23.047 96.0984 2.55191
130 21.9663 77.6756 2.29328
131 36.4388 72.0822 1.85199
132 84.5053 20.2456 1.55577
133 18.378 18.2361 3.48307
134 60.1826 61.3869 1.38536
135 77.3105 89.7715 -1.23143
136 31.0388 65.8128 2.05823
137 32.7399 95.6094 1.97611
138 35.5568 75.651 1.8967
139 11.474 54.637 2.3547
140 35.734 70.8091 2.67622
141 4.02843 2.93466 2.93284
142 15.0043 88.703 2.92118
143 18.4142 13.4043 2.12232
144 32.093 96.5301 2.78731
145 26.1279 2.55244 2.31738
146 10.6035 63.4592 2.16364
147 59.8874 55.3371 1.8206
148 75.5332 15.0099 1.30257
149 19.3345 1.10357 2.24851
150 35.3091 73.2329 2.43541
151 3.68819 16.5845 1.39778
152 33.3152 67.8078 1.95843
153 34.801 82.2301 2.03551
154 53.0599 75.6797 2.20393
155 15.3677 18.6169 2.57573
156 10.4795 91.6616 2.68484
157 99.3981 63.6532 3.18223
158 13.7013 27.1223 -1.03776
159 37.7446 18.8298 0.804211
160 49.4674 54.3747 3.08571
161 40.5552 20.5962 0.804152
162 18.3997 99.7036 2.75768
163 73.628 37.3118 2.68534
164 80.3927 42.0938 1.44386
165 13.4021 96.3813 2.28577
166 70.2732 40.621 1.64401
167 83.0269 16.4413 1.19051
168 24.2471 96.1913 2.32275
169 77.5224 44.3681 1.5859
170 44.9809 27.0268 0.0671958
171 32.9013 93.2255 2.09561
172 7.05149 57.3691 3.31699
173 38.4318 72.0702 2.23238
174 82.3079 48.3254 1.91143
175 85.4867 20.4443 1.70416
176 62.8519 24.2936 1.70272
177 12.7619 51.1983 3.21025
178 63.6074 46.4675 2.07153
179 29.7106 86.865 1.87973
180 34.3809 93.2516 2.9566
181 21.1133 13.5946 1.93671
182 21.2284 86.0838 2.57891
183 14.7416 23.0578 -1.42542
184 41.8506 95.3253 2.60952
185 84.2395 41.6648 2.20915
186 35.9716 79.7055 1.90297
187 51.1501 28.3097 0.254869
188 0.0211869 60.1115 2.94386
189 37.4501 9.23861 1.96014
190 82.6067 45.9556 1.8405
191 77.6046 98.7116 -0.549265
192 23.2716 54.3528 2.88311
193 39.4656 88.8211 2.01558
194 21.284 61.2908 2.13279
195 28.0896 89.6418 2.79084
196 10.6472 52.0294 2.68654
197 30.3995 69.3324 1.90544
198 39.3643 94.3009 2.33391
199 41.5356 27.3992 0.751756
200 39.1945 96.5037 2.46484
201 70.613 17.8842 2.00224
202 64.2448 48.0811 1.7511
203 42.9288 20.8837 0.992985
204 13.1156 24.9432 -1.9966
205 80.5662 16.0101 1.84722
206 18.1998 60.1128 2.74614
207 17.0793 70.8776 1.7954
208 16.867 4.63578 2.64152
209 48.3913 27.9991 0.0520737
210 24.4898 98.9978 2.73597
211 35.4774 79.6614 2.73317
212 15.4105 17.3969 2.79756
213 85.9835 15.5137 1.19864
214 99.4884 56.2093 3.1296
215 16.9915 74.1429 2.05969
216 41.3161 79.3659 2.50983
217 29.1744 90.0555 2.32506
218 54.1115 14.7972 1.18141
219 28.1176 8.87626 2.20953
220 76.4859 16.7186 1.04213
221 42.5101 89.8085 2.44762
222 75.3594 17.2713 1.96222
223 69.1874 50.5272 2.28118
224 57.5953 45.4037 2.03709
225 65.496 22.0063 2.10364
226 35.7804 22.5096 0.706343
227 39.2899 83.8805 2.08652
228 34.4186 73.7772 2.13377
229 39.8095 78.1379 2.03547
230 4.7997 58.9356 2.59878
231 26.8164 96.988 2.82408
232 36.3183 88.2438 2.83809
233 19.2561 68.8219 2.30549
234 12.5294 58.2717 2.48699
235 16.4707 79.1666 3.15266
236 50.8911 75.2712 2.10695
237 62.7271 21.513 2.30175
238 24.2967 89.0396 2.20447
239 16.3219 89.9902 2.84217
240 28.6041 97.3343 2.5156
241 8.80639 89.0281 2.64534
242 37.0047 81.1038 2.6354
243 37.7822 95.8656 2.3559
244 39.5963 20.6809 0.672163
245 38.0116 84.9723 2.17659
246 35.1087 76.4178 2.43582
247 84.0597 45.0078 1.98285
248 11.4558 79.6361 2.4552
249 24.9534 59.5169 2.71191
250 24.8984 96.8008 2.5785
251 35.1372 9.49593 2.59128
252 65.6812 51.1817 2.26761
253 52.0558 45.6004 1.78981
254 34.4421 70.5098 1.77592
255 18.9483 98.3003 2.09409
256 37.7406 79.9165 1.95869
257 29.8626 69.3527 2.46773
258 10.0811 94.0636 2.99189
259 15.4262 79.0275 2.65347
260 22.7506 21.0904 2.72489
261 14.4343 85.8686 2.37743
262 38.8411 74.8755 2.34825
263 36.6549 88.5708 2.16442
264 59.8538 56.9353 1.858
265 31.2128 69.6659 1.71096
266 18.9871 31.4166 -1.45182
267 29.634 97.1453 2.38052
268 9.39076 52.5865 3.2105
269 26.7467 99.7474 2.81004
270 19.9476 86.6372 2.50704
271 18.7297 83.4353 2.27272
272 84.814 15.0184 1.15853
273 11.7813 55.9193 2.40064
274 22.9895 74.2956 2.3534
275 36.2096 74.6731 2.39392
276 20.4189 24.7175 -2.05203
277 38.7722 93.4728 2.68615
278 76.2919 50.729 2.53466
279 37.7877 82.3794 2.57732
280 28.6823 94.6492 2.77604
281 34.6175 77.3152 2.09137
282 15.2683 81.5479 2.68054
283 83.3783 15.1751 1.96939
284 51.7154 71.5326 2.27084
285 36.2634 97.1925 2.81367
286 3.75326 64.6216 2.21743
287 32.6626 75.4389 2.22725
288 43.6333 14.1504 0.37029
289 46.5101 70.62 2.51774
290 21.8058 70.4988 2.31702
291 13.8752 20.235 -2.67008
292 12.8169 18.0207 2.75464
293 18.1563 69.3885 2.68852
294 19.937 81.9958 2.81636
295 31.359 90.6333 2.80411
296 43.502 94.4528 2.73489
297 51.6469 78.2978 2.4264
298 13.7602 92.4878 2.27846
299 67.4475 17.4623 2.28361
300 26.0697 70.5934 2.48617
301 23.7722 99.2165 2.82714
302 8.22497 53.1829 2.93352
303 34.6056 76.6507 1.89667
304 12.4083 6.213 2.595
305 38.3984 9.74437 1.70332
306 57.2921 51.7628 1.68335
307 64.9256 19.8823 1.3344
308 14.3156 88.1048 2.49338
309 20.02 72.3796 2.65048
310 62.6429 53.2406 2.00499
311 10.9463 69.8958 2.91313
312 37.7918 86.2336 2.21628
313 85.8381 16.7746 1.94888
314 22.4997 1.78154 2.67914
315 37.0945 81.4521 2.32281
316 37.454 91.9549 2.69214
317 18.7563 88.2211 2.78963
318 62.3023 20.2202 1.43954
319 73.8126 18.2665 1.23279
320 77.7006 16.7719 1.41348
321 24.8783 5.07249 2.36825
322 75.4822 13.149 1.69735
323 20.4193 90.9417 2.51905
324 38.8519 24.7682 1.3566
325 42.8379 79.6178 2.80113
326 31.9111 70.4307 2.61708
327 19.9814 66.435 2.65361
328 82.873 13.2113 1.31893
329 80.8134 25.0089 1.61466
330 85.1015 14.4276 1.16806
331 64.8689 56.688 2.55802
332 41.8515 25.2037 1.27186
333 42.7923 97.4517 2.20019
334 10.4861 72.9525 2.62721
335 66.3265 16.2535 1.9912
336 78.4039 15.886 1.60301
337 12.9554 81.0213 2.91419
338 43.8406 81.2502 2.38727
339 28.2192 71.084 2.19122
340 4.25169 51.44 2.73194
341 14.8983 90.6362 2.90416
342 25.7054 99.0115 2.07051
343 41.5249 80.8572 1.99887
344 37.1897 76.3873 2.58366
345 70.9668 45.5521 1.75679
346 8.05896 69.4978 2.64722
347 24.6603 21.1714 2.85654
348 2.19224 65.9518 2.72571
349 83.8205 43.3652 2.12426
350 33.6844 78.9607 2.43522
351 14.7638 5.5047 2.7657
352 90.1239 53.39 3.0028
353 68.6028 48.7242 2.01756
354 22.3604 57.9349 2.73759
355 36.278 69.5208 2.06138
356 78.9806 12.3832 1.43258
357 82.8382 43.2632 2.03481
358 27.2061 94.3917 2.67193
359 17.3263 68.854 2.64031
360 20.6397 4.9636 2.72699
361 17.6019 28.6085 -1.68253
362 28.5392 91.9228 2.66079
363 35.0908 75.3305 2.0731
364 67.9663 55.198 2.58262
365 34.3582 86.2904 2.29195
366 36.2718 95.1836 2.99403
367 80.6435 16.9751 2.07318
368 6.82093 56.5256 2.60192
369 90.4189 15.7855 1.61327
370 54.9937 48.5321 1.93188
371 22.214 99.6508 2.51302
372 26.0773 86.8682 1.9892
373 43.3921 1.2735 1.54387
374 24.6146 100.122 2.84369
375 43.7262 94.3375 3.07409
376 27.5216 91.5244 2.41952
377 85.6391 18.1625 1.04955
378 23.2029 73.5412 2.58864
379 79.7332 19.221 1.2523
380 34.0655 71.9777 2.49661
381 38.0239 26.3155 0.457782
382 33.7813 94.6815 2.75822
383 73.1367 43.6843 2.06703
384 35.37 88.3781 2.55284
385 71.6251 50.5713 2.77906
386 46.6071 50.4892 2.63202
387 17.2137 22.1789 -2.3172
388 43.175 77.5591 2.65487
389 16.6651 68.5276 1.97473
390 11.8002 92.9001 3.08834
391 20.4539 91.4919 2.73754
392 18.4706 68.1074 1.85108
393 41.7472 82.642 2.5479
394 33.4579 95.6955 2.74286
395 24.6671 92.4532 3.05681
396 27.9336 6.83956 2.51428
397 27.2991 95.4217 2.88701
398 85.6266 15.0069 1.65003
399 9.53748 87.1874 2.49597
400 11.6547 82.3434 3.06229
401 39.0002 23.549 0.960179
402 22.074 57.3906 2.55068
403 34.1264 93.3043 2.38604
404 25.6023 71.3724 2.21217
405 86.3188 53.6751 2.99915
406 2.66958 54.1043 2.70289
407 35.3876 96.3739 2.74056
408 18.7867 75.8993 2.08086
409 82.3674 15.2278 1.38026
410 13.1035 84.0109 2.72584
411 27.9484 99.0547 2.0138
412 35.3084 67.3962 1.77131
413 14.6 88.6676 2.62071
414 40.6238 81.9799 2.41977
415 77.6349 42.5612 1.62556
416 38.351 91.727 2.33196
417 12.1907 82.8625 2.56191
418 28.0004 0.413255 2.83387
419 70.3023 42.9991 2.16149
420 14.7602 64.3837 2.07439
421 26.231 98.4982 2.05604
422 15.8461 82.9365 3.06982
423 70.2448 10.9514 2.02107
424 28.1984 6.93062 2.38716
425 31.4505 87.9408 2.11656
426 24.1987 24.4871 2.89356
427 27.3633 3.66556 2.90887
428 28.9931 75.2587 1.78285
429 37.0117 75.4163 2.43722
430 18.6806 15.5249 2.28855
431 42.5851 91.9044 2.1919
432 22.1806 2.16296 1.95823
433 87.3966 11.9537 1.29733
434 22.0829 68.097 2.4679
435 68.4651 54.4772 1.94339
436 22.9966 14.8087 2.72705
437 11.5085 53.2807 2.86881
438 77.6041 22.5617 1.34935
439 80.6115 18.2258 1.55833
440 37.4208 69.8733 2.48391
441 0.235431 52.7861 2.60132
442 30.7933 95.8964 2.80025
443 39.92 28.3253 0.577237
444 36.8018 86.1088 2.87989
445 79.6345 47.8134 1.83885
446 71.7805 50.3209 2.36181
447 6.58304 66.0895 2.40524
448 30.3519 94.0326 2.03301
449 44.9032 70.857 3.03065
450 16.6679 91.6784 2.65935
451 21.0772 58.9882 2.30462
452 30.7891 8.13104 2.11715
453 33.5269 68.5544 1.86087
454 34.0004 5.65743 1.7059
455 77.0289 43.9686 1.37584
456 9.18905 77.1111 2.74902
457 19.3801 83.4748 2.92827
458 22.7109 81.0974 2.01758
459 86.7359 39.9589 1.38373
460 17.558 64.5108 2.48407
461 56.1305 47.9279 1.48398
462 38.1671 84.4958 2.31605
463 24.1698 89.7417 2.59092
464 45.8762 88.6528 2.87801
465 16.4446 89.1117 2.3385
466 38.8586 77.9183 1.98701
467 80.0935 16.5409 1.62191
468 7.7939 54.945 3.09773
469 18.3537 7.83554 2.31941
470 21.6818 18.2551 2.2185
471 24.1569 71.8473 1.95857
472 40.0759 86.9052 2.14034
473 39.0505 93.2555 2.43858
474 42.0958 27.3567 0.745878
475 3.56928 55.9758 3.05225
476 84.0378 42.6067 1.97266
477 37.9986 77.5377 1.84327
478 21.6181 9.34238 2.3273
479 68.3781 44.2025 2.13437
480 12.7931 70.1234 2.32405
481 79.0681 10.8193 1.8598
482 22.6267 57.6962 2.58477
483 14.375 91.4085 2.14853
484 9.60248 63.8733 2.79401
485 17.632 28.3616 -1.27936
486 39.4506 73.9388 2.38366
487 36.7701 76.2997 2.55983
488 9.04945 87.1798 3.01737
489 67.7076 43.9768 1.74918
490 73.8292 47.1642 2.13551
491 29.5788 70.2299 1.72865
492 39.5587 88.6769 2.73662
493 33.6661 80.3454 2.00242
494 23.6528 59.927 2.63824
495 16.5988 68.4633 2.66118
496 30.3679 97.5249 2.59696
497 27.4536 1.7669 2.60044
498 38.4483 72.4395 2.57192
499 79.5656 23.8651 1.61027
