500
Particles
0 91.2554 84.7314 2.19806
1 25.8689 87.5352 2.65997
2 97.5141 19.0604 1.79194
3 59.7369 36.5652 1.55122
4 80.1207 97.902 1.84953
5 89.7342 45.7872 2.21751
6 5.83344 9.01951 3.05482
7 79.5382 44.6503 1.63656
8 49.5486 3.83919 1.30418
9 41.8147 4.9158 2.47597
10 10.3723 89.6553 1.73612
11 95.6207 11.7702 1.60178
12 99.1396 16.9706 1.27774
13 89.2441 88.1686 2.07132
14 84.7297 1.88673 1.5606
15 90.9487 91.9368 2.09192
16 24.6242 99.0239 2.28591
17 85.2341 15.4231 1.64925
18 79.9784 7.90527 1.95242
19 47.5539 26.0354 2.49609
20 59.9208 37.7624 1.32475
21 98.4606 2.9086 2.1791
22 10.9679 1.57899 3.05842
23 86.7931 94.5515 1.80812
24 66.7124 40.417 1.89333
25 97.1268 92.0168 2.57842
26 88.1799 40.6519 2.09465
27 92.5486 9.58668 1.51837
28 98.3321 0.54038 2.33982
29 7.4474 20.9432 2.62649
30 50.2789 44.1567 1.9405
31 4.06575 99.4982 2.31673
32 37.6162 31.428 1.94268
33 69.1449 46.4147 2.07766
34 99.3258 90.6039 1.72319
35 78.7689 11.5389 1.338
36 48.7492 50.1784 2.50275
37 13.9982 20.3732 2.25188
38 98.0394 97.0968 1.86358
39 86.0657 94.4845 1.32033
40 2.03492 90.0264 2.43163
41 85.108 94.6933 1.33087
42 17.6889 97.1064 2.95972
43 62.8173 37.4242 1.5023
44 26.9697 90.7668 2.78507
45 15.9719 93.7984 2.06564
46 1.79968 95.5379 2.99084
47 88.3188 35.2797 1.55845
48 7.8811 94.8513 2.22047
49 94.1401 81.379 2.34277
50 88.676 11.8618 1.29996
51 13.7329 3.87952 2.54205
52 64.5688 39.252 2.31676
53 50.4636 50.6259 2.26841
54 85.6415 99.0005 2.01822
55 76.9463 32.9889 1.4933
56 88.5005 1.07199 1.14693
57 8.44833 82.3312 2.13039
58 87.1176 4.1817 1.12777
59 96.8714 93.0152 2.28035
60 89.6901 8.95015 1.19899
61 8.21206 90.9507 2.19556
62 44.9047 100.282 1.27975
63 26.5198 81.3359 2.8996
64 97.7787 7.7646 1.55178
65 83.8111 36.7074 1.74359
66 86.4912 12.6947 1.24853
67 87.1481 12.3447 2.06528
68 85.6781 33.2991 1.77805
69 13.4233 84.5893 2.57138
70 7.27077 14.2786 2.48603
71 2.95271 95.0844 2.18043
72 86.1783 9.54533 1.65582
73 12.7212 16.7875 2.52266
74 6.47236 85.2609 2.2016
75 79.8537 41.765 2.38706
76 10.658 86.5888 2.07948
77 11.3283 13.5719 2.02976
78 8.25336 26.3587 -0.849077
79 88.1799 6.51364 1.87467
80 7.1022 90.9791 2.29132
81 84.1653 11.0939 1.56966
82 62.6977 13.7396 2.14632
83 73.7155 3.40838 1.62851
84 76.7523 30.4842 1.54575
85 6.75038 92.1602 2.6137
86 7.04042 89.7117 2.38946
87 14.4959 13.6748 1.92537
88 78.3275 32.0945 1.62812
89 4.58681 84.9273 1.85115
90 65.4631 40.3667 1.86914
91 3.14423 99.9281 2.54057
92 11.486 9.8636 2.80799
93 76.0893 98.2745 1.96525
94 7.21509 92.1246 1.90518
95 50.9559 28.5296 2.40255
96 96.9176 6.53726 2.21778
97 9.06772 15.8274 2.80724
98 4.0264 85.6828 2.5322
99 10.357 9.11075 2.87266
100 68.149 40.5757 1.3871
101 84.7001 8.85812 1.09692
102 11.8153 91.4386 2.38311
103 98.7581 87.8718 2.41684
104 9.13487 97.5025 2.3235
105 66.2778 41.8029 1.76047
106 86.6242 99.0217 1.91323
107 92.5923 92.8535 1.55944
108 7.55495 99.1526 2.85037
109 92.0341 6.3857 1.61698
110 81.6706 43.1123 2.30917
111 14.8908 19.3844 2.53502
112 57.7516 35.5521 1.39058
113 6.78071 7.54614 2.52495
114 93.6307 9.75029 1.91013
115 2.29712 18.8223 2.82917
116 7.72346 81.9308 2.64998
117 0.498441 96.8551 2.96296
118 50.8364 38.2042 1.84108
119 79.9953 1.34739 1.6784
120 94.9835 87.6751 1.8163
121 65.4174 71.4289 -0.0890328
122 7.35226 94.7293 2.46236
123 71.996 98.3508 1.08323
124 95.433 17.655 1.32967
125 89.2256 29.3969 0.72169
126 21.4929 6.69086 2.88313
127 85.441 91.5704 1.79059
128 67.3231 40.005 2.33736
129 90.8483 10.7637 1.94184
130 98.3803 99.0297 2.2624
131 8.77958 88.8904 2.06238
132 91.6637 30.6511 0.926264
133 89.3927 34.2374 1.83159
134 92.865 78.7928 2.41001
135 12.4442 15.7642 2.77835
136 5.69325 83.3161 1.89806
137 98.4176 6.96799 1.72937
138 8.96426 92.147 2.58787
139 97.4595 87.9941 1.81318
140 13.3949 91.3576 2.36157
141 82.6685 32.6169 1.02511
142 77.5682 1.54758 1.20812
143 35.4275 7.88935 1.39003
144 97.4636 7.36773 1.38668
145 90.8293 13.3719 1.70138
146 93.89 92.4396 1.91439
147 67.8884 46.5205 2.04719
148 13.7409 16.3272 1.86755
149 82.1283 11.2371 1.31835
150 13.7445 93.3063 2.49575
151 41.5778 30.2223 2.14474
152 7.70907 85.875 1.79019
153 8.36048 98.4028 2.18397
154 27.687 100.12 1.88528
155 88.284 36.2565 1.49283
156 52.1314 3.48579 1.14455
157 33.0594 15.1805 2.25043
158 88.4672 42.0615 1.53272
159 35.6725 11.2626 1.26607
160 65.1429 48.2037 1.53661
161 36.5075 12.5282 1.42801
162 83.0029 12.3135 1.41216
163 78.2045 29.6281 1.72162
164 85.0205 38.1359 1.82947
165 74.8117 8.85616 1.66413
166 77.6936 31.0308 0.988258
167 16.1541 19.1418 2.73986
168 88.0112 8.09086 1.65267
169 84.8629 36.6529 1.24691
170 49.9326 63.5684 1.25229
171 4.32533 8.49891 2.45533
172 90.9744 88.7603 1.98588
173 13.5352 89.9491 2.53039
174 87.0931 41.7341 2.07113
175 90.0073 27.3018 1.00672
176 3.54057 23.024 2.54519
177 0.233711 87.5497 2.06647
178 65.3039 38.9819 2.27266
179 98.7549 0.407232 2.20496
180 5.47926 8.71046 2.91329
181 45.5392 7.99379 1.99391
182 92.1523 2.1042 1.08222
183 90.0669 83.4482 1.87754
184 10.6335 8.57765 2.19855
185 85.91 36.233 1.5276
186 11.3538 97.0904 1.99814
187 53.4559 35.1027 2.05975
188 80.5736 90.9025 0.778908
189 94.4293 14.7704 1.8825
190 88.0964 41.3496 2.10369
191 3.64528 17.061 2.47933
192 2.67391 80.7281 2.29575
193 12.9358 6.19968 2.15371
194 4.79998 88.8934 1.99152
195 98.6584 5.25359 2.20204
196 95.91 84.866 2.15655
197 7.77752 89.3661 1.98499
198 8.73998 8.71938 2.78916
199 2.79763 49.9199 1.48378
200 12.3997 14.1706 2.16118
201 7.86267 17.5384 2.71454
202 64.3667 40.5307 2.27903
203 37.964 12.9964 1.44023
204 89.8464 39.8665 1.38855
205 16.4766 18.7011 2.46189
206 4.18696 90.509 2.1384
207 96.9848 93.84 1.73481
208 74.5358 23.0408 -0.392164
209 50.6005 36.9101 1.85465
210 87.3172 10.1228 1.9038
211 8.10534 94.8438 2.38562
212 90.7491 32.5765 1.60542
213 44.5465 29.4603 2.47358
214 76.8135 89.0757 0.708973
215 96.2107 98.2461 2.06724
216 18.2938 99.7107 2.48575
217 98.0802 4.00806 1.83757
218 89.1188 20.6891 1.91995
219 88.44 16.474 2.22852
220 12.5751 17.1274 2.18851
221 15.8421 6.61782 2.54516
222 11.4532 17.4839 2.70821
223 70.7659 42.7757 2.34976
224 55.4403 36.8467 2.11122
225 2.3103 19.5247 2.7707
226 29.8183 98.7817 1.77119
227 10.6177 98.0249 2.63959
228 8.92404 90.2238 2.6138
229 9.42964 90.197 2.42707
230 86.9666 90.2565 2.19801
231 90.5162 7.98312 1.80948
232 10.4223 6.14143 2.32612
233 2.91026 94.1515 2.33102
234 95.526 86.5634 2.40588
235 87.0408 98.842 1.16623
236 24.9012 95.4312 2.62621
237 98.2636 17.8846 1.86656
238 88.8683 0.565072 1.71995
239 75.7904 1.00115 2.02038
240 95.8301 9.57718 1.85254
241 50.8067 2.25027 1.88632
242 15.5751 2.13831 2.84943
243 9.68716 10.9848 2.28507
244 36.3175 12.7414 2.10943
245 13.411 3.63205 2.68862
246 9.91499 93.116 2.5928
247 86.8161 39.8241 1.59912
248 80.119 1.29602 2.01812
249 5.57722 84.0456 2.22168
250 91.4763 9.42114 1.35116
251 91.9049 15.6504 1.75653
252 77.5796 43.4504 2.08608
253 56.1444 38.548 1.62349
254 7.78565 87.3846 2.283
255 83.3991 10.8461 1.80107
256 16.1209 1.11573 2.88443
257 7.28481 90.2288 2.57439
258 50.5731 6.85772 1.1812
259 88.6445 100.043 2.10149
260 91.0868 44.0804 1.66412
261 81.1002 2.886 1.12447
262 15.4095 93.4411 2.75558
263 7.78688 4.03606 2.21254
264 65.4448 46.8462 1.12446
265 7.03201 88.3361 1.7765
266 98.7723 84.1305 2.27906
267 95.9477 9.07835 2.02
268 96.7193 89.8893 2.61904
269 91.6394 10.9277 2.09071
270 90.9707 4.05448 1.10446
271 90.7438 2.75613 1.73643
272 38.4674 27.4658 2.30599
273 98.5992 89.7383 2.36727
274 4.13385 97.8995 2.63084
275 8.7746 89.727 2.66483
276 98.3967 81.069 1.81471
277 8.62374 7.76114 2.98591
278 19.85 78.7696 3.17141
279 15.1588 2.48575 2.76393
280 91.0639 4.30383 1.73386
281 10.7954 96.1367 1.99753
282 85.4136 1.09096 1.49562
283 20.6423 20.021 2.4511
284 16.6501 85.6496 2.28388
285 6.99561 12.1337 2.25974
286 81.6115 93.51 1.57013
287 6.82853 92.3479 1.98993
288 54.7837 29.3452 1.37689
289 18.6251 88.1867 2.60272
290 3.3286 94.3903 2.68967
291 51.9681 98.3713 0.546995
292 87.3116 34.5856 1.76265
293 2.02762 96.6585 2.12592
294 91.5039 100.414 1.65973
295 97.5049 3.04327 2.19375
296 15.9443 13.234 2.64682
297 20.7917 97.2227 2.49161
298 55.2067 1.37209 1.47325
299 10.1725 18.9613 2.34499
300 2.52395 89.6442 2.57678
301 87.2118 10.6302 1.8155
302 93.9321 86.8778 2.09174
303 9.58463 93.8558 1.83367
304 25.4679 82.7468 2.25674
305 94.942 14.9128 1.48892
306 61.6374 43.3395 2.22951
307 96.8944 14.6982 2.14706
308 82.4485 5.18674 1.34059
309 2.70329 97.8662 2.73793
310 64.907 44.9709 2.05156
311 90.6814 96.3527 1.87804
312 11.035 2.32017 2.69326
313 44.9925 29.9653 1.97784
314 86.7665 14.6431 1.96314
315 9.7288 97.0388 2.30331
316 9.29296 7.9501 2.89253
317 90.902 6.0052 1.32038
318 1.09518 18.5325 2.99195
319 9.37382 18.0876 2.27567
320 10.6706 16.7986 2.39145
321 85.783 14.0979 1.38616
322 14.6545 15.9472 2.29707
323 86.9006 6.08805 1.83956
324 25.2168 22.2199 2.48358
325 18.6158 99.4893 2.55266
326 7.29366 87.8527 2.32286
327 3.87926 93.0393 2.46887
328 19.0126 15.427 2.35236
329 56.7371 32.2331 1.83872
330 45.5243 28.7422 2.57763
331 72.4027 46.8705 1.80101
332 48.2084 30.2482 2.27739
333 10.8234 10.699 2.48366
334 85.2096 96.721 1.53016
335 3.85283 16.1716 2.86501
336 15.9072 18.5725 2.39329
337 79.8237 99.2709 1.12555
338 16.9447 98.5192 2.3624
339 7.85608 92.4216 2.01632
340 90.3186 86.9419 1.74497
341 75.0157 4.54101 1.7884
342 85.4524 6.86887 1.20692
343 17.5425 0.56227 2.98554
344 12.1616 94.4047 1.83312
345 76.969 36.9083 1.43796
346 84.4207 94.9543 1.48343
347 89.4379 45.0625 1.45414
348 79.0557 92.5314 1.10161
349 87.9758 39.327 1.73496
350 12.8028 0.914785 2.68416
351 46.125 3.54178 1.41723
352 27.6736 89.748 2.61258
353 69.9462 41.8113 1.71786
354 2.44677 83.025 2.78799
355 10.2503 86.0049 2.32902
356 15.689 14.8492 1.84247
357 87.3057 37.8659 1.40993
358 91.7926 4.95587 1.15411
359 96.6555 91.0314 2.12212
360 84.6634 15.9663 1.48802
361 92.745 80.2587 1.85835
362 97.5273 5.78933 2.08706
363 8.81719 91.022 1.74199
364 69.1679 47.4305 2.1912
365 7.7991 2.45029 2.68814
366 7.78378 10.101 2.29561
367 14.1085 18.0246 2.40535
368 92.4338 90.3298 2.38846
369 48.1999 28.544 1.83946
370 55.8363 39.9539 1.75529
371 83.7115 10.0198 1.60744
372 94.1714 0.917379 2.134
373 9.79289 13.9844 2.23226
374 91.9638 13.7971 1.99804
375 11.4121 6.20767 2.81345
376 94.6705 4.45797 1.86882
377 39.9969 29.9303 1.61389
378 2.03438 95.6827 2.46394
379 12.6984 19.6248 2.27687
380 10.1959 90.7684 2.08903
381 11.4918 29.2609 -0.695399
382 98.7929 5.47127 1.42614
383 79.4042 34.5222 1.44282
384 9.70236 5.81488 2.75226
385 75.6076 45.0432 1.74549
386 50.4957 48.9296 2.24241
387 94.5618 80.7027 2.01747
388 18.4936 95.0846 2.10172
389 96.0298 90.8703 2.40723
390 74.1142 5.86289 1.078
391 86.0552 4.56766 1.74837
392 95.6834 88.9387 2.01846
393 17.7704 1.93407 2.3909
394 97.5564 7.06468 1.70576
395 89.8653 5.70014 1.74185
396 87.9493 14.803 1.26099
397 96.1113 10.2164 1.58408
398 46.1507 28.3585 1.8117
399 52.416 1.01902 1.1026
400 76.2943 99.8428 1.43592
401 48.9097 27.2582 1.98325
402 4.79841 85.0361 2.59545
403 98.8458 3.50784 1.68442
404 5.48589 93.1703 2.6793
405 25.8918 87.9649 2.54143
406 87.1035 87.1004 1.91905
407 3.98839 10.7065 2.32396
408 95.0281 97.0938 1.97993
409 20.0081 18.1496 2.79363
410 80.5232 2.21969 1.40172
411 94.6696 11.1695 1.47572
412 15.7388 89.6706 2.45869
413 75.8371 2.00738 1.82608
414 16.3375 1.20875 2.62408
415 83.4621 35.3492 1.66857
416 11.1187 9.1242 2.28673
417 74.8183 99.7625 1.22394
418 88.8035 9.94926 1.71919
419 75.7869 33.4505 1.82059
420 1.74284 94.7106 2.06294
421 86.0596 8.61614 1.10961
422 87.3376 2.87641 1.82015
423 12.6333 15.1821 2.42303
424 85.9096 13.7194 1.52803
425 2.67759 3.07867 2.80748
426 23.7886 17.8817 2.31542
427 90.1309 13.7451 2.18111
428 6.92725 95.1642 2.7187
429 14.6762 96.0078 2.33092
430 33.7775 8.92765 1.30168
431 12.1758 6.38443 2.37175
432 83.9895 12.1156 1.77556
433 21.0371 17.4309 2.65523
434 3.57161 93.7496 2.03363
435 75.2651 45.3686 1.9322
436 42.3349 8.79933 2.05285
437 97.7375 87.3998 2.51442
438 5.90346 21.7245 2.88004
439 13.8426 18.9749 2.03804
440 12.15 86.3217 2.49906
441 85.8877 88.5414 1.58534
442 4.25066 14.5944 2.77783
443 7.11973 67.9921 -0.97449
444 11.1646 3.0589 2.66396
445 86.1743 43.9924 1.4743
446 80.8338 45.024 1.61903
447 86.9138 93.2046 1.48959
448 94.5137 4.31164 1.16375
449 16.7174 87.6913 2.60049
450 81.4539 5.97994 1.67391
451 3.20218 86.2657 1.83334
452 91.1859 15.0638 1.77674
453 10.7802 88.3971 2.58435
454 91.8669 11.7077 1.9748
455 80.3166 35.2836 1.78735
456 73.6635 98.2661 1.4863
457 87.7102 0.523645 2.17049
458 95.6917 99.6223 1.70253
459 87.9693 33.8415 1.69159
460 98.3138 88.8888 2.32195
461 62.5571 40.3167 1.90487
462 13.5781 2.58005 2.48305
463 91.7434 3.26162 1.2937
464 18.8055 8.60673 2.13363
465 82.8791 4.34979 1.79283
466 16.4079 97.7171 2.51394
467 15.2766 18.0596 2.27976
468 94.4808 89.4703 1.61824
469 47.6293 5.88836 2.09097
470 28.0248 87.2737 2.66455
471 6.50848 96.5471 1.89545
472 14.2104 3.82833 2.94085
473 9.75776 7.95078 2.293
474 4.40144 46.4763 1.72493
475 89.0337 90.8902 1.65711
476 87.7268 38.4132 1.43164
477 7.95031 90.1825 1.96453
478 84.4454 25.9156 1.78848
479 74.9016 35.8046 1.62123
480 90.5388 95.3964 1.83156
481 18.0866 15.4861 2.43517
482 1.78198 82.0433 2.08623
483 79.1251 7.03795 1.15847
484 94.2108 93.4125 1.83498
485 89.7676 81.1893 2.03308
486 14.5548 90.728 2.46649
487 16.7452 98.5936 2.43406
488 50.2274 2.00461 1.08104
489 74.5525 33.5323 1.89538
490 80.6359 42.5213 2.23375
491 8.33134 91.4152 2.4832
492 16.1297 8.64496 3.00357
493 9.73509 98.5524 2.34553
494 6.16945 86.8675 1.83589
495 1.04237 96.3264 2.89116
496 97.073 9.86355 1.47223
497 88.7828 9.96785 1.77579
498 18.9832 95.7933 2.32213
499 95.6536 26.7027 0.662157
