500
Particles
0 35.2949 40.6792 2.41731
1 65.4603 36.6794 1.8105
2 44.6558 76.9474 3.05768
3 59.0805 72.1366 1.95263
4 80.1774 33.7613 1.34266
5 42.394 35.4235 2.29554
6 45.0977 59.3629 1.26729
7 69.8424 80.6947 1.36945
8 65.5061 42.7891 2.12029
9 65.5332 45.666 1.81647
10 55.0958 42.2647 2.34396
11 44.9751 74.943 2.49368
12 45.0094 72.4022 2.59542
13 85.2692 25.7426 1.78015
14 81.5917 37.0399 1.24905
15 92.5302 29.0647 2.24336
16 61.5708 46.0595 1.89691
17 73.6857 53.3103 1.40533
18 77.4708 43.3724 1.87546
19 59.1683 67.0539 1.77389
20 59.2369 72.8067 1.68836
21 35.6841 57.4889 1.52538
22 51.426 52.1107 2.36133
23 85.3937 30.0534 1.46104
24 62.0666 75.995 1.11412
25 41.0131 43.8537 2.24534
26 41.5956 30.5291 2.56214
27 33.5337 70.836 2.50069
28 41.6963 51.3231 2.42895
29 17.4958 26.4448 0.141899
30 53.5881 87.3169 0.503381
31 47.461 51.8939 2.1004
32 55.486 71.6072 1.30029
33 63.2445 81.8707 1.76426
34 46.423 45.9999 2.50836
35 74.0802 48.0642 2.37698
36 52.6179 94.1427 0.495238
37 48.9468 66.1794 2.04536
38 41.0101 48.4154 2.11783
39 80.8905 30.4401 1.70836
40 48.8963 43.9394 1.96089
41 78.2348 30.7333 1.51127
42 58.7838 49.4615 2.59063
43 62.1014 72.6744 1.1679
44 62.8173 37.5011 1.67666
45 58.2947 45.3211 2.61766
46 45.6948 47.3014 1.97648
47 75.1356 71.5967 0.861131
48 51.3808 46.4591 2.31896
49 42.2383 39.1478 2.33381
50 81.8958 48.1192 1.84783
51 52.7466 52.1739 1.89544
52 64.4441 74.5401 0.885726
53 51.8494 94.3342 0.73431
54 83.1305 34.4385 1.98585
55 64.7007 68.649 0.980102
56 85.3318 36.5925 1.48498
57 51.3077 33.9662 2.7201
58 82.8422 40.3331 1.84119
59 41.0942 45.7361 2.28807
60 80.3391 46.0713 2.11511
61 53.947 44.3303 2.56413
62 62.4518 40.6653 1.71612
63 62.727 30.6518 1.94029
64 43.0812 64.1436 1.3194
65 70.1091 72.7966 1.67424
66 77.8791 49.1036 1.68941
67 78.2112 48.6959 1.94271
68 67.0581 70.0458 1.63661
69 58.5281 37.3377 2.34838
70 47.179 63.4824 1.984
71 46.6463 46.1821 2.32838
72 79.3674 44.9948 1.604
73 52.2241 65.7544 1.73601
74 49.9473 36.4915 2.77623
75 70.3386 77.8016 1.25275
76 54.0502 37.4887 1.91632
77 49.3651 63.2791 1.40072
78 42.1797 27.9174 2.7016
79 84.4205 42.0748 1.99925
80 50.7411 42.1546 1.8955
81 76.5691 47.3567 2.0374
82 58.8924 63.9552 1.74541
83 78.3849 39.346 2.12924
84 65.8635 65.7042 1.04313
85 51.5488 44.5203 2.23708
86 52.1199 42.6042 1.70391
87 52.63 61.2914 1.49094
88 64.2124 68.1616 1.89811
89 48.3515 37.4754 1.93035
90 62.3266 76.344 1.21872
91 48.4852 54.1186 2.10347
92 50.4517 59.292 1.35405
93 77.4128 33.7613 1.86105
94 52.6657 45.3196 2.30999
95 59.3913 67.8152 1.56643
96 37.5466 62.02 2.08056
97 49.3909 66.7623 1.83188
98 48.2221 37.8584 2.3188
99 50.7209 59.7259 1.99512
100 65.4081 74.9628 1.65363
101 81.5553 44.7755 1.97048
102 56.4689 43.7681 2.51354
103 45.6385 42.1545 2.46537
104 53.8009 50.1031 2.56698
105 61.9275 77.4713 0.975501
106 80.5399 34.0774 1.76537
107 36.613 46.8918 2.02705
108 51.6303 50.9575 2.53277
109 90.1207 41.7016 1.90218
110 75.0116 78.6959 1.02702
111 50.3199 65.2619 2.22156
112 59.2932 71.6482 1.30475
113 44.5855 57.0175 2.0209
114 37.5238 68.7189 2.43143
115 46.753 71.9985 2.51379
116 49.8444 32.0741 2.525
117 45.9 50.4538 1.8838
118 55.8478 73.9477 1.90893
119 83.0348 36.6214 1.96188
120 40.9608 42.2507 1.98212
121 70.7747 45.3888 2.21277
122 52.1637 47.2375 2.28984
123 72.6347 39.2931 1.61155
124 1.3404 98.1879 -0.303515
125 68.0282 68.3463 1.37895
126 60.2935 55.0205 1.92751
127 80.5897 27.7908 1.01948
128 63.9854 76.0401 1.65066
129 36.5044 74.5958 2.77328
130 41.6682 51.4748 2.53197
131 52.1193 39.6925 1.99737
132 69.1429 69.6813 1.73177
133 70.3402 71.5021 1.26673
134 41.4558 36.7198 2.10674
135 51.0608 63.9517 1.94023
136 47.9398 34.8216 3.01172
137 43.3662 64.4235 1.49582
138 54.3597 45.0508 1.96118
139 44.3353 42.7357 2.52718
140 56.2304 41.7963 2.07036
141 66.7231 69.7939 1.23508
142 78.6313 36.7106 1.98003
143 63.3565 49.9211 2.22029
144 44.0796 67.5451 1.54604
145 36.2238 73.6979 3.27186
146 39.1149 46.5061 2.61871
147 60.6281 82.2205 1.33723
148 51.4357 63.9885 1.83515
149 77.5937 47.2846 1.93945
150 58.3449 45.6813 2.25961
151 56.2363 70.1503 1.16515
152 50.8173 36.1777 2.72531
153 51.1749 49.6866 1.90977
154 62.6688 47.9012 2.32401
155 75.0035 72.3661 0.885719
156 69.7245 43.4996 1.56576
157 60.2231 57.2466 1.79463
158 41.2819 32.5889 2.89696
159 66.0432 54.7121 2.52419
160 62.8709 83.3086 1.61714
161 62.2368 52.5946 2.49031
162 75.5256 48.5542 2.15534
163 63.1235 66.5483 1.08894
164 68.7823 75.4663 1.46834
165 73.3949 46.1742 2.53035
166 64.3751 66.8264 1.79493
167 54.0422 67.5371 1.73877
168 83.0918 43.8661 1.40261
169 68.5695 73.4102 1.56352
170 68.5476 30.4213 1.45828
171 45.6699 59.8881 1.38181
172 35.4362 43.9797 2.49115
173 57.7533 41.7181 2.05642
174 40.947 31.7779 2.52354
175 69.3151 67.0455 1.08261
176 15.6492 30.9672 -0.107986
177 45.485 40.3661 1.98082
178 64.9681 74.7098 1.145
179 43.3475 53.279 1.5772
180 45.9159 59.3355 2.11403
181 66.7767 47.8934 2.36013
182 86.3865 36.9399 1.35087
183 36.2201 40.3455 2.85171
184 51.6866 59.6248 1.35742
185 69.6563 73.2395 0.841335
186 54.6266 49.2273 2.31579
187 58.5418 71.4307 1.48373
188 71.0464 35.5721 1.7765
189 42.5713 76.7581 2.89847
190 41.6492 33.2589 2.95888
191 46.9552 68.9008 1.87282
192 48.0178 35.0746 2.68788
193 52.4955 55.0515 1.63595
194 50.6955 41.9639 2.13027
195 41.5143 60.8297 1.86619
196 44.3455 41.0508 1.88522
197 51.0173 39.6214 1.89687
198 49.696 59.2717 1.51312
199 42.1174 35.2243 2.28789
200 51.2398 62.966 2.18978
201 18.5748 24.4525 0.297897
202 62.1479 76.0656 1.10199
203 67.2333 56.6936 1.61149
204 42.1214 31.2526 2.58407
205 53.4646 65.6884 2.01206
206 48.2176 41.7979 2.03342
207 42.5876 47.8097 2.27273
208 62.1079 64.7452 1.67871
209 56.9534 73.0506 1.17999
210 82.5668 46.0642 1.33789
211 52.3137 47.4164 1.73354
212 70.2196 70.7323 1.48397
213 56.8307 68.2404 1.56124
214 68.9572 34.1781 2.04912
215 37.8206 49.9376 2.48086
216 59.9819 50.8137 1.72104
217 41.7096 58.7004 1.82495
218 73.3794 65.9426 0.899491
219 76.0184 54.0071 1.8772
220 51.2661 65.6178 2.03945
221 54.7955 54.958 2.40151
222 49.8658 66.3629 1.54777
223 65.3356 78.8046 1.23773
224 59.2879 72.8409 1.67311
225 48.9551 76.0339 2.35129
226 61.8039 44.4769 1.94379
227 54.3291 49.7177 2.07136
228 53.7041 43.256 2.49601
229 54.8737 42.5421 1.75979
230 85.0185 27.2772 1.28846
231 85.8375 44.4022 1.26898
232 51.4746 57.1081 1.75212
233 46.972 45.892 2.43743
234 42.8605 41.4575 2.76749
235 85.0984 34.2887 1.79304
236 60.856 42.8104 2.4575
237 43.9571 77.0473 2.85874
238 85.6242 35.5686 2.05562
239 79.086 35.9728 2.06453
240 42.2354 69.0836 2.06092
241 64.5717 41.1049 2.28366
242 56.1666 53.5402 1.6438
243 50.4094 61.9535 1.96768
244 64.5158 54.0724 1.69174
245 52.7832 52.1987 2.49675
246 54.8113 44.7284 1.91647
247 79.3925 21.704 1.72427
248 80.7325 36.9398 1.379
249 48.1224 34.6851 2.51397
250 32.371 72.4095 2.54343
251 38.6006 74.8083 2.52688
252 67.3723 79.4505 1.69848
253 59.3274 74.3049 1.57687
254 52.9354 40.5608 2.58029
255 76.3124 46.5435 1.65382
256 56.3443 51.2128 1.95867
257 53.9183 43.9239 2.18048
258 69.4654 47.1015 1.76773
259 84.7876 35.5631 1.3434
260 42.9346 34.713 2.44585
261 82.3233 38.1819 2.18274
262 58.4403 46.5357 2.45008
263 48.7593 54.0807 2.48398
264 60.0373 82.4587 1.32593
265 51.1084 39.9401 2.13027
266 45.3239 38.3205 2.0053
267 40.5649 65.4483 2.24888
268 43.713 44.628 2.0271
269 32.7461 72.7868 3.4174
270 84.7424 40.0119 1.36067
271 87.7174 37.8168 1.91218
272 55.9007 68.3412 1.65645
273 44.0599 42.4918 2.62727
274 48.5837 49.7625 2.31551
275 54.597 42.687 1.93723
276 45.6497 37.2482 2.88323
277 48.2008 58.3287 1.73839
278 59.2673 32.1127 1.67946
279 56.4082 54.0979 2.3819
280 86.6225 40.0607 1.86128
281 54.2992 47.1661 2.6205
282 83.551 36.186 2.10352
283 52.0282 71.9889 1.84605
284 58.1456 35.8737 1.6311
285 48.5903 63.4109 1.27858
286 76.8312 29.5435 1.87816
287 51.5358 43.9345 2.50456
288 61.9452 68.5677 1.50611
289 58.7303 37.1368 2.23165
290 47.6508 46.7144 2.5202
291 68.213 38.5933 2.2974
292 65.7734 73.1197 0.86616
293 46.7849 49.0874 2.18797
294 87.7145 35.8177 1.25234
295 16.2205 58.5143 1.38583
296 53.7377 60.6913 2.28442
297 59.447 45.5638 2.32523
298 69.4085 40.5038 2.36571
299 50.1643 67.7812 2.20006
300 49.0924 43.0687 1.91145
301 80.0186 46.8417 2.26378
302 39.5431 40.8717 2.72972
303 53.018 44.689 2.06968
304 62.7928 32.104 1.79737
305 42.2883 74.5648 2.18891
306 58.6353 78.6721 1.02561
307 42.9439 75.0738 2.5048
308 84.0721 40.8379 2.15905
309 47.3929 50.6825 2.22436
310 62.6973 79.7028 1.11815
311 87.9211 31.4309 2.07932
312 51.5801 51.7027 1.59927
313 56.8442 69.1012 1.509
314 77.4827 52.3003 1.94916
315 52.5274 47.8025 1.87694
316 50.779 60.5989 2.01616
317 83.876 41.7692 2.11499
318 46.3943 73.0009 2.60759
319 49.5565 67.8418 1.42839
320 50.1836 65.28 1.96832
321 74.8131 51.3381 2.00312
322 51.8894 63.1424 1.88379
323 82.4071 42.0168 1.77476
324 54.8661 23.3777 -2.21296
325 59.9731 50.5253 2.54762
326 53.0641 40.6369 2.19208
327 50.0679 46.1511 2.17878
328 55.2577 62.1452 2.06475
329 61.2118 69.1313 1.13322
330 58.5477 68.1416 1.5243
331 68.4154 82.1726 1.23477
332 58.9332 69.6292 0.996375
333 52.0459 60.5981 1.55864
334 78.5427 32.4962 1.36448
335 45.9688 67.8245 2.14663
336 51.151 64.1962 1.79992
337 79.4594 34.2847 1.46524
338 57.4397 49.4099 2.24243
339 53.4772 45.9245 2.59961
340 23.9679 53.1442 2.96634
341 77.6656 39.9535 2.18045
342 80.6192 43.2564 2.13954
343 59.1665 53.2487 2.21239
344 55.2545 45.3667 2.26897
345 64.9394 72.4876 1.66346
346 75.4828 30.818 1.58157
347 42.3303 32.3425 2.85053
348 71.8008 35.6121 1.82607
349 42.3766 29.5598 2.66596
350 53.1586 50.9142 2.05161
351 66.8695 43.7182 1.5031
352 64.0261 37.1599 1.62874
353 65.1553 77.8721 1.70478
354 47.7495 37.508 2.64222
355 55.3059 38.8046 2.07287
356 53.8581 62.9228 1.22187
357 75.6048 74.3727 1.80708
358 85.4021 41.3634 1.26468
359 42.2839 45.062 2.35963
360 70.8384 54.5723 1.47245
361 38.5208 36.5467 2.39707
362 38.3463 62.4217 1.36709
363 53.4809 42.6564 2.60228
364 65.6622 82.9738 0.978504
365 50.1036 52.8347 1.60351
366 49.1043 62.0652 2.16452
367 52.2718 65.922 1.81205
368 36.7679 43.9693 2.66264
369 60.087 68.1938 1.71924
370 58.3247 75.3719 1.03428
371 77.9297 46.7817 1.7449
372 88.9657 36.3797 1.79406
373 50.5418 63.9647 2.25131
374 40.4595 75.8202 3.0797
375 52.7224 56.8091 2.05065
376 90.8275 39.7149 1.67678
377 55.986 69.6302 1.2165
378 47.7587 49.7279 2.02416
379 50.821 68.5402 1.394
380 55.2129 43.5028 2.13766
381 45.4354 31.2545 2.69562
382 41.8212 60.4441 2.07778
383 66.4477 70.2903 1.42343
384 51.9159 57.614 1.65783
385 66.3511 81.4044 1.7511
386 53.4295 92.4618 0.558788
387 42.5927 37.2931 2.00154
388 60.8724 47.9619 2.62236
389 40.4306 43.3287 1.90921
390 74.8914 41.9966 2.15684
391 84.5203 39.8462 1.73765
392 40.2765 40.8126 2.6713
393 57.4882 52.8715 2.08649
394 42.7356 63.3832 1.59603
395 84.9258 42.0382 1.34871
396 76.892 52.4177 1.45392
397 45.5949 71.5115 1.97305
398 58.0935 68.0177 1.8332
399 68.8403 41.9189 1.98278
400 77.3856 35.1619 1.33417
401 60.1589 67.1641 1.31203
402 47.2927 35.766 2.28034
403 36.7106 57.504 1.62904
404 50.7604 46.1806 2.22807
405 63.3587 36.3217 1.66498
406 83.1513 24.7514 1.171
407 45.2224 61.4231 1.27535
408 37.0958 49.2322 2.04107
409 56.252 65.0773 1.43885
410 78.9996 37.4353 2.0953
411 40.3599 70.1094 2.66264
412 60.746 41.9463 2.36052
413 80.6693 37.5778 1.93637
414 56.7877 52.1159 1.66898
415 66.462 72.3617 0.793212
416 52.5397 59.512 2.24384
417 75.986 34.9709 1.6343
418 83.1405 45.3912 1.80404
419 62.3677 69.6361 1.7261
420 46.068 47.6807 2.56467
421 78.7217 44.5129 2.07103
422 84.5857 38.3446 1.26401
423 51.4655 63.8751 1.71588
424 81.7846 49.6049 1.80163
425 43.3808 57.2614 2.06339
426 54.0108 69.8098 1.24655
427 38.1962 75.5032 2.33704
428 52.2952 48.735 2.19906
429 57.369 48.5556 2.52516
430 62.7554 50.5618 1.96201
431 53.4194 56.7492 1.95741
432 76.8551 48.3138 1.55902
433 54.3754 67.7111 1.56402
434 46.665 44.3308 2.60263
435 67.9843 81.6275 1.02982
436 65.2315 49.1113 2.25325
437 43.8555 40.8354 2.1748
438 16.3506 27.4819 0.547025
439 51.1473 66.9793 2.01806
440 55.7064 37.7596 2.50321
441 82.0197 25.5093 0.823084
442 44.0546 63.8204 1.80461
443 44.2766 34.5616 2.74079
444 51.7504 53.1899 1.88098
445 40.526 32.1646 2.72288
446 71.7374 81.5558 0.944065
447 80.6344 29.1454 1.46398
448 11.831 48.3037 2.17539
449 57.4406 36.5767 1.72184
450 80.2804 41.4434 1.8844
451 49.6639 39.9621 2.51758
452 39.8194 77.6149 2.73728
453 56.4394 41.9036 2.08618
454 37.065 73.62 2.54692
455 67.2963 70.9006 0.877082
456 74.6599 33.9968 1.77567
457 84.8231 35.5968 2.20812
458 20.7304 52.4635 2.94305
459 69.5464 70.8319 1.71277
460 43.9946 42.5358 2.54788
461 61.0367 76.0016 1.28744
462 54.6477 53.875 1.92598
463 87.3112 38.6449 1.31817
464 56.376 55.3479 2.20428
465 81.667 40.086 1.95283
466 58.2145 49.141 2.09864
467 51.8443 65.2345 2.15094
468 41.0941 44.0123 2.59923
469 65.9391 44.6878 1.94442
470 66.2195 35.8757 2.22938
471 52.5121 50.449 1.82637
472 54.2217 53.6918 2.0607
473 49.5882 58.9775 2.25944
474 4.04407 20.518 -0.785634
475 81.1693 27.4985 1.25173
476 77.0393 75.2138 1.39733
477 53.0246 43.0673 2.47571
478 65.1864 64.597 1.26752
479 62.8599 71.4095 1.68348
480 91.5893 31.6417 1.99994
481 54.0483 61.1832 1.59299
482 47.7787 36.0708 2.29597
483 79.133 42.1624 1.66625
484 39.1682 47.2878 2.15814
485 37.2688 38.6225 2.88351
486 59.5497 42.8764 2.68329
487 58.7074 49.8856 2.19003
488 66.2708 42.0416 2.15897
489 64.0894 68.8631 1.39137
490 67.2972 79.2804 1.06717
491 53.1915 43.3839 2.67671
492 56.0152 57.1119 2.25189
493 51.9408 49.563 1.88127
494 52.5808 41.496 2.55531
495 45.3268 48.6387 1.75268
496 44.4537 68.882 2.31238
497 84.8133 46.5496 1.6748
498 61.1818 47.6124 1.95867
499 72.3207 67.3837 1.20556
