500
Particles
0 55.7793 85.4159 -1.02542
1 79.1982 90.5196 1.38817
2 75.2615 96.7668 0.807201
3 10.143 39.1585 2.36297
4 75.9331 81.1074 0.325796
5 95.9488 97.664 1.49319
6 87.9523 89.2309 1.50789
7 37.3209 16.6016 -1.27568
8 64.1172 81.012 -1.25769
9 64.5703 86.9737 -1.17707
10 89.0915 6.12267 1.34657
11 27.1201 92.2743 0.628627
12 87.8715 1.24089 1.25043
13 80.2252 29.8139 -1.16489
14 79.7456 81.5765 0.669669
15 98.7006 5.15189 1.71856
16 16.365 40.7603 2.30046
17 92.7971 24.1961 -2.99151
18 81.2737 89.0683 0.909717
19 72.5022 72.8673 0.917782
20 7.36671 41.1721 2.17021
21 92.4005 85.2652 1.45022
22 84.365 4.01999 1.13722
23 95.1505 27.3733 -2.36682
24 34.8161 72.2609 -1.09561
25 97.1604 1.27409 1.7694
26 11.0001 0.207228 0.0057473
27 39.4906 14.4511 -1.87749
28 51.563 88.1893 -1.74101
29 97.0992 26.091 -2.63999
30 81.885 98.5272 1.00082
31 69.5304 64.2612 -0.803083
32 4.91599 40.2264 2.9673
33 77.4598 94.3726 0.807735
34 -0.0775753 38.8117 -2.5639
35 50.1819 83.9979 -1.82974
36 27.9493 97.3372 0.143709
37 87.9993 93.0923 0.980929
38 76.8381 97.5576 0.539356
39 74.9968 81.6577 1.20652
40 77.3762 1.59004 1.50034
41 79.4841 33.2682 -1.22098
42 63.0819 87.67 -1.71029
43 97.1698 12.1886 1.16145
44 80.426 94.4661 0.422899
45 66.685 90.8781 -1.17166
46 57.0397 89.4763 -1.59361
47 80.6852 12.4376 -2.56447
48 61.3407 78.9535 -1.43507
49 95.5092 96.583 1.17823
50 68.9796 81.8368 -1.13635
51 58.1442 91.9475 -1.38144
52 79.8855 76.6887 1.05456
53 28.2432 92.4002 0.702754
54 90.5226 10.854 1.25351
55 46.1738 19.105 -0.43498
56 96.5125 37.2831 -2.96784
57 23.6424 17.8303 1.7266
58 93.9152 32.6231 -2.29211
59 96.55 99.8611 1.69988
60 86.711 93.273 0.56283
61 60.4941 83.3935 -1.89978
62 52.7864 90.7455 -1.22751
63 76.4046 88.7479 1.1579
64 83.4812 93.4496 0.909707
65 62.8319 46.7973 -1.54971
66 86.9424 98.1885 0.507794
67 42.317 76.395 -1.50757
68 61.5365 41.8403 -2.29616
69 55.8088 94.3861 -1.50454
70 89.41 89.7952 0.953811
71 51.9404 48.7211 -1.12142
72 83.4459 94.2455 0.737405
73 50.4574 69.5401 -1.20696
74 55.809 31.3512 -2.43685
75 47.4194 15.4401 -0.729221
76 53.2739 95.024 -1.52657
77 83.5195 91.9562 0.638908
78 82.7308 96.5872 0.646481
79 85.0809 86.9974 1.24168
80 54.1378 95.7551 -1.41806
81 87.1246 95.7991 1.35726
82 4.7078 66.3199 0.789891
83 82.5429 86.5673 1.53228
84 -0.0122497 26.872 -1.72581
85 31.682 81.9463 -0.0260348
86 50.3814 3.48286 -0.642498
87 60.3114 32.2976 -2.10507
88 81.2254 80.1413 1.33593
89 10.985 99.5451 0.396791
90 14.8129 97.8712 0.959257
91 69.1508 63.3271 -0.280521
92 44.0546 17.327 -0.569165
93 93.2645 33.3112 -2.91192
94 58.6049 58.7141 -0.278095
95 53.4504 88.7894 -1.52759
96 87.0271 88.8411 0.660863
97 90.0523 93.1041 0.701781
98 14.8912 99.1866 0.141581
99 9.2836 35.5206 2.50039
100 79.6249 73.5689 0.774739
101 82.6655 87.4912 1.42162
102 63.2011 81.6228 -1.90207
103 31.3681 62.7097 -1.325
104 57.9371 85.8486 -1.83865
105 15.1861 97.7368 0.233458
106 95.6556 40.5383 -2.81611
107 54.2031 73.6752 -1.32237
108 59.876 90.4177 -1.58364
109 56.8236 77.0947 -1.81327
110 79.9614 0.48312 0.52592
111 88.4282 92.631 0.596568
112 67.2733 81.0705 -1.26994
113 88.469 29.0058 -2.6553
114 96.2474 8.59535 1.49684
115 43.1017 74.5847 -1.37521
116 88.6673 96.6867 1.24247
117 0.775888 8.05258 1.09685
118 14.1842 39.3327 2.1222
119 92.761 33.0153 -2.11784
120 1.74481 4.09754 1.38119
121 68.2512 56.6394 -0.526858
122 58.4602 60.5854 -0.208812
123 80.7704 87.8381 0.980861
124 65.9452 41.8711 -1.9749
125 60.5801 46.9727 -2.20237
126 61.2234 66.6871 -0.79275
127 64.3736 43.0981 -2.0005
128 33.7602 72.5255 -1.85414
129 58.0763 85.671 -1.14955
130 55.9156 92.7587 -0.97536
131 87.8026 3.33717 1.20514
132 23.3877 92.9592 0.766657
133 21.3956 96.9151 0.745448
134 96.2958 96.6424 0.825804
135 91.1164 90.1539 0.604344
136 22.6049 2.77452 -0.17471
137 92.2879 90.7575 0.788926
138 57.9081 64.0482 -0.661335
139 49.2328 94.1037 -1.33266
140 62.9907 83.8217 -0.976427
141 60.1783 47.9405 -1.65394
142 85.2534 83.6205 0.830845
143 69.0802 90.7004 -0.897432
144 88.1047 94.5868 1.10384
145 53.7492 71.9066 -1.41466
146 55.6741 91.6394 -1.53912
147 75.3661 93.5204 0.834099
148 56.2763 91.5012 -1.27024
149 88.5836 96.8567 1.18446
150 60.645 86.6383 -1.7635
151 52.7317 89.0486 -1.07838
152 56.6393 48.7545 -1.50768
153 57.0889 86.8216 -1.13393
154 70.1294 90.4984 -0.953826
155 23.6858 0.503175 -0.190679
156 64.8528 82.314 -1.68051
157 65.9917 93.5642 -1.39088
158 2.67845 99.0581 1.53201
159 92.6869 6.18193 1.3305
160 81.383 96.8078 0.495986
161 67.1556 61.0232 -0.610998
162 67.983 84.6471 -1.51426
163 65.3079 38.4214 -1.84787
164 84.3144 74.1453 0.176047
165 48.367 82.7354 -1.43539
166 60.6738 42.8826 -1.72474
167 95.6572 89.9863 1.19733
168 80.0911 90.5698 1.30509
169 99.352 14.9595 2.02294
170 75.2788 92.3927 1.1635
171 87.0516 88.7066 1.05804
172 48.7801 73.3814 -1.40182
173 62.8699 84.1767 -1.11351
174 92.6901 98.3351 1.49835
175 65.2193 65.4303 -0.800707
176 93.9934 6.28748 1.18941
177 31.3173 83.0041 -0.204892
178 0.0250462 33.0166 -2.33911
179 53.5694 87.171 -1.07653
180 87.7493 30.9655 -2.12151
181 67.8482 86.5194 -1.07205
182 95.8181 38.2997 -2.59935
183 65.7375 0.625079 -1.08225
184 97.1304 4.55923 1.5484
185 80.8202 20.659 -2.19041
186 57.0444 60.5006 -0.619106
187 64.7981 81.8386 -1.64137
188 76.9669 86.1863 0.408558
189 83.4119 97.8488 1.03478
190 87.539 99.0691 0.50727
191 89.7709 94.7482 1.10695
192 33.6927 81.5449 0.364402
193 59.494 80.6559 -1.1053
194 21.1519 2.20343 -0.60501
195 83.7671 90.905 1.21538
196 98.5745 97.1975 1.48644
197 52.0231 3.37934 -0.941504
198 6.91526 62.3052 1.17694
199 99.7173 98.8063 0.770181
200 93.4111 86.9263 0.609024
201 72.8985 79.503 1.22407
202 77.6426 76.2064 0.492329
203 60.4291 99.3637 -1.22871
204 92.3524 97.713 1.09219
205 53.125 72.2776 -1.82122
206 16.2471 19.547 -0.69805
207 98.8193 4.23291 1.34462
208 98.9765 6.02167 0.842855
209 90.0967 3.32543 1.44604
210 84.5092 91.1116 1.25078
211 86.5205 3.88815 1.57943
212 22.088 95.0577 0.0720938
213 56.2769 94.5601 -1.08495
214 80.4339 85.8134 1.31978
215 83.1286 40.6172 -2.79206
216 67.888 94.5573 -1.49009
217 90.5829 86.8457 1.11148
218 64.7189 96.475 -0.728867
219 84.842 13.9964 -2.109
220 0.464897 92.8557 1.35602
221 64.2143 94.5346 -0.80584
222 87.4851 92.2161 0.45364
223 77.0986 19.1485 -3.13545
224 10.746 36.7144 2.17526
225 34.3592 13.6866 -0.803172
226 63.9748 87.8704 -1.68006
227 63.8493 79.6646 -1.14734
228 54.8677 4.20303 -1.0297
229 64.4658 89.7581 -1.18194
230 71.1007 38.8365 -1.66669
231 84.101 93.452 1.12358
232 70.0153 60.6337 -0.0709258
233 26.071 60.21 -1.61173
234 98.0992 99.9373 0.95903
235 95.1894 37.4893 -2.49126
236 64.3376 83.5254 -1.01174
237 84.6999 96.5307 0.466414
238 96.6297 33.3666 -2.96851
239 76.5946 84.8913 0.552935
240 87.8215 1.8821 0.955405
241 83.3486 97.2366 1.41921
242 59.7806 92.2302 -1.31384
243 92.236 88.5241 0.776027
244 64.5486 61.3848 -0.256944
245 60.1987 92.0958 -1.01601
246 62.5186 55.8587 -0.387938
247 68.1634 42.4697 -1.91941
248 81.1292 83.8136 0.500124
249 90.1314 96.4663 0.643986
250 44.6196 12.2514 -0.454739
251 79.9986 97.5618 0.753763
252 36.9274 18.0166 -1.54256
253 83.3271 19.9911 -2.45843
254 84.5909 3.09957 0.872001
255 89.0953 96.6227 0.78505
256 62.0525 91.1094 -1.54766
257 61.1727 58.8938 -0.438896
258 67.6833 82.9135 -1.16417
259 97.2115 41.5126 -2.81543
260 97.7379 96.749 0.981165
261 88.9568 23.2399 -2.16173
262 67.8233 87.832 -1.27474
263 26.5469 84.6969 0.0162359
264 79.2434 94.1966 0.723289
265 29.7293 59.0331 -1.07929
266 39.3565 85.77 -2.425
267 81.8419 93.4128 0.605432
268 79.6171 3.22708 1.6761
269 28.5422 89.566 0.731082
270 93.4461 34.8908 -2.71601
271 96.3377 37.6524 -2.28142
272 54.9913 3.8189 -1.26851
273 98.5083 99.0911 1.04814
274 27.4338 84.3852 0.643782
275 60.4189 84.7707 -1.44285
276 17.1239 99.2428 0.818064
277 50.3706 72.2979 -1.31726
278 76.9867 90.3237 0.512098
279 63.6379 94.2062 -1.55419
280 83.3095 83.3275 1.02336
281 59.4821 66.5309 -0.581746
282 94.3351 27.9624 -2.4038
283 95.3796 93.7106 1.2659
284 85.3667 97.4234 0.515963
285 88.2959 89.22 0.84801
286 67.6843 41.8689 -2.36771
287 60.3619 56.7029 -0.0711663
288 10.8204 37.0471 2.7302
289 79.2908 95.1604 0.661636
290 59.716 82.113 -1.44392
291 79.7488 92.1475 1.3502
292 99.8711 14.7774 1.65418
293 28.2176 84.5337 0.0191741
294 92.5515 12.0231 1.77873
295 37.9199 19.8971 -1.65725
296 97.8941 5.88966 1.51386
297 65.7221 86.3175 -1.73159
298 80.4863 93.1747 1.3049
299 93.1482 92.2203 0.93805
300 28.8242 80.1901 0.343848
301 86.9628 95.3227 0.974305
302 76.7617 98.5325 0.782419
303 64.8139 77.084 -1.36761
304 79.0149 88.3125 0.754433
305 85.5642 97.8882 0.763748
306 29.7381 0.636969 0.0123466
307 82.2081 94.7884 1.30809
308 89.7417 28.6365 -2.9621
309 36.9066 87.9843 -2.4678
310 37.0998 11.2679 -1.00977
311 78.8962 14.0976 -2.14099
312 58.425 92.5509 -1.721
313 50.2505 88.8993 -1.26399
314 18.7 39.8896 2.86487
315 61.2446 82.3984 -1.7136
316 91.9815 88.8028 0.768537
317 85.0349 86.0694 0.611796
318 92.1934 3.52348 0.920501
319 89.3123 92.5859 1.18504
320 86.3019 94.3731 0.602657
321 82.3864 11.894 -2.12158
322 88.2935 91.6414 1.36514
323 84.2888 86.8018 1.45755
324 81.4361 98.6596 1.04521
325 64.5461 90.0849 -1.61516
326 7.23717 34.5033 2.68611
327 48.2256 92.1599 -1.10046
328 98.8349 6.60645 1.12106
329 6.92334 39.4185 2.13535
330 54.2696 90.4094 -1.63692
331 22.935 90.9569 -0.105469
332 7.32095 40.5454 3.01753
333 3.19705 61.7134 0.670163
334 75.294 81.6189 0.353559
335 90.1629 93.0146 0.675093
336 96.7612 89.1132 1.27064
337 77.9819 83.3172 1.26947
338 64.043 88.2393 -1.44948
339 6.0786 35.8086 2.20652
340 83.1376 90.3024 1.0732
341 76.1314 87.9551 0.502454
342 81.4002 90.4763 0.860996
343 64.4208 93.3286 -0.760485
344 66.9888 79.311 -1.50244
345 95.8123 11.1745 1.94919
346 81.3974 32.0841 -2.0579
347 16.5685 99.7712 0.141315
348 79.3914 86.0601 1.22735
349 85.626 98.3405 1.0865
350 60.8262 90.2941 -1.32674
351 65.8794 83.6398 -1.19336
352 78.9098 92.0527 1.19338
353 57.0831 28.5485 -2.31356
354 55.4112 45.9896 -1.73966
355 89.4792 6.73936 1.92344
356 8.05994 38.1702 3.02128
357 25.6695 92.6287 0.441946
358 91.1236 28.3526 -2.26703
359 99.8327 4.75648 1.31313
360 70.3734 93.8657 -1.00313
361 91.2015 99.5166 0.973467
362 87.1456 89.7133 1.34295
363 53.0924 0.977 -1.19319
364 79.4546 94.1829 0.866105
365 56.4977 88.8558 -1.2614
366 92.7886 88.3317 0.855186
367 55.7979 74.8217 -1.11433
368 54.3517 90.1953 -1.124
369 97.7086 9.25308 1.10008
370 90.9855 1.63234 1.17959
371 88.3976 97.4601 0.915608
372 92.3297 11.2968 1.92043
373 85.199 34.4132 -2.5964
374 81.4371 95.7516 1.09967
375 56.2568 87.3634 -1.37388
376 58.1195 74.5703 -1.44195
377 38.3866 70.1235 -1.60749
378 60.4736 90.9691 -1.35378
379 98.1111 94.2591 1.00736
380 64.5219 87.1442 -0.920924
381 19.419 99.9047 0.322299
382 85.5696 89.5044 1.23068
383 18.4899 38.7097 2.90208
384 2.00866 14.8289 2.23222
385 40.3471 15.241 -1.43503
386 31.6708 16.2243 -1.08782
387 27.038 76.0913 0.465502
388 65.8559 88.9781 -1.00596
389 97.4845 99.8839 1.06062
390 80.7202 91.3274 0.799881
391 91.9466 28.8119 -2.94483
392 81.9397 0.286273 0.517909
393 65.6078 91.9477 -1.12677
394 90.0678 88.6869 0.9831
395 89.4458 24.1058 -2.47618
396 83.5014 15.0397 -2.24942
397 92.2792 96.4164 1.09056
398 87.5321 1.96063 1.60619
399 40.9431 73.183 -0.782026
400 80.2096 82.1184 0.68696
401 61.5946 40.6861 -2.27145
402 55.9235 99.6889 -0.59117
403 84.9704 87.851 0.91143
404 21.3284 15.8171 1.61919
405 79.6251 88.4338 0.544155
406 70.8982 37.0636 -1.70981
407 89.9852 87.5049 1.41241
408 83.9306 33.8562 -1.50279
409 94.1511 90.551 1.45317
410 77.9436 83.8911 1.32565
411 96.8166 8.56353 1.82642
412 55.4343 99.1236 -1.00083
413 90.6612 19.6443 -2.56871
414 62.3057 89.4572 -1.0972
415 99.4537 14.2272 2.46788
416 96.5749 3.15925 1.40807
417 84.2932 83.2474 0.729472
418 86.7605 90.8502 0.471594
419 74.5842 75.5579 0.664043
420 0.962006 5.59083 1.06977
421 81.3844 88.8017 1.34305
422 94.9556 33.6599 -2.20731
423 53.6348 54.0061 -0.365139
424 94.3941 7.40405 1.64887
425 90.5754 85.2602 0.528464
426 45.0126 72.9847 -1.75002
427 80.2252 96.9141 1.15023
428 59.3896 89.3892 -1.01466
429 61.0061 88.4234 -1.22894
430 64.1744 61.0392 0.0620165
431 59.7001 88.2 -1.42072
432 64.9626 82.1304 -0.893539
433 46.2577 75.6159 -1.11235
434 92.4687 8.12573 1.76082
435 75.7519 92.2734 0.385666
436 66.5518 87.5766 -1.32854
437 15.4575 4.12196 0.75963
438 73.1696 80.825 0.531682
439 48.939 73.85 -1.67083
440 57.2529 44.8695 -1.39859
441 82.8008 78.1883 0.62817
442 87.014 91.3524 1.37347
443 54.1208 46.1361 -1.69267
444 59.5577 89.6614 -0.937547
445 87.5127 97.6189 1.36721
446 83.6978 23.9669 -2.3305
447 69.3516 42.3248 -1.84626
448 96.0408 6.03772 1.65289
449 86.8498 96.5595 1.38193
450 80.8828 87.2519 0.812065
451 51.7478 96.2217 -1.57083
452 84.8515 97.1205 0.990214
453 65.7797 85.3723 -1.56745
454 91.0831 37.4936 -2.93461
455 58.5287 40.3485 -1.95637
456 77.8566 80.7513 0.575526
457 96.6898 33.3351 -2.90394
458 10.0706 42.2163 2.4249
459 54.1573 53.5047 -0.469551
460 96.3302 98.5668 1.691
461 16.2677 98.0262 0.700779
462 62.3987 91.7445 -1.57692
463 57.3117 72.8286 -1.03653
464 62.8624 96.5682 -1.20777
465 92.224 30.8125 -2.62251
466 67.9256 91.9999 -0.739784
467 90.2424 91.1439 0.765523
468 95.6663 100.335 0.930222
469 63.5127 86.7414 -1.44511
470 81.2104 87.5252 0.994356
471 61.0143 92.2601 -1.01775
472 61.3778 93.4504 -1.20057
473 80.1212 41.8861 -3.23794
474 95.7988 5.50333 0.845982
475 78.1464 32.6345 -2.09074
476 23.3164 98.2294 0.724016
477 23.8708 20.1765 1.82069
478 67.9203 64.0794 -0.157173
479 99.0094 12.4543 2.01945
480 97.1027 31.9323 -2.33749
481 98.9105 4.51258 1.15008
482 18.1066 99.1719 0.880441
483 83.9694 86.9865 1.31132
484 80.9284 99.4929 0.772871
485 77.2503 97.0376 0.990822
486 64.8966 84.8943 -1.33064
487 68.1526 93.3212 -1.05285
488 45.7024 78.9547 -0.981861
489 59.7455 42.9787 -1.83361
490 38.4498 19.0437 -1.0435
491 59.9613 61.4117 -0.467157
492 60.8815 90.5831 -1.22473
493 58.7292 69.2486 -0.764838
494 62.2866 57.0875 -0.438086
495 36.7617 75.9762 -0.984786
496 86.8387 95.8752 1.23635
497 92.9006 1.70834 1.77347
498 62.775 89.2514 -1.12273
499 55.2941 51.8494 -0.505558
