500
Particles
0 9.5643 53.9815 1.82993
1 65.6136 87.8793 2.03
2 65.7827 62.3391 1.01811
3 51.5073 82.5522 2.20233
4 83.1603 6.41046 2.55529
5 68.9404 85.7453 2.09594
6 5.67734 22.0869 2.59307
7 62.195 89.481 2.27881
8 77.0596 14.5569 2.15143
9 41.0603 62.1623 3.00569
10 3.29084 98.1834 2.61818
11 4.06913 31.0353 2.58632
12 73.698 62.106 1.37131
13 71.4969 74.8294 1.85574
14 84.4917 7.23869 2.55289
15 76.0248 85.3375 2.18079
16 41.6403 13.2057 1.65054
17 1.19181 37.7862 1.78197
18 86.5178 22.0117 2.45418
19 81.8745 24.15 2.67103
20 54.8593 84.5249 2.50301
21 0.344639 16.7393 2.50993
22 4.84026 11.7955 2.20569
23 78.4628 95.34 1.70792
24 55.9938 85.94 1.84625
25 85.8042 94.8924 1.91401
26 1.75109 52.6978 1.24152
27 98.1454 24.8727 2.59962
28 98.2327 11.4201 2.71519
29 87.8177 59.5721 0.988532
30 60.3442 57.764 1.39825
31 1.21789 11.8552 1.86739
32 99.415 59.3554 0.919508
33 41.6073 91.6242 2.41726
34 86.0699 90.4799 2.94273
35 87.5643 28.8663 2.04531
36 19.0244 51.511 -1.5602
37 87.051 58.0811 1.16896
38 88.2134 1.30338 1.76389
39 80.8403 98.6451 2.23252
40 84.6969 82.9922 2.66298
41 72.1905 89.2478 2.40787
42 7.45147 1.92947 2.59803
43 54.3243 84.5404 2.42546
44 68.6373 87.634 2.62593
45 16.9783 10.0698 2.05431
46 84.8942 93.2756 2.31942
47 65.4796 77.3776 2.02175
48 0.442166 2.14278 2.51499
49 86.018 42.7113 1.96114
50 92.489 25.2722 1.94045
51 9.66206 13.9144 2.51376
52 52.1504 86.5565 2.37394
53 20.4892 52.3044 -2.23128
54 84.4414 4.78602 1.98366
55 60.4404 80.5766 2.55385
56 84.6544 3.54749 1.68856
57 3.52162 90.8242 2.33044
58 89.9316 16.6116 2.4135
59 79.0501 84.0617 2.58455
60 92.0555 21.5592 2.4203
61 1.11432 99.6552 2.52925
62 68.5381 91.1879 2.48867
63 79.4449 27.2765 2.18606
64 97.7024 20.1508 1.94559
65 66.9745 78.9189 2.28151
66 88.6025 25.4568 1.86812
67 92.8714 26.7162 2.54993
68 70.0509 73.1782 1.78198
69 18.6076 55.0495 -1.92811
70 2.7927 24.0944 2.26967
71 87.5957 95.4052 2.51757
72 88.588 21.5085 2.4979
73 82.0622 55.5951 0.943679
74 5.09786 98.2202 2.50678
75 60.5632 86.0107 1.80541
76 5.7753 96.579 1.75903
77 6.69805 25.0367 2.49468
78 92.816 61.0124 1.03492
79 91.3932 19.8221 2.68417
80 1.35632 0.316767 2.61333
81 93.7274 29.026 2.62978
82 83.3401 22.618 2.76572
83 83.7279 18.0072 2.78418
84 60.6827 77.9599 2.8785
85 4.55551 5.68705 2.19059
86 3.32841 0.741964 2.16165
87 88.9825 52.7448 1.45596
88 62.8595 79.5399 2.66106
89 0.881744 95.7117 1.87444
90 54.9181 86.986 2.36626
91 0.414734 11.8218 1.9085
92 8.471 21.5299 2.57099
93 79.5251 4.48735 1.59483
94 99.2651 100.206 2.36686
95 57.3395 57.8893 1.58063
96 2.09212 22.5762 2.55721
97 8.28014 29.0635 1.80609
98 93.1339 85.1515 3.19424
99 4.14984 18.1069 1.8423
100 57.6528 87.6248 2.26568
101 89.7161 23.8295 2.16464
102 2.10408 97.5738 2.2676
103 81.607 80.1742 2.39422
104 1.56966 6.044 1.55691
105 54.1305 89.3142 2.49043
106 83.6476 3.85018 1.95172
107 80.8213 92.5423 1.93959
108 4.36205 12.1475 1.90233
109 91.0108 16.6825 2.41003
110 62.0953 87.2737 1.98441
111 91.6844 58.0014 1.57707
112 51.5314 82.4172 2.11759
113 99.7511 16.1123 1.72689
114 99.4711 27.2245 2.62327
115 66.4057 58.839 1.01683
116 3.45949 90.8824 2.05517
117 89.8391 1.81497 2.61214
118 81.4289 41.6802 1.7771
119 82.0551 7.31553 2.32529
120 75.4383 72.4912 2.3873
121 63.9768 86.814 2.19387
122 91.5271 93.0246 2.57954
123 78.5101 3.91622 2.4171
124 64.951 63.2265 1.68418
125 96.513 60.3387 1.07929
126 42.6029 16.2665 2.23815
127 70.5828 78.4213 2.56244
128 59.3531 85.7733 2.19638
129 89.349 20.4152 2.21664
130 91.3565 4.38129 1.95284
131 5.89208 99.4795 1.91187
132 97.111 59.6286 1.04858
133 86.3768 38.0393 2.16403
134 63.9017 91.6284 1.87203
135 66.1826 94.1974 2.6823
136 0.957736 92.9916 2.3377
137 2.14132 22.4875 2.47809
138 6.41498 3.80176 1.85468
139 76.7262 70.9413 2.61632
140 6.39555 98.9874 2.46122
141 77.005 25.7721 1.94072
142 85.5462 17.3536 2.65309
143 85.0635 34.8931 2.08165
144 2.83563 25.0269 2.29195
145 93.2184 27.3917 2.59747
146 80.3659 91.6878 2.41788
147 44.0897 92.8497 2.31652
148 83.9398 54.7251 1.56246
149 88.0179 27.9283 2.72867
150 5.08105 1.05816 2.09956
151 0.144349 54.5389 1.62381
152 2.01001 94.2525 2.64628
153 5.3601 11.089 2.27437
154 35.6539 2.9641 -3.27745
155 79.6882 34.279 2.69758
156 79.5729 16.7708 2.76633
157 71.6252 86.363 2.80477
158 5.35445 50.3954 1.64414
159 54.6326 54.4136 1.41992
160 20.2733 53.5246 -2.07194
161 59.3364 55.3264 1.56546
162 86.0483 25.1226 2.08317
163 90.4009 64.2658 1.00573
164 67.0394 79.3301 2.26232
165 84.6531 22.9292 1.86423
166 61.6113 77.8443 2.04754
167 90.5734 57.0438 1.65919
168 91.3709 21.0347 2.45979
169 63.6709 82.191 2.5409
170 60.4033 63.1454 1.43032
171 5.34068 23.4116 2.17049
172 74.8242 81.252 1.78308
173 8.1903 99.9138 1.86434
174 66.8778 85.5789 2.17422
175 98.5425 59.2733 0.690264
176 67.715 64.7021 1.08211
177 11.8688 57.7579 0.675061
178 52.522 84.7047 1.81075
179 98.4548 12.7754 2.23216
180 4.05217 20.8913 2.13118
181 88.6962 35.8523 2.10426
182 92.0895 13.8777 2.39977
183 85.6469 42.7302 1.64382
184 13.6169 25.4109 1.70746
185 68.9425 77.4634 2.2765
186 7.04438 8.53217 2.58492
187 62.806 62.9715 0.900553
188 71.933 84.8223 2.644
189 47.2919 29.075 -0.78874
190 67.9036 82.6688 2.34312
191 76.3315 22.2953 2.19731
192 8.7769 61.4436 1.34836
193 7.98755 15.5549 2.4201
194 86.8291 80.8271 1.91514
195 95.8642 14.8664 2.78179
196 75.8751 68.7872 2.08137
197 99.4766 96.3863 2.66963
198 12.0099 25.0651 1.88656
199 54.5324 63.8503 1.74595
200 12.4095 27.1842 2.50417
201 73.6897 57.4071 1.11732
202 55.3068 88.033 2.44047
203 58.2254 57.4945 1.91928
204 99.7157 50.2317 0.949327
205 90.3762 55.9145 1.40558
206 84.764 80.8903 1.81188
207 83.6537 94.4754 2.43945
208 83.1432 28.1546 2.60259
209 60.8935 62.3693 1.17331
210 93.3919 25.8666 2.48726
211 6.06986 8.14684 2.03104
212 82.1468 35.6499 1.8971
213 97.7626 54.775 1.39753
214 69.9611 81.8068 2.12989
215 84.4752 98.9413 1.76055
216 12.812 8.51084 2.39708
217 96.9319 14.9552 2.42099
218 82.5725 41.1491 1.3875
219 0.918366 39.0736 2.36144
220 87.1156 56.6259 1.71363
221 14.6922 19.4734 1.86583
222 85.9949 56.4379 1.13985
223 57.8546 88.6011 2.30122
224 28.5665 65.1146 2.89247
225 69.8324 62.5151 1.76694
226 51.9469 57.9844 1.48345
227 8.90712 10.8866 2.66241
228 2.7254 99.248 2.10639
229 12.2817 8.18226 2.20609
230 75.2136 85.138 1.84079
231 94.1508 21.4148 2.19297
232 7.14614 16.9497 2.13157
233 84.234 89.609 2.58453
234 81.1446 83.2632 2.15316
235 84.072 3.80847 2.12323
236 40.3764 94.823 2.04028
237 65.8916 62.0473 1.21802
238 93.3509 15.2268 1.99665
239 87.3858 19.0796 2.62381
240 97.0765 22.4719 2.73201
241 77.6528 13.1137 2.85878
242 8.52454 10.318 2.8633
243 10.7261 26.7043 2.05421
244 58.4175 55.2854 1.61267
245 9.33914 14.1683 2.00387
246 6.30456 5.6419 2.29868
247 68.2669 80.0595 2.6275
248 79.599 3.61301 1.9155
249 2.86084 80.6864 0.715748
250 92.4463 21.6152 2.57693
251 43.0047 28.8896 -0.808427
252 55.8522 90.5388 2.51788
253 23.6861 49.6625 -1.75528
254 3.69738 98.0224 1.94015
255 86.6511 23.0159 2.24798
256 7.81801 7.90777 1.87739
257 99.3323 96.5006 2.89425
258 80.0867 21.0029 2.8607
259 81.9538 2.151 2.38518
260 10.1719 44.8695 1.8186
261 87.0237 15.0992 2.47679
262 9.35511 3.31878 2.379
263 6.19938 16.0474 2.45921
264 48.372 95.2148 2.04888
265 0.0398651 96.2643 2.14491
266 11.3338 53.0171 1.56173
267 98.5134 22.7992 2.33546
268 74.7261 70.589 1.96885
269 96.1838 26.7637 2.56352
270 90.1835 14.978 2.16139
271 87.837 8.96743 1.78518
272 95.9505 54.5711 0.592576
273 79.3998 79.3688 2.63842
274 92.0316 1.22357 2.42065
275 5.71126 2.52758 1.83388
276 9.53888 48.8367 1.16477
277 9.15132 22.1091 1.94742
278 64.491 88.6002 2.27209
279 8.68394 11.0427 2.03586
280 97.7639 20.7795 2.36013
281 4.17388 4.35378 1.64959
282 84.7851 7.76244 2.02051
283 96.4321 53.8499 1.39321
284 47.0798 75.9056 -0.268325
285 6.70373 25.7186 2.55778
286 70.5371 87.6274 2.69774
287 2.89114 3.07006 1.93261
288 40.4041 42.9382 2.84594
289 17.7806 55.3839 -1.75665
290 90.3944 96.9471 2.09675
291 80.4286 35.8057 2.19044
292 77.1546 33.184 2.44113
293 84.5467 91.8395 2.4905
294 91.5312 10.0319 2.53961
295 99.616 16.1118 1.91871
296 14.1239 23.52 2.09795
297 36.1342 6.98812 -3.20011
298 83.9036 20.6417 2.48554
299 70.6956 57.8703 1.74978
300 94.386 96.8907 2.23667
301 90.6797 23.4426 2.4602
302 74.233 72.3692 1.9687
303 4.43186 4.97719 1.81117
304 79.2733 29.2411 2.54791
305 46.3998 30.316 -0.554056
306 27.3909 76.2538 -2.89841
307 68.8043 59.7919 1.546
308 84.7871 17.1378 2.62576
309 89.0787 99.5452 2.23283
310 52.7492 92.0889 2.01589
311 79.4817 95.2355 2.6223
312 8.34541 15.2969 2.07024
313 96.6052 55.9248 0.829221
314 91.0541 28.5157 2.63005
315 8.88005 11.1827 2.02757
316 8.33052 21.0848 1.9434
317 89.1162 16.5658 2.43329
318 68.0393 60.3686 1.2125
319 82.4809 58.2315 1.32108
320 88.733 56.3634 1.48611
321 95.2113 32.68 2.23955
322 82.3845 53.3411 1.25966
323 89.588 18.248 2.23685
324 55.0072 60.9891 2.09071
325 13.1215 6.81019 2.15526
326 -0.176063 96.4638 2.62546
327 85.8718 87.3097 2.40355
328 94.5823 52.4131 0.92829
329 97.2622 62.5366 0.812482
330 96.4597 54.1443 0.971119
331 51.7387 93.9191 2.85873
332 56.6376 61.6365 2.11088
333 16.0089 28.2174 1.73555
334 78.843 98.3753 2.54353
335 69.7132 56.1933 1.40753
336 91.6231 54.9029 1.00796
337 81.9622 6.38603 1.74567
338 14.2433 9.28428 2.47546
339 97.1733 98.2783 2.10895
340 71.35 73.1938 2.32428
341 84.4253 18.0984 2.68043
342 93.5979 24.9249 2.21339
343 13.113 9.86383 2.19318
344 8.46057 5.79164 1.85019
345 61.2583 82.6106 2.75614
346 78.8288 97.9539 1.95214
347 11.2335 45.5661 1.9405
348 69.4794 89.9555 2.77796
349 68.0811 78.7479 2.12884
350 4.1174 7.47392 1.75677
351 82.3845 28.9718 2.4964
352 68.9 86.2375 1.92152
353 58.3018 87.3853 2.61347
354 88.4689 77.1731 2.69568
355 5.60474 96.2557 1.87041
356 91.1492 51.378 0.814928
357 67.8316 79.1346 2.52774
358 94.8155 18.7508 2.67607
359 82.7762 90.7848 2.42344
360 86.5339 27.9433 2.75943
361 8.48649 51.3004 1.85772
362 95.4909 15.1361 2.51098
363 3.57338 1.95101 1.63241
364 54.095 92.7217 2.09557
365 5.06426 15.799 2.77831
366 8.10838 25.5101 2.13131
367 92.8016 56.0012 1.16122
368 73.3699 78.7196 2.74389
369 98.7986 55.0186 0.680948
370 24.8917 69.3666 3.32396
371 89.2697 24.3548 2.20524
372 94.6706 13.1846 2.07721
373 69.7957 9.43679 0.267084
374 94.1362 27.4481 1.92552
375 15.2436 23.9008 2.32866
376 95.981 17.5389 2.45531
377 96.5833 57.1731 1.0655
378 90.9486 98.9777 2.52315
379 90.3758 59.0992 1.29208
380 3.56689 99.206 2.44631
381 53.1771 62.5415 1.60247
382 6.36133 25.2842 2.0524
383 63.2346 82.3136 2.06665
384 4.73593 15.7057 2.2116
385 61.2374 87.6767 2.56581
386 18.1943 50.137 -1.61006
387 86.6052 41.5979 1.8665
388 13.5122 6.04222 1.9058
389 84.1086 92.7411 1.97419
390 81.8887 20.4785 2.65743
391 89.3134 18.2434 2.03107
392 85.4445 91.59 2.1429
393 12.3755 10.3711 2.37611
394 5.09752 25.0629 2.48754
395 91.5094 16.6909 2.47133
396 0.613062 36.9642 2.17608
397 92.5706 17.278 2.5934
398 97.1804 54.1815 0.637834
399 76.5775 8.63358 2.19343
400 81.0335 8.56797 2.14162
401 56.9744 58.7155 1.47515
402 87.8442 77.2288 2.02028
403 4.92682 22.5275 2.56238
404 95.0203 99.0062 2.61567
405 67.0624 86.4646 1.85189
406 70.7583 78.2534 2.76882
407 9.07165 28.0888 2.47392
408 87.4689 2.44453 2.628
409 93.2832 54.9068 1.16385
410 80.4205 8.37326 2.50447
411 95.784 24.6806 2.64632
412 4.89121 94.5027 1.84518
413 84.9693 16.9356 2.24966
414 12.2527 11.5489 2.04338
415 65.8451 81.1065 2.21371
416 9.17807 20.8184 2.015
417 81.9826 9.05293 2.40253
418 97.0024 27.3219 2.13162
419 60.4888 80.3792 2.36958
420 81.8381 88.0266 2.61803
421 95.4536 25.7865 1.95761
422 85.3638 9.4673 2.09893
423 50.3334 32.148 -1.06323
424 99.9411 35.5725 1.47682
425 0.762478 15.1584 2.06946
426 11.6683 49.5064 1.16993
427 96.8433 30.476 2.67633
428 97.6158 0.895608 2.61889
429 6.31326 2.89485 1.7513
430 87.4653 38.2649 1.54277
431 12.8605 19.9853 2.64941
432 90.0845 28.1906 1.97823
433 98.3164 51.4604 1.22001
434 88.3659 90.2524 2.42292
435 55.4276 92.6624 2.8682
436 91.6674 36.2153 2.19368
437 76.1651 69.8981 1.72303
438 90.4583 61.1994 0.82471
439 92.9258 57.3531 1.67499
440 5.30716 95.4883 2.54436
441 69.7205 77.7475 2.34446
442 0.0225195 22.5903 2.45628
443 54.7467 64.7273 2.36244
444 7.441 14.818 2.87023
445 66.4194 84.6916 2.01238
446 60.6883 88.2098 2.58729
447 76.1273 93.2306 2.41378
448 97.703 18.2008 1.89955
449 16.0036 54.8826 -1.89334
450 86.4618 19.6419 2.29225
451 88.0161 79.2781 1.99463
452 2.36527 37.5048 1.67122
453 3.09676 95.7191 1.81596
454 6.94411 34.9734 2.72816
455 64.5968 82.0642 2.23768
456 78.2224 3.36854 1.89972
457 89.1694 8.97767 1.80494
458 91.8558 7.05054 2.0639
459 70.0937 73.9661 1.71377
460 85.0679 88.8041 2.70562
461 26.0654 68.642 3.20539
462 8.43434 13.099 2.76713
463 93.6562 16.1316 2.74936
464 33.2003 4.86279 -3.16908
465 87.3866 18.3865 2.58154
466 10.4137 7.5059 2.80882
467 90.7376 56.376 1.14758
468 76.9936 79.341 2.14812
469 88.455 34.892 2.39505
470 91.4624 42.0239 1.33254
471 92.5824 98.0623 1.79594
472 8.03884 13.0681 1.92665
473 9.70723 21.9892 2.20467
474 55.0309 64.2367 2.07159
475 72.3029 80.247 2.33541
476 68.0644 77.3258 2.43684
477 9.37522 6.62646 2.52113
478 87.7659 31.0208 1.74274
479 59.9612 82.0864 2.57816
480 81.4236 95.7002 2.07542
481 85.6745 50.3955 1.82475
482 90.7887 81.2 2.76445
483 84.7286 19.5263 2.55635
484 80.3308 92.1145 1.93471
485 9.85121 49.9202 1.06816
486 9.3825 1.98126 1.81013
487 7.40838 4.77009 1.82852
488 78.086 11.4688 2.19144
489 58.2362 80.417 2.60219
490 62.7637 84.8437 2.47397
491 98.5363 97.2678 2.76274
492 10.5622 18.4428 2.36034
493 2.98772 6.89966 2.276
494 92.778 82.2813 3.15273
495 83.8526 93.3295 2.33776
496 1.13215 25.3692 2.10513
497 95.0755 26.7806 1.96286
498 8.77578 100.252 1.74037
499 93.4884 61.9098 1.35345
