500
Particles
0 42.0124 31.3845 2.48651
1 91.8133 14.3516 1.31227
2 69.0924 80.0426 2.15113
3 64.7773 2.60179 0.953282
4 49.8988 57.0775 1.65109
5 93.9554 11.2249 1.03404
6 64.4554 62.5507 2.13727
7 70.0734 10.3041 1.18806
8 37.2134 62.3469 2.64015
9 34.5133 6.78682 1.40562
10 63.5886 38.8735 2.52092
11 59.4445 69.0046 2.23314
12 72.7829 79.1377 2.01125
13 42.1587 36.143 2.66189
14 51.6481 59.4454 2.55431
15 45.4829 42.3694 2.27001
16 80.3105 47.1358 3.18047
17 56.2934 75.1814 2.19722
18 51.219 67.9206 2.58782
19 20.5864 88.0677 2.62035
20 65.0126 3.68584 0.743749
21 61.7274 59.9133 2.55628
22 61.6192 49.0348 2.68784
23 45.442 46.8146 2.3086
24 67.0142 5.82235 1.75472
25 52.6228 43.9326 2.67759
26 96.3996 7.08736 1.13176
27 60.125 67.7498 2.54388
28 61.4952 57.3826 1.89163
29 72.7979 77.6718 2.14873
30 54.3081 5.85026 0.82418
31 60.7599 52.4335 2.8259
32 13.7571 93.8404 2.57733
33 60.2508 13.2534 1.79706
34 53.0385 40.6698 2.01136
35 46.7662 69.174 2.35547
36 55.0402 14.9062 1.98504
37 76.2884 74.8444 2.02461
38 54.3053 48.7636 2.06236
39 47.9344 49.5367 2.01395
40 55.347 39.2322 2.65631
41 43.7471 46.9197 2.47155
42 64.7509 39.9405 2.47866
43 65.1833 3.66761 1.46721
44 93.2676 16.3433 1.40557
45 69.7472 43.9327 2.11552
46 53.7987 43.8618 2.7199
47 91.4726 2.53246 1.07588
48 59.664 42.1948 2.83114
49 49.0377 31.6112 2.49265
50 56.6498 70.5123 2.36934
51 66.5134 52.5432 2.74481
52 63.2969 6.07916 1.60367
53 57.3267 14.6864 1.81606
54 52.5628 57.0789 2.11976
55 70.8063 100.292 1.8303
56 54.3943 59.4445 2.72669
57 64.673 33.4766 1.81138
58 54.4279 62.6787 1.8177
59 48.9945 41.5414 2.15222
60 56.2683 67.284 2.74751
61 60.9932 39.8837 2.24439
62 39.3147 56.4903 2.23955
63 30.3236 67.57 1.52979
64 60.5848 64.9314 2.29981
65 90.3489 3.64147 1.59434
66 52.2285 69.7803 2.55213
67 54.3776 69.4034 1.93166
68 95.2476 99.4598 0.843973
69 74.9223 39.473 2.00606
70 61.6988 63.9456 2.23511
71 54.1067 42.9332 2.39174
72 52.1991 65.9774 2.61113
73 76.846 72.6043 1.72254
74 62.4573 36.9929 2.82652
75 71.0126 6.68081 1.46912
76 64.2129 36.554 2.76363
77 64.473 63.3391 2.28858
78 77.6055 81.2333 1.51287
79 55.1736 64.866 2.08748
80 61.8029 42.0037 2.70562
81 54.2881 70.4929 1.84871
82 38.6541 66.2525 2.7288
83 47.6093 63.6057 1.76148
84 68.7267 97.9156 1.3923
85 61.7247 43.4826 2.70075
86 62.385 40.4484 1.91821
87 79.8723 69.6408 1.31602
88 71.6756 98.8324 2.06133
89 61.542 37.467 2.35951
90 66.273 6.96686 1.29193
91 60.1148 52.8959 2.19468
92 66.3276 60.765 2.55876
93 45.862 57.2173 2.35333
94 61.7765 42.4664 1.89578
95 24.6434 90.8346 2.70428
96 60.7765 63.1471 2.33859
97 64.739 67.0605 2.08546
98 58.1921 35.5133 2.4674
99 65.1518 59.5818 2.22827
100 66.0313 6.24163 1.69529
101 51.9483 66.8259 1.91483
102 62.3736 38.5068 2.01001
103 52.4092 38.2904 2.43039
104 62.3822 47.1643 2.09377
105 64.3371 8.21859 0.826694
106 52.5365 56.5683 1.92862
107 48.5138 44.6179 2.59402
108 62.1175 50.5218 2.5162
109 55.6595 62.3703 2.23821
110 72.9788 7.85267 1.02422
111 82.5003 74.9629 1.53301
112 64.324 1.86011 0.848915
113 61.8559 58.9357 2.45899
114 59.7631 67.4064 2.62898
115 70.2284 76.1356 1.31526
116 64.0238 33.7467 2.17646
117 53.0655 46.1909 2.23966
118 37.5132 1.63614 1.37817
119 49.5711 60.778 2.2484
120 48.8373 37.7743 2.98332
121 77.6698 9.17385 1.55589
122 57.629 41.3255 2.56557
123 47.1958 59.243 1.65593
124 67.425 79.5377 2.21938
125 95.3827 94.8468 1.0249
126 77.4067 49.7372 2.49838
127 37.6518 38.9973 1.84085
128 67.5794 6.15872 0.852309
129 56.3196 67.8712 1.87921
130 56.2249 52.2948 1.79679
131 62.9689 37.9799 2.799
132 0.13584 86.3497 1.79967
133 99.4759 100.112 0.899296
134 58.6572 19.4124 1.72041
135 69.817 67.7099 2.5865
136 61.8024 34.8324 2.22596
137 60.5469 63.0562 2.15248
138 63.1493 41.9578 2.55842
139 50.8423 37.3912 2.38789
140 65.8164 39.8841 2.56397
141 76.5006 99.8952 2.07263
142 49.0559 61.8136 2.41957
143 30.5628 73.1698 1.76392
144 61.4313 64.9366 1.84159
145 56.5318 70.9379 2.38917
146 48.533 42.2429 2.26163
147 62.9207 13.2582 1.83301
148 77.675 71.1895 1.99148
149 49.5495 70.2577 2.12631
150 63.5191 40.0177 2.69574
151 17.2485 93.2175 2.43245
152 63.0083 36.2737 1.89772
153 63.9155 50.0769 2.28268
154 81.4293 44.6262 2.5202
155 97.6954 2.57957 1.58763
156 40.9909 62.2503 1.89941
157 24.5097 36.1239 0.695395
158 95.7492 8.3105 1.17329
159 29.8767 77.3218 2.10817
160 59.0284 15.719 1.35028
161 31.6728 78.8758 1.72112
162 49.5997 69.9337 2.50738
163 71.4029 96.4897 1.2494
164 92.1844 4.60384 1.24908
165 46.4379 68.5842 1.83086
166 70.1569 97.8469 1.99654
167 82.8946 73.4421 1.14338
168 55.5822 66.411 1.98973
169 86.4824 4.09595 0.912843
170 24.7677 97.0148 2.20201
171 61.6696 61.0651 2.67001
172 46.2636 39.5436 2.28166
173 65.1019 37.6326 2.15963
174 93.6881 8.39697 1.28058
175 0.925714 88.5071 1.03176
176 69.7518 81.0234 1.86507
177 52.6679 35.7569 2.96445
178 66.1644 5.05862 0.901197
179 60.6483 56.8385 2.19061
180 62.9999 61.7969 2.53662
181 31.8828 72.9877 1.80025
182 55.672 59.5775 2.41
183 39.5281 28.263 2.49688
184 69.0687 62.9962 1.98779
185 94.8888 3.54908 1.76283
186 64.0864 46.3344 1.98744
187 38.7891 97.8714 2.19221
188 34.2571 38.5335 2.1596
189 61.6652 74.2612 2.45218
190 94.7419 7.91895 1.08582
191 68.2999 72.3322 2.02755
192 59.1404 30.9881 2.82956
193 68.5639 56.6696 1.84137
194 57.0473 37.5318 2.6836
195 60.4169 61.1336 1.93336
196 49.5892 34.8994 2.00836
197 60.5684 38.2321 2.24379
198 65.7797 61.1448 2.52713
199 10.6593 21.3927 -2.0548
200 66.7674 63.4727 1.8865
201 73.5629 75.0821 1.78437
202 64.7985 7.01556 0.938292
203 34.2848 79.9153 2.09731
204 97.7799 5.40716 1.65308
205 80.9908 72.6962 1.86756
206 55.9001 37.8912 2.83365
207 51.4448 44.3189 2.74448
208 41.4999 70.0554 2.0307
209 34.7389 97.8913 2.963
210 55.9994 68.5561 2.14902
211 63.1543 46.0044 2.62144
212 96.9411 99.0532 1.03523
213 15.4455 89.8599 2.42436
214 34.2642 34.7413 2.34592
215 53.3815 51.3701 2.26607
216 69.672 46.3071 2.46259
217 60.1242 60.0222 2.66266
218 62.3578 82.0127 2.71988
219 55.9177 75.4917 2.04217
220 76.7192 73.1797 1.81958
221 70.8065 57.4396 2.2577
222 75.3504 73.698 2.2049
223 67.4128 10.1952 1.43242
224 61.7768 3.50718 1.11289
225 71.9874 78.9538 1.43051
226 6.31271 15.063 -1.47588
227 66.84 50.3009 2.121
228 62.6856 40.2548 2.44083
229 66.7679 43.4165 2.49613
230 42.9941 41.1688 2.44559
231 58.3666 67.2031 2.13449
232 65.8117 57.0933 1.78624
233 53.7526 42.1111 2.32838
234 51.8498 39.6843 2.86414
235 53.4037 57.2776 2.27244
236 77.9687 41.7776 2.35659
237 68.8985 78.8999 1.98734
238 55.8931 59.4201 1.84427
239 49.6235 62.5376 2.66581
240 60.0948 67.6064 2.71783
241 40.6269 61.7012 1.89864
242 66.3536 48.9636 2.09911
243 66.6003 63.6777 1.83999
244 30.8865 79.7218 2.05649
245 66.0472 52.3661 2.57216
246 64.0216 43.2933 2.83578
247 94.7122 6.58159 1.32305
248 50.1561 60.1538 2.66224
249 59.8435 34.2921 2.0937
250 56.6383 67.1271 2.02552
251 60.5678 75.1451 2.69777
252 65.5738 9.63098 1.13032
253 58.5668 4.23113 0.510196
254 63.8388 38.3803 2.29947
255 50.7393 68.9328 2.70912
256 66.7876 47.4296 2.01533
257 59.7563 37.715 1.8471
258 39.2156 65.1626 2.03136
259 52.2457 56.5621 2.43421
260 98.5039 9.62735 1.24228
261 50.3441 61.7919 2.36012
262 66.7991 42.0395 2.66237
263 64.4673 56.0457 2.77419
264 60.7977 14.5695 1.75554
265 61.7154 38.5415 1.90508
266 52.9493 34.2247 2.39558
267 60.5918 66.6528 1.7335
268 49.6114 38.8331 2.03884
269 57.6382 69.0957 1.94653
270 55.2592 61.3539 2.73713
271 54.742 59.2007 2.63383
272 13.5027 88.5093 2.43841
273 50.4564 38.1952 2.70469
274 56.9479 47.6078 2.88624
275 63.4477 40.587 1.96845
276 54.8752 31.5809 2.47407
277 67.5052 61.3531 2.37248
278 79.5657 10.3248 2.29427
279 65.4572 48.7903 2.52067
280 58.5039 63.9209 1.892
281 62.3349 43.76 2.06283
282 52.315 60.1226 1.79904
283 84.5413 72.4834 1.30046
284 78.3276 38.5802 1.58801
285 64.8865 65.0474 2.08694
286 40.2725 44.6053 2.17854
287 61.36 42.7459 2.29766
288 44.0311 78.3083 2.23533
289 74.4252 38.8883 1.59528
290 55.9799 43.9934 2.15979
291 40.3235 24.5269 2.34365
292 96.4327 1.11612 1.55627
293 53.0271 43.8504 2.03117
294 55.4036 57.3258 1.9109
295 60.5536 59.8593 2.36688
296 71.3705 63.028 1.59805
297 79.8486 47.7261 2.97154
298 46.3022 64.3064 2.34545
299 73.3322 74.7025 1.39028
300 57.0927 40.0839 2.37699
301 54.4251 68.7314 2.68655
302 48.015 37.393 2.4567
303 63.5003 43.6136 2.65244
304 30.6415 68.8323 1.4232
305 60.8482 73.2334 2.00911
306 62.0328 9.84029 1.10077
307 69.7841 76.7039 1.52798
308 50.465 64.2831 2.64227
309 54.2981 46.1495 2.8679
310 63.5204 11.443 1.93477
311 49.3574 49.4932 1.91618
312 65.9265 53.0415 2.76505
313 16.3944 91.2568 2.79773
314 53.2578 71.7347 2.57037
315 64.3679 47.588 2.41358
316 64.5676 58.9805 2.55901
317 54.2174 62.7228 2.35722
318 70.7834 77.6686 1.3736
319 73.3229 74.6957 1.88606
320 75.8508 72.8527 1.39557
321 54.3845 73.1459 2.41831
322 77.5006 69.5844 2.02106
323 53.6872 63.7466 2.52193
324 9.68122 17.2486 -1.87718
325 69.4462 45.6707 2.84731
326 61.6698 38.3202 1.89287
327 54.2045 40.0989 2.36566
328 83.9333 69.938 2.17738
329 60.0435 99.11 2.19698
330 16.9664 90.1503 2.41538
331 65.2409 14.7767 1.85054
332 24.374 93.6107 1.97927
333 68.6287 63.5838 2.11399
334 46.8738 51.3018 2.26886
335 71.3822 74.0381 2.15643
336 78.6689 72.435 1.93476
337 50.2262 59.0582 1.691
338 71.4945 48.2192 2.68872
339 58.705 39.8344 2.24125
340 43.2743 35.8669 3.02223
341 49.0198 64.9803 2.63836
342 54.1904 66.2157 2.15876
343 68.2923 46.3073 2.88236
344 64.3931 42.4976 1.85933
345 70.6553 3.56468 1.24527
346 46.221 49.4678 2.03258
347 99.844 10.3417 1.60834
348 36.0438 41.4322 2.10639
349 95.635 5.56889 1.42339
350 63.3333 46.8697 2.03885
351 32.9544 69.1446 1.34067
352 95.5447 13.3983 1.52432
353 67.1568 8.73963 1.32879
354 58.5124 34.7823 2.55843
355 63.7005 35.7515 2.71863
356 80.3654 68.9157 1.56512
357 94.4485 4.65145 1.68361
358 57.8944 63.7463 2.45303
359 51.2209 42.2116 2.91266
360 50.863 74.1515 1.95043
361 48.4499 31.6207 1.75978
362 58.3536 60.5304 2.56463
363 63.0406 41.4578 2.0825
364 64.9436 14.4381 1.37472
365 62.3786 53.385 2.02674
366 65.282 63.59 1.72094
367 79.9187 73.6033 1.30865
368 45.9704 40.193 2.7272
369 19.9449 90.1302 2.20934
370 60.8775 6.61895 1.76939
371 53.1929 69.3556 1.91037
372 58.055 57.9231 2.66815
373 67.6963 67.0674 2.36496
374 57.3504 71.5122 2.11702
375 70.0164 60.6663 2.01764
376 59.0795 62.0508 2.00661
377 15.1974 92.5693 2.53237
378 55.8495 45.2698 2.55761
379 78.0596 75.9549 1.92265
380 63.1917 39.7867 2.82485
381 6.51777 20.5781 -2.14489
382 60.8105 61.252 2.05377
383 72.5984 1.21946 1.04893
384 63.754 56.1026 2.56253
385 69.397 10.706 0.838772
386 54.1801 12.526 1.22747
387 49.2248 31.6584 1.99011
388 70.218 43.3341 2.89231
389 51.6155 42.6836 2.64493
390 45.5616 66.3938 2.54496
391 53.2088 63.209 2.70019
392 52.5353 41.4323 2.82058
393 69.9701 49.4336 2.11723
394 62.6281 64.3663 2.38401
395 57.1603 63.6913 2.57511
396 56.5859 74.0308 1.95335
397 59.1672 66.7099 2.51501
398 17.3944 90.2519 2.06376
399 44.832 62.8131 1.51253
400 47.9912 59.0583 2.33656
401 26.5662 91.305 1.7932
402 58.0004 33.0047 2.10486
403 62.7973 60.7261 2.29404
404 57.6621 42.2868 2.50184
405 92.8062 13.8661 1.44405
406 38.8046 34.3407 2.64488
407 64.4485 65.1809 2.29186
408 53.1401 50.3514 2.77612
409 84.5654 72.1467 1.85422
410 49.7392 61.4838 2.3654
411 59.0709 68.3216 1.77137
412 65.7595 36.3567 2.75466
413 49.127 61.8312 2.49066
414 68.0827 48.6327 2.56863
415 87.1401 2.54113 0.714096
416 67.187 60.0766 2.50801
417 48.7134 60.08 1.91286
418 58.8118 69.514 2.37855
419 69.5893 1.03985 1.55902
420 51.2767 40.7591 2.94013
421 57.2879 67.949 2.14214
422 52.619 60.3866 2.69772
423 74.8354 69.4147 1.93412
424 56.4589 74.1217 2.44372
425 61.2684 57.1118 1.67958
426 0.407044 18.106 -2.01799
427 56.7899 71.7013 2.07938
428 61.3266 45.9099 2.07671
429 64.8087 41.9123 2.18451
430 27.1214 74.832 1.6789
431 68.6467 58.6294 2.45177
432 52.0081 70.7692 2.2821
433 85.0152 69.8628 2.01336
434 56.3473 41.9187 2.05241
435 66.1518 12.0889 1.75424
436 33.575 74.264 1.33761
437 51.0775 37.1788 2.6654
438 74.8999 80.4688 1.30908
439 78.9204 74.9664 1.2717
440 65.8402 36.6624 1.99346
441 36.2436 33.9101 2.25297
442 61.3657 66.1064 2.02464
443 8.56724 24.2063 -1.76079
444 65.458 53.5531 2.53519
445 86.8141 8.16611 1.17137
446 70.5015 9.98573 1.47867
447 42.8399 44.0628 1.98066
448 59.8853 62.7613 2.35284
449 72.1106 39.3001 2.2248
450 50.4178 65.0843 2.47608
451 57.0237 35.7184 2.23506
452 58.715 74.7709 1.94778
453 63.0534 36.6328 2.21292
454 60.2055 71.0059 2.01126
455 82.8017 3.2692 1.37332
456 47.0266 57.3395 2.34091
457 54.789 59.3686 2.10795
458 56.5719 55.1842 2.73308
459 96.947 0.62927 1.68212
460 53.997 40.8615 2.3355
461 62.9648 7.37865 1.34519
462 66.1082 51.4896 2.59864
463 56.4869 60.6233 1.96646
464 74.4117 56.3483 1.92079
465 50.8353 62.7138 1.97335
466 67.3627 44.9734 2.11725
467 80.3971 72.9909 1.65036
468 46.9084 38.1131 2.54223
469 34.4051 69.646 1.99107
470 25.4034 79.1616 1.70571
471 58.0139 44.9643 2.45256
472 67.3035 53.1242 2.38725
473 66.7128 60.5732 2.00014
474 13.0455 20.2672 -1.73985
475 42.4356 40.4732 2.67622
476 94.6877 4.47304 1.16984
477 65.5854 43.3792 2.77134
478 45.5727 73.7046 2.1539
479 69.3942 2.60732 0.878206
480 50.3772 48.8588 2.60576
481 81.4233 68.5655 1.30392
482 58.5139 33.6892 2.52102
483 48.9623 65.634 2.49898
484 46.3698 41.3848 2.08331
485 41.2468 28.4582 3.17199
486 67.6695 40.6761 2.79084
487 66.2983 44.1609 1.99486
488 39.9401 59.8773 2.09308
489 67.6966 1.40039 1.52881
490 72.6293 6.88678 1.06413
491 59.5225 39.0962 2.77588
492 69.3618 56.6577 2.48286
493 61.7873 47.1328 2.914
494 59.083 34.8341 2.72688
495 53.3489 45.242 1.94827
496 59.648 65.5268 2.34367
497 56.7984 69.4341 1.7922
498 67.6683 40.3903 2.64398
499 72.8548 85.1584 1.55522
