500
Particles
0 50.8395 27.3433 2.70312
1 89.4842 5.6361 2.23354
2 72.7333 71.3361 2.64175
3 60.3189 94.0084 0.927274
4 55.2724 49.2157 2.31125
5 90.2024 3.17888 2.14304
6 69.7056 54.3692 1.94349
7 66.5913 1.35828 1.15211
8 43.1464 54.9626 2.32493
9 27.5561 1.59048 0.747216
10 70.4164 32.2386 1.96911
11 65.8901 61.8005 1.90123
12 75.5865 70.2537 2.21295
13 50.453 31.3713 2.83113
14 58.0025 52.422 2.00063
15 52.2099 35.4884 2.65309
16 89.0203 43.3849 2.4168
17 61.6398 67.3663 2.37907
18 57.8096 60.9444 1.97948
19 25.8799 80.1975 1.74325
20 60.0085 95.5101 0.723077
21 67.4946 52.1024 1.88915
22 69.209 42.9607 2.32982
23 51.7313 39.7516 2.4306
24 63.0045 97.3018 1.02048
25 58.5625 36.325 2.05316
26 93.3727 97.8208 0.971255
27 65.8973 60.1887 2.37233
28 66.5323 49.1202 2.42903
29 75.8291 68.5242 2.53684
30 48.3659 98.8477 0.60137
31 66.0787 44.5155 2.10213
32 18.4735 85.6526 2.55699
33 58.8789 3.95704 1.08483
34 59.3514 33.5981 1.85242
35 53.6944 62.3741 2.1532
36 54.9667 5.33192 1.31292
37 78.044 65.4117 1.66496
38 59.9476 41.1085 2.35132
39 53.4659 41.6946 2.22979
40 62.6774 33.0502 2.57387
41 50.6416 40.2574 2.67618
42 71.8585 33.5944 2.11029
43 60.7936 95.258 1.59288
44 91.0395 7.5138 1.89651
45 76.3286 36.8603 2.40157
46 60.5896 37.0723 2.52551
47 89.6811 93.3247 1.51314
48 66.7523 35.8628 2.38898
49 55.4694 24.6253 2.40555
50 63.0562 63.6233 2.80797
51 73.6488 46.0682 2.5443
52 60.1761 97.0898 1.05337
53 54.9818 5.43825 1.38567
54 58.3017 49.3188 2.6292
55 72.3104 90.9336 1.83455
56 60.4872 52.1126 1.83672
57 70.9434 26.2187 2.43589
58 60.752 55.2958 1.94229
59 56.0831 35.1795 2.34471
60 62.4689 59.9298 2.0619
61 67.1917 32.7116 2.60139
62 44.5069 48.6246 1.55334
63 29.6435 57.9843 1.88752
64 66.3991 57.2125 1.97771
65 88.767 94.4034 0.845577
66 59.0546 62.99 2.53998
67 60.3232 61.8325 2.37536
68 91.3322 90.8725 1.34935
69 80.0942 31.3881 2.05026
70 68.1787 56.9251 1.92027
71 60.7062 35.8975 2.66177
72 59.5028 59.6527 2.06662
73 79.3807 63.4017 2.18729
74 68.4837 29.7565 2.14925
75 67.7635 97.7569 1.1281
76 70.9394 29.647 2.07244
77 70.8006 55.9912 2.75881
78 80.4363 72.2193 1.54723
79 61.1582 57.4305 2.49168
80 69.0004 35.6945 2.09958
81 61.0803 63.8149 2.50458
82 45.6489 59.661 2.59208
83 52.1159 55.3138 2.57664
84 70.6946 88.4159 2.08083
85 68.2664 36.4114 2.5067
86 68.1571 32.7612 2.04821
87 81.1843 60.1454 1.45811
88 73.657 89.6353 1.50007
89 67.9385 30.1926 2.03394
90 62.2983 98.3069 0.894521
91 65.2494 44.5699 2.02064
92 72.4282 53.5642 2.00372
93 52.072 49.7727 2.4959
94 68.0917 35.4036 2.07755
95 30.0038 82.9745 1.84156
96 67.3774 56.1092 2.30085
97 70.4682 59.3371 1.846
98 64.2785 28.0733 2.24086
99 70.6333 51.6695 2.68713
100 62.5827 97.6177 0.781095
101 58.1127 59.3609 2.3407
102 69.2713 31.7867 1.9198
103 59.3407 31.6303 2.30966
104 68.753 39.9594 2.80751
105 60.7232 99.4866 1.20834
106 58.1542 48.578 2.32466
107 55.0521 37.5701 2.28394
108 68.3512 43.2548 1.96757
109 62.4553 55.4905 2.55455
110 69.2258 99.0872 1.76498
111 82.4613 65.3197 2.06543
112 59.7828 93.4965 0.713833
113 68.0238 51.5219 2.22066
114 67.0997 61.1167 1.98387
115 72.6969 67.2439 1.78256
116 70.935 27.0752 2.45195
117 60.2324 39.6786 1.93206
118 41.6625 92.9389 2.50995
119 55.2002 53.0549 2.1164
120 56.4676 31.7186 2.04706
121 75.9086 100.335 2.29082
122 64.7999 35.0133 2.48799
123 50.7968 50.1522 2.65764
124 70.5438 70.8345 2.23969
125 90.6431 86.5922 1.58815
126 86.031 46.0324 2.39965
127 45.8026 34.6027 2.58324
128 63.217 97.5235 0.653753
129 63.4186 61.5254 2.29055
130 61.7363 44.4758 2.1763
131 69.9301 31.582 2.81277
132 4.16681 78.6979 2.81568
133 96.0682 91.1542 1.57427
134 60.2843 9.93188 0.889963
135 73.8487 59.0165 1.76848
136 68.4755 27.9972 2.10156
137 67.3243 56.2513 2.20951
138 70.1053 35.468 1.97258
139 58.2898 31.4798 2.0618
140 72.7842 33.3431 2.02503
141 78.4255 90.5367 1.69785
142 53.6778 53.3929 2.30295
143 29.0575 63.6913 1.24702
144 67.0316 57.2555 2.17372
145 63.5383 64.261 2.18799
146 55.0304 34.9723 2.48027
147 60.3266 4.1179 0.951291
148 79.1893 61.7671 1.5819
149 56.3022 63.3935 2.40239
150 69.7599 32.5267 2.33768
151 20.7416 84.3579 2.23469
152 69.0391 28.6739 2.68197
153 69.9977 42.4711 2.9536
154 89.5647 40.2876 1.72517
155 94.9593 93.3469 0.796947
156 47.8165 55.6358 2.51227
157 17.2258 32.2519 -0.777469
158 91.683 99.6027 1.5771
159 28.3354 67.9508 1.28903
160 58.5512 6.20958 1.69531
161 31.7987 69.168 2.03783
162 56.1155 62.952 2.64676
163 72.5701 87.117 1.54998
164 88.79 95.5774 0.879256
165 52.7306 61.5153 2.20586
166 72.1541 88.5734 1.85797
167 82.4672 63.9124 1.68846
168 61.3122 58.7377 2.61433
169 84.6313 94.714 1.04277
170 30.0418 89.3771 1.17384
171 67.6148 53.5344 2.50837
172 53.4203 33.3817 2.10062
173 71.7488 30.5826 2.90265
174 90.9313 99.4175 1.68384
175 94.6302 83.5008 0.909719
176 72.8907 71.9245 2.56024
177 59.7627 29.4032 2.28995
178 61.8625 96.3975 1.57125
179 66.4116 49.0308 2.47861
180 68.6093 54.0756 1.80461
181 30.202 63.4896 1.09752
182 61.1583 51.5831 1.81782
183 48.2709 24.2919 1.86325
184 74.8419 55.3844 2.11157
185 92.7307 94.085 1.36526
186 70.8508 39.4848 2.36573
187 44.329 90.0923 2.56828
188 42.9706 34.2191 1.9625
189 67.811 67.0081 2.13088
190 91.6814 98.9137 0.880233
191 71.4153 63.3678 1.81959
192 66.0968 24.3287 2.28585
193 74.2489 48.9222 2.69598
194 63.3301 30.1712 2.24717
195 67.1045 54.1287 2.3531
196 56.3046 28.1491 1.82251
197 67.4304 31.454 2.30927
198 71.9181 53.7966 2.39273
199 11.5566 30.7505 -1.31111
200 72.6213 55.9765 2.39991
201 75.9605 65.8728 2.16288
202 61.1753 98.2495 1.29819
203 34.2161 70.4088 1.51859
204 94.5603 96.6633 0.735822
205 82.429 63.2661 1.99844
206 62.5878 31.2397 2.72197
207 58.6828 38.1373 2.42881
208 47.4893 62.6473 -3.45676
209 41.6629 91.6922 2.40807
210 62.7562 61.6698 2.61272
211 70.0086 39.3102 2.53216
212 92.7631 90.4294 1.10068
213 20.6903 81.8303 2.58785
214 43.0166 31.0185 2.82005
215 59.5189 43.9771 2.82701
216 76.7805 39.8218 2.60778
217 66.4855 53.1479 1.91295
218 66.8326 73.7016 1.78191
219 62.261 68.4051 2.51543
220 78.4764 63.8075 2.39147
221 77.069 50.1713 2.60546
222 77.1313 64.2926 1.79535
223 65.1139 0.894722 1.46177
224 57.5935 94.8946 1.65304
225 74.988 69.9717 1.75439
226 8.46316 24.353 -0.719271
227 73.259 42.9531 2.42354
228 69.2326 33.2327 2.03321
229 73.5897 36.5954 2.22193
230 50.239 35.0415 1.97266
231 63.3057 58.7426 2.55734
232 72.0693 49.8068 2.40281
233 60.6014 35.427 2.69145
234 58.8181 33.0855 2.68334
235 59.1673 49.5478 2.16274
236 83.3968 33.8449 2.06176
237 71.4537 70.0098 2.26553
238 62.0593 51.9924 2.58472
239 54.5254 54.2485 1.94815
240 65.3606 59.4977 2.49459
241 46.2691 53.8088 1.7659
242 73.0225 42.1112 2.10633
243 72.2513 56.0488 2.13101
244 31.1832 70.3669 1.65336
245 72.9772 45.5594 1.96223
246 70.9773 36.7609 1.95373
247 92.1137 97.339 0.803781
248 56.3604 52.8261 2.47747
249 66.2816 27.1376 2.17109
250 62.9385 59.8144 2.08944
251 66.8183 68.1415 2.04125
252 64.0852 99.9838 1.6388
253 54.0899 95.9283 0.869612
254 69.9933 31.143 2.78145
255 57.4742 62.358 2.70394
256 73.1696 40.3402 2.87599
257 66.231 30.7735 1.98724
258 45.7816 58.0419 3.04846
259 58.6308 49.416 2.63002
260 94.7268 0.723868 1.11229
261 55.2412 53.5769 2.43962
262 73.525 34.9899 2.19882
263 70.8098 48.8123 1.92116
264 59.5421 4.91931 1.43957
265 68.1014 31.2894 2.50918
266 60.4249 28.3283 2.26189
267 66.6324 59.2064 1.88261
268 56.0226 31.9227 2.24252
269 63.8052 61.6473 2.14277
270 61.4089 54.0745 2.07487
271 60.9764 51.9505 1.78447
272 18.3501 80.6139 2.05863
273 58.3618 32.5186 1.80432
274 63.3573 40.4659 1.97313
275 70.8023 34.3988 2.52755
276 61.9839 25.1683 2.20159
277 73.6967 54.1908 2.08582
278 78.2717 1.24231 2.62959
279 72.7264 42.5189 2.77266
280 63.8023 55.9093 2.46548
281 69.9266 37.9188 1.9906
282 57.3932 52.0061 1.92411
283 84.5174 62.9262 1.67293
284 83.6096 30.8327 2.55667
285 71.2333 57.7711 2.03851
286 47.5567 38.5598 2.68148
287 68.0933 35.7933 2.70706
288 50.4296 71.1795 2.84171
289 80.7734 31.8257 2.65076
290 62.8058 36.9582 1.91803
291 48.3814 21.4149 1.9199
292 93.6254 91.8709 1.2739
293 60.2974 37.5505 2.21023
294 61.5757 50.0518 1.87902
295 66.1027 51.9989 2.76104
296 76.5129 55.1078 2.03291
297 88.183 43.2496 2.17024
298 50.1044 55.4431 1.97105
299 75.6706 65.491 1.9006
300 63.4477 32.7608 1.8789
301 61.0503 61.6104 2.14074
302 55.0918 30.8046 1.70958
303 70.6895 37.4081 2.51292
304 28.1101 59.4879 0.993557
305 67.7328 66.4273 2.02829
306 59.3003 0.575997 0.760536
307 72.6074 67.8092 2.66674
308 56.8875 57.2148 1.87145
309 61.1904 39.5659 2.69199
310 60.8429 2.51871 1.21649
311 55.8398 42.4468 2.09724
312 72.6192 46.1572 2.11072
313 20.8935 82.9648 1.99452
314 60.3741 65.5721 2.57577
315 71.8879 41.727 2.35828
316 70.7534 51.8247 2.12819
317 61.0868 55.8146 2.27905
318 73.8785 68.8641 2.45567
319 75.8861 65.5385 1.80233
320 77.6468 63.4349 1.99578
321 61.0649 66.3055 2.38787
322 80.1529 60.3549 2.09972
323 60.2032 56.7263 2.06149
324 10.8621 26.5506 -1.29266
325 76.203 38.9523 1.98766
326 68.0862 31.4519 2.14722
327 61.3292 33.669 1.77302
328 84.4567 60.3635 1.61704
329 56.7168 90.7149 1.52328
330 21.2806 81.9008 2.30922
331 64.4477 5.02609 1.7074
332 28.5479 85.0124 1.86219
333 74.6206 56.2448 1.9846
334 52.6288 43.7545 2.37307
335 74.3765 64.9947 2.00578
336 80.7042 63.0057 1.38405
337 54.7831 50.4932 2.01984
338 78.3572 41.5336 1.8798
339 65.5965 33.1617 2.81083
340 51.7601 31.2745 2.45893
341 54.3391 56.9692 2.07074
342 60.4841 59.0281 1.89633
343 74.5491 39.2013 2.83375
344 71.5439 36.1479 2.02944
345 67.8433 94.5937 1.60687
346 52.3922 42.1747 2.66189
347 96.2101 1.73293 1.21172
348 44.0134 36.6939 2.42526
349 92.041 96.7411 0.777378
350 69.9844 39.9819 1.92431
351 32.2201 59.4871 1.94538
352 92.8688 4.84318 1.6263
353 63.5808 99.5847 1.5749
354 65.0689 27.5785 2.74189
355 69.9726 28.4505 2.6526
356 81.5708 59.5553 1.86064
357 91.0998 95.6675 0.811155
358 63.4881 55.8886 2.29732
359 58.0967 35.616 1.9274
360 57.7499 67.5074 2.41509
361 53.9937 24.0374 1.76239
362 64.3235 53.0102 2.45058
363 69.522 34.4085 1.95694
364 62.1028 5.19989 1.48149
365 67.3483 45.1357 2.84921
366 70.3365 55.535 2.64384
367 81.2244 64.1784 2.07624
368 52.7059 33.4666 2.39147
369 25.4567 82.2879 2.37471
370 57.3674 97.7979 1.65693
371 59.6667 62.3345 2.22803
372 63.2902 49.8451 2.57924
373 73.0517 59.061 2.06421
374 62.8118 63.5608 2.43158
375 75.7205 53.1198 2.56196
376 64.955 54.2793 2.14953
377 19.211 84.0454 2.12595
378 63.2499 39.2429 2.08665
379 80.1408 66.6749 1.81848
380 70.5026 33.4411 2.26536
381 7.09278 29.8248 -1.87244
382 67.5778 54.2302 2.18405
383 75.3524 92.0346 1.40407
384 70.2533 49.0183 2.33757
385 65.3525 1.84075 0.941918
386 52.9949 2.9952 2.18602
387 54.9529 24.082 2.53026
388 76.9589 36.7413 2.06951
389 58.1805 35.6328 2.5837
390 51.6195 58.9573 2.58457
391 59.4563 56.0832 2.67798
392 58.7407 34.1429 2.13879
393 76.8487 42.6695 2.66525
394 68.3632 56.7246 1.85263
395 63.7314 56.8002 2.329
396 62.9841 67.0318 2.07243
397 65.0185 59.0182 2.17683
398 21.2988 81.5342 2.25421
399 49.2426 54.4531 2.12573
400 54.1291 51.8411 1.88605
401 31.4965 82.8781 1.79732
402 65.0032 26.7156 1.89377
403 68.8628 53.0268 1.88724
404 64.6666 35.7951 2.52477
405 90.0889 5.1689 2.04533
406 47.068 29.0739 2.73151
407 70.2654 57.6214 1.98552
408 59.2067 43.0837 1.96905
409 84.5595 62.5337 1.61099
410 55.5009 53.7531 2.72423
411 65.4426 61.1118 2.2845
412 73.5363 30.6988 2.50755
413 54.488 53.9106 2.59208
414 74.6141 41.449 2.01264
415 86.082 93.6768 1.72943
416 74.2297 53.4302 2.65747
417 53.1344 51.5064 2.65182
418 65.0156 62.1605 2.75131
419 70.3867 91.5034 1.47214
420 59.2501 35.407 2.08027
421 63.6432 61.0029 2.15748
422 58.756 52.9203 2.78653
423 76.1841 59.8875 2.01725
424 62.3635 66.5627 2.54032
425 66.1462 48.9114 2.75326
426 2.39062 27.5273 -1.68053
427 63.7358 65.1782 2.67215
428 67.9786 38.9888 2.85967
429 71.2024 34.9727 2.68104
430 25.3682 65.3434 1.29482
431 74.9036 51.3832 2.36747
432 58.504 63.5515 2.34212
433 85.1641 60.2716 1.8729
434 63.2471 35.4275 2.41596
435 64.324 2.54924 1.21738
436 30.6674 65.0251 1.47061
437 58.3256 31.0425 2.65484
438 77.7428 71.6381 1.87425
439 79.9847 65.3751 1.72989
440 73.5527 30.6733 2.16654
441 44.9091 29.6489 2.84887
442 67.8291 58.9017 1.90299
443 8.91427 33.6323 -1.82457
444 72.3624 46.8281 2.18451
445 82.5133 100.271 1.50802
446 67.4645 0.735038 0.929012
447 49.6699 37.5493 2.68269
448 65.6474 55.0874 2.4008
449 77.7166 31.453 2.74547
450 56.2952 57.5751 2.0971
451 64.1872 29.368 2.27543
452 64.3156 66.9538 2.58839
453 69.9849 29.8691 2.42552
454 66.6733 63.8205 2.29621
455 80.6296 93.918 1.89321
456 52.1464 49.1261 2.19258
457 60.5207 51.6763 2.25865
458 62.2369 47.5697 2.16192
459 93.8179 91.5972 1.1171
460 60.3453 33.5433 2.55094
461 59.1608 98.7675 0.94193
462 72.5157 44.2784 2.37834
463 62.6933 53.4602 2.67741
464 81.0177 49.5316 2.85221
465 56.5947 54.9501 2.53485
466 73.7861 37.961 2.57939
467 81.8678 63.3497 1.69474
468 53.8705 31.7357 2.71451
469 33.3312 60.0453 1.83857
470 19.3946 73.7354 0.122759
471 64.5683 37.9211 2.59899
472 74.4706 46.6626 1.85272
473 73.2125 53.6128 1.79425
474 14.3618 29.3791 -0.874561
475 50.0918 34.3503 2.42011
476 90.9506 95.5725 1.12548
477 71.7918 36.126 2.37062
478 52.0584 66.7622 2.59437
479 66.7669 93.4887 1.77461
480 57.0831 42.0982 2.16912
481 83.2035 59.2144 1.61833
482 65.312 26.975 2.10349
483 55.2798 58.3796 2.54207
484 53.4521 34.9271 2.41793
485 49.5287 24.1334 2.63198
486 74.2515 33.6731 2.07786
487 73.4003 37.8089 2.84994
488 45.1265 51.8032 2.26268
489 68.7838 91.9258 1.26472
490 68.439 98.4825 1.27119
491 66.8645 32.7835 2.64697
492 76.0711 49.9512 2.63304
493 68.936 40.63 2.06861
494 65.9562 27.9476 2.77518
495 60.3488 38.61 2.43438
496 67.0415 59.1881 2.09044
497 62.8069 61.9626 2.48116
498 74.9869 34.2128 2.72745
499 75.9909 75.9787 2.44217
