500
Particles
0 53.8762 59.9176 1.26105
1 29.3003 60.8565 1.97785
2 22.5617 67.8242 1.85201
3 51.6007 97.2209 -1.53336
4 25.1212 43.0798 1.83914
5 28.3318 79.2157 1.9819
6 45.3432 56.4604 1.6204
7 18.6269 10.6388 0.0854679
8 45.2896 93.6381 -1.95105
9 46.9376 1.21745 -2.51732
10 42.1765 88.4122 -2.25004
11 13.5943 4.76958 0.795975
12 53.3161 2.46566 -2.14016
13 65.7582 72.235 0.334076
14 26.4325 45.1037 2.1898
15 46.1988 23.7901 -2.19274
16 47.6742 8.72178 -2.25595
17 26.7629 35.9256 1.797
18 32.6159 58.2206 1.64439
19 1.68823 85.415 2.03003
20 51.8503 95.9929 -1.62617
21 43.6266 56.0368 1.00318
22 33.2576 88.1495 -3.19378
23 28.4746 40.0848 1.45347
24 93.6173 20.6446 -2.4918
25 22.1688 83.5114 1.46307
26 28.8534 78.8503 1.20851
27 18.8414 95.7597 1.23198
28 53.0135 62.7727 1.45963
29 29.5959 38.1418 1.99581
30 25.1759 71.6217 1.55608
31 31.4057 96.0895 -2.32383
32 48.6341 91.1812 -1.57728
33 25.9314 66.8671 2.29134
34 34.1089 90.8159 -1.98675
35 40.7685 73.64 1.61541
36 10.5446 8.476 0.918055
37 43.461 62.6212 1.80247
38 12.2438 77.5107 2.40835
39 23.2366 40.7274 1.82662
40 36.7384 88.1136 -1.87922
41 68.6304 75.8659 -0.338594
42 41.2385 0.216283 -1.88841
43 87.521 2.89701 1.36992
44 30.4515 65.6164 2.01175
45 45.8593 6.37976 -1.9618
46 34.6815 1.93171 -2.55294
47 6.69881 18.0197 -3.35135
48 37.9984 94.2298 -2.21094
49 22.8296 78.4567 1.94789
50 48.973 97.2705 -2.0387
51 35.8374 5.56667 -1.666
52 92.4494 19.1598 -2.77322
53 10.7518 8.23469 0.604305
54 32.5707 45.9044 1.35476
55 18.2419 88.6429 2.45601
56 34.4468 47.8859 1.29308
57 40.6965 81.1878 1.79706
58 31.9258 51.1774 2.00661
59 20.9336 81.4882 1.7629
60 37.0527 66.3483 0.911418
61 40.743 96.6977 -1.72126
62 40.0058 75.8807 1.69105
63 26.2373 56.3 1.51693
64 39.0937 62.7492 0.915618
65 13.4277 89.0315 1.96008
66 37.776 69.8704 1.08284
67 41.5352 71.3663 1.68645
68 11.568 86.5757 1.72523
69 40.3012 76.6092 1.93243
70 43.0522 59.5597 1.81232
71 27.5526 84.0617 1.89367
72 36.9653 65.158 0.88533
73 48.4932 61.455 1.48903
74 34.7243 77.9329 1.8732
75 60.4094 45.7072 -1.61205
76 38.6487 78.4511 1.75458
77 41.7937 59.659 1.8794
78 24.8951 71.737 1.46605
79 32.213 53.708 2.03466
80 36.0935 82.3906 1.72169
81 38.7419 68.7439 1.35514
82 4.01484 82.5928 2.0774
83 28.1035 50.4646 1.36738
84 25.0304 89.9957 1.22713
85 32.3147 81.1444 1.66707
86 38.5423 84.805 2.03007
87 7.71418 83.8807 2.10338
88 99.8436 84.0171 1.53428
89 31.9712 79.2003 1.91577
90 59.4216 41.8877 -1.58928
91 29.6876 96.324 -2.04061
92 7.51878 82.7256 2.52965
93 30.7729 47.8474 1.84372
94 39.4632 90.8637 -1.59967
95 49.6546 66.6388 1.05366
96 39.9829 60.0558 1.45732
97 43.979 64.2562 1.01105
98 32.1437 78.9627 1.3039
99 54.4394 88.443 -1.76848
100 94.0843 17.5459 -2.77794
101 34.8318 58.9738 1.32868
102 42.7341 96.7619 -2.31469
103 28.3364 82.8888 1.67597
104 38.9218 98.0558 -2.32868
105 58.2876 41.7537 -1.54254
106 34.1131 48.0626 1.44066
107 52.3487 62.2083 1.39343
108 37.2968 4.30614 -2.5327
109 35.6513 50.71 1.96791
110 66.8839 95.5262 -1.08494
111 44.6734 62.0414 1.80688
112 50.5138 94.7046 -1.95304
113 47.1368 56.7258 1.30405
114 45.5489 37.6255 -2.58072
115 43.8706 69.6095 1.53108
116 31.8552 72.7904 1.4263
117 23.3572 86.1104 1.65918
118 52.1822 0.462776 -2.14344
119 29.7357 46.4233 1.69952
120 24.4922 83.8237 1.37359
121 45.9019 94.4818 -1.56914
122 37.7961 93.2317 -1.52713
123 29.8838 57.7644 1.32547
124 61.04 72.728 -0.29529
125 14.8846 87.3223 2.62884
126 23.6314 9.05553 0.296431
127 64.2101 74.6559 0.0514428
128 93.3025 21.9134 -3.08925
129 54.2508 56.2209 1.1139
130 53.7552 67.193 1.67156
131 41.0308 87.5895 -2.6841
132 95.9256 56.2376 0.266512
133 96.0676 63.0741 -0.347393
134 24.2825 77.3029 1.99272
135 46.8537 61.1303 1.05918
136 32.8171 76.5717 1.61883
137 45.5225 61.1037 1.05441
138 40.0799 92.5206 -1.83222
139 29.9767 86.7443 1.62595
140 43.0759 98.2259 -2.33561
141 16.1795 88.829 2.41181
142 30.4885 50.5173 1.79821
143 47.5832 6.20631 -2.28321
144 41.1187 64.6847 1.34376
145 52.4874 58.3821 0.863193
146 54.7597 64.6263 0.849169
147 22.507 65.756 2.08868
148 52.8723 66.444 1.07342
149 37.0498 69.134 1.34979
150 42.7227 98.3995 -2.16872
151 46.4331 70.4852 1.77696
152 36.556 78.5307 1.67587
153 37.0928 -0.0461341 -2.02104
154 47.4492 7.73506 -1.77158
155 96.279 62.0829 -0.333298
156 46.5286 96.3231 -1.69495
157 41.0429 7.84924 -2.03079
158 26.9309 80.0462 1.40919
159 43.2311 20.9125 -2.63623
160 25.5774 70.2803 1.77141
161 24.7298 13.0764 -0.0238145
162 49.4123 99.2635 -1.84014
163 12.1986 84.9004 1.94832
164 62.2988 62.1766 -0.433604
165 39.6954 73.124 0.810214
166 9.573 85.9339 1.66538
167 47.6015 64.1639 1.28037
168 34.1741 57.4572 1.12325
169 95.0906 10.7061 -2.32748
170 24.0473 63.6103 1.81065
171 43.5618 56.5619 1.08351
172 51.0015 59.6453 1.07751
173 43.601 98.7838 -2.22564
174 24.5474 77.4866 1.73041
175 27.7599 3.76789 -1.29768
176 45.21 24.8729 -2.84479
177 30.9628 84.0883 1.34831
178 93.9461 11.6996 -2.35565
179 52.6332 62.4018 1.14057
180 48.2244 57.8542 1.02044
181 47.3345 1.72179 -2.51497
182 35.5624 48.334 1.45267
183 62.596 91.8164 -1.30097
184 10.7905 82.453 2.23868
185 92.3701 63.6633 -0.64938
186 38.3807 91.8311 -2.33123
187 49.8841 95.4726 -1.75568
188 23.8932 51.2895 1.26691
189 25.4449 71.7844 2.0676
190 23.517 76.7743 1.46243
191 41.4832 66.2058 1.31993
192 34.8689 79.9015 1.25324
193 33.3704 97.0606 -2.37649
194 30.5465 78.4839 0.988807
195 41.331 58.236 1.19948
196 23.6881 78.9847 1.20812
197 38.8689 84.5974 2.76563
198 6.79914 82.5434 1.99913
199 26.1039 78.9074 1.25281
200 45.4985 59.4958 1.40693
201 24.2954 38.5404 1.9444
202 91.7964 19.8189 -3.35111
203 39.0146 20.2644 -2.92001
204 27.5462 77.6396 1.58471
205 50.1662 61.995 1.80616
206 33.1739 84.4103 1.83962
207 20.8545 83.679 1.38692
208 14.5406 84.0376 2.47613
209 54.0715 97.1455 -1.76627
210 35.835 61.9987 1.86791
211 36.5876 88.0057 -2.44439
212 95.8004 58.6558 -0.699039
213 47.9529 72.6284 1.24919
214 24.9157 52.1538 1.47755
215 50.7658 58.0451 1.24899
216 45.2167 9.63804 -2.4669
217 44.5583 55.686 0.973582
218 38.9522 11.2631 -2.16503
219 27.7605 35.2445 1.77419
220 46.8281 62.3488 1.78835
221 37.7288 9.16171 -2.01399
222 40.6607 63.5822 1.64962
223 58.5229 47.4383 -0.77848
224 50.7594 95.268 -2.01211
225 13.5163 6.8651 0.594143
226 44.6432 1.7798 -1.74626
227 39.3281 95.9344 -1.54334
228 40.0289 84.8084 2.60749
229 43.5325 1.81407 -2.24867
230 66.6711 72.9 0.438568
231 37.4091 63.7293 1.83552
232 30.1025 95.7163 -1.96761
233 28.4445 84.6403 1.66853
234 23.3543 80.127 1.54522
235 33.2745 45.2204 2.07635
236 43.9121 97.1301 -1.99105
237 27.8979 70.799 1.79702
238 29.4988 43.6874 1.80145
239 24.6632 46.6939 1.9088
240 52.0721 2.32427 -2.18219
241 33.3781 67.7672 1.34967
242 39.3421 5.08082 -2.62264
243 46.6397 58.7675 0.942031
244 24.3064 10.734 -0.0361132
245 37.4313 6.07269 -1.7613
246 40.9432 90.5514 -1.66599
247 63.6127 77.0461 0.606537
248 27.2538 49.2704 1.61871
249 29.9494 74.6477 1.30525
250 14.1556 98.6009 0.774866
251 22.8686 71.3184 2.24747
252 17.126 9.76062 0.426326
253 87.0383 7.8593 1.54502
254 40.8344 87.4188 -2.26253
255 38.0997 70.0438 1.67894
256 40.8185 3.41129 -1.79518
257 40.6714 91.4598 -2.33646
258 46.4629 97.378 -1.92416
259 36.8019 47.4994 1.77223
260 26.6854 77.8524 1.60518
261 30.0598 49.8501 1.29028
262 44.5684 3.35539 -2.45829
263 28.6671 89.8771 2.11781
264 25.6566 67.2959 1.6492
265 35.2338 81.3477 1.87473
266 30.9145 82.2768 1.23866
267 38.2827 62.2748 1.02402
268 31.9451 91.265 -1.67617
269 15.6884 97.7119 0.67435
270 32.3945 50.7907 1.31476
271 34.259 47.5758 2.02282
272 46.6524 82.0088 1.3291
273 25.0311 81.1054 1.29511
274 30.9257 87.3645 1.51273
275 41.7618 97.2104 -2.16791
276 28.1376 78.1833 1.34017
277 50.8904 61.0274 0.91506
278 27.8586 61.6551 1.99858
279 40.0101 7.37143 -1.85602
280 29.9736 48.9165 1.77496
281 40.5028 94.0906 -2.20187
282 29.9595 46.109 1.23844
283 43.93 69.5768 1.73387
284 33.3152 70.5655 1.25853
285 44.2443 60.1289 1.31106
286 62.8512 76.0264 0.344614
287 38.2657 90.7039 -2.30042
288 58.0713 91.847 -1.46205
289 28.8665 65.5021 2.00442
290 35.0934 96.6253 -2.03807
291 30.93 62.5063 1.33069
292 92.975 4.56305 1.69681
293 29.195 87.2323 1.26595
294 30.9577 43.8602 1.52817
295 19.915 8.91253 0.339037
296 12.5206 82.5292 2.47947
297 44.8699 1.53869 -2.62954
298 31.9298 63.8575 1.555
299 44.8242 64.3529 1.42514
300 32.325 82.8052 1.99155
301 39.229 67.14 0.901125
302 15.6574 75.148 2.16196
303 39.6224 93.5183 -1.89783
304 27.607 58.3891 2.07713
305 24.7578 72.9641 2.16874
306 13.2547 6.7912 0.0092149
307 24.4481 69.3857 1.69985
308 31.5491 50.0702 1.74275
309 27.0746 85.6128 1.38345
310 14.8968 5.87935 0.878687
311 70.3466 72.0983 -0.262563
312 36.9137 6.5448 -2.56822
313 47.6295 70.9394 0.936745
314 39.4344 22.6308 -2.89774
315 38.1353 96.9166 -2.07457
316 46.4748 59.4335 1.22586
317 32.56 53.3556 1.91139
318 52.1603 3.67887 -2.09738
319 41.8916 65.1955 1.76525
320 43.7478 62.0817 0.962216
321 26.9904 35.0902 1.55483
322 46.5878 60.1122 1.21877
323 31.0095 53.829 2.19793
324 29.8958 70.6033 1.38155
325 43.087 2.79731 -2.23417
326 40.8642 88.1248 -2.08073
327 30.117 83.5586 0.959154
328 10.1088 83.0019 2.20156
329 52.1865 91.5442 -1.75783
330 45.8147 69.5445 1.67451
331 95.8026 59.2968 -0.453852
332 51.1666 91.4509 -1.29939
333 0.794296 80.9744 2.16668
334 24.9949 42.7257 2.01809
335 43.5302 64.4227 1.36735
336 46.4087 61.8499 1.42072
337 25.7069 45.148 1.2913
338 41.895 1.29625 -1.77447
339 38.6332 89.5496 -2.40148
340 38.1523 57.8478 1.83754
341 24.4199 50.8524 1.33051
342 36.7761 58.653 1.87348
343 42.3837 7.76546 -2.62935
344 42.1648 94.3382 -1.55134
345 89.7928 1.38099 1.48406
346 70.203 76.2843 0.267685
347 27.014 79.0303 2.05507
348 24.4835 50.6436 1.93611
349 24.4459 73.7842 1.31944
350 39.195 3.15104 -2.30823
351 46.3138 96.945 -2.30624
352 29.3257 61.8576 1.63394
353 60.9192 44.4511 -1.9054
354 33.5877 80.4984 1.08521
355 43.9867 89.3825 -2.55716
356 53.7177 89.4668 -1.34505
357 99.2074 62.7609 -0.0861073
358 32.879 52.5982 2.07267
359 24.7788 85.2501 1.87288
360 42.9422 16.7148 -2.73464
361 21.1688 78.2729 1.65352
362 40.7644 59.7136 1.82749
363 37.2281 81.9746 1.24998
364 25.9674 67.5253 1.55576
365 34.4291 1.31942 -2.31285
366 46.3915 58.4455 0.900821
367 49.7692 62.827 1.50218
368 54.503 63.668 1.04757
369 87.8016 99.4689 1.82725
370 54.827 5.54322 -2.26412
371 39.3949 69.5966 1.48719
372 32.3938 43.9879 1.50531
373 46.2309 60.2685 0.910386
374 24.5168 69.6887 2.1252
375 32.3544 0.867018 -2.1043
376 36.6344 50.2688 1.85328
377 45.2225 67.821 1.34271
378 35.2446 4.8768 -2.40474
379 46.3916 64.8411 1.1996
380 42.3068 0.53051 -1.96958
381 32.0139 77.7369 1.44572
382 41.7044 56.8304 1.92584
383 -0.0791121 20.1115 3.32108
384 26.0437 88.4634 1.39053
385 17.2143 5.24364 0.497939
386 9.45287 8.99114 0.344368
387 28.2382 82.2816 1.77123
388 45.5577 2.65894 -2.68156
389 20.5806 80.942 1.63081
390 34.1094 61.9052 1.01851
391 31.6208 49.3826 1.25916
392 6.21738 74.5318 0.948756
393 40.8579 5.69673 -1.97039
394 43.1801 59.1977 1.50331
395 35.2507 54.2901 1.28602
396 28.5144 34.0963 1.17072
397 42.0566 70.041 1.21301
398 48.0957 86.7067 -1.56619
399 37.3231 71.7357 1.30115
400 26.0874 46.0321 1.39041
401 10.2391 85.5002 1.81131
402 35.7798 82.2686 1.36219
403 39.9419 56.5651 1.07261
404 33.459 84.7151 1.21939
405 28.4056 62.1366 1.56774
406 63.812 72.9573 0.355824
407 43.3169 58.3223 1.18966
408 48.7014 58.8041 1.12545
409 48.607 61.4947 1.20371
410 24.8668 46.3727 1.75695
411 47.3956 35.8028 -3.11882
412 42.9374 79.8861 1.49918
413 30.1038 49.2363 1.82237
414 39.6253 2.87578 -2.12906
415 90.2442 4.14552 1.25228
416 13.6095 82.0191 2.64102
417 27.4671 48.7855 1.45067
418 37.7411 62.7265 1.54734
419 4.59375 21.2877 -3.3053
420 25.4384 84.7826 1.60232
421 34.393 59.7004 1.39066
422 32.6734 49.1508 1.67664
423 45.6657 60.1385 1.50223
424 44.3869 24.5461 -2.70574
425 44.123 55.1859 1.69825
426 44.9714 66.9545 1.71583
427 20.487 70.9407 2.26582
428 38.9172 1.74738 -2.56718
429 43.4919 1.7853 -2.13653
430 24.9507 12.4143 0.197337
431 33.8016 2.77093 -2.05882
432 47.165 95.3941 -2.23212
433 48.1787 67.4999 1.35766
434 34.9773 89.77 -2.25884
435 22.9466 65.6676 1.46099
436 46.9907 3.00818 -2.52248
437 28.564 83.4365 1.81814
438 25.4104 38.8376 2.02785
439 49.1697 63.1672 1.41114
440 35.0973 74.8838 1.71639
441 61.8508 68.5764 0.226603
442 42.7616 60.0027 1.44377
443 31.7151 81.2645 1.4651
444 36.7222 4.00022 -2.2575
445 23.5923 75.9127 2.10871
446 64.4772 69.7884 0.364829
447 66.9113 76.9642 0.487997
448 47.0242 28.4564 -1.92396
449 32.5557 70.4736 1.6286
450 30.5181 52.232 1.87009
451 35.0094 81.7133 1.10487
452 23.1566 72.4147 1.80853
453 43.2993 0.213451 -2.12487
454 54.082 57.3791 1.05607
455 4.94693 86.4035 2.42909
456 23.6385 44.6484 2.39298
457 33.7164 44.17 1.26873
458 51.0141 0.00356622 -2.01991
459 22.4922 93.899 1.67832
460 24.0579 78.7442 2.1551
461 59.4499 41.7309 -1.38608
462 38.0273 5.52207 -2.07197
463 35.2373 49.7232 1.44675
464 40.964 10.9894 -1.81646
465 31.1234 52.463 1.56541
466 42.7354 5.13607 -2.44904
467 44.7978 61.1914 1.25522
468 20.6361 81.4832 1.36973
469 45.5198 -0.236642 -2.63625
470 30.9805 59.5003 1.76744
471 38.3219 5.80696 -2.09679
472 37.7106 6.85466 -2.26892
473 49.8121 59.1634 1.74264
474 46.1143 24.8423 -2.84173
475 65.6607 72.6234 -0.144683
476 97.3145 63.9877 0.302142
477 37.8668 84.4915 2.09631
478 28.5411 98.1617 -2.10721
479 94.8186 1.9938 1.55756
480 31.9156 42.8604 1.2863
481 12.7628 82.0894 1.99349
482 33.1159 78.6685 1.52157
483 32.2219 55.3695 1.44434
484 9.16536 79.4936 1.61867
485 15.7708 74.621 1.81204
486 45.136 98.1878 -2.25518
487 44.8156 9.7386 -2.54793
488 39.4685 74.2247 0.997378
489 9.02003 85.7209 1.94078
490 18.1193 9.86219 0.651461
491 40.9417 92.4304 -1.80479
492 36.8696 4.49314 -1.72235
493 36.9443 93.7198 -2.45524
494 40.8301 89.9089 -2.1888
495 26.3831 85.3192 2.06469
496 41.0583 66.0362 1.37895
497 44.9471 21.0007 -2.42415
498 44.0804 2.07443 -1.76848
499 20.7831 91.895 1.60169
