500
Particles
0 4.40955 43.8109 1.1681
1 73.2544 79.5766 2.10282
2 61.9407 51.6005 1.59092
3 53.6429 71.4688 1.08671
4 89.0849 96.5493 2.26311
5 77.1307 77.6074 2.90191
6 13.2994 13.6609 2.01164
7 66.5943 79.2561 1.71638
8 84.5087 6.73193 2.43605
9 49.0682 56.0848 1.328
10 12.0901 91.0182 2.15596
11 11.2026 22.6942 1.4175
12 72.4804 50.7903 1.62353
13 77.8932 65.5011 2.36847
14 90.0376 97.6089 2.21681
15 82.8337 75.8005 2.37054
16 49.0949 5.62267 2.0609
17 7.01217 27.875 1.95412
18 95.1017 14.3832 2.51435
19 90.8125 17.2703 2.71712
20 58.3806 73.9412 1.8166
21 9.56301 10.0681 2.47935
22 13.2758 4.10946 2.44801
23 86.6795 87.5111 2.48032
24 59.5189 75.1843 1.90784
25 95.7287 89.0886 2.70239
26 98.6048 41.9709 1.70329
27 6.55292 17.1413 2.69985
28 7.55773 6.14339 2.53058
29 85.9156 48.1725 1.14708
30 58.9476 46.4891 1.15955
31 9.97229 4.81919 2.88798
32 95.7329 48.443 1.24563
33 42.5724 80.3689 1.72895
34 95.4357 84.2853 2.38806
35 95.9974 21.1206 2.63157
36 23.1016 62.1927 -2.85282
37 84.8061 46.7647 0.935838
38 97.2896 94.3243 2.75378
39 88.5331 90.0996 2.15247
40 91.3609 73.7595 2.17085
41 81.3573 82.6187 2.83618
42 16.0813 94.5395 2.60579
43 57.568 73.3959 1.81698
44 76.7257 79.4833 1.99042
45 25.5275 2.26612 2.20924
46 94.9809 87.6073 2.32983
47 72.2233 68.033 2.41178
48 9.08168 94.5404 2.9838
49 93.927 34.3264 2.29566
50 0.653623 17.4112 2.7599
51 17.4887 5.53034 2.69085
52 55.8247 75.8521 1.4724
53 26.1392 62.3095 -2.58985
54 91.4906 95.6982 2.22176
55 65.0669 70.5044 1.1778
56 91.4389 94.6359 1.82717
57 11.5877 83.2314 2.84274
58 97.9937 8.34787 1.95207
59 86.5157 75.0453 2.07988
60 0.527775 13.6156 2.72885
61 10.0146 92.821 2.66084
62 77.2541 83.5093 2.37373
63 88.1065 19.9836 2.3782
64 6.4549 13.4052 2.42974
65 72.7825 69.0033 2.45285
66 97.3545 18.0011 2.08839
67 1.20468 19.0091 2.35419
68 75.6598 63.2001 2.07376
69 23.4806 65.5554 -2.0356
70 10.069 15.1975 2.12791
71 97.7134 89.9578 2.61626
72 97.0128 13.8148 2.7879
73 81.6847 44.2127 1.09614
74 14.4314 91.4517 2.75843
75 65.0479 75.6714 0.999712
76 14.4925 89.5184 2.17627
77 14.0897 16.16 2.45444
78 90.3785 49.8058 1.1295
79 99.5791 11.4663 1.97562
80 10.3658 93.3124 2.91419
81 1.52126 20.3792 2.79199
82 91.3983 14.6793 2.76019
83 91.7983 9.81621 2.21791
84 64.4485 67.578 1.72031
85 12.5384 97.1524 2.09221
86 11.3935 92.4894 2.6139
87 87.5471 41.3996 1.80703
88 66.7974 69.1155 1.62448
89 9.63397 88.8151 2.28185
90 58.6463 76.1218 1.74233
91 9.75326 5.45611 2.47657
92 15.8204 12.637 2.58685
93 85.5732 94.9516 2.30059
94 8.18771 93.0666 2.50883
95 55.4529 46.7756 1.7618
96 9.24074 13.6526 2.26555
97 15.7231 20.5385 1.876
98 98.6168 75.5503 2.54625
99 12.601 10.5522 2.52148
100 62.2014 77.3204 1.81109
101 98.5624 16.5103 2.93435
102 11.5689 91.2237 2.13584
103 88.513 71.1235 1.63031
104 10.1456 98.5204 2.69455
105 58.0102 78.5864 1.27676
106 91.7639 95.7161 2.36763
107 90.4273 86.3169 2.65291
108 13.0374 4.64932 2.20507
109 99.0202 8.30595 2.93692
110 66.8256 76.7439 1.83638
111 89.1588 46.5863 1.50732
112 54.4792 71.2058 1.24792
113 8.65173 9.17207 2.54474
114 7.33372 18.9824 1.99491
115 61.9595 48.3239 0.940759
116 12.7 84.6813 2.28337
117 98.4855 94.3457 2.67365
118 73.1546 36.5514 1.51626
119 89.1457 98.8941 1.79593
120 83.2352 64.3211 2.51073
121 71.7652 78.4232 1.79316
122 1.55955 87.6981 2.39766
123 85.2052 94.4655 2.56253
124 62.2599 51.9257 1.46818
125 92.1121 49.7667 1.40116
126 49.5877 7.40858 2.24708
127 77.7881 69.408 2.21787
128 64.0738 75.2713 1.60607
129 98.3151 13.1486 2.82672
130 -0.134648 97.077 2.39367
131 13.8437 91.3442 2.4856
132 93.6458 48.6044 1.57808
133 93.0569 28.8328 1.97671
134 70.7268 82.8237 1.7639
135 74.1907 85.9563 2.47844
136 9.89371 86.2425 2.40785
137 9.24606 13.5117 2.3526
138 14.3333 96.079 2.56547
139 84.8247 62.6337 1.89479
140 14.5878 91.413 2.80481
141 85.2199 18.0257 2.76798
142 93.4037 9.07255 2.81232
143 93.3977 26.8339 2.12716
144 9.55127 15.9621 1.81664
145 2.0509 20.1955 2.6591
146 89.7178 84.8022 2.52521
147 46.9167 81.709 1.62119
148 84.0954 43.2158 0.850737
149 96.7744 20.6504 2.80937
150 13.3128 92.9068 2.99468
151 98.581 43.1043 1.60711
152 10.8848 87.1529 2.18213
153 14.2907 3.93756 2.28471
154 46.8361 0.187483 2.93954
155 88.3788 26.7027 2.6282
156 88.5181 9.46776 2.82064
157 79.8055 78.4979 2.32952
158 0.331275 40.2161 1.05443
159 53.6226 43.0844 1.00021
160 25.7948 63.4801 -2.627
161 56.6329 44.2747 1.65504
162 94.9059 17.7957 2.16595
163 86.2167 53.6648 1.31041
164 72.7253 69.3043 2.54092
165 92.1112 14.2078 2.57452
166 66.4751 67.6092 1.31861
167 89.0194 45.6423 1.7192
168 0.102322 13.6424 2.71776
169 69.7381 72.4855 1.54102
170 58.207 51.8523 0.946594
171 11.4146 13.6455 2.18258
172 82.2064 72.3615 2.21892
173 16.1009 91.4856 2.39141
174 73.9571 76.3356 1.88932
175 94.4027 48.5866 0.997072
176 63.9568 53.8029 1.30256
177 5.74694 48.1764 1.01495
178 56.1913 73.9704 1.73479
179 7.2674 6.03307 3.07308
180 11.4171 12.0827 2.12176
181 96.5355 27.7715 2.12644
182 0.511454 6.09554 2.20048
183 92.5727 33.6263 2.46235
184 20.9323 16.6312 1.95883
185 74.7873 67.4877 2.66868
186 16.5162 1.96426 2.89858
187 59.6077 51.8016 1.48776
188 78.8767 75.7954 2.73629
189 36.249 32.0029 0.0143974
190 73.7242 72.9974 2.76247
191 83.848 13.8827 2.79311
192 2.70065 62.6875 0.470537
193 17.0058 8.21531 2.56813
194 93.5758 71.4277 2.89012
195 5.04472 8.39101 2.33522
196 84.5218 61.0702 1.73513
197 8.73312 89.5876 2.82841
198 19.4756 16.3224 1.89185
199 55.806 52.3948 1.30692
200 18.4791 17.5203 1.97419
201 70.6324 46.3194 1.15146
202 58.117 77.0763 1.81306
203 57.1807 46.2242 1.08193
204 98.3506 39.1342 1.17008
205 88.8421 44.3736 1.39833
206 91.2335 71.6836 2.14092
207 93.1797 88.3604 2.02743
208 92.9077 21.9143 2.39263
209 59.1901 50.9488 0.921777
210 1.76748 18.1014 2.27488
211 15.2503 1.17751 2.85012
212 89.8638 27.5096 2.34009
213 93.7756 43.8596 1.50676
214 76.3967 72.1377 1.9427
215 93.3295 91.8771 2.3438
216 21.6897 1.25391 2.57726
217 6.1165 8.34305 2.81044
218 73.5329 36.5427 0.909236
219 6.49907 28.9565 2.37696
220 84.815 45.3392 1.32712
221 22.7044 11.5146 2.20124
222 85.067 45.0683 1.22211
223 62.4621 78.0217 1.20484
224 38.427 65.7124 3.33948
225 66.6219 51.6079 1.6644
226 50.1639 46.8915 1.364
227 18.008 4.01033 2.93458
228 11.6709 92.3849 3.0213
229 20.4355 100.11 2.09345
230 82.0923 75.8835 2.2573
231 3.0773 14.4183 2.82859
232 15.1217 8.77351 2.18417
233 94.6869 84.9448 2.3818
234 87.9382 74.0562 2.20125
235 91.0387 94.8922 2.27771
236 45.6659 99.4583 3.02385
237 61.9931 51.1926 1.51619
238 1.75555 7.60203 2.90829
239 95.0626 10.4035 2.50144
240 5.29179 14.9429 2.12808
241 84.8044 4.72913 2.21342
242 16.7561 2.55443 2.81261
243 18.1863 18.0241 2.56799
244 56.3908 44.0435 1.12833
245 17.4322 6.17289 2.24309
246 14.2974 97.3105 2.66338
247 74.4854 70.6178 2.35902
248 85.5781 93.8139 2.98709
249 0.292906 73.3682 2.14917
250 1.31998 14.644 2.36299
251 32.4896 32.5638 0.321833
252 59.6304 79.6949 1.39313
253 30.4852 54.1161 -3.31324
254 12.7612 90.874 2.35873
255 95.4787 15.504 2.32302
256 16.764 0.699105 2.13824
257 8.46692 89.5386 2.85995
258 87.5698 12.5322 2.60742
259 89.7805 93.7218 2.62164
260 4.43861 35.3433 0.529588
261 95.5611 7.37108 2.0683
262 18.6117 96.4174 2.3357
263 15.5103 9.29033 2.22279
264 48.9533 84.1491 2.23487
265 9.50734 90.0136 2.89151
266 5.53014 43.5777 0.656927
267 5.91939 14.1169 2.25825
268 82.7425 62.2848 1.89368
269 4.73446 19.2475 2.29339
270 98.5113 7.12489 2.39952
271 93.7421 99.0502 1.97375
272 92.8626 43.5835 1.75857
273 86.9429 70.7148 1.92465
274 1.36878 94.4382 2.91376
275 13.4682 94.1668 2.42002
276 4.62313 38.6613 0.745728
277 16.3063 13.3281 2.10937
278 70.3098 78.6768 1.44853
279 17.4401 4.04091 2.1519
280 6.18397 13.4573 2.48231
281 11.8604 96.1852 2.78168
282 91.2699 98.4476 1.90324
283 92.3205 43.0456 1.76904
284 37.1008 79.2233 -0.89486
285 13.1193 16.1136 2.30618
286 79.3178 80.0824 2.59783
287 10.1964 94.2253 2.66996
288 49.0775 37.2581 1.83436
289 22.9905 65.7444 -2.36217
290 99.212 89.4643 2.42872
291 87.6286 27.125 3.14649
292 86.3348 26.1272 2.90184
293 94.8822 87.1626 2.33472
294 97.3441 100.378 2.14283
295 8.28989 9.19676 2.78098
296 22.1009 15.1504 2.33067
297 47.1206 4.2246 2.92731
298 91.641 12.0983 2.67011
299 67.2453 46.8722 1.47304
300 3.9286 90.4795 2.31317
301 -0.0214977 16.6511 2.0353
302 82.3322 64.2238 2.52311
303 12.4549 96.6702 2.40291
304 88.3048 22.2538 2.76697
305 35.2209 32.0733 0.179119
306 38.5307 73.5585 2.79069
307 64.6279 49.1471 1.48444
308 93.3514 9.15263 2.15585
309 97.5919 91.7672 2.53432
310 55.4377 80.8268 2.21263
311 88.2051 87.8163 2.75454
312 16.7005 7.35877 2.3467
313 94.2446 44.8398 1.58959
314 99.2923 20.4987 2.5243
315 16.9983 2.97914 2.55573
316 15.9611 12.5176 2.41447
317 96.8767 8.04992 2.57292
318 64.4528 49.5597 1.18383
319 81.4286 46.9094 1.20497
320 86.0964 45.4451 1.30116
321 1.96205 23.7343 2.85141
322 82.4968 41.8631 1.34343
323 98.6416 11.156 2.53448
324 52.8002 49.8973 1.68186
325 22.9039 1.07945 2.78901
326 9.55955 89.9965 2.33647
327 96.785 84.1875 2.95027
328 89.6845 41.9169 1.03927
329 92.1266 52.139 1.54078
330 93.8632 42.8945 1.34332
331 52.8734 83.1352 1.90084
332 56.5993 50.3679 1.50845
333 23.0226 19.0782 2.79544
334 86.6657 90.0952 2.37625
335 66.4127 45.3051 1.24446
336 87.6089 44.1646 1.4974
337 87.9723 96.5123 2.48439
338 23.3432 2.43731 2.06603
339 5.99967 90.7974 2.79401
340 79.1563 64.6822 1.68661
341 92.9996 10.4097 2.13602
342 2.38123 17.5551 2.04877
343 21.7265 2.35766 2.01944
344 16.5805 97.596 2.22635
345 65.7613 72.2668 1.83237
346 86.8224 89.4511 2.17486
347 5.6671 35.8768 1.1055
348 78.5115 82.7247 2.39454
349 73.774 68.5468 1.96912
350 13.1043 100.309 2.39174
351 91.8446 23.0278 2.29656
352 76.7127 77.8595 2.08241
353 62.4715 76.8992 1.42587
354 94.6103 67.682 2.52235
355 13.6998 88.4151 2.31538
356 87.6241 40.4696 1.8123
357 73.9185 69.6591 2.24045
358 3.1086 11.3613 2.60411
359 92.806 85.588 2.87402
360 96.1759 21.8132 2.47688
361 2.62146 41.627 1.29341
362 4.54649 8.51511 2.61006
363 11.8449 94.0794 2.93107
364 54.7814 81.4557 1.93869
365 13.4888 7.76114 2.18536
366 15.6257 16.6555 2.74551
367 90.3999 44.7951 0.947694
368 80.4703 69.7376 2.62919
369 96.3564 43.8899 1.81872
370 35.4401 69.3855 3.05605
371 98.0343 17.0146 2.12782
372 3.64826 6.13456 2.5445
373 62.4181 2.18857 -0.105005
374 1.63106 18.6999 2.61738
375 23.2043 15.4983 2.86812
376 4.72757 10.1434 3.01802
377 93.8592 46.032 1.91378
378 -0.142607 91.8545 2.6022
379 88.2577 47.7876 1.3465
380 12.0062 91.5278 2.20508
381 52.9105 51.1447 1.60925
382 12.6643 15.4289 2.38664
383 68.4602 72.3118 1.43804
384 13.6707 8.39116 2.7623
385 67.7147 78.6151 1.41632
386 23.9868 60.0967 -2.03686
387 93.1103 32.4829 2.35257
388 22.2651 98.4856 2.47445
389 93.1781 85.7672 2.14915
390 90.2111 12.8501 1.93622
391 97.6327 10.1498 2.03228
392 95.2796 85.9304 2.3139
393 21.108 3.0371 2.48388
394 11.9689 15.933 1.84516
395 1.35655 10.7299 2.76281
396 6.1501 27.0803 2.3579
397 1.59024 10.4879 2.38435
398 94.4486 43.2058 1.54888
399 84.3088 0.432057 2.82305
400 87.5608 99.1255 2.62839
401 55.0916 47.595 1.45923
402 94.2254 67.7309 2.45725
403 12.4566 13.9252 2.25252
404 4.7166 92.5229 2.46105
405 75.3548 78.5013 2.42934
406 78.1641 69.5024 2.56478
407 15.6797 18.6324 2.41214
408 95.9825 94.6032 2.24816
409 90.1825 43.7731 1.16129
410 88.689 0.59728 2.83546
411 4.03302 16.6754 2.06646
412 13.0782 86.567 2.97665
413 92.8202 8.54396 2.21473
414 20.783 3.65069 2.20436
415 70.5362 70.6944 2.44285
416 17.3314 12.652 2.00867
417 88.6093 99.5032 2.0109
418 5.16968 19.2109 2.35592
419 65.2585 70.4519 1.7646
420 92.3493 83.2396 2.70026
421 3.77588 17.7306 1.81047
422 92.2171 100.29 2.37656
423 49.1888 30.354 2.63563
424 5.48567 25.5294 2.64931
425 9.40912 7.67026 2.92953
426 6.0966 39.6871 1.12313
427 4.49719 22.1875 2.08884
428 6.63117 94.0272 2.90159
429 14.2524 94.6521 2.22507
430 95.024 29.8164 2.49091
431 20.971 11.9082 1.83062
432 98.8369 20.5267 2.65743
433 95.4582 40.4113 1.45122
434 98.5984 85.2445 2.36069
435 58.4443 81.8097 2.22601
436 -0.408298 28.0563 2.58514
437 84.8083 62.4724 1.72694
438 86.9324 50.2149 1.17314
439 90.9179 46.0998 1.23091
440 14.6612 88.8962 2.32116
441 75.9843 68.135 2.68606
442 7.33412 13.8076 2.67447
443 53.7483 53.6589 1.63283
444 16.3757 7.60518 2.30735
445 73.1673 75.5299 2.45072
446 65.7537 78.119 1.27888
447 84.5072 85.7433 2.75269
448 6.55489 11.3917 2.55266
449 21.7349 64.9776 -2.14939
450 95.2322 11.8926 2.08715
451 93.8175 69.2666 2.23642
452 8.72985 27.944 2.44385
453 11.3607 87.8589 2.76301
454 13.6948 25.9632 1.89885
455 70.0387 72.0596 2.08827
456 86.142 95.1456 2.04087
457 94.4538 98.8588 2.14588
458 98.8386 98.2949 2.55786
459 76.1776 64.3463 1.88492
460 94.8746 82.7786 2.02696
461 36.7702 68.8711 3.26257
462 17.7713 6.3437 2.07734
463 1.69095 8.46917 2.74955
464 44.6801 2.70908 2.78045
465 96.3952 11.156 2.10426
466 19.6969 0.549352 1.99914
467 87.9044 45.1334 1.12739
468 83.487 70.0351 2.27671
469 96.0491 26.5742 2.33351
470 97.8927 32.6045 1.86561
471 1.43609 90.687 2.93754
472 17.2734 5.96519 2.3464
473 17.0543 13.1212 2.20177
474 55.9163 53.0069 1.43918
475 79.1506 71.0852 1.90784
476 74.4986 67.981 2.02077
477 17.6414 98.3746 2.39833
478 96.9432 24.1266 1.85364
479 64.1394 71.6041 1.04689
480 90.2205 88.5437 2.97247
481 86.6845 38.8691 1.22138
482 97.9572 72.4352 2.48734
483 92.5047 11.4032 2.82737
484 89.7315 85.3304 2.31461
485 3.82956 40.5368 1.30852
486 16.7128 93.2251 2.8561
487 16.0185 97.3919 2.47561
488 85.416 3.3048 2.16445
489 62.9934 70.3162 1.28231
490 68.1641 74.8728 1.89325
491 7.55656 90.2652 2.618
492 18.2626 9.57327 2.16698
493 12.0294 100.385 2.22569
494 98.7957 73.0967 2.36803
495 93.6381 87.0879 2.72766
496 8.12608 16.6774 2.67684
497 3.19039 18.4793 2.12827
498 16.6792 91.987 2.64797
499 90.2857 51.0154 1.49826
