500
Particles
0 25.3961 43.4898 3.21529
1 92.5634 35.9691 1.6818
2 66.1252 0.963366 1.67128
3 68.1703 24.0197 1.23047
4 33.5652 71.1807 2.51826
5 94.6628 32.4024 1.76193
6 52.7905 80.3835 2.49517
7 76.9502 30.8515 1.12706
8 25.4267 78.7678 2.61751
9 44.4007 24.092 2.05723
10 49.3879 55.0069 2.57965
11 47.0236 86.709 2.45441
12 71.8176 100.316 1.85225
13 26.1356 48.9684 3.33268
14 34.6024 72.6301 2.19996
15 27.8956 54.7898 2.42245
16 68.5536 64.5045 1.9116
17 42.3949 91.4098 1.83806
18 36.3704 83.4242 2.38676
19 1.14953 96.9246 2.50667
20 69.3172 24.7373 1.64129
21 49.2793 77.4545 2.55836
22 46.5204 64.7106 2.00648
23 27.8406 59.2007 2.54662
24 72.3525 26.9332 1.73763
25 36.0731 56.6302 2.949
26 2.40787 27.4438 1.04649
27 45.3337 83.4047 2.55741
28 48.7651 74.8219 2.52498
29 74.0184 98.7803 1.95668
30 50.0202 21.9259 -2.41289
31 45.525 67.658 2.77081
32 94.742 2.68589 3.04951
33 61.6149 34.4918 1.58583
34 36.2244 53.4551 2.88566
35 33.8062 86.4262 1.88297
36 56.8098 36.2094 1.28932
37 75.6909 96.4467 1.52196
38 36.703 60.9232 2.52895
39 29.9603 60.4783 2.78905
40 36.4974 49.7247 2.71347
41 26.0503 58.2822 3.31788
42 50.1418 55.7907 2.26655
43 68.8444 24.6633 1.52808
44 96.0959 37.6505 1.69337
45 57.5055 61.7906 2.77198
46 36.9462 57.3255 3.04687
47 91.5018 22.6475 2.65213
48 44.7038 57.4281 2.34811
49 29.3693 38.3793 -2.98743
50 42.8677 86.8799 1.85702
51 54.7879 70.3941 2.38085
52 67.917 26.9669 1.7846
53 59.5788 35.7112 1.31264
54 35.7154 70.6904 2.7925
55 73.454 21.5074 1.3291
56 37.7303 72.9922 2.24259
57 49.6317 48.8462 2.239
58 39.3907 78.1279 2.37484
59 31.3492 53.1522 3.19377
60 42.4458 83.6857 2.43817
61 46.6221 56.1017 2.2723
62 22.5522 61.7877 3.08525
63 24.9273 87.1414 2.30437
64 46.5337 81.1181 2.72079
65 92.5701 23.5826 2.54232
66 38.2048 86.0488 2.2831
67 41.9588 87.16 1.9127
68 97.0595 20.0479 1.60705
69 62.9871 57.1202 2.11447
70 48.4866 80.94 2.31628
71 36.6435 55.6182 2.91383
72 38.4916 82.6363 2.63065
73 76.317 94.0467 2.09218
74 48.2592 53.3786 1.99814
75 77.4117 27.1072 1.65919
76 50.1639 52.8113 2.1607
77 52.8994 81.5945 2.40856
78 74.9036 1.69489 1.54002
79 40.6125 80.6801 2.32132
80 46.5085 57.1264 2.46116
81 41.3942 87.8412 2.14744
82 27.1269 83.5588 2.75689
83 31.7478 78.1549 2.20908
84 71.8967 19.3249 1.61971
85 48.1379 60.1077 2.20289
86 47.1506 55.8742 1.86777
87 80.3672 91.1138 1.24225
88 74.7169 20.2891 1.77112
89 45.926 52.3817 1.93795
90 72.4249 27.6048 1.53993
91 46.7037 69.1865 2.56322
92 55.0899 79.1158 2.53862
93 29.2729 70.2423 2.44795
94 46.0221 57.5192 2.34621
95 26.2846 6.97317 -0.182699
96 50.1152 81.9112 1.98906
97 52.4119 84.6825 2.04764
98 41.6521 49.2327 2.83651
99 51.7309 76.6488 2.21167
100 71.0966 27.4358 1.14548
101 38.9426 84.115 1.98451
102 47.5154 54.3788 2.19781
103 34.1396 49.4505 3.09151
104 48.1727 63.4171 2.04582
105 69.4885 29.1979 0.985321
106 37.2238 71.4355 2.93342
107 30.3869 55.6738 3.02159
108 49.2251 67.815 2.5827
109 39.8383 77.1167 2.29911
110 78.7792 28.3743 1.80246
111 84.2399 96.718 1.42347
112 67.4458 23.0356 1.70291
113 49.1375 76.5353 2.10096
114 46.1035 84.2476 2.53909
115 66.1125 97.3401 1.87531
116 49.5901 49.6588 1.88762
117 36.399 59.595 2.77337
118 47.909 5.21155 -2.39817
119 33.4105 74.7493 2.86101
120 30.6678 48.1709 3.013
121 83.1118 29.8464 1.17575
122 40.4937 54.2253 2.62138
123 30.5718 72.5519 2.88835
124 65.8442 0.609226 1.32783
125 92.3369 4.83485 2.89826
126 66.3868 66.5839 2.1124
127 23.9872 53.5727 2.6592
128 75.1853 26.31 1.08936
129 41.2903 83.6048 2.32473
130 39.0787 64.9061 3.01568
131 49.251 54.3907 2.56325
132 91.9522 2.04463 2.60601
133 13.5643 4.84321 -0.0345457
134 62.0377 40.1771 1.70435
135 61.8465 87.5073 1.12997
136 46.3487 50.1164 2.63906
137 49.3873 81.2811 2.14383
138 49.245 58.3629 2.56023
139 32.57 48.9056 3.00973
140 50.6351 54.8386 1.73402
141 92.9321 10.7674 0.401774
142 33.5556 76.5231 2.32891
143 28.1417 94.1906 1.5391
144 48.6074 82.3451 2.19349
145 42.1182 87.3043 2.02311
146 30.5304 53.9985 2.50661
147 64.3455 34.2952 0.909074
148 76.853 92.8475 1.91985
149 36.432 87.1989 2.35015
150 49.1051 56.247 1.92947
151 -0.314671 1.49639 2.99038
152 46.7218 50.3421 2.86822
153 49.9995 66.4261 2.39594
154 69.7619 62.0087 2.3128
155 8.31947 19.8786 0.952848
156 28.1931 78.5923 2.93008
157 19.1063 54.588 3.17771
158 2.46771 28.7705 1.07005
159 31.9383 98.5429 1.94209
160 60.6337 36.6072 1.35789
161 34.812 100.353 1.6146
162 35.6563 86.2652 2.12897
163 75.9388 15.826 0.711213
164 92.8864 24.3046 2.64501
165 30.8108 83.4345 2.9217
166 72.5116 19.0333 1.71912
167 83.1801 94.5807 1.3798
168 41.6826 83.1783 2.37384
169 85.6322 24.3785 2.37637
170 27.7094 13.5069 0.544487
171 49.9592 79.2786 2.21004
172 28.3408 51.6446 2.40275
173 51.9425 54.6509 1.82933
174 93.9038 29.6263 1.71451
175 93.3544 2.5215 3.11576
176 66.6649 2.42541 1.48964
177 34.354 46.9266 2.94789
178 70.0725 25.9732 1.41339
179 47.2844 73.9559 2.20093
180 51.5598 79.9267 2.70673
181 30.4386 93.8881 1.42639
182 40.1364 74.1363 2.11208
183 20.8585 37.4778 2.57217
184 59.3601 81.7401 2.48012
185 96.8601 23.8479 1.81494
186 49.8594 62.7776 1.92778
187 34.4417 14.747 1.31108
188 20.743 53.5136 3.25813
189 48.7814 91.3022 2.1073
190 95.9331 28.3958 2.16171
191 64.8642 93.4255 2.28989
192 41.834 43.7478 2.70268
193 55.7729 74.191 2.01801
194 39.9936 50.2589 3.00915
195 46.4278 77.5531 2.11496
196 31.6074 45.6329 2.50951
197 43.7429 51.8822 2.21999
198 56.6459 80.8058 2.18266
199 22.5272 16.6913 0.935999
200 55.9501 81.9837 2.44745
201 71.5882 96.4265 1.8105
202 69.9981 27.901 1.08509
203 39.5743 0.588462 1.38123
204 2.2919 26.6098 1.72829
205 81.7424 94.0895 2.03783
206 37.509 49.4389 2.13966
207 34.1509 57.289 2.98089
208 31.8377 88.7738 1.53247
209 31.8038 14.2747 1.30264
210 40.9783 84.4126 2.27056
211 50.1148 63.3004 1.8691
212 8.08198 16.0787 0.928218
213 96.6825 98.4319 2.15855
214 20.6255 51.0106 2.68449
215 34.4801 60.9562 3.21221
216 56.2309 63.2563 2.33375
217 46.7331 76.9661 2.1346
218 46.7172 95.5905 2.02189
219 42.4015 92.342 1.74138
220 76.2997 94.8402 1.84335
221 59.5097 75.8426 1.76188
222 74.9356 95.2544 1.44244
223 73.9248 30.4761 1.60109
224 64.5156 24.5877 1.02615
225 69.4796 100.279 1.88814
226 21.7323 7.73049 0.178654
227 53.2228 66.9833 2.58631
228 48.0215 56.1626 2.36143
229 54.4542 61.1676 2.1068
230 25.8985 53.1837 3.35904
231 44.4192 83.5086 2.11926
232 53.8146 74.7943 2.05183
233 36.0802 54.3361 3.07691
234 33.4638 50.7953 3.19166
235 36.1433 70.0794 2.74842
236 67.2286 60.2509 1.71366
237 67.1634 0.419134 2.15584
238 41.4692 74.9665 3.01101
239 35.0896 78.5779 2.1615
240 46.089 83.7264 2.15247
241 27.231 77.7546 2.58119
242 51.9839 65.0555 2.37562
243 54.9778 81.7781 2.55397
244 34.7245 100.432 2.06469
245 53.5519 69.512 2.2513
246 49.8917 59.9186 2.51769
247 96.0718 26.6006 1.98603
248 32.263 72.3251 2.20878
249 43.4466 48.5531 1.84739
250 42.027 82.8261 2.84392
251 46.5814 91.568 1.77788
252 70.7965 30.5705 1.45375
253 59.6909 25.4764 1.49427
254 48.543 53.7412 2.51155
255 36.8094 85.3853 2.65306
256 51.7033 63.1751 2.4394
257 44.445 52.8976 2.33362
258 28.1776 82.0922 2.77395
259 35.4047 70.038 2.01793
260 16.2445 6.77847 0.558305
261 33.7416 75.7428 2.2709
262 52.3124 57.7381 2.22746
263 53.1161 74.1699 2.16503
264 63.7884 35.4294 1.63222
265 46.4507 53.9561 2.64216
266 32.9805 40.9753 3.51381
267 47.2173 83.3318 2.33178
268 31.1813 49.2354 3.28308
269 43.4907 85.2694 2.44854
270 38.939 75.3639 2.99415
271 37.8982 72.745 2.60703
272 94.5652 98.2997 2.88698
273 32.7821 49.6764 3.34517
274 39.3128 59.8635 3.11075
275 50.4163 57.7975 2.72691
276 34.0303 37.4352 -2.78128
277 56.2009 79.8392 2.27966
278 82.8605 30.982 1.66515
279 52.1784 65.6185 2.59519
280 46.159 81.6744 2.12702
281 48.4055 60.0247 1.85855
282 35.9833 73.6939 2.81792
283 86.1583 93.7832 1.61368
284 68.102 57.2704 2.02505
285 53.9878 83.7103 2.10694
286 23.8999 56.799 3.41631
287 46.8564 58.7692 1.86872
288 40.5114 96.4602 2.02822
289 63.5789 57.0738 1.94985
290 38.023 55.738 2.98203
291 21.1155 32.8103 -3.13583
292 5.19113 19.8901 1.20189
293 34.7768 55.0131 2.78997
294 38.9682 71.3308 2.66673
295 49.4872 78.1667 1.95504
296 61.2737 82.0877 2.54319
297 68.2227 64.3805 1.61693
298 31.9442 80.1276 1.98793
299 71.3758 96.0672 1.6508
300 40.8447 54.1745 2.46779
301 41.0456 85.7709 2.65446
302 29.549 47.4969 2.42759
303 48.848 59.5887 2.31779
304 24.9293 88.6158 1.87155
305 49.1836 91.4368 1.70495
306 63.2769 31.2728 0.966142
307 67.5235 98.3249 2.05275
308 34.8206 79.2811 2.25239
309 36.4208 57.8372 3.18429
310 66.6776 32.9196 1.46826
311 30.6949 60.1158 2.58492
312 52.6822 69.9783 2.08712
313 97.05 0.116352 2.99605
314 39.7699 88.0681 2.49827
315 50.8858 64.555 2.47723
316 54.212 77.5907 1.97702
317 37.2562 75.9774 2.9175
318 66.8452 98.7471 1.40772
319 72.5021 96.3414 2.11899
320 76.2109 94.548 1.24153
321 40.8642 89.7888 2.14999
322 77.3816 91.1098 1.9885
323 39.7354 80.1379 2.50397
324 22.8151 10.6365 0.689101
325 55.5387 62.1975 2.52368
326 46.0342 53.56 2.50951
327 37.2793 52.5602 3.12692
328 84.8356 91.4777 1.82445
329 76.2206 4.20146 0.829015
330 97.6118 99.0952 2.41389
331 67.7152 36.0229 1.05361
332 25.5955 11.0267 0.583249
333 59.3823 82.9765 1.71886
334 29.8122 63.3739 2.65787
335 68.909 95.5473 1.82907
336 78.5244 93.7485 2.08351
337 33.3276 72.414 2.56918
338 58.7342 65.2216 1.83319
339 42.6686 54.6551 2.29454
340 25.7448 47.2087 3.32307
341 34.398 80.0835 2.51149
342 41.6783 83.5594 2.82352
343 55.979 64.1731 1.92335
344 50.3235 58.9028 2.68925
345 76.8817 24.4288 1.68904
346 27.8062 59.7736 2.90774
347 17.5294 5.41166 0.610261
348 22.1936 57.1634 2.84951
349 96.2861 25.6462 2.42566
350 49.162 63.2329 2.11307
351 27.8393 88.6481 1.97589
352 96.1689 34.7688 0.936837
353 74.9258 28.7482 1.7755
354 41.1282 47.3476 2.11805
355 49.6109 51.8354 2.72961
356 81.2987 90.4241 1.21824
357 95.721 25.3174 2.60765
358 44.8253 81.1783 2.45314
359 34.0992 55.2248 2.72473
360 36.1152 89.5469 2.10473
361 29.9267 40.3391 -3.03739
362 44.7485 77.1728 2.17509
363 49.3617 58.4111 1.84973
364 71.1369 35.0212 1.46141
365 50.4143 71.2245 1.91097
366 53.5383 81.5797 2.70611
367 81.7404 95.1944 1.2201
368 28.1685 51.2811 3.28218
369 0.360796 99.0487 2.27642
370 63.144 28.0707 1.18226
371 39.2319 85.8622 1.91205
372 43.3513 73.6074 2.28541
373 58.2666 86.1011 2.02567
374 42.5438 87.1919 2.32948
375 59.8237 79.7785 2.09597
376 44.9856 78.3049 2.52972
377 96.3023 1.69477 2.41785
378 38.1996 57.4376 3.22439
379 77.2283 97.3669 1.44128
380 49.133 56.025 2.44398
381 19.6619 14.991 0.502281
382 50.4729 80.21 2.20497
383 77.8253 22.2713 1.65624
384 52.0084 74.0646 2.05855
385 77.0959 30.5987 2.00014
386 58.1728 33.3773 1.16733
387 29.3046 37.2813 -3.16912
388 57.0367 60.4541 2.20894
389 33.9113 54.5235 3.10581
390 30.1401 80.7127 2.3086
391 38.7524 79.0378 2.78584
392 35.7112 54.8709 2.40478
393 56.4699 66.0671 2.66328
394 51.1343 82.6644 2.15527
395 42.8447 79.8758 2.06817
396 42.4357 90.5633 2.18172
397 45.1437 82.9233 2.02874
398 98.109 99.6826 2.3191
399 28.909 76.8485 2.88637
400 31.4618 73.0818 2.82469
401 26.726 7.4925 -0.0244158
402 40.0533 44.9657 2.48027
403 50.9846 78.648 2.25759
404 41.9826 57.0484 2.41744
405 93.9538 34.9618 0.867116
406 24.1155 49.4273 2.70057
407 53.1283 83.6492 2.38153
408 36.2251 63.2386 2.5089
409 84.8957 93.6198 1.42191
410 32.9595 75.0585 2.60461
411 45.1335 85.0356 2.74325
412 49.9457 51.0831 2.63872
413 32.7817 75.856 2.7525
414 54.3077 65.0044 2.46374
415 87.6642 22.8795 1.65415
416 55.6003 78.2257 2.19901
417 31.7942 73.4411 2.98148
418 44.5719 85.7295 2.40622
419 75.0365 21.8085 1.77998
420 33.4896 53.4646 2.56565
421 43.3747 84.6207 2.73888
422 35.6042 73.5832 2.27539
423 74.7954 90.9221 1.76187
424 43.852 91.6076 2.23546
425 48.2573 73.7084 2.71451
426 16.8209 11.0345 0.487153
427 42.7321 87.9009 2.61008
428 44.8395 59.8922 2.67281
429 50.6115 57.9206 1.83835
430 24.298 95.2444 2.39385
431 59.8814 78.3911 2.23922
432 38.941 87.6532 2.56771
433 86.885 90.7848 1.42455
434 39.3315 54.6382 2.54043
435 71.5501 33.2161 1.67324
436 32.1445 95.3872 2.10148
437 33.3035 48.955 3.35174
438 73.3897 1.52908 0.961642
439 78.7448 96.6392 2.05387
440 52.1274 53.3421 1.87825
441 22.1383 49.3032 3.15615
442 48.5986 83.354 2.62253
443 20.5803 19.229 0.656566
444 52.7408 70.8712 2.36353
445 87.6682 28.2444 2.66397
446 77.821 30.0248 1.96199
447 26.0458 56.7868 3.3447
448 47.4089 80.1575 2.82587
449 60.7576 57.3289 1.9383
450 35.5535 80.885 2.73944
451 39.4036 47.8719 2.16806
452 44.4944 90.818 2.47309
453 47.8922 51.9793 2.12679
454 47.4673 88.237 1.93553
455 83.862 23.7533 1.68256
456 29.7999 70.1128 2.30538
457 39.3476 74.2784 3.04043
458 41.5377 70.4331 2.32421
459 97.8589 21.6136 2.12334
460 35.4666 51.9562 2.55677
461 65.6609 28.6045 0.93234
462 53.4539 68.917 2.5056
463 41.7407 76.1019 2.48693
464 61.4943 73.0702 2.47386
465 35.43 77.9993 2.8732
466 53.3668 61.4821 2.53344
467 80.4718 94.7056 1.63896
468 29.3419 50.3939 2.65129
469 30.2979 89.7824 1.47311
470 23.9195 99.5961 2.61553
471 40.2542 56.9664 2.90442
472 55.0325 70.7246 1.76253
473 55.6165 79.1706 2.41928
474 24.3697 14.7163 0.682645
475 25.5888 53.0886 3.2868
476 96.1028 24.828 1.83179
477 52.1873 60.5795 2.17413
478 33.0575 90.9528 2.23178
479 74.5102 23.4043 1.75514
480 31.6582 58.613 3.13654
481 79.9737 89.997 1.8398
482 40.988 46.2773 1.88448
483 32.7018 79.6203 2.71808
484 29.479 54.9487 2.55981
485 23.5474 39.5213 3.30826
486 54.4543 58.0499 2.34813
487 50.897 59.37 2.49981
488 28.0028 76.8567 1.9234
489 72.312 22.457 0.977273
490 80.8287 26.8858 1.02004
491 44.1698 54.2247 2.37982
492 55.9187 73.8202 2.04589
493 48.065 63.6421 2.52598
494 42.4443 47.9965 1.94089
495 34.9661 56.6061 2.43815
496 46.964 82.9281 2.8524
497 43.1575 86.191 2.47724
498 53.2336 56.3013 2.3033
499 75.8694 3.1101 0.753991
