500
Particles
0 63.5265 15.5642 1.81813
1 90.9661 10.0713 2.79539
2 72.9923 86.08 -2.08043
3 61.1601 34.4315 1.6007
4 1.44991 4.12094 2.0566
5 73.4866 13.6747 2.51935
6 53.5673 22.738 1.87337
7 57.3084 48.4228 0.461828
8 92.0198 17.0662 2.19113
9 92.3094 19.7368 2.85803
10 82.9801 16.6185 3.09765
11 32.7492 64.6614 0.229996
12 52.6074 35.9925 1.82245
13 3.62246 95.1124 2.45206
14 1.80581 5.72336 2.8011
15 8.77825 38.4665 -3.0063
16 88.9302 20.8476 2.55301
17 99.3977 35.7597 -2.02609
18 1.02968 14.2316 2.11899
19 63.8764 29.9507 1.69534
20 56.0134 35.2178 1.28615
21 47.144 22.9296 1.61236
22 77.9928 25.7235 2.91617
23 5.59455 100.088 2.54217
24 60.1885 38.8055 1.57625
25 70.5506 19.9815 2.89871
26 73.8909 11.1529 3.07346
27 23.7442 56.6509 0.622085
28 61.9398 20.1829 2.46498
29 10.7027 95.8357 2.5901
30 74.087 93.5253 -2.43235
31 73.153 24.1346 2.73492
32 57.285 33.7713 1.57896
33 75.3988 83.3891 -2.42394
34 75.135 21.3876 2.1806
35 98.7445 20.7183 2.61124
36 28.3772 67.1948 0.663537
37 53.8364 28.6883 1.33761
38 66.8041 20.5025 2.18004
39 2.82961 1.73939 2.35406
40 79.4713 22.4017 2.33764
41 1.05207 1.36427 2.32801
42 85.2718 22.5738 2.26861
43 59.9061 35.1848 1.15805
44 90.475 12.2979 2.74227
45 85.8073 19.6245 2.40559
46 75.9434 24.5042 2.58727
47 85.0273 39.4361 1.45596
48 79.3198 21.6037 2.4146
49 71.7925 15.6007 3.05599
50 6.67422 22.7965 3.04455
51 79.342 26.7605 2.87568
52 58.9706 37.1976 1.44694
53 26.8231 67.2923 0.248298
54 4.61545 4.57711 2.36669
55 69.963 31.5016 2.12201
56 6.63848 6.95809 2.37918
57 81.964 12.4965 2.64993
58 2.2743 8.97493 2.51693
59 68.6036 20.2534 2.58421
60 5.04576 19.1196 2.66447
61 82.9982 20.3608 2.43054
62 90.4902 15.4384 2.77713
63 89.1568 5.30594 3.18268
64 50.7886 27.4712 1.50098
65 69.767 35.5015 1.96722
66 2.91487 21.7203 2.24698
67 3.16435 21.3178 2.66532
68 69.1142 32.8955 1.62051
69 87.5957 13.7527 3.19921
70 51.9768 25.8996 1.67709
71 74.0734 20.0881 2.93123
72 3.19285 17.0394 2.87281
73 55.3304 27.9907 1.77244
74 80.7862 14.5009 2.95219
75 62.9089 42.5013 1.84088
76 82.9728 12.9001 2.33537
77 53.4574 25.5147 1.31073
78 73.9529 8.10485 3.09467
79 4.17834 10.9982 2.48785
80 79.1694 17.8579 2.95916
81 2.07672 20.2424 2.88048
82 65.264 27.2062 2.45953
83 0.0865771 9.17017 2.21831
84 72.8304 29.2275 2.47907
85 78.7253 18.7086 3.01407
86 80.0325 17.2492 2.75727
87 64.2886 25.2238 2.26501
88 65.2104 30.5931 1.62619
89 77.7825 14.1914 2.84404
90 58.3023 38.9113 1.37957
91 71.0658 24.1863 2.89331
92 64.5155 24.23 2.67978
93 0.596739 5.67272 2.81771
94 81.3497 20.7452 2.66561
95 60.4537 29.8901 1.83517
96 47.1766 25.911 1.72191
97 55.2452 29.4238 1.43029
98 77.893 14.6939 2.69585
99 64.0188 24.434 1.87772
100 61.156 37.5913 1.2167
101 2.9267 14.7538 2.52058
102 83.7747 18.1879 2.31204
103 74.6389 18.5272 3.12075
104 80.9579 24.2664 2.07026
105 56.5081 40.279 1.53773
106 3.93454 5.62931 2.56435
107 61.2285 18.3801 1.73417
108 79.286 25.8902 2.54052
109 8.69654 9.72729 2.52637
110 83.8087 49.1314 -0.777154
111 54.2629 27.8241 1.32586
112 58.3232 33.8897 1.22377
113 56.6666 21.698 1.917
114 44.6069 31.9656 2.01016
115 52.8464 35.1273 1.14754
116 81.0652 11.151 2.89421
117 71.3649 23.0384 2.1624
118 56.0707 35.9248 1.44313
119 3.47206 5.97576 2.44041
120 71.1098 19.4222 2.72451
121 95.6167 18.3691 2.40545
122 80.406 22.4506 2.28608
123 97.2966 11.7984 3.05563
124 0.305411 91.0143 2.39248
125 69.6436 31.144 1.93504
126 86.9704 28.9993 2.65568
127 1.37787 97.3728 2.48357
128 61.4039 39.0147 1.18312
129 69.2069 89.1448 -2.15485
130 64.291 21.4528 2.53057
131 81.2283 15.592 2.76396
132 75.6565 33.301 2.40899
133 74.9206 35.2869 1.90575
134 71.9796 14.721 3.08486
135 57.5885 26.642 1.25291
136 79.888 14.857 3.00075
137 51.6219 27.4596 1.89026
138 81.9757 19.9803 2.33022
139 73.1273 18.8921 2.89817
140 84.0469 16.2227 2.18985
141 71.0468 33.2717 2.12275
142 2.80438 8.64305 2.52114
143 89.1614 22.6673 2.9534
144 50.9489 30.508 1.81166
145 68.5735 90.0001 -2.0323
146 64.8789 19.0464 2.91931
147 73.2167 82.2352 -2.32993
148 61.5281 27.4776 2.26064
149 1.97967 19.73 2.47701
150 86.5431 21.3727 2.43325
151 58.742 32.151 1.32743
152 81.0785 13.4645 2.61882
153 78.1245 23.5746 2.80246
154 88.484 20.58 2.32919
155 76.5426 36.2857 1.94688
156 96.4955 17.6913 2.44921
157 84.7773 29.5883 2.94151
158 72.9956 12.4854 2.93812
159 90.4581 27.1027 2.97191
160 74.8713 88.9542 -2.09993
161 87.3583 25.6951 2.06314
162 1.86578 23.1336 2.35501
163 68.6837 29.7243 1.65043
164 67.362 38.7917 2.96505
165 98.6047 18.8107 1.9556
166 65.9721 29.5578 1.5485
167 57.9188 29.9942 1.41769
168 2.38211 12.8795 2.21949
169 63.5455 36.5453 1.39232
170 91.6208 3.88558 3.34383
171 53.1452 22.7505 1.64778
172 60.8409 16.3568 2.12469
173 85.8973 16.9456 2.65345
174 73.3166 12.7076 2.84124
175 74.1508 30.9874 2.46515
176 5.44835 36.0151 -2.11
177 76.1745 19.3687 2.39677
178 62.6603 38.0088 1.14677
179 62.3461 20.9984 1.65928
180 56.148 22.9283 2.00627
181 92.2402 21.3748 2.08763
182 7.26919 6.70205 1.99474
183 65.7521 16.8339 2.2802
184 67.7006 25.5507 2.2175
185 72.677 36.8676 1.88078
186 81.6778 23.1249 2.23969
187 58.5857 33.338 1.92941
188 97.4019 8.97476 3.34059
189 74.0143 89.6758 -2.72488
190 72.8882 12.9358 2.60656
191 52.413 31.6775 1.02911
192 79.027 13.8074 2.9097
193 75.7603 26.2597 2.07946
194 77.5874 15.8124 2.79509
195 51.3425 24.139 1.76149
196 74.3176 18.1068 3.0342
197 80.551 16.5675 2.64391
198 63.5877 24.0922 1.71644
199 74.0724 15.5513 2.65558
200 55.2985 25.5243 1.13559
201 10.1215 94.0886 2.75363
202 60.1442 38.2777 1.56521
203 90.0109 27.6039 2.29747
204 74.5892 11.7433 2.99611
205 58.2105 27.8484 1.81978
206 77.4772 18.7028 2.16633
207 70.4436 22.3472 2.35316
208 69.1326 28.3216 1.94491
209 57.3526 35.3336 1.63697
210 4.68629 17.2438 2.28107
211 79.8459 22.5113 2.13897
212 73.9181 34.34 2.19744
213 61.0162 30.5406 1.39392
214 94.4432 6.96085 3.08412
215 58.4207 19.0798 2.29116
216 86.1956 24.4547 2.19316
217 50.9427 22.1977 2.00624
218 85.7212 35.72 1.97817
219 1.70376 35.9195 -2.68534
220 56.8936 28.3062 1.62354
221 80.3769 27.8044 2.42186
222 54.722 28.8205 1.62112
223 56.0092 42.7546 1.19912
224 59.0039 34.7862 1.43178
225 34.7734 63.7108 0.363838
226 89.1897 19.5034 3.0518
227 81.5052 23.5672 2.68048
228 82.1027 17.9205 2.74427
229 83.9334 19.3043 2.56293
230 4.11787 96.507 2.05929
231 8.55393 18.0704 2.66184
232 71.9645 25.4483 2.11717
233 75.5633 22.0976 2.2002
234 72.768 18.3576 2.481
235 6.3332 4.67304 2.32912
236 89.2125 18.3781 2.28506
237 75.045 89.5509 -2.979
238 5.88225 4.54961 1.99758
239 0.165379 6.24958 2.42222
240 48.598 31.8548 1.00898
241 92.4788 15.4079 2.20991
242 81.8501 26.4401 2.54788
243 57.4942 24.5929 1.43731
244 89.1389 25.9686 2.33459
245 79.5847 25.8999 2.10798
246 82.1216 18.8796 2.60653
247 90.7287 95.6614 -2.97949
248 1.20717 7.03239 2.46918
249 79.2573 13.2983 2.43533
250 21.4801 59.2317 0.670634
251 71.4973 88.3844 -2.55045
252 54.2299 46.4129 1.10218
253 58.1859 36.5284 1.75645
254 82.2304 16.7577 2.97261
255 1.28896 18.5619 1.96682
256 82.9571 24.76 2.72764
257 81.7621 18.6574 3.01158
258 94.3492 19.0786 2.11709
259 6.70279 5.59305 1.85261
260 75.6787 15.1699 2.406
261 3.27547 7.33129 2.12633
262 85.9884 20.5939 2.76015
263 73.0528 25.6876 2.59385
264 74.3992 83.8105 -3.07917
265 79.3496 15.0947 2.48608
266 76.5639 17.1814 2.41924
267 47.2964 28.1773 1.55857
268 72.8847 20.8492 2.82718
269 24.9754 59.2154 0.344074
270 5.2056 9.4504 2.89719
271 8.62119 6.75681 1.78639
272 59.6913 30.4583 1.96572
273 73.7588 19.1664 2.74622
274 75.966 23.97 2.55518
275 81.9058 16.9736 2.47583
276 76.9539 16.5277 2.66267
277 60.8369 22.967 1.80561
278 87.2619 8.27633 3.23591
279 82.6028 27.6536 2.77184
280 5.04455 8.34513 2.25317
281 82.1717 22.1038 2.5169
282 3.86504 5.28504 1.98435
283 53.7701 34.1967 1.37
284 86.4531 12.0935 2.88432
285 52.9975 26.0258 1.91515
286 99.5002 0.609894 1.8976
287 80.1428 20.0245 2.44081
288 62.8268 30.8352 1.77237
289 87.0362 12.7361 2.39501
290 76.2441 22.6007 2.49635
291 93.5891 12.3304 2.74657
292 63.9236 35.8595 1.55984
293 73.9967 22.6814 2.1549
294 6.54559 3.94392 1.96993
295 89.9259 37.916 1.89436
296 68.4746 26.4272 2.2194
297 87.2618 20.3907 2.19887
298 95.6684 14.7153 2.88213
299 55.3853 30.1549 1.44785
300 77.9741 18.6715 2.6871
301 4.19081 18.535 2.39015
302 67.9673 16.4098 2.37128
303 81.4753 20.168 2.13867
304 89.2857 7.46632 2.95306
305 73.3572 89.1652 -2.5586
306 33.9252 63.8497 -0.110239
307 74.6417 88.052 -2.21111
308 4.47426 9.41461 2.0274
309 74.4731 24.6352 2.27324
310 36.6144 63.4879 -0.153703
311 6.35146 99.1881 2.81722
312 78.55 25.2401 2.71462
313 58.4473 31.6565 1.70598
314 1.88257 26.0061 2.51972
315 80.1114 22.7671 2.73671
316 57.6911 23.5966 1.77276
317 4.071 10.9336 2.67109
318 54.8166 37.1476 1.25028
319 53.9268 30.5636 1.57967
320 54.17 28.0067 1.56612
321 1.3233 33.2922 -2.42992
322 57.7376 25.5719 2.11182
323 2.71341 10.5284 2.03014
324 81.3504 7.3932 2.65903
325 86.0705 23.3727 2.44577
326 81.6678 15.9915 2.15831
327 77.4402 20.4354 2.77496
328 67.0834 27.1278 2.42302
329 62.7726 31.658 1.74886
330 58.7294 30.4904 1.31891
331 73.8379 78.3103 -2.98942
332 59.8387 31.8357 1.41515
333 64.512 25.4434 2.47881
334 1.74068 3.94979 2.19101
335 51.3373 30.6094 1.44432
336 56.4298 26.7921 2.00935
337 0.216038 4.46948 2.66185
338 84.3319 22.9859 2.86977
339 82.1562 21.9167 2.58514
340 44.5762 24.1092 1.60721
341 0.649614 10.0977 2.41055
342 2.25774 13.3996 2.29381
343 84.7895 26.0144 2.38675
344 83.5765 20.2949 2.34564
345 63.4042 35.405 1.26996
346 98.7519 3.56081 2.33641
347 73.4571 12.2482 2.32303
348 97.4456 8.42382 2.98747
349 73.6259 9.01223 2.15156
350 80.0736 24.5618 2.70295
351 94.3176 19.3904 2.64614
352 90.3352 10.8934 2.43623
353 58.0106 41.3968 1.31753
354 79.206 16.4644 2.60484
355 83.6827 13.7448 2.41201
356 62.5937 26.247 1.75178
357 86.8823 41.8083 2.19751
358 6.43393 10.9116 2.2099
359 70.4788 19.7122 2.53406
360 93.3186 25.7741 2.26224
361 69.9155 15.4548 2.88791
362 48.3092 26.077 1.65202
363 80.7805 16.498 2.31478
364 75.7715 85.5291 -2.40535
365 75.4069 25.62 2.80568
366 54.2847 24.8468 1.82853
367 57.461 28.6805 1.52216
368 64.9016 19.1342 2.8634
369 61.9374 30.6415 2.06946
370 55.5809 38.0946 1.47747
371 2.61494 19.8527 2.70582
372 8.28583 4.20443 2.65144
373 54.9794 26.6333 1.3571
374 73.1768 89.8916 -2.37644
375 73.2708 25.5883 2.05617
376 9.12706 7.60762 1.98444
377 57.3517 31.8122 1.20559
378 75.7979 24.5247 2.13798
379 55.3343 30.7674 1.32169
380 83.6687 19.1265 2.66147
381 76.7276 9.94684 2.33154
382 49.9532 23.6251 1.6265
383 64.5111 32.8091 1.2759
384 72.2052 26.0085 2.21976
385 40.8563 62.2734 -0.222094
386 27.8692 67.1678 0.332087
387 73.7657 16.203 2.35629
388 87.4083 21.792 2.86579
389 68.6403 18.2162 2.88281
390 97.7318 13.0095 3.12189
391 3.43762 8.38988 2.56555
392 69.4328 16.4068 2.98839
393 84.3919 26.9909 2.1704
394 49.7874 26.0142 1.34963
395 4.61085 10.5443 2.75315
396 2.06357 33.6099 -2.35929
397 51.5567 34.8222 1.56562
398 60.311 30.2653 1.97573
399 95.2068 15.8963 2.75664
400 99.649 5.46405 2.19287
401 66.5864 30.2158 1.87035
402 79.1409 15.3926 2.69679
403 49.1338 22.3768 1.241
404 78.6014 20.8993 2.86924
405 89.7337 10.0882 2.35196
406 1.50237 94.2661 2.83841
407 51.8005 24.5937 1.93075
408 59.4954 19.7502 1.93065
409 57.8515 27.2692 1.36883
410 -0.0870485 6.88897 2.81747
411 47.4908 33.5262 1.16316
412 88.2211 15.9629 2.72267
413 1.70286 7.57863 2.82235
414 83.203 25.9684 2.50442
415 63.1776 35.1911 1.17503
416 68.0976 25.547 2.36801
417 98.6487 6.01567 2.72162
418 5.10766 16.212 2.07203
419 65.3887 32.0616 1.2785
420 72.8555 21.6904 2.72124
421 0.359991 13.5724 2.92301
422 4.13727 6.8577 2.84988
423 57.0413 26.5236 1.53573
424 4.31151 33.3507 -2.98488
425 53.1178 20.7377 1.72323
426 55.4607 32.0617 1.46186
427 69.9005 90.9784 -1.86969
428 80.7853 24.0298 2.11453
429 85.3057 23.0264 2.40316
430 88.1941 22.9399 2.79699
431 75.6766 27.2367 2.12422
432 2.31061 21.2734 2.81942
433 58.091 29.4989 1.9256
434 76.7787 21.4955 2.81765
435 74.1715 83.2808 -3.14597
436 90.6387 21.7862 2.9965
437 74.6029 18.4221 2.97177
438 9.97304 96.9638 1.90779
439 56.0911 29.3602 1.84917
440 83.1619 12.8814 2.90847
441 0.65385 93.87 2.38057
442 50.8839 26.6244 1.44545
443 76.9587 15.194 2.67182
444 78.9832 27.3715 2.64212
445 73.3168 13.2016 2.50417
446 80.5289 75.7045 -3.33381
447 1.8016 99.4741 2.384
448 11.2206 44.2499 -2.8863
449 86.3641 13.3709 2.55816
450 2.20957 10.7089 2.04911
451 80.0802 17.5405 2.82401
452 72.131 91.2002 -2.20944
453 85.0479 17.4168 2.6454
454 68.3794 90.9014 -1.95946
455 67.0532 33.3904 1.75068
456 97.0228 4.1613 2.75833
457 5.77967 4.35528 2.18517
458 29.7335 26.3839 1.14713
459 71.8557 34.1159 2.5002
460 74.0894 19.3223 2.94205
461 58.8861 38.6206 1.05366
462 80.8093 27.1352 2.48198
463 8.61392 8.61063 1.94711
464 82.8281 29.6006 2.50289
465 4.20792 10.9535 2.54171
466 84.1959 22.8255 2.43546
467 55.3095 27.7751 1.15928
468 69.1298 18.8317 2.21344
469 93.0371 19.5767 2.59659
470 93.0347 10.0948 2.95531
471 80.3104 24.8805 2.20586
472 80.5523 27.1978 2.35522
473 59.6516 22.8825 1.88213
474 9.81781 39.6007 -2.23257
475 1.60523 97.3459 2.53704
476 88.2681 42.0433 2.20777
477 79.4084 16.5124 2.83914
478 73.1277 28.9741 2.62252
479 62.1259 34.0405 2.13583
480 8.41672 3.29986 1.88207
481 69.2797 27.1109 2.34609
482 79.7372 15.4797 2.81301
483 0.180485 11.1511 2.46103
484 66.2522 20.2808 2.42939
485 67.7738 16.311 2.9221
486 87.5308 17.8335 2.41901
487 85.7232 23.7607 2.10411
488 95.0714 18.5926 2.64544
489 67.9846 31.6444 1.85936
490 53.9924 45.3212 0.714701
491 82.2463 19.133 2.91249
492 81.1185 30.0103 2.31012
493 79.844 24.6639 2.25003
494 81.6263 17.8189 2.46917
495 72.4403 22.5036 2.93139
496 51.4564 31.9339 1.91007
497 5.93007 32.3688 -2.94308
498 87.8462 20.8173 2.40565
499 85.349 37.4407 1.64454
