500
Particles
0 63.6489 15.0794 2.27132
1 91.4364 9.90164 2.65071
2 73.2362 86.5165 -2.94704
3 61.175 33.9317 1.71747
4 1.68337 3.67879 2.7445
5 73.8928 13.3832 2.44904
6 53.7163 22.2607 1.57623
7 56.8608 48.2 0.585016
8 92.3104 16.6594 2.87468
9 92.7895 19.5969 2.23512
10 83.4796 16.5965 2.39008
11 32.2624 64.5474 0.16191
12 52.7319 35.5082 1.69221
13 4.00823 94.7943 1.98444
14 2.2771 5.55638 1.93538
15 9.27369 38.534 -2.80979
16 89.3461 20.57 2.96491
17 99.6175 36.2088 -2.08984
18 1.29026 13.8048 2.21026
19 63.9385 29.4545 1.68542
20 55.873 34.7379 1.62743
21 47.1648 22.43 1.29352
22 78.4801 25.6117 2.41888
23 6.00738 99.8062 3.03588
24 60.1912 38.3055 1.93756
25 71.0359 19.8612 3.12475
26 74.3897 11.1188 2.4682
27 23.3379 56.3595 0.736791
28 62.3297 19.8698 1.67812
29 11.1286 95.5737 1.99202
30 74.4665 93.8509 -2.0594
31 73.6123 23.9369 2.98036
32 57.2891 33.2713 1.41687
33 75.7755 83.7179 -2.73205
34 75.4214 20.9777 2.68883
35 99.1758 20.4654 2.7429
36 27.9833 66.8868 0.313032
37 53.7208 28.2019 1.99524
38 67.0903 20.0925 2.02913
39 3.1824 1.38508 2.51457
40 79.8182 22.0416 2.59035
41 1.39551 1.00089 2.24873
42 85.5931 22.1907 2.25926
43 59.7056 34.7268 1.65611
44 90.9356 12.1035 2.92776
45 86.1779 19.2888 3.07975
46 76.3685 24.241 2.20818
47 84.97 38.9394 1.87253
48 79.6934 21.2714 2.34465
49 72.2907 15.5579 2.93563
50 7.17186 22.748 2.88273
51 79.8244 26.6291 2.28308
52 58.9088 36.7014 1.94065
53 26.3384 67.1694 0.419132
54 4.97269 4.22729 2.55133
55 70.2248 31.0756 2.50712
56 7.00007 6.61276 1.91433
57 82.4048 12.2604 2.50742
58 2.67988 8.68252 2.44408
59 69.0279 19.9889 2.98279
60 5.48992 18.89 2.15916
61 83.377 20.0345 2.16898
62 90.9573 15.2602 2.70234
63 89.6563 5.32648 2.48471
64 50.7537 26.9724 1.83639
65 69.9601 35.0402 2.68301
66 3.22779 21.3303 2.15733
67 3.6087 21.0886 2.82407
68 69.139 32.3961 1.70228
69 88.0949 13.7815 2.64874
70 52.0298 25.4024 1.90112
71 74.5623 19.9837 2.96832
72 3.6749 16.9066 2.29003
73 55.4305 27.5008 1.37405
74 81.2773 14.4067 2.37236
75 63.0423 42.0194 2.22434
76 83.3189 12.5392 2.73927
77 53.3288 25.0316 1.07467
78 74.4524 8.0814 2.85797
79 4.57525 10.6941 2.53651
80 79.6611 17.7672 2.90721
81 2.55978 20.1134 1.98596
82 65.6521 26.891 2.2037
83 0.388181 8.77138 2.45712
84 73.2246 28.9199 2.70665
85 79.2213 18.645 2.5079
86 80.496 17.0618 2.98977
87 64.6085 24.8395 2.53516
88 65.2381 30.0939 2.08617
89 78.2606 14.0448 2.54185
90 58.2073 38.4204 1.58952
91 71.5505 24.0634 2.35726
92 64.9631 24.0072 1.77371
93 1.07074 5.5136 2.8807
94 81.7942 20.5161 2.33077
95 60.5843 29.4074 1.38213
96 47.2519 25.4167 1.21231
97 55.1752 28.9287 1.5903
98 78.3441 14.4784 2.18987
99 64.1699 23.9574 1.80231
100 60.9826 37.1223 1.17581
101 3.33334 14.4629 2.41523
102 84.1123 17.8191 3.02836
103 75.1388 18.5168 2.94834
104 81.1973 23.8275 2.30684
105 56.4916 39.7792 1.62011
106 4.35353 5.35645 2.20687
107 61.3098 17.8868 2.33651
108 79.6983 25.6074 2.4828
109 9.10486 9.43873 1.85299
110 83.4522 49.482 -0.672271
111 54.1416 27.3391 1.68915
112 58.1532 33.4195 1.16537
113 56.8363 21.2277 1.30342
114 44.8196 31.5131 1.70574
115 52.6411 34.6714 1.25239
116 81.55 11.0286 2.80359
117 71.6438 22.6234 2.18127
118 56.0071 35.4289 1.54651
119 3.8541 5.6532 2.05085
120 71.5669 19.2197 2.61078
121 95.9872 18.0333 2.09225
122 80.7339 22.0732 2.87586
123 97.7948 11.7555 3.24044
124 0.671556 90.6738 2.38639
125 69.8217 30.6768 2.04301
126 87.4126 28.7658 2.75771
127 1.77347 97.0671 2.42281
128 61.2149 38.5518 1.54703
129 69.4826 89.562 -1.95646
130 64.7005 21.1659 2.632
131 81.6931 15.4077 2.60909
132 76.0282 32.9666 2.17161
133 75.085 34.8147 2.30361
134 72.4788 14.6927 2.63951
135 57.4322 26.167 1.75013
136 80.383 14.7868 2.73533
137 51.7789 26.9849 1.51568
138 82.3199 19.6177 3.00895
139 73.6126 18.7716 2.99664
140 84.337 15.8155 2.87314
141 71.309 32.846 2.18412
142 3.21119 8.35235 2.48447
143 89.6525 22.5737 2.07313
144 51.0681 30.0224 1.43133
145 68.7961 90.4478 -2.22522
146 65.3666 18.9362 2.42988
147 73.5608 82.5979 -2.16813
148 61.8463 27.092 1.96037
149 2.37326 19.4216 2.50402
150 86.9228 21.0474 2.40826
151 58.6215 31.6657 1.75787
152 81.5117 13.2149 2.99036
153 78.5961 23.4082 2.19965
154 88.8279 20.217 2.39658
155 76.7262 35.8206 2.62889
156 96.8804 17.3721 2.46845
157 85.2674 29.4889 2.74493
158 73.4853 12.3843 2.56146
159 90.9509 27.0183 2.35084
160 75.1237 89.3859 -2.05461
161 87.5947 25.2545 2.32008
162 2.21891 22.7796 2.83387
163 68.7235 29.2259 1.7612
164 67.8542 38.7038 2.77728
165 98.7924 18.3473 2.12219
166 65.961 29.058 2.40967
167 57.8426 29.5001 1.44783
168 2.68418 12.4811 2.92494
169 63.4568 36.0532 1.96362
170 92.1106 3.98601 3.12682
171 53.1836 22.252 1.87486
172 61.104 15.9316 1.62271
173 86.3389 16.7111 2.86748
174 73.7943 12.5596 2.80647
175 74.5407 30.6744 2.06498
176 5.70508 36.4442 -2.73206
177 76.5421 19.0298 2.88216
178 62.4546 37.5531 1.65391
179 62.3903 20.5003 2.25309
180 56.3589 22.475 1.93997
181 92.4872 20.9401 2.48302
182 7.47487 6.24632 2.18914
183 66.0778 16.4545 2.59018
184 68.0019 25.1516 2.16148
185 72.8295 36.3914 2.36261
186 81.9879 22.7326 2.54006
187 58.7611 32.8698 1.94577
188 97.8921 9.07361 2.48462
189 74.4716 89.8781 -2.70141
190 73.3184 12.6809 2.62468
191 52.1552 31.2491 1.32573
192 79.5137 13.6925 2.40106
193 76.0038 25.823 2.10766
194 78.0577 15.6426 2.37002
195 51.4373 23.6481 1.81707
196 74.8147 18.0532 2.29933
197 80.9903 16.3288 2.42069
198 63.6603 23.5975 2.53214
199 74.5145 15.3178 2.80536
200 55.0877 25.0709 1.68556
201 10.5844 93.8994 2.47908
202 60.1414 37.7777 1.10395
203 90.3431 27.2302 2.83168
204 75.084 11.6708 2.85333
205 58.3337 27.3638 1.62178
206 77.7576 18.2889 3.00166
207 70.7961 21.9926 2.99123
208 69.3153 27.8562 2.67126
209 57.3857 34.8347 1.15269
210 5.01231 16.8647 2.9408
211 80.115 22.0898 3.08118
212 74.2113 33.935 1.99977
213 60.9282 30.0484 1.65994
214 94.9424 6.93213 3.12365
215 58.7505 18.704 1.6584
216 86.4871 24.0485 2.41271
217 51.1536 21.7443 1.84054
218 85.9193 35.2609 2.2905
219 2.15262 36.1398 -2.71324
220 56.92 27.8069 2.00071
221 80.7529 27.4748 2.71428
222 54.7471 28.3211 1.34236
223 55.8276 42.2888 0.981737
224 58.9346 34.291 1.62611
225 34.3062 63.5329 -0.0826059
226 89.6877 19.4586 2.55738
227 81.9529 23.3447 2.2317
228 82.5638 17.727 3.01246
229 84.352 19.0308 2.36704
230 4.35252 96.0655 2.92827
231 8.99749 17.8397 2.589
232 72.2243 25.0211 2.06801
233 75.8577 21.6934 2.41206
234 73.1628 18.0508 2.3385
235 6.67705 4.31004 1.84891
236 89.54 18.0003 2.12438
237 75.5384 89.6318 -2.44252
238 6.08922 4.09446 2.13968
239 0.54149 5.92013 2.76677
240 48.3317 31.4317 1.2844
241 92.7771 15.0066 2.76507
242 82.2645 26.1604 2.63504
243 57.4277 24.0973 1.43973
244 89.4848 25.6075 2.18917
245 79.8406 25.4703 2.79864
246 82.5517 18.6246 2.14421
247 91.2222 95.7421 -2.60225
248 1.59833 6.72095 2.76671
249 79.6377 12.9738 2.29934
250 21.0884 58.921 1.26538
251 71.9124 88.6631 -2.08609
252 54.0041 45.9668 0.685905
253 58.2782 36.037 1.30028
254 82.7233 16.6736 2.70302
255 1.48183 18.1006 2.64897
256 83.4149 24.5589 2.28226
257 82.2578 18.5925 2.47085
258 94.609 18.6513 2.69388
259 6.84184 5.11277 2.29323
260 76.0494 14.8344 3.04054
261 3.53917 6.90648 2.82826
262 86.4524 20.4077 2.4076
263 73.4796 25.4272 2.55956
264 74.8982 83.8417 -2.05245
265 79.7459 14.7899 2.186
266 76.939 16.8508 2.84891
267 47.2903 27.6774 1.91495
268 73.3602 20.6946 2.20817
269 24.5047 59.0467 0.527135
270 5.69074 9.32942 2.45108
271 8.72815 6.26839 2.49439
272 59.8836 29.9968 2.1917
273 74.2202 18.9738 3.14193
274 76.3824 23.6933 2.61644
275 82.299 16.6647 2.72745
276 77.3976 16.2973 2.50439
277 60.9532 22.4808 2.06614
278 87.7596 8.32342 2.50873
279 83.069 27.4729 2.12317
280 5.35986 7.95709 2.73667
281 82.5773 21.8114 2.44881
282 4.06597 4.82719 2.28544
283 53.6703 33.7067 1.53357
284 86.9367 11.9663 2.34398
285 53.1663 25.5552 1.94633
286 99.6607 0.136358 0.0696391
287 80.525 19.702 2.673
288 62.927 30.3453 1.92799
289 87.4032 12.3966 3.18311
290 76.6436 22.3 2.30951
291 94.0506 12.138 3.23803
292 63.9181 35.3595 1.11215
293 74.2725 22.2643 2.26884
294 6.7399 3.48322 1.97834
295 90.0848 37.442 2.33755
296 68.7766 26.0288 2.42618
297 87.5556 19.9861 2.68919
298 96.1516 14.587 2.31085
299 55.324 29.6587 1.77615
300 78.4233 18.452 2.19088
301 4.55617 18.1937 2.35334
302 68.3262 16.0616 2.40978
303 81.7442 19.7465 3.0463
304 89.7768 7.37261 2.99515
305 73.7746 89.4404 -2.39752
306 33.4282 63.9047 0.111674
307 74.9404 88.453 -3.01508
308 4.69471 8.96583 2.33219
309 74.7961 24.2535 2.68162
310 36.1203 63.5644 0.455529
311 6.82539 99.0288 1.96596
312 79.0051 25.033 2.09079
313 58.5147 31.1611 1.62854
314 2.28897 25.7148 3.24945
315 80.571 22.5701 2.25046
316 57.7914 23.1068 1.69171
317 4.51667 10.707 2.04654
318 54.6591 36.673 1.08343
319 53.9313 30.0636 1.25451
320 54.1677 27.5067 1.29225
321 1.70193 33.6187 -2.28587
322 57.9951 25.1433 1.58616
323 2.9351 10.0802 2.90874
324 81.7933 7.16118 3.17526
325 86.4542 23.0522 2.10277
326 81.9449 15.5754 2.51596
327 77.907 20.2561 2.1518
328 67.4597 26.7987 1.74193
329 62.8612 31.1659 1.48377
330 58.6047 30.0062 1.31792
331 74.3321 78.3861 2.11207
332 59.7612 31.3417 2.17164
333 64.9062 25.1357 2.63191
334 2.03129 3.54291 2.55415
335 51.2742 30.1134 1.3878
336 56.6421 26.3394 1.7733
337 0.659594 4.2387 2.1441
338 84.8136 22.8516 2.24439
339 82.5808 21.6526 2.43892
340 44.5944 23.6095 1.76521
341 1.02185 9.76387 2.32336
342 2.58857 13.0246 2.63807
343 85.1537 25.6718 3.00663
344 83.9263 19.9376 3.06341
345 63.256 34.9274 1.69491
346 99.0983 3.20033 2.23417
347 73.7987 11.8832 2.70242
348 97.9397 8.34707 2.67027
349 73.9002 8.59421 2.43615
350 80.5263 24.3494 2.45494
351 94.7575 19.1527 2.03406
352 90.7159 10.5693 2.80335
353 57.8853 40.9127 1.34095
354 79.6356 16.2088 2.88639
355 84.0554 13.4115 2.53738
356 62.6837 25.7551 2.10519
357 87.1755 41.4033 1.48834
358 6.73217 10.5103 2.76869
359 70.8893 19.4268 2.17505
360 93.6375 25.389 3.04065
361 70.3995 15.3294 2.99064
362 48.3497 25.5787 1.94504
363 81.1191 16.1301 2.98513
364 76.142 85.8649 -2.73737
365 75.879 25.4552 2.26549
366 54.4122 24.3634 1.08963
367 57.4367 28.1811 2.12176
368 65.3824 18.9969 1.97748
369 62.1765 30.2024 1.38439
370 55.5343 37.5968 1.46237
371 3.06821 19.6416 2.14059
372 8.72696 3.96905 2.34613
373 54.8734 26.1447 1.43387
374 73.5374 90.2379 -2.7239
375 73.5041 25.146 2.85457
376 9.32803 7.14979 2.66154
377 57.1732 31.3451 1.37359
378 76.0666 24.103 2.16849
379 55.211 30.2828 1.641
380 84.1122 18.8956 2.64175
381 77.0723 9.58468 2.54538
382 49.981 23.1259 1.60338
383 64.3657 32.3306 1.60819
384 72.5074 25.6101 2.49117
385 40.3686 62.3836 -0.0290969
386 27.3965 67.0048 0.553933
387 74.1193 15.8494 2.50536
388 87.8894 21.6559 2.12984
389 69.1236 18.0883 2.91361
390 98.2317 12.9997 2.95022
391 3.85694 8.11753 2.38346
392 69.9269 16.3305 2.46417
393 84.6741 26.5781 2.19543
394 49.6778 25.5264 1.40101
395 5.0736 10.355 2.15414
396 2.41821 33.9624 -2.92572
397 51.5541 34.3222 1.18789
398 60.508 29.8057 1.98717
399 95.6702 15.7085 2.20779
400 -0.0596042 5.05771 2.87154
401 66.734 29.738 2.11465
402 79.5923 15.1774 2.15661
403 48.9718 21.9037 1.33099
404 79.083 20.7648 2.96693
405 90.0858 9.73315 3.17554
406 1.97956 94.1168 2.87212
407 51.9766 24.1258 1.11929
408 59.6715 19.2823 1.82777
409 57.7512 26.7793 1.75401
410 0.386917 6.72973 2.55887
411 47.2926 33.0672 1.95193
412 88.6778 15.7595 2.57762
413 2.17759 7.42171 2.13438
414 83.6049 25.6709 2.9147
415 62.9848 34.7298 1.56579
416 68.4553 25.1977 2.38208
417 99.1052 5.8118 2.77698
418 5.34791 15.7735 2.68038
419 65.2446 31.5828 1.87557
420 73.312 21.4864 2.30708
421 0.848094 13.4639 2.43129
422 4.61615 6.7139 2.28413
423 57.0238 26.0239 1.43842
424 4.80538 33.4287 -2.34452
425 53.1937 20.2434 1.41504
426 55.4063 31.5647 1.19271
427 70.0477 91.4562 -2.60711
428 81.044 23.6019 3.00566
429 85.6754 22.6898 2.35865
430 88.6647 22.771 2.85025
431 75.9394 26.8113 2.63257
432 2.78488 21.1151 2.43781
433 58.2647 29.03 1.997
434 77.2527 21.3364 2.91474
435 74.6715 83.2786 -2.75993
436 91.1334 21.7139 2.85484
437 75.0957 18.3376 2.20404
438 10.1384 96.4919 2.42903
439 56.2285 28.8795 1.64959
440 83.6484 12.7659 2.70996
441 1.01592 93.5251 2.51089
442 50.8214 26.1283 1.54881
443 77.4046 14.9676 2.93314
444 79.4221 27.1321 2.50309
445 73.7186 12.9041 2.24652
446 81.0197 75.609 -2.89175
447 2.16484 99.1305 2.1609
448 11.7044 44.3761 -2.66045
449 86.7814 13.0955 2.43778
450 2.43971 10.265 2.53105
451 80.5552 17.3844 2.89796
452 72.429 91.6017 -2.50411
453 85.4876 17.1788 2.29607
454 68.5688 91.3641 -1.85211
455 67.1427 32.8984 1.49452
456 97.4865 3.97432 2.58042
457 6.0679 3.94672 2.39212
458 29.528 25.9282 1.47066
459 72.2563 33.8168 2.16025
460 74.5794 19.2232 2.53643
461 58.6389 38.1859 1.51541
462 81.2044 26.8288 2.6491
463 8.79766 8.14562 2.36689
464 83.2295 29.3025 2.11866
465 4.62062 10.6712 2.54801
466 84.5763 22.501 2.83316
467 55.1095 27.3169 1.5197
468 69.4294 18.4315 2.89342
469 93.4647 19.3175 3.04167
470 93.5261 10.0021 2.96655
471 80.607 24.478 2.25011
472 80.9055 26.8439 2.06623
473 59.8048 22.4065 1.8118
474 10.1251 39.9951 -2.58361
475 2.01661 97.0617 2.53785
476 88.5655 41.6413 1.35376
477 79.8857 16.3634 2.85475
478 73.5619 28.7261 2.37248
479 62.3937 33.6183 1.92699
480 8.56985 2.82389 1.8065
481 69.6296 26.7538 2.29399
482 80.2105 15.3184 2.43827
483 0.569095 10.8365 2.7491
484 66.6307 19.9541 2.47047
485 68.2618 16.2022 2.92769
486 87.9059 17.5028 2.95482
487 85.9774 23.3301 2.4908
488 95.5111 18.3546 2.21588
489 68.1269 31.165 1.62571
490 53.6148 44.9935 0.54539
491 82.7333 19.0195 2.41957
492 81.4554 29.6409 2.69138
493 80.1581 24.2749 2.73702
494 82.0174 17.5074 2.26147
495 72.9293 22.3993 2.27513
496 51.6228 31.4624 1.27687
497 6.42025 32.4674 -2.17568
498 88.2168 20.4817 2.88106
499 85.3859 36.9421 2.28409
