500
Particles
0 15.4886 40.3926 -0.677674
1 90.544 48.7667 2.13602
2 64.604 13.8367 2.01892
3 65.8178 36.3827 1.60382
4 21.4839 75.8224 2.95027
5 93.7943 45.1985 1.6526
6 41.4035 86.8574 2.72716
7 77.2632 43.535 2.21925
8 14.9253 86.1252 2.2115
9 37.745 32.9313 3.03454
10 40.3247 64.5836 2.09639
11 39.1847 96.9642 2.65314
12 72.895 13.2236 1.08864
13 13.3826 51.5658 2.93524
14 22.9376 78.5653 3.09896
15 15.0393 56.7899 2.74724
16 60.4654 74.4562 2.42424
17 34.0748 1.48903 1.87936
18 25.8054 90.9582 2.13762
19 9.05955 96.0588 -0.697339
20 66.1447 37.1425 1.99449
21 40.006 86.555 2.76319
22 38.5348 74.7808 2.07397
23 15.4652 62.3809 2.4859
24 70.0129 39.6825 1.69426
25 26.3064 64.9834 2.49307
26 9.35628 34.8392 -1.1919
27 36.022 92.4886 2.33152
28 37.993 82.0019 2.86047
29 74.7758 11.5496 1.88946
30 48.1761 11.5229 1.11886
31 37.0763 77.5262 2.30766
32 85.9761 11.7136 1.75288
33 60.0241 46.3786 1.53527
34 25.7894 61.3624 2.29989
35 25.8787 96.5128 2.56236
36 52.3831 47.7083 2.65711
37 76.2817 9.40533 1.90679
38 26.2791 68.2567 1.97231
39 17.7518 64.9822 3.04958
40 24.9817 55.3397 2.58097
41 14.0864 62.3868 2.7522
42 42.3252 66.1498 1.98987
43 67.4719 37.2628 1.25508
44 94.8291 50.186 2.20205
45 48.9031 71.2957 2.29185
46 26.4739 64.4896 2.61342
47 84.1484 33.2097 1.76988
48 35.5299 66.3351 2.03041
49 17.5662 33.4874 -1.93303
50 32.7699 95.1762 2.66222
51 45.9623 79.7702 2.70346
52 65.1618 39.3264 1.92248
53 55.7703 47.4707 1.66417
54 24.2546 76.6914 2.80522
55 72.1439 34.2349 1.77794
56 25.2245 76.5984 2.62727
57 40.038 57.5704 2.34882
58 28.4817 84.9698 2.9472
59 18.6299 56.048 3.07941
60 31.5191 90.6235 3.00407
61 37.7243 65.4046 2.61779
62 10.4545 64.9255 2.84723
63 15.9692 96.2387 2.41011
64 36.4198 89.0577 2.09522
65 84.5635 33.7321 2.27121
66 28.1924 94.1316 2.66037
67 31.3857 94.8857 2.45039
68 88.6332 29.7876 2.19545
69 54.714 66.9648 2.40337
70 38.873 89.6055 2.59575
71 26.8671 63.9767 2.12484
72 28.6701 90.8803 2.14925
73 75.3008 6.5824 1.31645
74 41.728 64.5583 1.61938
75 76.7389 40.1462 1.56381
76 42.6608 63.7188 1.94506
77 42.2932 89.2032 2.4717
78 79.7026 13.6018 1.83239
79 29.8428 87.9476 2.59214
80 38.7914 67.3559 2.42876
81 31.7132 96.5563 2.15239
82 17.6142 92.317 2.41724
83 21.4354 86.2098 2.29683
84 70.5835 31.9906 1.23899
85 39.126 69.3152 1.93183
86 39.2305 66.1946 1.85982
87 80.4604 3.87194 1.46108
88 73.1308 33.0086 1.91755
89 37.0749 61.661 2.15789
90 69.4134 40.0789 1.80977
91 37.4325 78.1187 1.98338
92 44.8895 87.1721 2.7766
93 17.1249 74.0451 -2.65554
94 37.1021 66.9584 1.79932
95 34.3552 15.1358 1.07397
96 40.1054 90.1265 2.83612
97 42.9406 93.3804 2.03969
98 30.8495 56.0036 2.60426
99 41.2443 84.3077 2.50183
100 69.3049 40.0794 1.30044
101 29.0768 92.6415 2.84725
102 38.7129 63.8404 1.77022
103 22.0216 53.5107 2.85892
104 38.5728 71.9283 2.10739
105 67.3685 42.0683 1.17257
106 24.9598 75.8703 2.76248
107 18.4472 60.4805 3.27597
108 40.7222 77.5328 2.81363
109 28.6893 83.81 2.99958
110 77.9127 41.0254 1.77027
111 83.056 8.94324 1.92771
112 63.9338 35.0445 1.32259
113 38.7297 84.2379 2.45354
114 36.9307 93.5633 2.19583
115 64.8999 10.3092 1.35653
116 40.1893 58.4508 2.70655
117 26.8709 68.2496 2.19877
118 50.4258 7.59565 0.61796
119 21.8144 80.2537 2.92271
120 18.3144 50.213 2.27106
121 81.526 42.7182 2.0358
122 30.9377 62.9908 1.90744
123 17.7555 75.0594 3.38978
124 63.8886 13.5206 1.99533
125 83.203 13.0631 1.61574
126 58.4958 76.7811 2.19563
127 11.2511 55.1027 2.65783
128 72.7894 38.7158 1.34397
129 31.0199 91.5475 2.34585
130 27.5881 70.4653 1.83128
131 41.5118 64.6342 1.88928
132 84.4437 11.1797 1.64802
133 23.07 11.5401 1.89423
134 59.8167 52.3475 1.91178
135 69.7346 94.7586 -0.138429
136 37.4102 59.3361 2.64066
137 39.3704 89.5774 2.85597
138 40.7049 68.1113 2.48911
139 20.0569 52.0181 2.52481
140 42.1965 64.3292 2.08671
141 100.462 3.42108 -0.0345042
142 23.1335 84.2362 2.35248
143 22.7101 5.29631 2.12763
144 38.8923 90.632 2.66293
145 32.7775 96.2593 2.19707
146 18.3471 58.8047 2.81593
147 61.9055 46.375 1.24294
148 75.5835 5.8493 1.8672
149 27.0087 96.1466 2.72795
150 41.116 66.149 1.63666
151 3.57352 7.33866 1.39348
152 38.8182 60.5563 1.9136
153 40.4105 75.1486 2.48768
154 61.0835 71.4877 2.94682
155 17.786 23.7996 -1.24755
156 18.489 87.0632 1.90832
157 7.12406 59.0815 2.5612
158 10.8678 35.6097 -0.275094
159 33.5543 11.0341 1.17904
160 55.3977 47.5676 2.35233
161 35.0998 13.1716 1.84919
162 26.3503 95.0883 2.17539
163 76.1164 28.5364 1.15704
164 84.5469 34.0487 2.14958
165 20.8454 91.3111 2.16931
166 72.3187 31.8542 1.79986
167 83.1881 7.20227 2.14714
168 31.6698 91.1909 2.41115
169 81.7396 36.462 2.43713
170 38.489 20.6956 1.0933
171 40.1627 87.7214 2.06124
172 16.0734 55.5804 2.45611
173 44.089 64.9943 2.06772
174 87.21 40.857 2.0914
175 84.7319 11.4553 1.89789
176 65.2893 15.3988 1.69997
177 21.8132 50.1775 3.19793
178 67.2492 38.3281 1.15193
179 37.2434 82.067 2.66188
180 42.0475 88.4606 2.94735
181 25.165 5.66101 2.2722
182 28.7699 80.63 2.22955
183 14.0086 31.8856 -0.97297
184 49.2284 89.9451 2.61807
185 87.3549 32.9645 2.50508
186 41.7481 72.6534 2.77863
187 43.2468 23.9273 0.772523
188 8.17575 56.6204 2.34569
189 41.4441 1.48485 3.07012
190 87.7621 38.4061 2.39031
191 68.5127 98.9603 -0.535
192 30.4006 48.9726 2.51005
193 46.1167 82.7884 2.8637
194 28.6474 55.8871 2.52079
195 36.3863 85.8224 2.89169
196 19.4429 49.6029 2.84178
197 35.7118 61.9682 2.07029
198 47.1365 89.6435 2.33105
199 33.6657 22.5968 0.849716
200 46.4693 90.9303 1.99976
201 70.9405 8.63809 1.45669
202 68.4762 40.3631 1.40362
203 38.2314 12.928 1.37096
204 10.5636 33.5271 -0.909072
205 81.9032 7.0166 2.24587
206 25.9273 55.187 2.99004
207 23.8433 65.0598 2.00683
208 23.4058 98.396 2.40452
209 41.449 22.3554 0.0983117
210 31.6308 93.3535 2.06289
211 42.3034 73.7488 2.28964
212 17.9062 20.8164 -0.854407
213 87.9622 6.65239 2.02273
214 8.15092 54.6716 2.61442
215 23.3983 67.7274 1.92817
216 47.2798 72.7252 2.67809
217 36.7288 84.9701 2.82849
218 48.7731 7.31157 1.09811
219 34.0383 2.18049 2.24609
220 76.6515 7.57778 1.13057
221 49.3494 83.8588 2.21813
222 74.2193 8.17219 1.73355
223 74.2813 43.1725 2.08568
224 60.1237 36.8003 2.16298
225 67.3823 13.1103 1.25878
226 30.6513 14.996 1.54422
227 45.0958 76.894 2.52847
228 40.2145 66.6761 1.96345
229 45.8736 71.2599 2.18923
230 13.4402 56.3218 3.14689
231 34.0402 91.459 2.65871
232 43.7982 82.8588 2.093
233 26.0096 62.5846 2.3361
234 21.1136 55.3572 2.71084
235 23.8998 73.9985 2.52627
236 58.0001 69.3933 2.65745
237 65.6979 13.0558 2.00328
238 31.7217 83.7046 2.36049
239 24.0348 85.2391 2.24417
240 36.2366 92.0929 2.42701
241 16.5171 84.891 2.62246
242 43.5975 74.8637 2.26262
243 45.0688 90.2107 2.54754
244 35.3269 12.7548 1.00811
245 44.2665 78.4011 2.54626
246 41.8407 70.159 2.64558
247 88.119 36.7252 1.67568
248 20.1333 76.5545 3.36251
249 32.6229 54.7945 3.29524
250 32.4486 91.7661 2.07696
251 39.6993 1.89661 2.73128
252 70.4538 43.6589 1.56671
253 54.2372 37.0456 1.72132
254 39.69 63.0728 1.99167
255 26.5633 93.222 2.8431
256 44.3513 73.7427 2.34499
257 35.3513 62.0007 2.52443
258 18.3136 89.9419 2.29056
259 23.5399 74.9155 3.227
260 26.1801 12.7197 1.46343
261 21.9176 80.8533 3.12576
262 44.2049 67.6628 2.28281
263 43.0482 82.1125 2.92548
264 60.824 47.7281 2.20152
265 37.0984 62.781 2.26237
266 19.9431 39.9867 2.90908
267 36.8753 91.4195 2.08298
268 18.4095 51.2517 2.40914
269 33.8219 93.8664 2.53363
270 27.7457 81.9502 2.85527
271 26.6564 79.0316 2.75009
272 86.4186 6.1928 1.61965
273 20.0755 52.8126 3.07297
274 28.8343 67.5198 2.78694
275 42.5026 67.9003 2.60751
276 21.9867 33.3539 -2.29375
277 46.0572 88.0447 2.46315
278 82.1843 43.7214 2.1683
279 44.4292 75.8996 2.29071
280 36.6798 90.1854 2.7905
281 40.1111 70.0401 2.24353
282 23.8928 78.7421 2.91449
283 85.1828 6.09913 2.19998
284 59.4969 66.6861 2.64243
285 43.547 91.7587 2.47878
286 11.6057 59.9863 2.4657
287 38.5222 68.2653 1.74661
288 37.2231 8.3542 1.97439
289 54.3003 65.8568 2.51476
290 27.517 63.3108 2.36583
291 15.7202 27.8496 -0.803143
292 14.8815 24.2395 -0.656416
293 24.7427 63.2427 2.0978
294 27.4906 77.2015 2.47339
295 38.9935 85.7526 2.88658
296 51.1356 90.0232 2.80102
297 59.6992 73.7263 2.7833
298 21.458 87.5803 2.37915
299 70.0035 8.69254 1.43151
300 31.7218 63.4472 2.33541
301 30.947 93.7677 2.59927
302 17.1406 51.1016 2.86457
303 39.5397 69.0331 2.30884
304 16.5803 98.6039 1.86499
305 42.4666 1.58883 3.2558
306 60.616 43.2606 2.26141
307 66.7126 11.0982 1.82264
308 23.0135 84.9183 2.63908
309 26.2253 65.7605 2.06226
310 66.4342 45.5762 1.40981
311 19.0885 65.6412 2.15327
312 43.3801 78.9356 2.88724
313 87.7558 7.84288 1.45446
314 29.6729 96.0486 2.0996
315 43.6466 75.0612 2.94347
316 44.8017 86.422 2.00255
317 26.4171 83.2569 2.78504
318 63.8357 11.3183 2.16755
319 73.6097 9.06007 1.12428
320 77.5768 7.5763 1.44253
321 31.7604 99.064 2.14679
322 75.4875 4.01977 1.24626
323 28.7874 87.3073 2.56308
324 33.2305 17.7677 0.999537
325 48.4875 72.7667 2.60842
326 37.033 63.0378 2.66687
327 26.772 60.2238 2.12809
328 84.1521 4.40962 1.37574
329 81.1925 15.9017 1.83111
330 87.4782 5.61274 2.15551
331 68.6121 48.948 1.75032
332 35.7283 18.5744 1.16809
333 49.9659 91.7931 1.92856
334 18.2074 68.452 3.39283
335 68.7422 7.54865 1.77508
336 78.9143 6.72169 1.93444
337 21.6474 78.2083 2.86963
338 50.2369 74.7916 2.67149
339 33.2661 63.5201 1.92942
340 12.9681 48.7659 2.63832
341 22.8608 86.2671 2.33016
342 31.7665 92.1056 3.02108
343 47.4885 73.8462 2.25328
344 42.5516 69.212 2.45559
345 73.524 37.0258 1.19608
346 15.744 64.4019 2.89704
347 26.9711 12.7781 1.33099
348 10.1294 61.2847 2.47484
349 87.9017 35.413 2.46359
350 40.4622 72.7757 1.9074
351 20.288 98.4542 1.92605
352 96.207 47.0916 2.15621
353 74.0072 41.5807 1.76645
354 29.5332 52.2353 3.20296
355 41.542 61.9672 2.11411
356 79.6876 3.12154 2.01134
357 87.0554 35.0409 2.24528
358 35.1158 89.441 3.02063
359 24.1241 62.9489 2.15676
360 26.1953 97.9638 2.86123
361 17.1802 37.717 -2.45282
362 36.1071 86.7923 2.88305
363 40.4488 67.9002 1.875
364 72.1895 47.5295 1.36923
365 40.6923 79.6342 2.88058
366 44.0012 90.5171 2.23016
367 81.8452 8.00189 2.28588
368 15.54 53.7077 2.78806
369 91.173 6.54911 1.59966
370 57.8349 39.8416 1.99631
371 29.3731 94.1961 2.84232
372 33.6012 81.8913 2.04667
373 49.3716 95.2151 1.74366
374 31.9397 94.6851 2.21147
375 50.8758 89.1995 2.2302
376 35.3663 86.8583 2.99283
377 86.609 9.2276 1.77272
378 28.4773 65.9731 2.22163
379 78.6098 10.1027 1.72343
380 40.3573 65.3102 1.74823
381 30.7165 20.771 0.034612
382 41.015 89.0092 2.56723
383 75.0533 34.7117 1.94248
384 42.4362 82.5613 2.52607
385 76.8647 43.2682 1.74411
386 53.6209 44.7166 2.11771
387 17.9196 31.2754 -1.83935
388 48.8019 70.4995 2.32726
389 23.5121 62.4719 2.51558
390 19.9671 88.6782 2.84589
391 27.7661 85.8936 2.53742
392 24.7489 61.7323 1.96498
393 47.6347 75.6114 1.97294
394 40.5537 89.9519 2.99548
395 32.8229 88.2865 2.63694
396 33.787 100.138 2.06642
397 35.209 90.9624 2.89504
398 87.3205 6.15941 1.99836
399 17.5249 82.8836 2.04475
400 20.3711 79.6079 2.97049
401 34.0193 15.9764 1.05953
402 29.1939 51.6158 3.00423
403 40.8707 87.0074 2.28419
404 31.0992 64.0893 2.02778
405 92.7536 47.4107 2.24976
406 11.4073 51.439 2.80625
407 43.4959 92.1152 2.96361
408 24.6915 68.8599 1.90474
409 83.2908 6.22234 1.31723
410 21.7275 81.3702 2.79125
411 34.5265 92.6021 2.77118
412 40.6998 59.9889 2.56737
413 22.1958 83.5332 2.30229
414 46.5097 75.2817 2.58793
415 81.2531 34.197 2.45881
416 45.4509 86.2885 2.59677
417 20.2608 78.7862 3.04362
418 34.7921 94.2054 2.77114
419 73.6106 34.5484 1.12403
420 21.7701 58.5529 2.29762
421 33.9739 93.5475 2.9752
422 24.2505 79.5668 2.42441
423 72.4661 2.12322 1.8402
424 35.0694 0.89284 2.34216
425 38.6088 82.3664 2.5719
426 26.2494 16.4626 1.4614
427 34.0142 97.5294 2.25698
428 35.1504 68.705 2.53511
429 42.7622 68.2879 2.06121
430 23.2671 7.91475 1.31386
431 49.3094 85.6827 2.78302
432 28.8508 95.8205 2.55416
433 88.0543 2.97104 1.76927
434 28.3032 61.3592 2.12497
435 72.1055 46.1293 1.80801
436 27.1577 6.85973 2.17207
437 20.5852 51.8757 3.05297
438 77.3929 13.7536 1.49963
439 80.9901 9.19051 2.1607
440 43.1631 62.7413 2.53324
441 9.33253 51.1908 3.19824
442 38.5665 91.1679 2.85029
443 32.2936 23.9535 0.32364
444 43.1606 79.6864 2.85494
445 84.5033 40.3688 2.43028
446 77.2493 42.9133 2.17536
447 13.4308 59.9098 2.49688
448 37.731 88.7213 2.23078
449 52.9729 66.6338 3.20534
450 24.8233 87.7493 2.55332
451 28.3129 53.5052 2.30257
452 36.6209 1.14028 2.3333
453 38.9891 61.2895 2.56537
454 39.2326 98.2293 2.45655
455 80.1968 35.7317 1.67441
456 17.8986 74.7432 3.41482
457 27.5793 79.7123 2.65692
458 29.6716 75.5135 2.69906
459 90.0416 31.5848 1.6443
460 24.4076 58.5082 2.80096
461 60.597 39.9222 1.98471
462 44.7823 78.5907 2.33096
463 31.5056 84.1596 2.73085
464 51.6171 81.7583 2.56255
465 24.4415 84.8913 2.52326
466 44.51 70.8753 1.93702
467 80.9208 7.55496 1.59813
468 16.8806 53.5546 2.54277
469 22.766 100.182 2.12038
470 25.9754 10.4272 1.8768
471 30.0588 64.9821 2.55462
472 46.3036 80.1154 2.67061
473 46.5292 88.2766 2.86633
474 34.8996 21.6363 0.754219
475 12.6577 54.4041 2.37965
476 88.0935 34.5411 2.29263
477 43.9904 70.7002 1.92537
478 26.0966 1.41665 1.95512
479 71.5807 36.0001 1.54416
480 20.3814 65.1187 2.36409
481 80.2941 1.8829 1.66634
482 30.7139 53.2476 2.46492
483 21.9069 86.4711 2.3153
484 17.1498 58.8243 2.28409
485 14.3711 37.0174 -0.950334
486 45.7284 67.5614 2.53286
487 42.0635 69.0151 1.80752
488 17.6391 84.4466 2.6987
489 70.4871 35.294 1.48496
490 78.9138 39.6337 2.11079
491 34.5287 62.9295 2.30576
492 46.4723 82.6756 2.06182
493 39.3709 73.2024 2.10975
494 31.621 55.5517 2.62723
495 23.7758 62.8555 2.56109
496 36.7149 90.9093 2.22508
497 34.2759 95.8024 2.43972
498 44.7259 65.8532 2.23187
499 79.9184 14.9568 1.95908
