500
Particles
0 56.7018 65.5282 -1.18876
1 91.5034 6.33077 0.518573
2 88.9336 11.5936 1.11738
3 92.0552 47.9295 2.94346
4 90.4075 94.6452 0.565261
5 7.34537 14.0063 0.778744
6 98.5121 6.16533 0.671153
7 48.9575 0.809855 0.335746
8 66.0965 61.044 -1.40496
9 67.4215 67.0715 -1.0902
10 87.5866 25.1518 2.36092
11 46.009 98.8185 -0.224162
12 92.3696 20.6123 1.76152
13 66.3798 16.6076 -2.4925
14 92.893 96.9352 0.756767
15 99.0333 25.4415 2.11606
16 97.2415 47.6333 3.08522
17 75.4997 20.0937 2.57727
18 93.3914 5.25523 1.2588
19 88.5524 82.9439 0.453964
20 89.3764 49.4427 2.61136
21 1.60081 2.9511 1.13686
22 83.7214 21.6443 2.24838
23 77.5728 22.0561 3.10938
24 22.1124 61.5071 -3.15302
25 5.14154 19.5947 0.632205
26 24.6851 13.8596 0.406904
27 53.3645 99.914 -0.0491427
28 53.1352 68.1174 -1.34031
29 78.6708 22.8862 2.58888
30 93.9159 14.4077 1.29004
31 88.3451 66.7021 0.34706
32 86.6954 48.3617 2.39885
33 89.9652 10.3331 0.993761
34 83.134 32.8192 -2.33826
35 49.0102 65.8792 -1.33107
36 46.0227 99.8007 0.0715026
37 0.771715 8.53483 0.602669
38 87.7462 14.2854 0.698057
39 88.9948 96.2429 0.259344
40 85.4575 18.7757 2.2867
41 65.9144 18.9258 -2.51992
42 64.3555 67.2387 -1.56444
43 96.6571 32.442 1.46382
44 91.9485 11.1313 1.24278
45 70.5479 70.954 -1.2619
46 58.3191 69.3412 -1.89755
47 73.4947 14.9584 -2.81083
48 64.8187 58.9827 -1.03976
49 6.83149 13.4075 1.02387
50 74.9913 62.7646 -1.65991
51 61.6791 72.2317 -1.80773
52 99.2051 76.9277 -0.799568
53 46.8337 99.0576 -0.0608867
54 79.1948 22.42 2.70084
55 58.7759 17.1361 -2.81504
56 78.5295 30.904 2.69028
57 26.7184 37.4664 1.26108
58 76.5859 25.7016 3.28024
59 6.52921 16.6806 0.365914
60 98.8201 9.33963 0.667248
61 62.845 63.4124 -1.08319
62 51.5876 70.4404 -1.34162
63 90.319 3.33797 0.987205
64 95.6525 9.14097 1.12816
65 55.0849 28.6442 -2.47296
66 0.576518 12.4523 1.03153
67 41.9357 56.0614 -1.60424
68 53.1327 23.9702 -2.29961
69 54.1813 74.3692 -1.81875
70 100.279 6.53333 0.619022
71 45.4571 31.7387 -2.19959
72 96.5191 9.74035 1.06396
73 49.9934 49.3006 -1.4157
74 43.9711 16.3292 -2.69151
75 58.0177 10.7426 2.48727
76 52.2777 75.2122 -1.27315
77 95.2399 8.48552 1.3246
78 94.5163 13.1969 1.12944
79 95.969 3.97917 1.1508
80 50.5944 75.933 -2.07919
81 98.5307 12.6825 1.18658
82 22.8036 74.0279 0.00298546
83 95.6961 1.77694 0.866841
84 14.5401 30.1089 1.24443
85 43.1597 67.5326 -1.59445
86 46.2103 84.3043 -1.64546
87 53.7182 18.8442 -2.68076
88 95.7459 93.655 1.115
89 23.4609 14.7892 0.337252
90 34.7691 99.2251 0.123654
91 88.0607 65.5091 -0.0950233
92 54.9683 15.6137 2.68398
93 77.0268 26.4284 3.00673
94 75.7948 49.5635 -1.12346
95 52.4534 68.7083 -1.36753
96 97.2119 6.21879 1.29222
97 0.566085 10.4527 1.47166
98 30.7642 11.5011 0.394983
99 91.2633 43.0287 2.64898
100 98.7575 75.5896 -0.575628
101 93.1475 5.1497 1.14038
102 68.1891 61.9248 -1.08168
103 37.4805 43.6748 -1.71701
104 58.953 66.0018 -1.91117
105 34.651 98.1136 -0.526138
106 77.6119 32.9617 3.14368
107 59.5035 54.4568 -1.38818
108 63.0716 70.7042 -1.86631
109 61.686 57.8433 -1.74591
110 89.7738 17.9238 1.32552
111 0.992337 8.27428 1.26253
112 71.6725 61.7362 -1.06986
113 71.0567 21.8531 3.11194
114 97.7588 28.7479 1.7672
115 43.4792 54.6508 -1.99114
116 99.4214 13.6784 0.531433
117 14.1365 22.8378 0.838522
118 96.1607 48.2288 2.3133
119 76.6691 26.0154 3.31754
120 15.1258 18.8747 0.801445
121 84.8058 50.9075 3.33706
122 75.1723 50.0434 -0.827677
123 92.0915 4.3682 0.900527
124 57.9403 24.3151 -2.7833
125 55.2142 28.0119 -2.1663
126 79.7881 62.9517 0.666674
127 57.4896 24.6739 -2.293
128 21.5704 62.9025 -3.04535
129 58.9493 65.5384 -1.56934
130 56.5173 72.8048 -2.07196
131 88.1406 22.8218 1.76575
132 41.9558 98.5767 0.117502
133 39.4091 0.589821 0.542356
134 8.58342 12.6755 0.707263
135 2.90869 6.59963 1.08933
136 40.7606 9.67117 0.956383
137 2.1791 7.70368 1.26899
138 74.3121 52.6538 -0.784542
139 48.088 74.2517 -1.75631
140 66.3619 63.9805 -1.29204
141 53.1105 29.8572 -2.22115
142 98.5043 98.5869 0.125738
143 72.4028 70.6382 -1.28358
144 1.37175 9.40399 0.890507
145 56.0125 52.2047 -1.05823
146 56.8881 71.3306 -1.33142
147 88.4315 8.51783 0.555011
148 55.6055 71.6073 -1.99212
149 1.33849 12.1886 0.899599
150 63.1147 66.6902 -1.80254
151 52.4653 69.0168 -1.39811
152 48.8209 31.2383 -2.39539
153 60.0659 67.0456 -1.63823
154 73.3939 70.7317 -1.60276
155 41.7546 1.88089 0.100743
156 66.906 62.3579 -1.06673
157 68.9848 73.7948 -2.08871
158 15.6554 12.4647 0.277778
159 95.3053 26.1461 1.90525
160 93.4642 12.8559 0.80811
161 85.8747 62.9657 0.697137
162 71.1782 64.888 -1.92233
163 57.3916 20.9489 -2.03989
164 3.7956 76.3325 -0.148037
165 47.067 63.9924 -1.71071
166 52.9673 24.0701 -2.44542
167 6.89029 6.82218 0.820257
168 93.0949 5.89474 0.728171
169 97.7062 34.7571 1.53794
170 88.3102 7.89056 0.87239
171 97.991 5.66422 0.606995
172 50.931 53.2845 -1.67563
173 65.8354 64.579 -0.948135
174 2.88261 15.7347 1.14297
175 84.5687 67.3935 0.63647
176 96.0922 26.2633 1.39758
177 42.2149 69.2155 -1.38636
178 2.36407 40.4894 1.98098
179 54.0105 67.4339 -1.7634
180 70.0213 23.5991 3.11859
181 70.4378 66.3471 -1.26973
182 77.4571 32.0601 3.17548
183 83.5065 6.61801 0.986978
184 4.2149 23.1998 0.791224
185 66.1915 11.3398 2.37462
186 73.8981 50.3422 -1.47673
187 69.0454 61.9479 -1.47145
188 90.3513 1.08909 0.855472
189 95.3911 13.9237 1.18599
190 98.0004 16.4277 0.907871
191 1.16253 11.0815 0.821143
192 45.2667 67.9293 -1.54982
193 61.5752 60.5272 -0.900697
194 38.3572 12.1281 1.187
195 96.7159 6.27752 0.648289
196 11.3563 12.3811 0.653235
197 48.2714 84.3791 -2.22457
198 25.2718 70.236 0.0210948
199 13.5544 12.8494 0.130425
200 3.34225 3.9553 0.608878
201 86.7813 94.3105 0.710306
202 96.5281 77.3205 -1.01421
203 63.0243 80.518 -1.7237
204 4.20596 13.7513 0.612983
205 53.344 52.4246 -1.95608
206 22.2838 35.6877 1.36648
207 10.2718 20.401 0.691386
208 3.30886 25.3476 0.876233
209 91.8076 23.0993 1.44859
210 95.2903 8.37957 1.16651
211 84.3508 22.548 2.23925
212 40.6307 98.6104 -0.00178156
213 57.1124 74.7377 -1.74415
214 93.249 1.09395 1.11416
215 72.4853 28.5158 3.18879
216 70.4128 74.615 -2.14636
217 100.025 4.64276 0.408803
218 65.855 76.6363 -2.30591
219 78.3611 20.6018 2.59341
220 13.9745 5.04207 0.887355
221 65.4361 74.6602 -1.84707
222 98.8927 8.58053 0.896386
223 62.4054 10.1882 3.25856
224 93.1046 46.4354 2.63265
225 47.8418 0.0937113 -0.106709
226 66.2333 67.9044 -1.89275
227 67.3045 60.0011 -1.05384
228 49.5963 85.3782 -1.333
229 67.079 69.9053 -2.08127
230 62.4972 20.7912 -2.38664
231 96.0165 9.61992 0.999507
232 88.2092 64.034 0.656101
233 34.7903 42.4041 -1.18726
234 11.5105 15.2798 0.630161
235 78.9778 29.2203 3.28091
236 66.936 63.5035 -1.5542
237 97.3254 12.2459 0.984804
238 79.9221 25.3071 3.24504
239 91.6739 97.9592 0.50452
240 91.8718 21.6187 2.05415
241 96.6559 12.4583 0.892598
242 62.5104 72.5583 -1.70862
243 1.27533 6.16874 1.33442
244 83.1922 60.9683 0.695179
245 61.9931 72.1774 -1.21903
246 80.5994 47.283 -0.234493
247 60.0253 24.8295 -2.82198
248 94.1764 98.8147 1.05765
249 1.15328 13.0068 1.12643
250 56.0552 96.498 -0.757107
251 92.2874 13.4211 0.641664
252 49.2273 2.83294 0.156448
253 66.5229 11.6754 2.38645
254 86.9219 22.6436 1.61598
255 0.885925 12.651 1.00078
256 63.3074 71.2653 -1.19998
257 78.9525 49.3369 -0.820716
258 70.8081 62.8868 -1.8186
259 79.33 33.4315 3.21921
260 9.22507 12.8581 0.385624
261 71.1639 18.0601 -3.54739
262 70.2262 68.0871 -2.0122
263 41.1618 74.8066 -0.90335
264 90.7081 10.5571 1.36905
265 38.5271 41.1887 -1.57497
266 45.4185 70.0481 -1.11727
267 94.9025 8.90912 1.04623
268 80.7373 19.0812 2.31398
269 46.8234 96.5611 0.0681066
270 76.3958 27.7544 2.5106
271 78.993 29.9026 3.19546
272 51.4112 84.8069 -1.97575
273 10.8532 14.5475 1.00201
274 40.9183 72.7071 -0.864362
275 62.6759 64.8741 -1.49409
276 33.3884 10.4239 1.04152
277 49.3982 52.0783 -1.35865
278 89.7006 5.64632 1.3655
279 65.4955 74.1957 -1.92632
280 97.1114 98.1322 1.12316
281 75.3151 54.8141 -1.5175
282 77.409 23.1024 3.01419
283 5.50059 10.9338 0.68733
284 97.1419 13.7397 0.844181
285 99.4186 6.0735 0.936188
286 60.2023 23.3316 -2.22583
287 77.1118 46.4404 -1.3183
288 93.1594 46.052 2.90646
289 92.1651 10.8022 0.931919
290 60.6748 62.1137 -1.29865
291 92.8787 7.21734 0.760946
292 96.7663 34.605 1.95436
293 40.8694 71.9934 -1.52788
294 79.8982 24.0902 2.7826
295 50.442 4.94992 -0.699501
296 3.71402 24.6128 0.623478
297 68.9896 66.6135 -1.88298
298 93.5499 8.54631 1.19611
299 4.61058 8.43795 1.05915
300 41.3718 66.2363 -1.29166
301 99.8826 10.9095 1.01215
302 89.5229 14.3521 0.668059
303 68.4986 57.1262 -0.880269
304 90.9815 4.32588 0.908488
305 97.2295 14.2773 0.882639
306 46.2461 1.09536 -0.478429
307 93.8938 11.0874 1.25678
308 72.8065 22.215 2.81747
309 44.8972 72.4167 -1.0252
310 50.2698 0.0790692 -0.317763
311 70.3569 13.6129 2.87806
312 61.9798 73.3765 -1.72474
313 50.4216 68.8877 -2.08773
314 0.185794 47.1507 2.88608
315 63.6707 62.5178 -1.32332
316 2.17871 6.35728 1.47773
317 98.1634 1.51376 0.720587
318 92.8134 23.6627 2.04643
319 0.811341 8.58448 0.654153
320 100.031 8.87543 0.946246
321 77.8914 19.2323 3.17738
322 100.246 7.6206 0.447829
323 96.1138 2.7893 1.36527
324 94.588 14.0913 1.41024
325 66.8367 70.0709 -1.80096
326 87.9611 39.2962 2.54384
327 47.0174 72.5331 -1.94431
328 3.45463 25.4504 1.399
329 88.7422 47.4 3.02516
330 53.8406 70.5388 -1.32048
331 41.3333 98.1695 0.156016
332 88.33 47.4181 2.4561
333 20.8521 70.7729 -0.0500622
334 89.1368 95.8809 0.598844
335 0.915631 9.60437 0.894565
336 8.62402 4.25588 1.38942
337 91.7403 97.8966 1.0331
338 65.5967 68.0461 -1.75919
339 87.0978 38.6985 2.6202
340 94.2063 6.86782 0.980836
341 90.3808 2.39878 1.01472
342 93.024 6.91054 0.62233
343 68.6098 73.7972 -1.65737
344 68.8717 59.2201 -1.43401
345 96.6828 31.4305 1.64418
346 66.4439 20.0539 -2.45549
347 33.1828 11.0495 1.00263
348 92.72 0.967754 1.3846
349 96.4064 15.2813 1.37849
350 62.7891 70.3713 -1.03629
351 69.1215 63.8965 -1.22393
352 91.1883 7.61755 0.692214
353 48.0772 11.747 -2.07141
354 47.854 28.3545 -1.80254
355 89.1491 26.3071 2.1644
356 89.002 44.9682 2.4099
357 44.2968 99.5516 0.0165353
358 73.689 22.5665 3.15316
359 12.773 20.1052 0.983121
360 75.0183 74.4037 -1.01421
361 2.99767 15.71 1.11187
362 97.966 6.4525 0.674916
363 49.4641 81.4287 -1.85566
364 91.736 10.0557 1.25577
365 58.2945 68.8337 -2.07811
366 3.28271 5.43745 0.927886
367 60.2799 55.4703 -0.7565
368 54.6864 70.4188 -1.62738
369 99.8005 29.2374 1.44722
370 95.0804 21.457 1.43048
371 0.691616 13.2179 0.728172
372 80.4676 23.8279 2.88243
373 69.3809 25.4619 3.17758
374 92.9144 12.1908 0.814679
375 56.9621 67.5421 -1.84644
376 62.7231 54.976 -1.68204
377 39.2719 49.8146 -1.72205
378 61.649 70.8698 -1.73337
379 12.9047 7.39103 0.947821
380 66.5946 67.1437 -1.2661
381 36.5519 10.2123 1.09833
382 97.3229 5.589 0.835841
383 0.414026 47.4102 2.80746
384 13.42 25.7239 0.336182
385 51.6698 0.267206 0.351149
386 45.6865 3.49412 -0.00119628
387 41.4487 66.2969 -1.65072
388 68.9396 68.8943 -1.17784
389 10.9065 14.9542 0.891082
390 92.2462 7.84736 0.466654
391 75.4218 22.3228 3.19789
392 91.8799 17.4252 1.54172
393 66.8284 72.0016 -1.20035
394 99.6859 6.20058 0.476155
395 71.8252 19.1031 3.02932
396 76.8094 19.1666 3.23842
397 3.87784 12.6571 0.890329
398 88.3206 21.7603 1.47574
399 41.7645 53.3078 -2.17386
400 94.5621 96.2868 0.40048
401 55.238 21.9848 -1.98595
402 50.7951 80.7006 -2.13701
403 95.8549 4.8616 1.31495
404 23.6538 35.0819 1.40567
405 90.765 5.28497 1.28706
406 62.7353 19.2077 -2.22963
407 99.4929 5.01449 0.6678
408 67.3567 24.5962 -3.04489
409 5.26302 7.31017 0.97937
410 92.5793 97.4365 0.985809
411 98.9031 28.3635 1.65311
412 50.9565 79.5317 -2.36255
413 73.4102 17.7265 3.49661
414 64.7908 69.6809 -1.74149
415 96.1213 34.238 1.42226
416 1.97344 22.2685 1.13438
417 96.8535 99.154 0.698028
418 98.3254 7.08966 0.610126
419 91.1194 85.3626 0.889435
420 14.0024 20.8693 0.760264
421 92.8946 5.35697 0.402627
422 77.5937 27.3832 3.21049
423 52.9128 37.5859 -1.81779
424 96.0919 27.2474 1.73228
425 1.94349 1.90444 1.2245
426 46.1751 52.9894 -1.93668
427 91.5387 13.5531 1.16298
428 60.6611 69.3772 -1.70187
429 64.9827 68.8171 -1.58261
430 83.6805 62.7209 0.161859
431 61.2165 68.3369 -1.25473
432 68.1951 62.1242 -1.63274
433 48.0037 55.5314 -1.5803
434 84.2263 24.942 2.59584
435 88.0048 8.35893 0.805805
436 70.2433 68.0082 -2.03755
437 31.6907 15.3697 0.825321
438 86.2489 96.0052 0.516138
439 48.8089 53.8432 -1.54737
440 49.8809 26.8045 -2.00637
441 2.17084 79.7682 -0.463635
442 97.2584 8.89777 0.959993
443 46.0888 28.5198 -2.24209
444 62.9816 69.9467 -1.53339
445 99.5634 13.9142 0.932585
446 66.9281 14.2607 2.91026
447 62.9406 23.9301 -2.67747
448 99.1948 26.1297 1.32082
449 99.0731 12.433 1.10358
450 94.5822 2.23901 0.464574
451 49.6703 76.383 -1.54533
452 96.8295 13.4257 0.946277
453 67.5332 65.2268 -1.81897
454 74.2883 29.6916 3.11048
455 50.3025 22.3891 -2.3815
456 91.3556 95.5457 0.880532
457 79.9608 27.3564 2.50533
458 92.8279 50.3617 3.255
459 51.4202 36.868 -2.12016
460 7.99399 14.4799 0.707196
461 36.107 97.8823 0.13437
462 64.1595 71.7651 -2.03982
463 65.2181 54.3605 -1.24894
464 65.3713 76.5332 -1.73605
465 75.0067 23.9816 2.51705
466 68.1924 71.6312 -1.72572
467 1.53789 7.51518 0.80478
468 5.80581 17.2166 0.614769
469 66.3381 66.8595 -1.93856
470 92.2336 4.45793 1.10543
471 63.9718 72.3804 -1.3065
472 63.5571 73.7511 -2.01294
473 69.1945 29.3044 3.31287
474 98.4882 25.3131 1.35808
475 64.6607 18.9032 -2.92682
476 41.7943 0.977372 0.347499
477 26.4659 39.8471 1.09351
478 86.5437 66.8132 0.421945
479 99.0684 32.041 1.39968
480 80.0862 26.2868 3.33366
481 5.0793 23.2671 0.637436
482 34.2165 10.3755 1.2401
483 95.5135 3.62644 0.96348
484 90.5267 16.8662 0.970526
485 88.495 13.6982 1.47416
486 67.4421 64.9595 -1.95728
487 71.7761 73.7563 -1.58935
488 43.6848 59.2533 -1.9026
489 52.2374 24.6259 -1.96215
490 50.4098 4.31981 -0.628704
491 77.1048 51.2423 -1.05138
492 62.2604 70.5434 -2.02018
493 71.1205 54.6409 -1.03589
494 78.9086 45.7283 -0.842969
495 38.083 57.6634 -1.38563
496 98.2763 12.323 1.28606
497 96.0607 21.4786 2.01959
498 66.5302 69.6295 -2.03571
499 52.0952 34.6811 -2.10358
