500
Particles
0 57.4053 69.7464 -1.85966
1 88.4825 3.25848 0.613872
2 86.2045 8.27449 1.26267
3 96.1172 46.2204 2.23028
4 87.2479 91.6698 0.752424
5 4.67687 10.5095 0.98163
6 96.4655 2.52657 1.16218
7 45.4088 2.85418 -0.799879
8 65.588 65.357 -1.24611
9 67.1242 71.4248 -1.06977
10 89.4076 21.164 1.43211
11 41.9127 98.0743 -0.201903
12 92.3081 16.2698 2.03212
13 70.416 18.2649 -2.48883
14 90.5739 93.1774 0.991556
15 98.9186 21.1313 1.74131
16 1.36748 46.261 3.04905
17 79.712 19.3583 3.33026
18 91.0916 1.53713 0.621207
19 85.513 80.0372 1.26249
20 93.3503 47.6377 2.86043
21 99.1419 99.5678 0.977738
22 86.9606 18.666 2.32683
23 81.9084 21.7966 2.65512
24 26.5054 62.0915 3.53947
25 2.97412 15.9261 0.629858
26 22.1825 10.3726 0.184705
27 49.464 1.85333 -0.966867
28 52.8104 72.4222 -1.70722
29 82.8196 21.9101 2.48432
30 92.1541 10.3964 0.474323
31 84.4139 64.9846 0.712985
32 90.7531 46.7977 2.39476
33 86.9993 7.14124 1.26534
34 87.2418 33.792 3.00479
35 48.48 70.0693 -0.896741
36 41.9792 0.599492 -0.912847
37 98.441 4.98914 0.981683
38 85.7833 10.3739 0.569005
39 86.0657 93.0279 0.896337
40 85.8718 14.5151 1.5003
41 69.5421 21.1691 -2.25693
42 63.7978 71.5358 -1.30501
43 96.6039 28.0416 0.833002
44 89.575 7.50819 0.632675
45 69.8241 75.2297 -1.39378
46 58.1005 73.6667 -1.15151
47 77.7726 15.4989 2.72591
48 63.6254 63.106 -1.36909
49 4.23153 9.80799 0.758452
50 73.3449 66.6925 -1.43663
51 61.4285 76.6458 -1.19414
52 95.3161 78.9804 -0.218613
53 42.4692 99.0156 0.660509
54 83.5623 21.6231 2.72426
55 59.5916 14.156 0.809408
56 82.8045 30.1831 -3.17204
57 26.6602 33.153 1.53827
58 80.8804 25.1243 3.11821
59 3.59727 13.5713 0.886548
60 96.3539 5.74139 1.36949
61 62.2877 67.7287 -1.24438
62 51.7543 74.7193 -1.83024
63 87.7566 99.8572 0.804072
64 93.9468 5.21052 0.666222
65 58.3732 31.5392 -1.96198
66 98.6874 8.55426 1.23322
67 42.8049 60.343 -1.52345
68 56.0622 27.248 -1.97661
69 54.3798 78.7678 -1.64033
70 98.1448 2.84155 1.28718
71 48.5 34.7956 -2.96783
72 94.1149 6.15776 0.763505
73 49.8406 53.6771 -1.0611
74 46.8393 19.6783 -1.4807
75 60.1473 8.16831 0.594429
76 53.5829 79.2773 -1.42231
77 92.6734 5.08469 1.03055
78 91.8481 9.71163 0.962283
79 93.5786 100.323 1.47519
80 51.877 80.1002 -1.93644
81 95.99 9.08643 0.814951
82 19.0275 72.2597 0.483175
83 93.2857 98.1494 1.50041
84 10.7991 28.9045 -0.302633
85 42.2167 71.817 -1.53054
86 47.8572 88.3639 -1.91398
87 56.3163 21.1211 -0.35232
88 92.8948 90.279 0.911737
89 20.4636 11.7529 0.565451
90 30.4606 98.6503 -0.330858
91 84.0922 63.8314 0.882027
92 56.3517 12.5213 1.30735
93 81.2384 25.1677 3.21031
94 73.0922 52.8855 -0.455834
95 52.8612 73.0819 -1.23071
96 95.2786 2.38169 1.36811
97 99.1752 6.37823 1.15559
98 27.772 8.3269 0.808975
99 95.3765 41.8345 2.87264
100 94.6988 76.9573 -0.207237
101 90.7683 1.40665 1.38849
102 67.1105 66.0199 -1.36464
103 37.0653 48.0535 -1.52575
104 59.0156 70.3025 -1.12114
105 30.4326 98.5825 -0.276951
106 81.9566 32.977 -3.24105
107 57.8403 58.4244 -1.0156
108 63.6471 75.0488 -1.17744
109 60.3883 61.8407 -1.37991
110 88.1719 13.8002 1.32083
111 99.0069 4.39205 1.04446
112 70.5326 65.9268 -1.86461
113 75.3512 21.413 2.70232
114 97.4103 24.3964 1.49123
115 44.6148 58.9397 -1.02338
116 97.0479 10.1248 1.32277
117 11.659 19.2305 1.23575
118 0.029527 46.2666 2.58479
119 80.9459 25.3791 2.79828
120 12.5135 15.4959 1.01654
121 83.6642 53.1052 -0.151031
122 72.0374 52.7131 -0.84669
123 89.7654 0.828752 1.28448
124 60.6919 27.4476 -2.5952
125 57.6108 31.53 -1.77578
126 75.6507 61.4313 0.281417
127 60.2421 27.937 -2.22854
128 25.9779 63.3317 3.06493
129 58.494 69.8012 -1.20517
130 57.374 77.0067 -1.64594
131 89.9065 18.8064 1.82282
132 37.747 99.2014 0.51776
133 35.535 1.98351 -0.363816
134 5.34901 9.78877 1.11847
135 0.47358 3.08996 0.87878
136 36.9053 7.82307 0.406742
137 0.424615 3.75586 1.18844
138 71.371 55.6836 -0.220945
139 48.5511 78.6108 -2.04878
140 65.0695 68.2 -1.0678
141 56.2281 32.9666 -1.80615
142 95.2742 95.871 1.01552
143 71.7549 74.9866 -1.11194
144 99.1801 5.6338 1.55766
145 53.8432 55.9906 -1.12419
146 57.241 75.6698 -1.30194
147 86.2236 4.97395 1.22382
148 56.1004 75.8791 -1.46955
149 99.5425 8.27059 0.643872
150 62.6085 70.9187 -1.07597
151 51.8356 73.3063 -1.7935
152 51.8588 34.3898 -2.21
153 59.682 71.3757 -1.12116
154 73.3856 75.1167 -1.80564
155 37.7968 3.17456 -0.598301
156 66.2897 66.658 -1.46953
157 68.8922 78.0098 -1.26537
158 11.7999 10.2175 0.527906
159 95.8129 21.7675 1.51784
160 90.5294 9.65071 0.555444
161 82.8138 59.7631 -0.131104
162 71.1436 69.1317 -1.32357
163 60.5378 23.8285 -1.97682
164 99.4876 76.7511 -0.350468
165 47.0232 68.3477 -1.60706
166 54.8891 27.9772 -1.90575
167 4.18138 3.36415 0.792417
168 90.4415 2.58423 1.46828
169 97.8743 30.3628 1.73597
170 85.6693 4.45328 1.14609
171 95.6711 2.01514 0.911303
172 50.1111 57.5267 -1.62587
173 65.6933 68.7552 -1.73259
174 0.61785 11.9337 0.892467
175 80.5641 65.5679 0.0449149
176 95.9629 21.9485 1.00937
177 41.6763 73.6074 -1.79162
178 5.67993 37.8773 3.13378
179 54.2564 71.7254 -1.68265
180 74.3471 23.3514 -3.31441
181 69.8737 70.703 -1.07402
182 81.7598 31.8212 2.97997
183 79.5247 6.47576 0.513128
184 1.6501 19.6468 1.30108
185 70.1983 9.70733 -3.21826
186 71.5214 53.846 -0.472223
187 68.0107 66.2243 -1.60971
188 87.6964 97.675 0.832099
189 93.9835 9.7184 1.28047
190 96.0068 12.5359 0.626635
191 99.3454 7.24694 0.898541
192 44.5657 72.2546 -1.59558
193 60.9405 64.8416 -1.15317
194 34.991 9.36938 0.478708
195 94.1084 2.77475 0.57963
196 8.03197 9.69525 0.733974
197 49.75 88.4416 -1.63753
198 21.3248 68.2517 0.300405
199 9.73566 10.8353 0.410107
200 1.17506 0.20337 -0.376247
201 83.7766 91.3233 0.880731
202 92.7424 79.3859 -0.0424702
203 62.3604 84.5686 -1.27684
204 2.0017 10.0394 0.665231
205 52.8083 56.6101 -1.68483
206 22.5948 31.4157 1.70555
207 8.09618 16.6401 1.33983
208 1.14495 21.6305 0.87426
209 92.5618 18.8109 1.21418
210 93.2914 4.49719 0.62252
211 86.7646 18.8909 2.3305
212 36.384 -0.139059 -0.659914
213 57.8302 79.0936 -1.05505
214 90.5417 97.7145 0.446902
215 76.6123 27.9001 3.56538
216 70.9335 78.9033 -1.10545
217 98.068 0.840486 1.42433
218 65.3655 80.8098 -1.60435
219 82.5209 19.2665 3.08488
220 11.1916 1.62184 0.421876
221 65.3784 78.9829 -1.87792
222 96.8221 4.76782 1.55705
223 66.5422 8.81417 -3.15398
224 96.8811 44.2456 2.92687
225 43.8272 1.26913 -0.736372
226 66.4561 72.2502 -1.44224
227 65.9513 64.0652 -1.65104
228 51.2087 89.3068 -2.04768
229 67.2511 74.1883 -1.80035
230 65.5733 23.9143 -1.81709
231 93.9213 5.70939 0.603614
232 84.5445 61.8394 0.917525
233 34.3016 46.7624 -0.979406
234 8.39981 12.1464 0.829921
235 83.2115 28.7367 3.56428
236 66.811 67.8885 -1.3458
237 95.5468 8.25934 1.06015
238 84.1802 24.8274 2.81086
239 88.9507 94.6064 0.443377
240 91.2823 17.3176 1.4521
241 93.5416 9.37304 0.547308
242 62.0528 76.8278 -1.82668
243 99.9727 2.12013 0.906379
244 79.8465 58.105 -0.176805
245 61.7422 76.5039 -1.6993
246 76.4377 48.8069 -0.261093
247 63.2 27.6437 -2.03634
248 91.1839 95.8321 1.15349
249 99.177 9.12859 1.54014
250 53.4086 -0.0415405 -0.388525
251 89.7257 9.95312 0.383331
252 45.3844 4.7185 -0.936014
253 70.7323 10.9666 -2.82733
254 87.8056 18.3465 2.13719
255 98.7977 8.83745 1.5431
256 63.2518 75.4252 -1.38023
257 75.4674 51.977 -0.803226
258 70.5591 67.3037 -1.08139
259 83.7014 33.9799 -2.7013
260 5.67771 10.3403 1.22825
261 75.4924 17.931 3.50603
262 70.6952 72.4074 -2.00646
263 39.7269 78.8143 -1.23455
264 88.5625 6.74641 0.748965
265 37.531 45.4092 -0.745591
266 45.1724 74.2828 -1.70613
267 91.8669 5.73598 0.851664
268 84.2622 16.6977 1.50101
269 42.5553 96.1431 -0.0170928
270 80.5645 26.6697 3.22605
271 83.3001 28.9934 3.37149
272 52.7714 88.978 -1.54364
273 7.23635 11.9957 0.684433
274 39.9862 76.8733 -1.771
275 61.8996 69.149 -1.23772
276 30.2994 7.36327 1.19513
277 49.368 56.4428 -1.49642
278 86.8321 2.48666 0.837628
279 65.2614 78.5376 -1.90205
280 93.8951 95.1642 1.27087
281 72.5105 57.6535 -0.656448
282 81.4727 21.5105 2.84048
283 3.20948 7.26126 0.929802
284 94.9082 10.0286 1.15737
285 97.258 2.24605 0.614881
286 62.4954 26.945 -2.40427
287 74.0987 49.2244 -0.300013
288 97.0022 44.1252 2.73292
289 89.0549 7.79966 1.04079
290 60.143 66.3468 -1.81815
291 90.1997 3.73849 1.48655
292 97.3872 30.3964 1.74265
293 39.7802 76.2327 -1.53701
294 83.9322 22.2053 2.97095
295 46.5044 7.03684 -0.428639
296 0.877973 21.3251 1.08512
297 69.0253 70.9027 -1.30327
298 90.5259 5.43522 0.816891
299 2.41204 4.77328 1.09169
300 40.0546 70.4311 -1.05948
301 97.4943 7.24 1.19513
302 86.7935 11.0238 0.871856
303 67.0701 61.2541 -1.23005
304 88.8884 0.522754 0.938488
305 94.7917 10.737 0.990041
306 42.119 2.3794 -0.573161
307 91.6576 7.39303 0.574359
308 77.2078 21.7117 2.50104
309 43.5012 76.5858 -1.10095
310 46.1458 99.3175 0.29904
311 74.6184 14.1359 -2.88489
312 61.6227 77.7036 -1.9643
313 49.8005 73.1491 -1.62471
314 4.45582 45.9464 2.95815
315 63.4857 66.9472 -0.914929
316 0.475353 2.28472 1.11201
317 95.17 98.3148 1.25293
318 93.0644 19.4238 1.65978
319 99.097 4.75896 0.794819
320 97.7283 5.15729 0.994226
321 82.0909 17.9626 3.11786
322 97.9598 4.02666 0.805261
323 94.182 98.9401 0.590489
324 91.9494 10.672 1.22328
325 66.7416 74.3915 -1.69331
326 92.1859 38.3843 3.11661
327 47.5788 76.678 -1.83123
328 1.00034 22.1178 1.13419
329 92.4325 45.2116 2.76869
330 54.0881 74.864 -1.35522
331 36.9941 98.1711 0.413681
332 92.3904 45.8908 2.44493
333 16.8386 69.0909 0.476873
334 86.0249 92.8624 1.20127
335 99.6219 5.43612 1.07096
336 6.62308 0.495968 0.886541
337 88.3536 95.1044 1.16498
338 65.8415 72.3925 -1.01106
339 90.8433 36.3799 -3.04933
340 92.5765 2.8444 0.60283
341 87.2908 99.2534 1.14045
342 90.5953 3.34018 0.845063
343 67.4094 77.879 -1.29394
344 68.2192 63.4781 -1.73445
345 96.3843 27.0864 1.23873
346 70.4955 21.2431 -2.86021
347 29.9818 8.1664 0.460895
348 90.0131 97.6858 1.05671
349 95.1965 11.0227 0.970292
350 62.4638 74.6815 -1.6458
351 68.9454 68.0713 -1.22211
352 88.8556 4.11453 1.30784
353 49.5892 15.7439 -1.629
354 50.0024 32.1294 -2.89048
355 90.3176 22.339 1.91956
356 93.0211 43.2975 2.79189
357 39.9452 99.6873 0.111648
358 77.9646 21.6902 3.08407
359 10.218 16.5841 1.27459
360 74.1863 78.5769 -1.7209
361 0.74347 11.9658 0.890546
362 96.0954 2.58077 1.55853
363 51.2926 85.3451 -1.62365
364 89.2432 6.51889 1.12864
365 58.4833 73.2326 -1.52712
366 0.950899 1.82561 1.04442
367 58.8393 59.3753 -0.662847
368 54.9382 74.7574 -1.99126
369 99.1668 24.9569 1.59191
370 95.6348 17.0369 1.12299
371 98.1465 9.69939 1.46909
372 84.7597 22.7361 2.29976
373 73.6246 24.6906 -3.48658
374 90.6865 8.52555 0.394167
375 57.084 71.8351 -1.75231
376 61.4495 59.0402 -0.86794
377 39.0998 54.1858 -1.48321
378 61.645 75.2967 -1.62485
379 9.14696 5.04886 0.976
380 67.0215 71.487 -1.27222
381 33.2362 7.43711 0.0827602
382 95.43 1.76428 1.04336
383 4.48243 45.8762 2.2621
384 9.51449 24.5257 -0.128278
385 47.9616 1.69963 -0.5007
386 41.93 5.48658 -0.293958
387 40.2368 70.3708 -0.884888
388 68.7179 73.2413 -1.50607
389 7.93225 11.8387 0.500172
390 89.8278 4.27021 1.13909
391 79.8183 22.0544 3.30422
392 89.4306 13.8919 1.43252
393 66.5453 76.2489 -1.83138
394 97.7595 2.63514 1.33369
395 76.1065 19.0964 2.58744
396 80.9286 18.6945 3.12083
397 1.41043 9.14479 0.976177
398 89.3895 17.4614 2.02497
399 42.146 57.5034 -1.07179
400 91.1474 93.4932 0.958532
401 56.9032 26.0826 -2.18198
402 53.4603 84.2762 -1.90382
403 93.5861 1.17686 1.46065
404 24.5561 30.782 1.76648
405 87.9552 2.17543 1.43014
406 65.594 22.5159 -2.43667
407 97.2911 1.4037 1.60008
408 71.6836 24.4495 -2.43535
409 3.37008 3.38244 0.565764
410 89.4004 94.4715 0.509074
411 98.3832 24.1062 1.0389
412 52.5201 83.5388 -1.85581
413 77.773 18.6556 2.74746
414 64.397 74.0935 -1.27273
415 96.4675 29.9418 1.60765
416 99.8356 18.5859 0.945679
417 94.1023 95.8457 1.05844
418 96.0881 3.47707 1.35702
419 88.3123 81.9923 1.02543
420 11.5163 17.3868 0.777496
421 90.3937 1.80012 0.819689
422 81.7228 26.3358 2.85205
423 55.2735 41.1253 -2.06611
424 95.6646 22.9037 0.916239
425 99.3759 98.4835 0.640031
426 46.8609 57.2456 -1.45649
427 89.4849 9.79937 0.449363
428 60.934 73.6637 -1.81827
429 64.8876 73.1431 -1.47469
430 79.9365 60.6327 0.659193
431 61.0565 72.6469 -1.55229
432 67.258 66.3458 -0.84935
433 47.1546 59.8303 -1.51833
434 87.6704 22.2284 2.58503
435 85.396 4.84745 1.38964
436 69.8033 72.2205 -1.24801
437 28.9964 11.947 1.11289
438 83.4903 92.7209 1.17896
439 48.8423 58.1569 -1.66532
440 52.4703 30.2862 -2.13524
441 98.081 80.6318 0.0979687
442 95.6611 4.75398 0.898694
443 48.3114 32.2562 -2.50142
444 62.2515 74.2439 -1.73503
445 97.3832 10.248 1.2762
446 71.1244 14.6059 -2.84476
447 65.8994 27.1484 -1.51801
448 98.5158 21.8086 0.98017
449 97.0795 8.55942 1.21853
450 91.5764 99.103 1.02816
451 50.9274 80.4982 -1.6787
452 94.2423 9.86867 1.47138
453 67.6562 69.5443 -1.27035
454 78.4587 29.0592 3.36497
455 52.54 26.1682 -1.71186
456 88.5083 92.2558 0.565574
457 83.896 25.5864 2.6539
458 96.7912 48.7856 2.58246
459 54.273 40.0927 -2.54666
460 5.0977 11.2972 0.553056
461 31.6991 97.7999 -0.131664
462 64.2283 76.0272 -1.17483
463 63.4331 58.31 -1.55439
464 65.2593 80.9275 -1.65686
465 79.252 23.3812 3.13155
466 68.5772 75.9796 -1.88857
467 100.062 3.49152 0.737705
468 2.91234 13.9883 0.420298
469 66.0322 71.026 -1.91775
470 90.293 0.537795 0.967073
471 63.5123 76.5818 -1.51658
472 63.9173 78.0689 -1.08044
473 73.4479 29.2925 -2.5779
474 98.0126 21.0602 1.6273
475 68.3446 21.1972 -1.98577
476 37.5577 1.80149 -0.266637
477 25.0776 35.6979 1.71885
478 82.7166 64.5956 0.153691
479 98.4519 27.8989 1.33673
480 84.2098 25.4171 2.72899
481 2.70797 19.6876 1.09937
482 31.6711 6.96595 0.221733
483 93.1804 99.8955 0.923824
484 88.3395 13.1051 1.39142
485 86.3757 10.0178 0.592087
486 67.4171 69.3562 -1.64849
487 70.6889 77.9701 -1.27275
488 44.4158 63.5164 -1.7945
489 54.9014 28.0284 -2.38946
490 46.5365 5.69592 -0.846147
491 74.4948 54.6356 -0.259509
492 62.6136 74.8752 -1.08235
493 68.5992 58.0323 -0.831881
494 75.6109 48.7425 -0.594895
495 38.4087 61.8705 -1.74447
496 96.6613 8.28583 0.977907
497 96.1421 17.2188 1.43279
498 65.4345 73.7951 -1.74863
499 54.96 37.6314 -2.11472
