500
Particles
0 55.9014 59.7391 -1.61145
1 96.0013 9.82644 0.526552
2 92.9136 15.7118 0.750848
3 86.8044 50.3152 3.22216
4 95.2259 97.9557 0.378143
5 10.785 18.7179 0.639808
6 2.40332 10.2993 0.964595
7 54.7843 0.475886 0.0589902
8 66.0377 55.3596 -1.46366
9 67.4844 61.2827 -1.34864
10 85.8508 30.7001 1.54584
11 51.8468 98.2984 0.199382
12 91.0563 26.1998 2.10081
13 60.8265 15.2074 -3.23423
14 97.1993 0.72968 1.13961
15 96.5149 30.5377 2.31267
16 92.2193 50.4984 3.10514
17 69.7883 19.8566 -3.17043
18 97.8202 8.85817 0.909005
19 91.9187 87.7659 1.055
20 84.0378 51.766 2.6787
21 4.62991 7.72521 1.28735
22 78.5425 24.2331 3.1159
23 71.8974 22.9026 -3.34613
24 16.9218 64.1429 2.27459
25 8.55275 24.2385 0.95652
26 30.3318 14.4714 0.217003
27 57.4883 95.9329 -0.572025
28 53.3177 62.3105 -1.58621
29 72.9195 23.0029 -3.19683
30 97.2609 19.0451 0.798319
31 92.3396 70.5653 1.05886
32 81.2692 48.5473 -2.35171
33 93.4285 14.9465 0.921377
34 77.7 33.4169 -3.05969
35 49.4713 60.1313 -1.38539
36 51.7549 0.14581 0.224617
37 4.31347 13.0367 0.515726
38 90.0966 19.5382 1.22659
39 93.1644 100.192 0.738134
40 81.3136 22.8025 2.70573
41 60.8092 16.1772 -2.45996
42 64.0451 61.4674 -1.702
43 96.1708 38.1367 1.61792
44 96.0394 14.9868 0.146655
45 70.4276 65.2196 -1.84918
46 57.4635 63.5886 -1.8367
47 67.8827 15.331 -2.68818
48 64.114 53.1682 -1.95933
49 10.6583 17.7743 1.11724
50 74.0992 56.9623 -1.4293
51 59.5616 66.7783 -2.00771
52 99.8959 71.3593 -1.37697
53 52.5995 98.5154 -0.249572
54 73.439 23.4917 -3.33224
55 53.9845 14.0145 -2.6032
56 72.7197 30.9847 2.92527
57 30.9982 41.4304 0.522722
58 70.8664 25.8023 -2.86357
59 10.0755 21.3963 0.937425
60 2.23404 13.8871 0.381486
61 62.9465 57.654 -1.68868
62 51.4178 64.6839 -1.25542
63 93.8279 7.92215 0.880714
64 100.122 12.4315 0.0841747
65 51.5719 23.922 -2.17618
66 4.08684 17.0389 0.554739
67 42.3466 50.249 -1.19062
68 49.5519 19.3531 -2.19939
69 53.9642 68.7475 -2.23234
70 4.13161 10.864 0.520723
71 42.6651 26.7373 -2.29242
72 0.735638 13.4339 0.693748
73 49.5989 43.6536 -1.09456
74 42.5728 19.3457 -1.97645
75 53.1315 9.47281 -2.79974
76 51.1705 69.4384 -2.06764
77 100.242 11.6377 0.599141
78 98.5385 17.2504 0.449248
79 100.337 7.6691 0.714955
80 49.5143 70.1992 -1.84717
81 2.7341 16.8144 0.967511
82 28.1829 75.4001 0.876479
83 100.394 4.71577 -0.196515
84 17.7384 35.026 0.875223
85 45.1094 62.0767 -1.17356
86 43.5416 79.4476 -2.38189
87 50.144 14.5972 -2.64471
88 0.72921 96.772 0.748996
89 28.7862 15.1516 -0.45124
90 40.4518 99.428 0.314843
91 91.7275 69.8005 0.782349
92 50.2699 12.9559 -2.12383
93 71.3186 26.6885 -3.31206
94 78.3339 44.6159 -2.03663
95 52.708 62.9383 -1.94966
96 0.678432 10.7472 0.618998
97 4.76868 14.5634 0.96286
98 34.2213 15.8774 1.59013
99 85.8818 45.0921 3.43201
100 0.108016 69.9877 -1.61027
101 96.9594 9.41968 0.303791
102 68.1122 56.1613 -1.27967
103 37.267 37.9249 -1.18368
104 58.768 60.1699 -1.92799
105 40.4597 97.4773 0.130296
106 71.8809 33.6775 2.83813
107 60.239 48.7126 -1.34808
108 62.0024 65.0028 -1.4383
109 61.3465 52.0312 -1.95295
110 89.7748 23.6776 1.44443
111 4.75229 12.7089 0.9499
112 71.3159 55.9921 -1.03262
113 65.2911 22.0703 -3.46231
114 95.6664 34.1125 2.40692
115 44.5105 49.0193 -1.42559
116 1.92139 18.8527 1.26084
117 17.5717 27.3156 0.886375
118 90.7733 50.264 3.22515
119 71.0101 26.809 -3.11567
120 17.7836 23.8477 1.01218
121 79.7987 50.6499 -2.20705
122 77.5409 44.8986 -1.31657
123 96.0014 8.63775 0.468592
124 54.3971 19.7017 -2.49455
125 52.2477 23.1621 -1.72273
126 84.0615 66.1604 1.59556
127 53.795 20.1806 -2.84332
128 16.2881 65.0282 2.5622
129 57.0043 60.0966 -2.01089
130 56.1838 67.1235 -2.13952
131 85.3521 27.8815 2.40347
132 47.7581 98.5841 -0.219133
133 45.0595 1.59895 0.393242
134 12.546 16.9534 1.21581
135 7.00959 10.5921 1.14123
136 43.3201 14.9061 1.00321
137 5.96604 12.1464 1.08875
138 76.7164 47.6949 -1.45531
139 46.676 68.5849 -2.0111
140 66.3928 58.1691 -1.21754
141 50.3287 24.9598 -2.5857
142 1.76381 3.37538 1.27947
143 72.143 64.8334 -1.67121
144 4.64081 14.293 0.973677
145 55.9431 46.4288 -1.23253
146 57.191 65.452 -1.45915
147 91.8427 13.1869 0.663352
148 55.2373 65.8793 -1.8041
149 4.12666 17.1361 0.44857
150 62.4818 60.9849 -1.57833
151 53.0848 63.1619 -1.74901
152 46.4097 25.8934 -1.96542
153 60.0431 61.2173 -1.7202
154 73.4839 65.024 -1.30485
155 47.4837 2.78994 0.166815
156 68.1 56.7388 -1.09021
157 67.9539 68.0173 -1.70008
158 20.0715 15.9465 0.904429
159 92.8085 31.3393 1.82963
160 96.9032 17.358 1.03599
161 89.3107 67.3768 1.62097
162 71.1987 59.0857 -1.29496
163 52.9996 17.0921 -2.48628
164 9.57138 76.0776 -0.215057
165 48.5095 58.3303 -1.54005
166 49.5327 19.4494 -2.21933
167 10.0663 11.698 0.836118
168 96.9954 10.112 0.746438
169 98.2694 40.4992 1.19434
170 92.1542 11.8908 0.609295
171 2.10013 9.85968 0.845786
172 51.2229 47.4153 -1.51186
173 66.3588 58.8309 -1.68577
174 5.92146 20.4331 0.692352
175 88.4686 71.4366 1.39579
176 94.5085 31.6333 1.68862
177 43.8142 63.599 -1.27363
178 0.0649684 44.4363 1.64529
179 54.4964 61.7158 -1.1863
180 64.2638 23.9996 -3.26164
181 70.5967 60.5523 -1.76887
182 71.6383 32.7041 3.00127
183 87.3816 10.9918 0.922774
184 8.38067 27.0682 0.224702
185 60.7392 9.91675 -2.76915
186 76.9111 45.612 -1.48683
187 69.182 56.1515 -1.81142
188 94.3085 5.28231 0.836077
189 99.6617 17.7488 0.283175
190 1.17765 21.0567 1.01351
191 4.66138 15.5883 0.700144
192 46.3463 62.2186 -1.28131
193 62.051 54.833 -1.94165
194 40.4654 17.3948 1.29816
195 1.05986 9.88196 0.832035
196 15.5006 16.337 1.24178
197 46.064 79.1234 -2.29888
198 30.8372 70.9689 0.836882
199 17.8414 16.6189 0.579957
200 6.79933 8.64909 0.708446
201 90.9529 98.2232 0.563936
202 98.0951 71.6328 -1.16357
203 63.0192 74.8147 -1.31773
204 7.17669 18.6907 1.32769
205 52.9258 46.6775 -1.02543
206 26.9734 39.1493 0.920599
207 13.1651 25.2209 0.532676
208 7.17433 29.6 0.636419
209 89.4863 28.4466 2.2673
210 99.8128 11.7825 0.215659
211 80.6102 26.8173 2.87668
212 46.3855 99.4877 0.205336
213 55.9175 69.0577 -1.653
214 97.3094 5.16544 0.470251
215 66.8365 29.2564 3.09031
216 71.2278 68.8735 -1.14192
217 3.93394 8.91818 0.342774
218 65.1562 70.9655 -1.47347
219 72.729 20.8262 -2.79747
220 18.5232 8.50398 0.571958
221 63.9055 69.0486 -1.8873
222 2.71926 12.6258 0.373459
223 57.3651 9.94167 -2.84785
224 87.8484 48.6926 2.90973
225 53.7205 99.747 0.28378
226 65.8291 62.1278 -1.98613
227 66.4473 54.2988 -1.77095
228 46.1749 80.7474 -2.24243
229 65.7179 64.3069 -2.15418
230 58.4357 16.6905 -2.38102
231 100.247 13.3851 0.523605
232 92.1892 67.9437 1.09794
233 35.6638 36.5957 -1.52227
234 16.0159 18.8426 0.931823
235 73.1541 29.2876 -2.77795
236 66.4698 57.7656 -1.42828
237 1.21872 16.2862 0.606999
238 74.2352 26.0297 -2.97736
239 96.0524 1.92196 0.851195
240 90.2694 27.1485 2.2626
241 0.671883 16.2347 0.888949
242 62.3238 66.7095 -1.34899
243 4.86505 10.7992 0.699303
244 87.9675 64.0712 0.619896
245 61.3901 66.5021 -1.58733
246 81.8936 42.027 -1.49507
247 55.796 20.9328 -2.73502
248 98.1415 2.59749 0.200078
249 4.32676 17.8397 1.12604
250 60.7581 93.1087 -0.790903
251 95.7754 17.9849 0.968817
252 54.9688 1.80833 0.224025
253 60.8576 11.7306 -2.99767
254 84.2169 27.7854 2.44569
255 3.94835 17.58 1.32585
256 62.0044 65.5356 -1.67189
257 80.7081 43.8521 -1.5137
258 70.9505 57.1463 -1.08277
259 73.5895 34.2158 3.02889
260 13.1117 17.0366 1.03288
261 65.3899 18.7031 -3.07382
262 68.9668 62.4262 -2.0346
263 42.6112 69.7757 -1.48323
264 94.8221 14.5683 0.23189
265 39.6227 35.4231 -1.04019
266 46.3343 64.3021 -1.54056
267 99.5148 12.3015 0.528264
268 75.1163 19.824 3.46013
269 52.3594 94.8195 -0.255855
270 70.6653 28.6973 3.40408
271 73.3317 31.3869 3.02785
272 48.5558 79.7423 -2.21272
273 15.2281 18.2132 0.722576
274 42.5481 67.4415 -1.70437
275 62.3945 59.1313 -1.88734
276 36.8237 15.029 1.55889
277 49.0346 46.2804 -1.26311
278 93.7405 9.66962 0.276927
279 63.8968 68.6651 -1.99335
280 1.64964 1.88419 1.09722
281 76.7403 49.7797 -2.24904
282 71.6335 23.4937 -2.92315
283 9.57386 15.1239 0.755205
284 1.13003 17.689 0.306777
285 3.64195 10.159 1.1408
286 56.0852 19.2805 -2.17011
287 79.452 41.2585 -1.36403
288 87.9427 48.34 2.52514
289 96.5385 14.3335 0.151551
290 60.5298 56.276 -1.50717
291 97.0022 11.1723 0.277673
292 96.5135 40.3635 1.64335
293 41.9648 66.5142 -1.64978
294 74.2356 25.071 -3.43151
295 56.2148 4.09431 0.00403208
296 7.63334 28.5148 0.41175
297 69.3892 60.7989 -1.69929
298 97.6893 12.5866 0.636548
299 7.89805 13.239 1.04318
300 42.9741 60.5989 -1.12842
301 3.60985 15.2664 0.413764
302 92.3162 19.4309 0.600618
303 68.204 51.5695 -1.90768
304 95.2861 7.79438 0.294728
305 0.996231 18.79 0.76386
306 52.0282 0.83173 -0.111974
307 98.2695 14.5792 0.193218
308 67.0977 22.7975 -3.28903
309 45.7638 66.9089 -1.19315
310 55.5319 97.9895 -0.000178889
311 64.6153 12.8829 -2.80407
312 60.6877 67.8226 -1.93754
313 50.8332 63.1634 -1.89217
314 95.1777 49.7605 2.31286
315 63.1278 56.7981 -1.20259
316 5.47828 10.9419 0.507185
317 2.62229 5.35454 0.547736
318 90.3257 28.9493 2.44396
319 4.27119 13.2999 0.786847
320 3.40013 13.5032 1.09045
321 72.1834 18.6018 3.62129
322 3.99349 11.9485 0.515192
323 99.8043 7.08719 0.0138943
324 98.5063 18.2332 0.194654
325 66.568 64.1993 -1.76127
326 83.4696 37.5889 -2.3757
327 46.7403 67.0144 -2.11232
328 6.67005 29.9885 1.05366
329 83.4669 49.6416 3.32853
330 53.9341 64.8355 -1.66842
331 47.1078 98.7267 -0.0870553
332 82.6631 48.601 -3.20134
333 26.4994 71.3926 0.679298
334 93.5957 99.6826 0.532207
335 4.87075 13.9417 0.565545
336 10.6511 9.60955 0.490829
337 95.7114 2.15512 0.443009
338 65.0556 62.2462 -1.27705
339 82.1854 37.9057 -2.04333
340 98.849 9.91748 -0.0457705
341 94.9115 5.80027 0.73938
342 97.7521 9.87664 0.141663
343 68.5178 67.9812 -1.49964
344 68.48 53.4532 -1.41128
345 96.3719 37.0042 2.14628
346 61.3105 17.4036 -3.02451
347 36.7229 15.5626 1.1416
348 96.4607 4.91502 0.470513
349 99.6058 19.5856 0.356647
350 62.4356 64.5863 -1.53004
351 69.2489 58.2195 -1.2102
352 95.0692 11.5592 0.308221
353 47.1946 6.82879 -0.749194
354 45.0447 23.3412 -1.97011
355 86.1024 31.2111 2.1533
356 83.747 46.9655 3.19874
357 50.1303 99.1477 -0.0243292
358 67.8734 22.9855 -2.97827
359 15.3228 25.0903 0.322407
360 74.6814 68.6606 -1.3881
361 5.78579 20.7764 1.04169
362 2.22764 10.4444 1.03151
363 46.1 76.7812 -2.35208
364 94.8572 14.8811 0.59727
365 57.3536 63.1361 -1.45556
366 6.72914 10.0969 0.571844
367 59.6582 49.8405 -2.03089
368 55.0374 64.6476 -1.21483
369 98.6511 34.7943 1.61083
370 93.2228 26.9008 2.32332
371 4.47062 17.5097 0.587132
372 74.8578 25.1968 -3.33908
373 63.5394 25.5672 3.50329
374 95.9998 17.1123 1.02553
375 57.1041 61.8495 -1.36413
376 62.5168 49.3819 -2.16501
377 38.7351 44.1064 -1.41983
378 60.2351 65.3286 -1.92402
379 17.1219 11.4083 1.10834
380 65.971 61.5655 -2.06466
381 39.3521 15.2802 0.821854
382 1.67738 9.38192 0.788808
383 0.4881 51.0652 1.51303
384 17.5659 29.5648 0.288817
385 56.4325 97.0713 0.178463
386 51.4465 3.39476 -0.304786
387 42.8954 60.7187 -1.23461
388 68.2092 63.0458 -1.24857
389 15.4453 18.4744 1.08256
390 96.786 11.4785 0.535263
391 69.6936 22.6174 -3.56509
392 92.3769 23.0048 1.96841
393 65.2916 66.4288 -2.1089
394 4.02182 10.0905 0.567439
395 66.2014 20.3475 2.66311
396 71.1088 20.1062 2.79109
397 7.1467 17.345 0.808808
398 86.4988 27.2701 2.10015
399 41.7076 47.5519 -1.39274
400 98.9217 100.118 0.889871
401 51.6775 17.575 -2.4728
402 47.9295 75.6674 -2.05938
403 0.539658 8.05361 0.285519
404 28.4057 38.3594 0.396387
405 94.7508 8.88795 0.105791
406 58.214 15.5992 -2.96672
407 3.14152 9.51841 0.823437
408 61.8232 22.8327 -2.99547
409 9.28103 11.4447 0.523712
410 96.9849 1.13483 0.53026
411 97.0024 33.5952 2.48664
412 49.6167 73.8575 -2.08304
413 67.7421 17.9636 2.90064
414 64.2933 63.91 -1.31842
415 96.9352 39.957 1.40755
416 6.1005 26.3932 0.251311
417 0.908223 3.11463 0.238665
418 2.18032 11.4515 0.514222
419 95.6758 89.0306 1.02345
420 17.7878 25.1097 0.938709
421 96.8483 9.26267 0.0599821
422 72.0137 29.0225 3.4973
423 50.8389 32.3027 -1.63315
424 94.4909 32.7352 1.68557
425 4.46534 7.17615 0.972674
426 45.5368 47.2026 -1.82939
427 95.5535 17.6599 0.66108
428 59.6207 63.7346 -1.38273
429 65.3714 62.9926 -1.32937
430 88.151 66.1609 0.667883
431 60.0042 62.7141 -1.48487
432 68.3447 56.3367 -1.70606
433 47.7057 49.742 -1.65096
434 79.7895 28.6207 2.13475
435 91.6581 12.8522 0.769232
436 70.3209 62.2129 -1.56232
437 35.398 19.5294 1.28712
438 91.0894 99.3249 0.145806
439 48.4547 48.0285 -1.69789
440 46.6431 21.9592 -2.31965
441 7.94285 79.8149 0.528253
442 1.20626 12.83 1.21699
443 42.915 23.9018 -2.8813
444 62.2481 64.23 -1.35413
445 2.00145 19.126 0.601003
446 61.3005 12.7849 -2.53019
447 58.3093 20.7456 -2.03697
448 96.8678 31.4158 2.46648
449 2.07594 17.4226 1.07611
450 99.0206 5.86146 0.937811
451 47.9866 70.8792 -2.2402
452 0.604575 17.5875 0.511386
453 67.8456 59.5251 -1.25986
454 68.7878 31.5716 2.47033
455 46.7881 17.7516 -2.26229
456 95.7417 99.2049 1.08945
457 74.2389 27.4108 -2.7989
458 87.6243 52.745 2.46906
459 49.5025 31.4052 -1.83403
460 12.3703 18.3059 0.746222
461 41.8517 98.1589 -0.332995
462 63.3905 66.0929 -1.79391
463 64.4091 48.737 -1.55448
464 64.7902 70.9118 -1.45105
465 69.2904 24.3938 -2.65667
466 67.5245 65.8805 -1.74254
467 4.72446 12.3619 1.02339
468 9.09817 21.9753 0.73573
469 66.5822 61.0913 -1.45704
470 95.9221 8.84194 0.868055
471 62.9306 66.6538 -1.89781
472 62.793 67.9987 -1.80177
473 63.4644 28.4735 3.31437
474 95.9294 30.3866 2.42804
475 59.5855 16.4456 -3.25039
476 47.5393 2.10431 0.225311
477 29.8981 44.2953 0.949368
478 90.2962 71.1313 1.56384
479 98.3091 37.7275 1.25947
480 74.2378 26.8151 -2.90625
481 8.77818 27.4516 0.308988
482 37.4875 15.251 1.01578
483 99.6943 7.36008 0.910278
484 93.0316 21.9037 1.15671
485 91.4799 18.6245 0.874588
486 67.7217 59.2441 -1.53978
487 72.0118 67.9409 -1.35969
488 44.5234 53.5252 -1.83721
489 49.1613 19.9198 -2.25441
490 56.0829 3.39966 -0.325846
491 79.0526 46.1387 -1.70033
492 60.9978 65.0286 -1.21241
493 72.4716 49.0856 -1.91328
494 81.2891 40.7703 -2.05086
495 38.697 52.0573 -2.18372
496 2.34159 16.4767 0.945634
497 93.9414 26.8144 2.42368
498 65.74 63.9041 -1.65673
499 49.5114 29.4242 -1.98692
