500
Particles
0 39.166 35.6614 2.21693
1 92.8157 19.5355 1.34747
2 67.3557 84.8349 1.58261
3 66.3984 7.59847 0.856317
4 45.8737 60.3809 2.70364
5 94.975 16.539 1.33924
6 61.1775 66.5483 2.44975
7 71.3265 15.4982 1.66306
8 35.9644 67.419 1.49025
9 37.3168 11.0881 1.59132
10 60.5585 43.1218 2.21063
11 56.4385 73.3473 2.00355
12 71.4153 84.2508 1.98475
13 38.752 40.1186 2.6696
14 47.4185 62.5752 2.70417
15 41.56 45.8895 2.09582
16 77.1645 51.4323 2.49914
17 52.6639 79.101 2.01156
18 47.7 71.9564 1.90016
19 16.3214 90.8619 1.87456
20 66.2835 8.69604 1.70753
21 58.8229 64.2376 2.38826
22 58.0216 52.9704 2.37083
23 41.4564 50.3633 2.58066
24 69.3193 10.6917 0.933625
25 48.9002 47.7155 2.08018
26 99.132 11.713 0.843826
27 56.3674 71.5773 2.1769
28 58.6861 61.8512 1.66585
29 71.9989 82.7632 1.71702
30 56.4856 10.1763 1.05335
31 57.1171 56.1394 2.08264
32 9.36645 96.4687 1.95535
33 60.2171 18.5375 1.76462
34 49.3069 44.3404 2.18101
35 43.5036 73.2404 1.82467
36 55.7469 20.063 1.68867
37 76.7158 80.1652 1.58231
38 50.624 52.5645 2.04916
39 44.0069 52.9425 3.06119
40 50.8789 42.1418 2.55876
41 40.0834 50.531 2.87636
42 61.5078 44.0859 1.974
43 67.1138 8.61259 1.62481
44 94.4526 21.423 0.978756
45 66.6235 48.2003 2.07809
46 50.2693 47.8905 2.56141
47 92.7928 7.66059 1.0082
48 56.2241 45.9439 2.44029
49 45.0028 34.8216 2.08677
50 52.9321 74.3474 2.3998
51 63.1991 56.6357 2.32095
52 65.5842 10.8139 1.72637
53 58.2817 19.9415 1.04954
54 48.4326 60.4679 2.80812
55 71.9487 5.25646 1.37961
56 50.483 63.0763 2.50612
57 60.7104 37.0815 2.48488
58 50.8426 66.549 2.03819
59 44.7885 44.6768 2.16237
60 53.1327 71.4562 1.7224
61 57.1868 43.5989 2.0175
62 36.0838 60.6863 2.05386
63 31.7614 72.7872 1.30309
64 57.088 69.0055 2.44445
65 92.7941 8.36497 1.31771
66 48.3061 73.1306 1.81477
67 51.1686 73.6042 1.80269
68 97.4085 4.32647 1.29602
69 72.1306 43.9679 2.19875
70 58.8425 68.2831 1.81808
71 50.3636 46.5466 2.27978
72 48.9128 70.0574 2.74311
73 76.4937 77.9401 1.3615
74 59.1422 41.1756 2.08094
75 72.1477 11.8227 1.73604
76 61.5309 41.101 2.01121
77 61.2623 67.523 1.83773
78 75.2053 85.8841 2.15414
79 51.9656 69.1394 2.19026
80 58.411 45.9234 2.42627
81 51.4694 75.0172 2.10985
82 37.8423 71.4261 1.80622
83 43.9258 67.3892 2.34747
84 69.4461 3.19858 1.3269
85 58.044 47.383 2.71446
86 58.5026 44.0979 2.01903
87 79.7565 74.9342 2.04936
88 72.0855 4.19948 1.67722
89 58.0476 41.4301 2.21878
90 68.2256 11.843 0.982059
91 56.6605 56.8032 1.89952
92 63.1289 65.0348 2.16284
93 42.0351 60.5901 2.59425
94 57.7033 45.8996 2.31105
95 23.2628 95.8655 1.29108
96 57.9904 67.5048 1.89728
97 61.2619 70.9731 2.41123
98 54.0304 38.7164 2.50826
99 61.9123 63.819 2.11733
100 67.3459 11.4234 1.1906
101 49.2312 71.4579 2.09385
102 58.7489 42.4549 2.24739
103 47.9172 41.0809 2.12067
104 59.0448 51.2428 2.36577
105 65.725 13.3673 1.19589
106 48.9646 60.3855 2.59495
107 43.9656 47.2572 2.93935
108 58.9355 54.7692 1.86006
109 51.7079 65.9475 2.34357
110 74.0844 12.9837 1.73789
111 83.1336 80.3072 1.12217
112 66.2227 6.78024 1.29557
113 58.6986 63.2304 2.13001
114 57.0239 71.9186 2.65073
115 68.6516 81.1616 1.61911
116 61.3582 38.4605 2.11888
117 50.0018 50.4964 1.90919
118 39.0275 6.79975 0.903114
119 45.6382 64.0455 2.30512
120 44.7719 41.1645 2.21214
121 78.4711 14.3751 1.84755
122 53.4005 44.4956 2.56726
123 43.5311 62.9679 2.20883
124 66.7285 84.7 1.62354
125 99.7509 97.3469 -0.249932
126 74.8053 54.1357 2.16723
127 35.025 43.4379 2.10438
128 69.9768 10.9244 1.21657
129 52.5771 71.7012 2.32239
130 52.3152 55.6973 2.21152
131 59.8913 42.2662 1.98304
132 0.921767 91.5632 1.93358
133 0.178647 5.29263 2.06487
134 60.2371 24.4919 2.00117
135 67.0159 72.2908 1.96422
136 58.2337 38.8139 1.86291
137 57.1888 66.9607 1.99099
138 60.1564 46.3049 2.33026
139 46.4284 40.469 2.48234
140 61.9826 43.4432 1.79387
141 78.4753 4.44914 1.17593
142 45.6412 65.6383 2.22933
143 31.0194 78.3568 1.15702
144 58.1665 69.185 2.23095
145 53.0184 74.8959 2.0984
146 44.4706 45.5704 2.79557
147 63.556 18.4552 1.9454
148 77.7474 76.476 1.07433
149 45.697 73.8825 1.92499
150 59.7951 43.8106 2.56693
151 12.9217 96.1287 2.65252
152 59.1876 39.9555 2.48226
153 60.5582 54.1662 2.58842
154 78.2589 48.7182 1.87902
155 99.5767 7.59539 1.3795
156 39.5047 67.2909 2.27105
157 25.911 41.2149 1.31316
158 98.6507 12.8778 0.996339
159 30.1034 82.5635 1.03157
160 58.4459 21.0084 1.59703
161 31.7979 84.1809 1.76808
162 46.0154 73.9277 2.18096
163 73.3564 0.374031 -0.0680792
164 94.2059 9.45086 1.4179
165 43.1503 72.8991 2.27718
166 70.8736 2.83942 0.787306
167 82.6075 78.8231 1.74408
168 52.7141 70.9885 2.20676
169 87.0412 9.3489 1.66597
170 23.4062 2.06294 1.81131
171 59.1187 65.6802 1.66865
172 42.2134 43.0315 2.37395
173 62.111 42.0623 1.97089
174 94.7231 13.6591 1.68251
175 1.16199 93.8143 1.62243
176 68.0958 86.1307 1.97633
177 48.0924 38.6199 2.74767
178 68.0426 9.95355 1.57713
179 57.6667 61.2974 2.2287
180 60.355 66.3391 1.90487
181 33.0359 78.2695 1.61918
182 52.2159 63.6148 2.48796
183 35.8476 32.0765 2.11691
184 65.5326 66.8516 2.45209
185 96.875 8.34631 1.43988
186 60.408 50.2465 2.05788
187 33.9364 99.9481 2.99757
188 32.2279 43.2335 2.59545
189 58.4365 78.381 1.84985
190 96.5592 12.9221 1.22317
191 67.6105 77.6895 2.04396
192 54.3417 33.207 2.48209
193 65.5908 61.1168 1.91096
194 52.5139 40.1137 2.83234
195 57.2911 65.4411 2.47655
196 45.6935 38.4109 2.76588
197 56.5276 41.7284 2.37422
198 62.9982 65.5669 2.47874
199 9.41556 16.5297 -0.909234
200 63.3594 67.4741 2.21115
201 72.8938 80.242 1.18331
202 66.5646 12.0426 1.75635
203 34.8513 85.1935 1.21957
204 98.9464 10.6484 1.13805
205 81.3213 77.9181 1.53176
206 51.1393 40.4479 2.25684
207 47.4253 47.8533 2.35543
208 39.37 74.6685 1.71738
209 29.6359 99.5794 3.04079
210 52.3471 72.3505 2.55401
211 59.6605 50.0232 2.66572
212 98.8781 4.02268 1.68934
213 11.3409 93.0008 2.25343
214 31.9392 39.4119 1.86737
215 49.5048 54.9363 2.50391
216 65.9849 50.1504 1.88875
217 56.7149 64.1081 2.21257
218 58.9173 85.8058 2.40581
219 52.6566 79.6951 2.45691
220 75.8779 78.4522 1.82339
221 68.7285 62.3938 1.83661
222 75.0619 79.044 1.1114
223 68.4075 15.4289 1.27605
224 63.5927 8.39362 0.973125
225 69.8926 83.8355 2.09793
226 6.54907 11.1736 -0.33528
227 62.7745 53.6247 1.99809
228 59.0865 44.0354 2.35024
229 63.2137 47.3321 2.08489
230 38.9337 44.5041 2.60182
231 54.4068 70.7668 2.49308
232 62.99 61.576 2.14773
233 50.0104 45.9177 2.05797
234 47.2954 42.2861 2.46784
235 48.7398 59.9738 2.5775
236 75.7344 46.642 1.74277
237 68.0987 84.1958 2.03656
238 52.579 63.4104 2.57526
239 46.7246 67.0016 2.53048
240 57.0349 71.8333 2.19915
241 39.4563 66.9423 1.85242
242 62.4587 52.6309 2.36971
243 63.6275 68.0657 1.97578
244 31.3892 84.8527 1.43115
245 61.7689 55.4684 2.70103
246 60.5812 47.3492 2.58388
247 97.3113 11.3443 1.22495
248 45.9631 63.4846 2.64832
249 55.7695 37.7046 2.52795
250 52.8219 70.7368 2.52737
251 57.5111 79.4778 2.45857
252 67.3205 14.7318 1.39307
253 60.1557 9.22564 1.02845
254 60.1173 42.1276 2.72142
255 47.1895 72.8224 2.41615
256 62.6232 50.8079 2.44039
257 55.7619 41.1211 1.9023
258 38.1395 70.1239 2.34661
259 47.9124 59.5171 2.20513
260 1.91422 12.6472 -0.0893345
261 46.3003 65.2291 2.57951
262 63.4698 46.029 2.73698
263 61.6093 60.4718 2.13844
264 61.6578 19.7431 1.99453
265 57.6459 41.9277 2.58527
266 48.3421 36.9596 2.78607
267 56.9394 70.516 2.66409
268 45.2748 41.7129 2.90629
269 53.9294 72.934 1.89395
270 51.3406 65.0805 2.89092
271 50.865 62.9266 2.11529
272 9.03984 91.0707 2.03687
273 46.1874 41.401 2.04239
274 53.4345 51.5703 2.69647
275 60.4926 44.9316 2.74805
276 49.7502 33.1692 2.74441
277 64.8529 65.9407 1.70866
278 79.8191 15.5652 1.6648
279 62.3862 53.1531 2.46852
280 56.2025 68.6888 2.27004
281 58.8698 47.7016 1.93389
282 48.4429 63.4641 2.48058
283 85.1162 77.6567 1.05568
284 75.8362 43.1412 2.23514
285 61.6074 69.1915 2.53325
286 36.1805 47.7416 2.86172
287 58.0907 46.9495 2.05306
288 40.5605 81.6434 -2.75638
289 72.2548 43.6869 1.58199
290 51.3078 46.5785 2.06775
291 36.3802 28.1262 2.17077
292 98.5204 5.90969 1.37181
293 48.7044 46.9199 2.49507
294 50.9894 60.3108 2.49628
295 58.0514 64.4586 2.496
296 67.9185 67.1367 2.31666
297 76.9898 52.0543 2.0982
298 42.3583 67.8507 2.44735
299 72.8699 79.9514 1.93495
300 53.5666 44.1372 2.41335
301 51.1199 72.9288 2.50319
302 44.223 40.9604 1.96159
303 59.7091 47.4116 1.92825
304 30.7085 74.1698 1.40992
305 57.5207 77.3887 2.2441
306 62.9579 15.033 1.91766
307 68.7511 81.8608 1.70042
308 46.393 67.6609 2.40396
309 50.0683 49.4275 2.65251
310 64.5991 16.6645 1.10573
311 45.4784 53.0336 2.55702
312 62.7233 57.2698 2.42123
313 12.204 94.4941 1.9546
314 49.8445 75.5026 1.882
315 60.6355 51.2649 2.25377
316 61.4987 63.114 1.82565
317 50.4127 66.409 1.92608
318 69.0881 82.7931 1.67201
319 72.1209 79.8295 1.44161
320 75.9568 78.1884 1.80869
321 50.8493 77.0721 2.42884
322 77.226 74.8201 1.28584
323 50.2319 67.6633 2.58895
324 8.84253 12.3113 -0.638123
325 66.2051 49.8416 1.83547
326 57.6283 41.8684 2.23086
327 50.4503 43.9023 2.46393
328 84.2804 75.2299 1.13545
329 62.8291 1.11126 0.409557
330 12.7016 93.2624 2.60756
331 65.0853 20.0374 1.20217
332 23.0952 98.817 1.55981
333 65.7508 68.068 1.9862
334 44.0441 55.7105 2.64753
335 70.7301 79.3066 1.88793
336 78.9222 77.7142 1.57112
337 46.2546 62.5548 2.65167
338 67.7009 51.8797 2.13829
339 54.8109 43.5333 2.71138
340 39.0965 39.0505 2.82587
341 46.4544 69.7153 1.89983
342 51.0345 70.4423 2.39127
343 65.1555 50.6311 2.41392
344 61.1816 46.7791 1.93379
345 72.1658 8.60248 1.36838
346 42.1978 52.9071 2.88448
347 4.06511 11.8602 -0.345439
348 33.6579 46.1444 1.86892
349 97.3435 10.4437 1.65573
350 59.6317 50.61 2.46008
351 34.5139 74.1849 1.16439
352 96.0999 18.7534 1.324
353 69.2042 13.6895 1.41528
354 53.8988 37.2961 2.79177
355 60.622 40.014 2.37281
356 80.083 74.1673 1.3988
357 95.7182 9.83229 1.49503
358 54.7796 68.0557 2.39172
359 46.5431 44.7579 2.75668
360 46.5919 77.1389 2.78378
361 44.4393 34.8705 2.9957
362 55.6333 65.1709 2.03111
363 59.201 45.2023 2.33692
364 66.338 19.5976 1.24331
365 59.6163 57.9829 2.36927
366 62.1644 67.9202 2.23325
367 80.3073 78.8739 1.24389
368 41.849 43.568 1.9762
369 15.3722 92.935 2.85276
370 62.2784 11.7642 1.07301
371 49.8673 73.3428 2.08438
372 54.4628 61.7686 2.70038
373 63.7838 70.7689 2.51622
374 53.1633 74.8502 2.4826
375 66.8583 64.8295 1.99752
376 56.1532 66.3798 1.67665
377 11.044 95.643 1.99886
378 51.771 48.6933 2.60402
379 77.637 81.297 1.81371
380 59.811 43.9103 1.83693
381 5.86244 15.5648 -0.90107
382 58.3811 66.0202 2.19663
383 74.2706 6.18961 1.15961
384 60.938 60.5931 1.64712
385 70.639 15.9095 1.23687
386 55.261 17.7335 1.81467
387 44.915 34.8421 2.8889
388 67.0636 47.532 1.83506
389 47.7609 46.1965 2.22522
390 42.6038 70.6224 1.64829
391 49.3341 66.8589 2.75767
392 48.3543 44.8069 2.59156
393 66.4592 53.3965 2.43333
394 60.3394 69.2481 1.84682
395 54.055 68.024 2.14309
396 53.1436 78.1565 2.19511
397 56.3785 71.0464 2.22651
398 12.9874 93.0836 2.57131
399 41.794 67.136 1.77948
400 44.0693 62.7729 2.66707
401 23.2377 95.5224 1.76271
402 53.8008 36.0805 2.87055
403 59.8294 65.165 2.12494
404 53.7023 45.788 1.99747
405 93.1106 19.1032 1.30059
406 35.9372 38.8044 2.06837
407 60.9567 69.1758 2.08399
408 49.9941 54.5701 2.86894
409 84.2646 77.4979 1.11292
410 46.082 65.2599 2.54812
411 55.7561 72.4171 2.38852
412 62.0567 40.1193 2.27466
413 44.8355 65.0162 2.46971
414 63.9298 51.961 1.94433
415 88.6026 7.59594 0.757016
416 64.2106 64.4643 2.3133
417 44.6624 63.4492 2.34507
418 54.7219 73.0371 2.67286
419 71.0857 6.03972 1.54264
420 46.8694 43.7953 2.49925
421 54.1872 72.3557 2.33999
422 48.9054 64.0406 2.1866
423 74.496 74.661 1.06332
424 53.3635 78.3808 2.74897
425 58.0267 61.2457 1.95157
426 3.69378 16.1249 -0.42335
427 53.4772 75.8624 2.03592
428 57.2548 49.3174 2.65012
429 61.4255 46.0384 2.25003
430 28.1246 80.037 0.692682
431 65.8683 63.1473 1.77555
432 48.6198 74.7464 2.24626
433 85.4557 75.0924 1.16835
434 52.7072 45.6421 2.42213
435 67.3888 17.2717 1.48309
436 34.6325 79.4655 1.24916
437 47.5544 41.2651 2.26703
438 72.8953 85.5099 2.16077
439 78.1554 80.2647 1.62605
440 62.7266 40.9625 2.11708
441 33.5363 38.3399 2.65646
442 58.2003 70.1644 1.69741
443 6.74108 19.6803 -0.985045
444 61.5789 57.3206 2.08045
445 87.3571 13.4876 1.3353
446 72.308 14.837 1.82737
447 39.2154 47.8942 2.50869
448 56.4353 66.8439 2.21868
449 70.0519 44.1089 2.38903
450 47.2514 69.3826 2.22347
451 52.7693 38.843 2.47189
452 55.0452 78.6105 2.08501
453 59.5791 40.6904 2.09789
454 57.7736 75.7295 1.78262
455 83.914 8.50116 1.00305
456 43.3189 60.9929 2.75984
457 51.0752 63.3344 2.09493
458 53.3629 59.2322 2.68106
459 98.2357 5.69485 0.98897
460 49.3632 43.5021 2.71425
461 64.8062 12.2556 0.876788
462 62.882 55.7201 2.52218
463 53.0146 64.5185 2.70595
464 71.4682 60.5873 2.56055
465 47.4224 66.7461 2.30389
466 63.2423 48.4564 2.60171
467 80.1489 78.2809 1.87496
468 42.9357 41.7636 2.35973
469 35.2811 74.8902 1.76522
470 26.3811 84.2004 0.881657
471 53.794 48.3389 2.34718
472 64.0642 57.1979 1.75167
473 63.5776 64.8331 1.88027
474 11.2652 15.3517 -1.69375
475 38.506 43.8679 2.03764
476 96.2436 9.42704 1.4611
477 62.3719 47.6052 2.41696
478 41.6546 77.1846 1.89458
479 71.8982 7.33749 0.892393
480 46.3856 52.0402 2.77289
481 80.9657 73.9052 1.61592
482 53.6471 35.9063 2.86043
483 45.1671 69.3164 2.53414
484 42.2151 44.6738 2.47028
485 37.4056 32.2706 2.46968
486 64.4631 44.9431 1.875
487 62.2428 47.6675 2.12656
488 38.8065 65.1109 1.58189
489 70.1719 6.11361 0.798706
490 74.2015 11.9649 1.16324
491 55.8431 42.8184 2.13909
492 65.6582 60.5171 2.48139
493 58.7478 51.441 1.95561
494 54.7585 37.7917 2.10916
495 49.2141 48.5308 2.77229
496 56.3079 69.6694 1.97273
497 53.5933 73.7349 1.96444
498 63.7676 43.9422 2.08026
499 70.8279 90.0597 1.66286
