500
Particles
0 29.8986 42.4992 2.01247
1 92.9692 31.1073 1.86606
2 66.5651 96.0783 0.971527
3 67.6517 19.1319 1.71412
4 37.5937 68.4131 2.58843
5 95.831 27.7728 1.4582
6 55.5912 76.5796 2.19965
7 75.6813 26.1771 1.65086
8 28.9291 75.3988 2.67149
9 45.0854 19.3341 1.21594
10 52.8936 51.8341 2.15133
11 49.5652 82.5806 1.9442
12 72.0505 95.5811 0.853022
13 30.8697 48.1761 3.02907
14 38.41 69.7588 2.97213
15 32.4106 52.9052 2.31716
16 71.0563 60.2641 2.14819
17 45.3381 87.8183 1.95225
18 39.2759 79.59 2.59949
19 5.31462 94.36 2.9217
20 68.6988 19.9187 1.56436
21 52.5821 73.9199 1.92459
22 50.0225 61.2977 2.18386
23 32.3249 57.3878 2.4882
24 71.7537 22.0951 1.20099
25 40.4586 54.9138 2.1935
26 2.15829 22.6614 1.47063
27 49.1449 80.4752 2.73398
28 52.1426 71.4243 1.92828
29 73.7317 94.1463 0.919266
30 54.2783 20.6855 2.73746
31 49.264 64.5572 2.49061
32 98.9362 0.514051 3.46815
33 59.6307 30.0315 1.37934
34 40.77 51.6432 2.47631
35 36.7372 82.6028 1.91518
36 55.9791 31.4207 1.3499
37 76.2337 91.6199 1.84222
38 41.225 59.207 2.55634
39 34.2325 59.1489 3.13013
40 41.1733 48.257 2.96754
41 30.5778 57.1453 2.6818
42 52.9723 51.8854 2.61101
43 68.4409 19.9028 1.64855
44 95.108 33.0111 1.44469
45 60.5727 58.1177 1.69539
46 41.133 54.96 3.07042
47 93.8887 18.822 1.77661
48 48.4747 54.4195 2.21105
49 34.2498 38.8583 -3.32522
50 45.324 82.7553 2.72439
51 57.7676 66.6044 1.78038
52 67.4046 22.1973 1.35937
53 57.7989 31.2617 1.61347
54 39.6913 67.9596 2.5527
55 72.8288 16.7745 1.53126
56 41.6888 70.2724 3.02733
57 52.8125 45.2587 1.96665
58 42.6974 74.6138 2.71817
59 35.703 51.3037 2.9871
60 46.2769 80.6676 2.37125
61 49.7304 52.3864 1.92636
62 27.2805 60.595 2.50585
63 27.8966 83.2568 2.58044
64 49.8796 77.728 1.91861
65 94.4664 19.3476 1.95085
66 40.6223 81.8022 2.42779
67 44.2177 82.8459 2.4313
68 98.7146 15.5597 2.34935
69 65.746 53.3332 2.50352
70 52.4543 77.9734 2.3025
71 41.0205 53.5105 2.65561
72 41.6581 79.0308 2.0963
73 76.7339 89.2754 1.4163
74 51.2854 49.581 2.20842
75 77.1463 22.2365 1.57855
76 53.4519 49.3622 1.99087
77 55.7539 77.809 1.95912
78 75.256 96.7655 1.53556
79 44.5248 77.8001 2.54445
80 49.8344 53.5664 2.75707
81 44.6726 84.3514 2.14855
82 30.6735 80.2405 2.8953
83 35.5243 75.1462 2.21543
84 71.2542 14.484 1.91112
85 50.8222 56.0882 2.49233
86 50.0327 52.0614 2.53938
87 80.0542 86.2401 1.22461
88 73.1157 15.7852 1.76065
89 49.6219 49.3547 1.94131
90 72.0908 22.78 1.09361
91 50.3677 66.1429 2.96931
92 57.6715 75.0973 2.43052
93 33.393 67.8745 2.88594
94 49.5887 54.2243 2.15756
95 21.6073 6.0024 0.39814
96 52.3885 77.6962 1.80607
97 54.9166 80.7315 2.32509
98 45.6693 46.6619 2.81483
99 55.2839 73.3782 2.54606
100 70.599 22.6351 1.58089
101 41.7893 80.3065 2.1162
102 50.8669 50.8822 1.97907
103 38.7098 47.9371 3.09637
104 51.6293 60.1366 2.58519
105 68.5429 24.6171 1.49739
106 41.3554 69.1085 2.24887
107 34.9534 54.0507 2.41689
108 52.5351 64.307 2.1165
109 43.6585 74.0419 2.44662
110 77.7167 23.7734 1.60087
111 84.3099 91.8598 1.37332
112 67.0708 18.2013 1.76037
113 52.2404 72.9179 2.16851
114 49.5067 80.7573 2.432
115 67.5209 92.6824 1.86347
116 52.6592 45.9572 2.47328
117 40.7614 57.3919 2.2075
118 48.1379 9.85776 -1.09772
119 37.265 71.8219 2.10187
120 35.3671 47.4726 3.23093
121 81.5326 25.2195 1.30217
122 45.0241 52.1998 2.9659
123 34.9342 70.4015 2.72218
124 65.5996 95.7845 1.23942
125 95.8999 1.74518 2.75846
126 68.2811 62.3595 2.52757
127 28.5854 52.2144 2.21992
128 74.2809 21.5434 0.901541
129 44.3155 79.7044 2.70435
130 43.4987 63.0691 2.59575
131 52.1231 50.5682 1.97009
132 95.8116 99.5514 2.82638
133 8.74429 4.90261 -0.220283
134 60.3266 35.7327 1.06368
135 62.8515 82.8953 2.05607
136 49.7503 46.6587 1.86816
137 51.8814 77.224 1.8527
138 51.8746 54.3668 2.16067
139 37.0615 47.1495 2.83072
140 53.7878 51.3589 2.48543
141 88.3499 9.27107 0.26216
142 37.2061 73.276 2.2474
143 29.7084 89.6165 2.09194
144 52.0111 78.8267 2.21163
145 45.0345 83.3459 2.48391
146 34.8891 51.742 3.1721
147 62.8021 29.8691 1.71575
148 77.413 88.0414 1.25218
149 39.5782 83.6983 1.77687
150 52.4096 52.6709 1.85231
151 2.27957 0.18782 3.23046
152 50.282 47.1521 2.28155
153 53.5916 63.2644 2.20061
154 71.9621 57.6489 2.02443
155 6.29756 15.7373 1.08334
156 31.8065 75.4042 2.18009
157 22.6348 51.5523 2.7235
158 1.9478 23.9035 0.838058
159 32.2477 93.6991 1.59135
160 58.5638 32.2539 1.1719
161 34.2637 95.4937 1.53753
162 38.7305 82.6338 2.33594
163 74.3352 11.387 1.05163
164 95.9427 20.5248 1.55927
165 34.8587 80.7847 2.36865
166 71.5469 14.2975 1.86694
167 82.4323 89.9109 1.90558
168 44.5306 79.284 2.76447
169 88.1586 20.4846 1.8677
170 23.2872 11.4998 0.447742
171 52.5484 75.1344 2.12181
172 32.893 49.8897 2.8697
173 54.9985 50.9244 2.80218
174 95.6663 25.0883 2.04627
175 97.6224 0.553209 2.93149
176 66.8993 97.5663 1.61812
177 38.9287 45.5012 3.13303
178 68.9076 21.2919 1.86084
179 50.6992 70.6673 2.23067
180 54.5921 76.2334 2.35721
181 31.3438 89.0943 1.79875
182 44.3967 72.0469 2.47472
183 25.57 36.8138 2.46481
184 61.8747 77.6423 1.37667
185 98.9383 19.5066 1.95885
186 52.9487 59.1638 2.23673
187 34.1799 10.069 1.79071
188 25.277 52.0231 2.94867
189 51.3123 87.2106 2.24434
190 98.4165 24.2219 1.3456
191 66.5055 88.9634 1.73626
192 45.408 40.5746 2.56901
193 58.8703 70.4425 2.32584
194 43.9341 47.7625 1.99473
195 50.0181 74.3523 2.52507
196 36.211 44.7809 3.34877
197 47.2701 48.53 2.84736
198 59.0087 76.5765 2.24475
199 19.0296 13.3323 0.819782
200 58.6188 78.0687 1.78967
201 72.0692 91.7203 1.05623
202 69.2042 23.3149 1.38218
203 37.7287 96.0649 1.49176
204 2.43893 21.7701 1.58996
205 81.6296 89.3877 1.41355
206 41.45 46.7661 2.40352
207 38.5464 55.1819 2.90928
208 34.5088 84.8576 2.41407
209 30.9271 9.49857 1.54611
210 44.3243 80.9481 2.34069
211 52.6357 59.0289 2.70581
212 5.99785 11.6623 0.784392
213 0.821231 97.4315 3.40944
214 24.5373 48.207 2.49154
215 39.2084 60.1174 3.08137
216 59.0101 59.2796 2.10995
217 50.1948 73.5866 2.03357
218 49.0414 91.3145 2.16543
219 44.6859 88.1215 2.54194
220 76.6453 89.9819 1.76238
221 63.0551 72.527 1.94437
222 75.6567 90.4362 1.45043
223 73.0479 25.8078 1.68865
224 64.4575 19.8409 1.21164
225 69.1534 95.4379 1.51681
226 17.0154 6.38412 0.0203832
227 56.166 63.1433 2.26117
228 51.0202 52.4115 2.67573
229 57.2064 57.1254 2.44112
230 30.3858 51.7077 2.80836
231 47.8668 80.1618 1.91777
232 57.2817 71.3902 2.06812
233 40.3289 52.0505 3.11612
234 37.9792 49.2225 2.92259
235 40.2322 67.5117 2.51001
236 70.099 56.4153 2.31692
237 67.8118 95.638 1.68362
238 45.3371 72.088 2.77411
239 38.7033 75.3893 2.52032
240 49.5766 80.5021 2.6221
241 31.1906 74.9369 2.67268
242 55.2044 61.4379 2.63485
243 57.586 77.8102 2.30434
244 33.7001 95.8877 1.36569
245 56.0498 65.3522 1.80371
246 53.1533 56.248 2.11635
247 98.7744 22.6651 2.19751
248 36.2481 69.7963 2.73451
249 46.7184 44.9151 2.22964
250 45.3098 79.4021 2.71606
251 49.4622 87.8379 2.75808
252 69.6862 25.8739 1.41397
253 59.926 20.6938 1.89294
254 51.8586 50.2023 2.57733
255 40.0872 81.8851 2.59561
256 54.5775 59.2839 2.41203
257 48.3313 50.0021 2.0239
258 31.3969 78.5774 2.28936
259 39.0313 66.9078 2.63665
260 11.5189 6.09131 -0.514843
261 37.5449 72.784 2.67844
262 55.4034 54.0932 1.87012
263 55.638 70.1283 2.75305
264 61.9848 30.9198 1.06944
265 50.0017 50.6321 1.97558
266 37.8106 40.987 3.44108
267 50.5111 80.1756 2.09827
268 35.7476 48.1134 2.59486
269 46.6593 81.6024 1.80575
270 42.7152 72.5642 3.05521
271 41.9333 70.1034 2.74451
272 98.9791 96.5284 2.48892
273 37.3185 48.3443 2.74552
274 43.9019 58.3695 2.41747
275 53.5729 54.1158 2.06947
276 38.6352 36.377 -3.29696
277 58.5835 75.6393 1.70916
278 81.2741 26.4174 1.79899
279 55.4908 62.1781 2.53951
280 49.3023 77.9887 2.09439
281 51.5044 56.5285 2.23989
282 39.882 70.8719 2.23887
283 85.3754 89.0384 1.33305
284 70.4299 53.0223 2.55646
285 56.3288 79.39 1.93038
286 28.2819 55.8313 2.79113
287 50.0069 55.1062 2.79919
288 40.3064 91.9055 1.45582
289 66.5521 53.2302 2.08958
290 42.2115 53.4738 2.35236
291 25.906 32.02 2.71322
292 3.56403 15.3823 0.812604
293 39.4233 53.4704 2.43258
294 42.9596 68.6201 2.29506
295 52.6489 74.6336 1.93142
296 63.7752 78.0164 1.90495
297 70.6885 60.3391 2.76694
298 35.5664 76.9851 3.01679
299 72.2334 91.3561 1.19317
300 45.2775 52.1284 2.34583
301 44.3657 82.387 2.37031
302 34.0882 46.3852 2.56298
303 51.8172 55.7805 2.77336
304 28.0267 84.8837 1.91083
305 51.05 86.9639 2.07786
306 62.1399 26.5737 1.61359
307 67.8131 93.4246 1.8289
308 38.5571 76.2498 2.51218
309 41.1311 56.4905 2.25906
310 66.3469 28.0375 1.5441
311 35.2179 58.6897 3.02846
312 56.3435 66.791 1.98679
313 1.44118 98.9635 2.68333
314 42.8107 84.3332 2.66843
315 53.6558 60.5919 1.87434
316 56.279 73.1645 1.94108
317 41.2605 73.5084 2.47735
318 67.6221 94.0719 1.95884
319 73.3307 91.6019 1.42921
320 76.9602 89.8256 1.71216
321 43.3492 85.7769 2.72747
322 77.4833 86.2513 2.0349
323 43.266 76.8493 2.0609
324 18.3939 8.58411 0.0961994
325 58.8501 58.6052 2.42023
326 49.4475 50.1704 2.74793
327 41.572 50.5612 2.31328
328 84.9345 86.6362 1.72348
329 73.1594 100.376 0.901218
330 1.84144 96.9506 3.46411
331 67.4439 31.2517 1.83206
332 21.4733 8.67885 0.438052
333 61.3901 78.6583 1.65319
334 34.083 61.2866 2.58265
335 70.0931 90.8795 1.29662
336 79.6146 89.0928 1.69559
337 37.1004 69.599 2.76179
338 61.2149 61.3163 1.94334
339 46.4852 51.585 2.83673
340 30.4953 46.4194 2.27407
341 38.3032 77.6535 2.73212
342 44.724 80.0533 1.85574
343 57.9485 59.6688 2.27913
344 53.737 55.6437 2.64003
345 76.12 19.612 1.55586
346 32.2737 57.9161 2.23168
347 12.9295 4.84637 -0.19914
348 26.6167 55.1355 2.20386
349 99.0396 21.7306 1.96115
350 52.2879 59.4634 2.58748
351 30.7568 84.7962 2.35177
352 96.309 30.0453 1.51856
353 74.3495 23.9133 0.829127
354 44.9538 44.4894 2.75124
355 52.8767 48.4479 2.36976
356 81.0683 85.5704 1.23155
357 97.8318 21.0269 2.13898
358 48.1817 77.6512 2.08637
359 38.3118 52.8161 2.35952
360 39.0843 85.6005 2.46263
361 34.6714 40.561 -3.43992
362 48.3429 74.0857 2.3053
363 52.2967 54.5537 2.12787
364 70.3276 30.2838 1.11024
365 53.7007 67.7619 2.06481
366 56.0507 77.6037 1.75498
367 81.2403 90.3118 2.08603
368 32.727 49.7486 2.90542
369 4.61215 96.7867 3.39031
370 62.3641 23.3218 1.52725
371 42.0023 81.8119 2.25075
372 47.209 70.668 2.24304
373 59.9602 81.6478 1.58347
374 45.5784 83.4797 2.00769
375 61.9 75.349 2.19322
376 48.9845 75.49 2.14706
377 0.733714 0.429499 3.49725
378 42.5208 55.4644 2.89102
379 77.9843 92.6088 1.73088
380 52.7192 52.9094 1.8445
381 15.7776 12.0758 0.315163
382 53.2247 76.4223 1.74733
383 77.5348 17.4214 1.16574
384 55.0219 70.2582 2.73252
385 76.2074 25.8899 1.02615
386 56.2079 29.0549 1.59177
387 34.1008 37.8073 -3.03029
388 59.8679 56.4983 2.56499
389 38.3708 52.8059 2.98957
390 34.2779 78.2385 2.35937
391 42.4867 76.0613 2.11637
392 39.8025 52.382 2.50355
393 58.9448 62.1152 2.07299
394 54.1911 78.8401 1.71792
395 46.5728 76.6808 2.77358
396 45.7273 87.0012 2.32996
397 48.6644 79.5391 2.39734
398 2.58086 98.0658 3.09416
399 33.2125 74.5724 2.11619
400 35.233 70.0632 2.94697
401 22.2256 5.84595 0.726621
402 44.1564 42.299 2.86749
403 53.7793 74.7097 2.10316
404 45.8173 54.1652 2.21019
405 93.5567 30.3091 1.60474
406 28.6318 47.6156 3.08388
407 55.4302 79.3749 2.54438
408 40.7097 61.502 2.18919
409 84.4146 88.8258 1.57469
410 37.1352 72.5057 2.48622
411 48.4742 81.4708 1.7998
412 53.3884 47.6917 1.85977
413 36.5991 73.0395 2.44172
414 57.5793 61.4687 1.9868
415 90.0174 18.709 1.40938
416 58.3152 74.4391 2.48194
417 35.8256 70.7758 2.89437
418 47.9566 82.2722 2.02533
419 74.3894 17.0481 1.65937
420 37.7109 50.9743 2.82771
421 46.995 81.4008 2.23674
422 39.6552 71.0067 2.40244
423 74.8773 86.24 1.72388
424 46.381 87.6194 2.08898
425 51.7387 70.6882 2.41683
426 12.2404 9.57958 -0.121998
427 45.5808 84.1946 2.61843
428 48.5525 56.8015 2.85829
429 53.2958 54.1001 2.41943
430 26.7132 90.962 1.94373
431 62.199 74.1094 1.5589
432 41.208 83.4609 2.14645
433 85.8004 86.1731 1.34366
434 43.6802 52.6623 2.59108
435 70.982 28.4233 1.24008
436 33.5324 90.9161 1.26117
437 37.8853 47.56 3.0731
438 72.4865 96.8849 1.21568
439 78.9238 91.738 1.52565
440 54.5671 49.1289 2.43508
441 26.7916 47.7085 2.35942
442 51.8229 79.7623 1.91218
443 16.8037 16.3264 0.757671
444 55.4038 66.8326 2.36146
445 90.2211 24.5045 1.26859
446 77.0958 25.3012 1.43451
447 30.5049 55.3915 2.67035
448 50.3694 76.4592 2.46988
449 63.4035 53.5057 2.69712
450 39.2758 77.86 2.51507
451 43.063 45.0058 2.90809
452 46.9459 86.679 2.43693
453 51.6635 48.9852 2.56615
454 50.8547 85.0081 1.83494
455 84.9684 19.1316 1.34077
456 34.0744 67.7442 2.20619
457 43.018 71.3046 2.60491
458 45.535 67.6443 2.46376
459 99.4373 17.0218 1.55745
460 40.1627 50.4721 2.18652
461 65.0249 23.8469 1.75525
462 56.3475 65.0677 2.39465
463 45.649 73.3376 2.63916
464 65.386 70.3488 2.69291
465 39.1462 74.8738 2.75154
466 56.7807 58.0776 2.50502
467 80.724 89.7767 1.83376
468 33.8798 48.5232 3.0031
469 32.2797 85.4852 2.33452
470 25.0952 95.301 1.29013
471 44.817 55.3267 2.44821
472 57.9627 66.955 2.31584
473 58.157 75.0248 1.96281
474 20.1097 12.459 1.02969
475 30.298 51.9472 2.32337
476 98.1312 20.4333 1.96683
477 54.6136 56.3246 2.54469
478 34.6824 86.4932 2.10253
479 73.8432 18.653 1.2918
480 36.5691 58.2606 2.53384
481 81.078 85.1713 1.34848
482 44.2846 42.8632 2.70806
483 36.2126 76.3384 2.07329
484 33.5635 52.2446 2.44113
485 28.1469 38.9228 2.71852
486 58.0014 54.6982 2.18164
487 54.4419 56.2132 2.58385
488 31.5939 73.8279 2.3182
489 71.4908 17.695 1.7763
490 79.4141 22.3113 1.47194
491 47.4092 50.7663 2.82499
492 59.0735 70.1365 1.78397
493 51.2693 60.0079 2.56915
494 45.6457 44.6113 2.68102
495 39.6025 55.2634 2.78296
496 50.0702 79.2959 2.66738
497 45.9079 82.2811 2.40846
498 55.9854 52.3647 2.32684
499 72.071 0.441367 0.169522
