500
Particles
0 27.6023 46.8723 2.55751
1 62.0399 46.0796 2.41965
2 35.5097 81.6578 2.84953
3 59.0456 82.2194 1.76669
4 78.0562 43.5234 1.73051
5 33.7204 40.6227 2.22416
6 43.068 69.1014 1.64388
7 72.0939 90.3964 1.92992
8 59.6423 51.0815 2.25138
9 59.9062 53.9359 2.57787
10 48.613 49.7981 2.18636
11 35.9453 79.2611 2.22206
12 37.2351 78.7183 2.48787
13 83.1208 35.3458 1.55262
14 80.4966 47.0947 1.98336
15 93.0102 39.0211 0.913332
16 56.8831 55.0682 2.17611
17 70.9569 63.0819 1.67286
18 74.3287 52.9653 2.3032
19 60.4831 77.01 1.67563
20 60.2538 82.8979 1.42936
21 28.8514 64.2887 2.55678
22 46.9465 61.0313 1.87409
23 83.463 39.7573 2.12691
24 63.2968 86.0364 1.82478
25 32.7695 49.6384 2.80893
26 32.8796 35.5512 2.84339
27 23.804 73.3562 3.33125
28 34.9261 58.9659 2.80372
29 26.4985 22.4715 -0.744805
30 58.7887 95.7699 1.18434
31 42.868 60.743 2.4117
32 53.5761 81.6281 2.02701
33 65.6056 91.5343 2.01538
34 39.1864 53.0055 2.5527
35 71.1751 57.6283 2.12434
36 57.731 1.96585 2.02374
37 46.4448 75.9276 1.82003
38 32.6813 54.3029 2.84481
39 80.3345 40.3667 1.6195
40 41.7374 51.0342 2.69332
41 77.8611 40.7253 1.65476
42 53.5746 58.1115 2.38934
43 63.2446 82.7386 1.46195
44 58.7757 46.7538 1.72389
45 52.4199 53.426 1.92652
46 39.0016 54.8375 2.38717
47 77.4363 81.5355 1.4182
48 45.7445 54.6326 2.60526
49 34.2841 45.1383 2.66571
50 78.7464 57.7979 1.66573
51 48.4801 61.4965 2.07242
52 66.269 84.4099 1.68435
53 57.3115 1.74157 1.35445
54 81.5582 44.4145 1.50099
55 66.3068 78.7275 1.06051
56 84.2793 46.638 1.79244
57 43.6585 40.4729 2.68003
58 80.5355 50.1474 1.31803
59 32.8649 51.3841 2.40779
60 77.5711 55.6239 1.64652
61 47.6807 52.3602 2.03074
62 57.1989 49.4042 2.14189
63 57.5171 38.8257 2.05228
64 37.0376 71.7627 2.79946
65 72.4587 82.588 1.09467
66 74.9031 58.7756 1.97338
67 75.562 58.3891 1.51646
68 68.8581 80.0206 1.06038
69 51.9484 45.0817 2.09043
70 43.1157 72.7773 2.4723
71 40.3442 54.2362 2.66994
72 78.1771 55.0781 1.66109
73 49.7209 75.4752 2.27905
74 43.2574 43.9621 2.22941
75 72.4145 87.7247 1.92015
76 47.2385 45.062 2.58458
77 47.0612 72.858 2.42717
78 32.6392 30.8275 3.17924
79 82.0839 51.9715 1.93856
80 43.6068 48.9621 2.60326
81 73.3152 56.9168 1.93175
82 59.1143 74.0283 1.74066
83 75.3475 48.9948 2.03059
84 67.3383 75.669 1.03043
85 45.7069 52.6742 1.81351
86 45.628 50.4527 1.99474
87 49.4008 70.8795 1.85836
88 65.9018 78.121 1.29055
89 40.8566 44.2312 2.26585
90 64.9653 86.0319 1.04717
91 44.6517 63.5277 1.67877
92 47.8117 68.9946 1.95614
93 76.7602 43.7172 1.7846
94 45.5656 52.3354 2.2662
95 60.8825 77.7665 1.96366
96 30.9747 68.7582 2.45208
97 46.1556 76.2733 1.69917
98 40.9943 44.9455 2.35857
99 47.9578 69.2241 1.8424
100 67.8579 84.8518 1.56496
101 77.3324 54.0324 2.08668
102 50.479 51.963 2.42161
103 39.5703 50.4522 2.1625
104 47.6536 58.13 2.4507
105 64.3218 87.3708 1.06011
106 80.0041 44.1256 2.01082
107 27.8529 51.64 2.96236
108 46.091 59.3374 2.67103
109 90.6899 51.809 1.55188
110 76.2422 88.6949 1.79657
111 47.0325 74.8488 2.06894
112 59.9908 81.5068 1.2817
113 43.2684 66.9256 1.92953
114 28.222 72.0313 3.14722
115 39.3015 78.7553 2.37235
116 42.1474 38.4027 1.98221
117 39.4046 58.1976 2.4019
118 56.4541 84.0152 1.51002
119 80.7325 46.5686 2.05275
120 33.1776 48.5928 2.68809
121 67.9554 54.6263 2.02019
122 45.4491 54.8707 2.20648
123 70.4454 49.14 2.22115
124 10.7825 98.7635 -0.364558
125 69.7109 78.0727 1.83925
126 54.9246 63.6833 1.94962
127 79.4683 37.6863 2.27046
128 66.1702 85.9559 1.75662
129 26.4218 75.5846 2.91294
130 33.6522 57.6474 2.37283
131 45.9482 47.484 2.16614
132 71.8386 79.1646 1.41252
133 72.3392 81.5041 1.23366
134 33.1988 42.594 2.71936
135 48.0029 73.5991 1.96777
136 39.7961 40.8824 2.11295
137 38.6453 72.9659 2.31055
138 48.6866 53.4157 1.77948
139 36.8751 49.5588 2.68154
140 50.3685 49.9837 2.31207
141 67.923 79.6694 1.58897
142 77.4108 46.688 1.19182
143 57.1146 57.8561 1.96112
144 36.8311 74.1032 2.83644
145 26.5817 76.2713 3.23602
146 30.7794 52.3141 2.13453
147 62.8964 91.9572 1.61741
148 48.7021 73.7972 1.83785
149 74.6425 56.8484 1.93626
150 51.791 53.3389 2.62175
151 56.0113 80.2964 1.59815
152 43.4501 43.0507 2.60502
153 46.1534 58.4485 1.77369
154 57.0263 56.2101 2.36214
155 76.5132 82.2913 1.72729
156 65.2039 52.2332 2.07338
157 56.4696 66.4882 2.36733
158 32.9217 38.4027 2.41282
159 64.2419 64.7951 1.78043
160 64.116 93.1105 1.53777
161 57.5028 61.4721 1.86446
162 72.0896 58.1471 1.68468
163 64.3219 76.647 1.4185
164 70.884 85.2981 1.12249
165 69.1274 55.1804 2.59526
166 64.6776 77.0572 1.34711
167 51.7071 77.3784 1.78018
168 80.7061 53.5978 2.28845
169 70.5689 83.3738 0.999281
170 69.2863 39.8345 1.36
171 42.5222 69.1686 2.34387
172 27.5205 49.8855 2.30184
173 51.8062 50.0144 2.21396
174 32.0894 36.5111 2.65004
175 70.649 77.0592 1.34463
176 24.2087 27.8868 -0.66862
177 38.7377 47.8157 2.21442
178 66.0037 84.676 1.04649
179 37.5493 61.569 2.3808
180 42.4161 68.7338 2.33735
181 60.2753 55.7858 2.37328
182 86.9562 46.9117 1.38827
183 28.5297 46.6313 2.22059
184 48.5316 69.0379 2.28785
185 72.155 82.9543 1.18555
186 48.5304 57.1848 2.34495
187 58.7874 81.4578 1.49768
188 69.4 45.3894 1.55703
189 33.0558 80.2619 2.29508
190 33.2994 39.1879 2.3939
191 41.1634 77.0114 2.83133
192 39.9275 40.8686 2.37998
193 49.4715 64.4789 1.87897
194 43.778 49.4024 2.60787
195 37.9071 69.8669 2.33329
196 36.6203 47.4786 2.45893
197 44.3057 47.0523 2.07156
198 46.1042 68.662 1.8396
199 34.1426 41.1838 2.58844
200 48.1834 72.5534 1.4867
201 27.7429 20.7112 -0.658179
202 63.8992 85.9891 1.30072
203 65.2313 66.0684 2.03379
204 32.946 35.4382 2.77817
205 50.8561 75.4185 2.24981
206 42.0208 49.7052 1.78837
207 35.2976 54.7142 1.93092
208 64.0578 74.6249 1.28704
209 57.3996 83.0999 1.50099
210 79.4634 55.7021 1.96442
211 46.1828 55.2404 1.78406
212 71.5048 80.7688 1.49681
213 56.4084 78.3914 1.22665
214 67.8996 44.2298 1.43676
215 29.9981 55.9611 1.91675
216 54.44 59.2711 2.34593
217 37.8683 67.9129 2.17244
218 75.547 75.8676 1.80616
219 73.0572 63.5468 1.37153
220 47.8087 75.127 1.50678
221 50.7387 64.161 2.1402
222 46.8264 76.0288 1.60913
223 67.5411 88.6954 1.06676
224 59.7724 82.9655 1.98889
225 39.9513 80.2786 3.17185
226 56.8848 53.278 1.82672
227 48.5191 58.0481 2.6589
228 46.5463 50.2823 2.75862
229 47.3625 49.2571 2.58884
230 83.095 37.1949 1.65912
231 82.9046 54.0911 1.57851
232 48.2249 66.5819 2.39501
233 40.6428 53.8066 2.04464
234 35.8108 48.623 2.00176
235 83.0601 43.8121 1.941
236 55.9956 51.7593 2.33308
237 35.1284 81.7154 3.07344
238 84.861 45.536 1.79305
239 77.6476 46.1101 1.61543
240 34.2227 74.8302 3.00135
241 59.8521 49.9026 2.65223
242 52.3367 62.8961 1.62119
243 48.8719 71.8871 2.47778
244 60.1061 63.0931 2.34523
245 48.4006 60.9492 2.57927
246 48.019 52.2758 2.23134
247 75.7418 28.7872 3.00202
248 78.6499 46.8622 1.71493
249 41.3362 42.0998 2.29867
250 22.6707 75.014 3.47983
251 29.0636 77.9026 2.98266
252 69.4624 89.2487 1.22147
253 60.6069 84.2365 1.25251
254 46.4541 48.5173 2.32299
255 74.1144 56.4892 2.22803
256 52.3501 60.5067 1.73894
257 46.9266 51.3129 1.97607
258 63.7385 55.2175 2.61967
259 84.2036 45.5893 2.01794
260 34.546 40.3382 2.80647
261 80.1411 48.1422 1.9994
262 52.7106 54.8935 2.15466
263 44.5538 63.2193 2.47013
264 61.791 92.2934 1.84377
265 43.913 47.11 2.43646
266 38.0237 45.1692 2.71037
267 33.9175 72.3512 2.73911
268 35.8281 51.093 2.4424
269 23.2513 76.8986 2.64942
270 83.5544 49.803 1.48368
271 88.2079 47.7207 1.33033
272 53.9029 78.1059 2.22833
273 37.5682 50.2389 2.26693
274 42.1138 57.6899 2.09614
275 46.7209 49.0918 2.69354
276 37.5938 43.5092 2.49306
277 45.9799 68.0871 2.05333
278 53.0865 39.7334 2.048
279 53.2237 63.5004 2.33551
280 85.6236 50.0363 2.06598
281 47.7071 54.9185 2.41443
282 82.248 46.1472 1.50939
283 51.3087 82.0675 1.49002
284 51.4323 43.1792 2.21456
285 45.6467 72.9824 2.42803
286 75.3707 39.6945 1.65892
287 44.1333 50.8313 2.09984
288 62.5947 78.5587 1.84666
289 52.5546 45.0035 2.04886
290 42.4887 55.5313 1.7822
291 64.9041 48.0102 1.97147
292 68.4595 82.8117 1.08957
293 40.5191 57.1334 2.0126
294 87.2692 45.6583 1.88622
295 16.215 67.6814 0.751645
296 50.4125 70.2462 2.37205
297 54.1181 54.208 1.94406
298 66.0656 49.8512 1.87206
299 46.9167 77.2956 1.8251
300 42.2122 50.4001 2.57466
301 76.7422 56.6054 1.90359
302 32.135 47.8137 2.4741
303 46.4077 52.4205 2.36251
304 59.1631 41.3218 1.98839
305 33.3275 79.612 2.63975
306 61.1609 88.3017 1.43566
307 33.6669 79.1642 2.75545
308 80.6784 50.5126 1.44598
309 41.4434 58.9916 1.8384
310 64.758 89.6519 1.41354
311 86.8831 41.3776 1.51467
312 47.191 60.6017 2.33527
313 57.9688 79.2092 1.8869
314 74.4619 61.9796 1.72259
315 46.7632 56.0431 1.72632
316 48.1602 70.1955 2.22317
317 81.6245 51.5827 2.18364
318 37.9032 78.4912 2.36035
319 46.7038 77.5716 1.9446
320 46.1957 74.8273 1.55368
321 72.1625 61.2465 1.86235
322 48.6551 72.6781 2.19398
323 80.3704 51.9904 1.80673
324 48.0106 16.7122 -1.76928
325 54.8584 59.2627 2.16458
326 45.7611 47.6572 2.68792
327 43.206 53.4631 2.00273
328 53.0731 71.9956 1.74949
329 63.2858 79.0122 1.72696
330 58.0051 78.2882 1.67023
331 69.683 92.2473 1.31185
332 59.7337 79.5502 1.22406
333 48.5223 70.0619 2.27331
334 78.149 42.6643 1.63096
335 41.3766 76.8061 2.22431
336 48.1321 73.6763 1.55596
337 78.3953 44.3088 1.64499
338 51.7207 57.6634 1.9024
339 47.0897 53.6721 1.84492
340 14.4261 54.798 2.99855
341 75.575 49.7374 1.90074
342 77.8056 53.0185 1.93169
343 55.0581 62.3997 2.1596
344 49.5074 53.8073 2.47824
345 66.1356 82.6496 1.58447
346 75.5244 41.0194 1.91815
347 34.1138 38.4256 2.63658
348 70.7537 45.5826 1.94999
349 32.418 32.0789 3.10365
350 49.0207 60.1538 2.1279
351 61.098 51.7329 2.43285
352 60.3432 46.4985 1.90593
353 67.7542 87.5289 1.28547
354 40.235 44.0781 2.75695
355 48.6224 46.4109 2.46649
356 50.4827 72.3156 2.28139
357 76.4317 84.3967 1.19151
358 84.3823 51.2644 1.99202
359 35.0233 51.9052 2.66176
360 69.2192 64.3289 1.73826
361 30.8977 42.9402 2.34965
362 32.4103 70.1076 2.52475
363 46.4698 49.8079 2.38422
364 66.9631 92.6798 2.07017
365 46.0489 62.1362 2.09534
366 46.6932 71.7704 2.13558
367 48.8272 75.1779 2.17859
368 28.7958 49.7522 2.29166
369 60.4968 78.1444 1.24178
370 59.2215 85.4346 1.21928
371 74.1584 56.0001 2.31577
372 89.41 46.4783 1.65661
373 46.9326 73.3768 1.54714
374 30.8415 78.5943 2.48004
375 49.0723 66.2121 2.47685
376 90.8402 49.8359 1.48787
377 55.3965 79.7527 2.10615
378 41.2945 57.5516 2.3896
379 48.7032 78.1801 2.35515
380 49.8049 52.1207 2.13293
381 36.6984 36.4006 2.24724
382 37.8055 69.5172 2.2166
383 67.921 80.4416 1.58127
384 48.4037 67.0601 2.37573
385 68.0762 91.2889 1.8852
386 58.8816 0.611987 0.290712
387 34.9137 43.7943 2.56244
388 54.0896 55.4615 2.53423
389 32.3743 49.5483 2.54361
390 71.8372 51.606 2.2366
391 82.3282 49.7171 2.20548
392 32.3648 47.1398 2.76923
393 53.0997 61.6428 2.3294
394 37.9612 71.6306 2.28978
395 83.1385 51.8498 2.2204
396 73.5715 62.0326 1.65365
397 36.825 76.7228 2.38244
398 59.0636 78.1702 1.32413
399 63.4384 50.1482 2.81092
400 76.142 45.1699 1.19532
401 60.4991 77.1806 1.31911
402 40.1229 42.8101 2.58317
403 30.2493 64.0902 3.43893
404 43.758 53.5449 2.25493
405 60.155 45.7929 2.15266
406 82.3686 34.7257 1.4968
407 41.2011 70.6705 1.92823
408 28.4782 54.2731 2.39541
409 53.3941 74.6306 1.96777
410 78.2593 47.5048 1.22907
411 30.9661 74.2592 2.68168
412 54.2541 49.7604 2.50674
413 78.4233 47.3491 1.43602
414 52.038 60.9271 2.30101
415 67.8922 82.3809 1.43601
416 49.3623 68.945 2.01599
417 74.5872 44.855 1.4766
418 81.277 55.214 1.56197
419 63.693 79.7529 1.19295
420 39.2058 55.1753 2.72339
421 76.8799 54.4503 1.45973
422 83.1551 48.4293 2.13989
423 49.2859 73.6463 1.95393
424 78.1158 59.0368 1.32022
425 40.9898 66.6992 2.52834
426 51.7308 79.5864 1.92207
427 28.6438 78.932 2.81684
428 46.3235 56.774 2.58614
429 51.6205 56.8193 2.15003
430 57.902 59.3749 2.30369
431 49.3381 65.7973 2.23367
432 74.119 58.1079 2.28286
433 53.0764 77.7892 1.90972
434 39.8526 51.7283 2.47603
435 69.0727 91.5754 1.5669
436 59.9641 57.6835 2.34936
437 36.4181 47.5277 2.27969
438 25.7543 24.6689 -0.112803
439 48.1544 76.6309 2.35008
440 50.0071 45.9161 1.95151
441 80.1581 35.026 2.35653
442 40.6473 73.2876 2.41732
443 36.3925 40.7017 2.05495
444 47.981 62.761 2.07574
445 31.9776 37.6087 2.39926
446 73.7958 91.365 1.05454
447 79.5808 39.3215 2.18528
448 5.70943 56.3843 1.74601
449 51.0613 44.2202 1.76399
450 77.6446 51.1785 1.28297
451 41.9195 46.7501 2.53463
452 29.9617 79.9229 2.80779
453 50.2776 49.8983 2.32137
454 27.3088 76.2819 3.06547
455 68.576 80.8937 0.921446
456 73.875 43.9943 1.77697
457 83.5099 45.6789 2.11515
458 10.9262 54.6767 2.7386
459 71.6357 80.6758 0.90231
460 36.8184 49.5113 2.70159
461 63.1174 85.6528 1.02796
462 50.3054 63.0484 2.38756
463 86.9397 48.7725 1.66076
464 51.4795 64.2511 2.41384
465 80.2668 50.0616 1.74507
466 52.2407 57.1835 1.73269
467 49.5644 75.0942 2.06227
468 33.4991 50.3226 2.07575
469 60.0642 52.8068 2.26732
470 62.667 45.0061 1.89234
471 46.4253 58.4464 2.29575
472 50.1721 62.9466 2.4206
473 47.5401 68.6967 1.54124
474 13.4966 19.6917 0.397161
475 81.0812 37.5231 1.444
476 78.7847 85.2016 1.67491
477 46.0098 50.2628 2.33794
478 66.5776 74.4115 1.93865
479 65.3261 81.219 1.07589
480 92.4754 41.8056 1.61177
481 51.1872 70.8202 1.77168
482 40.0588 42.3397 2.60102
483 76.7227 51.9808 1.63396
484 31.4291 53.737 2.3968
485 29.4057 44.2109 3.19444
486 53.4987 51.0534 2.42029
487 53.8188 58.5726 1.83635
488 61.3079 50.6799 2.54884
489 65.7761 78.8376 1.92389
490 71.1586 88.6793 1.44858
491 47.4252 51.7972 2.26366
492 52.0395 66.2743 2.35555
493 46.501 57.9579 2.07819
494 46.3574 49.302 2.10552
495 39.0944 56.735 2.48685
496 36.8898 75.9526 2.2791
497 80.8428 55.8074 2.17671
498 55.0677 55.4657 2.48466
499 73.9812 77.39 1.12952
