500
Particles
0 57.0246 80.0722 1.04881
1 24.3422 80.7125 2.19867
2 15.4281 85.8902 2.42562
3 57.2359 89.4673 0.640519
4 21.7453 63.2148 1.64294
5 15.3769 93.5943 2.34841
6 46.5604 77.1791 1.25979
7 28.0777 28.1303 1.15729
8 29.4124 91.51 2.58575
9 31.1602 95.9816 2.23076
10 23.7095 94.3999 3.05691
11 19.2196 23.7104 2.04733
12 53.3597 91.4928 1.44162
13 86.3857 70.5423 0.408992
14 23.4679 65.4882 1.59113
15 35.554 9.13262 -2.96882
16 30.2573 0.348732 -2.99059
17 18.4532 54.735 1.98754
18 29.5728 78.3983 2.24641
19 94.6374 3.6389 1.54559
20 57.7487 89.6993 0.753107
21 43.6051 76.6407 1.26137
22 17.8556 1.73227 2.37366
23 26.5193 59.9034 1.94424
24 74.7593 23.0851 3.1885
25 11.7335 99.5572 2.64116
26 16.6453 93.1577 2.63652
27 17.1177 16.1356 1.36052
28 60.9873 80.7593 1.12217
29 22.1145 56.8724 1.79219
30 16.6874 89.1926 2.74809
31 14.284 3.46457 2.40837
32 57.8416 87.5814 1.37653
33 18.2128 84.5809 2.70839
34 16.9729 0.87998 2.77592
35 33.23 90.5357 2.13923
36 16.2765 27.2711 1.90679
37 47.5148 82.8102 1.19107
38 5.79222 97.2277 2.12363
39 19.1787 60.688 1.33087
40 19.0984 97.9509 2.81229
41 89.1363 76.5497 0.246226
42 25.3326 99.355 2.98448
43 75.5074 12.2246 3.42995
44 26.3551 85.5698 2.35202
45 27.9108 0.718589 2.72428
46 16.6674 2.41592 2.54168
47 8.17098 22.701 1.45764
48 19.9717 99.6752 2.8839
49 12.4548 93.7474 2.90207
50 37.5143 90.4912 2.12534
51 18.8405 3.26174 2.84346
52 73.4393 19.68 3.47602
53 15.7247 26.1462 1.44827
54 29.5083 66.2443 1.40543
55 7.75345 6.04936 2.74471
56 31.3204 68.1095 2.02578
57 23.6965 92.167 2.7288
58 27.8018 71.4557 1.57344
59 9.01109 97.5191 2.5313
60 34.3501 84.7876 2.74878
61 23.6073 98.4531 2.36955
62 28.9986 90.6813 2.39526
63 22.562 76.2055 2.29891
64 41.7526 82.921 1.83592
65 5.53532 7.66198 1.79873
66 34.6668 88.326 2.49649
67 35.0441 89.0236 2.04354
68 4.10803 5.6399 2.0606
69 28.0742 91.167 2.73103
70 46.0827 80.1104 1.95476
71 15.1544 99.2777 2.9162
72 36.6043 85.0618 2.33455
73 50.7715 82.0131 1.28914
74 21.1023 91.58 2.18044
75 69.0723 29.0251 -0.878922
76 24.7028 92.5105 2.23211
77 45.0675 80.0273 1.04304
78 16.4181 89.6441 2.17041
79 30.4808 73.9688 1.67126
80 20.2452 95.0565 2.54632
81 33.3327 87.2198 2.23863
82 98.6635 1.11192 2.22515
83 25.2182 70.8184 1.90107
84 12.0337 5.25424 2.22851
85 19.0181 95.4393 2.38141
86 20.9987 95.2292 2.4717
87 99.8385 1.401 1.63144
88 95.7247 3.39729 1.46863
89 19.1778 92.4516 3.04248
90 69.3914 26.3005 -0.117999
91 12.1713 3.13529 2.44166
92 0.296194 0.555799 2.212
93 27.3896 68.162 1.74968
94 21.2194 96.9651 3.01556
95 58.3713 84.6228 0.771843
96 40.7908 80.5767 1.60803
97 48.2834 84.4449 1.45907
98 18.5909 93.1221 2.26243
99 67.147 82.3332 1.27314
100 74.6655 19.6858 2.93458
101 31.0244 79.2306 1.91251
102 25.3351 96.8203 2.55212
103 16.0989 97.5467 3.12831
104 20.4886 0.474244 2.85507
105 66.118 25.5103 -0.220818
106 30.872 68.5605 1.7711
107 59.3101 81.3179 1.37513
108 19.6033 2.78175 2.47043
109 33.4563 71.0301 1.82156
110 81.6914 85.1561 -2.24122
111 47.4046 82.2871 1.35087
112 58.4995 89.0242 1.35059
113 49.4778 77.1489 1.75721
114 41.6235 18.9964 -1.65883
115 49.3091 89.3067 0.812006
116 22.4367 89.1847 2.58782
117 11.7276 1.62345 2.2258
118 54.4589 90.9296 1.48142
119 27.7081 66.8301 1.87201
120 12.9233 99.7469 2.95058
121 32.2956 92.2467 2.74221
122 20.0891 98.5522 2.47344
123 27.3312 77.9661 2.21546
124 81.1368 69.7247 -0.661557
125 6.6528 6.00996 2.45123
126 26.3668 5.20182 2.41
127 84.59 73.1228 -0.358726
128 74.201 22.9456 2.96837
129 57.1021 76.5626 1.34184
130 65.8035 81.3959 1.24756
131 22.852 94.9647 3.05273
132 7.02245 40.8462 -1.80857
133 7.24794 47.2132 -1.85214
134 12.4711 92.3466 2.72172
135 50.6161 81.1563 1.72862
136 20.5971 92.3086 2.60904
137 47.3289 81.6571 1.72399
138 22.4592 96.999 3.04162
139 15.2668 100.147 2.13928
140 26.2597 96.8008 2.9811
141 7.37212 6.77208 2.17289
142 28.1081 71.0582 1.42057
143 30.2033 0.704164 -3.26212
144 45.5088 84.75 1.78011
145 55.687 78.6078 1.63693
146 63.7674 81.268 0.947735
147 15.0679 84.0952 2.1944
148 64.0239 83.0377 0.822679
149 34.1029 87.2777 2.38555
150 25.9103 96.9769 2.43595
151 56.7485 86.8032 1.49239
152 22.9246 92.4761 2.65292
153 19.2478 1.89042 2.89121
154 29.8899 0.19071 -3.34782
155 9.62352 48.5076 -1.65465
156 32.9566 92.141 2.57899
157 23.3431 4.00232 2.92165
158 15.1542 94.1459 2.48233
159 31.06 7.29909 -2.8585
160 18.0987 88.1421 2.46212
161 28.1721 4.5797 2.7996
162 35.6504 93.3771 2.19876
163 3.79762 3.50035 1.38596
164 78.1705 52.9135 -1.30308
165 33.2721 89.5081 2.88537
166 99.6894 3.53808 1.42148
167 52.1175 84.1928 1.46833
168 31.2062 77.7511 1.70088
169 79.0265 18.9635 2.69863
170 19.4485 82.6027 2.62098
171 45.8488 77.0481 1.4381
172 53.5411 80.0966 1.39133
173 27.088 95.727 2.63162
174 15.553 93.9229 2.79211
175 12.3951 4.27747 2.53596
176 32.7985 10.4386 -2.76277
177 17.4279 97.9663 2.29873
178 78.4278 19.3675 2.91735
179 59.4333 81.2895 0.899604
180 48.9982 78.2714 1.09322
181 31.4234 97.8099 2.09761
182 32.2357 68.5821 1.91215
183 70.9365 85.3246 0.584019
184 4.04449 1.26607 1.43012
185 4.48799 49.2823 -1.94575
186 21.5365 99.2239 2.65666
187 57.5173 88.5478 1.24863
188 23.1609 71.7168 1.71476
189 17.8733 89.0206 2.12809
190 14.0169 92.9212 2.32029
191 44.7004 86.5246 1.1474
192 20.7724 93.7281 2.5184
193 15.6195 2.75241 3.0565
194 18.4157 93.7195 2.21282
195 43.5601 78.7757 1.43981
196 15.0361 96.5471 2.46512
197 21.9535 96.3422 3.10689
198 0.180114 0.62101 2.30601
199 15.6095 95.1248 2.12714
200 47.132 80.0545 1.59178
201 16.8526 57.6165 1.52559
202 73.2125 22.0237 3.2786
203 28.9131 6.02957 -2.90893
204 16.8207 92.9222 2.11888
205 51.4992 82.4562 1.57964
206 18.5936 97.3441 3.06714
207 10.7642 0.439989 2.49844
208 6.47662 2.48569 2.13753
209 59.3508 90.2441 0.962465
210 33.5466 82.17 1.86147
211 19.5658 98.9422 3.01845
212 6.62517 42.7301 -1.22287
213 62.1861 85.5869 1.05528
214 23.5478 72.7146 1.17629
215 52.3959 78.6822 1.82615
216 26.8722 2.52723 2.79262
217 46.0634 76.2697 1.65131
218 21.7399 7.81022 2.88868
219 20.1257 54.1059 1.92508
220 50.4135 82.6534 1.86106
221 20.7342 5.1021 2.91203
222 46.0254 83.5362 1.93382
223 65.9991 31.1291 -0.0074381
224 58.7103 89.6114 0.783009
225 19.3816 24.2224 2.07578
226 29.2359 96.7059 2.59203
227 21.6717 100.267 2.533
228 22.6025 94.789 2.29975
229 25.58 99.2614 2.7825
230 86.9689 72.6014 -0.638147
231 38.7176 83.7736 1.80542
232 12.3261 3.18437 3.04191
233 15.5556 99.1685 2.91084
234 13.0055 96.5251 2.27594
235 30.1566 65.4036 1.50966
236 28.6358 94.2665 2.9906
237 19.4138 88.3341 2.08435
238 27.7326 64.0464 1.88638
239 23.9717 67.3466 1.18445
240 43.0709 92.9995 2.16716
241 27.3991 86.7758 2.7089
242 21.6737 2.35575 2.70378
243 49.4955 78.9517 1.50605
244 29.5438 4.00208 -2.99779
245 20.3467 3.62391 2.42036
246 22.9717 96.6227 2.216
247 83.8022 77.099 -0.653889
248 26.5064 69.61 1.81335
249 19.8495 91.313 2.7861
250 15.1496 18.6016 1.28265
251 14.3572 88.2294 2.86543
252 26.3035 26.7293 1.5294
253 73.4766 17.7344 2.47342
254 22.4322 94.4566 2.59749
255 34.76 87.765 1.94107
256 22.9793 1.69418 2.15041
257 22.7806 97.0044 2.44607
258 31.9717 93.2983 2.09249
259 33.8859 68.0066 1.64459
260 16.9396 94.24 2.33854
261 29.6103 70.274 1.13528
262 27.4625 99.736 2.81837
263 13.3361 3.10177 2.50975
264 17.0073 84.5946 2.79648
265 20.6657 94.493 2.96429
266 17.6709 96.2853 2.65837
267 41.8429 82.5951 1.4358
268 14.8321 1.81184 3.1049
269 17.4003 17.8111 1.65685
270 30.1106 71.3225 1.40298
271 33.1537 68.097 1.92876
272 61.8641 85.5627 0.650294
273 13.5755 97.0542 2.64204
274 15.9653 0.33094 2.47386
275 23.9945 97.3313 2.91417
276 17.5328 94.3636 2.46478
277 55.7288 80.9705 1.50295
278 23.491 81.5026 1.84534
279 22.3119 4.16077 2.62074
280 28.8698 69.641 1.72087
281 22.1998 98.1402 3.10435
282 27.8145 66.3778 1.57302
283 50.5097 88.8771 1.17675
284 26.1683 89.1508 2.12415
285 46.6489 80.6167 1.41869
286 83.4108 76.1831 0.259384
287 20.5922 97.7018 3.05994
288 67.8248 85.6875 0.957949
289 23.773 85.4618 1.99557
290 17.1543 1.25803 2.69046
291 26.8944 82.2887 1.8621
292 78.8294 15.0826 3.44017
293 14.9045 1.20789 2.70103
294 29.2171 64.4119 1.65626
295 24.819 8.70552 2.85443
296 5.41103 1.75762 1.9569
297 28.3048 98.8195 2.33998
298 28.5334 84.087 2.0825
299 48.1401 84.5953 0.997304
300 18.8379 96.7446 3.09205
301 36.6049 86.3499 2.6076
302 8.39665 94.3261 1.87344
303 22.1658 98.8077 2.58193
304 23.8057 78.7322 2.13606
305 17.0126 90.3138 2.60183
306 19.5225 25.045 1.67953
307 17.9877 87.9736 2.6004
308 30.2189 70.7504 1.81044
309 14.5488 1.42518 2.31105
310 22.2271 23.8676 1.82825
311 90.8671 71.1787 0.315716
312 19.3964 3.33294 3.10932
313 58.8259 86.1266 0.934004
314 29.1188 7.80869 -3.21967
315 20.0097 99.8919 2.94062
316 49.7893 79.5579 1.97782
317 29.9149 73.8294 1.66881
318 52.4441 92.6735 1.05795
319 45.0764 85.633 1.5975
320 48.017 82.0279 1.76469
321 19.6606 54.1177 1.68978
322 49.3304 80.5996 1.29203
323 29.4121 74.4384 1.74995
324 21.6981 88.5845 2.87763
325 26.4563 100.036 2.15906
326 22.7598 95.0209 2.72103
327 18.1042 98.2287 2.23794
328 2.95393 1.85321 1.51647
329 62.2185 86.8551 1.37757
330 57.5747 85.2889 1.51005
331 93.8066 42.779 -2.29832
332 61.0267 87.0631 1.21377
333 95.4053 99.8721 2.42714
334 22.3862 63.1825 1.72653
335 46.8679 84.8127 1.52373
336 48.3438 82.4407 1.39627
337 24.3152 65.5451 1.26063
338 25.0541 0.671566 2.25774
339 20.7741 96.4556 2.54542
340 40.0287 78.5012 1.69889
341 24.2149 71.4381 1.73957
342 32.2965 78.4788 2.44454
343 24.5536 2.53879 2.68796
344 23.6702 96.8046 2.3241
345 77.212 11.5745 2.55135
346 90.6908 77.6085 -0.272671
347 16.0204 94.3699 2.74801
348 23.5784 71.1362 1.81954
349 15.8807 90.5926 2.79526
350 21.1 3.22016 2.37043
351 32.7725 94.8157 2.4146
352 24.7839 82.0846 2.299
353 69.3522 28.5402 -0.0914775
354 19.5961 93.5477 2.76377
355 25.322 93.3147 3.10839
356 66.0641 83.9248 0.947687
357 10.8053 50.1201 -1.48895
358 31.9767 73.1918 1.42852
359 12.9584 1.02283 3.14401
360 32.8052 2.9792 -2.6174
361 11.0424 94.4226 2.34424
362 42.7447 80.1885 1.16397
363 21.8463 94.5032 2.30666
364 18.183 85.4615 2.91001
365 16.6724 4.50718 2.87576
366 47.8037 79.0099 1.02017
367 51.837 82.9526 1.00934
368 63.7531 80.7917 0.917521
369 77.1501 8.24634 2.77858
370 56.1858 94.1498 0.8034
371 35.6233 87.7115 2.16963
372 31.092 64.2636 1.6169
373 49.1034 80.6279 1.88784
374 17.2591 87.4078 2.08395
375 14.469 4.45554 2.16005
376 36.6266 70.9422 1.89259
377 55.2969 85.7161 1.49636
378 16.7505 3.56663 2.19197
379 51.2328 84.7908 1.19614
380 24.5883 97.0668 2.98435
381 19.2553 92.0026 2.69303
382 44.1801 77.1838 1.49907
383 82.0026 26.1815 -2.58069
384 11.7423 2.35023 2.3398
385 24.5267 23.6901 1.35895
386 14.948 26.7584 2.37386
387 15.2644 95.8137 2.84812
388 27.8025 99.0707 2.55209
389 9.97528 97.45 2.89023
390 29.7257 81.9837 2.4384
391 28.2594 70.037 1.49821
392 2.09757 90.0875 0.414677
393 23.5434 2.17153 2.39447
394 45.2415 79.7957 1.87045
395 32.0632 74.6008 2.29848
396 20.793 52.5603 1.68312
397 45.8046 90.3911 1.63583
398 61.7206 85.4222 1.26375
399 30.9928 89.1158 2.56204
400 24.624 66.4974 1.02351
401 1.66538 4.12982 1.9345
402 20.985 95.0082 2.37409
403 42.1769 77.0256 2.04173
404 19.0508 98.134 2.6243
405 24.4559 81.9983 1.89629
406 84.29 72.3199 -0.631679
407 45.8799 78.8259 1.89224
408 51.9357 79.1316 0.97715
409 51.1921 81.7063 1.03977
410 21.4938 66.6426 1.78548
411 42.8966 18.3708 -1.2826
412 27.7864 92.1271 2.54097
413 28.138 69.5745 1.12444
414 23.0036 2.54311 2.77114
415 76.6494 13.2858 2.95357
416 5.67879 100.116 1.67635
417 25.2957 69.1867 1.26702
418 36.4291 83.3959 2.29237
419 85.567 25.9995 -3.06967
420 13.6812 0.543847 2.79699
421 29.3351 79.4814 2.4405
422 30.8112 69.7675 1.37341
423 48.6566 80.6678 1.36769
424 32.5721 9.08544 -2.86839
425 46.3519 75.6476 1.77236
426 51.9929 86.551 1.49738
427 11.7474 88.2305 2.09958
428 21.9141 2.79864 2.63907
429 26.0132 0.549205 2.82426
430 29.8513 3.97731 -3.48038
431 15.9045 4.62688 2.72499
432 35.6486 90.3389 2.8479
433 58.542 84.6656 1.51041
434 18.0331 100.197 2.47663
435 16.896 84.6814 2.62994
436 30.4746 97.862 2.35592
437 15.8262 98.0218 2.59728
438 19.3526 58.5713 1.98007
439 51.0823 83.7089 1.73971
440 23.905 90.4997 2.41602
441 82.2407 70.2382 -0.174659
442 45.9834 80.3706 1.76782
443 18.956 95.3199 2.2046
444 18.9684 3.16477 2.13904
445 13.6457 91.804 2.78814
446 84.8435 68.387 0.0863956
447 87.1839 75.5641 -0.635608
448 38.7678 15.4524 -1.8976
449 25.4604 88.918 2.86379
450 27.1699 72.524 1.96203
451 20.389 94.8347 2.48019
452 14.976 89.9654 2.78844
453 27.2013 98.0746 2.62564
454 56.5035 77.5878 1.17175
455 98.3524 5.34454 2.04113
456 17.6141 63.879 2.30666
457 28.8953 64.4955 1.60952
458 39.0842 90.8118 1.97786
459 10.3172 9.73847 2.77883
460 13.2434 94.3384 2.43194
461 68.6643 25.5887 -0.659319
462 20.816 3.61759 3.05749
463 33.3703 70.1288 1.16561
464 22.9786 6.52846 2.95141
465 28.9699 72.9193 1.22212
466 25.4252 0.898811 3.00586
467 48.6139 81.4626 1.83951
468 10.7887 98.1035 2.09343
469 31.669 95.4244 2.30527
470 25.6365 79.2192 1.88423
471 21.4922 3.24758 2.20216
472 20.1381 3.53569 2.5027
473 52.1068 79.6909 1.14154
474 36.7459 9.87787 -2.09929
475 86.0064 71.6791 0.0963183
476 10.7512 50.1558 -1.58976
477 20.8347 95.5935 2.89022
478 12.8152 6.26934 2.25721
479 81.0301 11.7669 2.86902
480 30.5179 63.1847 1.47126
481 7.14464 1.47752 1.51375
482 19.9995 91.8861 2.83729
483 28.3757 75.4975 1.35361
484 2.74363 96.2519 1.36126
485 7.16002 92.7166 2.29232
486 28.4264 95.5751 2.73387
487 26.3498 2.20711 2.44047
488 31.2402 91.1031 2.25337
489 1.83464 4.30879 1.50104
490 26.8755 26.793 1.31112
491 23.4136 97.4667 2.56878
492 19.6643 4.11684 2.89724
493 19.8508 1.08829 2.44852
494 23.0294 96.8788 2.77978
495 13.432 100.306 2.36465
496 44.4005 86.4641 1.57322
497 33.8606 6.61714 -2.90986
498 27.8036 97.6556 3.08195
499 9.97524 9.25788 1.91112
