500
Particles
0 50.2979 43.9528 -2.02179
1 9.35427 20.0835 0.986158
2 6.24944 25.7227 0.913058
3 75.7309 40.3264 -2.82161
4 9.24728 6.60803 -0.211692
5 22.2973 30.3075 1.17771
6 17.7308 17.3621 0.570059
7 71.3592 1.7423 0.667209
8 66.0574 38.6602 -1.73718
9 69.8053 44.789 -1.78753
10 71.364 28.027 -2.37483
11 68.0181 94.1931 -0.0177755
12 82.6803 40.1852 2.37245
13 46.7168 7.16372 -1.95787
14 12.1448 7.81129 0.115358
15 87.2714 44.2858 2.96434
16 79.7626 44.8886 2.95326
17 52.943 20.4891 -3.21982
18 12.589 16.7476 0.361303
19 5.651 95.5724 0.755287
20 73.8687 39.6144 -1.89215
21 18.9116 16.2905 -0.0193856
22 61.9178 25.8456 -3.16527
23 54.9878 22.4981 -3.22936
24 10.4525 59.7995 -1.40707
25 21.6008 34.4959 1.54982
26 26.9424 29.4303 1.46559
27 73.0827 89.4594 -0.143672
28 49.5869 45.9082 -1.88939
29 56.2137 21.534 -3.04564
30 10.4948 29.2073 0.22477
31 98.1858 85.8305 0.775503
32 71.4858 34.9239 -1.92231
33 7.00953 24.8092 0.664164
34 61.789 32.0864 -2.98708
35 43.2179 45.0428 -2.15447
36 68.1398 96.9962 -0.171225
37 18.3892 22.0647 -0.028656
38 93.4379 35.7187 1.10086
39 7.25769 8.51261 -0.181898
40 64.8527 25.12 -3.18205
41 46.5831 7.8652 -2.52771
42 63.3055 44.7036 -1.74823
43 92.5999 54.4318 1.88468
44 10.1721 24.2976 0.979845
45 72.5072 48.4192 -1.56353
46 54.6376 47.0133 -1.65502
47 51.3131 16.3236 -2.83953
48 63.1147 36.7483 -1.76068
49 22.4435 29.5934 0.667822
50 73.0581 40.6596 -1.69194
51 57.3161 50.1488 -1.48118
52 8.45628 57.2633 -1.27851
53 68.5221 93.8573 -0.172565
54 56.7363 23.404 -2.99933
55 44.5209 0.434896 -2.54746
56 57.4256 31.5674 -2.22053
57 32.5933 58.0775 1.15691
58 54.1777 25.3104 -2.42321
59 22.3015 32.678 1.44978
60 15.2879 24.0868 0.946035
61 63.2974 40.731 -1.48248
62 45.8877 48.8223 -2.06534
63 8.79117 15.1673 0.529211
64 13.8408 22.1624 0.291764
65 39.045 12.8946 -2.3328
66 17.0529 27.7198 0.419704
67 42.1758 34.7473 -2.80252
68 37.1958 8.43391 -2.51248
69 50.1788 52.7088 -2.21554
70 18.1557 19.8916 0.901386
71 31.8571 34.9069 1.79007
72 13.1215 24.6009 0.80252
73 49.4328 27.9491 -2.79388
74 29.8544 28.5612 1.48814
75 53.2721 94.2901 -1.61133
76 46.8996 53.1541 -2.1518
77 15.0958 19.7859 0.86982
78 11.5558 27.5813 0.704756
79 15.6282 14.2692 0.233547
80 46.1378 53.8863 -1.68546
81 15.3926 27.6072 0.50558
82 33.6817 90.5549 2.18931
83 16.0692 10.6869 0.591705
84 29.6751 42.9344 1.39744
85 40.1175 47.199 -1.97446
86 35.8331 65.1849 -2.51382
87 37.006 4.53646 -1.97502
88 13.6722 93.8074 -1.55402
89 27.4832 29.847 1.86159
90 52.5911 90.7621 -0.965264
91 98.4399 84.8665 0.938894
92 37.6024 2.06916 -2.49135
93 54.5828 25.5785 -3.30779
94 66.8413 32.4341 -2.19968
95 47.6521 47.3105 -2.05253
96 14.0102 20.8757 0.441915
97 18.8774 23.4342 0.252175
98 28.2632 29.7935 1.03251
99 75.118 32.8928 -1.81851
100 9.55231 56.2239 -0.518027
101 11.0515 18.6074 0.342721
102 67.7493 39.6683 -1.65602
103 35.3013 33.9708 1.50069
104 58.4191 43.6238 -1.89268
105 53.8242 89.8953 -1.72177
106 56.2949 32.962 -2.63411
107 52.7595 35.7956 -2.63062
108 59.9288 48.3937 -2.14783
109 57.0842 36.7548 -2.34169
110 81.5613 37.1163 3.46616
111 18.7356 21.9829 0.727189
112 71.9407 39.3565 -1.82963
113 48.8462 23.4115 -3.38951
114 88.1475 48.8111 2.02731
115 43.5601 33.4855 -2.42412
116 14.7287 29.7124 0.505373
117 27.4925 36.7494 1.81832
118 78.3367 41.8749 -3.24573
119 54.3847 25.3256 -3.17182
120 28.8732 34.4204 1.68608
121 71.2522 36.6153 -2.21144
122 65.8656 33.5295 -2.17547
123 9.9 17.5795 0.462028
124 41.9167 8.47365 -2.58302
125 40.46 11.3684 -2.18998
126 87.1703 82.1657 1.11809
127 41.5514 8.40585 -1.89533
128 10.9128 60.904 -0.548124
129 52.7718 43.9748 -1.56802
130 51.6956 51.2863 -1.96701
131 71.1078 27.0023 -2.9228
132 61.1078 89.6999 -1.38232
133 58.7884 92.199 -0.678913
134 24.2234 28.838 1.00615
135 20.8403 20.1342 0.347677
136 32.6008 26.7254 1.47819
137 20.7427 19.6347 0.443224
138 66.0747 34.7229 -2.60039
139 42.505 52.6464 -1.86741
140 66.7268 41.8522 -1.36831
141 39.2856 12.8887 -2.33434
142 17.2411 8.97438 0.871069
143 72.9464 48.3562 -2.06799
144 18.7664 22.8719 0.198614
145 51.1006 32.0964 -3.11851
146 53.1121 49.257 -2.39128
147 4.20425 24.0079 0.51098
148 50.6278 49.7065 -1.59091
149 17.7968 26.7358 0.814373
150 61.5005 44.1547 -1.84231
151 46.0023 47.9902 -1.85213
152 33.5092 29.3474 1.82762
153 59.0533 44.4567 -1.37036
154 75.5066 48.4033 -1.44871
155 60.2983 93.5564 -1.30594
156 69.839 40.0473 -1.55396
157 63.9803 51.7972 -2.02405
158 27.072 30.8419 1.42399
159 83.7484 44.6168 2.34903
160 10.261 27.3948 0.556085
161 92.7754 83.8094 1.03183
162 72.9534 42.7247 -1.81998
163 39.7328 6.43933 -2.82118
164 25.9644 79.5847 0.0335418
165 43.5569 43.269 -2.23946
166 35.9787 10.4448 -2.31704
167 23.1839 21.6274 0.0574894
168 11.6535 18.3297 0.475431
169 7.24929 51.6504 -0.50624
170 4.80176 22.1432 0.240029
171 16.7873 17.5599 0.106591
172 49.7668 31.3433 -2.44659
173 67.9984 42.3409 -1.46591
174 19.0964 30.6723 0.917457
175 92.0733 87.6042 0.931272
176 85.234 45.4862 2.18666
177 37.8213 49.2559 -2.23466
178 6.48588 53.2276 -0.281687
179 48.4372 45.903 -2.28589
180 48.1487 24.0522 -3.288
181 72.7057 44.1405 -2.36341
182 55.7998 32.4774 -2.30009
183 84.4681 21.2607 3.07307
184 21.7644 37.3047 0.966104
185 57.0847 96.1026 -1.48365
186 66.1476 32.7892 -2.726
187 71.4653 39.7368 -1.50447
188 8.86575 13.4096 0.438674
189 12.9604 28.2223 0.917912
190 13.8354 32.0214 0.100795
191 18.0996 25.7039 0.745991
192 41.1994 46.8827 -1.84353
193 60.1939 38.9255 -1.59692
194 30.8305 29.4667 2.07125
195 15.2377 18.9344 0.339856
196 24.8926 29.7302 1.09705
197 37.4175 65.3255 -1.85589
198 35.8731 86.6397 1.47095
199 25.9181 29.8986 1.41716
200 20.2503 18.7032 0.672502
201 4.67554 5.56808 0.523729
202 7.40088 58.8134 -1.26543
203 63.7283 58.2646 -1.73039
204 19.9251 29.6976 0.837654
205 50.7786 31.7537 -2.39689
206 29.4338 55.41 0.465249
207 25.5956 34.5669 1.80586
208 21.9425 37.4721 0.458534
209 79.1035 39.1724 -2.93338
210 14.3497 20.4241 0.938629
211 64.9716 28.6319 -2.88671
212 60.6633 91.6487 -0.645235
213 51.5607 52.7373 -2.02082
214 12.2876 13.1128 0.327547
215 50.2281 28.0189 -3.09435
216 70.5666 52.1756 -1.89164
217 18.4017 16.7119 0.07958
218 62.8339 54.1999 -1.26556
219 55.8585 20.497 -2.82221
220 30.1141 16.8455 0.380091
221 62.1471 52.1794 -1.35845
222 16.3502 22.0954 0.198888
223 54.1921 95.6594 -0.707403
224 76.7842 37.4824 -2.62655
225 69.9822 95.1236 0.161127
226 66.7556 46.0248 -2.25693
227 65.6241 37.6682 -1.73503
228 38.382 66.7326 -2.01445
229 63.2905 47.7316 -1.67545
230 45.8926 6.07594 -1.95503
231 14.029 22.8762 0.980899
232 97.1294 83.6041 1.54536
233 31.0881 34.966 2.1409
234 25.8915 31.0146 1.57965
235 57.3957 30.5429 -2.59152
236 66.6356 41.2384 -1.47267
237 13.8769 27.2149 0.0601289
238 57.4832 24.4727 -2.89063
239 11.2478 9.31664 -0.174529
240 81.6528 40.5709 2.4844
241 13.5301 26.8222 0.857252
242 59.8845 50.0981 -1.27611
243 18.4776 20.2563 0.50909
244 89.8532 80.1372 1.35205
245 60.8173 49.7414 -1.43535
246 69.651 31.0296 -2.70557
247 43.0405 10.1631 -2.4833
248 12.8161 10.8907 -0.0621526
249 16.6913 29.1412 0.347041
250 71.4139 81.261 -0.305684
251 8.99564 28.1791 0.5227
252 71.582 1.61548 0.104881
253 52.795 99.6356 -0.445769
254 70.2651 27.4374 -2.53847
255 16.9132 28.0606 0.267299
256 60.8339 48.6866 -1.50168
257 69.0277 32.2234 -2.00207
258 70.3761 40.8142 -2.24296
259 57.2381 33.5342 -2.94587
260 24.3598 29.1386 1.51131
261 48.802 18.9704 -2.94864
262 70.1065 45.7923 -2.18247
263 37.2717 54.3496 -1.93346
264 8.01156 24.9734 1.01358
265 35.1666 31.747 1.61915
266 41.7273 48.6926 -1.88331
267 12.8528 22.1614 0.547203
268 58.315 18.6523 -2.98852
269 68.2034 89.9334 -0.674774
270 54.0024 26.8948 -3.19396
271 57.6442 33.2492 -3.07469
272 40.6761 65.5462 -2.56027
273 24.7984 31.612 1.83322
274 38.1906 52.0488 -1.91189
275 62.5455 42.7059 -1.42975
276 29.5855 28.3034 1.47795
277 48.0003 31.0004 -2.84939
278 6.95689 20.2472 0.588176
279 61.3281 51.992 -1.57825
280 17.3226 8.09014 0.53255
281 67.8732 35.5463 -1.82255
282 55.2381 25.0997 -2.57978
283 22.1685 26.1098 0.77971
284 14.3849 27.8383 0.424616
285 17.1869 20.2402 0.0777738
286 42.5253 9.17982 -2.53173
287 66.3645 31.5115 -2.19777
288 76.7511 36.7863 -2.55376
289 9.93976 24.3824 0.527158
290 59.3245 40.056 -2.35242
291 10.7337 20.4382 0.200726
292 93.6299 55.8541 2.07976
293 36.0585 51.2313 -2.05052
294 57.4488 23.1865 -3.32897
295 72.9016 4.46238 0.383303
296 21.8367 37.3889 0.950499
297 70.3485 44.0346 -1.82514
298 11.0414 22.8352 1.11958
299 21.6845 22.4981 0.151911
300 38.9355 45.0884 -1.68375
301 16.6382 25.7924 0.561389
302 96.7612 35.2961 1.58526
303 65.8678 35.394 -2.53068
304 9.15531 16.9319 0.858438
305 13.5002 29.688 0.876967
306 68.4264 97.4933 0.11643
307 11.0791 25.8554 0.916178
308 50.2841 22.7052 -2.89975
309 40.6359 51.622 -1.94518
310 71.2905 93.5986 -0.18614
311 49.4354 6.01567 -2.14535
312 58.645 51.2464 -1.32831
313 45.0574 47.6205 -2.16381
314 80.7646 46.2906 2.84165
315 62.5005 40.1274 -1.49689
316 19.3125 20.3233 0.592401
317 17.4968 12.6465 0.173487
318 81.3158 41.9504 2.96058
319 16.8437 24.2728 0.962274
320 17.1186 22.8306 0.0775562
321 55.2444 19.2626 -2.86276
322 18.0384 20.9522 0.344224
323 14.9603 14.0761 0.440735
324 12.4653 27.6074 0.669652
325 65.1199 47.432 -1.54322
326 69.3356 29.1426 -2.59782
327 41.6958 51.4407 -2.49048
328 20.4992 39.4543 0.330983
329 73.6987 36.0868 -2.25924
330 48.8521 48.8799 -2.50249
331 60.9168 90.8253 -1.36908
332 71.9037 36.0892 -2.02327
333 32.239 87.1601 1.54625
334 7.77605 7.90156 -0.0436925
335 18.3518 23.7551 0.843736
336 24.8744 18.6229 0.620312
337 10.9237 8.88895 0.175127
338 64.3394 45.7572 -2.13937
339 67.9947 29.5569 -2.21242
340 13.1521 18.4725 0.695178
341 10.059 12.4155 -0.168434
342 12.0838 18.5721 0.412015
343 65.9112 51.4097 -2.16947
344 66.8218 37.2553 -2.2425
345 93.1262 52.7477 1.51424
346 47.399 8.37689 -2.58281
347 29.7787 29.2835 1.66224
348 11.8378 11.6044 0.579756
349 11.9672 30.717 0.911237
350 61.2153 47.6323 -1.40011
351 68.7046 41.3868 -2.29284
352 7.8274 22.3342 0.27768
353 54.8483 93.6253 -1.34451
354 32.1089 30.6246 2.04577
355 71.6957 29.9776 -2.65338
356 74.1329 34.1166 -2.05163
357 64.6031 91.4777 -0.796606
358 51.424 23.1095 -2.79712
359 26.4272 35.5358 0.913255
360 76.5083 52.0216 -1.54606
361 18.2761 31.9014 0.55588
362 16.0558 19.1021 0.131614
363 38.6827 61.7463 -1.99856
364 7.38425 25.8475 0.876891
365 54.4011 46.717 -2.14443
366 21.0764 18.4688 0.0380836
367 52.5703 36.8105 -3.04975
368 51.2198 48.33 -1.74686
369 94.2145 50.9872 1.91315
370 84.5176 41.0187 2.97886
371 17.8099 27.815 0.638321
372 58.0818 24.5994 -2.96851
373 47.2578 25.3165 -2.56656
374 8.99349 27.6376 1.10411
375 54.3613 45.5262 -2.35596
376 56.4731 36.0015 -2.33857
377 41.7081 29.5442 -2.25198
378 57.5443 48.8007 -2.14919
379 29.2619 20.2125 0.487278
380 65.1495 44.678 -1.99965
381 30.6492 28.5051 1.27338
382 15.8696 17.4227 -0.0298161
383 10.5174 54.4009 -0.187531
384 28.0492 38.8521 2.17395
385 72.6911 92.7797 0.00734875
386 66.8772 97.6525 0.0206105
387 38.6806 45.1155 -1.89465
388 68.9561 46.3912 -1.78196
389 24.9747 31.6734 1.52451
390 10.1647 22.0291 0.596982
391 52.782 23.5998 -3.03998
392 90.2542 39.5371 1.97525
393 64.252 49.6195 -2.00513
394 17.3029 20.1632 0.827024
395 49.6936 21.399 -2.53347
396 54.4238 19.8651 -3.36376
397 21.1466 26.947 0.996994
398 73.4363 28.7659 -2.93313
399 42.5163 31.958 -2.26819
400 14.1627 7.16246 0.61714
401 38.5589 7.50573 -1.89288
402 42.566 59.8141 -1.61693
403 15.0813 16.4504 0.111012
404 29.7574 54.6582 0.756434
405 7.38438 19.686 0.313826
406 44.2228 6.3922 -2.60299
407 17.1606 18.5368 0.750438
408 45.4414 23.3478 -3.27017
409 23.1445 20.5327 0.601092
410 11.8136 9.0788 -0.211056
411 89.6796 48.5595 2.46746
412 46.1022 57.3358 -2.50133
413 50.8235 19.6138 -3.35639
414 62.0562 47.0937 -1.80844
415 92.5661 55.6765 2.2264
416 20.0874 35.7678 0.405515
417 16.0156 10.4433 0.483123
418 14.935 22.0443 0.819448
419 8.31811 99.255 1.12151
420 27.78 35.0415 1.75073
421 10.8058 18.3828 0.925073
422 55.5571 28.7529 -2.75459
423 39.8985 19.7291 -2.48284
424 84.8517 45.6935 2.84099
425 18.4985 16.1292 0.197899
426 45.5173 31.3007 -2.17224
427 8.68708 28.055 0.990178
428 58.2425 47.2048 -1.87947
429 65.5405 46.39 -1.60825
430 91.1975 82.641 1.66841
431 57.0734 46.435 -1.72833
432 68.8687 39.6838 -1.95215
433 46.2818 33.9675 -1.90291
434 64.3198 29.1053 -2.63906
435 4.33288 23.5019 0.974685
436 72.0524 45.7885 -1.74713
437 28.5599 33.7562 1.94763
438 5.85392 6.63158 0.42292
439 48.1362 32.6125 -2.11043
440 34.064 25.6155 1.33346
441 24.6195 81.9238 -0.0552359
442 15.4696 21.4291 0.0874761
443 31.0075 31.6269 1.3256
444 61.0912 47.498 -2.28938
445 14.1769 30.9443 0.746323
446 47.1208 4.0749 -2.62196
447 45.6124 10.0097 -2.29594
448 88.2983 45.7324 2.07135
449 15.618 27.5259 0.933053
450 14.1175 13.4648 -0.177254
451 45.2049 54.5762 -2.39487
452 12.5651 29.3049 0.900897
453 67.9661 43.0432 -2.34911
454 53.0075 30.9839 -2.34426
455 31.6801 11.3144 -1.9865
456 9.74527 8.24938 0.168513
457 57.455 27.6253 -2.50457
458 76.6995 42.0917 -2.16981
459 40.6378 17.7552 -2.40417
460 23.7515 29.8937 1.49564
461 54.3886 90.5002 -0.896895
462 60.2204 49.7297 -1.9371
463 57.2761 35.6724 -2.88667
464 64.2768 54.1438 -1.5535
465 52.4542 23.4252 -3.39725
466 66.0468 49.2323 -1.69841
467 18.4882 21.5799 0.901853
468 21.5608 33.2519 0.776656
469 68.1245 44.3479 -1.54028
470 10.1297 18.11 0.324853
471 61.027 50.0202 -1.3377
472 59.4321 51.3716 -1.7384
473 47.6408 27.3711 -2.38935
474 87.0476 44.5561 2.6674
475 45.3634 7.78737 -2.25568
476 60.3815 92.8314 -0.487815
477 31.3919 59.8121 1.26451
478 95.1867 87.017 0.883558
479 95.5846 53.5248 2.03672
480 57.3927 25.0754 -2.64241
481 23.0513 36.091 0.69394
482 29.6044 28.8723 2.1087
483 13.7102 16.5106 0.869964
484 93.6931 38.4547 1.0036
485 96.7866 34.4571 1.23304
486 67.3065 42.5452 -1.72397
487 73.0996 50.8723 -1.50111
488 42.037 38.8407 -2.3708
489 35.721 10.4985 -2.26434
490 72.7721 2.95505 -0.150189
491 68.4118 33.3841 -1.99135
492 59.5509 48.2187 -1.40122
493 64.0732 34.5714 -2.09784
494 68.2488 31.2109 -2.85342
495 36.064 43.6853 -1.90228
496 16.7483 25.1297 0.172544
497 86.0525 41.4169 2.95867
498 65.6585 47.0731 -1.62303
499 40.6469 15.178 -2.17149
