500
Particles
0 41.9044 34.9815 1.79596
1 70.0672 29.5453 1.85132
2 52.6613 73.5251 3.16337
3 59.6086 63.5407 1.48545
4 81.9251 25.365 1.9463
5 49.6573 30.6522 2.53184
6 47.8112 51.1864 2.22539
7 68.9402 72.6098 0.765413
8 69.3383 34.9951 1.62005
9 69.8994 38.3173 1.92485
10 60.8102 35.8346 1.98496
11 52.2292 70.275 2.37902
12 49.0857 65.0252 1.58134
13 85.678 17.3291 2.00127
14 83.8329 28.8091 1.87805
15 96.2113 21.3034 1.72664
16 66.6365 39.0216 1.94929
17 76.8811 45.242 1.67127
18 81.7432 35.8666 1.74561
19 58.5942 58.4027 1.22776
20 58.1795 64.2478 1.93876
21 36.8703 49.854 2.1596
22 56.6109 45.2714 2.18825
23 86.6556 21.7821 1.76224
24 60.6744 67.6369 1.59353
25 47.8816 38.52 2.58034
26 48.9051 25.9175 2.31154
27 41.9658 70.4712 2.69254
28 47.4218 45.2117 2.15677
29 13.6584 19.8949 1.7736
30 50.0259 79.8976 2.353
31 53.3692 45.433 2.70199
32 55.6459 62.9962 1.31825
33 62.1571 73.3012 1.12493
34 52.37 39.7542 2.01292
35 78.1059 40.6112 1.87637
36 49.3416 86.6014 0.779947
37 51.4211 57.7749 1.504
38 46.6894 41.8048 2.29896
39 82.1109 22.2436 2.24797
40 54.2011 37.1396 2.25294
41 80.9861 22.717 2.32762
42 63.7971 42.2285 1.9809
43 60.7846 64.0078 1.85443
44 67.8619 30.5739 1.84173
45 63.9599 38.7688 2.17792
46 51.9353 41.2134 2.65568
47 72.7705 63.6186 1.62519
48 56.1036 39.0627 1.9768
49 48.2337 33.0142 2.41663
50 84.4582 39.7749 2.25713
51 57.3306 44.8869 1.81282
52 61.5799 66.3528 1.38444
53 49.3037 86.4432 0.485653
54 85.1224 26.1161 2.42759
55 64.0237 60.0156 1.92115
56 86.8755 28.2026 2.45644
57 58.1193 28.7563 2.49383
58 84.655 32.0449 2.07754
59 47.1689 39.4903 1.98502
60 83.1979 37.9273 2.22879
61 59.6877 38.1257 2.22823
62 67.8081 33.8425 2.37112
63 68.0353 24.0311 2.01036
64 44.516 55.71 1.70276
65 67.6079 64.6253 1.13459
66 81.0453 40.9357 2.08508
67 81.4275 40.5959 1.9862
68 65.5436 61.615 1.19096
69 64.2532 30.7218 2.39634
70 47.9377 54.7701 1.61657
71 52.1362 39.5891 2.15069
72 82.2817 36.9504 2.32032
73 52.936 57.1644 1.83524
74 56.3972 30.8503 2.86007
75 68.5807 69.3404 0.758252
76 60.0309 31.225 2.25077
77 49.2492 54.4995 2.06298
78 49.3177 22.9678 2.53535
79 86.4397 33.8335 2.32143
80 55.7384 35.0418 1.95747
81 79.6038 39.2743 2.52539
82 59.0729 55.3784 1.69788
83 81.0359 31.0334 2.12202
84 64.5481 57.2038 1.56719
85 56.2298 37.1702 2.63221
86 57.7296 36.1076 2.75702
87 54.9254 52.8211 1.61312
88 62.8691 59.6203 1.38745
89 54.8589 31.9957 2.05611
90 61.5795 67.8114 1.12843
91 52.4876 46.705 2.55542
92 53.2375 51.036 2.17397
93 79.5001 25.4882 1.79924
94 57.9898 38.3658 2.0461
95 59.7808 59.0797 1.2499
96 38.0857 53.6123 2.5506
97 50.9549 58.3563 1.61738
98 54.636 32.1366 2.02884
99 53.7522 51.4952 1.91602
100 63.8039 66.4649 1.20023
101 83.6236 36.3975 1.76309
102 61.0705 36.5153 2.74764
103 51.7227 35.9419 2.89081
104 58.6915 42.9556 2.47895
105 60.1361 69.0879 1.68993
106 83.4019 25.9419 2.45818
107 42.9499 40.8744 2.56254
108 56.2899 43.7368 2.45969
109 92.3062 33.389 1.66561
110 73.1866 70.3317 1.83676
111 51.5792 56.762 1.46053
112 58.0502 63.1413 1.33392
113 46.7879 48.6809 2.14831
114 40.948 60.8722 1.76288
115 49.4429 63.9674 1.78781
116 56.9948 27.0804 2.79678
117 51.0546 43.7987 2.2363
118 56.3 65.2008 1.63349
119 84.9989 28.308 2.17107
120 47.6035 36.732 2.39319
121 74.7724 37.6563 1.68857
122 58.0028 40.6275 1.90524
123 76.0884 31.5427 2.29596
124 92.9298 -0.0218316 -0.165682
125 66.309 59.8254 1.08902
126 65.4064 47.9931 1.72311
127 82.3548 19.6635 2.35152
128 62.536 67.6319 0.922263
129 44.8544 74.5435 2.87979
130 47.412 45.1909 2.71054
131 57.6622 32.9966 2.68547
132 67.6895 61.2698 1.34571
133 68.5593 62.944 1.1057
134 48.0326 31.1363 2.36879
135 52.5286 55.4245 1.51721
136 54.9344 29.8424 2.40139
137 44.7802 55.7696 2.15673
138 59.197 37.8992 2.13546
139 50.1488 36.282 2.82933
140 61.392 34.9899 2.14145
141 63.7388 61.5646 1.91192
142 81.3703 28.6128 1.87939
143 68.0522 42.5317 2.14114
144 46.4618 59.2737 2.19927
145 44.8213 74.0012 3.34885
146 45.1972 40.1672 2.5631
147 59.4763 73.5446 0.753076
148 53.7415 55.5949 1.75007
149 80.3104 39.0647 2.49591
150 63.3605 38.6751 2.72016
151 56.7842 61.567 1.32027
152 57.3817 30.5408 2.85922
153 55.7163 42.2942 1.83845
154 67.2552 40.3724 2.45948
155 71.0778 64.7901 1.96304
156 73.5907 35.7915 1.93973
157 64.5729 50.0525 1.66772
158 48.2877 27.5098 2.54538
159 69.6009 46.9145 2.04516
160 61.0782 74.7263 1.36175
161 66.6089 45.2591 1.73451
162 79.1666 40.7569 1.81456
163 62.8076 57.9385 1.6023
164 66.659 67.0007 1.14259
165 76.8294 38.2672 2.22753
166 62.7524 58.4643 1.86042
167 54.156 58.8213 1.78525
168 83.9161 35.3204 1.95001
169 65.4174 65.358 1.26764
170 72.103 22.856 1.65879
171 46.8725 51.2986 1.72812
172 41.4803 37.6505 2.41413
173 62.7496 34.7497 2.03811
174 48.3228 27.1852 3.03945
175 67.1241 58.722 1.04832
176 9.73955 35.9079 0.0304316
177 51.2959 33.9868 2.90716
178 62.8157 66.5038 0.864817
179 48.5953 46.6668 1.70033
180 49.238 51.2361 2.20168
181 70.4943 39.9815 1.90752
182 88.694 28.589 2.37656
183 43.7164 36.0895 1.94641
184 55.0163 51.6002 1.47643
185 67.2552 65.0517 1.15597
186 60.547 42.8131 1.82883
187 58.0485 62.8054 1.65265
188 75.8307 28.4542 1.8687
189 50.7539 74.4593 2.57459
190 48.3375 28.0398 3.03503
191 48.6449 60.5391 2.047
192 54.5892 29.6422 2.31028
193 55.8523 47.125 1.71417
194 55.8317 35.1341 2.04466
195 42.7604 52.2025 2.10189
196 50.4524 35.0478 2.35436
197 56.2186 32.9681 2.47779
198 52.6556 51.0309 2.0216
199 49.0084 29.9769 2.35055
200 51.8651 54.2878 1.58254
201 13.2204 18.064 1.42309
202 61.9813 67.331 1.07423
203 69.5063 48.3569 2.08429
204 49.501 26.8605 2.40729
205 54.5678 57.049 1.65088
206 54.1111 35.6841 2.43248
207 48.6273 41.8671 2.05285
208 61.7643 56.1072 2.09119
209 56.4985 64.4279 1.71
210 83.9872 37.4688 2.42797
211 57.2648 40.5806 2.51317
212 67.8452 62.5405 1.1985
213 57.7294 59.6492 1.76716
214 73.8606 27.0114 2.40337
215 44.2401 43.9964 2.66616
216 64.8701 43.8395 2.51881
217 43.6212 50.3321 2.41765
218 71.7016 57.6032 1.91985
219 79.2644 45.8957 1.6519
220 52.5601 57.0826 1.49092
221 59.1801 47.5772 2.32521
222 50.6756 57.8377 1.46933
223 63.8922 70.1685 1.18814
224 59.2631 64.0822 1.59132
225 55.3568 70.4731 1.83817
226 66.4703 37.2276 2.22644
227 59.9906 43.2012 2.37369
228 59.114 36.3256 2.77463
229 60.1089 35.8938 2.84315
230 86.3654 19.0771 2.7231
231 87.2636 35.9214 2.22858
232 54.8483 49.2287 1.67766
233 52.5247 39.5393 2.30907
234 48.4655 34.8093 2.74194
235 86.7523 25.8168 2.29843
236 66.1545 36.068 2.46488
237 51.9718 73.9394 3.28715
238 88.0667 27.1978 1.81534
239 80.6526 27.508 1.838
240 45.2687 60.938 1.54481
241 69.555 34.0144 2.09645
242 60.118 45.8514 2.60103
243 52.312 53.4522 2.1921
244 68.6481 46.5466 1.90265
245 57.8728 45.1352 1.681
246 59.8311 37.5361 2.3336
247 81.8969 13.9824 2.78372
248 81.5317 28.4018 2.19511
249 54.7861 29.1601 2.70651
250 40.8217 72.5367 2.61152
251 46.9293 72.8055 3.39743
252 66.7623 70.7672 1.18194
253 58.7927 65.6229 1.25595
254 58.6062 33.9318 2.86285
255 80.1797 38.81 2.43196
256 61.1062 44.0792 2.57617
257 58.7189 36.8354 2.30229
258 73.4041 39.3599 2.35014
259 87.989 27.6578 1.83825
260 50.1723 29.8053 2.54135
261 84.8141 29.8693 2.34028
262 64.1194 39.8903 2.05589
263 52.9512 46.7219 2.31497
264 59.5498 73.7487 1.27449
265 56.484 33.2141 2.28737
266 51.6491 32.8192 3.00377
267 41.2684 56.8118 1.67018
268 49.236 37.8873 2.48705
269 41.4281 73.7742 2.87463
270 86.6196 31.5785 1.88685
271 90.3346 29.4662 2.30575
272 56.3739 59.835 1.37281
273 50.6838 37.0416 2.08373
274 54.0703 43.0937 1.99947
275 59.1253 35.264 2.30286
276 52.5428 32.3219 2.62937
277 51.2499 50.3743 1.89554
278 65.6422 26.6298 2.49101
279 60.8495 46.693 2.42498
280 87.8924 31.3129 1.95754
281 58.7736 39.6909 2.21857
282 85.1321 27.6715 1.82672
283 53.3364 63.3432 1.60194
284 63.3416 29.4976 2.5346
285 48.7088 54.8828 1.89001
286 79.3192 21.1865 2.4786
287 56.5474 36.9109 2.01428
288 61.0248 59.9729 1.39349
289 63.8565 30.3376 2.46137
290 52.3766 39.4299 2.13173
291 72.4002 31.0581 2.4382
292 63.6848 64.7303 1.8332
293 51.9031 42.1589 2.51134
294 89.8678 27.6706 1.75637
295 9.3997 53.4591 1.11886
296 56.7063 52.7583 1.64271
297 64.4158 38.4023 2.24595
298 73.2232 32.8484 1.82945
299 51.4964 59.3157 1.7167
300 54.2403 36.2765 2.45712
301 83.2728 38.7965 1.65649
302 46.2161 35.4084 2.81787
303 58.4401 37.9426 2.0598
304 68.1205 25.3557 2.00668
305 50.511 72.9462 2.68785
306 58.2108 70.1667 1.42277
307 51.1525 72.6478 3.03797
308 86.4643 32.438 1.86698
309 52.405 43.786 2.74771
310 60.9411 71.2469 1.63704
311 90.2617 23.0211 1.85276
312 56.8231 44.7452 2.52125
313 55.5665 60.5769 1.17374
314 80.1729 44.0729 1.60522
315 57.1843 40.5388 1.83016
316 52.9639 52.2405 2.29499
317 86.0014 33.5161 1.98919
318 51.7645 66.2632 2.05997
319 50.5478 59.2092 2.10747
320 50.3112 56.5393 2.04095
321 77.2617 43.0493 1.75701
322 53.093 54.4923 1.95669
323 85.6928 34.0106 1.74465
324 63.0118 24.5056 2.36918
325 65.1922 43.7426 2.43118
326 57.7311 33.3256 2.10875
327 55.7129 39.5601 2.34286
328 57.5247 53.9971 1.45716
329 60.319 60.6464 1.37696
330 58.3988 59.4554 1.49157
331 67.3819 73.7803 1.17009
332 58.3696 61.0128 1.42489
333 53.7402 52.0097 1.85881
334 80.973 24.1481 2.58693
335 48.408 59.7302 1.90769
336 53.5991 55.8519 1.39568
337 80.866 25.7622 1.77058
338 61.9252 41.973 2.42157
339 59.0625 39.4756 1.84411
340 31.4521 48.8696 2.64401
341 81.2008 32.0122 2.2746
342 83.0747 35.1246 2.36553
343 63.4143 45.7828 1.70595
344 60.4386 38.4763 2.17945
345 64.1603 63.9625 1.11883
346 76.5986 22.2876 2.05587
347 48.7618 26.6531 2.3437
348 76.4845 28.5237 2.56178
349 49.1666 24.3121 2.69131
350 58.2054 43.8239 2.07299
351 70.8628 36.0934 1.60204
352 68.3922 29.7681 2.50974
353 63.0497 69.5395 0.972364
354 54.6438 32.3863 2.3471
355 60.6165 32.1617 2.73604
356 54.8559 54.3588 1.8324
357 73.2569 66.343 1.77744
358 88.296 33.2498 1.64158
359 48.7156 39.4096 2.37077
360 72.6203 46.153 1.54254
361 45.832 32.0233 2.54159
362 40.779 54.1732 1.58727
363 58.1102 35.2846 2.18354
364 63.6942 74.4402 1.49191
365 54.3722 45.2925 2.1481
366 51.1354 53.7257 2.01289
367 53.0297 57.4499 1.47129
368 43.4781 38.6224 2.59666
369 58.9168 59.6901 1.76581
370 57.4445 66.9166 0.940686
371 80.5589 38.6123 2.34111
372 92.6716 28.6119 2.15594
373 52.0785 55.5296 1.37498
374 49.1277 75.2287 3.4576
375 56.3044 48.7978 2.13105
376 92.787 31.7098 1.46991
377 55.9558 61.0833 1.89937
378 52.8656 42.8942 2.45298
379 51.4305 59.938 2.05895
380 59.6519 35.8846 2.13072
381 52.5321 26.123 2.5042
382 43.1308 52.0775 1.55841
383 63.8196 61.9697 1.31835
384 55.0402 49.6716 1.91222
385 66.1808 72.6092 0.883837
386 50.7573 84.5124 0.931219
387 49.1053 31.7099 2.26215
388 65.3564 40.6767 2.1029
389 46.6723 37.3264 2.08518
390 78.0901 34.0506 2.13054
391 85.2845 31.2721 2.02424
392 46.4194 34.7832 2.2581
393 62.6253 45.8256 1.87928
394 44.2975 54.7281 1.81864
395 86.9374 33.6625 1.88085
396 79.2616 44.3388 2.19993
397 48.9166 63.5477 1.71787
398 57.4174 59.5209 1.50974
399 72.1864 33.9281 2.5479
400 79.9385 27.0666 1.81415
401 60.2495 58.3621 1.85905
402 54.3763 30.7091 2.87531
403 38.6006 49.4805 2.33973
404 56.1542 39.3949 2.72792
405 68.0425 29.0488 2.78548
406 83.8707 16.6959 2.6607
407 45.9998 52.8766 2.30466
408 43.4289 43.2094 1.81845
409 56.2266 56.4728 1.66114
410 80.819 29.0479 2.43252
411 43.7506 62.4113 2.07568
412 65.9871 35.0035 2.47215
413 81.923 29.0241 1.73197
414 61.4701 44.8422 1.82796
415 64.1577 64.196 1.04917
416 55.2581 51.2866 1.75992
417 78.447 26.721 1.95058
418 85.6059 37.0878 1.80881
419 61.4067 60.9967 1.39001
420 51.419 40.9761 2.35135
421 82.2916 36.481 2.11245
422 86.9079 30.3062 2.03468
423 52.989 55.5405 2.25482
424 83.8693 41.1231 1.63025
425 46.6409 49.3323 2.42315
426 53.8874 61.1194 1.56329
427 46.6581 74.6162 2.59768
428 57.2884 41.5391 2.69508
429 62.7247 41.6903 2.53906
430 67.1632 42.9007 1.86939
431 56.1844 48.5045 2.14192
432 80.1799 40.3506 2.01348
433 54.4484 58.9653 1.42695
434 52.926 38.2985 2.17365
435 67.2105 73.0662 0.769433
436 69.7836 41.8249 1.82
437 50.5362 35.1337 2.89095
438 11.5549 21.035 1.15125
439 52.6957 58.4885 2.06372
440 60.6878 31.0402 2.41296
441 83.499 17.6862 2.48493
442 45.378 55.2753 1.52254
443 51.8219 30.2171 2.47771
444 56.3696 45.7451 2.41364
445 47.7805 27.4242 3.06077
446 70.9153 73.3411 1.27951
447 82.4829 20.8061 1.98463
448 10.0826 41.3533 0.490197
449 62.9308 30.288 2.62653
450 83.8031 33.4519 2.54961
451 55.7263 33.7368 2.44647
452 48.0534 75.6827 3.15551
453 61.6617 35.1072 2.04947
454 45.578 74.2061 3.04437
455 64.6468 62.5961 1.58136
456 77.4261 25.7201 2.02897
457 87.8367 27.4591 2.40176
458 27.8501 47.4268 3.00855
459 67.1359 62.4295 1.21854
460 50.6312 36.8933 2.94077
461 60.0858 67.3464 0.921494
462 58.9522 46.2466 1.75466
463 89.825 30.8087 2.17761
464 60.4719 47.693 2.51972
465 83.6023 31.6061 2.48004
466 62.1431 41.524 2.06935
467 52.4642 56.8673 1.45923
468 47.8006 38.6063 2.69989
469 70.3601 37.2667 2.15351
470 71.0577 28.9283 1.7906
471 58.0215 43.7011 2.39573
472 58.8732 46.2549 1.89628
473 51.5274 50.6659 1.55609
474 0.035255 20.1801 2.29309
475 82.1789 19.0366 2.60428
476 75.5537 66.7503 1.39481
477 57.515 35.6773 1.91589
478 63.9318 56.0211 1.08737
479 62.1653 62.8627 1.10844
480 94.0367 23.3269 1.91391
481 56.6217 52.8723 1.40463
482 54.6192 30.6523 2.94243
483 81.6197 33.885 2.01381
484 45.6497 41.5566 2.31214
485 44.333 33.5773 2.14754
486 64.7437 35.9195 2.45474
487 64.5733 43.3842 1.93064
488 71.0418 34.9163 2.07655
489 63.1777 60.3189 1.8293
490 65.1013 70.9838 1.43036
491 58.0234 36.1415 2.43803
492 59.9304 49.557 1.76604
493 56.5802 42.3518 2.53905
494 58.0156 34.7695 2.68578
495 51.0354 42.4759 2.36479
496 46.9186 60.6296 1.68933
497 87.2494 38.1609 1.74637
498 66.4677 40.6493 2.57226
499 70.5899 59.0257 1.13052
