500
Particles
0 23.6007 50.9823 2.02875
1 57.8784 50.0953 2.29454
2 31.5941 85.8875 2.28801
3 58.8899 88.0581 1.88787
4 78.4571 49.2698 1.19522
5 28.6569 43.3474 2.75129
6 39.574 73.5789 2.05652
7 73.1003 96.1732 1.64196
8 55.5592 55.1668 2.05912
9 56.6065 58.6253 2.12923
10 45.2253 54.3626 2.23062
11 31.7683 83.3095 2.26989
12 33.5871 83.2844 1.89838
13 81.4303 40.6551 1.5665
14 80.751 52.8368 1.12206
15 94.5162 44.4749 1.4563
16 53.5273 59.7753 1.75372
17 71.4996 68.7077 1.65269
18 73.2488 58.5039 1.95078
19 59.7743 82.6784 1.70542
20 59.5177 88.4976 1.27272
21 24.7396 68.5107 1.93495
22 43.1085 65.3316 2.39555
23 81.8154 45.4058 1.85559
24 63.3833 91.7929 1.19166
25 29.4105 54.2849 1.97061
26 27.4828 37.0351 3.27492
27 19.2092 76.7119 2.69136
28 31.3361 63.4696 2.17854
29 30.8512 18.6417 -1.29861
30 59.0983 1.58819 1.95919
31 39.2993 65.2471 2.53632
32 51.9032 87.1815 1.48247
33 65.8079 97.2918 2.04285
34 34.9521 56.8991 2.26022
35 69.9663 63.1301 1.66852
36 57.8765 7.72731 1.50139
37 43.5975 80.7818 1.81025
38 28.309 57.8346 1.95881
39 80.0027 46.044 1.6356
40 38.0479 55.5222 2.49992
41 77.4014 46.3675 1.35724
42 51.0359 63.2858 2.35758
43 62.3099 88.2892 1.78459
44 54.7122 50.8013 2.42201
45 49.7957 58.5281 1.95977
46 35.5491 59.5364 2.53567
47 78.5641 87.2385 1.58412
48 42.59 59.5106 2.25915
49 29.2172 47.896 2.13557
50 78.6336 63.5566 1.41023
51 44.9726 65.993 2.38186
52 67.1067 90.0574 1.77934
53 57.9167 7.4615 1.23911
54 80.7419 50.0576 1.70656
55 66.9032 84.4094 1.72013
56 83.7403 52.2625 1.33714
57 39.8918 44.8067 2.36654
58 79.7039 55.8938 1.48233
59 28.9643 55.5161 1.9876
60 78.7911 61.3178 1.226
61 44.6433 57.2564 2.59984
62 53.0253 53.5307 2.0263
63 53.0414 42.428 2.0577
64 33.1354 76.141 2.30325
65 73.3636 88.3165 0.856104
66 74.3798 64.4495 1.64363
67 75.3562 64.0655 1.4554
68 70.2766 85.6818 1.56428
69 49.3247 50.2797 1.82322
70 40.1253 77.7299 2.25867
71 37.0018 58.8899 2.28164
72 77.3367 60.7858 1.57
73 46.4838 80.1736 1.84802
74 39.5914 48.261 2.09261
75 73.9868 93.286 1.10871
76 43.6764 49.6839 2.32823
77 43.818 77.656 2.26512
78 26.8638 30.821 3.18285
79 81.8855 57.5764 1.03872
80 40.4161 53.7863 2.1444
81 73.1264 62.4879 1.61854
82 58.0019 79.6207 1.71764
83 74.4335 54.6519 1.45399
84 68.122 81.4778 1.08288
85 41.7736 56.9318 1.81558
86 41.9937 54.8813 2.57501
87 45.6503 75.3448 2.32415
88 66.472 83.8802 1.0204
89 36.9385 48.5613 2.82409
90 65.3145 91.7662 2.03268
91 40.9664 67.9438 2.0839
92 43.984 73.4436 2.10436
93 76.3961 49.4937 1.84057
94 42.4293 57.0962 2.1258
95 60.9572 83.5308 1.13377
96 26.8198 72.8933 2.4426
97 43.1907 80.9962 2.66345
98 36.8362 48.8768 2.78824
99 44.9043 74.1481 2.52953
100 67.652 90.6307 2.00609
101 77.0253 59.7863 1.57775
102 47.1194 56.6312 2.43955
103 35.042 53.9587 2.82779
104 44.6723 63.0574 2.63579
105 63.4059 93.0539 1.17687
106 80.4992 49.8191 1.39059
107 23.8341 55.7071 2.64224
108 42.3379 63.7066 2.20881
109 90.7269 57.5267 1.63804
110 77.2015 94.4845 1.77442
111 44.3902 79.9705 2.172
112 59.5363 87.312 2.00612
113 39.8936 71.5266 2.66536
114 23.0845 74.6925 2.58564
115 35.4635 83.1785 2.31468
116 38.9685 43.29 2.21124
117 36.3286 62.8711 1.58491
118 54.9968 89.6339 2.00471
119 80.4867 52.3007 1.06919
120 29.0261 52.5865 2.50376
121 66.9251 60.0426 1.50214
122 42.4278 59.8146 1.91742
123 68.6523 54.6501 2.31215
124 16.3783 98.5657 0.745809
125 70.7251 83.7196 1.55254
126 51.95 68.5055 1.76526
127 78.5072 43.4529 1.87683
128 66.5507 91.6604 1.75847
129 21.3438 78.5119 2.51917
130 29.257 61.4259 2.22128
131 42.4728 52.0576 1.9908
132 73.3726 84.8224 1.03208
133 74.2602 86.934 1.11535
134 28.6859 46.1061 2.57408
135 44.9679 78.6258 2.2012
136 36.2231 45.3431 2.35387
137 34.0381 76.507 2.07445
138 45.1548 57.9811 1.70544
139 32.5721 53.3323 2.46235
140 46.6829 54.3616 2.44963
141 69.9243 85.1181 1.31664
142 77.372 52.3881 1.8517
143 54.0608 62.7426 1.78703
144 32.7981 78.1391 1.91817
145 21.8474 79.6505 2.95782
146 26.2485 55.9023 2.72862
147 63.7835 97.7675 1.43462
148 46.1081 78.9787 2.35067
149 73.7335 62.4776 1.53217
150 48.1437 57.8403 2.42606
151 55.043 86.016 1.89135
152 40.0324 47.7303 2.53658
153 43.0798 63.2739 1.98324
154 53.9211 61.0119 1.80696
155 77.544 88.01 1.48832
156 61.4068 56.5464 2.6076
157 53.1722 71.2232 2.28067
158 27.2022 39.5581 2.42989
159 60.4749 69.0795 1.86186
160 64.7261 98.7695 1.40738
161 54.8696 66.6589 1.97589
162 72.3527 63.9341 1.42428
163 64.4399 82.4201 1.46952
164 72.6378 90.7544 1.81944
165 69.0951 60.8322 1.98703
166 65.4647 82.7809 1.429
167 48.0095 81.8303 2.67912
168 79.8659 59.2568 1.59063
169 71.9037 88.9589 1.33589
170 69.0322 45.525 1.46523
171 38.2571 73.1584 2.42466
172 22.935 53.3633 2.42355
173 48.2304 54.636 2.13776
174 26.8544 38.4793 2.38253
175 71.5114 82.6705 1.78033
176 27.2892 23.2608 -1.01977
177 34.7564 51.9978 2.71952
178 66.1112 90.4505 1.98891
179 33.5092 65.6559 2.18291
180 39.4653 73.6647 2.25318
181 56.6812 60.2166 1.75922
182 86.4335 52.5285 1.68765
183 23.936 50.2286 2.6703
184 44.6317 73.4374 2.28494
185 72.874 88.641 0.923834
186 45.4269 61.84 2.73641
187 57.6559 87.006 1.35077
188 68.1626 51.0829 2.14094
189 28.7863 84.0418 2.83177
190 27.9407 41.3059 2.68167
191 37.0166 81.1602 2.6795
192 35.7473 44.7134 2.63665
193 46.2103 69.2319 2.66433
194 39.6508 53.3601 2.74404
195 33.8192 73.8251 2.12623
196 31.8922 50.767 2.53866
197 40.3833 51.2895 2.24415
198 43.466 73.857 2.48055
199 29.4343 44.3812 2.41697
200 44.2333 76.6779 2.53043
201 31.8927 16.9028 -1.21024
202 64.0314 91.7454 1.17118
203 61.1803 70.2864 2.0718
204 27.1661 36.352 3.24149
205 48.1799 80.4464 1.89463
206 37.6961 53.4491 2.41256
207 30.8376 58.4045 2.35395
208 62.7966 80.3323 1.74403
209 56.6678 88.8944 1.9926
210 79.5778 61.4104 1.37218
211 43.7585 60.5677 1.97693
212 74.0308 86.042 0.939707
213 54.8743 84.0112 1.50332
214 66.9997 49.9348 1.6503
215 25.2603 59.0861 2.47344
216 51.5767 64.2696 1.86726
217 33.4337 71.4967 2.39562
218 77.5149 80.9597 1.82423
219 73.8197 69.3191 1.76497
220 45.0045 80.2563 1.99936
221 47.4833 68.8836 1.94829
222 44.3323 81.2709 1.92512
223 68.2838 94.5268 1.27844
224 59.4084 88.7885 2.00171
225 36.0866 84.5551 2.06375
226 53.5045 57.9039 1.74863
227 44.4839 62.2046 2.49521
228 44.3339 55.6788 1.85157
229 44.232 54.2237 2.37781
230 81.9227 42.7578 1.68016
231 82.6156 59.651 1.92759
232 44.5595 70.951 2.40502
233 36.9529 58.2035 1.8998
234 30.8405 51.7602 2.45825
235 82.7814 49.5085 1.89545
236 53.2694 56.8423 1.8809
237 31.3436 85.9492 2.36423
238 85.0255 51.2553 1.16974
239 77.2387 51.8442 1.8904
240 29.4298 78.0751 2.1384
241 56.7651 54.5917 1.5261
242 50.0311 68.0651 1.96616
243 45.4424 76.6044 2.44886
244 56.8688 67.8582 2.09924
245 45.6116 66.0399 2.35267
246 44.4975 56.7609 2.61235
247 70.6894 26.2217 -3.46624
248 77.7902 52.4739 1.88111
249 36.9424 45.8899 2.72438
250 17.5988 77.3705 3.10107
251 24.6085 81.5395 2.52086
252 68.4683 94.9021 1.97974
253 59.3024 89.9455 1.96665
254 43.772 53.6681 2.29536
255 74.1614 62.3249 1.22986
256 48.9047 65.2075 2.21655
257 43.9552 56.2139 2.58446
258 60.4811 60.0299 1.99283
259 84.8466 51.1864 1.96937
260 29.213 42.4887 2.96404
261 79.8524 53.8868 1.45056
262 49.5901 59.7161 2.07374
263 41.4238 68.1429 1.9499
264 62.3351 98.0497 1.82094
265 40.282 51.5366 2.3753
266 33.7654 49.1389 2.65598
267 29.8252 76.3028 1.81598
268 31.7302 55.0821 2.13514
269 18.1635 79.1003 2.94633
270 82.5599 55.3695 1.99976
271 88.2481 53.5398 1.44482
272 51.634 83.5212 2.17512
273 33.3388 54.2509 2.22386
274 39.1487 62.5123 2.54185
275 42.9273 53.5935 2.3248
276 32.8507 46.7493 2.12821
277 42.7481 72.8386 2.64195
278 48.9487 43.5656 2.18141
279 49.3357 67.9284 1.99291
280 84.5285 55.7447 2.06698
281 44.3398 59.546 2.67462
282 81.9425 52.0341 1.46551
283 48.2787 86.8729 1.69116
284 48.2806 47.9461 1.5692
285 41.7415 77.2922 2.17291
286 73.4689 45.1806 1.90825
287 41.0452 55.8573 2.25048
288 62.3053 84.2873 1.27688
289 49.2954 49.8518 2.17583
290 39.1608 60.2561 2.16187
291 61.4808 52.6552 2.75036
292 70.7415 88.1838 1.03336
293 36.5235 61.388 2.28663
294 87.0367 51.2658 1.62492
295 20.079 71.3966 1.77626
296 47.5944 75.3116 2.01437
297 51.503 59.3772 1.83753
298 62.6948 54.6756 2.36277
299 43.7795 82.1433 2.32606
300 38.2272 54.6444 2.69784
301 77.1005 62.3892 1.36633
302 27.8619 51.7637 2.58817
303 43.2807 57.3217 2.61627
304 54.1798 44.159 2.72275
305 29.1102 83.6391 2.49517
306 61.3385 94.0441 1.31436
307 30.2791 83.869 2.46894
308 79.392 56.2155 1.5707
309 38.4258 63.9579 1.80692
310 64.3938 95.5121 1.63809
311 86.6279 47.0881 1.18644
312 43.8985 65.3065 1.92973
313 57.4876 84.9931 1.52103
314 74.6931 67.6441 1.25779
315 43.2786 60.5832 2.42691
316 44.7058 74.5867 2.70657
317 81.6203 57.3485 1.93452
318 34.1053 82.8775 1.84359
319 43.2672 82.2294 1.98011
320 42.8465 79.6823 1.86171
321 72.1642 66.8446 1.04737
322 46.1389 77.8505 1.87087
323 79.8749 57.7823 1.51143
324 45.3113 11.6529 -2.28203
325 51.1158 63.6837 2.486
326 41.8154 51.9752 2.23591
327 39.551 57.9898 1.85862
328 49.4358 76.4662 2.24632
329 62.0357 84.7225 1.91223
330 57.1396 83.8618 1.11838
331 69.6637 97.8831 1.56828
332 58.4545 85.282 1.50895
333 44.5509 74.2976 2.35057
334 77.998 48.1844 1.11507
335 38.0638 81.4874 2.64193
336 46.0132 79.1073 2.24992
337 78.6232 50.0234 1.0089
338 48.0934 62.1104 1.90897
339 44.1361 58.4313 1.79743
340 9.37939 57.7406 2.56591
341 75.4828 55.4718 1.42782
342 77.2335 58.6257 1.71169
343 51.6249 67.0232 2.55121
344 45.7195 58.155 2.19443
345 67.0301 88.3794 1.16923
346 75.5038 46.7802 1.75681
347 29.1718 41.4603 2.78894
348 69.7839 51.2615 1.90168
349 26.6419 32.2161 3.34567
350 45.5952 64.7177 2.66465
351 57.7043 56.2412 1.83851
352 55.9002 50.3369 2.2043
353 67.7148 93.3038 1.93089
354 35.5999 47.3259 2.82103
355 46.2999 51.6401 1.68332
356 47.4294 77.311 2.10939
357 77.3674 90.1056 1.72132
358 83.5961 56.9028 1.81022
359 31.0631 56.0651 2.06437
360 69.0506 69.9842 1.5426
361 26.1451 46.2366 2.51607
362 27.7663 73.5134 2.60478
363 43.0496 54.5113 1.78567
364 66.3188 98.4391 1.37725
365 42.3939 66.6982 2.50408
366 43.3306 76.2633 2.632
367 46.2907 80.3029 2.62864
368 24.8721 54.0674 2.10738
369 59.7252 83.8924 1.80034
370 59.0601 91.1503 2.11817
371 73.7655 61.5907 1.41719
372 89.9915 52.2172 1.60446
373 43.9994 78.4431 1.89819
374 26.3424 82.3455 2.52651
375 45.9717 71.22 1.94157
376 92.5689 55.4592 1.08225
377 53.2536 85.1766 2.11126
378 38.4756 62.6008 2.02914
379 45.9356 83.1434 2.3674
380 46.0916 56.6137 2.65181
381 31.3401 38.4024 2.87958
382 33.5117 73.2391 1.96164
383 68.0676 86.3311 1.20397
384 45.2369 71.6814 2.77887
385 67.5449 96.984 1.63961
386 59.8303 6.21457 2.04132
387 30.257 47.1696 2.91702
388 50.4208 59.8759 2.36305
389 28.48 53.741 2.58985
390 71.1191 57.2947 1.22044
391 81.4217 55.3971 1.13711
392 28.5107 51.5253 2.86434
393 49.7827 66.3321 1.91495
394 33.7257 75.6609 2.30472
395 82.434 57.5182 1.45145
396 74.443 67.8374 1.01384
397 32.4964 80.4249 1.99596
398 58.3248 83.8964 1.08454
399 59.2745 54.1958 2.2323
400 76.1306 50.8897 1.54531
401 59.5517 82.8419 1.81951
402 36.4986 47.1816 2.67975
403 27.1532 68.9453 2.21031
404 40.6266 58.29 2.69944
405 55.7524 49.5087 2.03449
406 82.0178 40.3753 1.19085
407 37.6357 75.239 1.95118
408 23.7822 57.4888 2.9004
409 50.8474 79.6152 1.75186
410 78.2517 53.3202 1.94039
411 25.9846 76.927 2.5813
412 50.4986 54.2618 2.37041
413 77.9986 53.1057 1.93945
414 49.5346 66.1925 2.30177
415 69.7808 87.8146 1.04687
416 45.9116 73.687 1.89427
417 75.1764 50.6037 1.01369
418 81.1646 60.996 1.92928
419 63.9201 85.466 1.14793
420 36.0812 60.0448 2.67781
421 76.5 60.2028 1.5547
422 82.865 54.2131 1.75509
423 46.305 78.6178 1.9778
424 78.4446 64.8842 1.61581
425 36.9487 70.7711 2.26788
426 49.1004 84.6163 2.62936
427 23.963 82.1739 2.33667
428 43.4291 61.7008 1.86916
429 48.974 62.0888 2.09153
430 53.7328 63.4401 2.51876
431 45.1739 69.7824 2.28936
432 72.6436 63.7634 1.50707
433 49.7364 82.639 1.97203
434 35.8807 55.9272 2.26758
435 68.9388 97.1406 1.08497
436 56.5041 62.2336 2.11419
437 32.6328 52.0179 2.1424
438 29.0891 19.8735 -1.20111
439 45.6299 81.7165 1.75561
440 46.6708 50.7265 2.43133
441 79.0647 40.7141 1.39715
442 37.197 77.9749 2.02158
443 31.8705 44.329 2.3593
444 45.0341 67.6511 2.0068
445 26.8493 39.9043 2.301
446 75.3411 96.8331 0.916133
447 78.9269 44.9382 1.37728
448 1.10188 58.987 -3.17892
449 47.9475 49.0659 1.76059
450 77.1014 57.0681 1.94265
451 37.2683 50.3092 2.3816
452 25.6023 83.6798 2.53225
453 47.1333 54.8768 2.28061
454 21.9293 78.3375 2.3506
455 69.4783 86.696 1.22457
456 73.5187 49.7429 1.3255
457 83.5941 51.2965 1.13949
458 5.5813 56.7164 2.83815
459 72.7275 86.3897 1.39348
460 32.6906 53.5112 2.32368
461 62.4889 91.5028 1.72998
462 47.1028 67.7778 2.19513
463 87.4189 54.6284 1.71235
464 47.7599 68.7437 2.59351
465 78.9878 55.6086 1.9266
466 48.647 61.6258 2.50664
467 46.8875 80.2535 2.27079
468 29.0925 53.9474 2.08852
469 56.7445 57.4869 2.12056
470 58.902 49.2251 2.68561
471 42.4128 62.6607 1.82768
472 47.7833 68.1645 1.88517
473 44.4935 73.5157 2.09054
474 19.3104 20.0061 0.455685
475 80.6907 43.1808 1.12989
476 78.9191 90.9909 1.86882
477 43.7997 55.6182 2.30698
478 66.6662 80.1805 1.79595
479 65.6819 86.9708 1.06529
480 94.1179 47.4067 1.12323
481 48.0909 75.7477 2.45835
482 36.1278 46.4783 1.95121
483 75.7077 57.5465 1.04328
484 26.5514 56.92 2.13726
485 24.8796 47.8592 2.51376
486 49.9809 55.6481 2.03477
487 50.4923 63.4075 2.35032
488 57.1619 54.5353 2.02379
489 65.7247 84.6312 1.17284
490 72.6422 94.2302 1.66524
491 43.4957 56.0943 2.404
492 48.1373 70.5727 2.60682
493 43.17 62.6813 1.89093
494 42.7487 53.81 2.52761
495 35.3152 61.1576 2.25851
496 33.4562 80.5663 2.05108
497 81.54 61.3392 1.01242
498 51.6911 60.1282 2.37873
499 75.3561 82.9211 1.77273
