500
Particles
0 68.0741 12.5521 2.46879
1 92.1005 83.513 2.38307
2 83.0671 51.6375 2.52914
3 55.2207 72.4841 1.82186
4 67.5414 30.7129 2.13667
5 92.0239 81.3482 1.85335
6 84.1416 36.9299 2.34658
7 70.045 79.8448 1.70379
8 40.6954 36.3834 1.27152
9 17.3958 0.82252 -2.83372
10 86.9733 17.0573 2.54766
11 77.9667 43.0244 1.57202
12 84.1525 49.2442 2.41428
13 66.9457 16.5696 1.89448
14 72.1337 34.8252 1.63279
15 68.0326 19.7994 2.20678
16 99.0478 23.6262 1.56828
17 72.4678 48.0607 1.63524
18 68.9146 41.7603 2.04261
19 33.1623 58.8034 1.72753
20 55.596 73.9221 1.96461
21 81.7988 34.684 1.77661
22 85.4093 27.0983 1.9319
23 67.9858 24.255 1.93859
24 64.4257 76.336 2.04493
25 74.0487 20.2324 2.22864
26 94.6663 75.9371 1.51811
27 78.3684 41.4712 2.12307
28 81.828 32.3803 1.83712
29 86.0779 48.5901 2.1295
30 47.5306 77.107 2.22189
31 81.2912 27.9047 2.61627
32 24.7939 64.4325 2.22513
33 62.9874 82.0474 2.07494
34 75.0607 17.9335 2.20304
35 65.4594 43.26 2.53281
36 55.8446 82.9284 1.19387
37 87.4958 44.9564 2.34977
38 77.2586 26.7869 1.77551
39 68.0876 24.9227 2.24417
40 79.7737 18.859 1.84846
41 65.6289 23.8374 2.62773
42 89.57 19.4741 2.79555
43 57.9062 73.434 1.3686
44 92.9594 85.0353 2.52117
45 92.477 21.1573 2.05842
46 79.0456 23.9557 2.49547
47 91.3849 71.3498 1.28017
48 84.3594 21.6886 2.5849
49 70.1167 7.43682 2.74446
50 75.681 44.97 2.27961
51 88.5967 29.1888 2.51402
52 61.0575 75.227 1.37237
53 59.2927 83.3569 1.50644
54 72.4492 31.9309 2.02548
55 76.7633 69.2227 1.4063
56 74.5095 34.4326 1.63272
57 88.1317 11.6344 2.3461
58 74.484 37.6662 2.14657
59 72.4648 19.5213 2.62358
60 74.8448 41.1678 1.77366
61 84.445 18.2104 2.75574
62 38.1924 31.6655 0.863918
63 17.6436 58.5767 -1.15777
64 80.1212 39.3073 2.22696
65 89.446 72.4331 1.54136
66 72.0587 44.9141 1.83465
67 74.2885 44.6239 1.96968
68 91.5302 68.946 0.860739
69 94.5228 14.2325 2.43229
70 82.5373 39.5452 2.25346
71 78.2872 21.9817 2.82656
72 73.0548 41.8554 1.6891
73 88.6485 43.0343 2.41035
74 85.7788 15.0466 2.59073
75 71.6849 76.2757 2.00886
76 88.0724 14.6996 2.83519
77 86.1345 39.4773 2.23287
78 89.0191 52.0136 1.77397
79 74.1402 38.9581 2.40328
80 85.2966 20.0255 2.39631
81 72.4905 44.844 1.66418
82 61.199 43.859 2.18798
83 63.5335 36.1468 1.95447
84 76.0762 66.7084 1.93632
85 85.5628 21.7243 2.59911
86 85.8016 18.8277 2.29869
87 90.2181 39.6036 1.59579
88 78.9361 67.9964 1.57394
89 83.8714 14.3772 2.72778
90 63.1021 76.5522 1.42525
91 81.0779 28.4018 2.65831
92 87.269 36.5808 2.2903
93 63.2557 30.2909 2.64335
94 85.1525 20.7998 2.55755
95 38.6989 62.1855 1.85058
96 81.3083 38.6194 1.68116
97 83.606 41.2218 2.102
98 82.2579 14.4704 2.33667
99 87.1486 36.1759 1.70285
100 64.614 76.3676 1.59704
101 70.911 41.3147 1.71994
102 87.2396 18.2319 2.65777
103 74.596 15.1611 2.47386
104 85.7695 25.1687 1.8721
105 63.2296 77.6775 1.8663
106 73.235 32.142 1.90158
107 70.6866 21.1472 2.74382
108 82.7062 25.8457 2.16216
109 76.9773 38.4966 2.10723
110 74.0088 77.804 1.94931
111 90.3883 44.4929 2.29514
112 56.3068 71.8104 1.75497
113 83.9699 35.2174 2.57037
114 80.0847 42.8401 1.62209
115 83.2691 47.3113 1.66403
116 86.8167 11.2341 2.77112
117 77.5065 24.9511 2.72618
118 42.8844 72.1488 1.13184
119 69.0684 34.9435 1.84074
120 72.4108 16.4264 2.11493
121 84.581 81.4794 2.38946
122 83.1412 21.7455 1.99227
123 60.4291 30.4476 1.99886
124 79.4365 49.8845 2.34284
125 92.383 64.8692 1.75869
126 97.1389 26.9026 1.66542
127 61.4268 17.7997 2.19782
128 63.3972 75.7835 2.03572
129 76.2633 42.9784 2.12517
130 78.3772 29.5055 2.23714
131 87.2735 17.453 2.91541
132 99.2769 65.6897 0.857287
133 97.9102 69.3267 1.29304
134 67.7487 95.0482 -2.76871
135 86.9366 40.6849 1.71797
136 85.4507 13.1975 2.85103
137 81.5777 38.4565 2.32611
138 87.44 21.0358 2.81196
139 74.1126 15.7393 1.99742
140 89.6805 18.9027 2.04971
141 82.7199 68.7023 2.00418
142 64.8928 34.0779 2.44894
143 35.0646 42.953 1.45227
144 80.6838 39.587 1.9871
145 75.896 45.411 1.85391
146 71.1591 20.1621 1.85542
147 63.0321 81.9161 2.26283
148 88.7573 41.9093 1.68835
149 68.0504 44.2417 1.94713
150 87.5601 18.5855 2.37041
151 27.3 63.2102 2.62598
152 87.1916 15.2417 2.27333
153 85.6279 26.1968 2.54077
154 0.889556 21.7726 2.5712
155 94.9176 71.5748 1.67355
156 44.2955 36.532 0.842334
157 23.5656 46.0339 0.210599
158 94.3308 77.4858 1.4831
159 34.8446 46.5551 2.02889
160 61.6633 83.9336 1.88834
161 36.745 47.4612 2.04203
162 68.8276 44.393 2.23938
163 77.2215 65.181 1.35928
164 91.229 73.5934 1.24106
165 64.6979 42.7918 2.56938
166 78.1402 67.0464 2.13197
167 91.3309 43.4654 1.78172
168 74.8938 40.9223 1.65789
169 88.2256 72.8925 1.53355
170 31.3358 67.42 1.74982
171 82.5212 36.5738 1.97961
172 68.6417 16.7357 2.20035
173 89.482 16.8635 2.36356
174 92.5047 77.2726 1.10251
175 94.8855 62.1309 1.21584
176 82.8918 51.5434 2.4399
177 76.8536 14.9508 2.64703
178 61.853 74.5407 1.92976
179 80.1955 31.3649 1.84508
180 83.7209 37.3371 1.7529
181 35.9776 42.0744 1.61804
182 75.5685 34.3118 2.12125
183 64.1961 8.84376 2.39591
184 87.5429 36.6002 1.87935
185 93.9499 71.7821 1.34232
186 87.2554 24.0343 2.3231
187 45.6641 69.6844 1.76177
188 57.8871 17.2858 2.92312
189 79.7705 47.9308 2.36557
190 93.9005 77.1337 1.43301
191 83.0928 44.2472 2.16099
192 83.667 10.2566 2.04426
193 89.8803 32.9103 1.71122
194 81.7123 17.0912 2.71374
195 82.1251 37.1998 2.13735
196 72.0148 12.2886 2.01414
197 86.1655 18.6013 2.85925
198 86.5933 36.7232 2.09834
199 13.7379 50.6898 -2.24314
200 86.9989 38.5417 2.59143
201 86.1014 45.9713 1.98936
202 60.7596 76.3631 1.70879
203 39.1303 48.6171 2.1356
204 96.0009 74.8674 1.75056
205 91.4598 42.9766 1.84388
206 80.4993 17.7242 2.10399
207 75.0147 22.7536 2.40218
208 62.5407 46.9059 1.90425
209 43.4701 70.7304 1.09196
210 75.2201 43.1098 1.44236
211 85.9185 23.5722 2.61037
212 94.2501 68.6423 1.47497
213 27.5514 60.8251 2.26086
214 58.4795 15.1808 2.8003
215 74.5816 27.1109 1.98582
216 91.18 22.3314 2.01359
217 80.5927 35.6242 1.90072
218 74.4071 52.6923 2.31134
219 72.9884 48.4124 1.80074
220 87.8509 43.1119 2.43663
221 90.8159 32.3097 2.33216
222 87.8888 44.4632 1.99597
223 66.5487 78.8867 2.2145
224 53.215 72.8966 1.88707
225 84.5284 49.6555 2.43172
226 1.10867 20.4775 2.60713
227 88.6417 26.5695 2.17504
228 86.936 19.3324 2.69782
229 89.5317 20.4978 2.73918
230 64.6562 18.1791 2.5888
231 76.9068 40.8149 2.12642
232 87.1216 33.1897 1.79295
233 77.6228 20.4951 2.53959
234 74.4146 16.5831 2.09508
235 73.2098 32.0033 2.22585
236 99.3939 18.0836 2.82139
237 81.6611 49.8926 2.17582
238 74.9551 33.5251 2.23109
239 65.817 34.5253 1.9666
240 79.1231 41.6361 2.31188
241 42.8264 34.9593 0.641332
242 89.2912 26.2215 2.48489
243 86.7101 38.5778 2.44337
244 36.1875 48.494 2.09775
245 87.504 28.1813 2.65037
246 87.5693 21.5877 2.55493
247 93.2814 75.3448 1.84207
248 69.784 34.6823 1.68426
249 83.5659 12.7235 2.13129
250 77.2803 42.3384 1.46131
251 77.8351 48.5543 1.76512
252 68.8926 78.6316 1.63873
253 49.6752 73.9967 1.95324
254 87.8566 17.4149 2.39575
255 70.0512 43.8144 2.30383
256 89.3329 25.2511 2.40462
257 84.4356 17.9687 2.81727
258 43.2248 40.2909 1.12762
259 72.3641 31.6848 2.46874
260 97.0016 79.2276 1.33729
261 69.1524 35.8277 2.03601
262 89.9816 19.1694 2.86335
263 85.6812 31.7704 2.2887
264 63.6338 82.8514 1.29546
265 85.8857 17.4893 2.89295
266 76.6784 12.6111 2.42947
267 79.9119 41.0686 1.64219
268 70.6765 15.5714 2.61531
269 77.4521 43.8764 1.72739
270 75.339 36.5082 2.18553
271 75.5834 34.7758 1.99813
272 25.7202 60.3785 1.69046
273 74.5687 17.1917 2.24232
274 80.3795 25.7327 2.30869
275 87.8039 19.7077 2.66055
276 78.5241 10.4939 2.39116
277 86.8165 36.029 2.3501
278 88.2529 84.607 2.34185
279 89.2524 26.8491 2.40316
280 77.0845 37.6481 2.32729
281 86.6198 22.8626 2.02492
282 70.7124 33.7657 1.77909
283 94.3226 42.9524 2.1074
284 99.2062 14.9588 2.28554
285 84.7325 40.0875 1.59077
286 61.3292 20.5628 2.63982
287 84.9629 20.891 2.63728
288 41.8097 58.1212 2.47389
289 95.9968 15.2941 1.95544
290 79.4745 21.9044 2.32117
291 64.514 5.46155 2.19895
292 95.1825 70.0035 1.5259
293 77.3171 23.2582 2.14484
294 75.4267 32.3168 2.52987
295 80.1182 34.4492 2.31748
296 90.5919 37.4836 2.46196
297 97.1522 22.3887 1.86535
298 49.524 35.5696 1.55042
299 86.0452 45.554 2.31996
300 80.2033 18.0299 2.60261
301 74.5058 43.4218 2.13069
302 70.9439 15.0803 2.00432
303 86.8264 21.7098 2.40463
304 13.8715 61.3863 -1.15132
305 79.0786 47.0783 1.80657
306 59.6336 79.0648 1.69435
307 82.9941 47.9362 2.23325
308 70.1328 38.9164 2.24324
309 77.6625 24.2753 2.34159
310 64.0458 80.7269 1.82834
311 70.7789 25.5481 2.35475
312 87.1444 28.7807 2.11066
313 29.9544 62.5563 2.15076
314 73.2802 47.4329 2.15338
315 86.6966 24.9868 2.68354
316 85.7561 35.3296 2.42524
317 74.722 37.5943 2.05176
318 82.4441 48.1622 2.03748
319 86.4805 45.4777 1.97145
320 87.0021 42.9697 2.2386
321 71.8959 47.1456 2.23008
322 89.4896 39.9619 1.63941
323 72.1327 38.2007 2.14894
324 10.3365 45.6161 0.938183
325 92.417 23.5831 2.49638
326 85.6124 16.8637 2.62095
327 78.2129 19.195 2.62502
328 93.6942 40.0207 2.21676
329 53.9171 68.3706 1.36646
330 29.3613 61.1187 2.13932
331 68.781 82.9116 1.56806
332 32.5811 62.9399 2.01234
333 88.5818 38.3269 1.77136
334 66.9375 26.6982 2.0882
335 84.0549 44.6695 1.81107
336 90.2256 42.786 1.72998
337 66.8435 31.5398 1.86688
338 91.9222 23.5181 2.7681
339 83.9236 19.6772 2.44305
340 66.844 14.6613 2.41271
341 65.706 37.6235 1.87079
342 73.8734 40.749 1.56911
343 89.7137 22.8606 2.08301
344 88.4455 21.1436 1.99776
345 73.0669 72.8621 1.99882
346 66.2741 24.9378 2.1175
347 95.9025 79.8573 1.49372
348 58.945 19.4653 2.56629
349 93.3369 74.8379 0.919024
350 87.0281 25.0216 2.65146
351 35.6407 37.6226 1.46045
352 95.6097 82.8847 1.64898
353 65.5909 77.896 1.22936
354 81.3528 11.689 1.81315
355 87.6394 14.4533 2.87824
356 90.9319 39.6476 2.22134
357 91.9674 73.6882 1.38117
358 76.2394 37.1842 1.92827
359 74.3795 20.1847 2.13357
360 70.4112 48.5224 2.26658
361 69.073 7.40762 2.28669
362 79.4368 36.4321 2.39217
363 85.927 18.8875 2.00142
364 66.8475 83.2234 2.21218
365 82.5069 28.5927 1.99118
366 84.4268 37.8572 2.50668
367 88.9045 43.2414 2.27138
368 68.7957 17.8923 1.89277
369 34.6774 61.6674 1.90372
370 52.5138 75.9973 2.00137
371 71.5992 43.589 1.47337
372 77.7539 32.56 2.25753
373 86.8352 41.1108 2.28584
374 76.864 46.2396 1.61189
375 88.8698 34.7498 2.22316
376 80.3245 37.7029 2.1711
377 25.4917 62.7583 2.10979
378 80.467 24.9535 2.48935
379 88.3785 45.7926 1.70936
380 88.0867 19.2366 2.80524
381 8.40502 49.5682 0.337772
382 82.419 37.1745 2.2168
383 79.2968 70.6728 1.33626
384 85.3979 32.5595 2.13201
385 67.8576 80.2732 1.78557
386 55.6459 81.9813 1.57075
387 70.4456 7.77004 2.87645
388 92.9582 20.5208 1.80106
389 73.8693 19.7847 2.04332
390 63.3189 39.5815 2.02722
391 71.8035 37.2246 2.47266
392 73.3073 17.1555 2.01434
393 91.0333 25.3255 2.18508
394 81.3362 38.6656 1.74545
395 76.8376 38.5029 1.97788
396 74.8897 47.9972 2.53883
397 78.866 41.3559 1.86042
398 30.2469 60.9984 2.3237
399 45.677 35.5143 1.21386
400 64.9901 32.1612 2.40117
401 38.1817 61.3713 1.93511
402 83.7815 14.4681 2.46817
403 83.7 36.2554 2.10233
404 81.9265 21.1118 2.41214
405 93.5137 82.9869 1.54791
406 63.5858 13.6039 2.85376
407 84.5327 40.3113 1.733
408 75.1774 27.5726 2.62699
409 93.6434 42.2858 2.30204
410 67.9885 35.2606 2.32874
411 80.0847 43.9058 1.66543
412 90.9486 16.3692 2.2093
413 67.3059 35.6008 2.32146
414 89.6734 24.6804 1.82638
415 86.4819 71.1635 1.61394
416 89.05 36.8963 1.84269
417 64.5132 32.3098 2.03361
418 76.2159 42.8718 1.86812
419 74.8258 69.6448 2.06597
420 76.0205 20.3544 2.41788
421 75.1056 41.8817 1.95076
422 72.9977 35.3566 2.3287
423 87.3041 40.1478 2.05451
424 72.786 47.2326 2.29042
425 81.6216 32.4713 1.78062
426 1.16824 39.3529 0.752155
427 76.6544 46.8122 2.10865
428 82.9869 22.4039 2.03976
429 88.2326 20.3905 2.49354
430 32.8283 44.4842 1.46289
431 89.0361 33.8542 1.65541
432 70.6005 44.8991 2.4555
433 97.0939 41.6697 1.56795
434 79.8019 20.2937 1.81785
435 67.8905 80.8219 1.66958
436 37.2887 43.6417 1.32963
437 73.4555 14.3842 1.90456
438 87.2855 51.1286 1.79339
439 89.3116 44.9723 1.57187
440 89.4568 14.5265 2.87655
441 61.7393 14.7562 2.78447
442 82.9364 42.3157 1.93072
443 12.7119 53.2973 -1.52484
444 87.6226 30.393 1.83501
445 90.433 79.7627 2.08267
446 72.7596 79.5756 1.98195
447 65.8167 21.9633 2.16495
448 79.2794 37.1682 1.59314
449 93.777 15.705 2.87356
450 69.2719 38.9628 1.91047
451 81.5456 15.1107 2.73745
452 76.6951 48.1473 2.24854
453 88.0631 16.4613 2.47354
454 78.3799 44.3896 2.42129
455 81.9365 71.48 1.20391
456 63.1778 29.6027 1.80791
457 74.3447 33.7972 2.42331
458 77.1643 30.7573 2.06601
459 95.3019 69.7679 1.04124
460 75.8495 17.1478 1.90614
461 58.9145 76.2504 1.90772
462 88.0573 27.6978 2.46146
463 77.6859 36.3677 2.00672
464 94.3591 32.2418 2.75642
465 70.6834 37.2873 1.87351
466 89.9255 22.2916 1.88305
467 91.1602 42.951 1.56881
468 69.9775 15.9585 1.80182
469 38.417 39.3262 1.39085
470 0.755096 81.3075 1.41578
471 80.789 22.32 2.17751
472 89.2533 29.4332 2.18042
473 87.233 35.9932 2.51891
474 15.9925 48.7921 -2.281
475 67.0425 19.3651 2.43508
476 93.8482 73.7737 1.60808
477 86.883 19.2909 2.67762
478 66.0382 49.045 2.59042
479 72.0882 71.756 1.38386
480 74.1898 27.6502 2.08884
481 93.0965 39.2436 2.14003
482 82.6922 12.5573 2.25104
483 67.9311 40.0685 1.90958
484 70.5293 20.5281 2.67841
485 66.3987 8.89092 1.96482
486 90.3283 18.0449 2.47319
487 90.2857 22.8193 1.87225
488 40.4561 33.9283 1.42667
489 72.3769 69.9148 1.20346
490 72.5283 77.1981 1.84026
491 85.1496 19.206 2.21429
492 89.2121 31.5401 2.5457
493 85.6405 25.4813 2.52166
494 84.9329 15.9257 2.73697
495 78.1063 24.6339 2.61958
496 79.7675 40.7505 1.74224
497 75.3314 42.8688 1.58507
498 91.6152 19.4916 2.19062
499 85.5745 56.0629 2.19113
