500
Particles
0 86.5158 92.3564 2.59858
1 17.1391 86.3081 -2.59356
2 95.078 27.8184 1.52456
3 58.9031 45.5522 1.29884
4 80.5086 6.96841 1.58648
5 90.2368 54.6631 1.91483
6 98.129 13.705 2.15245
7 76.7935 53.2216 1.70059
8 48.1598 12.6734 2.09351
9 37.9078 12.3858 2.27314
10 3.55515 95.7807 2.60888
11 93.422 20.7138 1.7759
12 96.4495 25.3158 1.69911
13 84.6158 95.9281 1.63307
14 84.4718 10.79 1.5767
15 86.3618 99.6899 2.22422
16 19.0144 6.03837 2.41441
17 85.5658 24.5393 1.93705
18 79.437 17.0736 1.61021
19 45.0347 34.5249 1.8897
20 58.6712 46.8105 1.22176
21 96.491 11.7445 1.87375
22 3.18226 6.19206 3.0294
23 84.8756 3.43087 2.07137
24 65.4838 49.3014 1.94098
25 91.5184 99.1135 2.47861
26 88.4715 49.8236 1.88573
27 92.4007 18.5068 2.17977
28 96.6469 9.08758 1.73091
29 -0.186481 25.8451 2.45691
30 50.0818 52.5689 0.460388
31 98.154 6.36436 2.48717
32 37.0401 40.319 1.34149
33 67.5068 55.4012 1.53312
34 93.3371 97.4407 2.6293
35 78.683 20.4897 1.93914
36 51.1621 58.4847 1.02952
37 6.38658 25.4298 2.43991
38 93.8419 5.20125 1.68898
39 83.8111 3.44039 1.65315
40 95.8571 96.7208 2.83787
41 83.0462 3.46464 1.97985
42 10.302 1.89725 3.10198
43 61.875 46.5163 1.90616
44 18.7136 88.3077 -2.05798
45 9.62362 100.298 1.92692
46 96.1345 2.61371 1.83207
47 87.5132 44.389 1.41772
48 1.35753 1.21565 2.79064
49 89.3982 88.9995 2.80734
50 87.8743 21.0377 1.72019
51 6.42135 9.05804 2.97816
52 63.7217 48.2557 1.56566
53 53.1068 58.647 0.164771
54 84.431 7.73411 1.94035
55 76.8101 42.0084 1.76119
56 87.1775 10.0366 1.47025
57 2.57907 89.2281 2.7505
58 86.9314 13.3653 1.67797
59 91.952 0.639408 1.86725
60 89.1788 18.0233 1.94262
61 2.31368 97.9089 2.297
62 46.2692 8.76477 1.2137
63 18.6657 80.5237 -1.96167
64 95.2774 16.5912 1.98188
65 83.8487 45.8533 1.28926
66 86.0222 21.7381 2.17384
67 87.6828 21.4976 1.47366
68 85.2064 42.3405 1.48699
69 6.82635 90.6822 2.89171
70 99.0158 17.9218 2.32761
71 96.7302 1.89226 2.20254
72 86.6531 18.5321 1.95055
73 5.23327 21.5516 2.36337
74 1.10477 92.5575 2.50099
75 77.3758 50.4749 2.37212
76 4.42817 92.88 1.95169
77 3.79279 18.8658 2.48822
78 2.85821 28.9792 2.3329
79 87.7407 15.5654 2.18314
80 0.731349 97.5202 2.22464
81 83.7499 20.0688 2.26259
82 59.9773 22.5903 1.73006
83 74.2625 12.4464 1.08857
84 76.5026 39.6871 1.4547
85 1.00284 99.3224 2.27854
86 0.827566 96.28 2.18225
87 6.6637 18.2011 2.86699
88 77.9764 41.067 1.76309
89 99.522 92.3239 1.84297
90 64.0019 49.3565 1.38691
91 96.9277 6.35012 2.44994
92 4.12807 15.2381 2.9598
93 76.7054 7.40583 1.84869
94 1.00209 98.7691 2.44849
95 48.689 37.1506 1.6457
96 95.4987 15.4939 1.87573
97 1.53997 21.0694 2.33364
98 98.3681 92.6396 1.79779
99 2.82018 14.3333 2.58579
100 68.0892 49.5686 1.51991
101 84.5918 17.8023 2.22438
102 5.2195 97.8138 2.65716
103 92.5071 94.5365 2.66111
104 2.26995 3.61247 2.25089
105 65.2269 50.8369 1.54825
106 86.2959 8.228 1.32276
107 87.6379 0.438551 2.41074
108 1.05382 5.32697 2.426
109 90.7244 15.3325 2.19464
110 78.0479 51.4396 2.11724
111 7.13284 23.8822 2.76463
112 57.7264 44.6795 1.02322
113 99.3564 13.0198 1.81403
114 92.836 18.8441 2.00864
115 96.7463 24.434 1.62579
116 1.59255 88.8502 2.38055
117 94.3628 3.69865 2.09564
118 50.0791 46.9323 1.20838
119 80.2416 10.6271 1.93552
120 89.417 94.993 2.82707
121 74.4305 72.1442 -0.40687
122 0.720929 0.910452 2.41597
123 72.9377 7.38637 2.0002
124 92.4846 26.2729 1.68399
125 91.1039 38.1458 1.20653
126 15.5489 13.2007 2.44114
127 81.8769 99.8651 2.14915
128 65.4655 48.9295 1.59449
129 89.8313 19.8484 1.74522
130 93.9262 7.04259 2.36248
131 2.11896 95.173 2.63611
132 93.0038 39.5251 1.29496
133 90.7663 43.2282 1.54383
134 88.1297 86.5008 2.16411
135 4.4959 20.0977 3.09103
136 0.341744 90.7039 2.0111
137 96.4659 15.7632 1.89577
138 3.17698 99.2935 2.63094
139 92.4157 95.3582 2.78727
140 8.34466 98.8572 1.69432
141 81.9693 41.7793 1.30764
142 77.4899 10.6747 2.0479
143 33.694 16.3162 2.05578
144 94.9783 16.21 1.82762
145 89.8368 22.3635 1.36084
146 89.5185 0.275149 2.59652
147 65.5384 55.2515 1.73083
148 6.54797 21.728 2.20761
149 81.4359 20.273 1.76998
150 7.81863 100.301 1.84016
151 39.101 38.8918 1.97536
152 1.62395 92.4688 2.00023
153 1.30351 4.25387 2.47433
154 22.9301 6.83163 2.88784
155 87.8619 45.2979 1.87238
156 51.7505 12.3808 2.22801
157 31.8465 24.1174 1.49075
158 88.005 51.1037 1.53465
159 34.0777 19.8111 2.01865
160 62.9167 57.1329 2.02952
161 35.3204 21.2054 1.27695
162 82.9157 21.2662 2.28373
163 78.0981 38.6327 1.75711
164 84.8163 47.0606 1.10997
165 74.1675 18.0439 1.60575
166 77.7283 40.1902 1.54226
167 8.34699 23.5802 2.19689
168 87.8618 16.9352 2.09744
169 84.8119 45.6778 1.1328
170 48.5762 70.6826 2.77884
171 97.8257 14.2703 2.12428
172 87.0029 96.9292 2.37859
173 6.6596 96.0608 2.50093
174 85.7276 50.853 1.85549
175 93.5745 35.2931 0.864895
176 97.3702 28.1836 1.53449
177 94.2838 94.3958 1.95073
178 65.1752 47.8321 1.30704
179 95.0466 8.55406 1.85557
180 98.4967 14.1326 2.32259
181 42.7034 16.3395 1.84008
182 89.8082 10.8442 2.1138
183 85.798 91.5173 1.69923
184 3.09477 13.8379 2.48811
185 86.9202 45.3903 1.44209
186 4.39141 2.71827 2.11703
187 53.2877 44.0564 1.73393
188 78.8793 99.7667 2.58241
189 92.7467 23.8173 2.12357
190 88.4207 50.4628 1.40954
191 98.2031 21.8253 1.6863
192 96.9995 87.9323 2.1459
193 5.18194 10.9764 2.11119
194 99.317 96.0741 2.08718
195 96.8051 14.1896 2.15706
196 90.5282 92.0837 2.42935
197 1.99926 96.6111 2.18051
198 1.96522 14.7737 2.61339
199 3.46547 58.7197 1.58694
200 4.15378 18.0972 2.96375
201 0.965973 23.4277 2.85938
202 63.0741 49.5791 1.58752
203 36.5297 22.027 1.2559
204 89.3769 48.8537 1.83126
205 8.23347 22.6579 2.39619
206 96.6461 95.6693 2.55028
207 92.1126 1.57082 2.45163
208 73.1477 22.8362 1.47291
209 50.403 45.9212 1.83574
210 87.9409 19.2201 1.73356
211 1.85457 1.27086 2.44898
212 90.902 41.6147 1.70156
213 41.358 38.0133 2.38098
214 77.3779 97.2944 2.27676
215 92.4488 6.47095 1.77176
216 9.87468 3.09671 2.74649
217 95.8581 12.8926 1.69762
218 88.6825 29.5075 1.84935
219 87.4108 25.5713 1.73357
220 5.15763 22.2375 2.14538
221 8.87502 12.7075 2.00383
222 3.51283 22.2608 2.47252
223 69.4043 51.7439 1.26461
224 56.9135 45.8746 1.42343
225 97.0666 25.3232 2.2858
226 21.8136 3.01324 3.05172
227 3.11131 3.06746 2.2157
228 3.65068 97.7448 2.57438
229 3.56489 97.2018 2.39016
230 83.6264 98.7771 2.05393
231 90.1878 17.1205 1.37272
232 2.96967 11.4701 2.73519
233 95.9773 100.228 2.27152
234 90.6386 94.2044 1.91198
235 85.7614 7.87203 2.31004
236 19.5996 1.22565 2.53102
237 95.3265 26.3573 1.87005
238 87.8132 9.53203 1.78853
239 76.9416 10.0286 1.30725
240 93.2303 18.2564 2.15599
241 50.8775 11.1294 2.10888
242 7.53711 6.47051 2.36877
243 2.40028 16.6596 2.81307
244 35.8587 21.7809 1.57722
245 5.54423 8.36853 2.60675
246 3.72258 99.7078 1.93434
247 86.7849 49.019 1.30664
248 80.3578 10.2832 2.05409
249 -0.373709 90.6269 2.88032
250 90.3343 18.565 2.10921
251 90.378 24.5832 1.77986
252 74.9304 52.0975 2.27791
253 55.1535 47.4231 1.65889
254 2.25182 94.7457 1.9766
255 83.4714 19.9503 1.93708
256 7.74957 5.07183 3.0356
257 1.20163 96.9123 1.86612
258 50.7653 16.0827 1.4131
259 86.749 8.9707 2.23822
260 91.4609 53.0359 1.50984
261 81.034 12.0816 1.21737
262 9.33202 100.253 2.29104
263 0.670788 9.68644 3.01271
264 63.7541 55.8936 1.79815
265 0.455199 94.8662 2.30209
266 92.9111 91.0037 2.20281
267 94.2385 17.8099 2.47657
268 91.2856 97.354 2.34465
269 90.4617 20.0736 1.76467
270 88.761 12.9686 2.19776
271 89.6203 11.7857 1.40805
272 37.491 36.3917 2.12578
273 93.1757 96.9381 2.48949
274 97.5819 4.18672 2.26097
275 3.12619 97.0721 1.86077
276 93.4828 88.8537 1.93327
277 0.999111 12.9323 2.96424
278 11.3263 81.6183 2.25729
279 7.10403 6.89343 2.25886
280 89.4501 13.3542 1.48459
281 3.55578 1.8176 2.09763
282 84.1058 10.1602 2.09579
283 13.2927 25.5459 2.74904
284 10.0528 91.979 2.19043
285 99.1897 16.6946 2.15051
286 80.651 2.43812 1.18716
287 0.485135 98.7105 2.37342
288 52.3649 37.974 1.34893
289 11.379 93.789 2.13922
290 97.4495 1.35644 2.26486
291 59.7112 95.1942 -1.30897
292 88.2722 43.6128 1.22629
293 95.9492 3.22378 1.88092
294 89.3441 9.20396 1.35567
295 94.8401 11.3619 2.4971
296 7.96279 17.5286 2.93267
297 14.0374 3.38983 2.4814
298 54.7748 10.2829 2.22802
299 2.42293 23.8582 2.48238
300 96.2612 96.3457 2.12156
301 87.316 19.6636 1.51776
302 89.3866 94.7152 2.23891
303 3.86089 0.755322 2.52229
304 16.8154 81.2569 -2.29122
305 92.5993 23.769 1.69122
306 59.2736 51.9302 1.5424
307 94.9262 23.5265 1.67892
308 81.6167 14.3271 1.7506
309 96.6124 4.68278 2.59281
310 63.307 53.7747 1.96178
311 89.0114 5.15636 1.47751
312 3.87145 7.7123 2.46739
313 43.0198 38.8408 2.09089
314 86.7435 23.7253 1.93838
315 2.961 3.25262 2.69567
316 1.93276 13.4376 2.47864
317 89.5626 14.9904 1.9699
318 96.2051 24.7008 1.83254
319 1.95916 23.1247 2.32865
320 2.95291 21.451 2.14903
321 85.028 23.1439 1.56092
322 7.20004 20.4742 2.47145
323 87.2436 15.2721 1.45927
324 21.1189 29.7892 2.32323
325 10.9826 4.56713 2.90827
326 1.258 94.603 2.383
327 96.9268 98.9896 2.23787
328 11.4389 20.6763 2.30619
329 56.5989 41.3904 1.40628
330 42.5883 37.3827 2.4541
331 70.2571 55.577 1.39052
332 45.4394 38.9537 2.29467
333 3.45868 15.847 2.4314
334 83.7744 5.62921 1.93955
335 97.8914 21.0525 1.80715
336 8.10148 23.4713 2.25865
337 80.4856 8.16345 1.43472
338 9.49255 3.16814 2.98371
339 1.21923 98.6769 2.64428
340 85.6331 94.8254 2.36335
341 75.6931 13.7451 1.39855
342 84.9075 16.0453 1.58511
343 8.99489 3.75002 3.0806
344 6.1553 0.882795 1.68118
345 77.5323 45.9445 2.1231
346 82.9521 4.16159 1.89046
347 89.5437 54.1478 1.88147
348 79.0475 1.59855 1.26979
349 87.4702 48.4244 1.26747
350 4.45737 4.64752 2.44206
351 43.9306 12.1547 2.24009
352 19.6685 87.498 -2.66898
353 68.4606 50.8452 2.0007
354 95.7673 89.1595 2.69532
355 4.44684 93.1246 2.31145
356 7.71166 19.4301 2.87158
357 87.5501 47.0769 1.00128
358 90.2278 13.9133 1.9837
359 91.5294 98.6182 2.34528
360 84.0866 25.1186 2.05292
361 88.2397 88.2218 2.09749
362 94.9084 14.3181 1.78714
363 1.74699 96.8512 1.99984
364 67.952 56.3506 1.78632
365 0.482142 8.04247 2.92647
366 0.959092 16.3465 2.12643
367 6.25748 22.5772 2.93759
368 87.416 97.8172 2.68711
369 45.9839 37.28 2.36681
370 56.0879 48.9374 1.87121
371 82.9031 19.233 1.56579
372 91.5864 9.59371 2.04075
373 2.40188 19.1564 2.28714
374 90.5405 22.6508 2.25465
375 4.5653 12.4254 2.62795
376 93.3425 13.4769 2.12128
377 37.5007 38.7601 1.94917
378 97.3154 3.50578 1.74351
379 5.28682 24.8748 2.29233
380 3.65442 97.0342 2.52448
381 6.53229 29.7889 2.66889
382 97.0448 14.4048 2.14934
383 79.3357 43.4641 1.82138
384 2.65306 11.7258 2.54735
385 72.839 53.6704 2.19295
386 51.0449 57.1401 0.424172
387 89.3493 88.1731 2.62583
388 11.4156 0.666874 1.67177
389 91.3083 98.683 2.18134
390 72.2985 14.7339 1.98608
391 84.7891 13.5156 1.75856
392 90.6466 96.2389 2.47007
393 9.94948 6.3365 2.58517
394 95.5932 15.6565 1.67486
395 90.1838 14.7388 1.60163
396 86.9994 23.818 1.85539
397 94.0721 19.1061 2.28621
398 42.8689 36.9257 1.64557
399 52.0836 10.1664 1.6583
400 77.1546 8.84392 1.7472
401 47.5853 36.1253 2.3573
402 -0.324437 92.5562 2.55551
403 96.3517 12.1857 2.54664
404 99.4551 100.084 2.47431
405 17.7159 86.4772 -2.95698
406 83.1971 95.3876 1.96078
407 98.4275 16.5736 2.089
408 90.6815 5.0444 2.2473
409 11.9324 22.4838 2.41906
410 80.3648 11.4905 1.68513
411 93.328 20.1478 1.56829
412 8.79666 95.7578 2.58821
413 77.277 11.0249 1.81332
414 8.38203 5.33322 2.42826
415 82.5937 44.4005 1.92561
416 3.55796 13.9659 3.10679
417 76.1924 8.83816 1.55357
418 89.5714 19.1085 1.77546
419 75.8554 42.5476 1.26915
420 95.0354 0.861616 2.54417
421 87.4034 17.7504 1.34209
422 86.8281 11.8553 1.50347
423 4.26522 19.0986 2.61009
424 85.2814 22.9173 1.86683
425 97.3338 10.0413 1.70608
426 15.5014 21.2698 2.03891
427 89.376 22.7736 1.69831
428 0.564972 1.7445 2.44056
429 6.94505 0.589406 2.83691
430 33.0173 17.3588 2.29224
431 4.74448 11.7237 2.12004
432 84.1224 21.2426 1.50398
433 13.2115 22.0228 3.00589
434 96.1888 99.0345 2.23862
435 72.7853 53.9972 1.68756
436 39.3118 17.1458 1.82269
437 91.3746 94.0889 2.83252
438 99.2724 27.2127 1.46431
439 6.66169 24.7312 2.31434
440 5.71783 92.794 2.22212
441 81.5006 96.4675 1.80971
442 98.1433 19.8115 1.69024
443 3.6393 64.576 2.60753
444 4.09655 8.81996 2.71426
445 86.453 53.0741 1.25365
446 77.4932 53.5361 2.44641
447 83.373 1.48029 2.04999
448 92.4628 13.2038 1.99436
449 9.84968 93.8409 2.30328
450 81.4056 15.1151 1.88284
451 97.3102 93.1753 2.67613
452 89.6027 24.0892 1.62146
453 5.19984 95.6596 2.14646
454 91.6734 20.8922 2.08807
455 80.47 44.5138 1.22306
456 75.9525 6.87764 1.12833
457 86.3866 9.38028 2.15259
458 92.2631 8.12206 2.12926
459 88.9708 42.994 1.01247
460 93.0565 96.4278 2.22941
461 60.8083 49.0457 1.69242
462 5.78692 7.61434 2.49404
463 90.0651 12.2363 1.83177
464 12.1787 14.626 2.38358
465 83.0829 13.4205 1.56893
466 9.06887 2.98702 2.52549
467 7.14053 21.7809 2.88001
468 89.4829 97.0873 1.89916
469 45.0067 14.2458 2.44003
470 19.8 85.144 -2.49135
471 99.5016 2.1239 2.90127
472 6.61476 8.90461 2.51381
473 2.47148 13.3377 2.97399
474 6.50256 55.0788 1.90082
475 85.1669 99.254 1.6922
476 87.9205 47.4641 1.41999
477 1.44381 96.561 2.44565
478 80.2909 33.8507 2.7121
479 74.9459 44.8315 1.92452
480 88.3636 4.3545 1.94415
481 10.4398 19.9998 2.56277
482 95.8208 88.986 2.37283
483 80.376 16.2004 1.3089
484 90.1954 1.70829 2.13048
485 85.6962 89.4882 2.28228
486 8.80259 97.7335 2.51919
487 8.9508 3.10273 2.30235
488 50.2532 11.1357 2.00137
489 74.5215 42.5586 1.29738
490 77.8251 50.9096 2.49935
491 2.23919 98.0152 1.79954
492 8.12425 13.3218 2.63812
493 2.14173 3.60418 2.76844
494 0.727922 94.058 2.10679
495 95.3926 3.44968 2.25827
496 95.036 18.6543 2.31665
497 87.6884 19.0442 2.25204
498 11.6727 1.16523 2.74691
499 96.6818 31.6913 2.47333
