500
Particles
0 68.7327 11.8181 2.35883
1 92.7966 82.7962 1.85265
2 83.8426 51.0098 1.92828
3 55.2733 71.505 2.15845
4 68.0955 29.8808 2.14398
5 92.3253 80.395 1.47526
6 84.7493 36.1444 2.2981
7 70.4316 78.9652 1.33178
8 40.2167 35.5312 0.795716
9 18.306 1.22276 3.49421
10 87.8487 16.5839 2.79013
11 78.0986 42.0419 2.22014
12 84.7536 48.4666 1.68381
13 67.2972 15.6341 2.1528
14 72.276 33.8387 2.70291
15 68.7656 19.1523 1.8503
16 99.0487 22.6262 2.08785
17 72.7406 47.1234 1.80577
18 69.2206 40.8212 1.87694
19 33.444 57.8529 2.09831
20 56.0759 73.0517 2.02311
21 82.2145 33.8051 2.00907
22 85.7723 26.1666 1.97391
23 68.3643 23.3297 2.75022
24 64.6349 75.3915 1.08054
25 74.5792 19.3901 2.42361
26 94.49 74.9609 1.31779
27 78.6026 40.5463 1.71112
28 82.2424 31.4856 2.45296
29 86.5334 47.7038 1.62591
30 48.195 76.3637 2.39714
31 81.8523 27.1708 1.99329
32 25.2276 63.5528 2.37827
33 63.5006 81.1899 2.03875
34 75.6155 17.1026 2.32006
35 66.1404 42.5537 2.59083
36 55.5663 81.9725 1.75211
37 88.1249 44.1849 2.32464
38 77.7108 25.9408 2.7527
39 68.8298 24.2772 2.60346
40 80.3813 18.2091 2.26032
41 66.3741 23.1991 2.32091
42 90.3735 18.9316 2.39203
43 57.8666 72.4479 1.37005
44 93.5332 84.2733 2.73835
45 92.8773 20.2439 2.02541
46 79.7784 23.2822 2.20034
47 91.1417 70.3809 1.60511
48 85.183 21.1232 2.8533
49 70.8825 6.84698 2.60336
50 76.1845 44.1233 1.6776
51 89.1394 28.4146 2.10874
52 61.1555 74.2771 1.67162
53 59.3836 82.3733 1.32934
54 73.1134 31.253 2.56762
55 76.9613 68.3151 1.3991
56 74.6905 33.4567 2.23825
57 88.9693 11.1667 2.57317
58 74.9647 36.7923 1.92077
59 73.3482 19.0537 2.22932
60 75.0508 40.1892 2.07252
61 85.3397 17.7696 2.83481
62 37.6836 30.8204 0.827735
63 17.3763 59.5302 -1.24316
64 80.7028 38.4946 1.76491
65 89.5331 71.4438 1.30727
66 72.4913 44.033 1.78875
67 74.5208 43.6646 1.53304
68 90.9063 68.1652 1.3193
69 95.2388 13.5371 2.16674
70 83.2379 38.8385 2.10655
71 78.9144 21.3504 2.35527
72 73.2449 40.8764 2.09395
73 89.2753 42.2701 1.67688
74 86.6829 14.6386 2.59639
75 72.1595 75.3973 1.81093
76 88.9894 14.3118 2.09526
77 86.6316 38.6204 1.82499
78 89.332 51.0711 2.00659
79 74.7049 38.1612 1.96261
80 85.861 19.2268 2.73658
81 72.604 43.8507 1.88901
82 61.7756 43.042 1.99886
83 63.9331 35.2305 2.50903
84 76.2128 65.7432 1.96687
85 86.4638 21.3034 2.41473
86 86.4093 18.0369 2.18555
87 90.423 38.6423 1.64017
88 78.9441 66.9964 1.71782
89 84.7216 13.8663 1.83449
90 63.2073 75.5902 1.01173
91 81.8246 27.7724 2.33408
92 87.9632 35.8627 2.4313
93 63.9244 29.6077 2.61157
94 86.0547 20.4026 2.57623
95 38.8497 61.2051 2.25503
96 81.4508 37.6302 2.4914
97 84.1062 40.356 2.46177
98 82.9273 13.7282 1.87997
99 87.273 35.1837 1.73755
100 64.758 75.3852 1.97886
101 71.1699 40.3556 2.29064
102 88.0413 17.6514 2.12658
103 75.1293 14.3717 2.32133
104 86.3344 24.4147 2.23086
105 63.1968 76.7321 1.52384
106 73.8159 31.3954 2.44445
107 71.3871 20.5146 2.36925
108 83.2043 24.9813 2.10404
109 77.5652 37.6932 2.3274
110 74.2515 76.8428 2.19427
111 90.8384 43.6327 2.2186
112 56.2479 70.842 1.25358
113 84.7409 34.5903 2.02937
114 80.2284 41.8549 1.68452
115 83.434 46.3277 1.77681
116 87.5069 10.6062 2.6046
117 78.4175 24.5389 2.60216
118 42.7847 71.2091 1.38671
119 69.6335 34.2095 2.44383
120 73.0313 15.6533 2.76449
121 85.3179 80.8034 2.41255
122 83.5025 20.8144 2.69094
123 60.8837 29.558 2.09791
124 80.0935 49.1325 2.52406
125 92.3939 63.8849 1.8711
126 97.2368 25.9074 1.61738
127 62.213 17.3106 2.97896
128 63.5556 74.841 1.91308
129 76.6617 42.0719 1.54488
130 78.8777 28.6505 2.08893
131 88.2101 17.1215 2.39124
132 98.8207 64.8286 1.09191
133 97.4595 68.4564 0.889826
134 68.7049 95.3268 -2.72619
135 87.3534 39.8269 1.68424
136 86.1357 12.5986 2.64656
137 82.2013 37.6788 2.00415
138 88.1916 20.4587 2.33476
139 74.7883 15.1103 1.94004
140 90.2442 18.0862 2.76889
141 82.7221 67.7937 1.20722
142 65.4776 33.3004 2.68782
143 35.0274 41.957 2.15763
144 80.9435 38.633 2.43306
145 76.2505 44.4794 1.7351
146 71.7055 19.3903 2.62241
147 63.2175 81.0494 2.07519
148 88.8771 40.9165 2.34711
149 68.5207 43.3669 2.11346
150 88.3816 18.0481 2.4315
151 28.1828 62.7413 1.94698
152 87.7535 14.4208 2.2275
153 86.4922 25.7 2.07769
154 1.78385 21.6634 3.37438
155 94.8737 70.5866 1.32559
156 43.8762 35.6664 0.830941
157 22.5786 45.8851 0.435364
158 94.176 76.5002 1.47731
159 35.2406 45.6382 1.38529
160 62.0142 82.998 1.1167
161 37.1548 46.5503 1.41374
162 69.4113 43.5823 2.13256
163 77.3856 64.2707 1.66785
164 91.0238 72.6222 1.1566
165 65.3643 42.0858 2.67686
166 78.4385 66.1241 1.77079
167 91.4404 42.4765 2.43604
168 75.3247 40.1081 2.16892
169 88.0781 71.9097 1.14391
170 31.6119 66.4643 2.55998
171 82.7524 35.6161 2.54409
172 69.0393 15.8424 2.0135
173 90.1286 16.1056 2.68997
174 92.3374 76.3298 1.64786
175 94.8512 61.1819 1.55602
176 83.5645 50.8139 2.31824
177 77.5421 14.2795 2.40465
178 62.1316 73.5833 1.6145
179 80.5608 30.4395 2.48743
180 84.081 36.4242 2.31458
181 35.9386 41.0789 1.26469
182 76.2078 33.558 1.85309
183 65.0115 8.28274 2.68138
184 88.0062 35.7327 2.12115
185 93.8058 70.7961 0.956053
186 87.7523 23.1939 2.47611
187 45.6855 68.699 1.39642
188 58.7883 16.8957 2.73199
189 80.5051 47.2529 2.2456
190 93.6698 76.1654 1.07678
191 83.3664 43.3318 1.86865
192 84.1319 9.37126 2.13216
193 90.1949 31.9792 1.91207
194 82.5867 16.6118 2.34801
195 82.5477 36.3023 1.70519
196 72.669 11.5988 2.16597
197 87.0869 18.2268 1.86283
198 86.8727 35.792 1.81127
199 13.9238 51.565 -2.04209
200 87.8282 37.9845 2.46725
201 86.6182 45.1251 2.41534
202 60.8738 75.3699 1.7152
203 39.398 47.6948 1.31126
204 95.8649 73.9292 1.5035
205 91.6921 42.0047 2.27917
206 80.9257 16.8242 2.68838
207 75.8243 22.1797 2.58921
208 63.0806 46.1043 2.55123
209 43.0921 69.809 1.19402
210 75.3928 42.1735 2.1047
211 86.6454 22.9158 2.59239
212 94.1868 67.6449 1.72556
213 28.3116 60.2056 2.43242
214 59.4392 14.9072 2.19672
215 75.2317 26.4324 2.03158
216 91.839 21.6513 2.51548
217 81.1717 34.8752 2.40713
218 75.0056 51.8969 2.2424
219 73.4839 47.6024 2.08015
220 88.5614 42.412 1.77547
221 91.5245 31.6045 2.18556
222 88.1393 43.5097 2.27896
223 67.0828 78.0448 1.6673
224 53.6681 72.0197 1.30973
225 85.0981 48.8673 2.28184
226 1.96246 19.9571 2.69363
227 89.3001 25.8266 1.89997
228 87.6185 18.6742 2.36902
229 90.1631 19.8323 2.61654
230 65.5314 17.6981 1.84769
231 77.1502 39.8906 2.32875
232 87.4301 32.243 2.29542
233 78.4866 19.9976 2.63619
234 74.9779 15.7604 1.88205
235 73.7294 31.1554 1.84248
236 0.285995 17.651 2.97765
237 82.3325 49.1648 2.02909
238 75.4225 32.6567 1.77252
239 66.2525 33.6269 2.49885
240 79.6568 40.8073 1.72187
241 42.1359 34.2528 1.14179
242 90.1088 25.6475 2.08613
243 87.2903 37.797 2.10754
244 36.5704 47.5795 1.99604
245 88.2274 27.533 1.91745
246 88.2598 20.8927 2.07695
247 93.1857 74.419 1.318
248 70.1868 33.8248 2.21153
249 84.0368 11.844 2.47237
250 77.6093 41.5207 2.16564
251 78.1205 47.6008 1.93132
252 68.8904 77.634 2.01114
253 50.0747 73.0804 2.20605
254 88.54 16.6882 2.74567
255 70.5958 42.9891 2.4739
256 90.1683 24.7317 2.14236
257 85.3335 17.5444 2.24142
258 42.7593 39.4068 1.30243
259 73.1727 31.0983 1.9846
260 96.8794 78.2412 2.07497
261 69.467 34.889 2.57087
262 90.8982 18.7872 2.11283
263 86.0808 30.8988 1.94246
264 63.482 81.8705 1.92713
265 86.8573 17.2528 2.19301
266 77.3577 11.8849 2.36835
267 79.9699 40.0704 2.35465
268 71.5521 15.0888 2.61636
269 77.7238 42.9216 1.83135
270 75.6767 35.6021 2.36128
271 76.008 33.8704 2.57516
272 26.0253 59.4465 2.19685
273 75.125 16.3646 2.50424
274 80.9699 24.9322 2.37315
275 88.726 19.3324 2.05188
276 79.2115 9.77012 1.87336
277 87.5371 35.336 2.22556
278 89.0133 83.965 2.42781
279 89.9799 26.1633 2.44017
280 77.5294 36.795 2.06657
281 87.0091 21.9431 2.75502
282 71.1821 32.9363 2.67886
283 94.6831 42.0338 2.33928
284 99.5217 14.0813 1.79224
285 84.7864 39.0896 2.03471
286 62.2081 20.0857 2.6966
287 85.7213 20.2657 2.09827
288 42.669 57.632 -3.47391
289 96.5764 14.5203 1.84319
290 80.2416 21.2772 2.07743
291 65.1495 4.69195 3.06024
292 94.9164 69.0673 1.55013
293 77.8698 22.425 1.89836
294 76.0348 31.5708 1.8458
295 80.8511 33.7733 2.01031
296 91.2986 36.7834 1.9577
297 97.4098 21.4231 1.86696
298 49.5641 34.5722 1.51922
299 86.3463 44.6894 1.51037
300 81.1057 17.6121 1.90664
301 74.9216 42.5213 1.6569
302 71.3889 14.1851 1.9837
303 87.6573 21.1794 2.20147
304 13.4822 62.3071 -1.19488
305 79.5223 46.2138 1.88666
306 59.9284 78.1263 1.61798
307 83.4904 47.0789 1.67183
308 70.5667 38.0405 2.0428
309 78.2387 23.4716 2.23939
310 64.094 79.7497 1.3255
311 71.3261 24.7333 2.58234
312 87.8493 28.1295 2.73363
313 30.5756 61.7783 2.51756
314 73.5839 46.5162 2.18002
315 87.4044 24.3382 2.61021
316 86.1685 34.5025 1.81825
317 75.0859 36.669 2.27841
318 82.8603 47.2537 1.80083
319 87.0406 44.6757 1.87861
320 87.6282 42.1899 1.54788
321 72.4222 46.3015 2.08353
322 89.8845 39.1167 1.56134
323 72.8093 37.4866 2.37965
324 9.67824 44.8686 1.23555
325 92.974 22.8078 1.82234
326 86.2927 16.18 2.05772
327 78.8926 18.5121 2.39742
328 94.0294 39.1226 2.26387
329 53.939 67.3965 1.33173
330 29.8626 60.2545 2.37321
331 68.7297 81.9141 1.36385
332 33.0801 62.0773 2.20158
333 88.8423 37.3634 1.93361
334 67.6515 26.0841 1.91221
335 84.3351 43.7106 1.72733
336 90.7163 42.0081 1.68309
337 67.1686 30.5948 2.14853
338 92.5741 22.8717 2.49292
339 84.5018 18.8954 2.60801
340 67.3578 13.8485 2.08261
341 66.3003 36.9209 2.12993
342 74.0999 39.8037 1.69095
343 90.1577 21.966 2.02052
344 88.9795 20.3101 2.74825
345 73.399 71.9229 1.92908
346 67.0088 24.3537 2.50765
347 96.1415 78.9429 2.07303
348 59.7432 18.8668 2.01291
349 93.128 73.9494 1.36294
350 87.9286 24.5887 2.65258
351 35.631 36.6277 1.83422
352 95.9541 81.9903 2.62597
353 65.5516 76.9415 1.82867
354 81.6913 10.7538 2.74412
355 88.5127 14.0109 2.31892
356 91.3368 38.7603 2.16522
357 91.6691 72.7407 1.79705
358 76.6139 36.2574 2.32035
359 75.0489 19.4655 2.15495
360 71.1121 47.8141 2.63945
361 69.8727 6.86407 2.8028
362 79.8981 35.6007 1.6314
363 86.4561 18.0493 2.73905
364 67.4602 82.4333 1.68204
365 82.9431 27.6934 1.78823
366 85.2255 37.2556 2.23391
367 89.3794 42.3831 2.32761
368 69.089 16.9366 2.67066
369 34.893 60.6976 1.8831
370 52.7295 75.0429 2.03004
371 71.5856 42.5926 2.15802
372 78.2217 31.6966 2.53268
373 87.4879 40.3532 2.28828
374 77.0737 45.2772 1.61161
375 89.3501 33.8848 2.05728
376 81.0219 37.0112 1.775
377 26.0213 61.9103 2.023
378 81.2122 24.2908 2.88235
379 88.6492 44.8398 2.01575
380 88.7668 18.6169 2.72625
381 7.60364 49.0265 1.26665
382 83.0314 36.3841 2.19135
383 79.4216 69.7484 1.87875
384 85.9552 31.7297 2.60474
385 68.1857 79.3364 2.07633
386 55.5728 80.9867 1.27862
387 71.2599 7.26493 2.0958
388 93.2835 19.5808 2.22078
389 74.5343 19.0974 2.8509
390 63.7545 38.6814 2.61657
391 72.4465 36.482 1.64867
392 73.6677 16.2257 2.01029
393 91.7467 24.6538 1.84899
394 81.4958 37.6786 2.44032
395 77.4381 37.7473 2.05952
396 75.3302 47.2145 2.0418
397 79.3862 40.5488 2.06861
398 30.665 60.1394 2.45437
399 45.1635 34.6781 1.13287
400 65.698 31.4561 2.50985
401 38.4134 60.407 1.60316
402 84.4441 13.7366 1.84258
403 84.3039 35.4678 1.64778
404 82.6977 20.4766 1.96704
405 93.6366 82.0054 1.93678
406 64.4683 13.1662 2.87144
407 84.8168 39.3611 1.91825
408 75.8405 26.8815 1.94811
409 94.0985 41.4286 1.8677
410 68.5564 34.4506 1.88577
411 80.4996 43.0692 2.26992
412 91.6738 15.7079 2.26789
413 67.8225 34.767 1.92577
414 90.1952 23.8906 2.84545
415 86.6379 70.1824 1.23588
416 89.4712 36.0052 1.99406
417 64.973 31.4219 2.46008
418 76.5681 41.938 2.02019
419 74.9239 68.7247 1.52731
420 76.6754 19.6093 2.60104
421 75.2788 40.9175 1.82358
422 73.4406 34.5034 2.10056
423 87.9049 39.367 2.3017
424 73.4812 46.5155 1.69962
425 81.9498 31.5353 2.46322
426 0.633391 38.541 1.47648
427 77.0417 45.9003 2.0559
428 83.6614 21.7369 2.14058
429 89.0605 19.8323 2.58349
430 32.9152 43.5074 2.10852
431 89.2161 32.8754 2.47755
432 71.2255 44.1426 2.34669
433 97.3415 40.7361 1.75228
434 80.0641 19.3289 2.54043
435 67.9731 79.8254 2.0707
436 37.4023 42.7138 2.20301
437 73.8922 13.4928 2.86046
438 87.7455 50.2835 1.9667
439 89.4399 43.9889 1.97593
440 90.3717 14.1443 2.71024
441 62.618 14.2955 2.75334
442 83.473 41.5013 1.86117
443 12.7272 54.2953 -1.57845
444 87.9233 29.4402 2.58991
445 90.6099 78.8314 1.81643
446 72.9292 78.6182 2.2194
447 66.5391 21.3163 2.46632
448 79.3841 36.1772 1.8245
449 94.701 15.3385 2.09914
450 69.8456 38.201 1.92409
451 82.4212 14.6364 2.55988
452 77.3384 47.382 2.38478
453 88.89 15.904 2.19149
454 78.6971 43.5632 2.45916
455 81.8625 70.5245 1.71537
456 63.7677 28.9532 2.32148
457 74.8451 32.9837 2.0863
458 77.7575 29.9659 2.55393
459 94.787 68.9107 1.59614
460 76.1864 16.2063 2.49892
461 59.174 75.2875 1.91223
462 88.5643 26.8975 2.38564
463 77.9967 35.4245 2.29164
464 95.2915 31.8806 2.83056
465 71.2243 36.4995 1.96082
466 90.4166 21.4468 2.02592
467 91.4724 42.0612 2.27324
468 70.1872 14.981 1.91109
469 38.1209 38.379 1.05307
470 0.619711 80.3168 1.13217
471 81.5185 21.68 2.28257
472 89.7836 28.5869 2.24158
473 87.924 35.2907 1.87362
474 16.6775 49.5192 -1.81831
475 67.5457 18.5558 2.09064
476 93.9123 72.7761 1.65622
477 87.8157 18.9478 2.3546
478 66.9165 48.5702 2.24589
479 72.0484 70.7676 1.78784
480 74.8799 26.9831 2.68045
481 93.4011 38.3237 2.2672
482 83.1702 11.6961 2.64826
483 68.4229 39.2175 1.72797
484 71.2703 19.9 2.4487
485 67.0423 8.21463 2.4252
486 91.0593 17.3671 2.15501
487 90.8716 22.0996 2.81181
488 40.0889 33.03 0.69452
489 72.0407 68.9733 1.79137
490 72.6834 76.2166 1.91313
491 85.7454 18.4029 2.67231
492 90.0661 31.0224 1.7452
493 86.3047 24.7621 2.17579
494 85.7702 15.4013 2.71786
495 78.824 23.9733 1.9384
496 80.1168 39.8332 1.56501
497 75.302 41.8702 1.73403
498 92.3749 18.9119 2.60263
499 86.2372 55.3219 2.24099
