500
Particles
0 54.143 24.3987 2.69861
1 90.7986 1.54115 1.59277
2 74.4792 67.5398 1.75222
3 58.7457 90.075 1.10864
4 57.9091 45.6644 1.79374
5 91.1164 99.2281 1.25107
6 72.4873 51.0124 1.89495
7 65.7701 97.1501 1.2036
8 45.8051 51.4315 1.81446
9 23.5292 0.106527 0.104016
10 73.9476 29.704 2.7904
11 68.8558 58.6376 1.88043
12 77.3054 66.2923 1.61343
13 53.5333 28.3708 2.5684
14 60.4201 48.7964 2.26898
15 54.9095 32.107 2.42128
16 91.0054 39.5651 2.90018
17 64.1901 63.8804 1.90981
18 60.8131 57.8628 2.4267
19 27.28 75.9953 2.27371
20 57.8943 91.7264 1.29511
21 70.4219 49.0062 2.54395
22 72.5561 40.2361 2.38581
23 55.0291 36.9606 2.41971
24 61.2855 93.364 1.78237
25 61.1132 32.7701 2.64144
26 91.9873 93.6818 1.52293
27 68.3774 56.6312 1.92735
28 69.7167 46.1398 2.69555
29 77.9254 64.7205 1.57676
30 46.7535 95.0202 1.75964
31 68.8665 41.1905 2.92142
32 20.5181 81.9482 2.38655
33 58.5601 99.7438 1.6135
34 62.2754 30.6039 2.26925
35 56.6328 59.1813 2.31589
36 54.3962 0.95023 1.52787
37 79.7304 61.3899 1.47374
38 63.3032 38.1878 2.41965
39 56.0851 38.1704 2.65065
40 65.4393 29.8782 2.66566
41 53.9706 37.439 2.74068
42 74.9971 30.6642 2.15706
43 59.8395 91.061 0.92565
44 92.4047 3.32072 1.67967
45 79.1127 33.5748 2.18319
46 64.1041 34.4422 2.31036
47 89.3804 88.9662 1.43224
48 70.4221 33.3747 2.74912
49 58.5057 21.7313 2.56028
50 65.8724 60.43 2.31116
51 76.7327 42.9488 2.00094
52 58.9302 93.011 1.46754
53 55.6773 1.14621 1.7429
54 60.7634 45.755 1.90884
55 72.6619 86.5917 1.59827
56 63.5194 48.9777 1.78943
57 74.2774 23.4749 2.03576
58 63.6948 52.1521 2.44447
59 59.2844 32.1336 2.28837
60 65.0892 56.5163 2.34469
61 69.9301 29.2539 2.60326
62 45.4303 44.6253 3.10049
63 30.4469 53.7059 1.4529
64 69.1736 53.8403 1.9795
65 87.0334 90.4289 1.94822
66 62.4416 60.2954 2.48158
67 63.5714 58.8629 2.71905
68 90.1115 86.6724 1.99794
69 83.23 28.2473 2.44829
70 70.6248 53.3064 2.63915
71 64.21 33.3437 3.051
72 62.9131 56.9448 2.08395
73 80.3496 59.2659 2.30074
74 71.3905 26.4868 2.25106
75 67.0717 93.4353 1.51849
76 74.1171 26.6285 2.2526
77 73.4674 52.5848 2.79031
78 81.9911 68.2306 1.73242
79 63.99 54.1225 1.9141
80 71.937 32.4692 2.79775
81 63.7436 60.4214 2.71841
82 49.7153 58.1129 1.70462
83 54.5231 51.7562 2.35637
84 71.1274 84.1021 2.16005
85 71.6877 33.6676 1.9755
86 71.4508 30.0371 2.08207
87 81.9967 55.8484 2.0359
88 74.4281 85.3534 1.98874
89 70.4622 26.683 2.31498
90 60.8146 94.1792 0.951359
91 68.1351 41.2645 2.6092
92 75.4721 50.6316 1.90534
93 54.1054 46.0484 2.44915
94 71.1246 32.3457 2.65827
95 31.3419 78.8502 2.20562
96 70.0861 52.8275 2.75617
97 72.7387 55.6516 1.96023
98 67.4267 25.1987 2.87225
99 74.2382 49.2572 2.03509
100 61.1163 93.6996 0.866157
101 61.1634 56.3054 2.73236
102 72.459 28.8751 2.00555
103 62.6214 28.8481 2.51286
104 72.1261 37.2093 2.56669
105 59.6531 95.2993 1.34814
106 61.0594 45.4032 2.42799
107 58.3324 34.6282 2.48904
108 71.0179 39.7662 2.33063
109 65.7203 52.7262 2.69595
110 68.836 94.6699 1.62499
111 82.9059 60.9748 1.43649
112 58.5721 89.3769 1.04681
113 70.7964 48.2393 2.47549
114 69.5508 57.5859 2.58184
115 74.7454 63.5023 1.99031
116 74.4333 24.4699 2.44174
117 63.647 36.9256 2.83334
118 44.8712 90.0736 1.5589
119 57.7003 49.4211 2.19782
120 58.9486 28.1152 2.17568
121 78.3068 97.0113 2.04309
122 68.4445 32.7057 2.88388
123 52.6646 46.4871 1.52087
124 72.3424 66.8631 2.11289
125 89.6302 82.6494 2.07769
126 88.754 42.6785 2.82196
127 49.027 31.5739 2.59899
128 61.2941 93.7243 1.65966
129 66.3229 58.3268 1.99008
130 64.6124 41.196 2.01093
131 73.5888 29.2061 2.51882
132 7.54468 75.8754 2.76473
133 95.6348 86.9044 1.3393
134 59.9176 5.60056 1.69773
135 76.0242 55.3398 2.70981
136 71.688 25.1015 2.95454
137 70.1167 52.8418 1.90448
138 73.7149 33.0591 2.35339
139 60.9792 27.9819 2.32081
140 75.3326 29.8802 2.49696
141 79.6046 86.3888 2.00375
142 55.5041 49.4443 1.58056
143 29.2327 59.4596 1.52102
144 69.9008 53.9907 2.65431
145 66.4757 61.0657 2.67107
146 57.3333 31.4422 2.96847
147 60.2556 99.8589 0.999529
148 80.6167 57.7708 1.45979
149 59.2779 60.2042 2.07774
150 72.8475 29.5148 2.67012
151 22.8872 80.6478 1.71423
152 71.9755 25.5636 2.90602
153 73.4255 39.8685 2.64618
154 91.9836 36.7217 2.13364
155 93.7397 89.3201 1.13746
156 50.3584 52.0001 2.38659
157 16.8821 36.311 -2.00084
158 91.1964 95.2611 1.28621
159 29.7109 63.946 2.33581
160 58.1773 1.90756 1.78547
161 33.2556 65.0941 1.56034
162 58.9114 59.7729 1.91159
163 73.1126 82.8088 1.74672
164 87.877 91.3329 1.60854
165 55.4234 58.1452 2.67046
166 72.9099 84.2933 2.21078
167 83.2308 59.6466 2.05084
168 64.152 55.4584 2.34342
169 84.2753 90.4687 2.10731
170 30.2079 85.1598 1.9923
171 69.9311 49.7831 2.58726
172 55.7729 29.7576 2.08614
173 74.7728 27.5123 2.92721
174 89.9815 95.147 1.18329
175 93.3329 79.5618 1.89121
176 75.0602 68.1986 1.78204
177 63.4509 26.9551 2.51005
178 60.729 92.2312 1.22483
179 69.3894 45.9359 2.8001
180 71.9628 51.4638 2.35853
181 30.3835 59.1655 2.01858
182 63.4875 48.0013 2.44258
183 51.0827 20.9162 2.57478
184 77.6365 52.0015 2.79478
185 92.1662 89.8333 1.67567
186 74.2022 36.8596 2.20762
187 46.9493 87.1263 2.06126
188 46.1265 31.2661 1.96975
189 70.5024 63.6413 1.79667
190 90.7077 94.7502 1.71764
191 73.202 59.4984 2.28791
192 69.6881 21.848 2.08677
193 77.4175 46.1052 1.86806
194 66.5817 27.4365 2.78124
195 70.3972 51.2391 2.52985
196 59.0537 24.8278 2.57845
197 71.195 29.1449 2.67655
198 74.7445 50.3891 2.40816
199 11.4883 34.9957 -1.57172
200 75.2428 52.5328 2.0532
201 77.5794 61.9232 1.80539
202 59.62 94.1015 0.763395
203 34.3752 66.0462 1.55073
204 93.2845 92.5808 1.5911
205 82.9665 59.0103 2.15048
206 66.0547 28.6707 2.12813
207 61.6393 34.8341 2.85679
208 51.3826 61.1577 2.61097
209 44.6733 88.6879 2.07889
210 66.3784 59.0881 2.02536
211 73.3773 36.5529 2.35676
212 92.503 86.1852 2.0834
213 22.8377 78.1601 2.0424
214 46.3952 28.5004 2.11114
215 62.212 40.6085 2.35075
216 80.0334 36.7947 1.78089
217 69.3185 49.8843 2.69987
218 66.9698 69.3299 1.85411
219 64.3764 64.5464 2.38608
220 80.2333 59.753 1.696
221 79.937 46.8464 2.69473
222 78.7607 60.2321 2.19401
223 63.8545 96.7177 0.905918
224 56.7106 90.6359 1.22782
225 75.9532 65.6607 1.53745
226 5.69736 27.5934 -0.418756
227 76.0374 39.6912 2.62137
228 72.754 30.6821 2.32632
229 76.7103 33.5334 2.04363
230 52.9655 31.8488 2.22451
231 66.2991 55.526 2.72362
232 74.896 46.6265 1.92101
233 63.9371 32.7106 2.28672
234 61.8354 29.9207 2.88874
235 62.0508 46.3832 2.11165
236 86.7713 30.9728 2.78161
237 73.8522 66.3922 1.85788
238 64.9914 48.8607 2.21208
239 56.2319 50.2347 2.02983
240 68.1777 56.2492 2.33383
241 48.1255 49.8325 2.4248
242 75.9935 38.8419 2.64808
243 75.5058 53.1952 2.78629
244 31.8011 66.0245 2.07826
245 75.8288 42.3006 2.02389
246 74.0908 33.8236 2.37196
247 90.5455 93.2878 1.71372
248 58.6775 49.0743 1.7678
249 69.2742 23.8904 2.30289
250 65.8758 56.6803 2.51194
251 69.4229 64.6488 1.98724
252 63.1547 95.8203 1.58864
253 53.0385 91.7165 1.36554
254 73.5112 28.5259 2.65395
255 60.3557 59.0972 2.46293
256 76.2204 37.3634 2.64405
257 69.3687 27.8962 2.59439
258 48.4653 55.2096 2.05411
259 61.5752 46.1922 2.28575
260 93.1406 96.7421 1.84255
261 57.7934 50.0812 2.36594
262 76.7143 32.0058 2.35074
263 74.0814 46.0059 2.68126
264 59.2901 100.483 1.39704
265 71.6865 28.6701 2.07266
266 63.6353 25.3489 2.71107
267 69.295 55.794 1.90442
268 58.7696 28.6669 2.25162
269 66.3551 58.1402 2.70076
270 64.3574 51.0681 2.29116
271 63.4423 48.336 2.44894
272 21.2914 77.2736 1.69622
273 61.332 29.3946 2.43631
274 66.8063 37.7577 2.87396
275 73.4737 30.9975 2.67425
276 65.5894 22.7234 2.2641
277 76.0635 50.55 2.60887
278 80.9588 0.189952 2.80645
279 76.3923 40.0658 2.07322
280 66.5265 52.492 2.36387
281 73.2118 35.0972 2.41867
282 59.8975 48.5366 1.64628
283 85.5686 58.777 1.6095
284 86.2814 27.5521 2.64792
285 74.0107 54.4778 2.82565
286 50.5244 35.391 2.32536
287 71.1402 32.7623 2.2473
288 49.629 68.8354 0.671535
289 83.463 28.4729 2.86942
290 65.3744 33.4511 2.75103
291 51.5532 18.4452 2.28194
292 93.1586 87.6594 2.0598
293 63.3895 34.6537 2.34991
294 63.6964 46.2915 2.59705
295 68.9352 48.8928 2.85891
296 79.5451 51.9625 2.39989
297 90.1867 39.432 2.37445
298 52.0446 51.4691 1.87134
299 77.1431 61.4925 1.77749
300 66.1981 29.5145 2.36843
301 64.2389 58.6862 2.25447
302 57.4701 27.2265 2.35783
303 74.0919 34.718 1.98961
304 27.4226 55.2737 1.21712
305 70.8183 63.2143 2.53992
306 57.3842 96.6939 1.31641
307 74.918 64.2212 1.79354
308 59.4568 53.8034 2.41616
309 64.0849 36.4893 2.34374
310 60.2998 98.2367 0.956655
311 59.3138 39.8143 2.0212
312 75.1375 42.5955 2.0241
313 23.1424 79.4129 1.59312
314 63.6004 62.6841 2.41243
315 74.6646 38.4631 1.8726
316 73.7677 48.7361 2.85636
317 63.8718 52.5011 2.1095
318 75.1883 64.8426 2.25199
319 78.1648 61.7659 2.31383
320 79.5592 59.5342 1.41708
321 64.3306 63.3381 2.5218
322 81.2309 56.2067 1.65614
323 63.0986 53.5522 2.41904
324 8.96877 30.397 -1.0338
325 79.3452 35.8931 1.9587
326 71.2855 28.4814 2.50492
327 63.9028 30.3798 2.79953
328 85.0315 56.0645 1.94926
329 55.6458 86.5272 1.41482
330 23.3027 78.0763 1.86859
331 64.4944 0.676089 1.63888
332 28.8988 80.6967 1.73723
333 76.9998 52.5258 2.41326
334 56.0248 41.1247 1.94998
335 76.0878 61.0828 1.81866
336 81.7952 58.8821 2.1514
337 57.2272 47.0377 1.92087
338 80.3106 37.6058 2.54603
339 69.2176 30.6905 2.48734
340 54.4677 27.8636 2.19012
341 57.0108 53.4854 1.76784
342 63.5495 55.9355 2.59226
343 77.2697 35.9786 1.98273
344 74.0469 32.6558 2.46596
345 67.9652 90.2017 1.59517
346 55.0024 38.7257 2.58433
347 95.1704 97.5283 1.3476
348 47.0981 33.554 2.33087
349 90.3441 92.7161 1.49716
350 73.2611 37.1812 2.52247
351 33.0378 55.1865 1.81307
352 94.1165 0.691998 1.852
353 62.4604 95.5538 1.7046
354 68.3294 24.83 2.08837
355 73.574 26.0635 2.74573
356 82.0599 55.1795 1.5254
357 89.7299 91.5904 1.9216
358 66.2922 52.5483 2.33517
359 60.4519 31.8474 2.55548
360 60.4205 64.086 2.06192
361 57.1921 21.2296 2.45591
362 67.9025 50.4439 2.23958
363 72.8116 31.719 2.40392
364 62.8808 0.980075 1.33997
365 71.113 42.8691 2.24977
366 72.6856 51.8881 2.64751
367 81.4193 59.7892 1.86771
368 55.5833 30.1001 2.87785
369 27.147 78.3436 2.07911
370 56.1596 93.7716 1.27433
371 62.2097 58.7993 2.44954
372 66.2995 46.9145 2.18375
373 74.8871 55.028 2.79093
374 66.2004 60.7296 1.88638
375 79.0837 50.4563 1.86274
376 68.0438 51.1869 1.79972
377 21.5523 80.3581 1.75856
378 66.1938 36.0205 2.10446
379 81.7843 62.6435 1.52184
380 73.6599 30.4254 2.5658
381 6.28349 34.0505 -1.31206
382 70.8817 51.3194 2.08039
383 75.9262 87.8704 1.86253
384 73.211 45.7316 2.67669
385 64.3557 97.6287 1.04192
386 53.2412 99.2259 0.502744
387 58.0206 21.0614 2.65494
388 80.096 33.6636 2.59193
389 61.1508 32.5652 2.47449
390 54.2272 55.4207 2.39233
391 62.5338 53.1059 2.18061
392 61.2263 30.4558 2.83861
393 79.6178 39.3911 2.07494
394 70.7847 53.2594 2.28755
395 65.9172 53.1028 1.74745
396 65.8796 63.7496 2.27464
397 68.1551 55.9549 2.59717
398 23.4512 77.6981 1.98163
399 51.4613 50.7294 1.7775
400 56.2145 48.0964 1.71429
401 32.5718 78.5933 1.82165
402 68.4111 24.2047 2.87232
403 72.0794 50.0601 2.32037
404 68.1182 33.0381 2.93922
405 91.869 1.11352 1.70399
406 49.838 25.7293 2.434
407 73.1896 54.4541 1.97894
408 62.3593 40.1323 1.96278
409 84.9851 58.2588 1.71295
410 58.6769 50.8405 1.79497
411 68.3047 57.9141 2.33653
412 76.5846 27.531 2.075
413 57.3779 50.8334 1.76013
414 77.1027 37.9501 2.58641
415 85.5596 89.4226 1.24819
416 77.6233 50.6934 2.80864
417 55.4003 48.2071 1.81497
418 67.9866 59.1713 1.97594
419 70.4504 87.1351 1.96267
420 62.5172 32.5685 2.18956
421 66.1 57.6081 1.78071
422 62.0121 49.9801 2.23195
423 78.3498 56.1509 2.24318
424 64.7963 63.0756 1.74771
425 68.8905 45.4835 2.01434
426 2.57034 31.9399 -2.04866
427 66.9857 62.2329 2.06335
428 71.2173 36.1828 2.04467
429 74.2013 31.9164 2.35712
430 27.2684 61.4831 1.8623
431 78.098 48.4005 2.23045
432 61.9903 60.8636 2.18453
433 86.8538 56.2607 1.44162
434 66.7872 32.9262 2.12823
435 63.5212 98.1987 1.34038
436 31.1494 60.6541 2.17159
437 61.1657 27.7967 2.0433
438 79.1523 67.4857 2.04684
439 81.339 61.2692 2.05045
440 76.7149 27.585 2.02961
441 47.9513 26.5536 2.11825
442 70.961 55.9346 2.36314
443 9.13348 37.9628 -1.77235
444 75.435 43.9327 2.27574
445 84.8721 97.0274 1.92859
446 67.1733 96.4231 1.97401
447 52.9954 34.7204 2.47815
448 68.3864 51.7011 2.04154
449 80.4218 28.238 2.81721
450 58.8563 54.0154 1.98323
451 67.1769 26.1967 2.46599
452 67.2696 63.6741 1.95596
453 73.041 26.8767 2.8455
454 69.4974 60.3735 2.07056
455 81.3776 89.6978 1.8797
456 54.281 45.2927 1.54089
457 63.2182 48.3094 1.99528
458 65.1512 44.3917 1.78983
459 93.6408 87.351 1.68454
460 63.3932 30.3963 2.07827
461 58.1296 94.5755 1.55693
462 75.4685 41.0431 2.66971
463 65.6032 50.2102 1.80395
464 84.6608 47.2308 1.84085
465 59.8653 51.9886 2.33132
466 77.092 35.0611 2.05316
467 82.502 58.9861 1.55317
468 57.2084 28.8642 2.65121
469 34.4779 56.2084 1.18343
470 15.8909 75.5828 -0.959196
471 67.7326 34.9421 2.53108
472 76.9741 43.0902 2.68871
473 76.1656 50.3902 2.68847
474 13.337 33.5135 -1.90268
475 53.0881 31.2058 2.46279
476 89.8195 91.4541 1.34145
477 74.6396 32.8135 2.24992
478 54.9573 63.5845 1.91717
479 67.3874 89.0626 2.14478
480 60.2827 39.1166 2.84108
481 84.6209 55.0793 2.34794
482 68.6409 24.2314 2.85484
483 58.7975 55.756 2.34641
484 56.2947 31.6041 2.27695
485 52.8552 21.3598 2.10045
486 77.1549 30.5194 2.72103
487 76.483 34.8674 2.31159
488 47.0836 47.9626 1.92216
489 69.015 87.7075 1.646
490 67.2869 94.2522 1.69925
491 70.4099 30.2719 2.50581
492 78.5556 46.4049 2.53336
493 71.8106 37.4829 2.87117
494 69.704 25.8249 2.50478
495 63.4701 35.6836 2.08368
496 69.4925 55.6747 2.38892
497 65.6795 58.5589 2.52654
498 77.8338 31.0754 2.39472
499 77.3039 71.8814 2.26115
