500
Particles
0 93.6503 74.3483 2.42759
1 33.2957 79.5332 2.07009
2 0.958846 8.49273 2.13092
3 59.7646 25.708 1.60372
4 81.16 87.0721 1.25288
5 95.4738 45.5973 -2.26072
6 15.3155 3.53937 2.8595
7 79.8864 33.8351 1.44782
8 49.4865 92.7016 1.30764
9 42.8217 94.5693 1.17844
10 17.9303 81.5452 2.71712
11 -0.0806846 1.80465 2.37454
12 5.23571 9.08674 2.1787
13 89.3485 77.5402 0.762791
14 85.9273 90.8506 1.7995
15 91.9118 81.3056 1.45264
16 33.7216 92.4474 2.56988
17 85.9513 4.59012 1.232
18 78.6915 97.0577 2.20753
19 54.2104 17.1988 2.23025
20 59.7849 26.7564 2.18675
21 98.9684 92.21 1.91297
22 20.015 95.6668 2.00626
23 86.5447 83.339 1.30558
24 67.7565 29.5599 1.63973
25 4.9535 84.8351 2.17663
26 94.6957 36.4648 -2.30178
27 93.7241 98.7251 1.65662
28 5.27239 91.99 2.13796
29 16.2966 14.1654 2.50159
30 57.8339 37.1104 2.48308
31 14.008 94.5908 2.50918
32 45.1253 23.648 2.51878
33 68.9803 35.585 0.731216
34 8.25569 84.6226 2.97946
35 78.4276 0.680966 2.07088
36 56.7212 42.916 2.77225
37 21.6039 12.1189 2.03976
38 4.426 88.4463 2.51099
39 86.384 83.3358 1.27522
40 10.1203 82.4548 2.79343
41 84.4998 83.7283 1.34623
42 28.3037 93.7202 3.08569
43 64.0648 26.4426 2.20322
44 33.8678 82.3365 1.98996
45 25.5052 88.313 2.93889
46 10.5442 89.0008 2.47028
47 87.3456 24.1549 0.904702
48 15.9406 87.1889 2.64593
49 -0.22416 72.6708 2.49725
50 88.9817 0.955775 1.50086
51 21.8032 96.258 2.39657
52 68.0541 28.7025 1.41579
53 57.9555 43.0343 2.52071
54 85.375 87.9127 1.22101
55 72.9523 22.5969 1.5032
56 89.0803 90.0344 1.20226
57 15.1798 73.6946 2.67941
58 87.6519 93.3777 1.08566
59 4.52582 85.532 2.43289
60 89.4227 98.0185 1.27122
61 16.2426 83.1726 2.08851
62 41.9251 89.9046 2.46476
63 33.6924 73.5609 2.61314
64 3.10384 98.2842 2.57793
65 83.1797 25.6755 1.21032
66 84.6725 1.92395 1.81269
67 86.2923 1.3913 1.85411
68 82.6802 22.6153 1.57054
69 20.8732 76.8121 2.15012
70 16.3819 8.11892 2.48061
71 10.9501 87.6547 2.33647
72 86.1574 98.4073 1.12319
73 21.3664 9.76606 2.92254
74 13.0831 76.4328 2.82813
75 82.0325 31.1866 1.18438
76 17.6996 78.2984 2.49393
77 21.1306 8.50082 2.7209
78 99.4884 31.9524 -1.43145
79 88.897 95.6446 1.33016
80 14.2739 82.5167 2.12532
81 83.2175 100.115 1.11673
82 69.3154 5.00045 2.00362
83 75.1942 93.1694 2.05409
84 74.0768 19.7071 1.17493
85 14.6363 84.732 2.17118
86 14.6177 81.964 2.79589
87 23.0018 6.7558 2.89466
88 75.6966 21.3324 1.19859
89 10.266 75.5193 2.76844
90 68.2522 29.6675 1.75279
91 12.3241 93.8757 2.37204
92 20.8872 4.1562 2.8379
93 78.6699 87.8504 1.92976
94 14.4159 83.9196 2.43426
95 55.8792 18.6461 2.4328
96 98.84 95.8152 1.82101
97 18.5372 10.1218 2.66557
98 11.1171 77.5332 2.21889
99 19.6301 3.02545 2.61268
100 69.122 29.4157 1.94224
101 83.8686 97.7708 1.7868
102 18.7352 82.8609 2.51713
103 6.88772 80.3688 2.63801
104 17.9 90.6779 2.12482
105 68.4118 30.9521 1.55394
106 85.9735 88.1554 1.45495
107 96.9852 83.2715 3.07437
108 16.4561 92.9699 2.77416
109 93.5863 95.6883 1.81625
110 83.2745 32.3953 1.83173
111 23.9186 12.7948 2.34624
112 58.0847 24.5769 1.43946
113 16.3333 2.16904 2.21145
114 96.6199 99.2118 1.96419
115 9.33848 11.2058 2.5478
116 13.7799 72.741 2.60532
117 9.80373 91.1668 2.26479
118 51.169 27.3068 1.74011
119 82.5473 90.5273 1.59413
120 0.643685 78.5661 2.67464
121 54.995 74.0106 -1.27939
122 15.1734 87.2477 2.81949
123 74.9457 87.9784 1.26041
124 97.0041 6.76865 1.83862
125 84.036 19.7476 1.77484
126 29.0761 99.3446 2.43561
127 84.1016 80.9387 0.931013
128 70.0938 29.4396 2.11406
129 93.359 100.102 2.02193
130 4.0146 90.0762 2.04349
131 15.8003 80.4279 2.46934
132 86.0375 21.0366 0.902855
133 86.1742 23.7066 1.50017
134 98.6919 70.0326 2.62948
135 21.6686 9.64889 2.26439
136 10.7999 73.4102 2.62364
137 3.62515 97.9444 3.0385
138 17.6557 85.0999 2.00284
139 5.35905 80.6406 2.81725
140 19.9784 82.5043 2.44815
141 79.8974 21.9483 1.85559
142 79.5682 90.8813 1.08907
143 38.9506 98.0369 1.80769
144 0.309918 97.0767 2.763
145 92.0504 2.30279 2.36772
146 99.0094 83.389 2.26287
147 66.479 35.4609 0.838303
148 22.4077 9.51777 2.41815
149 82.2542 100.287 1.33657
150 21.1251 85.304 2.52433
151 48.9141 21.9793 2.64058
152 14.0812 76.7691 2.11817
153 17.1252 91.5042 2.12984
154 35.4502 95.0158 2.10495
155 86.4826 25.3189 1.63506
156 51.5738 92.6341 1.20418
157 36.8435 4.82415 1.78392
158 93.9187 38.4409 -2.71108
159 40.2983 1.41515 1.67973
160 63.7959 37.2778 0.83431
161 39.7745 1.71503 1.81748
162 81.8786 1.21109 1.55017
163 74.8285 19.2036 1.36475
164 84.2823 27.2122 1.08709
165 76.723 98.4826 1.45835
166 74.2706 20.56 1.77961
167 24.8093 12.4236 2.48128
168 88.3052 97.0087 1.84006
169 82.7042 25.897 1.07413
170 47.5808 55.3947 2.7357
171 13.5121 2.96026 2.18121
172 94.0036 78.3 2.2341
173 20.7801 81.8759 2.19761
174 92.9408 36.4283 -2.29848
175 83.8803 17.9691 1.83327
176 10.8914 15.7159 2.47885
177 7.54568 79.2938 2.13364
178 67.887 28.4331 2.10909
179 6.68375 93.1609 2.217
180 15.1454 3.61314 2.13149
181 46.8398 97.2213 1.21976
182 92.4192 91.0399 1.81524
183 93.658 73.3057 2.17833
184 19.9517 2.55243 2.48788
185 83.372 25.6314 1.19338
186 19.8772 90.2643 1.96029
187 53.6615 24.3488 2.48367
188 77.5751 80.7272 2.07686
189 96.9928 4.16659 2.09072
190 95.1036 38.5077 -2.66606
191 10.7009 8.96813 2.16157
192 9.43574 72.1052 2.46454
193 21.8289 99.6109 2.10057
194 12.497 81.1439 2.364
195 4.76901 97.1167 2.98897
196 3.64763 77.0384 2.92326
197 14.3813 80.4063 2.53539
198 18.0912 2.79098 2.12041
199 0.852821 49.145 0.367241
200 20.6766 6.7866 2.92522
201 17.3268 11.5481 2.38478
202 66.4243 29.9444 1.4785
203 41.6755 2.77957 2.2103
204 94.3626 35.8178 -1.76735
205 24.8302 11.5063 2.58741
206 11.2999 82.0287 2.38039
207 4.89895 86.7688 2.58694
208 70.0966 17.4958 1.77535
209 50.7173 25.9646 2.27497
210 86.5576 99.212 1.69811
211 16.5981 87.7852 2.48539
212 86.339 22.476 1.55882
213 50.0746 20.1159 2.81179
214 73.7494 78.586 2.27092
215 0.258768 88.5501 2.24772
216 28.2721 94.5265 2.33035
217 3.92941 94.6678 2.04032
218 90.0214 10.7382 2.69229
219 88.18 5.45017 1.35708
220 21.7346 11.1949 2.21841
221 23.8628 99.0067 2.14119
222 20.5721 11.1927 2.50118
223 72.1381 32.0725 1.67508
224 55.0736 26.0502 1.9076
225 9.54336 12.1162 1.64675
226 38.4093 93.3421 2.25341
227 19.4877 91.5792 2.35986
228 16.2301 82.2767 2.17114
229 17.3866 82.506 2.71174
230 88.1613 79.519 1.03775
231 90.8507 97.0649 1.71502
232 19.6299 100.085 2.37801
233 11.6064 87.3313 2.6518
234 3.27568 78.9481 2.57548
235 87.2433 87.8279 1.31399
236 33.3831 89.3622 3.02457
237 0.563728 7.17057 2.48378
238 89.2505 89.6058 1.3351
239 78.3846 90.3953 1.91365
240 98.9467 98.9229 1.60967
241 49.2098 91.4724 1.0174
242 24.8828 96.6508 2.14155
243 19.2415 5.73266 2.12267
244 39.7846 2.27455 1.68616
245 21.6959 96.0305 2.32257
246 17.7255 85.0914 2.18371
247 90.7081 30.5985 -2.26465
248 82.9147 90.6464 1.25303
249 11.2387 74.4649 2.77675
250 93.1429 98.3797 1.99652
251 94.1324 5.14698 2.20493
252 77.3182 32.7312 1.56024
253 55.673 27.879 1.72134
254 15.2753 79.4676 2.35918
255 82.9205 99.8367 2.00586
256 25.7789 95.7432 2.84883
257 15.9023 83.2639 2.30982
258 50.4784 96.3265 1.02365
259 90.2992 89.2185 1.56106
260 96.2381 41.873 -1.96809
261 83.0767 92.1314 1.43167
262 26.046 90.2692 2.77297
263 17.1232 98.2333 2.50644
264 63.6638 36.0356 0.872796
265 14.2209 80.0415 2.38678
266 5.96123 75.963 2.48185
267 99.2125 98.5648 2.08371
268 3.97295 82.0137 2.97017
269 92.6678 99.8564 1.56222
270 90.5423 93.2128 1.74139
271 91.9507 91.9084 1.79471
272 45.5653 18.9595 2.28512
273 6.66028 82.2276 2.68993
274 13.3611 91.7267 2.05169
275 16.2087 81.5032 2.78981
276 4.8627 72.448 2.22929
277 17.7434 1.74388 2.84837
278 29.2592 73.8927 2.9696
279 25.2593 98.1143 2.28367
280 91.4267 93.5954 2.03607
281 18.3738 88.2018 1.84992
282 85.402 89.8222 1.07537
283 29.0645 12.9929 2.56936
284 22.9588 76.6809 2.73943
285 16.6127 6.90165 2.34653
286 79.6853 82.6824 1.25614
287 14.8114 84.5833 2.21855
288 59.2599 19.6875 2.2424
289 25.1597 79.5755 1.79771
290 12.2346 87.8796 2.82944
291 49.3041 88.1431 1.32022
292 85.0482 23.7897 0.971825
293 11.4857 90.7396 2.26136
294 91.4352 89.5375 1.41366
295 99.3569 92.9969 1.35175
296 24.2829 6.20954 2.17201
297 30.0706 91.6672 2.62928
298 54.3958 90.6081 1.63729
299 18.8468 11.9544 2.75472
300 10.1023 81.5548 2.87036
301 86.8221 99.8277 1.61204
302 -0.0926328 78.2592 2.27283
303 17.2423 86.2778 2.45478
304 33.675 75.7164 2.87066
305 96.7692 4.32884 2.12922
306 62.2313 32.5496 1.05926
307 98.8658 3.95056 1.84296
308 82.8502 94.4273 1.40894
309 11.827 91.7123 2.67401
310 66.3421 33.9092 1.49676
311 89.8969 85.5217 1.90819
312 19.5832 95.2684 2.55003
313 51.5511 20.8526 2.43043
314 87.4721 3.7193 1.00156
315 17.3967 89.2086 2.2631
316 19.3885 3.37045 2.83073
317 90.8808 94.8798 1.60005
318 8.12198 11.2448 1.83706
319 17.9826 11.0925 2.78242
320 19.5795 10.1695 3.01096
321 85.5085 3.02286 1.49329
322 23.1698 9.00407 2.6006
323 87.1623 95.1632 1.95184
324 34.1526 15.591 2.02027
325 28.4386 94.3373 2.43769
326 14.7029 79.6985 2.72406
327 12.6204 86.2005 2.57159
328 27.7501 8.48313 2.15249
329 59.7399 21.4755 2.28379
330 51.4588 19.5086 2.39855
331 74.4924 35.8926 1.50658
332 53.2542 20.5491 2.1146
333 19.934 4.22929 2.37305
334 84.663 85.886 1.21644
335 11.5443 9.39088 1.6631
336 23.9743 11.0484 2.35327
337 81.7849 88.5466 1.99092
338 26.9208 93.8548 2.66275
339 15.9323 84.9679 2.13686
340 92.1214 76.3316 1.94215
341 77.5825 93.8262 2.117
342 85.888 96.1249 1.64729
343 28.2258 97.2591 2.45403
344 19.7393 86.6078 2.26222
345 74.4252 26.0416 1.33015
346 83.1079 84.0143 1.69964
347 95.7652 43.5863 -2.28213
348 76.8329 81.9699 1.90459
349 93.3141 33.1825 -2.22428
350 21.7724 94.8003 2.63932
351 46.6913 92.8336 1.3998
352 34.4154 81.3954 2.5799
353 71.49 30.9424 1.4048
354 8.35466 73.9748 2.3119
355 17.6316 77.9207 2.65859
356 23.9236 7.47267 2.73184
357 86.8389 26.8308 1.02836
358 91.6535 94.0735 2.00498
359 4.80778 84.1494 2.89825
360 84.1406 4.95808 1.45836
361 96.2336 70.2774 2.23245
362 99.4662 95.4838 1.89129
363 15.4785 82.3264 2.03772
364 69.6809 36.5542 1.22594
365 17.0768 96.426 2.3586
366 17.116 4.59281 2.79155
367 22.482 10.8302 2.06453
368 97.0096 80.5598 2.32861
369 54.9997 20.0342 2.22735
370 56.3183 29.2325 2.3549
371 81.974 98.992 1.39084
372 95.3186 89.8401 2.10028
373 18.9453 7.8712 2.76014
374 94.1633 3.2724 2.64545
375 20.8856 0.449996 2.18156
376 95.3546 93.3128 1.94129
377 47.0242 21.3995 2.55366
378 11.3396 89.8631 2.86852
379 21.8114 13.2562 2.36781
380 17.9166 82.8283 2.12029
381 3.77896 36.367 -1.55276
382 2.62551 95.4062 2.27908
383 76.9754 23.6913 1.80636
384 19.4694 0.666961 2.2473
385 74.6491 34.2792 2.15565
386 58.8679 41.776 2.54529
387 1.09451 71.6894 1.93198
388 28.3807 90.5394 3.01777
389 2.38007 82.6236 2.84501
390 75.7154 95.0547 2.26169
391 86.2401 93.4967 1.93042
392 2.55371 80.2922 2.22814
393 27.9532 97.6217 2.56292
394 3.45357 98.1786 2.28269
395 90.4289 94.6673 1.90776
396 88.2497 3.93237 2.0526
397 0.374502 100.357 2.19783
398 51.659 18.8304 1.9335
399 50.4201 90.2895 1.93678
400 79.1473 89.4867 1.56298
401 53.9182 17.5116 2.22895
402 10.7844 75.8094 2.57712
403 -0.199853 92.3528 2.04515
404 13.6002 85.876 2.74983
405 33.433 79.8888 2.92917
406 86.367 76.7273 1.30907
407 13.1648 4.79418 2.38317
408 98.8817 86.9617 2.33086
409 28.5534 10.9442 2.4718
410 82.7251 91.2795 1.63626
411 97.7945 0.560013 1.41465
412 22.9227 81.3562 2.61143
413 79.2321 91.5493 1.94732
414 26.4694 96.6493 3.05448
415 81.0404 24.6902 0.892434
416 20.2457 2.96431 2.35371
417 76.7161 89.1781 2.01796
418 88.1974 98.911 1.58786
419 73.7573 22.4789 1.854
420 11.2973 89.3476 2.01413
421 85.1182 97.767 2.00558
422 89.1193 91.8845 1.84665
423 21.4337 8.2826 2.80402
424 86.5531 2.71935 1.81564
425 11.584 99.0854 2.8714
426 32.6068 11.4485 2.42308
427 92.5064 3.15654 1.88228
428 16.1126 89.0875 2.0715
429 25.0815 92.0335 3.04938
430 36.9103 98.5085 1.55854
431 20.4438 99.3539 2.2778
432 82.9575 1.24239 1.64329
433 30.3071 11.3176 1.93903
434 10.8945 85.3672 2.24288
435 75.0454 34.6927 1.22858
436 44.6363 98.3949 0.943185
437 5.41905 79.4928 2.43264
438 13.9598 14.8974 1.92319
439 22.4602 12.2765 2.89479
440 19.4779 78.2415 2.71017
441 85.0791 78.0581 0.76996
442 12.9207 7.78226 2.65991
443 1.34893 68.0257 1.89225
444 20.4452 97.2225 2.44779
445 92.8931 42.7688 -2.21091
446 83.6514 34.4117 1.34662
447 87.1477 82.2051 1.28487
448 95.7108 93.4821 1.28598
449 23.2429 78.7982 2.56643
450 82.7677 95.0313 1.28834
451 9.80051 77.4562 2.51446
452 92.9948 4.41871 2.21828
453 19.0044 81.1985 2.5779
454 94.7716 1.36527 2.21482
455 78.7921 24.2806 1.34268
456 75.9272 87.5565 1.87504
457 87.8289 89.6763 1.4719
458 98.4188 89.2911 1.42117
459 84.1386 23.4374 1.66093
460 6.67306 81.8521 2.5577
461 65.3015 29.8803 1.96433
462 22.8603 96.9138 2.79355
463 92.9789 92.3856 2.05228
464 25.757 99.8689 2.47997
465 84.5142 93.6296 1.52766
466 26.4883 93.1759 2.93821
467 23.4837 10.6989 2.54193
468 0.734443 80.3206 2.74399
469 47.5948 95.0398 1.56231
470 36.3405 79.9202 2.7784
471 15.2303 90.0937 2.55249
472 23.5462 97.7616 2.73508
473 19.1875 2.30449 2.14395
474 9.02463 42.9951 2.50419
475 88.206 80.2603 0.952996
476 88.0273 27.4174 0.970417
477 16.5523 83.3148 1.85499
478 78.9246 16.3834 1.44582
479 72.6232 25.0653 1.60109
480 92.364 84.6829 1.72451
481 25.6406 7.30075 2.44827
482 8.05565 72.9338 2.69252
483 79.5712 96.1298 1.94513
484 99.0275 83.8941 2.84616
485 94.3994 71.2686 2.74013
486 22.0675 82.6152 2.06602
487 26.6695 93.7187 2.37146
488 48.2925 91.3503 1.18144
489 72.5648 22.7088 1.26199
490 82.0621 31.7985 1.61658
491 16.0515 83.5249 2.13151
492 23.9428 0.873661 2.15794
493 18.2396 91.7825 2.34446
494 13.3529 78.6139 2.22627
495 9.73733 89.4273 2.01219
496 1.35663 0.560769 2.69922
497 89.8225 98.8131 1.08545
498 29.0049 91.0675 3.33021
499 89.6463 17.8111 1.66103
