500
Particles
0 89.0031 89.4614 1.86348
1 20.6311 87.7326 -3.15884
2 95.9319 24.0843 1.89038
3 58.5252 41.6398 1.80086
4 79.9478 3.13706 1.96638
5 89.8904 50.9793 1.06173
6 1.26358 11.4992 2.28148
7 77.5744 49.453 2.22573
8 49.5866 9.1052 1.58687
9 38.62 8.81609 1.65003
10 6.32556 93.1036 2.65915
11 94.8381 17.0512 1.81039
12 97.1817 21.4798 2.35135
13 86.9552 92.9399 1.72363
14 85.2987 7.05549 1.12347
15 88.7843 96.7016 2.2127
16 21.7991 3.47616 2.55068
17 85.9388 20.6784 1.05277
18 79.9121 13.1831 1.89786
19 45.3847 30.7607 1.77858
20 58.5931 42.9456 1.95508
21 97.8253 8.17463 2.02371
22 6.58 4.31829 2.69856
23 84.9854 99.6038 1.85015
24 65.7641 45.6106 1.19824
25 94.1555 96.2491 2.65528
26 88.5339 45.9988 1.25345
27 93.1851 14.8333 1.21601
28 98.2182 5.79197 2.32123
29 3.23099 23.9655 2.19457
30 48.8056 48.9878 1.33834
31 0.296013 3.148 2.25065
32 36.2536 36.6149 1.36234
33 68.0167 51.5572 1.50112
34 96.2061 94.7426 2.17825
35 79.5171 16.8134 1.93867
36 49.212 55.3375 1.22802
37 9.43241 23.1255 2.20944
38 95.247 1.56247 2.19625
39 84.064 99.5007 1.49924
40 98.3614 93.8643 2.52174
41 83.2097 99.6418 2.10324
42 13.8893 0.602211 2.89885
43 61.5403 42.6603 1.5221
44 21.7968 90.7244 -2.52638
45 12.1902 97.5241 2.79636
46 98.3493 99.6237 1.8595
47 87.2089 40.5546 1.79004
48 4.19977 98.5843 2.63172
49 91.3758 85.7856 2.47204
50 88.5312 17.1581 1.76784
51 9.58347 6.93294 2.18223
52 63.677 44.4463 1.05601
53 50.6104 55.9335 1.50477
54 84.4471 3.99779 1.1598
55 76.8369 38.1478 1.41226
56 88.1847 6.37131 1.75879
57 5.21444 86.4808 2.08436
58 87.0811 9.55158 1.71674
59 94.0765 97.4176 2.07081
60 89.4752 14.184 1.88628
61 4.49656 94.6844 2.00118
62 46.7081 5.01534 1.31711
63 21.8088 82.526 -3.08365
64 96.9226 13.0391 1.73464
65 83.342 42.0552 1.89451
66 86.5666 17.9756 1.78569
67 87.6619 17.7057 1.44292
68 85.1652 38.545 1.91244
69 9.77848 88.2807 1.96118
70 2.50602 16.503 2.87872
71 99.2726 98.9439 2.16348
72 86.5118 14.8358 1.52069
73 8.61302 19.7517 3.15504
74 3.43939 89.5514 2.40488
75 78.4514 46.7919 1.29502
76 7.33941 90.6146 2.52752
77 7.23378 17.0562 2.56033
78 5.84051 26.6884 2.02273
79 88.3234 11.8105 1.89596
80 3.12479 94.5597 2.71682
81 84.5974 16.3932 1.85025
82 61.0223 18.8303 1.73868
83 74.6351 8.62093 1.39327
84 77.008 35.801 1.3058
85 3.35979 96.2499 2.03258
86 3.65111 93.6309 2.19355
87 10.1832 16.7157 2.27314
88 78.3779 37.19 1.70787
89 1.3886 88.9645 2.81719
90 64.0293 45.4812 1.86503
91 99.4667 3.4244 1.89162
92 7.4307 13.2878 2.7398
93 76.4144 3.55122 1.76381
94 3.36784 95.769 2.58987
95 48.7436 33.412 1.79127
96 96.2583 11.6956 1.71129
97 4.97718 19.2969 2.88233
98 0.856051 89.9575 2.13741
99 6.09125 12.2775 2.8155
100 67.8418 45.6814 1.67617
101 85.7007 14.1449 1.6319
102 7.80031 94.9597 2.56612
103 95.5249 92.0138 1.76684
104 5.22056 1.09262 2.26202
105 65.2598 47.0117 1.49809
106 86.2009 4.36461 1.55287
107 90.0964 97.4749 2.1186
108 4.1383 2.97481 2.79909
109 92.0673 11.7719 1.77484
110 79.2903 47.7999 1.51738
111 10.5868 21.976 2.71483
112 57.3546 40.8174 2.05093
113 2.39689 10.6892 2.25696
114 93.4491 14.9924 1.07616
115 97.8253 20.7523 2.1621
116 4.10537 85.9019 2.35977
117 97.1325 0.902865 2.48589
118 50.3034 43.0917 1.2
119 80.1921 6.77722 1.76835
120 91.8717 91.9972 2.17593
121 70.6982 72.2482 0.299458
122 3.26062 98.1067 2.85483
123 73.0832 3.56319 0.902846
124 93.6319 22.5657 2.31942
125 90.4956 34.3773 1.6977
126 17.1914 9.71432 1.96891
127 83.776 96.508 2.32094
128 65.863 45.0714 1.78732
129 90.8029 16.0345 1.1763
130 95.974 3.74364 1.90684
131 5.17415 92.7361 2.70275
132 92.7778 35.7723 2.0269
133 89.7012 39.4973 1.98836
134 89.6716 82.9629 2.27674
135 8.1852 18.8501 2.27142
136 2.65445 87.5909 1.9878
137 97.6302 12.1709 2.04363
138 5.55269 96.2436 1.90247
139 94.7674 92.4353 1.81808
140 10.0846 95.4791 1.88338
141 82.5702 37.978 1.67501
142 77.7196 6.87482 1.64707
143 35.9385 13.1142 1.9457
144 96.2414 12.5769 1.60499
145 90.7731 18.6511 1.90482
146 91.7822 97.233 2.40544
147 66.3024 51.5142 1.66428
148 9.61248 19.5527 2.21105
149 81.9248 16.4515 1.15592
150 9.81327 96.9409 2.13159
151 39.9228 35.1736 2.26064
152 4.57027 90.0444 2.21528
153 4.09379 1.58736 2.61207
154 26.4483 5.16315 2.50276
155 87.7347 41.5239 1.96493
156 53.0284 8.63882 1.34463
157 33.051 20.4905 1.74861
158 88.8124 47.3089 1.25297
159 36.0238 16.5443 1.49035
160 63.3637 53.2722 1.892
161 36.842 17.7869 1.44584
162 83.5376 17.5864 1.45981
163 78.2088 34.8465 1.69842
164 84.1558 43.3115 1.32673
165 74.6328 14.1984 1.69401
166 78.1381 36.3017 1.32658
167 11.8422 22.0759 2.35991
168 88.5072 13.2752 0.984312
169 83.98 41.8803 1.67982
170 51.1837 68.0893 1.82608
171 99.4655 10.7251 2.38275
172 88.8924 93.5981 2.37756
173 9.71219 93.6092 2.20416
174 86.3517 46.9908 1.93644
175 92.7486 31.5901 1.28542
176 98.9188 24.6643 1.82834
177 96.8872 91.5354 2.22507
178 64.6883 44.0635 1.07226
179 97.1228 5.36766 2.1143
180 0.806773 11.1634 2.61754
181 44.6244 13.063 2.04888
182 91.3052 7.335 1.82358
183 87.534 88.0169 2.39312
184 6.64152 12.1279 2.19055
185 86.0805 41.5825 1.80375
186 7.72615 0.700714 1.95915
187 52.9946 40.2981 1.68403
188 80.3481 96.2134 2.1988
189 93.6544 20.0142 2.00004
190 88.0014 46.6208 1.68368
191 98.9851 18.0898 1.69301
192 99.5037 85.0453 2.4207
193 8.31875 8.69077 2.91301
194 1.51077 93.0275 2.59245
195 98.585 10.6903 1.56086
196 92.8742 89.2059 1.83474
197 4.61395 93.7702 2.08654
198 4.77191 12.0241 2.44658
199 4.08921 54.998 1.19961
200 7.96334 17.0353 2.39564
201 4.17514 21.4066 2.79448
202 63.0834 45.6514 1.88989
203 37.0613 18.1981 1.85599
204 90.0322 45.0078 1.37836
205 11.853 21.2736 2.76407
206 -0.253499 93.4203 2.88296
207 94.3309 98.4206 2.30568
208 75.7923 20.1304 2.02372
209 50.4117 42.1346 1.53533
210 88.3848 15.3277 1.11626
211 4.17332 98.2347 2.61452
212 91.4073 37.7868 1.5304
213 42.3841 34.3103 1.68813
214 78.7535 93.7134 2.12802
215 94.6954 3.37533 1.56335
216 13.5356 1.921 2.52665
217 97.1474 9.34036 1.79441
218 88.3053 25.7944 1.33986
219 88.3954 21.7441 1.26878
220 8.4143 20.346 2.38157
221 11.6578 9.91826 2.73306
222 6.64477 19.9411 2.86564
223 69.6353 47.9681 2.12758
224 56.1455 42.1248 1.17687
225 98.1105 21.6654 2.35365
226 25.3197 1.27926 2.17522
227 6.51233 1.28455 2.67145
228 5.91232 94.6085 1.97883
229 6.04469 94.2706 1.89518
230 85.1485 95.2043 1.80988
231 89.9561 13.3206 1.89289
232 6.10722 9.27591 2.33854
233 99.0874 97.8636 2.36478
234 92.9016 91.1503 2.03097
235 86.2663 4.14967 2.09473
236 20.7955 98.5822 2.9758
237 96.5489 22.6979 1.5151
238 88.35 5.78497 2.05635
239 76.9652 6.11888 1.7145
240 94.2706 14.6555 1.20913
241 51.7374 7.46547 1.10608
242 10.9446 4.56016 2.31597
243 5.38217 14.1412 2.21258
244 36.8039 17.9726 1.34978
245 8.83851 6.35412 2.51769
246 6.00621 96.6244 2.41733
247 86.6573 45.1659 1.5844
248 80.8692 6.48485 1.90768
249 2.4246 88.178 2.23729
250 91.1933 14.7941 1.81819
251 91.5802 20.8824 1.47866
252 76.3823 48.5735 1.96155
253 55.0705 43.6496 1.88165
254 4.70591 91.8022 2.53072
255 83.833 16.0985 1.83512
256 11.3906 3.74752 2.61332
257 3.11936 93.5403 2.68842
258 50.8511 12.1858 1.39824
259 87.6734 5.29005 1.88931
260 90.9041 49.2771 1.28997
261 81.1668 8.16267 1.84675
262 11.6147 97.1421 2.51055
263 3.58264 7.24866 2.23971
264 64.2396 52.0772 2.09318
265 2.9426 91.8794 2.78011
266 96.0465 88.6546 1.84568
267 95.3027 14.3683 1.48468
268 93.9218 94.441 2.07908
269 91.3923 16.2883 1.60902
270 90.0833 9.32361 2.02323
271 90.2379 7.99264 1.28273
272 37.4586 32.6842 1.68544
273 95.5277 93.9627 2.70419
274 0.526458 1.6006 2.0887
275 5.64141 94.0707 2.11882
276 95.7129 85.7037 2.01787
277 4.39385 11.0383 1.96264
278 14.6507 79.6192 2.72699
279 10.5438 5.21114 2.58929
280 90.5717 9.65826 1.90208
281 6.68007 99.4943 2.17283
282 85.0803 6.42064 1.4013
283 16.3552 23.1057 2.71033
284 12.903 89.4218 2.32773
285 2.32035 14.4794 2.19646
286 80.905 98.7344 1.87244
287 2.75662 95.7535 2.15677
288 52.154 34.0437 1.67604
289 14.2473 91.1187 2.35625
290 -0.302067 98.3094 2.61772
291 57.131 97.8728 -0.336508
292 88.0931 39.8596 1.17826
293 98.4523 100.295 1.81381
294 90.3741 5.58102 2.20417
295 96.8417 8.163 1.31592
296 11.5956 16.2796 2.8753
297 17.4103 1.41799 2.3346
298 56.1803 6.72315 1.10847
299 5.67779 21.7093 3.0612
300 98.7425 93.4348 2.25224
301 87.0046 15.8836 1.06005
302 91.344 91.4074 2.38143
303 6.17499 97.6965 2.02503
304 20.1084 83.2249 -3.07701
305 93.9026 20.0702 1.58325
306 59.4856 48.1114 1.79948
307 95.4682 19.6831 2.06255
308 82.7612 10.5636 1.62287
309 99.3014 1.87415 1.68125
310 63.2834 49.8736 1.9504
311 88.9517 1.29811 1.60207
312 7.05694 5.58291 2.23681
313 44.1425 35.225 1.61926
314 87.3108 19.9141 1.88905
315 5.84438 0.604153 2.29547
316 5.15612 11.2574 2.72462
317 89.8917 11.1829 2.06064
318 97.2687 21.0452 1.77472
319 5.34113 21.4317 2.94164
320 6.38737 19.7805 2.23555
321 85.4456 19.311 1.06117
322 10.6028 18.8953 3.12025
323 87.3003 11.4091 1.85661
324 23.7557 27.1934 1.67939
325 14.1821 2.47777 2.30267
326 3.98419 92.0143 2.79037
327 -0.0918365 96.5352 2.55103
328 14.6466 18.3753 2.29681
329 55.9214 37.5655 1.87082
330 43.7082 33.7722 2.01563
331 71.0975 51.865 2.1333
332 46.9478 35.4272 1.59443
333 6.75722 13.943 2.82326
334 84.1612 1.77023 1.65797
335 98.8395 17.3323 2.00349
336 11.4097 21.4301 2.80508
337 79.7906 4.41542 1.45687
338 13.0928 1.65289 2.51664
339 3.75092 95.8697 1.95918
340 87.425 91.4358 1.90078
341 75.6787 9.90316 1.58235
342 85.7313 12.1779 1.43538
343 12.677 2.55179 2.88175
344 8.51965 98.084 2.07623
345 77.7028 42.1715 1.36868
346 83.5905 100.264 1.75121
347 89.6117 50.2887 1.05497
348 79.3036 97.7896 1.24329
349 87.3967 44.5972 1.49673
350 7.99361 2.96061 2.01874
351 45.6791 8.69717 1.62394
352 22.7929 89.8454 -2.48522
353 69.5142 47.1276 1.26453
354 98.5306 86.6087 2.73516
355 7.22083 90.3953 2.09984
356 11.1428 17.5735 2.86663
357 87.0303 43.2375 1.62093
358 91.247 10.1923 1.47514
359 93.8591 95.588 1.8467
360 84.7135 21.2978 1.25707
361 90.0183 84.7864 2.583
362 96.8128 10.9924 2.00077
363 4.72212 94.4634 2.37224
364 68.5923 52.5861 1.62713
365 3.6973 5.85547 2.3112
366 3.88117 13.8331 2.19591
367 9.42802 20.6305 2.91059
368 89.7827 94.8009 2.34242
369 46.9723 33.6164 1.52933
370 55.8605 45.207 1.49151
371 83.6373 15.3791 1.35572
372 92.9618 5.99908 2.23943
373 5.76333 17.3799 2.76886
374 91.6605 19.0045 1.98295
375 7.42372 9.75893 2.02205
376 94.311 9.74256 1.17527
377 37.813 34.8269 1.79182
378 98.9093 99.966 2.02944
379 8.26162 22.5353 2.92325
380 6.32801 94.3641 2.36614
381 9.47356 27.2589 2.49602
382 98.4899 10.8395 1.919
383 79.3054 39.6676 1.64703
384 5.38612 8.89254 2.51792
385 73.9584 50.0333 1.44391
386 49.2633 53.9008 1.63124
387 91.8149 85.1739 2.48412
388 13.656 97.5243 2.77436
389 93.3487 95.4708 2.1389
390 73.653 11.0462 1.04693
391 86.0138 9.81781 1.48417
392 92.9865 93.4022 2.47966
393 13.4018 4.81404 2.03253
394 97.2105 12.2084 1.42555
395 90.7089 10.9155 1.52147
396 88.1059 20.0272 1.88297
397 94.8849 15.3845 1.7509
398 44.0068 33.1763 1.89645
399 52.885 6.35852 1.65947
400 77.4074 5.0184 1.09536
401 48.0595 32.4185 1.41065
402 1.99866 89.4558 2.14215
403 97.7462 8.66025 1.88196
404 1.54991 96.8307 2.35967
405 20.7369 88.888 -3.31816
406 85.1172 91.9542 2.25386
407 99.4004 12.8667 1.7436
408 92.5633 1.63162 2.27258
409 15.5581 21.1196 2.582
410 80.7035 7.59959 1.62956
411 93.5797 16.2439 1.31599
412 11.4034 92.8539 2.78757
413 76.5819 7.22151 1.05908
414 11.6211 3.06764 1.97345
415 83.2862 40.602 1.84755
416 6.87397 12.3054 2.39952
417 75.8307 5.02108 1.2172
418 89.5191 15.2285 1.7699
419 75.7655 38.7542 1.69946
420 97.9075 98.2912 2.19682
421 87.1062 13.9237 1.09519
422 87.5698 8.17609 1.267
423 7.98955 17.821 2.2373
424 86.2105 19.1298 1.72025
425 99.118 6.63774 1.6849
426 19.0789 20.2649 3.09815
427 90.1786 19.0208 1.30814
428 2.92719 98.6535 2.44539
429 10.5525 99.4079 2.77647
430 34.4358 13.8122 2.34052
431 7.7837 9.27516 1.99716
432 84.0417 17.3817 1.89385
433 16.3267 19.7476 3.03608
434 98.9831 96.3867 2.78076
435 74.0966 50.4357 2.20949
436 40.0329 13.2648 1.45936
437 94.3937 91.5499 1.98997
438 1.78152 24.7181 2.45945
439 9.8439 22.4763 2.60964
440 8.55434 90.1351 2.84712
441 83.7856 93.4374 1.7125
442 99.428 16.157 1.78933
443 7.42822 63.9258 -2.73218
444 7.11825 6.35755 2.21249
445 86.3842 49.4074 1.62104
446 79.0763 50.0765 1.83192
447 85.216 98.1476 2.37513
448 93.6242 9.53283 2.08504
449 12.8108 91.3849 2.38917
450 81.8586 11.2334 1.46594
451 -0.199038 90.2881 2.69141
452 90.7371 20.4441 1.75955
453 7.51365 92.5427 1.97285
454 92.0774 17.0669 1.58996
455 80.42 40.6513 1.81316
456 75.1537 3.09379 0.926076
457 86.8389 5.64933 1.13885
458 93.403 4.46475 1.74259
459 88.4107 39.2426 1.58849
460 95.6227 93.5155 1.82693
461 61.1255 45.2829 1.44926
462 9.25815 5.81233 2.41605
463 90.9826 8.46155 1.68923
464 14.4355 11.3916 2.19144
465 83.7539 9.5915 1.21388
466 12.4186 1.19532 2.65594
467 10.6658 20.4543 2.7977
468 91.5721 93.8452 2.39136
469 47.5897 11.2543 1.77625
470 22.8987 87.3482 -2.41302
471 2.312 99.7234 2.03993
472 10.0799 7.07466 2.04401
473 5.40529 10.993 2.90538
474 6.24376 51.3789 1.41277
475 86.6611 95.6698 2.40343
476 87.6446 43.6976 1.56991
477 4.52492 94.2481 2.69668
478 82.6629 30.8752 1.92131
479 75.557 40.9527 1.1966
480 89.5212 0.652691 2.28156
481 13.6619 17.9519 2.5984
482 97.7975 85.6588 2.18942
483 80.1377 12.3315 1.30077
484 92.1089 98.3273 1.95052
485 87.5651 86.0431 1.8947
486 11.3918 95.0337 2.40114
487 12.1948 1.02476 2.82987
488 50.384 7.27618 1.83145
489 74.5361 38.6662 2.02701
490 78.9653 47.3017 1.57406
491 4.47796 94.9032 2.57926
492 11.447 11.2379 2.24159
493 5.46576 1.58252 1.9289
494 3.34775 91.2504 2.82392
495 97.4846 100.117 2.25685
496 96.0093 15.0361 2.09425
497 88.4854 15.2675 1.35405
498 15.0631 99.4222 2.69768
499 98.987 28.4896 2.39546
