500
Particles
0 19.0584 9.14549 -0.0775769
1 50.9607 87.8686 -1.20136
2 89.508 29.8268 -2.01535
3 96.4931 6.98042 0.0124645
4 48.2121 78.4352 -0.0219201
5 82.4385 54.9591 2.80658
6 99.0864 74.863 -3.20181
7 40.9839 61.8359 -0.959449
8 78.3064 25.1818 -2.12973
9 67.1612 32.9477 -0.865374
10 64.9462 75.9776 -1.59086
11 83.4322 82.6673 -1.01294
12 62.0131 75.5203 -1.02485
13 17.9921 42.3337 -2.62108
14 50.8894 48.8363 1.43261
15 75.7725 63.2926 0.944923
16 97.8034 8.0215 0.954799
17 35.0251 37.1332 2.80832
18 51.9319 74.6179 -0.52506
19 48.6466 95.9636 -1.60176
20 30.7066 72.4432 -1.79757
21 3.1122 75.1707 -2.7049
22 63.0354 92.7253 -2.58398
23 38.2393 41.9174 2.40567
24 26.8725 2.54005 -2.53259
25 86.5978 74.4905 -0.409539
26 78.4076 68.01 1.238
27 44.0052 59.4082 -0.646904
28 15.4054 12.4428 -0.305424
29 2.76116 14.7733 -2.3806
30 71.537 6.23627 -0.405298
31 49.0976 4.19268 -1.36835
32 31.2753 68.5776 -1.72833
33 88.9057 25.8469 -2.65226
34 26.8393 70.1482 -1.4857
35 16.5009 9.63749 0.0749448
36 10.8172 85.965 2.7343
37 63.1308 53.5957 0.466971
38 94.1427 26.5629 -2.11701
39 49.9284 96.2663 -1.25825
40 93.1527 29.9617 -2.62324
41 20.4899 45.4428 3.25987
42 65.5784 34.1162 -0.235118
43 75.8371 83.0539 -1.35079
44 54.4111 2.42302 -0.836723
45 65.6398 37.6158 -0.669451
46 20.1134 13.8437 0.42882
47 7.56914 92.7147 3.49274
48 75.4671 24.115 -2.06253
49 85.105 69.2114 -0.215081
50 85.716 24.1102 -2.98936
51 21.9895 17.6157 0.0988738
52 99.7498 68.6076 -0.896536
53 14.6187 87.139 2.86388
54 70.2643 78.1056 -1.76973
55 48.2216 61.2587 -0.512641
56 26.8723 67.5531 -1.85444
57 86.611 4.38289 -0.801821
58 33.1083 57.9693 -1.00848
59 90.6318 76.8235 -0.489454
60 59.7629 56.6886 0.177721
61 65.9676 29.4952 -0.471765
62 16.1403 15.5513 -0.328377
63 48.6434 86.1665 -0.908401
64 53.55 87.1019 -1.72014
65 4.09951 57.7167 -1.56031
66 57.9147 77.8774 -0.797124
67 29.2503 9.39784 -3.1009
68 4.0573 55.1183 -1.55424
69 19.4335 20.1578 -0.410158
70 93.2948 76.467 -0.284087
71 25.9974 83.7778 -1.55547
72 55.0338 76.276 -0.408202
73 57.4561 15.9863 -2.05778
74 96.1987 48.393 2.92444
75 11.5596 32.2657 -0.81385
76 16.92 21.9338 -0.774546
77 54.7055 73.3629 0.162132
78 62.2039 97.2456 -2.41642
79 80.4123 45.5496 2.97231
80 15.1283 18.2322 -0.21497
81 60.2946 66.4036 -0.739046
82 21.8027 70.974 -1.50759
83 49.9567 65.5878 -0.487592
84 40.2832 37.4725 2.28851
85 16.4513 63.1782 2.59972
86 14.1531 28.9944 -1.09842
87 3.51483 43.9981 2.15806
88 0.656016 66.1797 -2.18953
89 76.7293 69.2288 1.4216
90 79.7209 67.1792 0.994776
91 48.9243 3.7513 -1.29416
92 46.2677 59.9375 -0.923753
93 28.7431 59.9047 -2.00566
94 26.3413 89.3757 -1.16442
95 16.3451 13.639 0.132025
96 75.9998 47.003 2.11131
97 71.7457 52.1627 2.87495
98 77.5772 70.4754 1.1702
99 92.359 4.63283 -0.207159
100 1.21498 67.1696 -1.93257
101 53.906 53.5012 0.67438
102 78.6955 26.5008 -2.9057
103 12.4732 74.4639 -2.8409
104 22.046 9.82064 -0.066432
105 78.9009 68.3884 1.09223
106 25.1748 70.2567 -1.36402
107 62.7932 19.2649 -2.18582
108 28.1383 19.0078 -0.697607
109 70.6845 21.9308 -2.65534
110 76.5325 9.92584 -1.99575
111 75.477 49.971 2.85238
112 86.8908 22.2981 -2.75266
113 31.9805 44.2145 -3.28369
114 73.8823 66.7645 1.17536
115 52.9757 17.5872 -2.27913
116 61.9318 69.5469 -1.24704
117 75.6691 69.216 0.739081
118 98.7366 7.04813 0.0268215
119 36.3842 52.3447 -2.62528
120 81.7736 61.3739 1.78804
121 43.6757 95.6108 -0.868265
122 26.3148 88.8799 -0.946342
123 52.9491 67.2279 -0.378794
124 7.85112 50.2979 2.53675
125 0.146028 65.5325 -2.07506
126 51.5153 11.4308 -0.816215
127 3.84288 60.2842 -0.946199
128 26.6678 0.460821 -2.47804
129 22.3886 10.0971 0.356803
130 19.4688 18.6397 -0.3608
131 62.4355 74.2535 -0.597709
132 80.7933 79.8334 -0.852522
133 80.2009 79.1561 -1.00565
134 93.44 79.8013 0.0294002
135 2.73799 76.4196 -2.78739
136 9.98392 88.6921 2.82402
137 98.0071 80.7391 -1.0017
138 32.7877 96.5031 -1.03478
139 11.6597 19.5319 -1.5778
140 79.1341 27.7309 -2.38734
141 0.287207 66.224 -2.43778
142 -0.242911 71.2113 -2.61687
143 71.0375 36.5391 -1.34933
144 68.0288 52.4273 0.225361
145 63.7579 17.303 -2.31364
146 17.9181 16.215 -0.195445
147 91.1297 26.186 -2.20652
148 18.6525 14.1304 0.393199
149 66.8229 55.3802 -0.231583
150 30.1701 13.8298 -0.0200363
151 14.6721 12.8426 0.427704
152 40.1323 87.8971 -0.261518
153 19.8794 10.3504 0.115296
154 73.1321 36.3607 -0.790498
155 86.5598 91.9939 -1.45006
156 75.7167 28.5086 -1.53916
157 56.9249 36.0571 -0.861475
158 94.5441 86.7643 -0.305483
159 66.3494 74.8997 -1.83941
160 56.36 7.18193 -1.33657
161 43.3718 -0.195915 -0.901745
162 82.6454 28.534 -2.49978
163 6.87797 45.7759 2.22143
164 5.93072 67.1892 -2.76134
165 15.3846 10.1176 0.45628
166 1.91468 54.986 -1.53714
167 7.76424 73.0201 3.33243
168 52.7805 85.1749 -1.76173
169 79.2396 5.95447 -1.40558
170 87.9173 24.5588 -2.96912
171 80.3424 46.372 2.43809
172 58.1264 18.7221 -1.8597
173 72.4529 30.2327 -0.68598
174 77.2956 55.965 2.3946
175 47.3727 7.35411 -1.24869
176 72.0387 64.4463 0.987595
177 16.2686 64.4942 2.45358
178 40.2301 43.4414 2.59014
179 16.4256 12.4738 0.334608
180 29.7254 48.1576 -3.22154
181 76.1413 32.5128 -1.53372
182 29.3224 63.5165 -1.85291
183 53.9429 38.1739 -0.0995203
184 82.7519 60.656 1.95689
185 19.369 38.1866 -3.31487
186 25.9699 90.1792 -1.04909
187 84.089 24.3275 -3.27205
188 46.584 82.8507 -0.760149
189 62.3375 2.23927 -1.71299
190 60.115 77.5151 -0.971516
191 76.8398 51.6408 2.29876
192 23.7182 98.2517 -2.56024
193 65.1695 26.3837 -0.284475
194 82.854 98.7536 -0.82072
195 54.3049 71.8295 -0.0136438
196 94.7301 82.2714 -0.979118
197 15.0734 26.9351 -1.50249
198 26.3438 75.6855 -1.39913
199 1.13098 82.3862 2.86015
200 6.53387 71.7545 -3.37452
201 47.2749 95.4021 -1.11452
202 46.3674 66.6073 0.531038
203 24.4852 20.9858 -0.154968
204 86.7461 54.0587 3.1224
205 63.4294 18.0302 -2.68368
206 1.0801 16.4659 -2.50465
207 89.383 77.9121 -0.509151
208 76.3812 64.5985 1.06251
209 66.1362 69.973 -1.47282
210 58.1227 54.9998 0.549626
211 61.3893 81.6969 -0.753506
212 80.4105 82.0687 -1.57944
213 18.4604 18.3467 -0.137667
214 51.0202 63.9444 -0.257668
215 25.8869 53.0096 -3.22464
216 67.1374 40.2624 -0.401334
217 4.83848 72.8184 -3.50308
218 52.9536 35.9006 0.0925238
219 22.5795 34.0685 3.45767
220 11.9521 60.8756 2.17875
221 30.0671 22.8685 -1.62441
222 60.3418 55.8451 0.503662
223 -0.088645 20.3799 -2.89649
224 95.6457 5.25303 0.769309
225 38.009 59.2231 -0.987064
226 63.9225 33.5919 -0.271769
227 78.8527 24.5759 -2.59754
228 20.0105 28.0249 -2.03542
229 32.654 19.0977 -2.03633
230 14.2187 45.1313 -2.7404
231 56.4218 68.8713 -0.287994
232 46.0263 0.239436 -1.48414
233 17.5086 48.9692 3.33646
234 91.4315 80.2382 -0.546131
235 26.2439 65.998 -1.42642
236 80.7624 27.5269 -2.82349
237 62.1272 99.0008 -1.76146
238 40.0815 46.734 3.16829
239 47.9612 80.4514 -0.2286
240 67.6294 59.5022 0.644037
241 57.381 88.3458 -2.03462
242 23.4386 17.4833 -0.0346638
243 4.75441 73.0921 -3.19766
244 39.2353 95.0432 -1.35762
245 24.275 16.5627 -0.225869
246 32.3833 87.1515 -1.38006
247 9.02045 54.1333 2.38349
248 54.5057 48.6021 0.299822
249 78.9006 52.3429 2.27922
250 10.862 30.911 -1.59886
251 95.5627 22.3721 -2.3833
252 36.8154 63.8359 -1.19957
253 23.4774 37.0574 -3.35233
254 64.4163 3.79427 -1.36238
255 62.4922 59.6766 0.514667
256 27.2426 17.5486 -0.243822
257 29.6249 89.2763 -1.48838
258 84.6362 25.4963 -2.49778
259 26.7465 71.2989 -1.97712
260 3.94672 80.5527 -3.42755
261 30.7701 43.4005 -3.0399
262 71.2988 34.7934 -1.36083
263 11.6328 63.3981 2.44469
264 81.1479 14.9092 -2.59219
265 17.6581 49.8634 2.40369
266 8.78166 97.6356 2.9339
267 56.0917 87.4283 -1.90096
268 69.3742 3.11851 -0.589807
269 97.4669 87.6709 -1.05219
270 26.3517 62.7309 -1.19164
271 26.958 66.166 -1.66896
272 18.9617 27.4664 -1.89289
273 93.5868 81.1114 -1.09372
274 7.77188 82.5561 -2.72085
275 33.2456 15.6166 -2.66074
276 79.0328 70.9206 1.32023
277 61.6523 17.3287 -1.82978
278 88.5388 20.388 -3.05303
279 36.0534 26.1778 3.21055
280 78.353 41.8585 2.96302
281 51.206 11.3308 -1.3253
282 37.5537 39.1732 2.39845
283 98.8483 81.9297 -0.490102
284 59.0087 90.1299 -2.65131
285 83.7562 47.446 2.92836
286 8.0378 48.8009 2.09268
287 29.2561 89.1599 -1.17677
288 94.3713 5.09352 -0.131823
289 93.6816 15.0312 1.24293
290 69.3755 27.1457 -1.05077
291 51.2409 91.5507 -2.11282
292 77.4763 4.05383 -0.680962
293 12.7592 68.2348 1.94721
294 73.5376 80.3279 -1.43074
295 39.2343 66.0216 -0.78314
296 75.6924 64.8407 0.886492
297 70.5214 33.185 -1.39587
298 53.3102 5.9201 -1.06213
299 91.3389 75.7446 -0.538471
300 13.605 59.9661 2.00994
301 60.6617 66.1766 -0.985612
302 92.1316 28.3147 -2.5912
303 81.1407 20.3379 -2.94398
304 54.542 83.4356 -1.30894
305 58.1631 75.7963 -0.271393
306 12.7483 91.6355 2.36299
307 56.1935 3.89648 -1.22994
308 33.4112 46.995 -2.29544
309 3.84809 98.0126 2.54965
310 44.0897 48.998 -3.1631
311 5.37779 92.7905 -3.33255
312 21.0803 15.5157 -0.127024
313 11.7529 14.6883 0.258863
314 1.19291 6.23809 0.746423
315 75.2632 27.7795 -1.61861
316 -0.343268 76.7049 -2.68783
317 97.4773 70.3703 -0.249519
318 69.0943 63.4671 0.858208
319 85.6204 50.5572 2.5831
320 57.4575 68.3059 -0.616398
321 8.13452 91.6778 3.32194
322 75.7738 50.3533 2.53266
323 81.0719 44.7129 2.13627
324 56.3857 8.68424 -1.09468
325 60.1542 35.3451 -0.243451
326 90.4095 5.44873 -0.044021
327 10.1717 18.2347 -1.38994
328 76.918 64.356 1.47578
329 28.4808 69.8354 -1.63616
330 17.6205 16.8266 -0.450066
331 79.991 75.1126 -0.841546
332 31.0328 69.7998 -1.26191
333 29.0452 50.2213 -2.76022
334 44.3455 86.1695 -0.324993
335 81.4309 49.3561 2.18353
336 8.9859 72.6216 -3.17682
337 49.3026 77.0328 -0.746793
338 65.4161 34.8373 -0.569108
339 89.8433 7.52843 -0.00292224
340 55.013 68.9736 0.317331
341 77.1048 14.3265 -1.64173
342 53.8291 70.2218 0.305292
343 32.9025 23.0046 -2.77201
344 82.5953 22.8281 -2.28049
345 73.8518 69.9497 1.21565
346 20.3334 44.9356 3.23115
347 78.5249 71.5086 1.09742
348 51.4211 79.4493 0.12467
349 59.1464 77.8194 -0.733026
350 25.2361 12.8918 -0.23915
351 71.8039 29.8858 -1.24736
352 54.4956 1.30119 -0.442015
353 95.4339 47.874 2.71933
354 97.5732 53.3837 2.2277
355 67.1392 71.066 -1.27129
356 94.5327 8.12307 0.0636578
357 82.5779 81.7189 -0.85514
358 34.3497 46.7312 -2.55064
359 78.3522 62.2923 1.53824
360 73.3129 39.4691 -0.909076
361 77.2884 55.4534 2.77849
362 75.5433 47.7137 2.48405
363 15.6471 25.4553 -1.7123
364 92.2878 19.1732 2.86078
365 19.7444 12.8701 0.443908
366 2.22456 77.8934 -3.26841
367 66.0864 19.9377 -2.49204
368 17.6699 15.8172 -0.356352
369 73.4308 68.9795 0.891882
370 72.1036 58.7788 0.662394
371 62.8922 66.8979 -1.39212
372 71.3306 78.9697 -1.88543
373 25.3596 49.0137 -3.20719
374 53.7873 8.32045 -0.591547
375 20.3176 12.7075 0.405073
376 75.8009 17.2439 -1.94455
377 29.9133 2.38154 -2.68156
378 23.7766 14.96 0.209715
379 7.27494 80.0706 3.22284
380 72.7012 33.0552 -1.37026
381 79.5844 85.4257 -0.892226
382 61.6082 50.3182 0.570746
383 98.5103 6.88164 0.0367974
384 98.241 13.3636 1.38399
385 41.6426 61.4939 -0.711669
386 35.3894 61.5213 -1.4307
387 12.4978 55.8791 3.06996
388 64.1087 35.8056 -0.597168
389 82.903 57.3228 2.64779
390 54.5004 82.9243 -1.45299
391 35.76 44.6319 3.24836
392 59.5207 9.00783 -0.69904
393 55.3237 34.0755 -0.306003
394 3.62308 73.8362 -2.39867
395 30.8266 44.6715 -2.3139
396 2.57151 18.4714 -2.58069
397 81.2116 52.9934 2.55578
398 63.7034 71.7743 -0.869804
399 30.2579 5.65474 -2.42083
400 93.2937 52.4879 2.95076
401 5.15884 47.2735 2.03678
402 17.7863 24.031 -1.81498
403 57.4752 51.8439 0.730135
404 84.3511 1.20676 -0.871086
405 50.0537 84.0859 -1.6362
406 13.584 43.4263 -2.96312
407 98.8699 75.3125 -1.90462
408 24.3793 46.3206 3.32252
409 5.25299 75.8293 -3.03492
410 47.1226 83.2403 -0.459994
411 74.1846 67.1288 1.05626
412 15.9233 22.3779 -1.09474
413 25.9211 37.6279 2.75572
414 30.3543 19.2814 -0.130206
415 79.503 1.15289 -1.15953
416 86.6326 59.6538 2.95082
417 0.498079 69.6481 -2.57918
418 62.0542 52.8509 0.181058
419 48.7126 93.437 -1.39164
420 78.4433 64.3604 1.04904
421 52.9007 77.3483 0.235341
422 29.1569 62.1022 -1.82387
423 24.9628 87.0363 -1.14218
424 72.4777 65.3551 1.4304
425 99.5141 74.1873 -2.88455
426 55.2523 16.957 -2.24222
427 55.9206 11.842 -1.1871
428 23.4483 14.3817 0.0629713
429 28.3777 15.5189 0.428749
430 40.1313 94.9038 -1.15052
431 26.1855 13.1497 -0.26921
432 82.6376 25.2464 -2.38837
433 56.8539 17.97 -2.57965
434 69.797 67.8227 0.731312
435 89.9172 23.092 -2.37488
436 66.6481 33.9147 -0.585985
437 80.2798 97.1141 -0.581856
438 47.7109 96.7783 -1.66094
439 58.9616 18.6105 -2.41061
440 97.2634 56.0437 2.44457
441 3.24913 68.731 -2.29672
442 72.5142 49.4527 3.14593
443 46.6869 67.0982 0.504158
444 22.9727 11.7364 -0.146195
445 64.8907 57.2487 0.349396
446 25.1523 41.9352 3.38919
447 8.8869 50.518 2.66423
448 76.1365 63.1143 1.61311
449 63.9646 56.2478 0.436201
450 50.9868 81.8608 -1.29498
451 13.9303 20.2981 -0.626252
452 57.8751 74.378 0.13131
453 80.293 30.1265 -2.74639
454 22.3958 65.4087 -1.87857
455 1.87267 50.2717 -1.78912
456 47.7974 77.7756 -0.396394
457 40.8591 42.8376 2.5435
458 30.7107 72.3124 -1.15292
459 25.139 86.0954 -1.91733
460 87.3394 58.0359 2.58214
461 77.0426 71.3092 1.48968
462 27.1884 16.0748 -0.196613
463 68.2184 17.8275 -2.6692
464 33.2493 26.3654 -3.26913
465 34.9047 51.4129 -3.18855
466 67.7081 38.6339 -0.998442
467 97.2276 77.9579 -1.37035
468 86.0983 73.2654 -0.557786
469 68.8864 33.3833 -1.0525
470 50.8011 73.812 -0.221055
471 28.1188 20.9588 0.0365844
472 27.3755 20.2708 -0.332435
473 11.544 49.7292 2.84704
474 74.0314 63.2568 0.805986
475 17.009 44.3586 2.9157
476 84.7538 90.4763 -1.35749
477 85.4794 8.52779 -0.946876
478 49.8255 6.04919 -1.46907
479 77.6216 86.9823 -1.57908
480 39.7154 42.5949 2.71614
481 79.7263 60.701 1.26911
482 78.3608 79.9934 -1.55305
483 77.1425 44.6588 2.48312
484 71.2488 1.88509 -0.794529
485 94.4191 24.9799 -1.92498
486 69.6772 31.4935 -0.696123
487 64.9785 39.0934 -0.987797
488 15.4235 8.13891 0.553931
489 2.76173 51.6895 -1.93106
490 39.7659 64.886 -1.41578
491 29.6502 91.3861 -0.857152
492 27.1206 17.36 -0.18964
493 61.6242 15.3631 -1.71211
494 33.0087 89.1349 -0.90136
495 25.2401 5.6198 -2.83743
496 60.7452 67.0486 -1.02811
497 71.9859 58.9049 0.123444
498 31.4818 18.4654 -1.15614
499 28.8271 83.5419 -1.86263
