500
Particles
0 53.5173 53.0482 -2.24172
1 1.52554 14.5465 0.399587
2 98.9745 19.6213 0.753976
3 80.514 48.0773 -2.1103
4 0.478671 2.82583 0.458973
5 16.1119 23.2773 0.147892
6 8.47539 14.2322 0.320485
7 61.9336 99.9288 0.13616
8 66.7237 48.1777 -1.16709
9 68.5307 54.1856 -1.28554
10 79.5502 32.7574 -2.8505
11 58.7039 96.7774 -0.613035
12 88.6329 33.1204 1.74872
13 54.1754 13.018 -2.13102
14 3.61031 4.13752 0.532324
15 92.8852 36.7529 1.93455
16 85.9899 49.7587 -2.43976
17 62.633 19.9354 3.31265
18 3.6295 12.9372 0.293809
19 97.8717 90.4546 0.438723
20 78.0775 48.3365 -2.43993
21 10.5803 11.6932 0.146999
22 71.5108 25.733 -2.64272
23 64.6766 22.851 -3.11165
24 10.7665 67.7903 3.20158
25 14.4922 28.1868 0.37966
26 29.0682 20.4392 2.29817
27 64.1152 93.0919 -0.732642
28 52.1803 55.3002 -1.91884
29 65.699 22.8066 -2.73359
30 2.95464 23.4624 0.714354
31 93.7826 77.5021 0.984019
32 76.3995 43.3125 -1.97681
33 99.5109 18.5675 0.259162
34 70.6804 34.7744 2.76119
35 48.3951 52.9838 -2.16934
36 58.8867 99.745 -0.0344419
37 9.69522 17.8423 0.460018
38 92.3457 26.1366 1.25488
39 98.5465 5.01695 0.377812
40 74.492 25.323 3.10257
41 53.9812 14.0734 -2.48231
42 64.5386 54.3017 -1.37212
43 95.6758 45.4046 1.36079
44 2.16452 18.9557 0.372239
45 71.8412 57.9934 -1.16616
46 56.872 56.4264 -1.53682
47 60.8686 15.6937 2.91521
48 64.8737 46.0519 -1.4617
49 15.9501 22.6972 1.03809
50 75.1319 49.9008 -1.61352
51 58.5673 59.6545 -2.09694
52 4.14139 65.4779 -1.3411
53 59.3426 96.6153 -0.586434
54 66.2747 23.8922 -3.41195
55 48.9051 8.83136 -2.24861
56 65.924 33.7285 2.66599
57 32.5491 48.4194 1.59158
58 63.7065 26.3091 -2.91848
59 15.6328 26.0867 0.535435
60 7.15274 19.062 0.620674
61 62.9216 50.3825 -1.92556
62 49.4387 57.9527 -2.32288
63 99.9042 11.785 0.399739
64 5.44038 17.3004 0.598786
65 46.4913 19.0973 -2.43498
66 9.42601 21.876 0.235349
67 44.2096 43.475 -1.2612
68 44.7782 14.5529 -2.84253
69 52.9827 61.6831 -2.11882
70 9.50478 15.7166 0.442676
71 36.5212 27.1877 2.28588
72 5.40451 18.846 0.242613
73 51.3048 36.6368 -0.784114
74 36.4652 22.002 2.72973
75 52.4046 3.81231 -1.25656
76 49.6916 62.3821 -2.06495
77 6.38845 15.676 0.465302
78 3.83646 21.9909 0.991626
79 6.45358 11.4737 0.525044
80 49.2189 63.0735 -2.28351
81 7.7648 21.9372 0.308643
82 30.3455 82.1295 1.21152
83 7.14066 7.43551 0.258589
84 24.7554 35.9837 0.515193
85 45.2205 55.1786 -2.04718
86 40.3717 73.2532 -1.82701
87 44.7705 9.67152 -2.82505
88 6.5526 99.3204 0.263328
89 28.148 20.4345 1.74089
90 47.094 97.9441 -0.630399
91 93.3802 76.8367 1.17631
92 44.2484 8.77844 -2.4148
93 64.0642 26.3715 -3.04597
94 74.3629 38.5474 -2.12214
95 51.9015 55.8633 -2.35913
96 6.09006 15.3909 0.955478
97 10.2453 19.2866 0.667235
98 31.2716 21.8519 2.43188
99 80.2171 40.9983 -2.02278
100 4.09546 64.1276 -1.37408
101 2.5759 14.07 0.801919
102 68.642 49.0274 -1.52836
103 41.0055 31.603 -0.870097
104 60.1082 53.0555 -1.22419
105 47.3942 96.0467 -0.706084
106 64.6969 34.5854 3.04776
107 59.6574 41.5762 -1.83436
108 61.0865 57.8906 -1.4254
109 60.9028 44.7825 -1.95268
110 87.4892 30.4547 1.86379
111 10.5588 16.9755 0.786308
112 72.3249 48.8871 -1.74055
113 58.417 24.0859 3.03073
114 93.5331 40.8752 1.6066
115 46.1887 42.1038 -1.29275
116 7.03928 23.9051 0.800063
117 24.5186 29.0524 0.0726864
118 84.2985 47.7983 -2.08747
119 63.8235 26.6048 -2.73632
120 24.376 26.8507 0.610137
121 74.6254 45.7266 -1.8911
122 73.3886 39.1912 -2.81179
123 1.19716 13.5319 1.07158
124 49.2233 14.6764 -2.16065
125 47.2998 18.2635 -2.52475
126 86.9039 72.7741 1.33663
127 48.4556 15.1028 -2.54168
128 10.7035 68.9137 3.50219
129 55.9141 52.9028 -2.06176
130 55.1614 60.1756 -2.14933
131 79.6949 31.3683 -3.3063
132 54.4912 96.3864 -0.283458
133 51.715 98.9081 -0.11825
134 17.9195 21.9097 0.697895
135 12.7478 15.0774 0.886925
136 38.4039 20.0481 2.71269
137 11.4075 16.8704 0.67938
138 72.0447 42.2005 -2.46982
139 45.9689 61.5066 -1.90316
140 67.6057 51.0378 -1.20069
141 46.1738 19.0828 -2.08731
142 7.95688 6.57563 0.0194408
143 71.8249 57.6388 -1.81938
144 10.2677 18.7428 0.85275
145 56.3255 39.2289 -1.48221
146 55.566 58.4938 -2.04452
147 97.1262 17.9352 1.16814
148 53.2478 58.9789 -2.27285
149 9.48364 21.7987 0.205255
150 62.5093 53.7098 -1.81171
151 51.401 56.1498 -1.51125
152 41.1227 24.2163 2.67391
153 60.4767 54.0176 -1.14643
154 73.6779 57.689 -1.71544
155 54.0053 0.662931 -1.25599
156 68.9594 49.5055 -1.68855
157 65.8013 61.0253 -1.82098
158 24.1452 22.0041 1.29669
159 89.2926 37.7389 1.82265
160 2.71823 21.593 0.542069
161 90.3 74.555 1.13494
162 72.1893 52.0413 -1.08767
163 47.5911 12.0484 -2.20282
164 16.7635 77.3092 0.585946
165 48.502 51.2386 -1.90759
166 44.0736 15.44 -3.00538
167 15.1729 16.7416 0.768411
168 3.21137 13.8363 0.63037
169 1.00704 47.2186 1.1169
170 97.9373 16.0561 0.289588
171 7.75354 14.3835 0.582758
172 52.3302 40.2706 -1.64329
173 67.6445 51.7291 -0.981735
174 11.7196 24.7146 1.03662
175 89.7401 78.5925 1.33379
176 90.8379 37.7859 1.95205
177 43.8933 56.7094 -2.00636
178 0.988483 49.9334 0.602961
179 52.0044 55.0278 -2.38772
180 57.2551 24.8335 3.36141
181 72.0049 53.3618 -1.08529
182 64.8138 34.2041 2.54167
183 91.4005 16.3012 1.8382
184 14.1228 31.4402 0.632388
185 56.0388 5.42943 -1.62687
186 72.8573 39.6085 -2.17614
187 70.992 49.0881 -1.32723
188 100.131 9.67432 0.65119
189 5.15139 22.4694 0.326818
190 6.34107 26.1597 0.944422
191 9.96717 20.4054 0.281125
192 46.0436 55.0758 -1.91172
193 61.7614 47.8321 -1.50647
194 35.9786 22.1289 2.75339
195 6.72678 14.4261 0.865302
196 20.4356 21.4673 0.923707
197 43.1886 72.5421 -2.00714
198 32.5809 77.7559 0.792856
199 23.6442 20.756 0.732665
200 11.8956 13.8547 0.2647
201 96.2185 2.8843 0.812896
202 3.87816 67.683 -0.669514
203 63.5402 67.7999 -0.972394
204 13.2345 22.8444 0.871011
205 54.26 39.8877 -1.29786
206 28.6375 45.9889 1.56558
207 20.0093 27.627 0.120865
208 13.3608 33.3222 0.863174
209 86.589 34.9641 2.35904
210 5.48152 16.3672 0.591768
211 74.4727 30.3588 2.92065
212 53.2696 97.8118 -0.633926
213 54.4871 61.9094 -2.24106
214 3.74742 8.67847 0.36832
215 59.6592 29.9813 3.33931
216 70.0801 61.7777 -1.60906
217 9.3947 13.4637 0.154639
218 64.2126 63.796 -1.39897
219 65.5334 21.1703 -2.9514
220 23.8786 11.7251 1.69196
221 63.5593 61.785 -1.29682
222 8.10339 17.2759 0.347086
223 53.8403 5.13904 -0.986025
224 81.4505 45.6145 -2.48522
225 60.5119 97.3079 -0.319506
226 66.7048 55.0367 -1.93619
227 67.0141 47.0645 -1.46581
228 43.647 74.2462 -1.30159
229 65.2956 57.1544 -1.91562
230 52.3817 12.9239 -2.30184
231 5.93228 17.8595 0.859439
232 93.3508 75.0868 1.441
233 38.0781 29.8538 -1.82311
234 21.3536 23.3791 0.939267
235 66.5263 32.0176 2.32779
236 66.1303 50.5178 -1.82869
237 5.89176 21.8485 0.320561
238 67.0283 25.3062 -3.31002
239 2.01731 6.13652 0.710617
240 87.7305 33.8135 1.65376
241 5.57358 21.4353 1.15824
242 60.7795 59.6525 -2.09053
243 9.92947 15.755 1.03978
244 90.0952 70.7179 1.11307
245 61.0203 59.4131 -2.16503
246 77.5084 36.6328 -2.60714
247 50.32 16.3711 -2.60438
248 4.11639 6.85193 0.834914
249 9.63749 22.6274 0.569005
250 66.4601 88.6307 -0.560743
251 1.24047 22.6546 0.972437
252 62.0261 0.882538 -0.158376
253 55.708 7.5794 -1.81258
254 78.63 32.0878 -3.52409
255 8.98113 22.7943 0.655795
256 61.2055 58.3709 -2.12796
257 76.3857 38.3303 -2.48744
258 72.2753 50.0152 -1.29352
259 66.3798 35.0571 2.60722
260 18.3573 22.0341 0.429615
261 58.2985 19.2519 2.6776
262 69.4966 55.1732 -1.55607
263 41.6975 62.9094 -2.35604
264 0.829117 18.6844 0.447979
265 41.8196 28.5428 -1.57118
266 46.3592 56.9805 -1.954
267 4.7793 16.8498 0.592773
268 67.9025 19.3861 -3.19439
269 59.0718 93.1092 -0.106938
270 63.5694 28.574 3.36121
271 66.5658 34.0519 2.49746
272 45.6911 73.3193 -1.96691
273 20.2537 23.4141 0.777709
274 42.3531 60.4184 -2.34213
275 63.0659 51.9003 -1.19808
276 33.487 20.601 2.95617
277 50.6994 39.2609 -1.4855
278 99.3955 13.9483 0.340621
279 62.9469 61.4907 -1.18255
280 8.10752 5.03839 0.0432858
281 72.9505 43.7735 -1.87568
282 64.5136 24.9839 -3.12941
283 14.4175 20.6526 0.675733
284 6.74686 22.2177 0.448502
285 8.95942 15.1204 0.900745
286 49.9817 15.4149 -2.5969
287 74.8962 36.0138 -2.20222
288 81.9209 44.7612 -2.6344
289 1.89791 19.1486 0.394326
290 60.4292 49.1385 -1.29272
291 2.37673 15.8324 1.04764
292 97.6761 47.4445 1.58737
293 40.855 59.4383 -1.87318
294 67.0283 24.3235 -3.03394
295 63.3665 3.53615 0.106535
296 13.9865 31.9978 0.148752
297 70.6665 53.6379 -1.34041
298 3.23684 17.2451 0.283275
299 13.3062 17.9766 0.644936
300 43.5731 53.6353 -1.99281
301 8.92451 20.129 0.412542
302 95.3051 25.7906 1.56244
303 68.415 44.2784 -1.56369
304 1.18738 11.993 0.976299
305 6.20555 23.759 0.82719
306 59.1776 99.6944 -0.565211
307 3.52844 19.745 0.730558
308 59.842 23.3951 3.481
309 45.0838 59.8767 -2.01236
310 62.0197 95.9991 0.0988585
311 57.6167 10.9973 -2.52039
312 60.0809 60.7168 -1.33175
313 50.0783 55.9763 -1.81662
314 89.0446 48.6176 -1.89743
315 62.9093 49.5528 -1.61297
316 11.1224 15.4476 0.77184
317 8.61972 9.26304 0.131357
318 88.1223 35.8482 1.92148
319 9.18722 18.431 0.931792
320 8.51476 18.5971 1.04116
321 64.9165 19.5377 3.00236
322 9.54289 16.5685 0.598461
323 5.98713 10.5508 0.867275
324 4.46388 22.3939 0.360147
325 65.8967 57.0009 -1.53548
326 77.7861 33.727 -2.92014
327 46.1976 59.8629 -1.687
328 12.5982 33.8005 1.02616
329 78.2584 44.758 -2.12831
330 52.1806 57.7117 -1.61152
331 54.0391 97.1769 -0.338995
332 76.744 44.5166 -1.93503
333 29.0097 78.1005 0.892081
334 98.9365 4.58976 0.816617
335 10.2578 18.5847 0.291992
336 16.4141 13.9567 0.359139
337 2.37647 4.82235 0.632769
338 64.8361 55.1305 -1.80091
339 76.1929 34.1962 -2.90023
340 4.2652 14.7332 0.803374
341 0.932335 9.88485 0.924662
342 3.47084 14.2351 0.5751
343 67.886 60.7919 -1.95921
344 68.9739 46.2269 -1.64814
345 96.9124 44.1673 1.51078
346 54.553 14.6488 -2.295
347 34.382 21.7663 2.15111
348 3.18696 7.74819 0.767035
349 4.56218 24.5947 0.817524
350 62.492 57.2266 -1.81467
351 69.1432 50.8597 -1.60551
352 100.289 16.4174 0.380328
353 52.9972 3.01213 -0.505638
354 38.8127 24.1825 2.282
355 80.0827 34.5302 -3.07595
356 78.2376 42.7632 -2.15265
357 56.7992 96.8335 -0.96155
358 60.8406 24.94 -3.03287
359 21.8501 27.8766 0.149255
360 75.4256 61.4087 -1.13727
361 11.0505 25.6632 0.633148
362 7.17382 15.6204 0.268713
363 43.5864 70.0966 -1.12936
364 100.102 19.5763 1.14546
365 56.0592 56.0039 -1.52716
366 12.4504 14.4625 0.418738
367 58.9814 42.7741 -1.76222
368 53.8316 57.5395 -2.05423
369 97.6805 41.882 1.70676
370 90.2672 33.5675 1.90143
371 9.79878 22.4942 0.561779
372 67.7134 25.1438 -3.5576
373 56.3619 26.8309 3.0802
374 1.764 21.3692 0.323488
375 56.1053 54.82 -2.00192
376 62.3797 42.3682 -1.76081
377 41.7627 37.7202 -1.00524
378 59.5276 58.1768 -1.525
379 23.0961 14.725 1.01395
380 66.101 54.39 -1.3883
381 35.9207 21.3107 2.26667
382 6.90561 14.2826 0.653865
383 3.56902 55.8391 0.38792
384 24.3539 31.639 0.589121
385 63.3481 94.9433 -0.419329
386 58.3599 1.63574 -0.271365
387 43.2859 53.5104 -2.1873
388 69.1085 55.7898 -0.937647
389 20.0443 24.0601 1.05188
390 2.68609 15.7582 0.721876
391 62.5194 23.5109 -3.43461
392 91.2133 29.9392 2.35459
393 65.051 59.1471 -1.34691
394 8.9429 15.404 0.432995
395 59.2107 21.3286 3.47953
396 63.9546 20.1714 -2.72072
397 13.1134 21.4853 0.759228
398 82.0175 32.6925 3.32617
399 44.0021 40.7242 -0.816601
400 5.28236 3.31781 0.0173129
401 46.5646 12.5189 -2.00799
402 45.2937 68.9849 -1.47833
403 6.11202 12.6223 0.276499
404 29.4744 45.0932 2.00167
405 99.2908 14.4739 1.18579
406 51.7388 12.3788 -2.75925
407 8.61934 14.1272 0.269794
408 54.7954 24.1531 2.52936
409 14.8851 15.9324 0.336821
410 3.31737 4.88049 0.090813
411 94.0669 40.134 1.63349
412 48.5003 66.6236 -1.84194
413 60.4705 18.1297 2.69578
414 63.3877 56.6688 -1.55279
415 96.9632 47.154 1.96963
416 12.211 30.174 0.502012
417 7.31395 6.19372 0.415947
418 7.552 16.2419 0.560587
419 1.46808 92.883 0.5249
420 24.693 27.5775 0.318079
421 2.39322 13.7809 0.93432
422 64.8706 30.5064 3.2758
423 46.8523 26.2757 -2.1578
424 91.2732 39.1389 1.39344
425 9.6763 12.2481 0.848269
426 47.2897 40.1545 -1.04419
427 1.31529 21.9851 1.15102
428 59.7064 56.5097 -2.05868
429 66.1474 55.8635 -1.16942
430 90.3869 72.8659 0.998618
431 58.4483 55.7522 -2.20005
432 69.0583 49.0643 -1.12732
433 48.8161 42.9429 -0.647703
434 73.5696 31.9581 -3.29915
435 97.1324 17.2259 1.17628
436 70.6705 55.0742 -1.32464
437 32.0921 25.5511 2.59389
438 96.7218 3.76281 0.949474
439 50.0268 41.0852 -1.3355
440 40.7116 19.4471 2.62901
441 14.9585 81.2965 0.272302
442 6.69253 17.6337 0.947441
443 36.6729 25.4134 2.96502
444 62.4516 57.0657 -1.17999
445 6.64428 24.7095 0.354473
446 54.9625 9.8176 -1.79685
447 52.2101 16.8688 -2.52924
448 94.002 37.9787 1.82571
449 7.92761 21.87 0.926512
450 5.17658 10.0327 0.461142
451 46.9374 63.8523 -1.60854
452 5.23847 23.1549 1.11531
453 68.634 52.3916 -1.12587
454 61.6408 32.9695 3.0563
455 40.3288 14.8247 -2.47332
456 1.36833 3.77416 0.295076
457 66.9603 28.2989 2.75136
458 81.0244 50.4493 -2.36403
459 46.355 25.6083 -2.29832
460 17.7814 22.8556 0.257827
461 48.6183 97.5092 -0.41965
462 63.012 58.8719 -1.20764
463 64.6486 41.4328 -1.36051
464 64.0756 63.866 -1.29505
465 61.9861 24.4716 -2.664
466 67.06 58.7416 -1.15056
467 9.88944 17.4384 0.511483
468 14.8792 26.4857 0.537386
469 67.5354 53.9126 -1.14593
470 2.04738 12.7366 0.411383
471 61.0747 59.6187 -1.68397
472 61.6395 60.8701 -1.76916
473 56.4491 30.1258 2.64334
474 92.7824 36.7963 2.39432
475 53.134 13.339 -2.53848
476 53.9577 0.0683961 -1.14509
477 30.4069 50.4189 2.43365
478 91.364 78.4271 1.63325
479 99.3466 44.8248 1.16113
480 66.9466 26.0634 -2.92939
481 14.9017 31.1964 0.636056
482 34.0585 20.9946 2.59036
483 5.07484 12.1786 0.352226
484 92.6118 29.0675 1.8463
485 94.7755 24.9565 1.23078
486 68.034 51.8811 -1.32213
487 72.6208 60.5828 -1.26194
488 46.0513 47.0024 -0.868675
489 43.9202 15.4116 -2.77317
490 63.2182 1.86241 0.0774157
491 74.496 40.7577 -2.51198
492 60.2665 57.8173 -1.54952
493 69.7743 42.4761 -2.41886
494 76.9275 35.4609 -2.32935
495 37.0005 50.224 1.69144
496 8.34352 20.6377 1.02159
497 91.3321 33.5805 1.72423
498 66.241 56.6369 -1.58787
499 46.5374 22.9325 -2.56515
