500
Particles
0 66.3436 11.7379 2.21899
1 95.5064 8.40247 2.95307
2 76.9779 88.6459 -2.44742
3 60.7275 29.5954 1.29177
4 4.50235 0.490043 2.19323
5 77.8033 11.592 2.75937
6 52.8989 17.9307 1.67607
7 52.8112 48.5027 -0.894281
8 96.4208 15.132 2.77539
9 96.7666 18.1695 3.12731
10 87.0645 14.1603 2.63975
11 28.7194 62.2016 1.55836
12 51.9603 31.2963 1.27395
13 6.29851 91.1276 2.30746
14 4.70345 1.92974 2.09542
15 13.4956 39.2206 2.73314
16 93.3001 18.8005 3.01039
17 2.8191 38.9575 -2.29512
18 4.45333 10.8195 2.61405
19 65.835 25.4785 1.64633
20 56.0716 30.4517 1.04437
21 46.7874 18.1093 1.41847
22 81.8373 22.6865 2.13551
23 8.90023 96.7335 1.50049
24 60.1538 34.0145 1.74849
25 74.9505 18.2088 3.11154
26 78.4323 9.61144 2.66314
27 21.4555 52.4072 0.953523
28 65.0889 16.6285 1.71256
29 13.8279 92.1533 1.79439
30 77.7736 96.558 -2.57804
31 77.7211 22.5321 2.52145
32 57.6381 28.8834 1.48827
33 79.743 85.5048 -2.86709
34 79.6202 19.7638 2.27262
35 2.71976 17.9299 3.19967
36 25.0043 63.704 1.46083
37 53.8919 23.8406 1.85953
38 70.4738 17.3366 2.71913
39 5.96451 98.0186 2.23813
40 82.9636 18.965 2.16607
41 4.45123 97.8364 1.9502
42 89.1182 19.5988 3.08548
43 60.0117 30.3709 1.46793
44 95.1339 11.2339 2.68558
45 90.1188 17.5306 3.23003
46 79.8224 21.7141 2.29261
47 87.6598 35.5962 2.40769
48 83.2157 18.5507 2.45144
49 76.2438 13.6297 2.30634
50 11.3778 21.4253 2.51648
51 83.255 23.9796 2.73279
52 57.6946 32.6533 1.95336
53 24.6718 63.2853 1.01127
54 7.94143 1.17202 2.61212
55 73.3635 28.0895 2.64164
56 9.86808 3.3692 1.91787
57 86.3919 10.3645 3.00428
58 6.08609 5.96162 2.2187
59 72.9239 17.8352 2.55636
60 9.06538 16.2947 2.46076
61 87.2591 18.188 2.55653
62 94.9423 13.8473 2.60913
63 93.8485 3.95664 2.89247
64 50.5606 22.6269 1.60197
65 72.8141 32.0232 1.99211
66 6.67805 18.7094 3.09854
67 7.06038 18.5913 3.22507
68 71.5858 28.8905 1.66299
69 92.0786 12.3112 3.22063
70 52.6329 21.0261 1.56194
71 78.4542 18.5268 2.16965
72 7.43205 14.6712 2.54713
73 54.8969 23.2612 1.70058
74 84.979 12.0623 2.48752
75 61.9516 37.945 1.40016
76 87.0765 10.4999 2.76095
77 53.0009 20.7776 1.59456
78 78.6262 6.92421 2.98759
79 7.75215 7.81017 2.63846
80 83.4876 15.5876 2.28973
81 5.82978 17.4892 2.86507
82 67.9863 23.1612 1.60705
83 3.04886 5.42191 2.45884
84 76.6028 26.2459 2.74725
85 82.8799 16.1488 2.59426
86 84.3295 15.043 2.54079
87 67.7403 21.8256 2.48078
88 66.7466 26.0556 2.41297
89 82.2492 12.0808 3.11088
90 57.501 34.0793 1.18602
91 75.459 22.108 2.25734
92 67.2988 20.3709 2.68645
93 4.78051 3.14647 2.2905
94 85.1245 17.9423 2.88007
95 60.6123 25.0872 1.73893
96 46.3575 21.1155 1.62721
97 54.5167 24.6848 1.85436
98 82.1285 12.3303 2.85727
99 66.4595 20.3556 2.36817
100 59.394 32.9821 1.93584
101 6.55347 11.6369 1.94956
102 88.0541 16.2029 2.62295
103 79.1118 16.6859 3.0314
104 84.6955 21.2848 2.11134
105 55.9241 35.5151 1.00897
106 7.47052 2.38213 2.30056
107 64.0959 14.5852 2.02024
108 83.2189 22.9477 2.60329
109 12.0379 6.31431 2.33509
110 81.3038 53.2125 -0.588666
111 54.3644 22.9364 1.68468
112 57.2963 29.2049 1.13647
113 57.1452 16.9044 1.76527
114 45.3021 27.2666 2.05277
115 51.76 30.4253 2.07152
116 85.7118 9.5879 3.27707
117 75.3588 20.4624 2.82301
118 54.9209 31.3181 1.7337
119 6.63928 2.31449 2.12553
120 75.5837 17.563 3.01029
121 -0.229306 16.2345 2.61753
122 84.3448 19.8778 2.81568
123 1.52416 9.77204 2.18693
124 3.02669 87.2593 2.07462
125 72.9789 27.6825 1.89585
126 91.2067 26.6445 2.98606
127 4.58496 93.9178 2.40773
128 61.0723 34.3317 0.939436
129 72.7796 92.3851 -2.42562
130 67.2492 17.6634 2.30863
131 85.8245 13.8931 2.48467
132 79.8553 30.7869 2.64096
133 78.4733 32.0064 2.44632
134 76.3992 12.7213 2.73053
135 56.9473 21.8081 1.22808
136 84.3856 12.9333 2.56339
137 51.6524 22.6901 1.29113
138 86.4806 18.1658 2.80134
139 77.8203 17.6683 2.24629
140 88.406 14.3226 3.05031
141 74.296 29.6924 2.53172
142 6.61944 5.69148 2.73418
143 93.4584 20.4459 2.87999
144 50.7937 25.7586 1.51464
145 71.9135 93.5093 -2.66742
146 68.4315 15.9171 2.3523
147 76.8853 85.2813 -3.05341
148 63.0356 22.9656 1.72758
149 6.22945 17.3527 2.77342
150 90.307 18.3219 3.05117
151 58.7022 27.2476 1.60446
152 85.5839 11.6837 2.74599
153 82.4229 21.3423 2.201
154 92.6855 18.4362 2.70075
155 80.4027 33.5517 2.79681
156 1.03938 16.7136 3.00146
157 88.9568 27.1825 2.16065
158 77.4763 10.991 2.63405
159 95.0529 25.5556 3.1048
160 78.6021 91.8199 -2.50291
161 91.4383 23.5948 2.64333
162 6.57006 21.9501 2.86843
163 71.29 25.8453 2.48545
164 67.8173 41.2686 -0.765746
165 2.5482 16.7284 2.38051
166 68.8507 25.7779 1.7418
167 57.7564 25.1092 1.90283
168 6.56546 10.4587 2.79114
169 63.3321 31.7624 1.44566
170 96.4427 3.10285 2.59511
171 53.5857 17.9526 1.26686
172 64.1332 13.192 2.3702
173 90.5189 15.4586 3.09815
174 77.996 11.4234 2.45874
175 77.8051 27.8257 2.68979
176 9.27591 38.8767 -2.18197
177 80.5783 17.3897 2.33664
178 62.5565 33.1517 1.5205
179 65.2927 17.3661 2.65978
180 56.9258 18.1849 1.2343
181 96.3803 19.2608 2.31605
182 10.4895 3.06553 2.75509
183 69.0262 13.1827 2.59595
184 71.1958 22.4353 2.18482
185 76.7218 34.3974 2.77933
186 85.4049 20.053 2.45842
187 59.0843 28.5616 2.00559
188 0.874982 6.21016 1.90293
189 78.3239 92.057 -2.91893
190 77.0859 10.7062 3.0121
191 51.9224 26.9065 1.41888
192 83.0163 11.0674 2.55841
193 79.6975 23.8171 2.48881
194 82.1329 14.1838 2.44945
195 50.7321 19.453 2.00771
196 78.8245 16.4746 2.23405
197 84.7638 14.3066 2.51318
198 66.9772 20.6812 2.67351
199 78.3929 13.3723 2.30198
200 55.4738 20.8322 1.52045
201 13.3782 90.4211 1.97431
202 59.4854 33.6659 1.46352
203 94.397 25.9561 3.07374
204 79.0903 9.91031 2.75239
205 58.514 23.0506 1.82015
206 81.6777 16.5326 2.80778
207 74.6947 20.0597 2.7357
208 72.9997 25.3626 2.69021
209 56.5992 30.6105 1.36556
210 8.93046 14.9083 2.49905
211 83.5518 19.6445 2.08562
212 77.3983 31.0417 2.00091
213 61.2176 25.7452 1.65393
214 99.1264 5.62689 3.00142
215 60.347 14.8229 2.30688
216 90.3449 22.0793 2.92703
217 50.7613 17.4172 1.81604
218 88.5541 31.7305 2.44703
219 5.49895 39.0002 -2.28242
220 56.9554 23.4893 1.49108
221 84.5008 25.3752 2.1771
222 54.4616 23.9193 1.4188
223 53.324 38.997 1.27475
224 58.9058 29.9604 1.83649
225 30.4803 61.5482 1.28263
226 93.4875 17.4524 3.02725
227 85.227 20.5113 3.02156
228 86.3274 15.5163 2.25503
229 88.3165 17.2548 2.26101
230 7.12987 92.9496 2.49606
231 12.852 15.8732 2.77593
232 75.7383 22.4132 2.09785
233 79.5984 19.551 2.65002
234 76.9182 16.2054 3.01745
235 9.5538 1.04412 2.03241
236 93.4563 16.3072 2.82364
237 79.6804 90.9934 -2.35952
238 9.02308 0.959109 1.91143
239 3.7581 3.02076 2.41647
240 48.3323 27.0389 1.8762
241 96.8937 13.8957 2.87963
242 85.5647 23.5297 2.73102
243 57.2698 19.7322 1.32507
244 93.3737 23.7567 2.64397
245 83.6878 23.3578 2.78551
246 86.3517 16.7446 2.68495
247 95.5156 96.2272 2.98768
248 4.73027 4.00328 2.37447
249 83.5952 11.3783 2.99139
250 17.8552 55.9334 0.460892
251 75.5302 90.9847 -2.51883
252 49.984 46.1497 -0.745797
253 57.4486 31.764 1.24477
254 86.7561 15.3296 2.31331
255 5.44302 16.2102 3.08893
256 86.7393 21.6542 2.55093
257 86.1957 16.5713 2.30868
258 98.7511 17.1212 3.10028
259 9.96596 2.10923 1.99248
260 79.9083 12.822 3.02648
261 6.92312 4.26625 2.34955
262 90.4653 18.9371 2.65108
263 77.1656 23.0803 2.859
264 78.6118 86.0896 -2.75424
265 83.1362 12.0231 2.58002
266 81.06 15.4841 2.28288
267 47.3566 23.351 1.35107
268 77.4157 19.4446 2.79677
269 21.7656 55.7735 0.781531
270 9.26732 6.8875 2.34094
271 11.606 3.15333 2.2724
272 59.753 25.7652 1.19487
273 78.1234 17.042 3.06255
274 79.9837 21.2446 2.64965
275 86.0694 14.7847 2.96139
276 81.4619 14.6702 2.36715
277 62.6324 18.591 1.60184
278 91.6911 6.38426 3.00667
279 86.5904 25.11 2.07569
280 8.6124 5.24515 1.95892
281 86.4387 19.6432 2.17677
282 7.21508 1.7644 2.77552
283 52.6784 29.4529 1.95459
284 90.8317 10.2466 2.40881
285 53.5814 21.1817 1.45987
286 1.29472 96.9555 2.39731
287 84.1258 17.2784 2.9566
288 63.6639 26.1413 2.16643
289 91.4142 10.6379 2.80859
290 80.2588 20.0494 2.3372
291 98.301 11.1496 2.28221
292 63.4972 31.042 1.37809
293 78.1053 20.2577 2.76883
294 9.65248 0.574603 2.10945
295 92.4241 33.7033 2.76546
296 72.1473 23.2626 2.40781
297 91.4889 18.1755 3.044
298 0.104004 13.1487 2.30846
299 55.1537 25.3029 2.0521
300 82.1992 16.5379 2.63045
301 8.03054 15.7455 2.34639
302 72.1971 14.1773 2.22466
303 85.662 17.8841 2.22038
304 93.7247 5.8741 2.63475
305 77.5408 91.6179 -2.58348
306 29.4009 62.281 0.658236
307 78.8264 90.2806 -2.56878
308 8.02082 6.02711 2.42942
309 78.5884 22.4581 2.58356
310 32.39 61.5647 0.697078
311 9.4889 95.7116 1.85291
312 82.5985 22.8432 2.34074
313 58.9429 26.9553 1.60649
314 0.817323 27.612 0.20273
315 83.5199 19.3884 2.89477
316 57.8677 18.8304 2.18713
317 7.58811 7.76788 2.31092
318 53.4867 32.6248 1.09374
319 52.7244 25.8772 1.21166
320 53.8798 23.2599 1.6603
321 4.93041 36.5738 -2.50965
322 58.4289 20.7723 1.1879
323 6.69113 7.84261 2.11653
324 86.0273 6.56737 3.16545
325 90.3369 21.215 3.04892
326 85.5569 13.138 2.34378
327 81.6841 18.0995 2.26331
328 69.7755 23.2933 2.21549
329 63.5081 26.8662 1.4619
330 58.3597 25.7312 1.94474
331 75.6721 74.2532 2.38628
332 61.2051 27.1498 1.26113
333 67.1932 21.5639 1.95962
334 4.9042 100.245 2.23477
335 51.6321 25.7617 1.21844
336 56.3417 22.0692 1.85225
337 3.72234 1.00691 2.53585
338 88.3948 20.6189 2.8107
339 85.7197 18.5181 2.17515
340 44.6945 19.3847 1.42741
341 4.24372 6.9816 2.23233
342 6.39375 10.7702 1.99153
343 88.9832 23.8343 2.40826
344 87.5868 17.6931 2.18422
345 62.9083 30.463 1.18076
346 1.20827 99.3331 1.71656
347 77.8429 10.5013 3.04415
348 1.21575 5.53013 2.28782
349 77.8854 6.79372 3.2861
350 84.0235 21.8241 2.35782
351 98.5813 17.5809 2.17186
352 94.82 9.17559 2.26016
353 57.3991 36.6146 1.86958
354 83.3622 14.0762 2.31889
355 88.2117 11.9947 3.17666
356 64.3518 21.7646 2.38637
357 89.4294 37.7833 1.91618
358 9.83526 7.58665 2.52695
359 75.0958 18.4652 2.92233
360 97.3616 23.0107 2.32082
361 74.4188 13.7589 3.032
362 48.799 21.2042 1.18327
363 84.8633 13.7873 3.1393
364 80.0493 87.6417 -2.26682
365 79.6179 23.097 2.88818
366 54.2905 20.0343 1.46942
367 58.2302 23.9561 1.22912
368 68.3892 15.8346 1.91019
369 62.8009 25.8561 1.35816
370 54.9816 33.3465 1.07972
371 6.40074 16.8243 2.64789
372 11.5049 0.550784 1.74108
373 54.1854 21.9274 1.61659
374 77.4 92.3599 -3.02189
375 77.5907 23.5052 2.64577
376 12.6108 4.34191 2.82533
377 56.6606 27.1553 1.18974
378 79.9166 22.0453 2.19615
379 55.4385 25.8706 1.41849
380 88.1371 17.182 2.25626
381 81.1199 7.96462 2.83963
382 50.1622 18.79 1.16794
383 65.1523 28.0533 1.79254
384 75.8293 22.6841 2.05023
385 36.3059 61.3364 0.663447
386 25.6518 63.1135 1.22721
387 78.0704 13.958 2.73673
388 91.4448 19.365 3.18704
389 73.2445 16.4403 2.51064
390 2.26191 11.4529 2.22647
391 6.72009 4.94289 2.43109
392 73.671 14.1479 2.83973
393 88.1365 23.9603 2.48009
394 50.018 21.1457 1.91117
395 8.75613 7.97992 2.05681
396 5.88022 36.5307 -1.98435
397 51.0471 30.0431 1.41342
398 60.9339 25.534 1.24966
399 -0.372816 14.37 2.74247
400 2.5159 1.69764 2.30896
401 69.0016 26.0583 1.53647
402 83.0836 12.4607 3.11115
403 48.4675 17.5497 1.7194
404 82.656 18.5913 2.13529
405 94.1802 8.23033 2.76842
406 4.89419 91.0583 2.12902
407 51.8449 19.8662 1.86953
408 61.8404 15.6122 2.42411
409 57.6208 22.3369 1.25621
410 2.8022 3.14278 2.11655
411 47.4716 28.788 1.27891
412 92.7553 14.307 2.65666
413 5.14474 4.11768 2.38658
414 87.3716 23.6209 2.20801
415 63.3345 30.4346 2.0938
416 71.941 22.5339 2.61446
417 2.76066 3.33729 2.53032
418 9.12167 13.67 2.7479
419 65.7206 27.3058 2.32039
420 76.9921 19.0886 2.84776
421 4.50892 11.1152 2.78945
422 7.94472 3.85534 2.21369
423 56.8813 21.7083 1.195
424 7.97562 36.1571 -2.89184
425 53.4108 15.9339 1.36276
426 55.3124 27.289 1.38325
427 73.5536 94.1209 -2.92213
428 85.08 21.8527 2.32279
429 89.4395 20.5667 2.32824
430 92.8763 21.4524 3.11822
431 79.862 24.8743 2.82141
432 6.84621 19.6059 2.99195
433 58.9651 24.7738 2.0632
434 81.0464 19.3916 2.86937
435 78.5262 85.2552 -2.8097
436 95.3805 20.4556 2.5473
437 78.7208 16.2871 2.34073
438 12.6341 93.0998 1.69089
439 56.5741 24.5567 1.97487
440 87.8183 11.3292 2.39844
441 3.61677 89.974 1.98719
442 50.8908 21.7978 1.25769
443 81.0529 12.5684 3.22814
444 83.0185 24.5902 2.59427
445 77.6348 11.057 3.08682
446 85.1393 76.1312 2.00135
447 4.79808 95.665 1.9349
448 15.7962 43.8624 2.39101
449 90.794 11.3531 2.33956
450 5.42027 7.22552 2.60417
451 84.6373 15.8448 2.43967
452 76.0956 94.0187 -2.39218
453 89.2528 14.9777 2.61706
454 71.9569 93.7886 -2.89443
455 67.9329 28.5694 2.26941
456 0.754125 1.0527 1.89576
457 9.02148 0.642878 1.96917
458 26.2249 23.2793 0.0323489
459 75.7525 31.2041 2.60502
460 78.2614 16.7628 2.33702
461 57.7056 34.0132 1.77529
462 85.0918 24.7911 2.0868
463 11.5536 4.89776 2.85033
464 86.5408 26.5823 2.12306
465 7.32564 7.14422 2.09743
466 88.6403 20.7937 2.70968
467 55.0913 23.0186 1.75873
468 73.4898 16.7206 2.97822
469 97.758 18.6324 2.6354
470 97.4127 8.11001 2.15228
471 84.152 21.9933 2.42442
472 84.5163 24.7926 2.57055
473 60.791 18.3225 2.38679
474 14.3825 40.1077 2.69764
475 4.34615 93.4997 1.73445
476 90.5462 37.9712 2.39765
477 84.1374 15.1975 2.78012
478 77.1404 26.2156 2.02888
479 62.4676 29.3158 1.30468
480 11.0147 99.4532 1.76868
481 72.8775 23.9557 2.73322
482 84.264 13.7733 2.76094
483 4.03978 8.25558 1.87036
484 70.1645 17.2957 2.21496
485 72.1352 14.343 2.48317
486 91.6836 15.4595 2.69181
487 89.8107 21.5929 2.19085
488 99.3864 16.5719 2.78746
489 70.0595 27.2591 2.39108
490 50.1199 43.9394 -0.757168
491 86.411 16.6673 3.04917
492 84.616 26.7627 2.05567
493 83.7558 21.8929 2.68409
494 85.666 15.1175 2.68377
495 76.871 20.6318 2.55432
496 50.8028 27.1749 1.824
497 9.73454 35.2894 -2.25176
498 92.4942 19.2199 2.93601
499 87.9522 33.3607 2.27601
