500
Particles
0 12.9348 26.6471 -3.20552
1 78.495 58.9415 1.78524
2 61.6422 29.7742 1.39679
3 57.9649 50.3003 1.52375
4 6.25424 81.7121 2.21707
5 83.6989 56.9059 2.03753
6 29.6591 98.0835 1.95655
7 68.1937 57.0566 1.69023
8 -0.26813 91.659 3.00176
9 41.5054 35.1518 1.03437
10 28.8697 76.2093 2.82523
11 27.8929 8.70369 2.24669
12 71.5296 28.8886 2.62128
13 97.7077 56.0568 2.68749
14 7.97338 84.4855 2.36957
15 -0.341222 61.1646 2.78332
16 50.2863 85.4749 1.19911
17 24.4971 14.3729 2.70958
18 12.7831 100.42 1.70706
19 0.712187 1.3611 -0.00259782
20 59.5451 51.7212 1.47391
21 27.3268 96.4938 2.11837
22 27.1199 86.4773 1.8879
23 1.7677 71.3576 2.37468
24 61.6185 53.1215 2.39186
25 13.9123 75.8579 2.18591
26 7.18067 24.2378 2.79299
27 23.6923 2.92866 2.20028
28 25.124 92.0388 2.43005
29 77.8626 27.3776 1.83343
30 50.5665 26.1926 1.57249
31 25.3033 88.6008 2.08612
32 87.4928 27.6179 1.48195
33 52.5011 60.571 2.71082
34 13.4202 71.8144 2.35547
35 13.2865 6.95093 1.90687
36 39.6291 56.8769 3.07986
37 78.3754 25.4277 0.93899
38 14.8437 79.776 2.23973
39 4.12689 74.1264 2.64137
40 10.5593 62.1524 2.88484
41 -0.297713 70.4062 2.88868
42 33.5854 79.8447 2.06753
43 60.0062 51.3804 2.20229
44 81.8537 59.0011 2.5559
45 38.7692 84.2826 2.05932
46 13.848 74.9759 2.89328
47 79.5277 48.6498 1.64661
48 25.2876 79.0914 2.27559
49 10.6809 21.7407 2.85457
50 18.7811 4.07873 2.10932
51 34.2383 91.0226 2.86462
52 58.3759 53.8475 2.29319
53 43.3924 56.602 2.65282
54 8.6769 81.7932 2.15348
55 65.9094 48.8078 1.66409
56 9.74467 81.8414 2.22945
57 28.1909 68.7666 2.14519
58 15.6347 95.151 2.05709
59 3.11213 61.3396 2.65706
60 18.6831 0.404682 2.34464
61 27.1108 78.003 2.3895
62 96.357 72.5342 -3.21376
63 5.86677 7.48985 1.96687
64 24.061 99.8429 2.31412
65 79.5669 49.1085 1.57281
66 15.4297 4.30836 2.71238
67 18.0168 4.16331 2.78948
68 84.2235 45.1145 1.53112
69 40.5967 74.8414 3.20995
70 26.5672 99.944 2.38243
71 15.5713 75.8453 2.70089
72 15.4208 0.478491 2.69227
73 75.5148 22.6622 1.35915
74 31.8187 77.3868 2.10595
75 67.6912 53.6761 1.86782
76 33.1434 76.8125 1.99375
77 30.2064 0.410429 2.39456
78 81.3838 29.4858 1.1887
79 15.6663 95.8953 2.42752
80 27.8459 79.3901 1.91923
81 18.9122 6.36618 2.47865
82 3.62614 100.072 2.28359
83 8.12851 95.3848 2.42668
84 64.8059 46.8357 1.47001
85 29.2381 82.0013 1.76216
86 29.1605 79.0912 2.05227
87 81.0591 20.2492 1.07354
88 68.1003 47.7852 1.58581
89 26.5295 74.1241 2.55593
90 62.3246 54.4084 1.71718
91 25.6898 89.6514 2.18029
92 31.6447 97.0401 2.68661
93 2.10664 80.5263 3.00108
94 25.5855 78.6677 2.40128
95 45.3752 27.1985 1.06358
96 26.0725 98.588 2.8972
97 30.4547 3.93836 2.05832
98 16.7648 63.6244 2.47541
99 28.1766 94.1813 2.25346
100 62.6614 54.9789 2.05292
101 16.0997 2.11955 2.10748
102 28.4833 76.4333 2.31306
103 6.82695 58.7714 3.13432
104 27.6809 84.0246 2.34733
105 61.0787 56.6363 2.07556
106 9.93755 82.4517 2.46158
107 4.85573 69.3567 2.40129
108 28.7517 88.8372 2.39676
109 15.6365 93.1527 2.94652
110 69.0796 54.7924 2.24127
111 83.1508 25.0573 1.39014
112 56.3698 49.0793 1.73083
113 25.6177 93.9293 2.2509
114 24.2925 4.12137 2.61716
115 61.4582 26.0909 1.66315
116 30.5317 71.558 2.07579
117 15.0536 79.1747 2.70239
118 56.8449 22.2651 1.64135
119 6.09293 85.0122 2.8688
120 2.60707 54.9169 2.46344
121 74.2675 57.4443 1.98854
122 19.909 74.909 2.75486
123 3.08998 81.7955 2.6177
124 62.0816 29.7145 1.60495
125 83.9543 28.9253 0.75441
126 48.2786 87.6322 1.47919
127 94.9846 56.5143 3.20793
128 65.0677 52.6977 2.10181
129 17.0836 0.342753 2.63077
130 16.5135 82.3526 2.1229
131 31.165 77.1633 2.28808
132 86.3622 27.1806 1.15787
133 11.2412 17.8673 -3.04441
134 59.0404 68.323 0.953752
135 80.8939 83.5712 -1.34706
136 26.5136 71.2981 2.89337
137 26.9596 99.8402 2.2748
138 31.3139 81.2834 1.78899
139 4.25995 54.8906 2.95067
140 31.7894 76.8242 2.20285
141 2.55733 9.5094 2.19754
142 9.7674 93.811 2.23008
143 12.0225 15.0289 3.4028
144 26.4383 0.989986 2.82327
145 20.0414 6.25937 2.14232
146 5.27929 68.5196 2.5245
147 56.2095 61.4418 1.87214
148 77.3087 21.9753 0.972867
149 13.8034 5.77266 2.61335
150 30.9441 79.1135 2.27622
151 2.7911 23.4816 2.15238
152 27.6573 72.3729 2.80621
153 30.2819 87.7376 2.20401
154 49.8204 81.3624 1.19686
155 8.23195 16.9581 -2.84013
156 4.20331 95.1892 2.19871
157 93.085 62.7137 3.04444
158 8.61271 22.9854 3.23523
159 42.878 23.8121 0.219058
160 42.8175 56.7128 3.25234
161 46.1481 25.1859 0.53056
162 13.0795 4.4528 2.31307
163 69.3015 43.0696 2.36846
164 79.5376 49.3228 1.5922
165 7.07041 99.8948 2.72782
166 66.2482 46.5808 1.78581
167 84.0897 23.6883 1.1326
168 18.2106 100.347 2.31028
169 75.7226 51.0901 1.26801
170 50.5059 31.561 0.36123
171 27.3271 97.8609 2.63284
172 -0.0516921 59.0532 2.84262
173 33.5084 77.369 2.52407
174 79.1052 54.8983 1.69355
175 87.4493 27.3931 1.5999
176 62.9105 31.4289 1.14146
177 5.71471 53.124 2.60607
178 59.6032 52.5302 2.17042
179 24.262 91.4563 2.01428
180 27.9581 96.7509 2.07735
181 14.5368 15.731 3.46986
182 15.3343 90.3052 2.72102
183 8.63654 20.051 -3.00846
184 36.8507 0.4735 2.67241
185 82.89 48.7798 1.40431
186 31.6812 85.4011 2.0157
187 57.819 30.3896 0.998731
188 92.759 60.4621 2.73783
189 32.7789 14.5645 2.47591
190 81.3067 53.0348 1.66617
191 83.7602 2.1775 0.483466
192 16.5285 57.0339 3.04151
193 33.7102 93.0773 2.7067
194 14.1259 62.5587 2.50094
195 22.7696 94.4844 2.17669
196 3.44556 53.0202 2.96138
197 25.9641 75.1752 2.02767
198 34.597 99.6925 2.29575
199 47.3412 31.8069 0.612234
200 33.7591 1.09654 1.90407
201 69.3141 24.8262 2.18418
202 61.0754 54.6366 1.70762
203 47.2528 26.4707 0.561944
204 7.54001 22.4606 2.85405
205 82.4808 22.9043 0.935002
206 11.3207 62.5015 3.09315
207 10.9347 74.9946 2.47195
208 11.3782 9.4108 2.85383
209 55.3335 29.8384 0.829256
210 18.5395 3.08798 2.49248
211 30.9357 85.0941 1.75701
212 8.35972 16.1118 -3.4203
213 87.9656 22.4141 0.876144
214 92.5426 56.828 -2.67787
215 11.7705 79.1001 2.15774
216 36.7801 84.9478 2.47917
217 23.8527 94.8849 2.9909
218 57.9938 20.8148 1.09033
219 23.9452 14.4183 2.03451
220 77.1412 24.0286 1.33699
221 37.6863 95.2273 2.47998
222 76.5634 24.1303 1.86033
223 65.543 56.71 1.91337
224 53.6541 51.2912 2.46138
225 65.6692 29.3869 1.39172
226 41.6676 26.6904 0.578746
227 34.8139 89.492 2.56115
228 29.4704 78.9872 2.28303
229 36.0529 84.3732 2.56708
230 97.8185 60.3818 3.43437
231 20.9261 1.11638 2.4114
232 31.4103 93.6532 2.1839
233 13.8968 73.621 2.68174
234 5.42673 59.9595 2.97318
235 10.2829 82.9985 2.30834
236 47.9498 81.5152 1.50034
237 62.2053 28.7758 1.432
238 19.0814 93.7928 2.14248
239 10.797 94.5209 1.91808
240 22.8897 1.7221 2.11119
241 2.17123 92.0981 2.9067
242 31.8974 86.2176 2.31526
243 33.0042 1.16579 2.21493
244 45.57 24.6886 1.09363
245 33.3597 90.5107 2.10355
246 30.9111 82.2278 2.26135
247 83.1197 52.0626 1.77579
248 4.71259 81.952 2.87324
249 18.2396 61.7312 3.25245
250 18.5738 0.315128 2.93149
251 30.1529 14.3337 2.77451
252 63.3486 58.0002 1.79975
253 49.9613 52.5476 1.81901
254 29.5004 75.7379 2.61341
255 13.0352 2.28533 2.45754
256 33.075 85.3982 2.17551
257 25.034 74.5885 2.1065
258 4.40981 98.0884 1.95468
259 9.01637 81.8814 2.56822
260 15.5027 20.5894 -3.46636
261 9.05598 90.6174 2.41779
262 34.7733 80.965 2.26291
263 30.8701 92.9293 2.18177
264 56.193 63.0625 2.7625
265 26.4514 75.2356 2.68576
266 15.1188 26.6802 -3.05913
267 23.6936 0.967818 2.61176
268 2.33891 53.6336 3.2558
269 21.1517 4.15539 2.05769
270 14.4207 91.2561 2.21787
271 12.3832 86.8525 2.51996
272 86.0572 21.9972 1.14776
273 4.77968 58.0937 2.53158
274 17.6984 79.0386 2.86434
275 30.6574 79.5525 2.50172
276 13.9248 22.4355 -3.33299
277 32.8355 97.7403 2.73414
278 73.2108 57.3122 1.963
279 32.6042 87.3085 2.47645
280 23.0706 99.1633 2.21473
281 29.1331 82.0842 2.3134
282 8.73604 84.5513 2.56599
283 85.1756 22.1759 1.2642
284 45.8447 75.8156 2.53483
285 29.8942 0.974089 2.5759
286 97.2259 67.6665 2.4855
287 28.0395 80.8005 2.01523
288 49.4227 17.7831 1.46033
289 40.2251 73.9626 3.08241
290 16.8571 75.6725 2.38755
291 7.03231 17.654 -3.0267
292 5.82371 16.3946 -2.83061
293 12.8778 74.2691 2.92531
294 13.9548 86.1527 2.81587
295 26.3483 95.6286 2.04648
296 38.7228 99.7637 2.56507
297 48.0894 83.9279 1.14644
298 7.71124 96.4701 2.73661
299 66.3529 24.5707 1.37244
300 20.9866 75.651 2.2968
301 17.9714 3.43346 2.79088
302 0.92497 54.0499 3.06329
303 30.4693 82.5383 2.18958
304 7.74416 11.5318 2.00722
305 33.0094 14.3332 2.85472
306 54.2396 58.1548 1.78156
307 64.706 27.0736 2.02264
308 8.70329 92.6696 2.59055
309 15.4654 77.9632 2.34897
310 59.877 59.7777 1.61224
311 4.34121 72.8366 2.56761
312 32.8535 91.3813 2.80489
313 86.8887 23.7035 0.682079
314 17.0544 6.57474 2.90831
315 32.6359 87.1013 1.9403
316 31.9206 96.6476 2.10676
317 13.1462 92.7279 2.38053
318 62.3796 27.4321 1.76972
319 75.7638 25.1722 1.37386
320 79.1618 23.7709 1.22043
321 18.7989 8.84928 2.88065
322 76.6478 20.2317 1.25765
323 15.3522 96.2421 2.44471
324 44.463 29.2744 0.674868
325 38.0552 84.978 2.04667
326 26.571 75.2332 2.12841
327 14.9416 71.5141 2.0023
328 84.3884 20.2574 0.830602
329 82.3933 32.1827 1.53609
330 87.1031 21.4966 1.44832
331 60.4905 62.4488 2.39711
332 47.1815 30.0035 1.32488
333 38.0965 2.58982 2.75755
334 3.94501 75.9997 2.58626
335 64.644 23.0992 1.97598
336 80.4622 22.82 1.1676
337 6.4588 84.1915 2.73914
338 39.3629 86.9955 2.29278
339 23.2156 76.2346 2.62278
340 97.2353 52.6593 3.39106
341 8.76666 94.4555 2.49679
342 19.6365 3.09854 2.37022
343 36.5549 86.0402 2.04713
344 33.2364 82.4085 2.28348
345 66.1906 50.9986 2.15701
346 1.90862 73.3961 2.97706
347 17.6925 20.8464 -2.83864
348 95.6223 68.8816 3.0358
349 82.5467 50.2561 2.09783
350 28.7755 84.3897 2.03048
351 9.37558 9.88175 2.18492
352 84.2667 57.5667 2.21608
353 65.0246 55.0502 1.94478
354 15.292 59.8118 3.33143
355 31.1777 74.65 2.84036
356 81.0618 19.2416 1.47982
357 81.1424 50.1967 1.827
358 21.6037 98.9665 2.15071
359 11.6134 73.2102 2.60443
360 14.9249 9.28432 2.80711
361 12.764 23.7396 -2.88396
362 23.0585 96.545 2.10435
363 30.1663 80.6016 1.74962
364 64.1633 61.2209 2.52582
365 29.3034 91.495 2.64112
366 32.0491 1.13822 1.99777
367 82.9206 23.8015 0.853932
368 -0.0339743 58.4615 2.93295
369 94.0912 21.6991 1.50732
370 52.3383 55.1584 2.38171
371 16.1488 3.65626 2.37432
372 20.0559 90.6655 2.84724
373 44.0619 8.11791 1.51963
374 18.5659 4.07707 2.70353
375 39.0742 99.7984 2.4571
376 21.7364 95.9979 2.57198
377 87.4234 25.2034 1.23008
378 17.292 77.7134 2.78206
379 80.4348 26.4284 1.45534
380 29.8368 78.0169 2.51603
381 43.8482 30.7539 0.413335
382 28.6565 99.6649 2.87703
383 69.9145 50.1642 1.7338
384 29.7625 92.7158 1.9692
385 67.4535 56.5421 2.15503
386 40.041 53.4958 3.08146
387 10.6306 20.1268 -3.344
388 38.7324 83.2485 1.95547
389 11.126 73.028 2.346
390 6.56069 97.7486 2.00243
391 14.7323 95.9374 2.74687
392 13.2619 73.0803 2.38298
393 36.4166 87.4927 2.44892
394 27.9197 0.320854 2.54677
395 19.3523 97.4961 2.43696
396 22.5487 11.7552 2.82133
397 21.0742 99.0022 2.79061
398 86.8418 22.1216 0.936835
399 2.92134 90.0682 2.44955
400 4.66881 84.6786 3.05517
401 44.2098 28.5744 1.15086
402 15.0196 59.5438 2.91043
403 28.8997 98.2168 2.11609
404 20.7686 76.8026 2.08427
405 80.9523 58.2673 1.8223
406 95.7885 55.9922 3.5161
407 30.3604 1.50245 2.12252
408 12.7287 79.6419 2.85091
409 83.9519 22.2048 0.825056
410 6.67775 87.3009 2.27275
411 21.8914 3.04043 2.44602
412 30.6234 72.7598 1.95808
413 8.97858 93.0658 2.14258
414 36.5052 88.0254 1.96886
415 76.9692 49.7773 1.94283
416 32.8093 96.3954 2.43514
417 5.73613 85.6742 2.90288
418 22.059 4.56968 2.45328
419 65.9188 48.7116 2.47956
420 9.18946 68.6576 1.7185
421 20.9819 3.20311 2.15888
422 9.68643 86.5046 2.42702
423 64.1111 14.807 2.44595
424 23.0185 11.8957 2.42818
425 26.2119 92.7888 2.40609
426 17.3626 23.4187 -3.39725
427 21.5865 7.77941 2.17553
428 24.0147 80.3565 1.92052
429 32.0398 80.6555 1.85157
430 11.9474 16.536 -2.70879
431 37.084 96.6783 2.05262
432 16.6942 6.71682 2.22987
433 89.0299 18.9646 1.35309
434 17.0034 73.0447 1.96712
435 64.6286 60.2981 2.56481
436 16.0487 16.3144 2.69153
437 4.51184 55.1 3.35936
438 78.6999 29.5999 1.36545
439 81.7907 25.2878 1.64677
440 32.9737 75.53 2.60871
441 93.345 54.6189 2.69599
442 25.3843 0.656727 2.49741
443 45.0461 33.3489 1.11859
444 32.0416 91.5868 2.1557
445 77.6582 54.7611 1.45475
446 68.272 56.5824 1.73848
447 0.910665 70.5495 2.41373
448 25.0152 98.8582 2.2298
449 38.8436 74.5756 2.52409
450 11.5392 96.9012 2.0524
451 14.212 60.8936 2.30084
452 25.7405 13.2101 2.11939
453 29.2029 74.2958 2.02381
454 30.0965 11.7066 2.05092
455 74.2288 50.6607 1.94125
456 2.86753 80.2853 2.62708
457 12.8066 86.6561 3.09264
458 17.018 85.3347 2.8179
459 85.4227 47.018 1.86461
460 12.0385 69.193 2.11941
461 53.4605 54.6388 2.29984
462 33.314 89.834 2.31107
463 18.9298 94.6131 2.88558
464 40.8691 93.8205 2.74804
465 11.3899 94.1608 2.25811
466 34.5943 83.609 2.02606
467 81.7036 23.4878 1.7707
468 0.959109 57.4368 2.66928
469 12.4325 11.3681 2.54335
470 14.7126 18.9303 2.88359
471 19.5605 77.4166 1.90614
472 34.8307 91.8014 1.94993
473 33.9521 98.4211 2.36434
474 46.8877 32.7098 0.634246
475 96.8249 58.6385 2.90708
476 83.7048 49.93 1.82263
477 33.0698 82.7506 2.65262
478 15.8002 12.6704 3.18777
479 64.377 50.2554 2.16109
480 6.69184 74.0847 2.4814
481 80.5626 17.7887 1.10908
482 16.0629 60.7138 2.47918
483 9.0846 96.4223 2.49657
484 3.8246 68.0452 2.12651
485 13.3106 23.7445 -3.01795
486 34.2028 78.9259 2.65363
487 32.5987 82.1736 1.8607
488 2.47567 90.3188 3.02052
489 63.6092 49.9413 2.11478
490 69.4484 52.7153 1.61922
491 24.8551 75.6334 2.28592
492 34.4166 93.9374 2.07481
493 28.567 85.3683 2.48062
494 16.6386 61.8773 3.26413
495 11.1216 73.106 2.16527
496 25.032 2.50357 2.47616
497 21.246 5.33054 3.02389
498 34.4234 78.4395 1.84702
499 80.8672 30.8603 0.919491
