500
Particles
0 59.3386 87.8481 1.58321
1 21.3314 88.4506 1.72575
2 8.13224 89.438 2.78527
3 59.8708 97.1173 1.00462
4 18.5634 70.2692 2.55515
5 7.92454 96.9468 2.47229
6 47.6315 85.1886 1.55312
7 30.9196 35.868 1.12497
8 23.8811 97.4662 1.91668
9 24.8648 1.11702 2.52372
10 16.5772 98.3306 3.09706
11 17.2498 31.6678 1.36314
12 56.5524 99.0589 1.06588
13 94.5555 70.015 -0.224835
14 21.3107 73.102 2.26116
15 27.7306 10.1787 2.91761
16 22.6587 3.4119 2.51961
17 13.1759 60.27 2.19188
18 26.2938 85.8869 1.66542
19 90.0811 9.66976 3.03446
20 60.4564 97.438 1.1277
21 44.3114 84.8456 1.2988
22 10.592 5.38254 2.39226
23 22.082 66.7536 2.16564
24 68.5384 18.3124 -2.06523
25 4.34678 3.00536 2.91158
26 8.9241 96.1108 3.0442
27 18.4765 23.9549 1.47692
28 61.6503 88.9318 1.25075
29 17.4771 62.9276 2.86007
30 9.50515 92.9619 3.02324
31 7.0528 7.10786 2.37833
32 59.5884 95.6776 1.71584
33 10.5316 87.3097 2.3824
34 9.86488 4.73819 2.47833
35 27.4206 96.3676 2.03206
36 14.0506 34.988 1.27768
37 48.6182 90.7381 1.48416
38 99.3089 1.98232 2.97186
39 15.4917 67.4606 2.67631
40 12.38 2.87642 2.47703
41 97.099 74.963 0.262084
42 18.2523 3.32511 2.4798
43 68.0152 10.6052 -2.59266
44 21.6326 92.1985 2.41967
45 20.1195 2.91719 2.83301
46 9.41866 6.2515 2.44278
47 4.7047 29.6387 2.25643
48 12.3099 2.77894 2.73286
49 5.47261 97.6958 3.20117
50 33.2071 97.3157 2.08495
51 11.684 7.17497 2.83894
52 67.0144 14.9326 -2.46273
53 12.2416 33.4929 2.18238
54 26.9539 74.0135 2.30521
55 2.03056 11.8673 2.62474
56 29.2961 76.1184 1.59568
57 16.4398 95.8125 2.44685
58 25.3013 79.1449 2.11871
59 1.95034 1.69918 2.77273
60 29.8078 91.4446 1.77084
61 16.5728 2.50083 2.7559
62 23.4643 96.6384 1.86177
63 18.3777 83.1641 1.84548
64 42.8946 90.4344 1.03046
65 -0.109886 13.4019 2.72722
66 29.8262 94.8383 1.8452
67 30.2942 95.7078 2.35013
68 98.7195 11.4196 2.77643
69 21.3193 95.7418 2.36486
70 46.6205 88.1933 1.26273
71 8.04402 3.23632 2.38163
72 31.8671 91.5558 2.37748
73 51.4848 90.2525 1.64529
74 14.0784 95.7198 3.03131
75 70.291 22.966 -2.20808
76 17.2666 96.0116 2.66318
77 46.3911 88.0627 1.17294
78 9.11141 93.1413 2.75924
79 27.8141 81.6395 2.12041
80 13.101 98.8008 2.69537
81 28.3679 93.629 2.31141
82 94.2934 7.41686 2.68652
83 22.8029 78.5823 2.26526
84 5.01924 9.42658 2.55196
85 12.1341 99.8717 2.23588
86 13.7467 99.171 2.56121
87 94.748 7.17491 2.7524
88 90.6782 9.2863 2.55542
89 12.0173 96.2961 2.3269
90 67.5161 20.1823 -2.58901
91 4.70231 6.59822 2.93152
92 95.032 6.67422 2.32729
93 25.0506 75.9844 1.89004
94 13.9224 0.597016 2.95378
95 59.2719 92.6807 1.79164
96 41.5639 88.5991 1.10428
97 50.2506 92.3771 1.15806
98 11.4149 96.5411 2.7293
99 68.1224 90.4384 1.32692
100 67.884 15.8525 -2.63484
101 27.6906 86.7486 1.89557
102 18.0749 0.702448 2.60552
103 8.224 100.144 2.36967
104 13.7124 5.12216 2.48447
105 64.5845 20.1852 -2.24942
106 28.652 76.3137 1.79425
107 60.0169 89.4317 1.22715
108 11.9661 5.68747 2.97823
109 30.8796 78.7854 1.60884
110 74.7814 81.5971 -2.61382
111 48.8089 90.3352 1.02912
112 60.2362 96.9022 1.64647
113 51.1775 85.2269 1.14232
114 41.7775 10.7393 -1.36494
115 52.0836 97.0747 1.63136
116 15.6171 93.8006 3.01654
117 4.20143 4.7785 2.54808
118 57.6571 98.4762 1.07127
119 25.1494 74.4349 2.33476
120 5.91115 3.7571 2.80813
121 27.1959 98.5347 1.79419
122 12.6361 2.0305 2.85994
123 23.2499 85.1396 2.42425
124 88.9376 69.3993 -0.609365
125 1.29977 11.7634 2.04671
126 18.8071 7.91922 3.20926
127 92.7301 72.8606 0.286708
128 67.6986 18.5537 -2.07025
129 59.9374 84.2286 1.10172
130 65.8336 89.6186 1.75712
131 16.0421 99.0873 3.09603
132 3.23845 34.4608 -2.11111
133 2.65499 40.6849 -1.89163
134 5.63867 96.7822 2.74881
135 51.9317 89.1976 1.00053
136 13.3773 96.2059 2.64039
137 49.1199 89.6221 1.84751
138 15.4722 1.04641 2.25979
139 7.52998 2.70771 2.25734
140 19.2402 0.908114 2.79714
141 2.37167 13.2609 2.88032
142 25.5763 78.7588 2.38701
143 22.5166 3.65626 2.33405
144 46.66 92.9339 0.983897
145 57.8374 86.4883 0.834187
146 65.3051 89.1628 1.10774
147 7.61424 87.0211 2.75172
148 65.1234 91.1101 1.48734
149 29.5577 93.9402 2.47938
150 19.2333 1.70768 2.87784
151 58.7958 94.5775 1.476
152 15.4862 95.9815 3.06749
153 11.731 5.34111 2.71729
154 22.4591 3.26026 2.57144
155 5.59892 41.5823 -2.63654
156 28.547 98.8498 1.99439
157 16.3944 8.30851 2.25348
158 7.3473 96.4367 2.30774
159 23.0679 8.80322 2.60553
160 10.2853 90.5913 3.12585
161 20.4675 7.31048 2.5141
162 30.5916 99.6458 2.40688
163 98.1317 8.77505 2.80151
164 75.9591 45.4215 -2.70086
165 27.7556 95.3452 1.89741
166 94.5015 9.21791 3.10154
167 53.5942 92.3517 1.63421
168 28.1119 85.1292 1.89473
169 72.3996 15.8639 -2.45029
170 12.1854 86.0388 2.51726
171 48.3316 84.8167 0.898361
172 56.2231 87.908 0.849685
173 20.378 100.374 2.12628
174 7.82421 96.8008 2.83414
175 5.56427 8.72875 2.30716
176 25.0855 11.2582 2.81114
177 9.85127 0.968608 3.06709
178 71.1331 16.9189 -2.93046
179 61.2592 89.2164 0.939501
180 50.5736 86.1916 1.45209
181 24.4622 1.94856 3.04577
182 29.7625 76.2853 2.11142
183 73.7899 93.1538 1.00534
184 98.5933 7.10189 2.68175
185 99.5293 42.8502 -1.96776
186 14.5516 3.39423 2.9201
187 60.7544 96.0545 0.924875
188 20.3087 79.5028 1.89436
189 10.2698 91.7608 3.20077
190 6.97698 96.7659 2.43554
191 47.2084 94.1976 1.28867
192 13.3277 97.1209 2.86728
193 8.52214 6.65372 2.91281
194 11.3188 97.6611 2.46409
195 45.3137 86.7134 1.68824
196 7.51764 99.5634 3.2185
197 14.879 100.226 2.34159
198 94.388 6.36122 2.34029
199 8.34211 98.8003 2.68971
200 48.8485 87.999 0.918235
201 11.3746 63.1218 2.31012
202 67.1709 16.6115 -1.9817
203 21.0346 7.96769 2.87632
204 9.23391 95.7974 2.6821
205 53.3867 90.2899 1.78064
206 11.3433 0.854001 3.10833
207 3.98419 4.75421 3.09619
208 -0.141533 7.24161 2.71756
209 61.2614 98.1114 1.66112
210 30.1984 89.5837 1.7685
211 12.6337 3.32384 2.35445
212 1.95959 36.5 -2.1962
213 64.3617 93.5372 1.34656
214 20.1226 80.1716 1.94846
215 54.4131 86.5199 1.47372
216 19.5272 5.46677 2.61731
217 46.098 84.4867 1.49665
218 14.7774 11.9814 2.34903
219 13.9287 59.2441 2.78272
220 51.7365 90.636 0.949082
221 13.2199 8.41558 2.84708
222 47.3625 91.6663 1.74195
223 67.7953 25.44 -2.0319
224 61.7262 97.2503 1.14469
225 17.7712 32.2752 1.32664
226 22.6233 1.17527 2.21363
227 14.3159 3.86341 2.58721
228 15.4921 98.7663 2.94768
229 18.1631 2.45775 3.07593
230 94.9906 71.5051 -0.515502
231 34.9572 91.0843 1.84674
232 5.49756 7.61797 2.27963
233 8.32389 3.01069 2.46918
234 5.81438 100.28 2.5084
235 27.5762 73.086 1.601
236 22.0508 99.2316 2.15832
237 11.9511 91.8228 2.54759
238 25.3916 71.8152 1.59402
239 21.7897 74.9872 1.93056
240 40.4371 100.443 1.1351
241 22.2284 92.8207 2.78222
242 14.2796 5.80948 2.29163
243 52.0128 86.7393 1.60192
244 21.8838 6.67425 2.45479
245 12.6757 6.49196 2.66284
246 15.7472 0.677756 2.40208
247 91.6618 76.3363 -0.354131
248 24.7601 77.3555 2.37683
249 12.6769 94.8838 3.17995
250 15.4922 26.8366 1.64107
251 6.64564 90.7422 2.67
252 28.0691 34.8392 0.99634
253 66.2777 14.1075 -2.21749
254 15.7328 99.0027 2.96057
255 30.219 94.3835 2.42544
256 16.0852 6.17102 2.48532
257 15.743 1.08808 2.3554
258 25.7242 98.4296 2.59738
259 29.6969 74.9461 2.53074
260 9.74592 98.1946 2.58987
261 27.6067 78.1289 2.1249
262 20.1721 3.43725 2.9347
263 6.45272 7.38993 2.30063
264 9.91633 87.7689 2.72535
265 13.2911 97.7428 2.51874
266 10.6628 0.202218 2.79075
267 43.0307 90.6054 1.56917
268 7.55051 5.25669 3.03972
269 18.4995 25.9756 1.47232
270 27.438 78.985 1.68565
271 30.9776 76.0009 2.33083
272 63.526 93.5344 1.47492
273 6.51603 0.901751 2.42025
274 8.68386 3.80698 2.65827
275 16.9536 1.54502 2.28034
276 10.3998 98.1583 3.15607
277 56.9887 89.1605 1.47437
278 19.5719 88.771 2.11643
279 15.0113 8.00295 2.90947
280 26.1759 77.1238 2.19631
281 15.1466 2.14256 2.51985
282 25.7873 74.2051 1.998
283 52.9801 96.3948 1.77573
284 19.5628 93.7864 2.91431
285 47.339 88.7087 0.937624
286 91.3697 75.3092 -0.262545
287 13.8489 2.36489 2.57124
288 69.2237 93.8156 1.85185
289 18.85 92.1445 2.21665
290 10.019 5.27279 2.82401
291 22.9648 89.2421 2.61789
292 71.5329 12.8172 -2.0784
293 7.73714 5.29871 2.63315
294 26.4687 71.9763 2.24453
295 17.3229 11.886 3.08266
296 0.25454 7.50665 2.87442
297 21.2091 2.87317 2.52185
298 24.2418 91.0239 1.92228
299 50.403 92.532 1.0741
300 11.6012 0.614065 3.10181
301 31.4949 92.5691 2.04502
302 2.11741 99.4852 2.43
303 14.7751 1.94132 2.23267
304 19.6548 85.82 1.98601
305 9.14645 92.433 3.01946
306 17.1548 32.8265 1.88521
307 10.5139 90.4949 3.21902
308 27.5047 78.5261 1.64211
309 7.82276 6.22195 2.54729
310 21.3003 32.0552 1.65105
311 98.985 70.6311 0.393145
312 12.1149 6.94664 3.10941
313 60.0904 94.183 1.64392
314 21.1389 9.28438 2.69804
315 12.7526 3.33493 2.86387
316 51.5112 87.4615 1.01576
317 27.524 81.6397 1.45245
318 56.1095 99.8725 1.09117
319 46.8376 93.4973 1.3022
320 49.6136 90.0279 1.07939
321 14.249 59.2391 2.36401
322 50.9632 88.5969 1.2247
323 27.9454 82.3771 1.63468
324 14.2974 92.3133 2.57276
325 19.4392 4.29657 2.77816
326 15.1754 98.3495 2.88546
327 11.3081 2.75578 2.85859
328 97.5476 7.36345 3.12391
329 64.1908 94.5704 1.74306
330 58.8749 93.5012 1.28679
331 88.2374 46.2998 1.50512
332 62.9507 94.9839 1.43061
333 90.6371 5.46667 2.64592
334 20.4294 70.653 2.54448
335 46.9827 92.9936 1.69448
336 50.1226 90.2441 1.23904
337 21.6425 73.1117 1.7743
338 18.1772 4.73116 2.30598
339 14.2106 1.18223 2.17713
340 40.947 86.425 1.34746
341 21.9736 79.0232 1.47906
342 28.6223 85.8592 1.6269
343 16.9746 5.63254 2.65632
344 16.7557 0.960766 2.41697
345 69.6367 10.064 -2.18375
346 98.6965 76.134 0.0700024
347 8.41377 97.1587 3.04822
348 20.7977 78.8197 1.56464
349 8.58758 94.3901 2.67426
350 14.0604 7.4203 2.37475
351 27.0453 0.946407 2.47354
352 20.9368 89.2977 1.93613
353 68.4153 22.5569 -2.21153
354 12.5313 97.6912 2.65469
355 17.6365 96.2278 2.86584
356 66.6249 91.7935 1.74762
357 6.50483 43.6248 -2.22085
358 29.3289 80.6154 2.32678
359 5.3876 3.79983 3.1626
360 25.3186 5.37038 2.48925
361 3.95772 98.5701 2.31203
362 43.7259 88.3155 1.4834
363 15.2244 99.2507 3.12452
364 10.6492 88.4325 3.20105
365 9.27758 7.64053 3.13027
366 49.0616 87.1625 0.95427
367 53.6007 90.9924 1.48063
368 64.2279 89.0243 1.21319
369 69.7451 5.97712 -2.22621
370 60.4971 0.911556 1.85302
371 30.7257 93.9852 1.71086
372 28.6378 72.0732 2.15793
373 49.8844 88.8822 1.69806
374 9.58794 89.9761 3.25754
375 7.41448 8.79261 2.38641
376 33.6191 78.5517 1.96576
377 56.4008 93.8801 1.50154
378 9.38396 6.9706 2.54175
379 52.3268 92.7902 1.24628
380 17.5285 0.91697 2.15005
381 11.376 94.29 2.93257
382 45.8816 85.2556 1.30851
383 76.043 20.5899 -2.83602
384 4.66359 6.29709 2.75178
385 25.1819 31.8527 1.85476
386 11.97 34.2014 1.46238
387 8.16602 99.5061 3.05835
388 20.8705 3.73216 2.35447
389 3.5479 2.28751 2.3326
390 25.9263 89.1955 2.61128
391 26.1046 77.8457 1.94621
392 99.3848 95.6237 2.47729
393 16.1659 5.82266 2.47324
394 45.7905 88.0675 1.4195
395 29.9547 82.5303 1.60767
396 15.5863 57.56 2.88164
397 48.901 97.5889 0.978634
398 62.812 93.5321 1.5658
399 25.3556 94.9516 1.86789
400 22.2747 74.3803 1.77591
401 96.2092 10.2192 2.83231
402 13.6729 98.4741 2.77901
403 43.7793 84.7588 0.85741
404 11.7057 1.81852 2.90269
405 20.8787 89.3154 2.20554
406 92.4612 71.6272 -0.0874544
407 47.0227 86.9653 1.13592
408 54.1534 87.0185 0.954788
409 51.9481 89.8289 1.88699
410 19.1957 74.235 1.81956
411 42.4129 10.1007 -1.6998
412 21.0989 96.8123 2.01727
413 25.6015 77.4441 1.78515
414 16.0338 6.8672 2.38426
415 68.9219 10.4168 -2.26563
416 0.77467 6.36888 2.20403
417 21.7168 76.4845 1.91158
418 32.0871 89.9224 2.03801
419 79.5261 20.3468 -2.46924
420 6.36649 4.11038 2.75544
421 26.8055 87.1989 1.76362
422 27.5815 77.0057 2.48117
423 50.7653 88.5902 1.44532
424 24.7974 10.2677 2.11462
425 46.8807 83.7738 1.77099
426 53.3755 94.4556 1.7497
427 4.92475 92.2558 2.72466
428 14.4263 5.80253 2.41387
429 18.3747 3.58777 2.46924
430 21.739 4.94962 2.52238
431 8.6844 8.4471 2.68989
432 30.1866 96.3471 2.42697
433 59.7553 92.7139 1.4479
434 10.5367 3.41792 2.63669
435 9.54039 87.3057 3.1177
436 23.5558 2.15953 2.99218
437 8.43359 1.50423 3.03294
438 15.1702 64.7925 2.68834
439 52.1008 91.7255 1.51885
440 17.4702 95.7202 2.46293
441 90.3638 70.7145 0.240676
442 46.8656 88.5154 0.942665
443 11.1742 97.6482 2.78749
444 11.6411 6.82362 3.08829
445 6.18002 94.8792 2.73932
446 92.9517 66.9181 -0.158609
447 95.238 73.9963 -0.41494
448 31.828 16.1623 2.7906
449 18.6415 93.4819 2.91127
450 23.4831 79.6233 2.17245
451 13.159 98.6219 2.59059
452 7.72182 93.5489 2.44749
453 20.2854 2.39103 2.21354
454 58.1453 85.6367 1.46763
455 94.3374 12.0876 2.25569
456 14.4204 70.9544 2.56004
457 26.581 72.3882 1.92834
458 35.6709 98.0572 2.22278
459 4.02756 14.8826 2.94195
460 6.04584 98.1424 2.43494
461 67.1657 19.168 -2.4906
462 13.4244 7.08673 3.23232
463 30.4881 77.7539 2.18015
464 15.2531 9.5916 2.59615
465 27.6025 80.9641 1.65524
466 17.9303 4.33579 2.7307
467 50.2261 89.5911 1.55917
468 3.6765 1.71908 2.77437
469 25.2828 0.469555 2.63901
470 22.0495 86.4796 2.39785
471 14.0928 6.5259 2.90103
472 12.9386 7.27851 3.10384
473 54.3335 87.5459 0.95242
474 28.7412 11.2232 2.33589
475 94.2389 70.9014 0.189359
476 7.74203 43.2677 -2.7444
477 13.3518 99.0407 2.44553
478 6.13323 10.6895 2.80848
479 73.033 11.5859 -3.00333
480 27.918 70.6357 1.82967
481 1.42482 6.98124 2.67354
482 13.2967 96.5174 2.34751
483 25.2253 83.0543 2.13331
484 97.9619 1.61245 3.06672
485 1.03645 98.0598 2.76801
486 21.2321 99.6393 2.26554
487 18.7628 5.04912 3.17704
488 26.3141 97.738 2.52118
489 96.4703 10.3154 2.61466
490 29.2332 34.587 1.57496
491 16.6912 1.93644 2.91388
492 12.4995 8.0014 3.14898
493 12.7591 5.03827 2.76093
494 15.484 99.9673 2.68058
495 6.45608 4.46044 2.69242
496 46.4016 94.1687 0.877211
497 25.8247 7.61799 2.99698
498 21.1379 2.20205 2.73809
499 4.61269 15.4396 2.46146
