500
Particles
0 93.0198 77.5202 1.34151
1 30.69 81.6267 2.37774
2 99.48 11.5548 2.209
3 59.1939 29.019 1.60697
4 80.5057 90.3344 1.80193
5 93.6175 42.7609 -2.13403
6 12.5872 5.62835 2.09731
7 80.9577 37.0099 1.42455
8 50.107 96.0383 1.33905
9 42.9024 97.9378 1.08422
10 15.5607 83.9858 2.16438
11 97.78 4.43987 1.82428
12 4.39579 12.3774 2.00092
13 90.7519 80.6975 1.10224
14 85.5667 94.2322 2.05015
15 92.7808 84.55 1.66039
16 30.8044 94.228 2.62321
17 86.4587 7.89136 1.35761
18 78.3886 100.418 1.48008
19 51.857 19.6844 2.54199
20 59.4877 30.1156 2.06113
21 99.4707 95.6292 1.30134
22 17.3014 97.5143 2.98906
23 86.8467 86.7203 1.76858
24 67.3844 32.8454 1.50008
25 2.2168 86.5162 2.93823
26 92.0308 34.7886 -3.51558
27 92.7827 1.88549 2.00397
28 3.09709 94.6406 2.10389
29 13.9691 16.5582 2.35081
30 54.6095 38.2615 2.58584
31 10.9359 96.1016 2.40769
32 42.7811 26.072 2.3113
33 69.4542 38.7895 1.78109
34 5.56139 86.4028 2.39513
35 77.7771 4.01691 2.22362
36 53.6492 44.1617 2.1279
37 19.2582 14.5268 2.91691
38 2.27031 91.0288 2.32829
39 86.508 86.7534 1.31541
40 7.75224 84.8494 2.255
41 84.4531 87.1451 1.24126
42 24.9987 94.6727 3.06276
43 63.1631 29.7285 1.51033
44 31.31 84.6106 2.47308
45 22.7396 90.2261 2.20024
46 7.76397 90.8214 2.14575
47 87.8613 27.4997 1.62646
48 13.5002 89.3861 2.46158
49 97.0826 74.1694 2.69479
50 88.9039 4.31489 1.31538
51 19.6456 98.9497 2.20398
52 67.0941 32.0207 1.86769
53 54.9172 44.6121 2.57372
54 86.1843 91.3103 1.34225
55 74.073 25.7832 1.08548
56 89.2081 93.4312 1.26252
57 12.9458 76.0041 1.8492
58 87.2333 96.6567 1.47659
59 1.76238 87.3042 2.84673
60 88.4497 1.25744 1.6966
61 13.8631 85.5922 2.43108
62 41.6085 93.2614 1.57455
63 31.1156 75.6374 2.14056
64 0.60776 0.617785 2.01242
65 83.3603 29.0348 1.37965
66 85.4548 5.13099 1.1343
67 87.0056 4.61089 1.27121
68 83.6849 25.9102 1.20046
69 18.3386 78.9171 2.7071
70 13.8661 10.2943 2.23815
71 8.82345 90.2314 2.94321
72 86.0028 1.75768 1.68959
73 18.7703 12.0027 2.53264
74 10.8371 78.7668 1.92879
75 82.6196 34.5431 1.73736
76 15.2223 80.6113 2.41748
77 18.2669 10.3198 2.76341
78 1.50972 29.8159 -0.333311
79 88.3317 98.9405 1.77993
80 12.2967 85.3193 2.47192
81 83.1329 3.54335 1.82966
82 67.5486 7.80179 2.13866
83 73.9128 96.1889 2.46223
84 75.0893 22.9566 1.17944
85 11.9437 86.7556 2.62068
86 11.9608 83.9342 2.93322
87 20.1809 8.55083 2.51544
88 76.3216 24.5861 1.10235
89 8.40572 78.3528 2.41893
90 67.3326 32.8873 2.26305
91 9.78146 96.1081 2.1446
92 17.9846 5.85593 2.29595
93 77.1852 90.8129 2.32048
94 12.056 86.3015 2.51542
95 54.1992 21.6324 2.28987
96 98.2757 99.1942 1.5437
97 15.2768 11.2694 3.0575
98 8.55504 79.6982 2.65494
99 16.9444 5.23696 2.4391
100 68.8755 32.7908 1.53262
101 83.8489 1.1798 1.41587
102 16.6246 85.485 2.58596
103 4.24541 82.4927 2.15582
104 15.0945 92.5629 2.91785
105 67.494 34.1566 2.07454
106 86.393 91.3958 1.39664
107 95.1682 86.0985 1.76867
108 13.4641 94.5102 2.95582
109 92.7428 98.8452 1.2144
110 83.2488 35.8384 1.72261
111 21.2845 14.9134 2.22984
112 58.0128 27.9647 1.26238
113 13.2928 3.71247 2.92009
114 95.4758 2.31177 1.74598
115 8.14908 14.4239 2.05679
116 11.6827 75.4216 2.60378
117 7.48258 93.5543 2.84305
118 50.63 30.6889 1.48645
119 81.4542 93.748 2.12696
120 98.0223 80.6135 2.16879
121 57.6197 72.1955 -0.196807
122 12.6168 89.3089 2.84709
123 73.8379 91.2369 2.16081
124 95.8597 9.96722 1.53303
125 85.1739 22.7832 1.3737
126 26.5445 1.49741 1.90704
127 85.0744 83.9156 1.24756
128 69.0983 32.7064 1.80956
129 91.8646 3.16628 1.57831
130 1.59156 92.356 1.95867
131 13.7083 83.0951 2.35117
132 87.7828 23.977 0.867555
133 87.1308 26.9866 1.24118
134 95.7393 71.7436 2.7057
135 18.5529 11.1286 2.86406
136 8.92218 76.2929 2.46202
137 0.679597 99.7024 2.57332
138 15.073 87.3194 2.68824
139 2.49196 82.5101 2.11641
140 18.2687 85.4349 2.1684
141 80.3868 25.2092 1.68836
142 78.5989 94.0896 1.68416
143 38.6491 0.962656 1.88519
144 99.6387 100.102 1.19144
145 92.017 5.7422 1.53783
146 96.049 85.1538 2.21778
147 66.9247 38.8319 1.78872
148 19.5255 11.3323 2.2065
149 81.5466 3.60687 2.0162
150 19.5214 88.3393 1.8933
151 46.7238 24.5455 2.50125
152 11.536 79.0838 2.62022
153 14.3576 93.4247 3.04537
154 33.443 97.7795 2.25332
155 87.049 28.6159 1.74454
156 52.5808 95.8897 1.24574
157 35.3054 7.76945 2.5661
158 91.7188 36.3325 -3.04596
159 38.3884 4.28801 2.06766
160 64.8915 40.4943 1.18071
161 38.4001 4.88327 1.63569
162 82.1497 4.64452 1.41773
163 76.2902 22.301 1.21411
164 84.7544 30.5376 1.37421
165 74.9247 1.38718 2.08246
166 74.8249 23.8612 1.21164
167 22.007 14.2771 2.51924
168 88.3982 100.373 2.08955
169 84.1662 28.9697 0.964374
170 45.129 57.6553 1.91289
171 10.5455 4.38381 2.58992
172 93.0362 81.5841 1.56343
173 18.6273 84.3868 2.69058
174 89.8679 35.2952 -3.33807
175 85.1846 21.1555 1.22022
176 9.73086 18.9566 1.71336
177 5.50009 81.9794 2.3005
178 66.944 31.6582 1.3774
179 4.83781 96.0795 2.40369
180 11.9841 5.01383 2.58169
181 46.4774 0.588904 1.31527
182 91.9173 94.3552 1.9377
183 91.82 75.9565 1.34864
184 17.3932 4.8275 2.65776
185 84.2575 28.9179 0.939299
186 17.4898 92.6702 2.5714
187 53.2234 27.771 1.58121
188 77.3863 84.1281 1.31226
189 95.9664 7.33452 1.46799
190 92.682 36.1713 -2.62306
191 9.58358 12.1808 2.438
192 6.9883 74.3902 2.31344
193 19.2783 1.89907 2.84537
194 9.56976 82.9455 2.72622
195 2.8159 99.9144 2.00661
196 0.897188 79.0677 2.54223
197 11.9149 82.7793 2.24357
198 15.1194 4.33447 2.31446
199 2.66406 47.4799 -2.69324
200 18.2618 9.2657 2.28086
201 14.5111 13.589 2.45717
202 65.3646 33.0936 2.14493
203 40.089 5.56997 2.76968
204 92.2947 33.3546 -2.76191
205 22.3644 13.7243 2.5579
206 8.80413 84.3603 2.41981
207 2.28351 88.8956 2.6595
208 70.5 20.8464 1.57529
209 50.4298 29.3474 1.21275
210 86.5923 2.55478 1.36352
211 14.2175 90.0482 2.14092
212 87.3983 25.6013 1.07011
213 47.9893 22.5834 2.57205
214 74.142 82.0162 1.20794
215 99.035 91.3329 1.42163
216 25.1393 95.9677 2.74449
217 1.9235 97.4376 2.3478
218 88.9715 13.2775 1.50177
219 88.5682 8.84463 1.3201
220 19.0145 13.127 2.93736
221 21.4845 1.37886 1.90851
222 17.8911 13.1745 2.23551
223 72.2985 35.3572 1.43068
224 54.8546 29.3791 1.26058
225 8.71803 15.484 1.72098
226 36.5595 96.2073 2.34839
227 16.8874 93.5577 2.92819
228 13.6758 84.3059 2.89232
229 14.9501 84.8479 2.13303
230 88.6154 82.8044 1.76369
231 90.6374 100.426 1.79176
232 16.9428 1.97 2.13379
233 9.00822 89.475 2.66791
234 0.501154 80.8814 2.36037
235 87.6205 91.2011 1.41039
236 29.9994 89.8607 3.2264
237 99.2115 10.2629 2.08988
238 89.0421 92.9938 2.03071
239 77.3506 93.4958 2.28137
240 97.8018 2.17843 1.81658
241 50.171 94.658 1.63439
242 22.2184 98.6467 3.0838
243 16.5148 7.6661 2.17053
244 38.4649 5.26994 1.93419
245 19.225 98.3202 2.24644
246 15.2823 87.5071 2.10781
247 88.8752 32.5321 2.0848
248 81.8576 93.8239 2.28692
249 9.3446 77.2551 2.42088
250 92.65 1.82308 1.66061
251 92.423 7.95614 1.5472
252 78.1678 36.0292 1.16848
253 55.4478 31.1944 1.26161
254 12.5348 81.3682 2.82756
255 82.7264 3.18916 1.48457
256 23.1515 97.8589 2.91356
257 13.4776 85.6106 2.31552
258 51.6632 99.5513 1.17559
259 89.4569 92.5832 1.96534
260 94.4068 39.0137 -2.21298
261 82.0603 95.3433 1.55004
262 22.792 91.1332 2.86454
263 14.729 0.709484 2.13436
264 64.4028 39.3858 1.38288
265 11.9277 82.435 2.24074
266 3.06335 77.6326 2.06884
267 98.6562 1.80324 1.31762
268 1.12567 83.983 2.47886
269 91.8291 3.20255 2.00347
270 89.8711 96.4688 1.33524
271 90.8113 95.0951 2.1145
272 43.6581 21.7058 2.35576
273 4.26775 84.5173 2.91346
274 10.8846 94.0456 2.65503
275 13.8519 83.975 2.20096
276 2.42691 74.5814 1.87791
277 15.2189 3.98614 1.96954
278 26.1443 75.0337 2.1647
279 22.1895 99.461 2.99809
280 90.514 96.8778 2.21699
281 16.0457 90.625 2.39365
282 85.6103 93.264 1.42048
283 26.3876 14.9668 2.65937
284 21.1464 79.5878 1.99362
285 13.6855 8.52031 2.93576
286 79.5516 86.0097 1.39656
287 12.3427 86.9432 2.85983
288 57.1616 22.2761 2.03631
289 22.9067 81.9659 2.30925
290 9.53908 89.8846 3.00051
291 50.7082 91.185 1.54265
292 85.7485 27.0452 0.852914
293 8.58959 92.4979 2.812
294 91.5685 92.9082 2.11665
295 99.5696 96.4095 1.88201
296 22.0354 8.691 2.66965
297 26.777 92.3776 2.78868
298 55.1852 93.7985 1.83783
299 16.5358 14.4238 2.17396
300 7.8977 84.2091 2.19001
301 86.9793 3.16495 1.68281
302 97.3084 80.0888 1.84882
303 15.1438 88.7054 2.73339
304 31.1067 77.8575 2.19512
305 95.579 7.43564 1.50736
306 61.2513 35.8536 1.72467
307 98.0855 7.12728 1.45433
308 81.8127 97.6551 2.19607
309 9.30342 93.8208 2.2309
310 65.7637 37.2838 1.98123
311 90.8869 88.7224 1.01873
312 17.1738 97.6021 2.67656
313 49.5947 23.6804 1.86623
314 87.417 7.07448 1.91204
315 15.0638 91.5554 3.01684
316 16.4236 4.79951 2.90074
317 90.1452 98.2269 2.17046
318 7.41709 14.5683 1.66224
319 15.4004 13.2404 2.39393
320 17.1665 12.5815 2.4359
321 85.9154 6.4171 1.38578
322 20.8202 11.4427 2.76277
323 86.8928 98.4956 2.00361
324 31.2866 17.5065 2.75873
325 25.3621 95.7043 2.32108
326 12.0406 81.8047 2.00285
327 9.56242 87.8305 2.68352
328 24.9272 10.4169 2.37813
329 59.0087 24.8232 1.34543
330 49.4303 22.1231 1.97512
331 74.1448 39.3224 1.65308
332 51.691 23.5261 1.99481
333 17.0819 5.97365 2.91703
334 85.0304 89.1734 1.91717
335 10.3782 12.4591 2.48924
336 21.4191 13.1915 2.16408
337 81.2136 91.7913 2.00656
338 23.8013 94.8399 3.22989
339 13.1989 86.9074 2.46591
340 92.4773 79.7241 1.30991
341 76.2092 96.9751 2.01474
342 85.2705 99.354 1.71759
343 24.9932 98.4239 2.72775
344 17.3618 88.9393 2.17044
345 75.187 29.4162 1.43405
346 83.8335 87.375 1.17887
347 93.4064 41.1559 -2.24191
348 76.2233 85.3015 1.62488
349 90.3487 32.2652 2.76992
350 19.4426 97.152 2.29784
351 46.9752 96.2031 1.25938
352 32.3785 83.9683 2.13624
353 70.935 34.2783 1.3883
354 6.18961 76.4488 1.8577
355 14.8826 79.9425 2.62387
356 21.6556 10.0224 2.1088
357 87.8404 30.1241 1.51673
358 90.9863 97.4113 1.63198
359 2.11894 86.0026 2.48828
360 84.0324 8.31483 1.54088
361 93.7603 72.6523 2.43672
362 99.3337 98.8646 1.16646
363 13.3072 84.9062 2.10818
364 70.5044 39.8925 1.33592
365 14.2627 98.2688 3.05367
366 14.2828 6.34126 2.53902
367 20.2863 13.3694 2.03038
368 95.0662 83.3042 1.98165
369 52.6179 22.2166 2.39156
370 56.2341 32.5237 1.77137
371 82.1692 2.40582 1.64269
372 94.5941 93.1701 1.85411
373 15.9917 9.53952 2.17341
374 92.7985 6.33418 1.98669
375 18.0494 2.27414 2.55008
376 95.0069 96.6459 1.49197
377 44.6461 23.9535 2.35805
378 8.52929 91.5063 2.89229
379 18.9057 15.0135 2.43853
380 15.3289 85.0832 2.43747
381 4.84664 33.094 -1.10746
382 0.811535 98.2859 2.64676
383 77.9862 26.9153 1.18924
384 16.5745 2.4331 2.59554
385 75.9768 37.4283 1.21542
386 55.8381 43.3104 2.208
387 98.681 74.1289 2.53806
388 25.2173 91.6766 2.64418
389 99.4779 84.1968 2.20606
390 74.7856 98.3374 2.0787
391 86.0765 96.9178 1.47347
392 -0.0369708 82.5499 2.32889
393 24.7863 98.7241 2.82339
394 0.966253 0.559014 2.272
395 90.1916 98.116 1.83153
396 88.0774 7.22099 1.93185
397 98.6899 3.03581 1.89852
398 49.7856 21.6868 2.56683
399 51.5675 93.5412 1.3284
400 78.1544 92.6172 1.60704
401 52.3114 20.4335 1.63294
402 9.3073 78.8787 1.84214
403 99.5853 95.7138 1.1388
404 10.8479 87.704 2.96837
405 31.3728 82.527 2.04077
406 88.1068 79.5809 0.882714
407 10.84 7.26384 2.18754
408 97.1553 89.8381 2.1311
409 26.1854 13.3912 2.12771
410 81.9147 94.6206 1.78971
411 96.6969 3.86031 1.93956
412 20.8698 84.033 1.91678
413 77.4915 94.5506 2.36541
414 23.4915 98.302 2.74744
415 81.3371 28.0689 1.38782
416 17.5234 4.94944 2.49452
417 75.9525 92.3244 2.40339
418 88.0218 2.30006 1.75506
419 74.8799 25.7545 1.09932
420 8.21382 90.7626 2.99841
421 84.9742 1.08821 1.47124
422 88.2017 95.1211 1.91514
423 18.5362 10.02 2.74147
424 87.3221 6.01919 1.45791
425 9.97822 0.809916 2.22983
426 30.1027 13.5661 2.10473
427 91.8021 6.26687 1.29359
428 12.9332 90.5108 2.62612
429 21.8898 93.2915 2.99878
430 36.2741 1.80836 1.93443
431 18.3868 1.8204 1.93356
432 83.2109 4.61781 1.31081
433 27.3619 13.0228 2.95716
434 8.48915 87.7792 2.0591
435 76.2118 37.8055 1.9351
436 45.1692 1.78414 1.73316
437 2.54254 81.3375 2.96486
438 12.2756 17.5849 2.65351
439 19.573 13.9605 2.31978
440 16.8341 80.3923 2.62492
441 86.4795 81.1767 1.17445
442 10.8358 10.4376 2.07114
443 100.344 69.2242 0.0193126
444 17.8351 99.1135 2.96866
445 90.7777 40.2388 -2.24535
446 83.3325 37.8098 1.93469
447 87.7208 85.5806 1.41727
448 95.4487 96.7794 1.62655
449 21.1912 81.4418 2.54328
450 82.3804 98.3617 1.61924
451 7.68022 80.1188 2.10607
452 92.0176 7.55097 1.75975
453 16.2382 83.0995 2.83814
454 92.8256 4.15087 2.19034
455 79.1318 27.5587 1.0909
456 75.1526 90.8811 1.76205
457 87.8915 93.0429 1.33989
458 98.3315 92.6832 1.62026
459 85.2994 26.5685 0.867406
460 4.2464 84.195 2.50976
461 63.6531 32.8637 1.91427
462 20.1191 98.7104 2.71648
463 92.4855 95.6516 1.39731
464 23.5021 2.48939 2.34524
465 83.5063 96.8599 1.4963
466 23.6567 95.031 2.53429
467 20.6363 12.4833 2.97047
468 98.2714 82.7614 2.13882
469 48.0261 98.4234 1.00275
470 33.9109 82.2572 2.41889
471 12.4782 92.0687 2.65118
472 20.7101 99.6868 2.7107
473 16.3153 4.19955 2.56075
474 5.90283 44.1782 -2.87152
475 89.4047 83.2715 1.87387
476 88.5883 30.6968 0.950609
477 13.4856 84.9048 2.84417
478 80.6399 19.215 0.545405
479 72.9648 28.375 1.40219
480 92.2965 87.9254 1.12835
481 23.2194 9.67732 2.02113
482 6.126 75.6773 1.83112
483 78.8806 99.4491 1.84833
484 96.5737 86.1432 2.17242
485 92.6158 74.2052 2.5042
486 19.9093 85.3065 2.28414
487 23.4475 94.7337 3.06522
488 48.8427 94.6552 1.79376
489 73.2331 25.9988 1.40948
490 82.6902 35.1439 1.32786
491 13.3683 85.509 2.9181
492 21.22 2.9401 2.21747
493 15.9313 94.1791 2.49904
494 10.6994 80.6251 2.71541
495 7.00274 91.3867 2.13335
496 0.0448225 2.92835 1.94134
497 89.3962 2.20894 1.61716
498 25.9309 92.2448 2.4549
499 91.0047 20.7796 0.952056
