500
Particles
0 95.1766 73.1268 2.05563
1 34.891 78.4674 2.45087
2 2.11764 6.97983 2.66715
3 60.1014 23.7464 2.11172
4 80.728 85.2119 1.31806
5 96.8133 46.9667 -2.61955
6 16.8922 2.38367 2.401
7 79.4434 31.8915 1.59232
8 49.0117 90.8759 0.9402
9 42.8728 92.6377 1.41704
10 19.2744 80.2187 2.16908
11 0.41834 0.694251 2.55962
12 5.89482 7.26782 2.15359
13 88.0307 76.0843 0.800354
14 85.6718 88.9499 1.76433
15 91.6335 79.3424 1.9388
16 35.4926 91.5852 2.50147
17 85.3496 2.73649 1.09966
18 79.1465 95.2044 1.0881
19 55.6648 15.9094 2.47608
20 60.6284 24.9738 1.71972
21 99.3619 90.2608 1.36329
22 21.4895 94.4742 2.28208
23 86.2566 81.3945 1.27146
24 68.2853 27.671 1.40989
25 6.40446 83.5063 2.67157
26 96.0341 37.9037 -1.84154
27 93.4915 96.7866 1.2616
28 6.4787 90.4754 2.55634
29 17.3994 12.5441 2.63914
30 58.8526 35.4505 1.82958
31 15.5832 93.4626 2.24047
32 46.4209 22.1831 2.04388
33 68.3335 33.8379 1.39142
34 9.94088 83.7072 2.12588
35 79.0013 98.8045 1.16058
36 58.4634 41.967 2.77758
37 23.0978 10.8791 2.65323
38 5.52897 86.8447 2.67132
39 85.6471 81.5222 1.0289
40 11.6282 81.2542 1.89087
41 83.7435 81.9385 1.02114
42 30.099 93.0776 2.9781
43 64.9574 24.6767 1.24209
44 35.4 81.2563 2.8604
45 27.4463 87.9065 2.20286
46 12.1767 87.8619 1.94441
47 86.6895 22.3752 1.39894
48 17.3407 85.8905 2.22428
49 0.73751 70.9922 2.56098
50 88.7045 98.9882 1.67301
51 23.5089 95.2836 2.69517
52 68.0354 26.7626 1.6989
53 59.2462 41.5995 2.03797
54 85.418 85.966 0.990217
55 72.8951 20.6256 1.65767
56 88.754 88.1826 1.48351
57 16.7093 72.5236 2.17822
58 87.5705 91.4455 1.46592
59 6.23813 84.5611 1.9566
60 89.184 96.0635 1.54456
61 17.7291 81.9263 2.64201
62 42.8327 88.2325 1.60626
63 35.2401 72.3836 2.71144
64 4.91395 97.5185 2.33719
65 82.7101 23.7902 1.14764
66 84.3614 100.012 1.10185
67 85.9041 99.518 1.72712
68 82.3035 20.7379 1.57623
69 22.1323 75.2948 1.74431
70 17.9146 6.92764 2.68632
71 12.2396 86.1304 2.09504
72 86.1791 96.5004 1.38071
73 22.8359 8.65359 2.25431
74 14.6379 75.2531 2.5472
75 81.504 29.2785 0.907285
76 19.0169 76.9428 2.18082
77 22.6539 7.40082 2.51617
78 99.3901 33.9376 -1.84896
79 88.6562 93.716 1.83846
80 15.2859 80.8626 2.51762
81 82.6575 98.2166 1.39233
82 69.8702 3.10119 1.53004
83 76.0165 91.3664 1.6238
84 73.5882 17.7947 1.67809
85 15.7252 83.0867 2.5898
86 15.9668 80.6806 2.40726
87 24.6154 5.77703 2.35737
88 75.7148 19.4191 1.81709
89 11.9409 74.4753 2.64546
90 68.6209 27.7578 1.57525
91 13.9827 92.8192 2.75287
92 22.2156 2.81851 2.11075
93 78.9161 85.931 1.87952
94 16.0577 82.8032 2.07202
95 56.9839 17.0997 2.69838
96 99.1245 93.8679 2.02617
97 20.0692 8.96333 2.84059
98 12.4299 76.1397 2.2335
99 21.0021 1.60996 2.02846
100 69.4905 27.5073 1.69094
101 83.7493 95.8221 1.66369
102 19.9275 81.3903 1.81768
103 8.65343 79.4399 2.83905
104 19.0007 89.0336 1.9097
105 68.5802 29.0424 1.58349
106 86.2401 86.2038 1.00164
107 98.7644 82.4714 2.68533
108 17.7794 91.5675 2.53425
109 93.9104 93.7177 1.40219
110 83.0028 30.59 0.904745
111 25.1563 11.2449 2.63376
112 58.5258 22.7883 2.34802
113 17.8847 0.961135 2.60622
114 96.739 97.2963 1.34796
115 9.98161 9.46873 2.03679
116 15.2991 71.4626 2.29708
117 11.2209 89.8725 2.29355
118 51.6517 25.4526 1.88937
119 81.9744 88.6732 1.69022
120 2.0447 77.2985 2.68233
121 54.7194 75.9772 -1.95113
122 16.8087 86.1956 2.47776
123 74.9088 86.0346 1.61259
124 98.2967 5.42769 2.13782
125 84.067 17.7695 0.938719
126 30.2692 97.7676 2.82353
127 83.0498 79.2994 1.34997
128 70.3097 27.5312 1.5271
129 93.5898 98.1586 1.10785
130 5.31554 88.6554 2.78795
131 17.2741 79.2397 2.13041
132 85.5935 19.1824 1.36457
133 85.42 21.8998 1.58792
134 0.300055 68.852 1.78027
135 23.063 8.3579 2.26708
136 12.2919 72.2708 2.79475
137 5.41362 97.1901 3.16517
138 19.1003 83.8101 2.01464
139 6.84274 79.4373 2.57668
140 21.352 81.1204 1.87119
141 79.7887 20.0831 1.39657
142 79.0581 89.0079 1.69234
143 39.6527 96.2257 2.40626
144 2.2014 96.4372 3.12948
145 93.4576 0.911189 1.64858
146 0.786463 82.7395 2.84703
147 65.5492 33.7472 1.43916
148 24.1028 8.49231 2.42521
149 82.4913 98.3463 1.41828
150 22.4429 83.905 2.5839
151 50.3747 20.6651 2.4022
152 15.361 75.2903 2.3801
153 18.6211 90.3232 2.34886
154 36.8311 93.6108 2.54793
155 86.4383 23.36 1.10263
156 50.853 90.8051 1.18897
157 38.0517 3.33633 1.98276
158 95.2584 39.7677 -1.98336
159 41.1236 99.7194 2.12095
160 63.6007 35.5086 1.94792
161 40.6595 99.9594 1.80321
162 81.7984 99.2839 1.85028
163 74.4925 17.2508 1.60231
164 83.6059 25.4083 1.36307
165 76.4917 96.5561 1.87315
166 74.2185 18.6444 1.56376
167 26.3279 11.3111 2.40183
168 88.1795 95.1188 0.985544
169 82.3506 23.9917 1.2099
170 49.4813 54.842 2.94672
171 14.7889 1.59336 1.83777
172 95.2005 76.712 2.41083
173 21.7918 80.1815 2.49299
174 93.904 38.072 -2.03596
175 84.0786 15.9995 1.59003
176 12.4148 14.4727 2.36642
177 8.86689 77.9008 2.26833
178 68.2537 26.554 1.5182
179 8.03554 91.7013 2.04665
180 16.1853 1.91049 2.80809
181 46.2371 95.318 1.55243
182 92.1238 89.1475 1.21602
183 94.9411 71.8844 2.92685
184 21.6367 1.50235 2.88709
185 83.3549 23.684 0.828893
186 21.1741 88.8963 1.91757
187 54.2023 22.5523 2.31235
188 77.6888 78.8817 1.1593
189 97.9894 2.43875 2.87499
190 96.2426 39.9545 -1.81958
191 11.4164 7.13366 1.81815
192 11.1418 71.1122 2.36432
193 23.142 98.1262 2.242
194 13.841 79.7467 2.46947
195 6.36974 96.1642 2.51314
196 5.46874 76.298 2.75514
197 15.7398 78.9893 2.30665
198 19.4764 1.40816 2.87948
199 100.457 49.8047 -0.328875
200 22.276 5.74146 1.97643
201 18.9253 10.3705 2.61239
202 66.266 27.9923 1.71226
203 42.6485 1.07394 2.33082
204 95.2258 37.486 -2.5825
205 26.4751 10.3833 2.42806
206 12.8849 80.8202 2.07543
207 6.649 85.8932 2.33153
208 70.1489 15.5199 1.60386
209 51.494 24.2398 2.2053
210 86.51 97.2723 1.6244
211 17.9605 86.4095 2.60195
212 85.5801 20.7002 1.48107
213 51.4809 18.8328 1.90348
214 74.3512 76.7393 1.33036
215 1.63213 87.2237 2.42344
216 29.851 93.4722 2.04717
217 5.24155 93.2282 2.87302
218 90.8856 9.18682 1.65208
219 87.5254 3.61885 1.16938
220 23.2057 9.94591 2.0328
221 25.3553 97.7751 2.21633
222 22.3785 10.378 2.39952
223 72.5724 30.1258 1.81499
224 56.0171 24.3004 1.40284
225 10.6441 10.6462 2.16798
226 39.2536 91.6189 2.12397
227 20.813 90.0968 2.90672
228 17.7609 81.0825 2.19841
229 18.7324 81.1272 2.24262
230 86.6311 78.3121 0.660718
231 90.7887 95.158 1.59412
232 21.0004 98.7878 2.23714
233 13.1022 86.1653 2.10821
234 4.71029 77.684 2.52291
235 87.2416 85.8722 1.31885
236 35.2707 88.854 1.90402
237 1.91776 5.76958 2.44104
238 89.442 87.702 1.84321
239 78.521 88.4828 1.57154
240 98.6245 97.0001 2.56435
241 48.7687 89.6174 1.44738
242 26.5207 95.6529 2.92394
243 20.5814 4.40197 2.20512
244 40.3199 100.404 2.08935
245 23.1698 94.7767 2.24703
246 18.821 83.4436 1.84255
247 91.7312 32.2556 -1.83184
248 82.3676 88.7682 1.14756
249 12.9152 73.5328 1.9848
250 93.1277 96.4671 1.68163
251 95.474 3.70249 2.14729
252 77.0168 30.7933 1.48872
253 56.3218 25.9987 2.16751
254 16.6204 78.073 2.62483
255 82.9073 97.957 1.24807
256 27.63 95.0206 2.62372
257 17.4747 82.1136 2.2506
258 50.1491 94.423 1.55839
259 90.5861 87.2759 1.91985
260 97.4066 43.3512 -2.00962
261 82.6142 90.2092 1.46382
262 27.8404 89.5914 2.68479
263 18.6943 97.0146 2.58424
264 63.2895 34.2499 2.34985
265 15.2578 78.3909 1.98078
266 7.41045 74.7899 2.62734
267 0.801135 97.471 2.36007
268 5.84667 81.345 1.91765
269 92.3655 97.9037 1.27845
270 90.1821 91.3114 1.33494
271 92.342 90.0327 1.65864
272 47.1157 17.7181 2.70502
273 8.30203 81.3124 2.02849
274 14.7222 90.3214 2.64242
275 17.8892 80.4787 2.28692
276 6.48119 71.3788 2.34112
277 19.2199 0.518588 2.53629
278 30.7068 72.7024 2.14753
279 26.6527 96.7627 2.38999
280 91.842 91.6755 1.82527
281 19.7579 86.926 2.84349
282 85.1212 87.912 0.937989
283 30.3526 11.5314 1.89509
284 24.4261 75.462 2.05556
285 18.3014 5.89294 2.67807
286 79.2882 80.75 1.56124
287 16.2848 83.2705 1.85382
288 60.5422 18.2298 2.50545
289 26.0522 77.8988 2.44443
290 13.7317 86.7033 2.18593
291 49.158 86.2042 1.04615
292 84.4873 21.9337 1.13796
293 12.3948 88.9851 2.1698
294 91.3581 87.5706 1.58735
295 99.1144 91.0344 1.67955
296 25.3989 4.67785 2.18423
297 31.8369 90.7554 2.73138
298 54.0145 88.7271 1.15157
299 20.1295 10.5473 1.98945
300 11.745 80.5101 2.84586
301 86.4503 97.9797 1.42696
302 1.53006 77.1689 2.01562
303 18.7761 85.0526 2.19943
304 35.3654 74.7281 1.97758
305 98.1471 3.07311 2.75391
306 62.3591 30.7007 1.60993
307 99.589 2.10154 2.27676
308 82.9309 92.4607 1.33362
309 13.386 90.5283 2.16352
310 65.8271 32.0106 1.59933
311 89.7759 83.5884 1.52591
312 21.2543 94.2844 1.98693
313 52.7549 19.314 2.2847
314 87.0037 1.86748 0.992286
315 18.6565 87.6975 2.33749
316 20.9195 2.17076 2.21753
317 90.7667 92.9205 0.893962
318 8.6734 9.36472 2.51186
319 19.5497 9.99739 1.94808
320 21.2945 9.29442 2.76167
321 85.1737 1.13426 1.04913
322 24.7603 7.87156 2.50109
323 87.2617 93.2764 0.904363
324 34.6525 13.6761 1.93778
325 30.1842 93.5167 2.36274
326 16.384 78.6489 2.2338
327 14.3158 85.145 2.05533
328 29.0549 7.04725 1.93444
329 60.8181 19.8959 1.92395
330 52.6677 18.0445 1.80276
331 74.224 33.9556 1.32709
332 54.6257 19.1194 2.19787
333 21.3378 2.83922 2.57253
334 84.4942 83.918 1.30899
335 12.6376 7.87003 1.99451
336 25.5672 10.0002 2.58757
337 81.9726 86.6442 1.47006
338 28.5538 92.8951 3.00454
339 17.4225 83.7027 2.61722
340 93.3045 74.7493 1.95513
341 78.1416 91.9463 1.25602
342 85.2763 94.2779 1.01562
343 29.8922 96.3033 2.69702
344 21.0884 85.2062 1.83055
345 74.3067 24.1379 1.55954
346 82.3542 82.3009 1.47536
347 97.2732 44.7204 -1.95742
348 76.9574 80.0519 1.48351
349 94.3747 34.8513 -2.25131
350 23.3468 93.6893 2.91319
351 46.8531 90.8707 1.23835
352 35.9604 80.1618 2.59111
353 71.6143 29.0623 2.13632
354 9.9753 72.8707 2.89215
355 18.8532 76.4378 2.37697
356 25.3759 6.31734 2.76506
357 86.5123 24.9233 1.3729
358 91.2757 92.2449 0.920417
359 6.39914 83.1069 2.24922
360 83.6711 3.11547 1.59131
361 97.7631 69.1804 2.96919
362 -0.0915755 93.5697 2.45994
363 16.6588 80.7302 2.33889
364 69.028 34.665 1.5989
365 18.7295 95.3295 2.41822
366 18.8744 3.72811 2.59676
367 23.7796 9.33569 2.21449
368 98.4262 79.1514 2.49
369 56.2941 18.6487 2.2695
370 57.3099 27.5857 2.10079
371 81.8108 97.0555 1.59458
372 95.3228 87.965 1.19551
373 20.4746 6.65719 2.4012
374 95.7826 2.1271 2.7657
375 22.2087 98.9799 2.4044
376 96.159 91.4934 2.02639
377 48.3723 19.9569 2.62488
378 12.8357 88.6977 2.21783
379 23.4438 12.1513 2.16641
380 18.952 81.1549 1.96654
381 3.30475 38.2871 -0.72113
382 4.34042 94.4947 2.45879
383 76.7275 21.793 1.02406
384 20.7621 99.1983 2.19531
385 74.6089 32.4115 1.31075
386 60.329 40.4387 2.3633
387 2.43767 70.3144 2.44092
388 30.3298 90.2031 2.90137
389 3.90817 81.4842 2.71425
390 76.6642 93.3145 0.961454
391 86.4228 91.5332 1.52511
392 3.6169 78.6085 1.85386
393 29.5519 96.4432 2.44035
394 5.04953 97.0246 2.86747
395 90.6378 92.7409 1.60683
396 87.9053 2.15842 1.55793
397 1.9613 99.238 2.96952
398 52.8496 17.3362 2.29245
399 49.8081 88.5666 1.4901
400 79.0706 87.5109 1.74568
401 55.4707 16.309 2.26717
402 12.1904 74.5297 1.93208
403 1.0519 90.8381 2.08402
404 15.2032 84.8641 2.48217
405 35.1317 78.925 2.14452
406 84.9785 75.4407 0.402475
407 14.4676 3.33109 2.13363
408 0.584619 86.0612 2.60285
409 29.7827 9.47606 2.33362
410 82.4093 89.4257 1.46143
411 97.3861 98.6656 2.02374
412 24.0084 79.8131 2.44406
413 79.4241 89.5901 1.82994
414 28.0534 95.5851 2.42462
415 80.0866 22.9965 1.20751
416 21.8902 1.9246 2.51136
417 77.3193 87.2852 1.37239
418 88.0014 97.0173 1.20542
419 73.8135 20.5269 1.80398
420 12.1935 87.6426 2.40597
421 85.2721 95.8298 0.913149
422 89.4314 89.9448 1.75754
423 23.0999 7.27253 2.38106
424 86.4015 0.796184 1.66419
425 13.4321 98.4543 2.1442
426 33.7625 9.84409 1.99685
427 93.7608 1.69788 2.78274
428 17.2324 87.5285 2.39609
429 26.8429 91.3226 2.09945
430 37.4113 96.5994 2.15961
431 21.6707 97.7826 2.22184
432 83.324 99.2876 1.66019
433 31.2046 9.5983 2.5862
434 12.1848 83.9233 2.30711
435 74.7947 32.769 1.85891
436 44.3863 96.5874 1.77275
437 7.05521 78.4334 2.63221
438 15.1081 13.3114 2.64751
439 24.1435 11.3756 2.15081
440 20.8052 76.8554 2.54809
441 83.8456 76.5298 1.07102
442 14.5464 6.69634 2.42624
443 2.40974 66.4379 2.71218
444 21.9243 95.9682 2.66583
445 94.4118 44.038 -2.35655
446 82.8863 32.592 1.10782
447 86.1704 80.5303 0.546205
448 95.4377 91.5566 2.05768
449 24.3756 77.2244 1.62172
450 82.586 93.0917 1.20207
451 11.4789 76.5513 2.73732
452 94.3534 3.05533 2.14185
453 20.524 79.9253 2.4902
454 94.9011 99.5401 1.64445
455 78.4049 22.4179 1.46298
456 75.8614 85.6006 1.00165
457 87.8407 87.7214 1.17652
458 98.1567 87.3254 1.47253
459 83.849 21.5156 1.50527
460 8.24538 80.7361 1.84722
461 65.9754 28.0296 1.70894
462 24.5237 95.9753 2.99395
463 93.3339 90.484 1.83529
464 27.2299 98.6339 2.3606
465 84.4552 91.6328 1.09459
466 28.3708 92.7398 2.13442
467 25.155 9.65496 1.83918
468 2.33702 79.2367 2.39178
469 47.4319 93.1107 1.53975
470 37.8336 78.6807 2.33903
471 16.8139 89.0316 2.79113
472 25.2888 96.8094 2.08571
473 20.6552 0.990512 2.11444
474 10.831 42.8576 -2.63237
475 86.8552 78.8191 1.15153
476 88.0045 25.5376 1.35041
477 17.5575 81.6149 2.47689
478 78.4448 14.4563 1.47226
479 72.8422 23.1081 1.55882
480 92.1983 82.7108 1.89092
481 26.9426 5.84822 2.56632
482 9.98152 72.4727 2.40256
483 80.0866 94.2165 1.83736
484 0.925014 83.2895 2.82343
485 96.2927 70.6595 2.48555
486 23.4014 81.1951 1.8608
487 28.4304 92.851 2.95114
488 47.946 89.4451 1.74563
489 72.5148 20.7408 1.60893
490 81.786 29.9399 1.53976
491 17.5099 82.2506 2.03914
492 25.0724 99.2435 2.40785
493 19.4567 90.2141 2.72904
494 14.504 76.9821 2.10119
495 10.7797 87.8622 2.70246
496 3.13999 99.7919 3.1934
497 89.6919 96.8764 1.78926
498 30.8003 90.6335 2.76242
499 89.2711 15.9124 1.38268
