500
Particles
0 7.0599 62.1747 2.53139
1 46.4084 66.1784 2.27553
2 16.7387 99.4 2.53662
3 62.9977 7.91497 1.64543
4 77.2311 69.2003 1.73163
5 12.1366 53.0399 -3.21207
6 27.1901 89.1074 1.75541
7 76.8186 15.3713 1.09371
8 49.0023 74.3098 1.96398
9 47.2663 76.563 2.16424
10 31.5156 69.0013 2.23307
11 16.1502 95.7563 2.79368
12 18.5035 96.4656 2.42896
13 84.1903 60.7062 1.61525
14 81.4266 72.7818 0.996862
15 94.4227 63.5465 1.2024
16 44.515 77.522 2.19933
17 79.0656 87.3481 0.8196
18 76.211 78.7052 1.65726
19 63.9688 2.44825 1.32768
20 61.8508 8.6315 1.54873
21 8.24384 77.5019 2.37712
22 33.1151 82.7838 2.2077
23 82.7373 65.0541 1.31469
24 68.8329 11.1729 1.11419
25 16.6075 70.1367 2.2403
26 10.4071 45.6364 -2.62476
27 1.10569 84.8764 2.17592
28 18.6325 78.9943 2.10686
29 29.2251 3.67576 -3.13627
30 56.6848 20.4922 1.52389
31 27.5464 81.6853 2.08581
32 52.6439 6.47353 1.18861
33 69.5309 17.0319 1.71204
34 22.1606 72.2456 2.70099
35 76.0037 82.2654 0.85933
36 56.6767 27.0003 1.5263
37 31.6072 96.7739 1.70797
38 15.7996 73.5123 2.58241
39 79.7009 66.0083 1.8415
40 24.347 70.4157 1.89217
41 78.1746 66.3734 1.19873
42 40.0924 79.9758 2.37312
43 65.671 8.13374 1.81188
44 45.0387 68.1765 2.15414
45 37.3139 74.431 1.8236
46 23.3488 75.3111 2.08708
47 80.2411 6.95529 1.31339
48 29.6875 74.8608 2.02986
49 15.1375 62.6457 2.01754
50 84.2674 82.8346 0.732363
51 34.6076 82.877 1.70812
52 68.9936 10.0999 0.992919
53 56.3827 26.6729 1.28056
54 80.3653 70.3909 1.68201
55 71.9007 3.74039 1.5537
56 84.4714 71.9333 1.09751
57 28.9869 61.1846 2.45199
58 81.9397 75.6552 0.973819
59 16.839 71.7662 1.9088
60 84.2451 80.3302 1.05503
61 30.4843 71.1964 2.05917
62 45.222 71.6608 1.96376
63 47.4288 61.0181 1.72033
64 19.5122 90.832 2.23053
65 77.2718 7.8933 1.36362
66 80.461 83.8591 1.30971
67 80.1912 83.6247 1.10494
68 75.9239 5.083 1.17304
69 35.2398 64.682 2.24942
70 28.2824 93.7247 1.64076
71 23.8644 74.0903 2.51442
72 81.9821 80.2389 0.773935
73 33.0146 95.3174 2.50518
74 26.6002 63.4181 2.17939
75 76.5394 13.153 1.49713
76 30.7553 65.1917 2.50505
77 31.4421 93.1717 1.77426
78 9.44157 39.1581 2.05124
79 84.0335 77.5847 1.32115
80 27.8995 69.659 1.83056
81 78.9855 81.9665 1.48836
82 59.0684 99.2454 2.48216
83 73.5222 74.8405 1.04998
84 73.149 0.900195 0.878131
85 28.6405 72.2839 2.30956
86 28.1724 69.3817 2.42976
87 33.6151 91.4047 2.15092
88 72.3986 2.96077 0.724166
89 25.1543 64.5276 1.9061
90 69.3725 11.4185 1.27169
91 27.0863 82.3817 2.14269
92 31.8926 89.3888 2.42136
93 77.2126 69.4312 1.24084
94 28.5986 71.616 2.64418
95 65.0167 3.04258 1.65371
96 9.56606 82.3247 2.87276
97 30.7607 96.6108 2.34738
98 24.3881 64.4816 1.95666
99 31.9025 89.1446 1.93303
100 69.7977 10.8102 1.39673
101 80.0409 79.3857 0.784929
102 33.4571 71.3609 2.61025
103 20.8974 68.101 1.93616
104 32.0018 78.5378 2.37128
105 68.3902 12.3529 1.73735
106 82.1729 69.7159 1.13628
107 10.7967 71.0564 2.39652
108 29.7344 79.6595 2.35971
109 90.4311 77.4733 1.25509
110 79.2278 14.4873 1.20048
111 33.5134 96.9877 1.63698
112 63.072 6.83888 1.2418
113 27.9772 87.7327 1.80063
114 5.63805 84.6359 3.08467
115 20.8106 97.1359 2.41158
116 27.6403 59.9408 2.13203
117 23.224 78.0817 2.77003
118 56.5922 9.56477 1.34734
119 78.1192 72.4917 2.00228
120 14.3634 66.0674 2.0795
121 68.216 79.1047 1.70763
122 29.6233 75.3189 2.6614
123 65.5504 73.8497 1.04045
124 12.674 0.975871 3.05868
125 77.0297 2.80978 1.07858
126 40.7991 85.048 1.90967
127 79.2144 63.3471 1.71092
128 69.9802 11.2942 1.62021
129 2.57998 85.6873 2.41898
130 17.1767 76.9462 2.07031
131 29.5058 67.5589 2.29607
132 80.6169 3.12543 1.05776
133 78.617 6.42625 1.57137
134 13.6564 59.365 2.58131
135 34.0951 95.793 1.87389
136 25.1925 61.6906 1.83602
137 19.9119 90.2273 2.59414
138 31.6824 72.7925 2.75364
139 17.9671 66.9978 2.55473
140 32.7823 68.989 2.65332
141 74.3069 4.26609 1.61477
142 76.0924 72.465 1.91631
143 45.4694 80.7858 2.47359
144 18.1894 91.9585 2.48732
145 4.49092 89.8319 2.33247
146 12.781 70.9234 2.64773
147 67.2464 17.2599 1.83506
148 33.0243 94.5553 1.6932
149 77.9765 82.2147 1.40833
150 35.1748 73.0518 2.6855
151 56.8419 5.82413 1.23338
152 27.1913 63.2916 2.54105
153 31.7329 79.6256 1.59559
154 43.8028 78.3897 1.83002
155 80.3439 7.92063 1.43166
156 52.3347 74.4559 2.30678
157 43.8172 88.5792 1.55628
158 9.98375 47.2579 -3.56412
159 48.625 84.9947 2.47886
160 65.3362 18.7427 1.46948
161 46.1566 84.6172 2.33088
162 76.8411 83.4736 0.945152
163 71.0121 1.23823 0.629032
164 76.5143 10.2131 1.17796
165 73.2645 80.3517 1.07398
166 71.5264 2.04045 0.883495
167 35.9632 97.9545 2.29505
168 83.9535 79.003 1.0313
169 76.3872 8.31411 0.935549
170 62.9395 61.8613 -2.79264
171 25.2387 88.3481 2.58083
172 7.69619 65.6539 2.25797
173 33.6866 68.6792 2.24855
174 8.66875 45.1799 3.29493
175 79.2917 0.477196 0.600925
176 24.5908 8.25702 -2.48963
177 21.1133 66.8364 2.19738
178 69.6566 10.1935 1.73327
179 20.8806 80.9803 2.62482
180 27.1713 89.4261 2.17364
181 49.2966 78.8424 2.1565
182 88.6982 72.5512 1.4837
183 8.14597 62.1247 2.42626
184 31.8908 89.1316 2.26311
185 76.2262 8.35837 0.984794
186 33.2715 77.8129 2.46521
187 59.0647 7.38823 1.37603
188 64.4213 69.8205 1.15114
189 13.4114 97.262 2.375
190 10.1116 49.0423 -3.15974
191 21.9346 94.2074 2.29872
192 23.8289 60.3714 1.76739
193 33.7273 85.3717 2.12682
194 25.8425 68.0963 2.17839
195 21.2309 88.9237 1.83671
196 17.6047 64.8875 2.58928
197 28.3538 67.7533 2.26344
198 30.2596 88.7657 1.72383
199 12.9484 55.2688 2.94331
200 31.6325 92.3416 2.34184
201 31.0583 1.09621 -2.48472
202 67.2694 11.6672 1.48907
203 50.14 86.8506 2.07146
204 9.44762 45.322 2.71342
205 36.4967 97.1013 2.3057
206 24.5364 68.6473 2.57644
207 18.8917 74.4398 2.74653
208 68.36 99.5032 0.982733
209 56.5689 8.92424 1.69483
210 82.9139 80.6498 1.23811
211 29.8355 75.0467 2.51074
212 79.4624 5.32173 0.789899
213 57.2912 3.85908 1.38754
214 60.6591 68.0291 1.36953
215 11.7866 74.2332 1.9044
216 39.9872 80.126 1.58526
217 19.4517 85.647 2.07036
218 84.0214 98.5768 0.518825
219 80.3757 88.3211 0.612162
220 32.8411 96.1807 1.93992
221 36.5044 85.643 1.52758
222 31.7181 96.6383 2.56271
223 72.8517 13.5717 1.77938
224 59.9648 8.98374 1.27487
225 21.165 97.7994 2.81725
226 45.3972 76.365 1.7793
227 32.932 78.5756 2.40736
228 30.1626 69.9286 2.78063
229 31.3056 69.7857 2.46677
230 82.9657 62.3508 1.3021
231 86.2487 79.113 0.869941
232 31.6186 86.09 2.3273
233 25.1421 74.464 2.68877
234 17.0663 66.2769 1.89331
235 83.8228 69.434 0.933505
236 43.919 74.6491 1.76843
237 16.6284 99.4278 2.7181
238 84.8897 71.4297 1.06689
239 75.8402 71.9404 1.35724
240 14.3636 90.9556 2.76511
241 49.1288 73.219 2.21325
242 38.4814 84.0577 1.52078
243 31.1948 91.0619 2.51424
244 46.9817 85.1379 1.87896
245 33.6958 81.9234 2.08971
246 30.4398 71.1311 1.84042
247 79.2344 41.0076 0.394038
248 77.8311 72.4319 1.42292
249 26.1852 63.2863 1.98642
250 99.0933 84.0592 2.47213
251 8.73174 94.2191 2.35468
252 73.9045 14.2805 1.31274
253 60.2943 10.1528 1.73199
254 30.2038 68.2973 2.78078
255 78.5512 81.8692 0.96681
256 38.4937 82.2346 1.92403
257 29.7678 70.6814 1.84177
258 52.4441 78.0982 2.3136
259 86.5629 71.1768 0.907324
260 12.0529 51.1211 -2.62451
261 78.9063 74.0194 1.8318
262 37.9368 76.1802 1.95272
263 29.5065 84.3374 2.17978
264 65.0358 17.7596 1.64966
265 27.892 67.539 2.54899
266 20.4785 64.117 2.17238
267 15.5877 90.4268 2.05912
268 17.8224 69.3452 2.21797
269 99.1758 85.4081 2.43612
270 84.5232 75.5902 1.705
271 88.0817 73.8159 1.19904
272 52.1507 2.30522 1.69506
273 19.5647 69.0421 2.45476
274 26.5305 78.5502 2.52937
275 29.3531 68.5178 2.00198
276 19.5615 61.3388 2.82476
277 28.9765 87.2169 1.73782
278 43.2932 62.1362 2.81003
279 37.5906 84.2157 1.95672
280 86.7562 75.7007 1.21613
281 31.4419 75.0427 1.94512
282 80.3835 71.9124 1.8367
283 41.8719 2.90832 -2.56972
284 35.4784 63.0366 2.12686
285 28.1213 92.3393 2.0192
286 74.8278 65.0264 1.71613
287 28.158 71.4342 2.41289
288 67.4319 3.57857 1.11172
289 37.8844 66.4529 1.97183
290 26.4768 75.9625 1.94552
291 51.0913 69.9815 2.46435
292 77.1872 7.02141 1.20169
293 24.3753 77.3818 2.28991
294 87.6026 71.1821 1.3821
295 2.22441 78.9859 2.66888
296 34.6755 90.6264 1.75383
297 41.7934 77.2711 1.87026
298 55.7981 72.9807 1.98748
299 30.8256 97.6781 1.80945
300 24.4035 69.4931 2.37905
301 81.3747 82.1863 1.44178
302 13.5294 65.5883 2.09632
303 30.6021 72.966 1.90095
304 46.4656 62.24 2.15802
305 13.3136 95.8599 2.96052
306 64.7823 13.8861 1.16396
307 14.9947 96.4441 2.79901
308 78.6212 76.4574 1.79908
309 25.5773 79.5185 2.84422
310 67.0687 15.3766 1.69401
311 87.7557 67.0902 1.59938
312 32.378 81.8192 2.31901
313 60.5848 4.78347 1.44221
314 81.1907 86.3395 1.10983
315 31.6051 77.1313 1.97255
316 31.7974 89.6839 2.49261
317 84.6445 77.2098 1.07564
318 20.4659 97.6518 2.42045
319 29.1653 96.6055 2.3571
320 31.0951 96.1039 2.51532
321 79.5921 85.2765 1.20189
322 34.1136 94.0733 2.11812
323 81.5069 77.8056 1.36244
324 44.4923 6.55847 -3.15205
325 39.9861 80.2675 1.84076
326 28.354 66.7944 2.53652
327 25.9684 73.1033 2.33454
328 38.1065 93.0473 2.08255
329 66.2628 4.33064 1.68713
330 59.8429 3.62731 1.9633
331 73.5517 17.0803 0.996401
332 62.5049 4.84435 1.66461
333 31.944 90.016 1.93581
334 78.441 68.2376 1.09175
335 23.8607 95.7632 2.62909
336 34.5203 95.7065 1.81714
337 78.1908 70.3095 1.7955
338 36.5521 78.0722 2.22097
339 30.1451 72.8584 2.33483
340 2.91806 63.2744 -3.4588
341 75.4097 75.4559 1.3034
342 79.845 78.5377 1.14285
343 40.72 83.6683 1.7238
344 33.4878 73.9865 2.50394
345 71.8913 7.66723 1.22789
346 77.2828 66.4088 1.74484
347 12.282 51.2988 -3.00309
348 64.6772 69.8292 0.778067
349 9.03576 41.0543 2.2555
350 33.9976 80.8401 2.40307
351 48.9021 74.4899 1.44872
352 47.0506 67.9959 2.55962
353 72.4199 12.4001 1.65133
354 22.9115 62.6683 2.71229
355 31.3003 65.2471 2.73421
356 34.6256 92.3834 2.3426
357 79.606 9.79003 0.705012
358 85.7216 76.4464 0.885348
359 18.3846 71.5154 2.48012
360 77.0443 87.7644 1.02127
361 11.4168 59.6966 2.78074
362 12.2984 84.6561 2.92809
363 28.6189 68.9881 2.26254
364 70.026 17.9085 1.09656
365 30.4774 83.071 2.41401
366 29.9854 91.0873 2.54833
367 33.3378 95.596 1.94442
368 10.9 67.9506 2.61115
369 63.5071 3.74932 1.66016
370 60.252 11.2919 1.25869
371 77.8107 80.9965 1.57012
372 89.0419 72.4295 1.63466
373 30.4436 93.2264 2.02279
374 10.002 94.1656 2.10762
375 33.4322 86.6364 1.77678
376 92.61 75.3273 1.54602
377 54.4053 5.0899 1.59192
378 25.5828 78.0231 2.81858
379 33.8925 99.2498 2.53156
380 32.039 70.8219 2.63682
381 14.0098 45.6308 -2.81768
382 18.8023 86.935 2.56843
383 72.8395 5.42608 1.0401
384 32.1273 86.804 2.40687
385 73.416 15.857 1.20351
386 57.9024 25.1153 1.55681
387 16.6804 61.7648 2.56357
388 40.0552 76.7383 1.54331
389 15.8194 69.4904 2.60889
390 73.8401 76.9579 1.26672
391 80.9736 75.6245 1.35261
392 15.7118 66.8644 1.77262
393 39.5854 83.5687 1.96277
394 19.4744 89.929 2.09883
395 84.6696 77.3141 0.945666
396 81.3395 86.9999 1.45435
397 17.1887 93.6503 1.99569
398 61.3585 3.67785 1.3069
399 50.8924 72.4783 1.8349
400 75.8183 70.9022 1.69967
401 63.6059 2.31605 1.18558
402 24.7265 63.1462 1.89373
403 10.9636 78.1137 2.24309
404 27.2563 73.0756 2.70676
405 45.9143 66.521 2.22712
406 82.0084 59.8831 1.30324
407 24.3852 89.7468 1.64264
408 10.902 73.1355 2.18006
409 39.127 95.4744 2.29112
410 78.0719 73.306 1.05528
411 10.5916 88.9137 2.34213
412 36.5801 68.8278 2.63018
413 76.6826 73.2793 1.5321
414 38.2263 82.4227 1.50895
415 74.0562 7.20542 0.70051
416 33.4449 89.6349 2.15194
417 74.8939 70.7494 1.25
418 84.0786 80.608 0.692723
419 71.1311 4.01236 1.08728
420 24.2333 76.2077 2.63662
421 79.7706 79.9415 0.812309
422 83.9815 74.1875 1.80426
423 33.2156 93.9165 2.23753
424 82.5711 84.4916 1.54709
425 23.9505 85.4554 2.53002
426 44.2724 1.76459 -3.14282
427 6.4488 92.1485 2.82419
428 30.5417 77.2996 2.19962
429 37.592 78.5897 1.54198
430 44.631 81.2101 2.09704
431 32.2297 85.2873 2.26461
432 78.8088 83.1393 1.15888
433 42.8355 99.3193 -2.58311
434 23.5158 71.6211 2.20123
435 73.643 16.2868 1.81929
436 48.3782 80.3436 2.50334
437 18.7712 66.3387 1.86308
438 26.2309 4.78699 -2.70606
439 33.8548 97.6816 1.97944
440 33.2772 65.5942 2.82444
441 80.014 60.4514 1.23228
442 23.7795 92.7347 1.71814
443 16.8593 58.0255 2.30641
444 33.0593 83.7264 1.99939
445 9.84579 49.4414 -3.26813
446 78.9912 16.3778 1.40426
447 81.9611 64.3972 1.02413
448 93.2571 75.0558 1.31837
449 35.6465 64.6151 2.4556
450 77.1797 77.1229 1.61678
451 24.0975 65.4069 1.90374
452 8.59866 94.0973 2.5122
453 33.7484 69.6989 2.63747
454 4.24023 87.2763 3.11101
455 73.8966 6.18301 1.55399
456 71.9836 69.5483 1.20442
457 84.232 71.4014 1.55325
458 95.5769 71.2426 0.720235
459 77.7832 5.83442 1.27139
460 19.8079 68.8004 2.15146
461 66.4966 11.2781 1.01623
462 35.2501 83.7831 2.37678
463 88.4753 74.7924 1.26002
464 36.9342 85.402 1.90714
465 78.7013 75.8845 1.91357
466 38.4995 79.3482 2.29746
467 34.3965 96.0559 2.02428
468 14.356 67.7676 2.68303
469 50.6469 76.8299 1.4651
470 49.041 66.5363 2.58021
471 30.1084 78.8217 2.24811
472 36.0748 84.1606 2.46727
473 32.3862 89.3252 2.40493
474 23.7814 37.6688 1.53606
475 83.0851 62.8119 1.14274
476 80.0075 10.7033 1.41539
477 30.7416 71.2417 1.87986
478 73.5845 99.3209 1.45993
479 70.5879 6.48321 1.32191
480 93.2843 66.4232 1.69252
481 35.4325 91.4024 1.97043
482 22.2096 60.8056 2.70804
483 77.2966 77.6063 1.30675
484 12.8175 71.6162 1.77325
485 9.37479 60.3505 2.23611
486 35.4577 69.6385 2.84098
487 39.2637 80.0936 2.27796
488 48.9542 72.7328 1.50945
489 70.5576 4.09315 1.57594
490 76.4086 13.7695 0.930654
491 29.0216 70.0257 2.6758
492 36.7939 87.269 2.17518
493 31.7559 79.1209 2.18996
494 28.3973 67.5376 1.96295
495 24.1296 77.74 2.72882
496 18.798 94.4265 2.09295
497 84.9177 81.0211 1.11171
498 40.8242 77.2386 2.05712
499 82.4785 0.416844 0.903268
