500
Particles
0 57.5478 70.2257 -1.39301
1 88.0738 2.97046 1.30735
2 86.0529 7.79804 0.425875
3 96.4235 45.8252 2.3982
4 86.8829 91.3281 0.827861
5 4.39903 10.0938 0.448317
6 96.2668 2.06773 0.682502
7 45.0604 3.21282 -0.768948
8 65.4284 65.8309 -1.00328
9 66.884 71.8633 -1.24488
10 89.3384 20.6688 1.71281
11 41.4228 98.1746 0.13945
12 92.5306 15.822 1.82119
13 70.8132 18.5686 -2.69029
14 90.3002 92.7589 0.34108
15 99.0035 20.6386 1.70415
16 1.86534 46.2148 2.90893
17 80.2031 19.4521 3.09496
18 90.685 1.24612 0.571519
19 85.3613 79.5607 1.24584
20 93.8306 47.4989 2.24611
21 98.8624 99.1532 1.15932
22 87.3036 18.3022 1.90524
23 82.3504 21.5629 2.64445
24 26.9664 62.2852 3.38068
25 2.57007 15.6316 1.30701
26 21.691 10.2808 0.633636
27 49.1801 2.26489 -0.756728
28 52.8784 72.9176 -1.08298
29 83.2154 21.6046 3.13543
30 91.7093 10.168 0.946281
31 84.0357 64.6576 0.113387
32 91.12 46.458 2.49945
33 86.849 6.66438 0.638124
34 87.7371 33.7238 3.34134
35 48.168 70.4599 -1.73677
36 41.6735 0.995116 -0.772462
37 98.1632 4.57342 1.3165
38 85.3621 10.1045 0.879189
39 85.7535 92.6373 0.468571
40 85.8366 14.0163 1.27567
41 69.8589 21.556 -1.90685
42 63.6665 72.0183 -1.3975
43 96.2676 27.6717 1.43168
44 89.1717 7.21254 1.1078
45 69.7361 75.7219 -1.21134
46 57.897 74.1234 -1.36676
47 78.23 15.297 3.17578
48 63.5252 63.5959 -1.14182
49 3.86857 9.46409 0.711959
50 73.278 67.188 -2.09018
51 61.2446 77.1107 -1.29539
52 94.828 79.0888 0.288017
53 42.0743 98.7088 0.190735
54 84.0194 21.4205 2.28956
55 59.2466 13.7941 0.742146
56 83.3043 30.1679 3.61636
57 26.6439 32.6532 1.679
58 81.3802 25.1126 2.60885
59 3.28123 13.1838 0.67361
60 96.254 5.25148 1.26539
61 62.1273 68.2023 -1.14046
62 51.8826 75.2026 -1.94106
63 87.4097 99.4972 1.12351
64 93.5537 4.90151 1.20758
65 58.5638 32.0014 -1.82694
66 98.5218 8.08248 1.20142
67 42.7812 60.8425 -1.40884
68 56.2596 27.7074 -1.78852
69 54.4146 79.2666 -2.07305
70 98.0049 2.36153 0.961547
71 48.9925 34.8821 -2.39127
72 93.7537 5.81203 1.29317
73 49.5967 54.1136 -1.22477
74 46.7943 20.1763 -1.72543
75 59.733 7.8883 0.720703
76 53.509 79.7718 -1.35594
77 92.4162 4.6559 0.914338
78 91.5623 9.30138 0.780035
79 93.5309 99.825 1.01349
80 52.0558 80.5671 -2.11165
81 95.647 8.72258 1.37861
82 18.5847 72.0274 1.05345
83 93.2505 97.6507 0.64438
84 10.3218 29.0536 0.142024
85 42.1965 72.3166 -0.847861
86 48.0255 88.8347 -1.37434
87 55.847 21.2936 -0.812961
88 92.5886 89.8837 0.401245
89 20.0414 11.485 0.669964
90 29.9877 98.8127 -0.241553
91 83.7744 63.4454 0.402245
92 56.2215 12.0386 1.16961
93 81.7372 25.202 3.44906
94 72.6433 53.1056 -0.152235
95 52.6945 73.5532 -1.91933
96 95.178 1.89192 1.34022
97 98.9735 5.92072 0.902379
98 27.4269 7.96511 1.01497
99 95.8586 41.7016 2.84584
100 94.2095 77.0602 0.00384665
101 90.6776 0.914932 1.44814
102 67.0082 66.5093 -1.28814
103 37.0428 48.553 -1.66528
104 58.7983 70.7528 -1.73281
105 29.9517 98.7192 0.13844
106 82.4541 32.9274 -2.9817
107 57.5768 58.8493 -0.915541
108 63.4555 75.5106 -0.991141
109 60.2934 62.3316 -0.995126
110 88.0483 13.3158 1.22022
111 98.7557 3.95973 0.992915
112 70.6774 66.4053 -1.21639
113 75.8038 21.2004 3.26801
114 97.3705 23.898 1.60876
115 44.3545 59.3666 -1.62209
116 96.9252 9.64009 0.996518
117 11.4946 18.7583 0.71659
118 0.454002 46.0024 2.37697
119 81.4167 25.2108 3.35815
120 12.2504 15.0708 1.35285
121 83.1699 53.1804 0.0628361
122 71.7062 53.0877 -0.877287
123 89.6242 100.349 0.990979
124 61.1191 27.7074 -1.60305
125 57.7125 32.0195 -2.34234
126 75.1704 61.2924 0.0828801
127 60.5477 28.3327 -2.48261
128 26.4764 63.2934 2.85922
129 58.3153 70.2681 -1.64803
130 57.4116 77.5052 -1.13298
131 90.0311 18.3222 1.23112
132 37.3125 98.9539 0.599804
133 35.0678 2.16143 0.0398989
134 5.13048 9.33906 1.17397
135 100.155 2.70498 0.859497
136 36.4461 7.62526 -0.269535
137 0.238062 3.29196 1.49174
138 70.8832 55.7932 -1.04386
139 48.7811 79.0547 -1.7047
140 64.8285 68.6381 -1.25644
141 56.3447 33.4528 -2.62578
142 95.0107 95.4461 0.962634
143 71.5334 75.4349 -1.7709
144 99.1736 5.13384 0.827949
145 53.6272 56.4416 -1.42677
146 57.1082 76.1518 -1.73348
147 86.0535 4.50375 0.503366
148 56.0498 76.3766 -1.67822
149 99.1426 7.97044 0.834474
150 62.371 71.3587 -1.86166
151 51.946 73.794 -1.34746
152 52.1571 34.7911 -2.31938
153 59.4647 71.826 -1.29312
154 73.502 75.603 -1.08671
155 37.3837 3.45618 -0.0652894
156 66.2392 67.1554 -1.39893
157 68.7418 78.4867 -1.23706
158 11.368 9.96561 0.986701
159 95.7864 21.2682 1.04764
160 90.1045 9.38705 0.49805
161 82.3181 59.8285 0.0442927
162 71.0212 69.6165 -1.97134
163 60.7353 24.2879 -2.40601
164 99.0179 76.9227 -0.0466385
165 47.0414 68.8473 -0.905
166 55.0534 28.4494 -2.41912
167 3.83031 3.00813 0.619056
168 90.3904 2.08686 1.03726
169 97.9565 29.8696 1.32721
170 85.4633 3.9977 0.434961
171 95.3648 1.61999 1.29226
172 50.1386 58.0259 -1.20659
173 65.7739 69.2487 -1.92769
174 0.304104 11.5444 1.26599
175 80.0646 65.5455 0.131912
176 95.6967 21.5253 1.69352
177 41.7859 74.0953 -1.47482
178 6.17991 37.8734 2.87171
179 54.3122 72.2223 -1.92494
180 74.8396 23.2655 -3.31501
181 69.6354 71.1425 -1.69615
182 82.2533 31.7407 -2.87099
183 79.0891 6.23031 0.801425
184 1.51687 19.1649 1.21321
185 70.6968 9.66904 -2.5806
186 71.0761 54.0734 -0.214519
187 68.0301 66.7239 -1.47278
188 87.3598 97.3053 0.813892
189 93.8404 9.23932 1.02394
190 95.6018 12.2427 0.880304
191 99.034 6.85573 1.42354
192 44.5781 72.7545 -1.25629
193 60.7377 65.2986 -1.36532
194 34.5472 9.13906 0.601516
195 93.6901 2.50089 1.44116
196 7.66071 9.36034 1.2135
197 49.7834 88.9405 -1.95546
198 20.8472 68.1038 0.924296
199 9.27712 10.6359 0.383261
200 0.71003 100.387 1.40712
201 83.4583 90.9377 0.441146
202 92.2429 79.4071 0.727409
203 62.2155 85.0472 -1.99167
204 1.60832 9.73081 1.12377
205 52.8652 57.1068 -1.87129
206 22.662 30.9202 1.57783
207 7.98172 16.1533 1.30621
208 0.82417 21.2469 1.05789
209 92.3872 18.3424 1.40032
210 92.8852 4.20565 0.683006
211 87.109 18.5283 2.25333
212 35.9889 0.167465 -0.0689911
213 57.5836 79.5285 -1.98382
214 90.0908 97.4984 1.36333
215 77.0681 28.1057 -3.42785
216 70.7091 79.3501 -1.20387
217 97.995 100.346 1.24554
218 65.3823 81.3095 -1.41232
219 83.0201 19.2382 2.92539
220 10.7354 1.4171 0.40584
221 65.5295 79.4595 -1.36998
222 96.8152 4.26787 0.853223
223 67.0422 8.80798 -2.68082
224 97.3696 44.139 2.44999
225 43.4567 1.60493 -0.960488
226 66.392 72.7461 -1.73242
227 65.9913 64.5635 -1.54785
228 51.4382 89.751 -1.57071
229 67.3649 74.6752 -1.4416
230 65.6952 24.3992 -2.0397
231 93.5097 5.42558 1.23054
232 84.2406 61.4424 0.863662
233 34.0228 47.1775 -0.934137
234 8.06234 11.7774 0.836143
235 83.6675 28.9418 2.78965
236 66.6994 68.3759 -1.1998
237 95.3024 7.82312 0.797971
238 84.6531 24.665 2.99316
239 88.499 94.3919 0.715201
240 91.2231 16.8211 1.93399
241 93.1147 9.11285 1.05295
242 62.1794 77.3115 -1.01835
243 99.6644 1.72649 1.48783
244 79.3543 58.1929 -0.281254
245 61.8062 76.9998 -1.30034
246 75.9547 48.936 -0.31702
247 63.4244 28.0905 -2.2363
248 90.9813 95.375 1.24137
249 99.1616 8.62883 1.16872
250 52.9458 0.147871 -0.980334
251 89.262 9.76612 0.865833
252 45.0879 5.1211 -0.773789
253 71.2078 11.1211 -2.93576
254 88.0739 17.9246 1.66753
255 98.7838 8.33764 1.09414
256 63.1571 75.9162 -1.45896
257 75.1202 52.3368 -0.477707
258 70.3241 67.745 -1.95568
259 84.1537 34.193 2.91348
260 5.50976 9.8693 0.878362
261 75.9596 18.1092 2.73181
262 70.9062 72.8607 -1.93887
263 39.5619 79.2863 -1.27834
264 88.1963 6.40597 0.725602
265 37.1637 45.7484 -0.900424
266 45.2398 74.7783 -1.85409
267 91.5376 5.35979 0.990653
268 84.2274 16.1989 1.73817
269 42.0553 96.1516 0.0720633
270 81.0627 26.7119 3.37378
271 83.7869 29.1073 3.07481
272 52.7578 89.4778 -1.72198
273 6.84896 11.6796 0.855628
274 40.0856 77.3633 -1.18077
275 61.7361 69.6215 -1.31958
276 30.116 6.89814 0.650206
277 49.3308 56.9415 -1.38599
278 86.4975 2.11513 1.31221
279 65.424 79.0104 -1.34068
280 93.7474 94.6866 0.61454
281 72.1144 57.9587 -0.855913
282 81.9502 21.3622 3.04561
283 2.91049 6.86051 0.919583
284 94.7073 9.57074 1.19464
285 96.8496 1.95762 0.911389
286 62.8655 27.2811 -2.2908
287 73.6211 49.3721 -0.743589
288 97.4611 43.9265 2.56926
289 88.8021 7.36826 0.686142
290 60.2654 66.8316 -1.1138
291 90.1576 3.24027 0.393789
292 97.4727 29.9038 1.08964
293 39.7633 76.7324 -1.59556
294 84.4249 22.1204 2.98023
295 46.0496 7.24466 -0.526949
296 0.64457 20.8829 1.76107
297 68.8932 71.3849 -1.32938
298 90.1837 5.07071 0.863505
299 2.18154 4.32958 0.601117
300 39.8099 70.8672 -1.55766
301 97.3108 6.77487 1.42292
302 86.4718 10.641 0.859506
303 66.903 61.7254 -0.869182
304 88.5929 100.119 0.652487
305 94.5174 10.319 0.548481
306 41.6989 2.65054 -0.855007
307 91.2378 7.12138 1.09755
308 77.6087 21.4129 2.68867
309 43.2748 77.0317 -1.48388
310 45.668 99.1702 -0.00916555
311 75.102 14.2629 -2.77091
312 61.8144 78.1653 -1.29358
313 49.8275 73.6484 -1.21392
314 4.94743 45.8552 2.3418
315 63.1808 67.3434 -1.03141
316 100.254 1.83643 0.868883
317 95.0138 97.8398 1.17129
318 93.1088 18.9258 1.66403
319 98.7468 4.40209 1.30031
320 97.4557 4.73812 0.73455
321 82.5907 17.9508 2.19433
322 97.6133 3.66616 1.46236
323 93.7666 98.6617 1.44655
324 91.7791 10.2019 0.46807
325 66.8027 74.8878 -1.89329
326 92.6857 38.3718 3.11562
327 47.7076 77.1611 -1.30627
328 0.788906 21.6647 0.900098
329 92.8981 45.0294 2.55175
330 53.9812 75.3524 -1.57749
331 36.5363 97.9701 -0.0505331
332 92.7739 45.57 2.64843
333 16.3944 68.8614 0.40687
334 85.8443 92.3961 0.889654
335 99.3823 4.99729 1.50122
336 6.30703 0.108523 -0.0967728
337 88.1562 94.645 0.944082
338 65.576 72.8162 -1.58404
339 91.3412 36.4259 3.01013
340 92.1647 2.56091 0.917029
341 87.0822 98.7989 0.455875
342 90.2634 2.96617 1.14843
343 67.2727 78.3599 -1.89222
344 68.3007 63.9714 -1.52621
345 96.2213 26.6137 0.963359
346 70.9758 21.3819 -2.33444
347 29.534 7.94402 0.519407
348 89.7673 97.2504 1.25154
349 94.914 10.6102 1.16095
350 62.5013 75.1801 -1.43375
351 68.7745 68.5412 -1.83853
352 88.7257 3.63172 1.13688
353 49.6183 16.2431 -1.65483
354 50.4868 32.2537 -3.19667
355 90.4884 21.8691 1.68001
356 93.4908 43.1262 2.29324
357 39.4483 99.6316 0.597069
358 78.4638 21.6615 3.13512
359 10.072 16.1058 0.857411
360 74.261 79.0713 -1.53652
361 0.428976 11.5771 0.983643
362 96.0892 2.08081 1.09275
363 51.319 85.8444 -2.03603
364 89.0293 6.06697 1.28656
365 58.4614 73.7322 -1.44499
366 0.699698 1.39329 0.566661
367 58.4452 59.683 -1.19934
368 55.1423 75.2138 -1.07584
369 99.1774 24.457 1.03689
370 95.4183 16.5862 1.61988
371 98.0957 9.20197 1.14476
372 85.0927 22.3631 2.68608
373 74.0951 24.5215 -3.2217
374 90.2249 8.33353 0.893398
375 57.1742 72.3269 -1.54921
376 61.1263 59.4217 -1.43364
377 39.0561 54.6838 -1.55407
378 61.672 75.796 -1.88314
379 8.86679 4.63473 0.629173
380 66.8744 71.9649 -1.26711
381 32.7379 7.39578 0.726837
382 95.1783 1.33223 1.00641
383 4.8012 45.491 2.70014
384 9.0186 24.5897 0.0646837
385 47.523 1.93965 -0.696395
386 41.4514 5.63145 -0.418876
387 39.9201 70.7578 -0.975472
388 68.6856 73.7403 -1.85214
389 7.4935 11.599 0.713486
390 89.6186 3.81608 1.37926
391 80.3117 22.1354 3.13499
392 89.3617 13.3967 1.33251
393 66.6741 76.7321 -1.51231
394 97.642 2.14913 1.29035
395 76.5316 18.8333 2.86737
396 81.4284 18.6841 2.88389
397 1.13034 8.73061 1.08541
398 89.6089 17.0121 1.85885
399 41.9068 57.9424 -1.57377
400 90.86 93.084 0.942631
401 57.1901 26.4921 -2.36756
402 53.6237 84.7487 -1.36118
403 93.5311 0.679893 0.790004
404 24.6534 30.2916 2.05853
405 87.8851 1.68036 1.22827
406 65.9748 22.8399 -1.72519
407 97.3057 0.903918 1.51231
408 72.064 24.774 -2.92924
409 2.948 3.11441 1.01159
410 88.9638 94.2279 0.862428
411 98.1296 23.6752 1.13503
412 52.6607 84.0187 -1.97828
413 78.2346 18.4635 2.69246
414 64.2502 74.5714 -1.09888
415 96.4859 29.4421 1.7912
416 99.543 18.1804 1.1138
417 93.8572 95.4099 1.26012
418 95.9821 2.98845 1.11561
419 88.0529 81.5648 0.678589
420 11.1599 17.0361 0.818132
421 90.0525 1.43466 1.30112
422 82.202 26.1931 3.25218
423 55.5111 41.5652 -1.97167
424 95.3601 22.507 1.74362
425 98.9749 98.1849 0.382162
426 46.8039 57.7424 -1.1401
427 89.0346 9.58218 0.510916
428 61.0565 74.1485 -1.90834
429 64.8396 73.6408 -1.01631
430 79.5413 60.3265 0.308503
431 61.0473 73.1468 -1.31811
432 66.9278 66.7213 -1.02291
433 47.1284 60.3296 -1.71934
434 88.0949 21.9642 2.29361
435 85.3059 4.35563 1.23529
436 69.6447 72.6947 -1.43516
437 28.7754 11.4985 0.861645
438 83.2994 92.2588 1.01487
439 48.8895 58.6547 -1.21173
440 52.7377 30.7087 -2.03489
441 97.5834 80.5829 -0.302774
442 95.3497 4.36272 0.789874
443 48.7124 32.5548 -2.3571
444 62.3333 74.7372 -1.91784
445 97.238 9.76955 1.07533
446 71.6025 14.7521 -2.05698
447 65.873 27.6477 -2.08937
448 98.2374 21.3933 1.3689
449 96.907 8.09012 1.16146
450 91.3182 98.6748 0.573277
451 50.9812 80.9952 -1.53126
452 94.1927 9.37113 0.530434
453 67.5082 70.0219 -1.40311
454 78.9463 29.17 2.64782
455 52.6102 26.6632 -2.23786
456 88.0862 91.9878 0.990516
457 84.3377 25.3521 3.23652
458 97.215 48.5204 2.29607
459 54.6871 40.3729 -2.33491
460 4.67223 11.0345 0.701258
461 31.2034 97.8655 0.000357195
462 64.0354 76.4885 -1.67568
463 63.4249 58.8099 -1.62672
464 65.3023 81.4257 -1.46957
465 79.752 23.3762 3.24342
466 68.7334 76.4545 -1.51406
467 99.6919 3.15522 0.546556
468 2.45586 13.7842 0.99787
469 66.2022 71.4962 -1.22409
470 90.0091 100.126 1.39968
471 63.4852 77.081 -1.36515
472 63.6818 78.51 -1.70613
473 73.8706 29.5597 -2.51848
474 98.0409 20.561 0.848
475 68.5462 21.6548 -2.35847
476 37.0754 1.93324 -0.855595
477 25.1514 35.2034 1.81037
478 82.2225 64.519 0.805174
479 98.3359 27.4126 1.39019
480 84.6678 25.2166 2.59112
481 2.48089 19.2422 0.928262
482 31.1834 6.85599 0.738691
483 92.879 99.4966 0.56283
484 88.2503 12.6131 0.856402
485 85.9608 9.73877 0.734237
486 67.4559 69.8547 -1.04184
487 70.542 78.4481 -1.84016
488 44.5267 64.0039 -1.82448
489 55.2665 28.37 -2.29144
490 46.2051 6.07029 -1.1396
491 74.0115 54.7639 -0.228764
492 62.379 75.3168 -1.93843
493 68.2625 58.4019 -1.0416
494 75.1968 49.0227 -1.0839
495 38.4951 62.3629 -1.9035
496 96.3819 7.87117 0.689233
497 96.0733 16.7236 1.58261
498 65.523 74.2872 -1.35061
499 55.2188 38.0592 -2.48006
