500
Particles
0 70.2258 99.8779 0.390139
1 9.96317 0.960817 2.41974
2 92.3512 94.6484 2.52055
3 58.8555 12.9663 2.13143
4 11.9914 85.3449 1.57077
5 92.4272 3.45004 2.72816
6 51.9937 1.3313 1.31557
7 36.1581 49.5702 0.276278
8 11.7254 8.76767 2.651
9 11.9053 11.7616 2.67134
10 1.97542 6.69389 2.88945
11 20.5204 47.9795 0.623016
12 53.8153 14.7683 1.69773
13 8.21882 75.4528 1.45744
14 12.7096 87.3302 1.8875
15 20.64 24.4507 1.8121
16 8.69278 12.6641 2.93719
17 0.919675 55.236 -2.0801
18 16.843 99.72 2.29064
19 74.379 11.1242 3.27492
20 58.0316 13.8685 1.96157
21 45.0259 1.60058 1.76661
22 95.8858 13.6555 2.93329
23 15.9297 81.3765 2.21155
24 60.6915 17.2119 2.14303
25 88.9848 8.867 2.11529
26 93.0989 1.53502 2.83037
27 15.7738 38.3601 1.72107
28 69.9843 2.41796 1.57049
29 14.2456 75.617 1.43182
30 93.845 98.492 2.3975
31 92.1555 14.0773 2.89115
32 58.5135 11.9247 1.59374
33 94.6728 92.2365 3.2272
34 94.9383 12.3703 2.32117
35 16.7358 9.50373 1.79988
36 14.9509 51.2719 1.1165
37 52.9303 7.09984 1.72171
38 83.4247 6.72787 2.4286
39 12.489 82.4723 1.54215
40 97.0973 9.9318 2.33764
41 9.20548 82.2438 1.67426
42 4.0284 12.4699 2.51825
43 60.7393 13.7077 2.05034
44 10.0578 4.16419 2.5544
45 5.90707 11.8064 2.30358
46 94.4344 13.8304 2.55064
47 0.33178 25.6158 -3.01066
48 97.6874 10.3153 2.67996
49 90.5089 5.07044 2.73564
50 24.1417 11.6404 2.78457
51 97.957 16.5986 2.15355
52 57.3381 15.8772 2.17567
53 15.2621 49.661 0.898211
54 16.5983 87.1678 1.79447
55 86.2006 17.7633 2.23597
56 19.0748 89.6566 2.55954
57 1.11512 2.77343 2.88875
58 16.9126 93.4857 1.84142
59 86.6124 8.28461 2.09727
60 21.6114 6.19393 1.82507
61 2.41019 11.0513 2.90358
62 10.4021 7.05275 1.91798
63 8.09451 96.3366 1.99821
64 48.9578 5.69142 1.33407
65 84.8043 20.3901 2.57033
66 20.1041 8.37828 1.74222
67 21.4188 9.86758 2.45397
68 83.2169 17.1771 2.42079
69 7.24476 4.79109 2.26307
70 51.5286 4.23646 1.07343
71 93.4145 10.5709 2.26374
72 20.7054 4.21295 2.07713
73 55.9314 6.37462 1.49929
74 99.2025 3.2248 3.09357
75 62.8187 21.4021 2.12524
76 2.45142 3.73554 2.38162
77 50.9502 4.31313 1.17414
78 93.5381 99.5151 3.33506
79 19.7795 96.4427 2.33778
80 98.8046 8.02442 2.07167
81 19.3304 7.83244 2.34872
82 77.9502 9.83907 2.62164
83 13.217 92.1229 2.54538
84 91.0788 17.7434 2.61651
85 97.2105 7.05052 2.3724
86 98.8051 6.55878 2.95201
87 78.5784 9.41912 2.9566
88 74.4785 11.5307 2.85346
89 97.3064 4.60008 2.68646
90 58.586 17.7326 2.07666
91 89.1064 12.3217 2.04915
92 78.8914 8.51583 2.63639
93 14.9451 89.5851 2.22307
94 99.2354 8.65225 2.85806
95 59.6953 8.12346 1.38022
96 45.415 4.61501 1.30414
97 55.2897 7.99609 1.32467
98 96.0869 2.95948 2.66894
99 72.8337 5.2061 1.0891
100 59.7458 16.2785 1.43206
101 19.3268 1.14467 2.39117
102 2.60687 7.78188 2.83253
103 92.8269 7.22599 2.74264
104 98.6771 12.3002 2.72206
105 56.362 19.1522 1.60102
106 17.7573 89.1042 2.05136
107 70.4615 0.621895 0.931199
108 97.3256 13.9181 2.04798
109 22.0106 92.9435 2.69377
110 72.4476 66.2035 -1.06662
111 54.2878 6.02405 1.88417
112 57.6727 12.6162 1.20443
113 57.3117 0.303862 -0.0740202
114 46.5702 10.4657 1.42379
115 52.3437 13.6463 1.56304
116 0.358147 1.4394 2.45497
117 89.3407 11.4691 1.94368
118 54.2752 14.4762 1.98914
119 16.4826 88.8442 2.39621
120 90.4069 9.6368 2.26015
121 14.9503 9.88244 2.74672
122 98.0008 9.93759 2.1162
123 13.7319 98.6565 1.78246
124 4.69314 71.775 0.683696
125 85.623 16.9089 3.00435
126 5.80808 18.5503 2.64834
127 7.10021 77.9955 0.933499
128 60.5106 17.6438 1.36724
129 69.7039 96.7662 0.414411
130 74.1036 3.12405 1.49039
131 1.17028 6.7603 2.40964
132 93.702 22.8578 -2.35901
133 93.5541 26.9418 -2.00941
134 90.7182 4.12414 3.02281
135 57.6033 4.97558 1.5635
136 98.4684 3.55156 2.32993
137 53.8859 5.81875 1.35092
138 1.27803 10.0099 2.84698
139 92.3638 9.43169 2.94209
140 4.27638 8.66159 2.4605
141 87.1408 19.0649 2.31382
142 17.1319 92.8721 1.85323
143 8.4041 12.6021 2.64749
144 51.2926 9.14563 1.20133
145 67.4928 99.5497 0.66465
146 74.7231 1.38205 1.46019
147 91.9016 91.4034 3.21915
148 65.68 6.38911 2.21372
149 18.9957 6.92856 1.76525
150 5.05655 10.638 2.0933
151 58.6059 10.5709 1.2255
152 0.50035 3.56053 2.62096
153 96.5847 12.7243 2.91337
154 8.01625 11.7723 2.82554
155 95.0114 28.7494 -1.64982
156 16.1027 9.6341 2.50641
157 2.46123 17.5057 2.86068
158 91.4709 1.93339 2.08074
159 10.938 20.1364 3.10233
160 94.3185 95.6823 2.67861
161 6.14107 15.9234 2.30446
162 20.451 12.8522 2.30656
163 82.2506 13.5088 2.61433
164 63.6249 40.4376 -3.32075
165 16.7746 8.02838 2.45549
166 78.3492 11.7409 2.92624
167 58.0642 8.32409 1.67218
168 18.6739 98.8374 2.19701
169 63.6432 14.9701 2.23461
170 -0.00149622 93.4894 2.02051
171 52.1077 1.0074 1.66049
172 66.5958 99.9355 0.130313
173 6.31251 9.62316 2.95955
174 91.7964 2.3227 2.65577
175 91.2089 17.6395 2.27571
176 17.1531 25.3768 1.94825
177 94.6813 8.50894 2.81686
178 62.4608 16.1593 1.57561
179 69.8813 2.55755 1.45501
180 57.7669 1.40639 1.00805
181 11.3136 12.0743 2.20458
182 20.4184 90.1256 2.15237
183 81.2299 1.84042 1.80302
184 82.6066 10.4886 2.25666
185 91.1577 28.464 -2.55347
186 -0.0975322 11.6412 2.71153
187 59.6994 12.0099 1.27365
188 11.4625 93.3693 1.79711
189 94.2405 96.0892 2.72651
190 91.4295 1.91453 2.65428
191 51.9313 10.0732 1.40622
192 97.6538 2.85992 2.81702
193 94.0037 15.0234 2.15119
194 95.9708 4.60562 2.68857
195 49.3964 2.74297 1.07837
196 92.2336 6.22296 2.41576
197 99.4701 6.92361 2.74129
198 77.9342 7.97503 3.35331
199 92.8538 5.03459 2.37676
200 54.1487 3.95739 1.11269
201 10.9125 74.1538 0.674962
202 58.6889 16.924 1.51375
203 10.0107 20.5846 2.47882
204 93.6156 1.65135 2.98088
205 58.5877 6.30932 1.12051
206 96.2761 8.24985 2.90869
207 88.6067 11.0771 2.72148
208 84.9709 13.6152 2.17995
209 56.7946 13.7028 1.99938
210 21.1382 3.83271 1.771
211 97.8828 10.9629 2.8654
212 91.7112 23.9189 -3.05003
213 62.1216 8.92737 1.65959
214 10.702 94.0253 2.31583
215 62.7769 0.569472 0.968362
216 5.38112 14.4306 2.63675
217 49.0236 0.976631 1.63104
218 1.64211 21.6661 2.16115
219 3.04483 54.8333 -1.27474
220 56.5827 6.6729 1.57505
221 98.4723 16.2748 2.81712
222 53.5003 7.28647 1.79187
223 55.7469 22.7936 2.10012
224 59.1763 13.2725 1.53014
225 20.5961 48.2899 0.969727
226 8.68058 10.4084 2.94374
227 99.3009 11.4878 2.70819
228 0.690868 6.97755 2.45157
229 3.80278 11.0037 2.47824
230 8.89981 77.3105 1.63807
231 25.4016 4.77778 2.11768
232 90.5928 14.7577 2.10242
233 93.7188 10.5326 2.0802
234 91.1992 7.7888 2.19533
235 17.9764 86.598 2.80302
236 8.7286 9.44432 2.52642
237 95.4507 95.4856 3.09961
238 18.2912 86.9768 2.52686
239 12.8568 88.9602 2.40448
240 49.9249 10.3004 1.58925
241 11.1987 5.35198 2.15295
242 99.0066 13.319 2.88659
243 56.5102 3.00639 1.74445
244 8.70607 17.2206 2.64234
245 98.927 15.9287 2.72907
246 1.07611 8.81732 2.84782
247 4.27063 82.913 1.92164
248 15.5247 91.3516 2.01753
249 97.8931 2.41202 2.53296
250 11.8559 41.3021 1.98986
251 90.795 96.0895 2.85493
252 33.8143 48.7216 0.641079
253 57.9734 15.0465 1.20319
254 1.19246 7.3041 2.73894
255 18.8721 6.856 1.72369
256 0.855874 13.3159 2.90176
257 0.322024 7.77411 2.66068
258 13.4793 9.90435 1.81476
259 20.0153 88.7408 2.20017
260 94.5979 4.65855 2.46463
261 18.2062 92.0304 1.88557
262 5.74284 12.121 2.84138
263 91.9925 15.3105 2.52369
264 94.2385 91.7487 3.32837
265 97.7416 3.83024 2.9477
266 95.7462 7.51224 2.48633
267 48.0851 6.71144 0.872189
268 92.5157 12.1933 2.08679
269 15.6947 41.4782 1.479
270 18.954 93.4198 2.47691
271 21.5654 89.9444 2.8017
272 61.4853 9.03208 2.00785
273 91.3723 7.14785 1.97933
274 93.8676 11.7254 2.46484
275 1.43076 8.49432 2.9725
276 95.1979 5.20044 2.02185
277 64.876 3.30344 0.591226
278 6.85719 99.8573 1.85423
279 0.382826 15.9014 2.16452
280 17.7115 91.4035 1.96094
281 -0.334481 9.00615 2.70275
282 17.6096 88.701 1.94377
283 54.0392 12.7018 2.05596
284 6.01226 3.4658 2.36545
285 53.8544 4.34273 1.41093
286 5.3888 81.1839 1.11492
287 98.9962 10.0975 2.29004
288 68.4681 10.0208 1.58648
289 6.35268 3.16099 2.17348
290 95.2711 12.7612 2.72606
291 12.3746 2.37551 2.25378
292 63.9194 14.1686 1.82652
293 92.4294 11.3922 2.85301
294 17.4641 86.0783 2.05696
295 5.67112 23.4948 2.31395
296 84.7994 12.4171 2.40394
297 6.9461 12.0046 2.68742
298 14.2089 4.24895 2.12801
299 55.7014 8.36536 1.88549
300 96.2996 7.49767 2.31833
301 21.1293 5.70295 1.79234
302 86.8728 6.20307 2.65863
303 0.434498 10.3281 2.99886
304 8.8066 98.8112 2.45641
305 93.0373 96.9265 3.07469
306 19.6124 48.7939 1.05712
307 94.4409 95.2382 2.67714
308 17.8331 92.4708 2.38947
309 93.3079 14.5337 2.22676
310 22.1445 48.5347 0.978526
311 11.7053 79.2887 1.52117
312 97.2734 14.5591 2.88635
313 59.1014 10.0609 1.3715
314 10.0842 22.0229 2.40296
315 98.4439 11.4649 2.88179
316 58.1471 2.44088 1.12194
317 18.775 95.7347 2.31064
318 53.1963 15.83 2.00377
319 53.1626 9.05855 0.973922
320 53.8489 6.30287 1.85702
321 2.70622 52.9475 -1.84239
322 57.3583 4.20861 1.19961
323 18.2508 95.9615 2.81005
324 99.5698 98.2537 2.028
325 5.43199 13.7365 2.6812
326 -0.323843 4.18346 2.62759
327 95.9614 9.44506 2.08232
328 81.5354 11.3497 2.5655
329 62.6746 9.96603 1.87983
330 59.5585 9.12436 1.75642
331 84.9011 61.0882 1.47875
332 59.9664 10.434 2.08723
333 75.0051 6.90625 2.30832
334 12.3682 85.1183 2.15087
335 51.3889 9.06736 1.43868
336 57.1614 5.41051 0.979608
337 13.2039 87.628 2.43168
338 3.43716 12.9725 2.64685
339 99.5099 9.40666 2.62933
340 43.6012 2.8341 1.75601
341 13.8094 93.4451 2.45794
342 18.8037 99.5224 2.23833
343 2.49442 14.229 3.03915
344 2.67919 10.2906 3.0865
345 63.274 13.8683 2.09994
346 8.84901 84.6604 2.40069
347 92.7589 2.96579 2.62101
348 11.361 92.2986 1.98085
349 92.4452 98.8571 2.44003
350 98.9417 14.4348 2.0412
351 13.7648 11.1421 2.63002
352 9.43355 1.27307 2.85182
353 58.6679 19.9898 1.72848
354 97.371 5.19344 2.60422
355 3.09958 4.37021 2.66785
356 71.4424 6.91926 1.57635
357 2.37102 29.7706 -2.7151
358 20.9746 95.1678 1.87685
359 89.7182 10.1659 2.273
360 12.4046 16.1661 2.60461
361 88.5734 4.96973 2.3379
362 49.1285 4.35434 1.51685
363 0.257787 6.82439 2.70975
364 95.1863 94.4472 3.05172
365 95.3839 16.9991 2.89282
366 53.2109 3.52581 1.21821
367 57.6469 7.22612 2.00459
368 74.3773 1.32754 1.01853
369 66.5434 9.33515 1.91642
370 55.6202 16.6196 1.88806
371 19.9414 6.83598 2.17412
372 19.1744 85.7346 2.3805
373 53.3449 5.27492 1.46172
374 93.7434 95.2364 2.89416
375 92.8107 16.2888 2.71396
376 22.1291 90.9591 2.30266
377 57.4609 10.3396 1.48432
378 94.4948 14.1465 2.17488
379 56.2131 9.01675 2.05199
380 3.28796 9.86073 2.80074
381 95.4462 99.1467 2.65667
382 48.24 2.17233 1.50349
383 70.2513 12.268 2.1371
384 89.5694 12.9033 2.25802
385 26.5798 47.8409 1.25334
386 14.6894 50.545 0.699243
387 92.8861 6.23849 2.63816
388 6.63896 12.4851 2.96975
389 87.6849 7.59619 2.45245
390 16.2052 2.53531 2.38445
391 16.2763 91.2739 2.73017
392 87.7072 5.06452 2.18462
393 2.55466 15.4056 2.31154
394 49.82 4.45405 1.3432
395 20.797 96.316 1.85762
396 3.52329 52.5819 -1.47499
397 51.4197 13.3504 1.05305
398 62.7494 9.1183 1.65346
399 14.7757 7.77648 1.88977
400 12.799 88.4086 2.07145
401 79.8605 13.4263 3.0143
402 97.9961 4.58018 2.86399
403 47.8566 0.877523 1.72074
404 97.2896 10.2313 2.94779
405 9.2514 1.43171 2.68514
406 7.78372 75.6188 0.845551
407 51.7172 3.13727 1.33289
408 63.2494 0.660091 1.11675
409 57.8574 5.58156 1.22058
410 10.5683 88.4041 1.77454
411 47.505 12.0132 1.29773
412 7.85131 6.87872 2.70678
413 15.4557 90.9541 2.48968
414 1.42216 14.526 2.5282
415 63.4521 13.645 1.66107
416 85.2943 12.1904 2.59441
417 13.1859 90.809 1.78467
418 22.1434 3.32745 2.2394
419 72.2765 12.36 3.24743
420 91.2969 10.2267 2.66461
421 17.6054 0.835995 2.30321
422 18.8712 91.2708 2.34552
423 55.006 4.96461 1.48509
424 16.0341 24.2667 2.28709
425 50.4736 100.076 1.89284
426 55.8181 10.7052 1.86884
427 89.2895 98.0367 3.22955
428 99.254 12.8513 2.66465
429 4.45857 12.9334 2.24395
430 7.94346 14.5253 2.76756
431 94.729 17.119 2.92894
432 19.5248 8.9379 2.48557
433 60.5759 8.36764 1.23233
434 95.0824 10.0656 2.35601
435 93.6547 92.4437 3.21579
436 10.1944 12.7354 2.49208
437 92.6325 6.87234 2.57533
438 13.7437 76.6208 1.40066
439 56.4116 7.92846 1.35996
440 3.32362 4.56354 2.69071
441 5.13307 73.9703 1.04625
442 50.0872 4.93322 1.46796
443 95.1616 3.68864 2.73824
444 96.9446 14.8926 2.50414
445 91.2748 1.73432 2.28844
446 95.1963 62.7671 2.6321
447 9.09533 79.9092 0.964927
448 24.2047 29.8501 1.7661
449 5.69475 4.04711 2.15879
450 16.2181 94.5365 1.90281
451 98.2374 5.87458 2.3073
452 91.7763 98.4565 2.91907
453 5.05232 9.51315 3.07835
454 66.9339 98.8713 0.71473
455 78.4343 15.3088 3.03304
456 9.14671 86.277 1.55856
457 16.7602 86.02 2.0162
458 27.3626 12.6983 2.52265
459 89.3251 21.4258 3.10835
460 91.6423 6.74431 2.35723
461 58.8408 17.4408 1.94043
462 99.042 15.7803 2.50537
463 20.9571 91.2672 2.7378
464 -0.0975984 16.7082 2.32616
465 18.1851 94.5927 2.05411
466 3.25949 12.4447 2.52881
467 54.0174 6.11188 1.49019
468 88.5579 8.98583 2.02777
469 12.9041 11.9016 2.34746
470 11.5372 99.6549 2.51886
471 98.503 13.1448 3.02347
472 98.3476 15.4365 2.12844
473 61.1683 2.4592 1.61405
474 22.3839 25.727 1.82179
475 7.80383 77.9309 1.3512
476 2.38193 28.9866 -2.42851
477 98.455 6.8086 2.40149
478 91.5084 17.9295 1.90364
479 64.1283 12.6081 1.50017
480 19.6124 85.0938 2.15625
481 85.6741 13.0392 2.96095
482 98.4439 4.75438 2.18193
483 15.9144 97.1066 2.27063
484 81.9842 5.77737 2.57662
485 85.9474 4.64728 2.91224
486 6.73844 8.09454 2.32824
487 4.80174 14.3914 2.319
488 14.3912 9.96565 2.43996
489 80.864 14.5726 2.13029
490 34.1026 47.14 0.722678
491 1.7222 9.34273 3.10375
492 98.0141 16.7528 2.45774
493 98.2304 13.451 2.23587
494 0.601015 7.46151 2.96402
495 91.169 11.3319 2.86688
496 51.1469 10.4204 1.60024
497 17.4942 21.8653 1.93686
498 7.87161 12.3212 2.17684
499 1.41299 23.8357 2.73724
