500
Particles
0 56.1462 63.1369 -1.93009
1 92.966 8.22454 0.833032
2 90.1643 13.6425 1.1615
3 89.9679 49.1374 2.72987
4 92.5525 95.8434 0.334261
5 9.02439 15.7902 1.06775
6 100.165 7.84939 0.544221
7 51.3275 0.401981 0.207592
8 66.8706 58.6696 -1.28341
9 67.3087 64.6352 -1.58356
10 86.711 27.4215 1.92817
11 48.437 98.297 -0.14321
12 91.8241 22.987 1.51199
13 63.9693 16.4216 -2.85401
14 94.7488 98.5004 0.583276
15 98.4054 27.7716 2.12224
16 95.2328 49.0408 2.53359
17 73.0892 20.2729 3.43535
18 95.097 6.93744 0.626165
19 89.7038 85.1296 1.01817
20 87.159 50.4355 2.68481
21 2.396 5.26442 1.28443
22 81.6315 22.8461 2.54594
23 75.3432 23.1061 2.6195
24 19.8146 62.3391 2.53915
25 6.52363 21.5381 0.513128
26 27.0273 14.4871 0.0962648
27 55.3986 98.6035 -0.815244
28 53.3321 65.6767 -1.2768
29 76.3138 23.4843 3.24651
30 94.7503 16.7237 1.27542
31 90.2404 67.9776 1.14485
32 84.4005 48.9848 2.73428
33 91.1145 12.415 1.47494
34 80.9121 33.8106 2.35985
35 48.8441 63.451 -1.60821
36 48.3991 0.178337 0.30939
37 2.36398 10.3737 0.594687
38 88.8868 16.3481 0.982163
39 90.7754 97.8227 0.587816
40 83.8024 20.5994 2.37647
41 63.9597 17.5175 -2.47226
42 64.2168 64.889 -1.32681
43 96.5943 34.7844 1.17989
44 93.307 13.1387 1.10832
45 70.9296 68.5358 -1.21456
46 57.7235 66.9922 -1.68954
47 71.1655 15.4594 3.47189
48 64.623 56.5067 -1.7006
49 8.40978 15.2286 1.07889
50 74.6769 60.3363 -1.35488
51 61.0519 69.9152 -2.23741
52 99.7902 74.7907 -1.15803
53 49.2254 98.9106 -0.112872
54 76.7649 22.697 2.94393
55 56.6062 16.2008 -3.00322
56 76.0632 30.6485 3.42139
57 28.4256 39.2073 0.580463
58 74.181 25.9193 2.57132
59 7.94786 18.6814 1.09889
60 100.326 11.18 0.296479
61 62.868 61.0529 -1.7026
62 51.0889 67.9993 -1.76036
63 91.7056 5.3077 0.872877
64 97.0563 11.0231 0.911913
65 53.4666 26.8433 -1.97261
66 1.87542 14.5167 1.1343
67 42.3387 53.6402 -1.58481
68 51.5824 22.0526 -1.98165
69 54.5142 71.9476 -1.67375
70 1.87414 8.34712 0.676285
71 44.5695 29.5503 -1.58814
72 97.8827 11.747 0.869336
73 49.1074 47.0247 -2.22301
74 42.6372 17.4376 1.1431
75 55.7634 11.6187 3.19264
76 52.0758 72.7465 -1.53516
77 97.1494 10.0649 0.715648
78 96.1229 15.0301 0.573707
79 97.699 5.69798 0.868659
80 50.4711 73.4977 -1.94174
81 0.355639 14.3328 1.0642
82 25.2021 74.6223 0.529324
83 97.6814 3.2631 0.727706
84 16.0684 32.0308 0.802707
85 44.275 65.3508 -1.13852
86 45.5165 82.1539 -2.38751
87 52.0139 17.1935 -2.49676
88 97.7844 95.046 0.850286
89 25.5386 16.0306 0.303083
90 37.139 99.4586 0.432167
91 90.002 66.9054 0.238545
92 52.7373 15.1328 -2.14235
93 74.7327 27.1712 2.75192
94 77.2769 47.6391 -1.04028
95 52.7743 66.3162 -1.08474
96 98.1444 8.4914 1.2511
97 2.18814 12.262 0.505843
98 32.6287 12.9965 0.338648
99 89.101 44.1613 2.39956
100 99.2876 73.1727 -1.6231
101 94.4608 7.21357 0.787882
102 68.0993 59.5176 -1.94562
103 37.2135 41.2331 -1.81979
104 58.5142 63.5782 -1.68801
105 37.0299 97.6078 0.0184908
106 75.3016 33.4028 2.72049
107 59.7849 52.1055 -1.36083
108 62.5113 68.344 -1.7724
109 61.5311 55.415 -1.84405
110 89.6009 20.3562 1.78812
111 2.50757 10.1649 0.748234
112 71.4484 59.2931 -1.83266
113 68.5971 21.9326 3.07773
114 97.1685 31.0879 2.17768
115 43.7744 52.2386 -1.26797
116 0.361435 15.9265 1.4165
117 15.0817 25.0393 1.19495
118 93.9962 49.2922 2.88705
119 74.2641 26.345 3.04513
120 15.8962 21.2149 1.10924
121 82.6822 51.956 3.29577
122 76.7583 48.1584 -0.8746
123 93.3894 6.35052 0.556636
124 56.386 22.4145 -1.94291
125 53.8432 26.089 -1.7523
126 82.0967 63.6529 0.380997
127 55.9596 22.751 -2.40577
128 19.4545 63.7825 2.24855
129 57.7373 63.3588 -2.00022
130 56.0827 70.4812 -1.66871
131 86.6482 24.7322 2.08391
132 44.3558 98.5099 -0.313837
133 41.775 1.05632 0.25201
134 10.5324 14.1702 0.489574
135 4.79906 8.18304 0.730748
136 41.6964 11.8735 1.45524
137 3.62837 9.63059 1.10344
138 75.5119 50.6182 -1.02203
139 47.761 71.8118 -1.70709
140 66.3753 61.5935 -1.8875
141 51.8211 27.912 -1.69546
142 100.261 100.291 0.862388
143 72.2222 68.2334 -1.82937
144 2.46684 11.6235 0.904703
145 55.8804 49.8707 -1.36701
146 56.7884 68.8691 -1.52
147 89.7612 10.4999 0.581033
148 55.9968 69.2612 -2.01174
149 2.06462 14.5569 1.05349
150 62.7518 64.3079 -1.85308
151 52.8547 66.5653 -1.39109
152 47.9199 28.9777 -1.80376
153 59.7949 64.6668 -1.45031
154 73.5849 68.353 -1.76894
155 44.204 1.84268 -0.0595591
156 67.6382 60.0677 -1.42208
157 68.3608 71.4209 -2.04138
158 17.8633 13.2355 0.874871
159 94.4298 28.311 2.22553
160 94.3781 15.1248 1.3869
161 87.679 64.5765 1.0002
162 71.0209 62.4553 -1.40191
163 55.4671 19.4314 -2.61204
164 6.16473 76.0572 0.218816
165 47.464 61.591 -1.61021
166 51.3556 22.3427 -2.69813
167 8.09133 8.88056 1.16198
168 94.3895 7.97203 1.01393
169 97.8282 37.1927 1.60446
170 89.2175 10.1104 1.11334
171 99.9048 7.20502 0.816271
172 50.92 50.8478 -1.44221
173 66.281 62.2268 -1.29546
174 4.36749 17.5155 1.47615
175 86.6914 68.6281 0.779856
176 95.9179 28.7005 1.68912
177 42.9986 66.9346 -1.08861
178 0.405313 41.9767 2.38956
179 54.3311 65.0474 -1.35317
180 67.6076 23.8965 2.98334
181 70.8775 63.8983 -1.44202
182 74.999 32.2769 2.92232
183 84.8857 8.6675 0.923388
184 5.55213 25.1776 0.693299
185 63.775 11.5804 3.42816
186 75.6721 48.6321 -0.508188
187 69.0621 59.5264 -1.63357
188 91.989 2.9116 0.579125
189 97.2972 15.475 0.502081
190 99.0372 18.5248 1.30573
191 3.02069 12.6416 0.583228
192 45.9242 65.6073 -1.25633
193 62.0821 58.1664 -1.79668
194 39.8026 14.0527 1.21898
195 98.3333 8.09818 0.781287
196 13.4341 13.7137 0.770439
197 47.8063 82.0181 -2.20093
198 27.6661 70.0716 -0.202969
199 15.6141 14.0192 0.78561
200 4.84231 5.88621 1.03794
201 88.2414 96.1886 1.08624
202 97.4736 75.0231 -1.24879
203 62.5053 78.1745 -1.52364
204 5.7773 15.5969 1.03549
205 52.8841 50.0278 -2.14712
206 24.1253 37.3229 0.736474
207 11.1556 22.5851 1.48385
208 5.00686 27.0473 0.624708
209 90.7178 25.2827 2.39486
210 96.7164 10.2933 0.555164
211 82.7847 24.4245 2.4803
212 42.9981 98.8499 0.573784
213 56.7246 72.3699 -1.39349
214 94.9059 2.88364 0.497264
215 70.1665 28.6557 3.07853
216 70.6757 72.1461 -1.64905
217 1.4679 6.56001 0.585812
218 65.6528 74.2371 -1.45803
219 76.03 21.1467 2.4711
220 15.6316 6.77477 1.06979
221 64.7163 72.309 -1.99036
222 100.269 10.4814 0.539931
223 60.3953 11.4019 3.14033
224 91.0188 47.4983 2.73142
225 50.2669 99.8082 0.145607
226 66.3927 65.4879 -1.38999
227 67.5051 57.5802 -1.52066
228 48.5829 83.1487 -1.96455
229 66.5449 67.5637 -1.95177
230 61.1566 18.6898 -2.24285
231 97.3188 11.6025 1.31342
232 90.3054 65.2006 1.03433
233 35.0812 39.9637 -1.76321
234 13.5541 16.5418 0.807736
235 76.5836 29.0142 2.81028
236 67.135 61.13 -1.07564
237 99.0131 13.9891 0.516439
238 77.4303 25.2801 3.29129
239 93.4582 99.5976 0.83116
240 91.6845 24.0609 1.35731
241 97.9052 14.5381 1.04108
242 62.3038 70.1253 -1.37218
243 2.86422 8.0715 0.969323
244 85.4838 61.7772 0.381797
245 61.5415 69.7747 -1.76411
246 82.0206 45.2834 -1.27213
247 57.9803 23.4552 -2.85557
248 95.6735 0.724627 1.16023
249 2.3208 15.1094 0.613329
250 58.2834 95.4871 -0.677712
251 93.721 15.3707 0.650426
252 51.6197 2.29111 0.0804904
253 64.2447 12.4184 3.10399
254 85.7131 24.8207 1.99075
255 2.12248 14.7273 1.21212
256 62.5792 68.902 -1.85117
257 79.7528 46.9941 -0.988308
258 70.9041 60.4236 -1.74144
259 77.0669 34.2338 2.54239
260 11.0858 14.4082 0.474877
261 68.8044 18.5189 3.41405
262 69.7111 65.7214 -1.57762
263 42.9327 73.1237 -0.68596
264 92.5677 12.2118 0.716023
265 38.694 38.7527 -1.33673
266 45.7888 67.6392 -1.64486
267 96.7252 10.5368 0.76605
268 78.4897 19.7273 3.39351
269 49.1178 95.8405 -0.707319
270 74.0188 28.2206 2.78252
271 76.5829 30.3978 2.99628
272 50.2124 82.6799 -1.93391
273 13.0367 15.6407 0.407837
274 42.4253 70.8003 -0.696815
275 62.3539 62.487 -1.94222
276 35.0349 12.2221 1.08943
277 48.7974 49.6788 -1.9157
278 91.104 7.60996 0.623735
279 64.8045 71.8938 -2.08815
280 99.2198 99.4536 0.498542
281 76.7749 52.9245 -1.21449
282 75.0005 23.4595 2.98583
283 7.44422 12.4178 0.65203
284 98.591 15.7157 0.954022
285 1.33744 7.65527 0.775983
286 58.3046 21.8313 -2.145
287 78.439 44.3601 -1.06158
288 91.1655 47.2782 2.43971
289 93.5639 12.7329 0.707194
290 60.5665 59.6211 -1.69767
291 94.156 9.34468 1.16343
292 96.6038 37.0144 1.17082
293 41.9712 69.8425 -1.53944
294 77.5808 24.8365 2.62635
295 52.7555 4.22769 -0.343635
296 5.08896 26.5359 1.40759
297 69.3619 64.1836 -1.41399
298 94.995 10.5215 0.897066
299 6.06363 10.4448 0.971019
300 41.8701 63.8467 -1.40923
301 1.75871 12.5287 0.581552
302 90.4354 16.645 0.874501
303 69.2295 54.7723 -1.46179
304 92.1894 6.36781 0.577135
305 98.9471 16.0694 0.761434
306 48.6888 1.20466 0.107554
307 95.1578 13.168 0.899375
308 70.3715 22.4653 2.83469
309 45.5035 70.0998 -1.45074
310 52.5174 99.3552 -0.913612
311 67.9069 13.7543 3.05259
312 61.0764 71.1315 -2.06268
313 50.953 66.5575 -1.78739
314 98.0219 47.8776 2.3567
315 63.4905 60.1359 -1.89938
316 3.52776 8.25602 1.4234
317 100.034 3.1703 0.747478
318 91.7287 25.8912 1.85054
319 2.00043 10.7012 0.979372
320 1.23204 10.9145 0.725342
321 75.4222 19.4732 3.14362
322 1.51552 9.63414 1.415
323 97.3299 4.91951 1.13852
324 95.9896 16.0948 0.770829
325 66.7047 67.6553 -1.58729
326 85.5734 39.5521 3.56149
327 47.8082 70.2489 -1.05767
328 4.46124 27.6628 0.695316
329 86.5816 48.4304 2.91992
330 54.3915 68.2504 -1.90627
331 43.7288 98.7356 0.530834
332 86.1093 48.4346 2.80291
333 23.2865 70.8442 -0.0680743
334 91.3003 97.1249 0.529118
335 2.55285 11.4574 0.82746
336 9.0998 6.68895 1.15981
337 93.2412 99.8356 1.16501
338 65.0915 65.6273 -1.71062
339 84.7898 39.3186 3.19649
340 95.8751 8.55607 0.866957
341 91.8593 4.34503 0.666111
342 94.506 8.75451 0.490052
343 68.1798 71.3952 -1.9629
344 68.5481 56.7855 -1.7014
345 97.0859 33.8096 1.2623
346 64.453 18.7473 -2.3974
347 34.841 12.8078 0.563096
348 93.6713 3.13451 1.46858
349 97.0431 17.5808 1.3808
350 62.6828 67.9734 -1.3495
351 69.2919 61.5564 -1.03008
352 92.1461 9.88528 1.02698
353 46.4637 9.87408 -2.52632
354 46.8616 26.0923 -1.99997
355 87.8261 28.2955 2.57015
356 86.9484 46.1945 2.78907
357 46.711 99.2227 -0.503349
358 71.2774 23.1292 2.99704
359 13.5263 22.3475 1.46747
360 74.8154 71.9994 -2.10464
361 4.2571 17.7853 0.666399
362 100.004 7.84571 0.3242
363 47.9824 79.5772 -2.36973
364 92.6095 12.2957 0.784758
365 58.1231 66.4151 -1.69232
366 4.27485 7.67882 1.44858
367 59.787 53.136 -2.09199
368 54.8142 67.9598 -1.52247
369 99.6299 31.6118 1.99071
370 94.5865 23.7991 1.41545
371 2.09804 15.1238 1.43753
372 78.2016 24.6281 2.61388
373 66.9307 25.6479 2.81808
374 93.9559 14.3606 1.10594
375 57.2097 65.1147 -1.80085
376 62.4987 52.7236 -1.87314
377 38.5208 47.49 -1.54683
378 61.0393 68.6118 -2.18288
379 14.6863 9.04209 0.602659
380 66.6647 64.8372 -1.15166
381 38.0624 12.1823 0.898006
382 98.993 7.34978 0.863868
383 0.176585 47.6577 1.95179
384 14.7309 27.6585 1.3664
385 53.7817 99.0243 -0.761311
386 48.0927 3.19035 0.146276
387 41.962 63.9792 -1.53723
388 68.4449 66.4825 -1.7623
389 12.9307 16.3699 0.674003
390 93.9744 9.63209 0.788342
391 73.0379 22.4053 3.19353
392 92.1865 19.8547 1.80718
393 66.1337 69.6842 -1.62914
394 1.5186 7.83986 0.667931
395 69.4771 19.6821 2.82354
396 74.364 19.3549 2.81225
397 5.26646 14.6117 0.994073
398 87.8513 24.1964 1.61495
399 41.679 50.933 -1.35957
400 96.4257 97.7985 0.700851
401 53.6088 20.2192 -2.69075
402 49.6746 78.5684 -1.63852
403 97.4644 6.65044 0.7376
404 25.5345 36.4956 0.291135
405 91.7788 7.27771 0.522922
406 60.9788 17.4865 -2.59176
407 1.10508 6.7829 1.33384
408 65.1104 23.7806 3.16325
409 6.61533 9.34711 0.887837
410 94.2322 99.2167 1.01611
411 98.6735 30.6983 2.01708
412 50.1788 77.2206 -1.70995
413 71.0288 18.0939 2.83696
414 64.5062 67.2788 -2.02545
415 96.5857 36.5756 1.12629
416 3.73969 23.9781 1.05785
417 98.2196 1.16311 1.22632
418 99.8269 9.03506 0.749806
419 93.2331 86.6246 0.508932
420 15.2119 22.9134 1.24192
421 94.1227 7.35038 0.806821
422 75.3416 28.4621 2.66154
423 51.6253 35.5699 -1.76205
424 95.9079 29.6505 1.97517
425 3.12444 4.00393 1.33549
426 45.7263 50.5777 -1.78586
427 93.0965 15.4209 0.573072
428 60.1298 67.0617 -1.73819
429 64.9915 66.3374 -1.402
430 85.8032 63.8987 0.213307
431 60.5979 66.0023 -2.11199
432 68.4462 59.7492 -1.70422
433 47.8774 53.066 -1.42254
434 82.2229 26.165 2.24293
435 89.194 10.4762 0.73328
436 70.5075 65.5468 -1.67483
437 33.5499 16.8436 0.694222
438 88.19 97.5144 0.815294
439 48.3416 51.4616 -1.99089
440 48.6311 24.7378 -1.88117
441 4.55793 79.2107 -0.162472
442 98.8148 10.6297 1.27139
443 44.8638 26.5731 -1.5553
444 62.4606 67.6544 -1.36877
445 0.400888 16.1678 1.22541
446 64.5006 14.0552 -2.67905
447 60.8377 22.8474 -2.56569
448 98.4806 28.4634 2.17234
449 0.380519 14.4933 0.965232
450 96.2151 4.04672 1.21812
451 49.5108 73.9405 -1.99176
452 98.0603 15.4784 0.511042
453 67.6412 62.8351 -1.42957
454 71.8879 30.1037 2.55128
455 48.9967 20.3116 -1.95871
456 93.0151 97.2237 1.21641
457 77.5542 27.3437 3.38851
458 90.6062 51.2889 2.50367
459 50.3888 34.6849 -1.76843
460 10.0101 15.8675 0.893579
461 38.4937 98.2029 0.236761
462 63.8003 69.4628 -1.46023
463 65.3019 52.0288 -1.61953
464 65.4736 74.1366 -2.03185
465 72.6475 24.5802 2.83965
466 67.5696 69.3264 -1.3403
467 2.98265 9.39797 0.487922
468 6.87187 19.4659 1.03509
469 66.715 64.4332 -1.39564
470 93.2224 6.73094 1.10451
471 63.5121 70.0466 -1.871
472 63.2022 71.3576 -1.97138
473 66.7802 28.7169 -2.8003
474 98.0494 27.7211 1.36683
475 62.5999 17.6456 -2.79283
476 44.2037 1.32444 0.306832
477 27.9504 41.4419 0.362244
478 88.3315 68.4332 0.611001
479 98.8369 34.4804 1.5398
480 77.6125 26.3147 2.96643
481 6.29378 25.3407 1.30722
482 35.824 12.253 0.986468
483 96.9245 5.51555 0.431597
484 91.2125 19.1929 1.49483
485 89.5447 15.7529 0.611482
486 68.0475 62.6413 -1.12534
487 71.5651 71.3353 -1.32376
488 43.8514 56.8192 -1.11986
489 50.9855 22.6406 -1.73306
490 52.6835 3.44023 -0.398665
491 78.5839 49.3045 -0.562071
492 61.0458 68.3984 -2.1023
493 72.1519 52.4346 -0.929953
494 80.5018 43.8399 -0.827434
495 38.4721 55.2838 -1.04795
496 100.008 14.0306 0.408289
497 95.6268 23.8294 1.75324
498 65.6078 67.3433 -2.00816
499 51.195 32.4433 -1.64172
