500
Particles
0 52.2188 49.3355 -1.97646
1 4.51447 16.9758 0.756307
2 1.6722 22.2467 0.652976
3 79.2876 44.4354 -1.6489
4 3.83537 4.70683 0.193361
5 19.3769 25.3869 0.715099
6 12.3073 15.2685 0.143751
7 65.867 0.218412 -0.0319362
8 67.4179 44.362 -1.7285
9 70.1833 50.6119 -1.0439
10 75.9681 31.4193 -2.51534
11 62.4435 95.6886 -0.473611
12 86.7837 36.5109 2.01875
13 50.7679 11.1513 -2.62652
14 6.53784 6.39092 0.905854
15 91.4321 40.2884 2.45462
16 84.1334 46.4513 -1.74269
17 58.7546 20.3671 3.09599
18 7.10182 14.671 0.111323
19 1.15813 92.3441 -0.0185173
20 76.7701 44.6232 -2.16943
21 14.1138 13.1192 0.704853
22 67.7283 26.1778 -3.59774
23 60.8372 22.6688 -2.70037
24 8.76545 65.2138 -1.13263
25 17.6612 30.3935 0.554651
26 27.2951 23.6743 1.91286
27 67.8398 91.9757 -0.2121
28 51.2188 51.4979 -1.66249
29 61.8742 22.2298 3.49118
30 5.66415 26.0321 1.19042
31 96.2361 80.4999 1.04167
32 74.5403 39.9042 -2.08606
33 2.27789 21.348 0.980665
34 66.825 34.8927 -2.91407
35 46.8489 49.4844 -1.9232
36 62.7172 98.7579 -0.361844
37 12.9443 20.0049 0.59202
38 93.0813 29.9679 1.384
39 1.72511 7.17557 0.857616
40 70.6128 25.1094 -3.12643
41 50.7915 11.955 -2.59555
42 64.5974 50.3697 -1.60999
43 94.1617 48.8031 2.02355
44 5.43548 21.083 0.294671
45 72.083 54.1699 -1.60141
46 56.2511 52.6403 -2.07978
47 57.0285 15.9633 3.32521
48 65.1628 42.1327 -1.64252
49 19.0436 24.9154 0.813948
50 75.0169 46.074 -1.78229
51 58.3377 55.8988 -1.75006
52 5.79572 61.9535 -1.21643
53 62.9016 95.2726 -0.585314
54 62.5147 23.7226 2.83572
55 46.8913 5.67724 -1.66805
56 62.2487 34.5835 -3.19191
57 32.5468 52.3508 1.92402
58 59.8024 26.247 -3.2054
59 18.8736 28.226 0.21183
60 10.2305 21.3739 0.626741
61 63.4877 46.5332 -1.58839
62 48.0481 54.2989 -2.12411
63 3.56546 12.8777 1.01852
64 8.61236 19.5642 0.793658
65 43.4322 16.7937 -2.58068
66 12.3042 24.3581 0.362817
67 44.8818 39.7801 -1.76951
68 41.7163 12.2392 -2.69009
69 52.7084 57.8415 -1.88992
70 12.8737 17.648 0.434318
71 33.2756 29.4128 2.45485
72 8.2241 21.5897 0.659678
73 51.9407 33.0779 -1.85116
74 33.1491 24.0475 2.73058
75 52.5958 -0.00872795 -1.9257
76 48.8669 58.5756 -1.54467
77 9.85746 17.2615 0.83824
78 6.878 24.2316 0.350433
79 10.1227 12.6432 0.403758
80 47.8018 59.3989 -1.89226
81 10.9661 23.9964 0.643037
82 32.5685 85.281 0.818175
83 10.4641 9.52323 0.626674
84 28.0023 38.1193 0.6298
85 43.641 51.6248 -1.97795
86 39.5646 69.5302 -1.9841
87 41.7024 7.5124 -2.06089
88 10.1259 98.1521 -0.546044
89 27.2256 24.1608 1.71186
90 50.1862 95.8563 -0.729485
91 96.3367 79.339 0.354737
92 41.9437 5.77277 -1.80906
93 60.1937 26.5494 -2.76852
94 71.4934 36.0147 -2.02919
95 50.5129 52.2728 -1.98131
96 9.21771 17.6999 0.440729
97 13.3396 21.5472 0.358335
98 28.5053 24.3726 2.01712
99 78.1051 37.8228 -2.40973
100 6.18932 60.8467 -1.35957
101 6.13774 15.6012 0.355656
102 69.2397 45.219 -1.7736
103 38.604 29.7805 3.17593
104 59.4358 49.2212 -1.56099
105 50.7146 94.4585 -0.80059
106 61.3023 35.4934 -2.51012
107 58.1381 38.1883 -2.74283
108 60.3174 54.0807 -1.8801
109 60.8721 41.134 -2.0655
110 86.2013 34.166 2.05938
111 13.4825 19.4742 0.325344
112 73.0377 45.026 -1.45419
113 54.6103 23.9823 3.47712
114 92.2196 44.6007 1.92471
115 46.622 38.2443 -1.54271
116 10.0599 26.2364 0.783492
117 27.83 30.8815 0.794503
118 82.4087 44.6344 -1.44523
119 59.9759 26.1384 -3.16769
120 27.7776 28.816 0.650731
121 73.715 41.8543 -1.91352
122 70.063 37.2873 -2.78572
123 4.56454 15.4882 0.794231
124 46.3726 12.3062 -2.78224
125 44.4261 15.6339 -2.00651
126 87.4867 76.4908 1.42693
127 46.0559 12.0624 -2.2823
128 8.76541 66.087 -1.47446
129 54.8558 49.2339 -1.89258
130 53.6607 56.6526 -2.01237
131 76.1775 29.7723 -2.74048
132 57.6106 94.29 -0.947747
133 54.8143 96.418 -0.608072
134 21.1607 24.0349 0.320209
135 15.9243 17.1749 0.889661
136 35.3142 22.0453 2.77829
137 14.9621 18.3586 0.192634
138 69.8342 39.0925 -2.67309
139 44.7553 57.8704 -2.08446
140 68.6139 47.2848 -1.44584
141 42.5035 17.731 -2.34112
142 11.6912 7.8249 0.159943
143 73.1855 54.031 -1.47686
144 13.3422 21.0394 1.03677
145 55.3896 35.7001 -2.59155
146 54.7619 54.6791 -1.79496
147 99.3371 21.0977 0.728757
148 51.9354 55.3777 -1.98962
149 12.711 24.0581 0.628316
150 62.209 49.8437 -1.4086
151 49.1328 52.884 -2.1722
152 37.457 25.2658 2.99594
153 59.7558 50.2387 -2.08411
154 74.7597 54.044 -1.68722
155 56.9396 98.1572 -0.91516
156 70.1739 45.8226 -1.2023
157 65.0208 57.3848 -2.23985
158 26.2523 25.1798 0.615675
159 88.3801 41.5055 1.89903
160 5.55279 24.1766 0.883502
161 91.9707 78.1265 1.07263
162 73.8378 48.4979 -1.33349
163 44.8296 9.22219 -2.70373
164 20.3672 78.8003 0.704075
165 47.5802 47.5078 -2.36453
166 40.7379 13.7594 -2.10654
167 18.3916 18.7611 0.774542
168 6.57368 15.5515 0.848407
169 3.20348 50.4377 0.95333
170 99.9335 19.0422 1.20933
171 11.2356 16.1022 0.754622
172 52.4552 36.34 -1.37789
173 68.8074 48.0289 -1.41245
174 14.4884 27.2036 1.1772
175 90.9191 82.2396 0.92991
176 89.4317 41.4247 1.874
177 41.8476 53.5156 -2.48318
178 2.13947 53.6554 1.64655
179 50.6725 51.3304 -1.79703
180 53.5471 26.011 -3.59684
181 72.7581 49.5783 -1.10797
182 61.241 34.3727 -2.53497
183 89.9705 19.2625 2.9103
184 17.353 33.5892 0.564937
185 56.6621 1.71698 -1.56244
186 70.1277 36.8721 -2.51456
187 72.161 45.3055 -1.30131
188 3.35224 11.588 0.856253
189 8.17927 24.7836 0.247639
190 9.37624 28.6059 0.887401
191 12.9911 22.8562 0.601645
192 44.4155 51.6186 -1.9162
193 62.8484 44.1316 -1.339
194 32.7984 24.2355 2.27824
195 10.1296 16.3128 0.335202
196 22.9814 24.3551 1.00006
197 41.6087 69.1444 -2.48351
198 34.7848 80.9865 1.08117
199 25.5459 24.0997 0.772332
200 15.1904 15.7869 0.968134
201 99.1886 5.01787 0.10458
202 4.32571 63.7614 -1.49432
203 63.913 64.0635 -1.77595
204 16.1868 25.2611 0.847024
205 54.137 36.2276 -2.37815
206 29.0249 49.9032 1.4616
207 23.4275 29.3778 0.851116
208 16.5115 35.4937 0.150394
209 84.5634 38.2844 2.37656
210 9.11034 17.9191 0.673508
211 70.7901 29.6218 -3.03259
212 56.2052 95.4457 -0.0284406
213 53.2262 58.2338 -1.91516
214 7.09289 10.6746 0.743553
215 55.7659 29.7751 -2.72248
216 70.6251 57.9143 -1.41845
217 12.7742 15.1226 0.298325
218 63.6983 59.9731 -2.05921
219 61.6596 20.778 3.16713
220 24.5304 15.115 0.403976
221 62.1317 58.0759 -1.92012
222 11.4139 19.1278 0.101213
223 53.6529 1.28581 -1.82309
224 79.8574 42.0673 -2.31492
225 64.3317 96.2475 -0.317294
226 67.9128 51.4875 -1.58361
227 67.5095 43.2209 -1.55424
228 42.7816 70.5322 -1.73296
229 64.7112 53.3715 -1.61739
230 49.9296 9.94007 -2.39257
231 9.22516 19.7035 0.225468
232 95.4207 78.2438 0.575182
233 34.6103 30.3671 2.35803
234 24.4638 25.5847 1.22721
235 62.9025 32.5526 -2.51161
236 67.2025 46.9042 -1.88276
237 8.88196 24.3331 0.90165
238 63.1092 25.8456 2.99881
239 5.74489 7.41173 0.296848
240 86.2515 37.4255 2.17093
241 8.60695 23.8247 0.97333
242 60.6485 55.7922 -1.42548
243 13.405 17.6 0.453732
244 91.1151 74.4976 1.54585
245 60.8064 55.6044 -1.62509
246 74.2671 34.4216 -2.3634
247 47.1116 14.2297 -2.09805
248 7.49675 8.67911 0.331878
249 12.1759 25.6015 1.02013
250 69.0347 85.7721 -1.13589
251 4.18405 25.1823 1.17595
252 65.9477 0.384318 -0.218283
253 53.9022 4.1108 -2.35501
254 75.0674 30.713 -2.21714
255 11.9401 25.1225 0.237576
256 60.7435 54.5083 -1.70515
257 73.2668 36.0974 -2.64592
258 72.2202 46.156 -1.8629
259 62.6746 35.4186 -3.00429
260 21.4169 24.3356 0.612961
261 54.4214 19.7586 2.87062
262 70.3615 51.3579 -1.6662
263 39.9682 59.3897 -1.95691
264 3.21232 21.6759 1.26976
265 38.5417 27.6789 2.83119
266 44.7552 53.5611 -2.40952
267 8.12979 18.8666 0.855762
268 63.9756 19.6491 -3.60438
269 62.8355 92.1763 -0.363284
270 59.6694 27.9531 -3.09678
271 63.0842 35.3838 -2.91575
272 44.3738 69.8155 -2.46784
273 22.7914 26.3774 0.459546
274 41.6781 56.6552 -1.67584
275 63.8925 48.2056 -1.60435
276 30.3308 22.7145 2.29837
277 50.6509 35.464 -1.4213
278 2.40192 16.4691 0.810341
279 62.3495 57.632 -1.95243
280 11.8007 6.397 0.176889
281 71.1445 40.3529 -1.74161
282 60.7748 25.2897 3.1874
283 17.7254 22.6515 0.917446
284 9.58072 24.8063 0.994639
285 12.1616 17.3209 0.948846
286 46.8296 13.054 -2.63638
287 71.1917 34.6953 -2.68316
288 80.6269 41.0875 -1.8721
289 5.0108 21.2182 0.624961
290 61.0333 45.3758 -2.00476
291 5.56102 17.8519 0.275552
292 96.2226 50.6679 2.18803
293 39.1455 56.0456 -2.47768
294 63.1914 24.2673 3.37659
295 67.2486 3.33274 0.0104233
296 17.3813 33.6896 0.495414
297 71.1283 49.7771 -1.46666
298 6.32638 19.6083 0.236784
299 16.3169 20.351 0.946987
300 41.6225 50.1796 -2.23889
301 12.0263 22.5064 0.760186
302 96.4644 29.4523 1.51679
303 68.3405 40.4857 -1.56385
304 3.99842 14.62 0.237529
305 9.29918 25.9119 0.421199
306 62.876 98.9479 0.0220914
307 6.75251 22.0453 0.6878
308 55.9508 23.703 3.3912
309 44.3646 56.0758 -2.28032
310 65.6478 95.0213 -0.739613
311 54.0917 9.33529 -2.83584
312 59.2553 56.9517 -2.15287
313 48.0325 52.6804 -1.96491
314 86.1848 46.0435 -1.99613
315 63.574 45.698 -1.41921
316 14.0371 17.979 0.549081
317 11.9629 11.0589 0.732871
318 86.1181 39.0952 2.54011
319 11.9779 21.2241 0.613978
320 11.9651 20.4105 0.507416
321 61.0378 19.5757 2.62949
322 12.8837 18.4189 0.9918
323 9.41246 12.3465 0.481991
324 7.50255 24.6902 0.329263
325 65.4886 53.1617 -1.6991
326 74.3985 31.8182 -2.36219
327 44.2074 56.5547 -2.38148
328 15.6086 36.3039 0.687214
329 76.5713 41.2212 -1.79404
330 51.1682 53.9769 -1.79026
331 57.4992 95.3075 -0.382087
332 74.6258 41.2462 -2.36628
333 30.8633 81.5857 1.06308
334 2.04324 6.95841 0.331574
335 13.2719 20.9409 0.859525
336 19.907 15.6905 0.538882
337 5.84386 6.44556 0.472299
338 65.6383 51.2694 -1.59461
339 72.5722 32.8782 -2.88498
340 7.87346 16.2192 0.608259
341 4.31862 11.6684 0.0386619
342 6.78015 16.141 0.231846
343 67.2528 56.9323 -1.45815
344 69.35 42.3195 -1.68484
345 95.217 47.4102 2.22254
346 51.3914 12.3922 -2.46411
347 31.5143 24.0907 2.14119
348 6.1809 10.3236 0.35006
349 7.60499 26.7984 1.09768
350 61.4829 53.5092 -1.70457
351 69.522 47.0404 -0.986263
352 2.76269 19.4166 0.950359
353 52.8152 99.112 -2.01434
354 35.3212 25.819 2.33535
355 76.6537 32.9132 -2.94751
356 76.3862 39.4946 -1.76869
357 60.3532 95.5174 -0.254354
358 57.068 24.7429 3.1051
359 25.1753 29.8611 0.750184
360 76.8637 57.7555 -0.970232
361 13.8842 28.2063 0.558232
362 10.7511 17.0292 0.183109
363 41.8546 66.5956 -2.50444
364 2.90685 22.3257 0.574088
365 56.001 52.1591 -1.28561
366 15.8724 16.1108 0.901118
367 57.7994 39.2229 -2.47588
368 52.7177 53.8663 -1.55415
369 96.3543 45.5693 1.99367
370 88.6997 37.1122 1.72856
371 12.9259 24.7541 1.09263
372 63.9149 25.0636 2.87257
373 52.6368 27.1351 -2.77417
374 4.47731 24.142 0.823862
375 56.2679 50.9299 -1.48193
376 61.3499 38.9528 -2.93198
377 43.9758 34.6705 -1.36679
378 58.9336 54.3447 -1.35413
379 23.9926 18.2147 0.633645
380 66.2566 50.4477 -1.78756
381 32.6124 23.2678 2.76463
382 10.3159 16.006 0.0474691
383 5.93335 57.3939 -0.689931
384 27.8191 33.3611 0.56303
385 67.0193 93.9452 -0.618064
386 61.4436 99.4467 -0.0296352
387 41.7435 50.0014 -2.21307
388 69.2872 52.1276 -1.547
389 23.1895 26.1567 0.903328
390 5.58578 18.3619 0.753759
391 58.6318 22.9506 3.21759
392 90.9863 33.7742 1.79397
393 65.2408 55.2738 -1.46022
394 12.319 17.2119 0.37857
395 55.3498 21.8358 3.22398
396 60.0972 19.79 3.29149
397 16.4126 23.609 0.634909
398 78.6577 31.1587 -2.43867
399 45.013 37.0874 -1.68444
400 8.83405 4.95338 0.367844
401 43.5062 10.1384 -2.60422
402 44.7927 65.2111 -1.80345
403 9.68996 14.1412 0.475921
404 29.31 48.961 1.09928
405 2.40141 16.5995 0.624652
406 48.5184 10.2912 -2.01277
407 12.0907 15.8797 0.576972
408 51.1191 24.8858 2.68218
409 18.1484 17.9901 0.508606
410 6.45847 7.25276 0.87695
411 92.7919 43.6939 1.9712
412 48.0746 62.7198 -1.57313
413 56.6659 18.7764 2.48382
414 62.6432 52.895 -2.06596
415 95.0081 50.3211 2.54778
416 15.5334 32.2069 0.958578
417 10.5227 8.54463 0.514633
418 10.4297 18.725 0.943756
419 3.93007 95.5873 0.572553
420 27.7217 29.5356 1.25519
421 5.70471 15.8081 0.344546
422 61.0529 30.8019 -2.98472
423 44.0988 23.6959 -2.91163
424 89.9366 42.7513 2.26331
425 12.9195 14.5053 0.651195
426 47.6159 36.3691 -1.11028
427 4.46385 24.1767 1.1446
428 59.5899 52.7462 -2.20416
429 66.2559 52.0912 -1.86242
430 91.3888 76.7227 1.44848
431 58.4273 51.9777 -1.26427
432 69.8501 45.3646 -1.72268
433 48.6594 39.0554 -1.87919
434 69.9502 30.9466 -2.46994
435 99.7408 20.0426 0.626648
436 71.8702 51.4971 -1.68731
437 29.3863 28.0007 1.80389
438 100.118 5.5703 -0.0486096
439 50.9291 37.2833 -1.09803
440 37.2773 21.29 2.50924
441 18.7549 81.9538 -0.0482826
442 9.917 19.8022 0.189675
443 32.9159 26.5244 2.81238
444 62.0558 53.1265 -1.58925
445 9.83836 27.0567 0.741928
446 51.593 7.73717 -2.60334
447 49.4851 14.2076 -2.33577
448 92.1794 41.2794 1.61946
449 10.9189 24.2063 0.897914
450 8.63403 11.8069 0.721418
451 47.1651 59.9634 -1.46253
452 8.15728 25.5982 1.12252
453 69.12 48.6798 -1.93868
454 58.0835 33.4887 -2.20711
455 36.5727 14.192 -2.54938
456 4.21011 6.36795 0.406935
457 63.0773 28.7375 3.01847
458 79.5294 46.953 -1.90067
459 44.1128 22.4253 -2.5514
460 21.0689 24.9132 0.550324
461 52.0001 95.6923 -0.340945
462 61.9329 55.0631 -1.77674
463 62.3619 38.3882 -2.47028
464 63.9399 59.9676 -1.26132
465 58.1349 24.3074 2.6902
466 66.7738 54.9249 -1.41504
467 13.2998 19.2052 0.352018
468 17.8707 28.8532 1.03827
469 67.8096 50.116 -1.61916
470 4.97841 15.3616 0.566838
471 61.2677 55.7526 -1.81409
472 60.5168 57.1114 -1.8452
473 52.796 29.841 -3.00144
474 90.9502 40.2283 1.97165
475 49.6578 11.5663 -2.69138
476 56.3676 96.9101 -0.846778
477 30.3281 54.177 1.15627
478 93.7824 81.4528 1.18268
479 97.2681 47.9249 2.61322
480 63.0761 26.1426 3.13765
481 18.2294 33.0908 -0.0104834
482 30.8953 23.2472 2.64527
483 8.64962 13.8315 0.249235
484 92.5255 32.9608 1.31661
485 95.6746 28.7392 1.45521
486 68.7646 48.1594 -1.60644
487 72.8582 56.6549 -1.54677
488 45.5961 43.3395 -2.19953
489 40.3301 14.0275 -2.93775
490 67.0561 1.73315 0.306622
491 71.8757 37.9182 -2.27848
492 60.0629 53.9824 -1.55074
493 67.6824 39.2134 -2.40369
494 73.3377 34.1431 -2.2674
495 37.944 49.1662 -1.60338
496 11.5243 22.8282 0.573812
497 89.7917 37.1253 2.09806
498 65.5421 52.8831 -2.2177
499 44.018 19.929 -2.21823
