500
Particles
0 10.5941 60.4138 2.22545
1 49.1498 63.6806 2.09345
2 19.9234 97.2319 2.90449
3 61.943 4.12544 1.39977
4 77.4265 65.2935 1.08829
5 15.9827 53.2225 2.97009
6 28.7983 85.6656 2.25949
7 75.8132 11.7558 1.2963
8 49.802 70.5217 1.47137
9 49.0207 73.0112 2.30809
10 34.1833 66.205 2.38532
11 19.6706 94.0746 3.01919
12 21.9057 94.5416 2.10429
13 83.1899 56.9694 1.63214
14 80.377 69.1191 1.49332
15 95.866 60.1185 2.16331
16 46.1412 73.9692 1.51729
17 77.6464 83.7492 0.947274
18 75.6074 74.8082 1.17838
19 62.8259 98.6876 1.69277
20 62.2472 4.69707 1.32862
21 10.6947 74.4609 2.49792
22 34.0662 78.9832 1.8046
23 81.5211 61.4177 1.68948
24 68.1175 7.41351 1.07818
25 18.8118 66.8854 2.16074
26 14.191 46.1822 3.13039
27 4.65633 83.4849 2.81471
28 20.4997 75.5957 1.71163
29 32.7115 5.0741 -2.18635
30 56.064 16.5891 1.22394
31 29.5937 78.4012 2.05583
32 51.6471 2.81139 1.28913
33 68.881 13.1965 0.735545
34 24.4718 69.3349 2.65987
35 74.9934 78.7283 0.986634
36 57.4116 23.3042 2.14604
37 33.8339 93.7243 2.29585
38 17.7822 70.295 2.26101
39 79.2466 62.1776 1.8114
40 26.7131 67.3804 2.55985
41 76.9034 62.7471 1.19343
42 41.5833 76.5696 2.55778
43 65.9093 4.18589 1.04492
44 47.8407 65.4484 2.00022
45 39.4803 71.2609 2.70161
46 25.7446 72.3155 2.24073
47 78.722 3.43155 1.48752
48 31.9262 71.7212 2.61467
49 17.9192 59.9031 2.1237
50 82.4824 79.3742 1.60846
51 35.1939 78.9654 2.17925
52 68.5427 6.33739 1.60444
53 57.3199 22.9912 1.42944
54 80.6024 66.5136 1.05005
55 70.659 100.162 1.27466
56 83.2647 68.3155 1.57259
57 31.9143 58.6226 1.79045
58 81.1963 71.9045 1.70183
59 18.6009 68.2526 2.53898
60 82.2554 76.9593 0.924788
61 32.7323 68.1699 1.94619
62 46.3874 67.9675 2.14091
63 47.3449 57.0705 1.25122
64 21.8521 87.7233 2.77777
65 75.7919 4.37859 0.833285
66 78.971 80.2238 1.58677
67 78.9486 80.0604 1.04439
68 74.4157 1.46596 1.07071
69 38.2295 62.3333 2.15716
70 30.1319 90.5399 2.68002
71 26.7724 71.5179 1.93343
72 79.9768 76.8534 0.94041
73 35.5235 92.3845 2.11912
74 28.8848 60.2139 2.70908
75 75.7569 9.41183 0.997379
76 33.4469 62.3427 2.18433
77 33.7702 90.1452 2.52011
78 12.1322 36.607 2.78537
79 82.8371 73.8855 1.40014
80 30.1748 66.5304 2.68676
81 78.3075 78.0814 0.937426
82 60.1125 95.7461 1.26334
83 73.2761 71.0038 1.92081
84 71.587 97.2803 1.63288
85 30.82 69.0682 2.29409
86 31.0491 66.7034 2.39698
87 35.4668 88.0538 1.89005
88 71.835 99.242 1.50859
89 27.0343 61.2576 2.11494
90 68.5232 7.62189 1.52089
91 29.0696 79.1038 2.30061
92 33.8633 86.1772 2.29848
93 76.5399 65.6974 1.44245
94 31.4123 68.898 2.50743
95 65.0194 99.2749 1.39842
96 12.8384 80.234 2.23898
97 33.0213 93.5515 2.48989
98 26.6454 61.4898 2.31193
99 33.6034 85.7321 1.98747
100 69.2183 7.0215 1.55802
101 79.0514 75.8752 1.73837
102 35.9208 68.4875 2.28061
103 22.9523 64.7918 1.92823
104 34.345 75.5236 2.12432
105 67.7296 8.57413 1.38314
106 81.9071 65.9261 1.89149
107 13.0406 67.8949 1.65619
108 32.2203 76.6661 2.3595
109 90.6363 73.5939 1.33485
110 78.6448 10.6198 1.24744
111 35.565 93.8061 1.99128
112 63.2104 3.12401 1.29543
113 29.6296 84.1938 1.80166
114 9.36474 83.3974 3.00092
115 24.0438 94.9584 2.29053
116 29.7009 56.6434 2.35835
117 26.1432 75.4791 1.9309
118 56.024 5.69714 1.23272
119 78.8468 68.6056 1.42371
120 16.7975 63.0929 2.29006
121 67.6632 75.3183 2.15086
122 31.6183 72.1165 2.38062
123 64.8146 70.0929 1.70898
124 16.4933 100.021 2.61016
125 75.0785 99.5106 1.09706
126 42.422 81.5849 2.17038
127 78.5113 59.6074 1.12824
128 69.5471 7.4593 1.23765
129 6.12286 84.2959 3.04026
130 18.719 73.4671 1.5128
131 32.0277 64.7483 1.91083
132 78.1729 100.059 0.471722
133 76.9789 3.00665 1.18922
134 16.5257 56.7219 2.34714
135 35.8541 92.3142 1.83484
136 26.6904 58.1206 1.92296
137 22.1838 87.231 2.26325
138 34.4195 70.0951 1.85946
139 20.5484 64.1796 1.92708
140 35.1191 66.025 2.10744
141 73.3329 0.619763 0.771545
142 76.3177 68.5961 1.47649
143 47.4996 77.5771 2.08628
144 21.1272 89.3612 2.76075
145 7.8339 87.7937 2.71169
146 15.301 68.0536 1.92354
147 66.839 13.5175 1.56328
148 35.5461 91.7391 2.28252
149 77.1668 78.4246 1.56023
150 37.8789 70.2982 2.2086
151 57.0113 1.9499 2.00613
152 28.9077 59.8118 2.51317
153 33.3212 76.1423 1.83628
154 46.0238 75.155 2.18339
155 79.0128 4.27628 1.53945
156 53.1018 70.7347 2.17432
157 45.4151 85.2525 2.93035
158 13.7621 47.9595 3.23685
159 51.563 82.5587 2.4746
160 64.8149 14.9035 1.21333
161 48.7632 81.8685 2.10761
162 76.1998 79.7453 1.61211
163 69.6478 97.7594 1.10199
164 75.3223 6.60543 0.776028
165 72.3755 76.6471 1.20278
166 70.3141 98.3678 1.6229
167 38.7584 95.1519 2.73418
168 82.6197 75.4048 0.922819
169 74.6738 4.86448 1.37773
170 66.613 61.0155 2.5457
171 27.1226 84.9887 2.35763
172 10.9172 63.5944 2.02072
173 36.8533 66.4096 2.22938
174 12.5632 45.4271 3.32959
175 76.2859 98.08 0.92047
176 27.784 10.4988 -2.66582
177 23.6656 63.9459 2.42478
178 68.6941 6.5144 0.885326
179 23.2552 78.0638 2.39117
180 28.7292 85.9528 2.6011
181 50.4826 75.1203 1.39651
182 87.7858 68.8651 1.68397
183 11.2532 59.9021 2.32054
184 34.3006 86.084 2.40494
185 75.2551 4.61752 1.4754
186 35.3496 74.571 2.1087
187 59.3467 3.55397 1.66707
188 63.0787 66.3199 1.40948
189 16.7456 95.2949 2.45258
190 14.0731 49.3261 3.01121
191 25.0313 92.0057 2.64745
192 26.0173 57.3009 2.43192
193 35.8544 82.0199 1.73507
194 28.0764 64.8698 2.26025
195 23.0667 85.5279 2.19164
196 19.7684 61.7087 2.48362
197 30.6077 64.5275 1.92436
198 32.011 85.4205 2.19094
199 16.6604 54.378 2.91946
200 33.8588 89.1844 2.15851
201 34.3424 2.97789 -2.02194
202 66.0834 7.91588 1.14302
203 52.9022 84.1903 2.71253
204 13.3377 44.6806 2.58426
205 38.7777 93.9385 2.62501
206 27.3704 66.0554 1.83663
207 21.0351 71.4421 1.98521
208 66.3181 96.1298 1.44254
209 57.3227 5.08842 1.89735
210 81.4596 77.1302 1.05648
211 32.5142 72.3302 1.82264
212 77.763 1.86949 1.3331
213 57.4987 99.9032 1.53699
214 60.079 64.3261 1.85463
215 14.0444 71.0859 2.48367
216 40.8283 76.3177 2.03604
217 21.6175 82.4801 1.90668
218 80.5793 96.7238 1.14816
219 79.3495 84.7328 1.57934
220 34.5346 92.665 2.16214
221 37.7029 82.0462 2.07297
222 33.856 93.4573 2.62437
223 71.6987 9.96569 0.801346
224 60.0925 5.1017 0.95844
225 24.457 95.6739 2.9008
226 46.5472 72.6613 1.92007
227 34.595 75.1631 2.28499
228 32.8237 67.2663 2.29288
229 33.6495 66.6597 2.18617
230 81.9527 58.6826 1.97596
231 84.7741 75.5651 1.01319
232 33.2913 82.6547 2.39849
233 27.9725 71.8091 2.20883
234 19.2623 63.067 2.08819
235 83.486 65.6675 2.00188
236 45.9181 71.2871 2.02941
237 19.9117 97.5946 2.29478
238 84.137 67.6858 1.77142
239 75.5049 68.0278 1.54339
240 17.6489 88.9604 2.78374
241 50.2614 69.5345 1.83206
242 40.1483 80.6566 1.7804
243 33.2233 87.7681 2.40815
244 49.2532 81.9703 2.49522
245 35.4438 78.4471 1.73122
246 32.8536 68.2439 2.42954
247 75.8471 39.1837 1.14579
248 77.2238 68.6038 1.34087
249 28.4163 60.1017 2.3691
250 2.67393 82.629 2.7608
251 11.8561 92.0153 2.92508
252 72.5274 10.5535 1.43402
253 60.8863 6.34472 1.42228
254 32.7033 65.4014 2.44211
255 77.2378 78.1769 1.64669
256 39.8383 78.7392 2.27034
257 32.1537 67.6507 2.2082
258 53.0342 74.3817 1.84227
259 85.9844 67.4027 1.39615
260 15.8467 51.1282 3.1858
261 78.8202 70.1976 1.4575
262 39.8373 72.773 2.61768
263 31.595 81.1469 2.3417
264 64.1419 14.0335 0.882061
265 30.3669 64.5947 2.29697
266 22.991 61.2341 2.24777
267 18.7072 88.2182 2.62146
268 19.7921 66.0512 1.67766
269 2.83201 84.029 3.19826
270 83.9724 71.705 1.49971
271 87.3654 70.042 1.53229
272 50.5598 99.4688 1.72129
273 22.35 66.3067 2.55849
274 29.1483 75.6534 2.29732
275 31.6406 65.4023 2.10109
276 22.4613 58.8399 2.65625
277 31.3568 84.1365 2.45291
278 44.1813 58.6481 1.26298
279 39.2803 80.7518 2.04852
280 85.2442 72.0595 1.64657
281 34.0238 72.1252 2.36397
282 80.5092 68.1847 1.51417
283 45.0403 2.09845 2.7531
284 38.3338 60.448 2.45185
285 30.517 89.252 1.93112
286 73.5238 61.4009 1.81408
287 30.5413 68.319 1.89177
288 67.5832 99.7627 1.60655
289 39.9874 63.0921 2.4407
290 29.2446 73.2139 2.58701
291 53.2554 66.713 1.69543
292 75.1145 3.70243 1.12082
293 27.2695 74.7985 2.07305
294 86.6099 67.5867 1.29704
295 4.76989 76.0339 2.84468
296 36.5012 87.2418 2.28587
297 43.3321 73.773 2.14099
298 57.0138 69.4064 2.18571
299 33.2505 94.6347 2.4385
300 26.9419 66.5253 2.64763
301 80.385 78.483 1.7401
302 16.207 62.7874 1.91753
303 32.6458 69.5877 1.92655
304 48.4248 58.9595 1.35359
305 16.6501 93.9372 2.78655
306 63.3933 10.2939 1.66933
307 18.4646 94.7137 2.94346
308 78.7812 72.6011 1.94709
309 28.6899 77.1568 1.71835
310 66.1918 11.6532 1.76743
311 87.3682 63.3663 1.94971
312 34.4034 78.5589 1.97889
313 60.8849 0.918209 1.75122
314 79.6209 82.7731 0.962899
315 33.7822 73.9204 2.21859
316 33.7493 86.5262 2.75723
317 83.153 73.6323 1.38883
318 23.568 95.3221 2.55334
319 32.0158 93.9386 1.97185
320 33.0776 92.7922 2.15276
321 77.8506 81.8666 1.21548
322 35.9143 90.6718 2.41739
323 80.9553 73.9939 1.47597
324 46.6379 9.07389 -2.03686
325 41.6081 76.7654 2.29382
326 31.1667 64.2306 1.94985
327 28.5635 70.1904 1.96882
328 39.4915 89.41 2.04702
329 66.4833 100.42 1.12835
330 59.8383 99.7562 1.56031
331 72.4325 13.5914 0.872405
332 61.7448 0.992548 1.37903
333 33.5507 86.4678 2.59316
334 78.5021 64.4281 2.00866
335 26.9899 93.4785 2.30916
336 36.6295 92.5556 1.86002
337 77.8124 66.4708 1.64529
338 37.5817 74.3629 2.3153
339 32.505 69.6612 2.09145
340 1.60986 65.0536 -0.483572
341 75.2388 71.7073 1.79614
342 78.5999 74.8535 1.13148
343 42.2283 80.1748 2.45995
344 35.8614 70.9274 1.76393
345 70.9431 3.87313 1.46237
346 76.5655 62.7733 1.02824
347 16.1508 51.4941 2.50202
348 63.6987 66.1887 1.62814
349 11.6884 38.4157 3.11343
350 35.4296 77.402 2.18814
351 49.8707 70.7532 1.94264
352 50.0451 65.4531 1.8937
353 71.8952 8.71226 1.29844
354 25.3829 59.7539 2.45245
355 34.775 63.2819 2.68632
356 36.3124 88.9954 2.64634
357 77.8357 6.29572 1.37052
358 83.9548 72.958 1.81211
359 20.4396 68.2572 1.6034
360 75.4796 84.2225 0.807402
361 14.8748 58.0085 2.27566
362 15.9691 83.3763 2.55791
363 31.5528 66.3667 2.23294
364 69.2267 14.3586 0.928127
365 32.2963 79.6293 1.80986
366 32.2812 88.0568 1.84196
367 35.7449 92.6964 2.65921
368 12.9732 64.7675 2.65235
369 63.5426 99.8617 1.53245
370 59.9513 7.42718 1.7677
371 76.81 77.3188 1.76693
372 88.8712 68.5267 1.71112
373 32.7394 90.0646 2.62292
374 13.1081 91.7919 2.5584
375 34.9968 83.1335 2.24113
376 91.74 71.5675 1.93508
377 54.1539 1.21183 1.3125
378 28.5049 75.5266 1.82497
379 35.9655 96.1456 2.09688
380 34.4894 67.9355 2.76204
381 17.8889 46.2666 3.21659
382 21.6383 84.2167 2.0559
383 71.4348 1.90798 1.24434
384 34.2778 83.7259 2.31138
385 71.8457 12.3814 1.14609
386 58.5797 21.3481 2.01833
387 19.0471 58.865 2.26498
388 41.6328 73.3267 2.13433
389 18.2279 66.4876 2.63755
390 73.4161 73.1793 1.29505
391 80.5513 71.7377 1.72845
392 17.3616 63.3982 1.77622
393 40.8533 79.9386 1.79386
394 22.6319 87.6139 2.40699
395 83.5397 73.5988 1.79249
396 79.648 83.5162 1.45204
397 20.3383 91.3773 2.47807
398 61.4332 99.7954 1.36917
399 52.3912 68.9417 2.32101
400 75.7715 66.9618 1.12278
401 62.9839 98.5178 1.02849
402 27.189 60.1813 1.94773
403 13.1154 74.8573 1.68096
404 30.2002 70.5483 1.81805
405 48.8171 64.078 2.03971
406 81.1295 56.1272 1.23072
407 25.8919 86.1705 2.22023
408 13.4233 70.1863 2.15632
409 41.9558 92.7728 2.48484
410 78.3585 69.4793 1.91049
411 14.0367 87.4265 2.2746
412 39.185 66.0162 2.64562
413 76.7554 69.3386 1.33575
414 39.3491 78.8327 2.35486
415 71.948 4.03663 1.35558
416 35.1723 86.1652 2.6271
417 74.5407 66.9597 1.30052
418 82.5576 77.0764 0.86645
419 69.7197 0.543145 1.24507
420 27.2702 73.7629 1.90191
421 78.6911 76.2694 1.42692
422 83.0777 70.4875 1.19818
423 35.4797 90.8739 2.1567
424 80.9983 81.0249 0.824769
425 26.1428 82.3062 2.6479
426 46.7227 100.166 1.92635
427 9.98803 90.8374 3.02001
428 32.8767 74.1923 2.07717
429 39.0891 74.9858 2.18208
430 46.2444 77.8299 2.12185
431 34.4103 81.9984 1.81033
432 77.3057 79.5787 1.15388
433 44.3539 97.9131 1.99561
434 26.0147 68.6867 2.10084
435 73.0557 12.7226 1.38368
436 50.0102 76.9976 1.8632
437 21.1371 63.2339 2.20984
438 29.734 6.58543 -2.49254
439 35.8447 94.3752 2.33505
440 36.3612 63.1793 2.4268
441 78.8462 56.8304 1.73594
442 25.91 89.5929 1.82325
443 20.1638 55.8148 2.61798
444 34.7001 80.1522 2.19742
445 13.7855 49.0946 3.00822
446 77.7405 12.6563 1.03919
447 80.6109 60.8581 0.967812
448 93.6249 71.2503 1.96887
449 38.1346 61.799 1.89077
450 76.7321 73.3932 1.45072
451 26.7375 62.562 1.80402
452 12.1581 92.5961 2.48707
453 36.7798 67.4398 1.99494
454 7.97713 86.2214 2.97375
455 72.3046 2.67229 1.23604
456 71.6371 65.7466 1.54751
457 83.2231 67.6286 0.980422
458 94.7481 67.557 2.04282
459 76.5805 2.11332 1.48734
460 21.3814 65.1501 2.28687
461 65.0479 7.59389 1.19537
462 36.9239 80.378 2.48955
463 87.4456 71.0364 1.27763
464 38.6062 81.8593 1.98807
465 78.6563 72.0525 1.48551
466 39.8563 75.6885 1.99372
467 36.5017 92.7334 2.08554
468 16.8158 64.902 2.38695
469 50.9234 72.9124 1.75439
470 51.7677 63.792 1.68664
471 32.3655 75.6177 2.4621
472 37.3968 80.6031 2.52852
473 34.0711 85.8213 1.83987
474 25.1052 33.9932 1.56382
475 81.5532 59.2681 1.34241
476 78.7888 7.05429 1.77956
477 32.948 68.0688 1.83104
478 72.7272 95.5144 1.25983
479 69.8401 2.72656 0.825101
480 94.4214 62.7439 2.56272
481 36.7006 87.6672 2.35472
482 24.5248 57.7422 2.50419
483 76.4883 73.8091 1.88457
484 15.3642 68.6889 2.249
485 12.4759 58.3723 2.4448
486 38.5748 67.2403 2.85637
487 40.3098 76.416 2.07804
488 50.0196 68.9712 2.09893
489 69.3849 100.467 1.49979
490 75.1314 10.1569 1.58205
491 32.5061 68.1264 2.23809
492 38.4146 83.7232 1.79306
493 33.6415 75.6877 1.92092
494 30.6964 64.5201 2.34614
495 26.1582 74.5228 2.45342
496 21.4678 91.6266 2.44113
497 83.2534 77.4989 1.14532
498 42.5583 73.8116 2.05032
499 79.2533 98.3314 0.487125
