500
Particles
0 93.0912 75.0496 1.7857
1 32.4172 79.933 2.97916
2 0.590598 9.41504 2.06813
3 59.831 26.701 1.40589
4 81.3519 88.0456 1.50072
5 94.9946 44.8013 -2.49167
6 14.426 3.99002 2.59786
7 80.3547 34.7163 1.0173
8 49.6773 93.6801 1.30028
9 42.764 95.5581 1.76698
10 17.1557 82.1046 2.21652
11 99.2422 2.53946 2.27512
12 5.01768 10.0262 1.53134
13 89.7469 78.4343 1.35793
14 85.9839 91.8216 1.74705
15 92.0138 82.2348 1.82478
16 33.0221 93.1439 2.51866
17 85.9405 5.56596 1.80185
18 78.7181 98.0452 1.69935
19 53.6327 18.0093 2.09339
20 59.5368 27.7091 2.00182
21 99.0309 93.1871 1.30198
22 19.359 96.2728 1.92907
23 86.6273 84.3057 1.73026
24 68.0044 30.5227 1.2109
25 3.96694 84.981 2.92109
26 94.1154 35.712 -2.54334
27 93.4604 99.5963 2.29151
28 4.53952 92.6502 2.24319
29 15.5523 14.7064 2.11073
30 57.0027 37.6612 2.63118
31 13.1957 95.1151 2.30995
32 44.3722 24.2026 2.14507
33 69.5427 36.4114 0.945366
34 7.55517 85.1613 1.99897
35 78.3426 1.67281 1.56118
36 55.7612 43.0527 3.24693
37 21.0959 12.9788 2.05408
38 3.64756 88.9898 2.21259
39 86.5098 84.3201 1.31924
40 9.68162 83.3453 1.90756
41 84.5453 84.7143 1.68578
42 27.3566 94.0058 2.99555
43 63.6352 27.3453 1.98937
44 33.0569 82.9206 2.55181
45 24.577 88.6848 2.75045
46 9.8087 89.6456 2.21237
47 87.3469 25.1527 1.63557
48 15.3195 87.875 1.91793
49 99.4842 73.5239 2.34776
50 88.8142 1.86513 1.36228
51 21.3693 97.1515 1.90657
52 67.6927 29.6328 2.00483
53 57.0825 43.4264 2.42506
54 85.6572 88.8718 1.30798
55 73.3168 23.5111 1.0132
56 89.2977 91.0096 1.39248
57 14.3285 74.0695 2.35096
58 87.5832 94.2879 2.06681
59 3.68985 85.9621 2.31862
60 88.9528 98.8971 1.97645
61 15.6166 83.8528 1.9234
62 41.5158 90.7961 1.80555
63 32.7483 73.8764 2.91476
64 2.43942 99.0142 2.46991
65 82.9762 26.6545 1.78045
66 85.1062 2.82497 1.12673
67 86.7249 2.29188 1.08025
68 82.8998 23.5904 1.38046
69 20.1645 77.5109 2.46061
70 15.7151 8.79536 2.03071
71 10.4262 88.5019 2.2134
72 85.9836 99.3607 2.00032
73 20.5522 10.3404 2.61204
74 12.1115 76.6616 2.97124
75 82.3352 32.1338 1.36703
76 16.974 78.9429 2.65875
77 20.3411 9.06242 2.77355
78 99.6428 30.9653 -1.45786
79 88.337 96.4702 2.23586
80 13.6643 83.2828 2.44791
81 83.1929 1.10819 1.48413
82 68.5126 5.55747 2.74947
83 74.5764 93.9532 2.30206
84 74.2772 20.649 1.08834
85 14.1148 85.536 1.8565
86 14.1107 82.8246 2.05552
87 22.1756 7.23309 2.92183
88 75.7251 22.2897 1.83274
89 9.6017 76.2408 2.11852
90 68.2837 30.6179 1.85218
91 11.5852 94.4626 2.80753
92 19.9685 4.52452 2.61729
93 78.4429 88.7713 1.48972
94 13.8167 84.6945 2.43186
95 55.6171 19.6096 1.78151
96 98.4485 96.734 2.02248
97 17.6082 10.4741 2.89226
98 10.327 78.1441 2.43197
99 18.8591 3.65616 2.36829
100 69.3164 30.3965 1.38904
101 83.8857 98.7656 1.65423
102 18.225 83.6948 2.33212
103 6.15471 81.0331 2.55229
104 17.0237 91.1595 2.62146
105 68.3999 31.9122 1.86635
106 86.2853 89.0628 0.954236
107 96.3631 83.9373 1.89781
108 15.5501 93.3928 2.68843
109 93.0184 96.511 2.20209
110 83.3975 33.3875 1.42844
111 23.1718 13.4365 2.60701
112 57.8911 25.5253 2.02589
113 15.4955 2.69734 2.71737
114 96.3023 100.16 1.87223
115 8.87108 12.0848 2.15411
116 13.0351 73.403 2.49818
117 9.36245 92.0628 1.9799
118 51.1042 28.2995 1.73789
119 82.4135 91.4899 1.94703
120 -0.0650674 79.1995 2.09653
121 55.4126 73.1219 -1.32189
122 14.6324 88.0564 2.3939
123 74.5886 88.9025 2.07637
124 96.5321 7.61611 2.32433
125 84.2148 20.6963 1.12051
126 28.1417 99.6705 2.66172
127 84.8259 81.6239 0.680093
128 69.8808 30.4166 1.79891
129 92.8704 0.973022 2.12916
130 3.29904 90.7345 2.16188
131 15.3026 81.294 2.1391
132 86.4412 21.9512 1.17853
133 86.2862 24.6737 1.2251
134 97.8172 70.4251 2.4313
135 20.8277 10.1664 2.74918
136 10.1583 74.1722 2.35888
137 2.84101 98.4515 2.20164
138 16.9868 85.8386 2.39026
139 4.49443 81.1237 2.77069
140 19.619 83.4354 2.00121
141 79.9934 22.9249 1.279
142 79.6697 91.8756 1.50436
143 38.7761 99.0197 1.80671
144 -0.335634 97.7553 2.68926
145 92.0733 3.29961 1.62412
146 98.0824 83.7561 2.68723
147 66.699 36.4326 1.26239
148 21.5596 10.0406 2.50255
149 81.9 1.18704 1.68842
150 20.578 86.112 1.9456
151 48.2881 22.6987 1.98097
152 13.4387 77.5083 2.48973
153 16.2958 92.0182 2.36584
154 34.8901 95.8265 2.34624
155 86.536 26.3087 1.38465
156 51.9326 93.5275 1.46272
157 36.6319 5.78859 1.6276
158 93.6528 37.4772 -1.86371
159 39.8179 2.28605 1.97114
160 64.1148 38.1981 1.46567
161 39.2879 2.58474 2.1634
162 81.8849 2.20207 1.69867
163 75.1517 20.1326 1.41752
164 84.5186 28.1658 1.13991
165 76.1225 99.2822 2.22445
166 74.2253 21.5179 1.90553
167 23.8412 12.6673 2.95182
168 88.5286 97.9834 1.34006
169 83.015 26.808 0.967582
170 46.689 55.8462 2.70339
171 12.5967 3.34649 2.62915
172 93.886 79.2919 1.63944
173 20.1025 82.61 2.35962
174 92.0403 35.9936 -2.70288
175 84.3067 18.8736 1.14233
176 10.6153 16.6729 1.76269
177 7.07414 80.1652 1.93101
178 67.4474 29.3291 2.08989
179 6.09756 93.9694 2.24919
180 14.2347 4.02617 2.70361
181 46.6559 98.2035 1.79434
182 92.3497 92.0371 1.61503
183 92.9855 73.9857 2.647
184 19.2953 3.28842 2.46574
185 83.6114 26.5514 1.0005
186 19.3224 91.0579 1.92855
187 53.3798 25.2864 2.0679
188 77.4761 81.7202 1.60677
189 96.3237 4.906 2.23156
190 94.6246 37.6987 -1.75795
191 10.3877 9.91323 1.98437
192 8.84048 72.9035 2.3038
193 21.1118 0.292213 2.52916
194 11.664 81.6862 2.45493
195 4.36178 98.0009 1.77138
196 3.02507 77.8192 2.19103
197 13.6469 81.0845 2.36758
198 17.2304 3.2672 2.45617
199 1.85199 49.1566 -0.0276442
200 20.0481 7.55815 2.35326
201 16.5317 12.1477 2.58669
202 66.5171 30.9285 1.62852
203 41.507 3.74116 1.52583
204 93.8673 34.9493 -2.06821
205 24.1882 12.232 2.04501
206 10.5906 82.7165 2.52656
207 4.13256 87.3665 2.7167
208 70.4603 18.4173 1.05835
209 50.6289 26.9533 1.53857
210 86.5888 100.171 1.82449
211 15.6822 88.1759 2.83063
212 86.5621 23.345 1.77698
213 49.2241 20.6245 2.46805
214 73.6821 79.5835 1.61555
215 -0.29901 89.2742 2.64483
216 27.4072 95.021 2.53547
217 3.30374 95.4185 2.47919
218 89.0711 10.9768 2.69422
219 88.3328 6.42916 1.28052
220 20.9663 11.7702 2.21459
221 23.1048 99.5827 2.80283
222 19.847 11.8336 2.16313
223 72.4802 32.9749 0.943319
224 55.1618 27.034 1.3248
225 9.34485 13.0941 1.83768
226 38.1123 94.293 1.96029
227 18.9699 92.43 2.2077
228 15.7189 83.1304 2.2106
229 16.8188 83.2841 2.47286
230 88.5051 80.4083 0.895588
231 90.8169 97.9733 2.0379
232 18.8039 0.646032 2.59467
233 10.9541 88.0439 2.05079
234 2.45988 79.3623 2.25633
235 87.0776 88.8065 1.86066
236 32.4039 89.4937 3.16311
237 0.329843 8.12211 1.61079
238 89.4882 90.5663 1.47336
239 78.5698 91.3689 1.24903
240 98.7171 99.8945 1.85983
241 49.4132 92.3748 0.959238
242 24.1772 97.2971 2.10535
243 18.2578 5.91053 2.98872
244 39.6221 3.26059 1.6977
245 20.9938 96.6565 2.06708
246 16.9412 85.6926 2.33396
247 90.0213 30.4106 2.63028
248 82.9919 91.6399 1.41013
249 10.5984 75.232 2.30607
250 92.9026 99.3419 1.68705
251 93.64 5.9178 2.55536
252 77.6128 33.664 1.47436
253 55.3419 28.7405 1.54272
254 14.3884 79.9141 2.7945
255 83.245 0.782485 1.23182
256 25.1718 96.5312 2.32993
257 15.2041 83.9239 2.10343
258 50.929 97.1829 1.34115
259 90.021 90.1766 1.78444
260 95.6134 41.1305 -2.02597
261 82.7689 93.0826 1.90451
262 25.0533 90.1492 3.25426
263 16.4879 98.9765 2.06697
264 63.9452 36.9893 1.39028
265 13.6024 80.7217 1.90433
266 4.99594 76.2094 2.80501
267 99.0684 99.5544 1.70921
268 3.16011 82.5813 2.40055
269 92.5321 0.836587 1.56358
270 90.3457 94.1284 1.42371
271 91.5127 92.7967 1.89041
272 44.8146 19.5386 2.16102
273 6.10157 83.054 2.09598
274 12.8462 92.5697 1.96277
275 15.7267 82.3519 2.30656
276 4.05701 73.0017 2.3276
277 16.9703 2.37742 2.42307
278 28.2639 73.9899 3.05126
279 24.609 98.8736 2.30121
280 91.2872 94.5687 1.52981
281 17.9151 89.0878 2.11661
282 85.5063 90.8126 1.37575
283 28.3828 13.5976 2.84057
284 22.5224 77.5805 2.00781
285 15.6857 7.24207 2.63145
286 79.7215 83.6455 1.26355
287 14.1955 85.3594 2.37782
288 58.3749 20.1532 2.6579
289 24.2171 79.9092 2.8162
290 11.4116 88.4164 2.75043
291 49.669 89.0205 1.49325
292 84.8603 24.7666 1.86323
293 10.7292 91.3671 2.63419
294 91.6075 90.5221 1.36848
295 99.5804 93.9715 1.32851
296 23.8211 7.09381 1.98225
297 29.1268 91.9705 2.69934
298 54.5997 91.5201 0.986909
299 18.118 12.5917 2.16992
300 9.58601 82.3999 1.98012
301 86.7131 0.740504 1.28505
302 98.9139 78.3713 3.05005
303 16.6676 86.9756 2.70155
304 32.7309 76.0201 2.70217
305 96.1772 5.11905 2.37283
306 62.1273 33.5402 1.58723
307 98.3119 4.71596 1.8636
308 82.5938 95.3927 1.87796
309 11.0615 92.3472 2.55358
310 66.2993 34.8966 1.46171
311 89.9718 86.4308 1.91071
312 19.0621 96.109 1.97751
313 50.9221 21.6248 2.34404
314 87.5837 4.69922 1.62337
315 16.7758 89.961 2.48264
316 18.5772 3.86399 2.27609
317 90.8276 95.8765 1.56347
318 8.11314 12.24 1.48188
319 17.4191 11.9103 2.2914
320 18.8625 10.8662 2.34637
321 85.6276 3.99669 1.644
322 22.6701 9.8703 2.0968
323 87.2342 96.1605 1.48355
324 33.2644 16.0501 2.64867
325 27.4851 94.5989 3.02427
326 13.8242 80.1759 2.65046
327 11.7569 86.6802 2.7908
328 27.0751 9.22047 2.33692
329 59.418 22.4187 1.98252
330 50.8069 20.1881 1.99244
331 74.3846 36.8857 1.72547
332 52.8983 21.4807 2.01032
333 19.2365 4.90963 2.59545
334 85.0514 86.7789 0.93094
335 11.4659 10.3878 1.65709
336 23.3183 11.7807 2.11707
337 82.0949 89.4874 1.1154
338 26.0822 94.2865 2.32748
339 15.0208 85.3753 2.66478
340 92.0868 77.3309 1.59223
341 77.1906 94.7454 2.00969
342 85.4572 97.0273 2.01694
343 27.2994 97.5743 3.02127
344 19.0579 87.2626 2.04288
345 74.6171 26.9979 1.15053
346 83.1751 85.0115 1.53833
347 95.1264 42.8483 -2.50351
348 76.5738 82.9342 1.77955
349 92.5586 32.5273 -2.42137
350 21.1861 95.5963 2.35666
351 46.665 93.8311 1.5315
352 33.6911 82.0393 2.66379
353 71.5291 31.9333 1.66113
354 7.75118 74.7453 2.44175
355 16.7854 78.4357 2.45707
356 23.2592 8.21956 2.2705
357 87.0796 27.7972 1.41716
358 91.3846 94.9799 2.19079
359 3.86993 84.4963 2.79796
360 84.0803 5.88757 1.2631
361 95.5498 71.0016 2.23767
362 99.1931 96.4094 2.12298
363 14.8789 83.1083 2.05347
364 70.1819 37.4196 1.04082
365 16.251 96.948 2.79272
366 16.3057 5.09211 2.90118
367 21.8944 11.6063 1.98815
368 96.4055 81.3561 2.24963
369 54.0739 20.4116 2.7299
370 55.987 30.0941 1.5433
371 81.8533 99.9525 1.44263
372 95.0956 90.8132 1.73854
373 18.0396 8.22047 2.5309
374 93.7931 4.17749 2.16976
375 20.1711 1.12335 2.19464
376 95.2057 94.2611 1.44245
377 46.3914 22.1727 2.29827
378 10.7392 90.6555 2.11134
379 20.8853 13.6328 2.77762
380 17.1597 83.4772 2.35519
381 4.19171 35.4825 -0.915218
382 2.20189 96.2933 1.83219
383 77.1988 24.6534 1.18521
384 18.6371 1.21379 2.46978
385 75.204 35.1036 0.866308
386 57.9812 42.2244 2.56116
387 0.547264 72.5256 2.11488
388 27.5436 90.9049 3.14916
389 1.57439 83.0638 3.04925
390 75.6706 96.0518 1.55361
391 86.281 94.4646 1.27772
392 1.747 80.8651 2.37871
393 27.1782 98.1319 2.94171
394 2.67522 98.7898 2.6201
395 90.2295 95.6439 1.6909
396 88.0427 4.85172 2.13345
397 99.5013 0.807118 2.47785
398 51.1618 19.6851 2.24786
399 50.8005 91.1911 1.37933
400 78.7989 90.4214 1.85589
401 53.1728 18.171 2.51565
402 10.2311 76.6382 2.07698
403 99.4635 93.2936 1.95395
404 12.8967 86.5867 2.36022
405 32.621 80.378 2.27529
406 87.0535 77.4092 1.03728
407 12.3694 5.37136 2.32737
408 98.0753 87.5447 2.61543
409 27.8517 11.6512 2.26444
410 82.3582 92.2097 1.93812
411 97.5806 1.53687 1.786
412 22.182 81.9662 2.16716
413 78.7487 92.4172 1.96494
414 25.7235 97.2192 2.84111
415 81.1645 25.5973 1.84879
416 19.3813 3.39235 2.41452
417 76.61 90.114 2.02622
418 88.1811 99.899 1.43305
419 73.9162 23.4551 1.2618
420 10.5313 89.9257 2.78001
421 85.3718 98.7212 1.47
422 88.8815 92.8557 1.79531
423 20.5706 8.76448 2.7843
424 86.8457 3.65032 1.04615
425 10.6208 99.3177 2.76932
426 32.0748 12.2948 2.15942
427 92.0656 3.97335 1.68442
428 15.2049 89.5017 2.78054
429 24.1751 92.456 2.70679
430 36.8043 99.487 1.50127
431 20.0805 100.285 1.90865
432 83.0198 2.23934 1.46129
433 29.4701 11.8616 2.50718
434 10.2957 86.1368 2.45545
435 75.5387 35.5552 0.938556
436 44.9822 99.3245 1.08643
437 4.59142 80.0414 2.675
438 13.2251 15.4912 2.12737
439 21.5385 12.6436 2.88805
440 18.6545 78.8078 2.50224
441 85.595 78.8853 1.23796
442 12.3616 8.593 2.00007
443 0.66382 68.7351 2.5051
444 19.7598 97.8893 2.07295
445 92.2666 41.9985 -2.37217
446 83.5761 35.4029 1.75586
447 87.232 83.1802 1.27776
448 95.4675 94.3639 2.25586
449 22.6668 79.5937 2.38625
450 82.5509 96.0071 1.76085
451 9.31393 78.3295 2.10598
452 92.3509 5.1802 2.34638
453 18.2857 81.8075 2.0967
454 94.0523 2.05875 2.33425
455 78.7463 25.2352 1.9175
456 75.8378 88.5504 1.72574
457 88.1452 90.6104 1.41046
458 98.4454 90.2908 1.53841
459 84.2554 24.3295 1.89234
460 6.00781 82.5498 2.06337
461 64.8837 30.7796 2.1348
462 22.1223 97.546 2.6715
463 92.6315 93.3157 2.04748
464 25.2171 0.696428 1.99447
465 84.3688 94.5889 1.47673
466 25.5994 93.6224 2.57359
467 22.676 11.2751 2.39727
468 0.0257119 81.0143 2.23826
469 47.5785 96.0188 1.79231
470 35.6629 80.6523 2.24847
471 14.4957 90.7176 2.70753
472 22.6881 98.271 2.54182
473 18.2454 2.63679 2.75742
474 8.19871 43.5518 2.63748
475 88.8677 80.9898 1.00777
476 88.3911 28.3485 1.22446
477 15.6696 83.7562 2.83996
478 79.3462 17.2901 1.1272
479 72.3883 26.0314 1.70212
480 92.222 85.5586 1.25184
481 24.8938 7.95905 2.32459
482 7.3326 73.6184 2.29079
483 79.1227 97.0049 2.2274
484 98.2267 84.4414 2.29627
485 93.9072 72.1335 1.98898
486 21.4831 83.4077 2.03066
487 25.6891 93.8385 2.8629
488 48.6269 92.2894 1.14998
489 72.6518 23.7048 1.46561
490 82.0443 32.7838 1.41857
491 15.2565 84.1315 2.4877
492 23.1437 1.4269 2.7738
493 17.6673 92.5988 2.2613
494 12.6643 79.2069 2.00025
495 8.85177 89.8861 2.59074
496 0.626965 1.24433 2.37047
497 89.7435 99.7855 1.43046
498 28.1423 91.4114 2.38185
499 89.7338 18.7992 1.60962
