500
Particles
0 54.9951 75.0775 1.76134
1 26.8462 75.9608 2.05969
2 19.736 83.002 1.9839
3 54.2613 85.2615 0.499779
4 21.9067 57.9276 1.29259
5 20.2502 91.4979 2.70715
6 46.7647 71.8406 1.60804
7 27.0177 23.0158 0.96306
8 33.9397 88.9305 3.15926
9 35.8329 93.4576 2.6512
10 28.6413 92.4405 2.71317
11 19.504 18.4414 1.28049
12 50.2508 87.6087 -0.541548
13 81.1655 71.4011 -0.505771
14 23.4136 60.0705 1.64444
15 37.0071 13.835 -1.30478
16 35.1858 2.20421 -2.35356
17 19.6264 49.5575 1.84747
18 31.0437 73.5143 1.58299
19 95.2926 98.3079 1.53254
20 54.8714 85.4456 0.0968162
21 43.6881 71.3739 1.8058
22 21.9729 98.2963 2.95657
23 27.1643 54.7888 2.04771
24 79.6997 21.3656 2.56752
25 16.2692 96.7772 3.01359
26 21.4884 90.8706 2.93909
27 17.059 10.8847 1.87358
28 57.3923 76.9058 0.336673
29 22.7518 51.702 1.7415
30 20.966 86.0927 2.70287
31 18.7506 0.653863 3.11773
32 54.9087 83.4213 0.891341
33 22.6073 81.5991 2.4507
34 21.8159 98.6353 2.3117
35 37.1471 86.8008 2.64888
36 17.2775 22.0074 0.969445
37 45.4014 77.866 1.07477
38 6.58911 92.0188 1.75194
39 20.2388 55.7068 1.95298
40 23.7738 95.2731 3.09826
41 83.8559 76.2808 0.0556251
42 29.6927 96.2926 2.33115
43 80.5089 11.4542 -2.82905
44 29.0738 80.9852 1.42332
45 33.1903 -0.174469 -2.66574
46 21.7043 0.701617 3.24741
47 6.69723 18.3935 0.234316
48 24.7227 97.2443 2.66537
49 16.8948 91.0319 2.66812
50 42.1281 87.8461 2.31776
51 23.9015 1.54717 2.76991
52 78.1074 17.6564 3.22783
53 16.9991 21.0494 1.17123
54 29.406 60.8707 1.55471
55 10.8957 1.90525 1.85281
56 31.1177 62.8237 1.37215
57 28.5886 90.0672 3.12631
58 29.3046 66.2582 1.98938
59 12.827 93.987 2.91583
60 38.5756 81.3605 1.58079
61 28.1419 95.659 2.52902
62 33.1139 87.4975 2.27496
63 24.449 71.2486 2.41364
64 41.5557 77.6436 1.90862
65 8.47141 3.25184 2.03029
66 38.545 84.6248 1.93229
67 39.0131 85.6303 2.44858
68 5.78363 0.492804 1.02524
69 32.6413 88.4329 2.72498
70 45.3638 74.8629 1.54237
71 19.3869 96.1928 2.75179
72 38.2485 80.0613 1.95503
73 49.8645 76.8376 1.58401
74 26.0354 89.7265 2.44752
75 64.9797 32.3124 -1.01799
76 29.0416 89.3702 3.09893
77 44.1584 74.8268 1.74902
78 20.69 86.3513 2.19087
79 31.0837 68.7654 1.66688
80 24.9343 92.4869 2.72839
81 36.8205 83.2493 2.36204
82 99.2814 95.9814 0.825441
83 26.2025 65.71 1.67011
84 16.4872 2.3389 2.45743
85 23.6388 92.816 2.73142
86 25.9002 93.0583 2.38157
87 0.0102379 96.189 1.92145
88 95.5411 98.1117 0.971025
89 24.118 90.7073 2.87979
90 64.5175 28.3388 -0.508705
91 17.0418 1.21464 3.13274
92 99.9373 95.4502 1.65927
93 27.6826 62.8648 1.24596
94 26.1261 95.2092 3.09903
95 54.7988 80.758 0.860019
96 40.8393 75.3137 1.17925
97 47.3042 79.1206 1.03962
98 23.3998 90.9588 3.04869
99 62.6419 79.7165 0.266687
100 79.2931 17.3141 3.36289
101 32.2752 74.1822 2.1018
102 29.8162 94.0776 2.47935
103 20.9518 95.3593 2.11936
104 25.5626 98.7672 2.72445
105 61.5252 28.065 -0.137859
106 31.8904 63.3011 2.06912
107 56.6116 76.7377 0.836882
108 24.5966 0.827554 2.5078
109 34.4544 65.8361 1.66212
110 80.3467 89.8303 -1.02093
111 46.6118 77.0136 1.20601
112 55.629 84.6041 0.76712
113 48.8506 71.8492 1.77141
114 43.5464 23.9726 -1.78594
115 47.3595 84.3579 1.19126
116 26.5066 86.0088 2.99711
117 16.0005 98.7541 2.67568
118 51.3978 86.8118 0.444669
119 28.3345 61.5589 1.32109
120 17.3865 96.9224 2.27334
121 36.5426 89.1792 2.44008
122 24.693 95.8179 2.44975
123 28.8671 73.0586 1.88209
124 76.0059 71.0529 -0.483469
125 9.04465 1.3494 1.96241
126 31.0798 6.04161 -2.87672
127 79.4663 74.2752 -0.229526
128 79.1544 21.0429 2.53867
129 55.6984 71.4928 1.157
130 61.5567 78.4107 0.127201
131 27.8384 93.1014 3.01069
132 6.94677 46.2079 -0.771218
133 7.01663 52.4088 -0.798756
134 17.5154 90.4319 2.39158
135 49.6239 76.0972 0.876122
136 24.9577 89.2765 2.21735
137 46.9601 76.3475 1.68915
138 27.0456 94.5388 3.24126
139 19.5942 97.2198 2.80329
140 30.8085 94.0862 2.74097
141 11.0562 2.94877 1.83682
142 28.5284 65.8372 2.05125
143 35.1329 99.592 3.02749
144 44.5605 79.5221 1.65079
145 54.1325 73.5486 1.11916
146 60.4727 77.014 0.305164
147 19.218 80.8241 1.93165
148 60.5496 78.9097 0.836664
149 37.5662 83.258 2.81283
150 30.4994 94.3924 2.32835
151 54.2778 82.2851 0.672103
152 27.3949 89.777 2.75496
153 23.9423 99.2455 2.8334
154 35.0117 1.36897 -3.27267
155 8.30579 53.2731 -1.18584
156 37.7162 89.7243 2.50547
157 27.8999 1.40773 3.4746
158 19.7461 91.6384 2.95675
159 34.9278 10.674 -2.27616
160 22.4458 85.4303 2.39462
161 32.8321 6.30921 -2.13622
162 39.9053 90.5311 2.11986
163 6.28275 99.0047 1.20156
164 76.5164 58.0247 -0.923786
165 37.9061 86.9951 2.46147
166 1.80783 98.8786 1.53101
167 50.9953 79.0287 1.04824
168 31.8503 72.4184 2.05517
169 83.7957 16.5924 2.95348
170 23.1461 78.7617 1.51787
171 45.855 71.7445 1.4168
172 53.3043 74.8093 1.81076
173 31.7499 93.2429 3.21583
174 20.1344 91.3335 2.11466
175 17.3497 2.36089 2.48754
176 35.4806 14.8265 -2.10898
177 21.8582 95.1217 2.63033
178 83.079 16.9432 2.7971
179 56.0846 77.0774 0.574395
180 48.4309 73.038 1.0162
181 35.6057 94.8075 2.89829
182 32.1012 63.313 2.07105
183 66.3646 82.5889 0.696336
184 3.97496 95.874 1.74781
185 3.88634 54.3643 -1.28472
186 26.1771 96.4779 2.30042
187 54.2259 84.369 0.38555
188 22.8834 66.3784 2.04765
189 22.3513 86.2317 2.68696
190 18.3566 89.9713 2.69649
191 44.1764 81.2304 1.95484
192 25.6958 91.4545 2.71588
193 20.4602 0.656819 2.63085
194 23.0285 91.1232 2.57293
195 44.0586 73.4173 1.23191
196 19.1193 93.0514 2.10296
197 26.4165 93.5595 2.68023
198 99.6444 95.5347 1.68689
199 20.0062 92.2077 2.56836
200 46.7176 74.6634 1.8104
201 17.6441 52.3742 2.24894
202 77.7824 19.5408 2.64704
203 33.02 8.63151 -1.78112
204 21.4083 90.4025 3.01908
205 50.8754 77.2323 1.10735
206 23.243 95.0078 2.93639
207 14.8482 96.9968 2.63149
208 7.8297 97.6619 1.57326
209 56.694 85.574 0.570711
210 35.132 77.2759 1.31598
211 24.1462 96.4428 2.38583
212 6.51551 48.0833 -1.48008
213 58.627 81.624 0.235726
214 23.8833 67.4648 1.98969
215 51.682 73.533 1.6431
216 31.9738 2.85167 -2.89866
217 46.4226 70.8413 1.38111
218 26.5769 5.55541 3.1988
219 20.7756 48.9281 2.03591
220 49.5331 77.5117 1.62915
221 25.3749 2.76419 2.76731
222 44.6873 78.5085 1.118
223 62.1448 34.6054 -0.475756
224 55.6548 85.2341 1.00842
225 20.4605 19.1817 1.62112
226 33.9218 94.3294 3.10924
227 26.1979 97.6222 2.7012
228 27.0305 91.8171 3.13246
229 30.5516 97.2948 2.95357
230 81.7323 73.5871 -0.459453
231 39.9756 78.8078 1.97052
232 17.2023 1.11596 2.67072
233 20.2055 96.6283 2.3904
234 16.8927 92.8641 2.70472
235 30.9231 60.1581 2.08424
236 32.755 90.8221 3.08536
237 23.7785 85.2869 2.66884
238 28.0023 58.8179 2.21266
239 23.4619 61.9659 1.63689
240 45.7529 88.6182 -2.92639
241 30.6577 82.574 2.31605
242 26.3923 -0.0117357 3.51557
243 48.6827 73.7125 1.00335
244 34.1197 6.14714 -2.10507
245 24.9956 1.23526 2.50977
246 27.3191 93.9473 3.04117
247 78.7127 78.0234 0.265293
248 26.4488 64.3471 1.684
249 24.4008 88.5677 2.5868
250 14.7041 13.3931 1.33095
251 19.1201 85.9267 2.0327
252 25.2919 21.5177 1.65196
253 78.4425 15.9206 2.61236
254 27.3916 92.3889 2.443
255 38.3331 83.7818 2.64599
256 27.6926 99.3763 3.01283
257 27.6667 95.127 2.82669
258 36.3431 90.6757 3.01319
259 35.1518 62.9002 1.58544
260 21.5313 91.5327 2.19711
261 28.6489 65.0411 1.97879
262 32.3655 97.8083 2.40949
263 17.9994 0.735034 2.24115
264 21.4489 82.0037 2.39794
265 25.2502 91.767 2.88216
266 22.2638 93.8043 3.03958
267 41.272 77.3006 1.2313
268 19.5719 99.4613 2.20998
269 16.7216 12.4723 1.40178
270 30.6344 66.1353 1.45002
271 32.9983 62.7154 1.89758
272 57.9806 81.7688 0.161142
273 17.9029 94.0726 2.51477
274 20.3016 97.4961 2.68622
275 28.9462 95.4282 2.42278
276 22.0064 91.3751 2.15953
277 54.0674 75.9543 0.897445
278 25.881 76.7145 1.86765
279 26.9138 1.61233 3.22612
280 29.3063 64.3301 1.3639
281 27.1002 95.9711 2.98983
282 27.8565 61.2578 2.08841
283 48.7178 83.8308 0.882968
284 29.8071 85.2815 2.23312
285 46.2805 75.3051 1.33043
286 78.1586 76.4772 -0.0193437
287 25.3688 95.4065 3.2371
288 63.7687 82.3375 0.871708
289 26.3545 80.7816 1.88872
290 22.2782 99.6197 3.02471
291 28.9116 77.4202 1.87215
292 83.9083 13.5018 -2.77873
293 19.7768 98.816 2.77932
294 29.0848 59.1112 1.4748
295 29.3608 9.9703 -1.97047
296 6.58595 96.5528 1.53174
297 33.041 96.6682 2.61044
298 31.0889 79.3467 1.63761
299 46.7448 79.5925 1.03036
300 23.4536 94.1186 2.34924
301 40.0922 82.3778 1.66817
302 8.74097 88.9656 1.864
303 26.8211 96.3999 3.29935
304 25.3986 73.682 1.66159
305 21.6695 87.5967 2.35499
306 20.2323 19.9089 1.35895
307 21.8055 84.3185 2.01505
308 29.8062 65.4157 2.11136
309 18.4369 97.7807 2.25388
310 22.4907 18.5669 1.03276
311 85.6584 71.9179 -0.210411
312 24.1541 0.947408 3.28084
313 55.9782 81.692 0.936116
314 33.0146 10.6187 -1.42944
315 25.06 98.2159 2.81819
316 49.8289 74.221 1.81651
317 30.6601 68.5446 1.67524
318 49.4282 88.5687 -1.47693
319 44.6232 80.3167 1.56941
320 47.1172 76.8891 1.19088
321 20.4637 48.8819 1.46511
322 47.8921 75.4197 1.67284
323 29.8445 69.1293 1.16159
324 25.8267 85.1125 2.5083
325 31.2575 97.8223 2.48163
326 27.6532 92.7698 2.53556
327 22.2467 94.9473 2.28768
328 3.51768 96.6214 1.61937
329 58.713 82.8758 0.995129
330 54.7774 80.8837 0.527811
331 94.5104 48.0298 -2.17303
332 58.0181 82.7831 0.260929
333 96.9674 94.8901 1.42893
334 23.0035 58.0242 1.55738
335 46.4542 79.5016 1.55252
336 48.1994 77.0416 1.18466
337 24.6758 60.4437 1.68762
338 29.6689 98.3179 2.46554
339 25.7777 94.8905 2.78872
340 38.8869 73.2751 1.77395
341 24.0913 66.0958 1.74636
342 34.6488 73.9087 1.52703
343 29.7035 1.85131 3.24674
344 28.4669 94.7486 2.93849
345 82.1726 9.60188 -3.39671
346 85.417 77.7129 -0.0493864
347 20.6032 91.8809 2.97694
348 24.1131 65.9547 1.42835
349 20.4212 88.0615 2.02724
350 25.9094 1.10224 2.60641
351 36.8018 91.2313 2.69009
352 26.9312 77.3213 1.28512
353 64.4293 30.4172 -0.798889
354 24.577 91.4917 3.15079
355 30.2853 91.3936 2.44263
356 61.7082 80.7756 0.596135
357 10.652 55.4018 -0.409298
358 32.7096 68.0401 1.59652
359 17.7282 98.732 2.81056
360 36.9793 6.00479 -2.45947
361 15.4542 91.5583 2.17774
362 42.7988 74.9377 1.79709
363 26.4277 92.066 3.10662
364 22.5831 82.4036 2.03997
365 21.3443 1.99607 2.49547
366 47.8571 73.6723 1.0844
367 50.5704 77.8892 1.62907
368 60.0363 77.1316 0.171851
369 82.3607 7.14558 -3.17408
370 53.2186 90.6076 -1.71558
371 39.6882 84.3685 1.87877
372 31.4924 59.043 2.2852
373 48.4716 75.4314 1.85624
374 21.763 84.5653 2.57417
375 19.1473 2.21211 3.07415
376 36.8718 65.7008 1.44645
377 52.7537 81.074 0.980243
378 21.5157 1.19148 2.77307
379 50.1449 79.7218 1.34623
380 29.5504 95.4427 3.07166
381 23.9507 89.7123 2.65693
382 43.7334 71.9186 1.7733
383 87.0244 26.5297 2.9208
384 16.2963 99.5828 2.35816
385 23.6307 18.5058 1.53964
386 16.1409 21.8721 1.1201
387 20.3174 93.9682 2.94549
388 32.634 96.8334 2.82954
389 14.3282 94.3859 2.71525
390 31.8654 77.1324 1.456
391 28.8647 64.7804 1.97241
392 0.345102 85.3163 2.20545
393 28.6373 0.709374 3.41649
394 45.5737 74.4701 0.991038
395 33.0368 69.407 1.77939
396 21.1819 47.2327 1.49684
397 46.0818 84.9696 1.4312
398 59.0565 80.9198 1.0457
399 35.5585 86.2861 2.47919
400 24.2681 61.4025 1.95119
401 3.61243 99.1726 1.58538
402 25.8319 92.9153 3.20458
403 42.2861 71.746 1.2064
404 23.781 95.7231 2.64733
405 26.5055 77.1987 1.47402
406 79.1358 73.423 0.115918
407 45.5002 73.6057 1.01547
408 50.5849 74.0634 1.78816
409 50.2779 76.6024 0.91123
410 22.5562 61.4724 1.33646
411 45.1478 22.8985 -1.30305
412 32.3658 89.4542 2.51033
413 27.5742 64.3456 1.8548
414 27.6213 99.8824 2.4011
415 81.8931 12.4543 -3.03165
416 6.09564 94.921 1.09474
417 25.7696 63.9141 1.25376
418 37.9265 78.3071 1.20067
419 90.332 25.3259 2.6308
420 17.6349 97.0445 2.45861
421 30.7878 74.5093 1.82121
422 30.7014 64.4447 2.15341
423 48.1186 75.2806 1.18804
424 35.2948 13.3637 -1.94301
425 46.1579 70.4167 1.50581
426 50.392 81.5741 1.46042
427 16.1521 85.5208 2.12612
428 26.111 99.7515 2.70834
429 30.6547 97.8367 2.51345
430 34.4504 6.27227 -1.81361
431 20.7001 2.48037 2.8453
432 40.3109 87.8188 2.61579
433 55.8116 80.2305 0.594601
434 22.2325 96.9738 2.35594
435 20.6968 81.0635 1.8539
436 35.1295 95.5192 3.17881
437 20.5513 95.6025 2.44787
438 20.4537 53.3918 1.5353
439 50.5532 78.4595 1.10324
440 28.1405 87.4447 2.61518
441 77.0232 70.4472 0.0053003
442 45.9313 75.0276 1.03346
443 23.4587 92.6183 2.72572
444 23.6546 0.827011 2.90324
445 18.2402 89.2505 2.96389
446 79.6259 69.2767 0.157951
447 82.0053 76.8239 0.460969
448 35.9572 19.8424 -1.09016
449 28.82 84.7748 1.77773
450 28.7201 67.4878 1.56527
451 25.1283 92.7019 2.87461
452 19.2984 86.8862 2.2265
453 31.4652 95.0682 2.83813
454 53.9722 72.8299 1.43392
455 99.1614 100.082 1.56463
456 18.3893 59.1834 1.62958
457 30.6162 59.4392 2.0193
458 43.5771 88.1599 2.65784
459 14.6444 6.62192 2.21539
460 17.8739 91.8128 2.38796
461 64.1905 28.4748 -0.741264
462 25.3905 0.953094 2.7657
463 33.7177 65.0245 1.8835
464 27.9661 4.93372 3.43103
465 29.3498 67.7055 1.97175
466 30.5057 100.011 2.6607
467 47.8763 76.2434 1.49717
468 14.4781 94.4931 2.94613
469 36.2518 92.9252 2.30584
470 27.7844 74.4477 1.30314
471 26.1001 0.853329 3.26718
472 24.9489 1.11061 3.43583
473 50.7858 74.5178 1.0912
474 38.1309 14.7612 -1.3516
475 80.7486 72.2787 -0.238539
476 9.319 55.2343 -0.501583
477 25.8453 93.7957 2.95399
478 17.1707 3.39299 3.0261
479 86.0702 9.90591 -2.68681
480 30.9897 58.0178 1.96725
481 7.81079 96.3527 1.26093
482 25.2682 90.6795 2.87387
483 29.6859 70.5763 1.64071
484 2.0956 91.1623 1.44534
485 9.27683 88.1306 1.6932
486 32.9706 92.9599 3.18061
487 31.5457 2.77844 -3.01996
488 35.0897 87.4156 2.77678
489 2.92947 99.3096 1.60405
490 26.0842 21.665 0.740034
491 28.0476 94.7516 2.57293
492 24.1324 1.11447 2.57012
493 24.2561 98.1875 2.56168
494 27.6123 94.1723 3.19417
495 17.5218 96.9692 2.66835
496 44.0575 81.1166 2.03164
497 36.5976 10.37 -1.5505
498 32.5822 95.1754 2.75985
499 13.0548 5.00938 2.61742
