500
Particles
0 9.26902 27.8149 3.21943
1 77.9242 62.586 1.42664
2 62.8742 33.3712 1.63796
3 56.3489 53.8052 2.13046
4 2.97371 83.8516 2.65771
5 83.5364 60.797 1.17417
6 26.4179 100.175 2.00556
7 67.3289 60.8024 1.76291
8 96.0244 92.9149 2.80072
9 43.2057 38.6151 1.0136
10 26.072 78.9678 2.65706
11 24.7694 10.8051 2.74225
12 70.438 32.6372 1.45123
13 93.8253 55.9113 -2.83611
14 4.48153 86.019 2.18602
15 96.2343 62.9483 2.30963
16 50.8844 89.2962 1.1581
17 22.0375 17.3406 1.85482
18 9.8962 2.82813 2.08664
19 3.19982 3.73048 1.63699
20 58.2276 55.3802 1.85009
21 24.6493 99.2581 2.22186
22 25.235 89.8708 1.89849
23 98.6062 73.6101 2.57556
24 60.1586 56.7115 2.03553
25 10.8837 78.1911 2.60393
26 3.74363 25.9905 2.4916
27 21.0902 5.68816 2.10101
28 22.5554 94.9427 2.05556
29 79.0996 30.9628 1.52541
30 52.9239 29.2063 1.43584
31 23.7461 92.1886 2.13914
32 89.4416 30.9918 1.09048
33 51.1394 64.2106 1.52109
34 10.012 73.5049 3.24113
35 10.538 9.62658 2.80404
36 36.2552 58.8642 2.27571
37 79.0972 29.1963 0.910717
38 11.7004 82.187 2.50796
39 1.1782 76.6073 2.46521
40 6.81971 63.0782 2.82433
41 95.8183 71.0432 2.89996
42 30.3954 82.1116 2.44455
43 58.7688 55.0889 2.08905
44 81.2247 62.7793 1.11013
45 36.3156 87.3046 2.05143
46 10.6178 77.1289 2.46516
47 80.9956 52.184 0.942557
48 22.6577 81.9613 2.56846
49 6.76553 22.3099 2.82412
50 15.6437 6.27967 2.54612
51 31.5961 93.6378 2.58115
52 56.8873 57.2264 2.36509
53 39.6308 57.4983 3.01162
54 5.39663 83.5215 2.27057
55 64.4213 52.2363 2.23998
56 6.5456 83.8815 2.37464
57 25.9979 72.0311 2.16945
58 13.2729 98.2368 2.24373
59 99.4459 62.4939 2.94943
60 15.9193 3.20231 2.24934
61 24.3154 80.5376 1.9049
62 92.4156 72.6943 3.02709
63 2.95087 9.77606 2.50839
64 21.5372 2.70557 2.76367
65 80.1873 52.8926 1.32224
66 12.1857 6.41757 2.10691
67 15.1139 6.59907 2.90827
68 85.146 48.8168 1.40356
69 37.3155 76.4696 2.86155
70 23.9492 2.79834 2.34806
71 12.546 78.4157 2.39635
72 12.2563 2.71745 2.3183
73 76.0831 26.4259 1.15477
74 29.6293 80.5229 2.1045
75 66.2805 57.2609 1.74833
76 30.3044 79.3675 1.99461
77 27.8477 3.45611 2.5622
78 83.7146 32.5 0.451695
79 13.2691 98.7909 1.84484
80 25.3898 82.4285 2.1307
81 16.4197 9.20639 1.93396
82 5.49376 3.02728 1.65493
83 5.0508 97.6272 2.77874
84 63.1362 50.1552 1.59157
85 26.5133 84.7193 2.54185
86 26.8589 82.2936 2.35707
87 82.6624 23.6893 1.71752
88 66.6273 51.3323 2.24679
89 24.2204 77.0594 1.95477
90 60.5877 57.8517 1.59055
91 23.3634 92.6284 2.6448
92 28.6914 99.4435 2.67987
93 99.163 82.8388 2.95598
94 23.0572 81.6227 2.51373
95 47.7591 30.234 1.25124
96 23.1266 1.11448 2.16079
97 28.1154 7.09878 2.29324
98 13.0383 64.4911 2.56482
99 26.2423 97.6642 2.11806
100 61.8027 58.6572 2.20368
101 13.0314 4.53992 2.44155
102 25.8056 79.1939 2.46611
103 3.20569 60.2016 2.59407
104 25.284 87.0705 2.65586
105 59.7441 60.3097 1.67402
106 6.58455 84.2998 2.77426
107 1.71692 71.7001 2.74269
108 26.2522 91.6798 2.74457
109 12.7225 95.694 2.05812
110 67.5825 58.405 1.63553
111 85.0032 28.4478 1.19937
112 55.7564 52.9236 1.42659
113 23.2651 97.0409 2.42902
114 21.4979 6.89234 2.65632
115 61.8525 29.9775 1.50603
116 28.0668 74.3906 1.94561
117 12.5047 82.0546 2.22192
118 59.8132 24.3735 0.419856
119 2.531 86.376 2.71832
120 98.7798 55.5938 2.66186
121 73.6688 61.2822 1.4081
122 17.1485 77.5896 2.52449
123 99.482 83.3081 2.68655
124 63.1546 33.506 1.41767
125 85.8102 32.2948 0.609565
126 48.603 91.5407 1.092
127 91.1196 56.6421 -3.45233
128 64.1117 56.3981 1.53015
129 13.7585 2.3321 2.29274
130 13.8565 85.1462 2.32034
131 28.6031 79.9375 2.1311
132 87.7854 30.762 1.0711
133 7.51848 18.0081 2.92054
134 62.3664 70.0668 0.0115092
135 84.0865 81.5007 -0.291519
136 23.6819 73.8699 1.8142
137 24.1794 2.61606 2.42111
138 28.8625 84.1638 2.46747
139 0.550207 55.4427 -2.893
140 29.4857 79.9391 2.12081
141 -0.203588 11.5666 3.20975
142 7.03837 96.3959 1.80113
143 8.38073 15.7578 2.43756
144 23.7414 3.77967 2.1421
145 16.8553 8.44328 2.14104
146 1.85673 70.3009 2.21944
147 54.3806 64.7686 1.62874
148 78.2906 25.7818 1.14426
149 11.5412 8.87755 2.33552
150 28.1931 81.7144 2.57172
151 99.4925 25.5685 3.0755
152 24.8968 75.1038 2.56192
153 27.8563 90.726 2.50365
154 50.9827 85.0878 1.72611
155 4.58971 17.1161 3.46346
156 0.841889 97.1082 2.24934
157 89.3212 63.177 2.8736
158 5.19589 24.7561 2.63954
159 45.588 26.504 1.15641
160 39.5061 58.724 2.59089
161 48.6028 28.2159 0.703616
162 9.93521 6.67726 2.13525
163 71.7559 45.9022 0.456606
164 80.5285 53.1461 0.998501
165 6.91476 3.19812 1.67834
166 64.5465 50.0487 2.38038
167 85.5684 27.2315 1.04595
168 14.9552 2.46724 2.67231
169 75.7727 54.9518 1.1696
170 52.2196 34.8357 1.3645
171 25.0531 1.03631 2.14549
172 96.6592 61.1536 2.36268
173 30.8851 80.2237 2.28735
174 78.846 58.778 1.51097
175 89.005 30.9178 1.45556
176 63.7259 35.2814 1.1841
177 1.7522 52.7434 -3.0529
178 58.2668 56.084 1.54237
179 21.3836 94.0432 2.47934
180 25.2243 99.4015 2.31135
181 10.7419 16.1453 2.68592
182 12.7693 93.1027 1.73814
183 4.93823 20.4426 2.67016
184 34.3235 3.53219 2.31523
185 83.9935 52.4223 1.48743
186 29.2194 88.3178 2.74148
187 59.0908 34.0639 1.40782
188 88.8382 60.6127 2.91023
189 30.4185 17.6071 1.79595
190 81.95 56.8293 1.50514
191 87.6577 2.1847 0.0152135
192 12.8414 58.2968 2.95323
193 30.8977 95.7477 2.47931
194 10.4159 63.6412 2.84175
195 19.6997 96.9466 2.11062
196 -0.330786 53.468 -2.79179
197 23.6519 78.2017 2.73995
198 31.9843 2.33328 2.7512
199 48.5961 35.5154 0.928633
200 31.1998 4.03203 1.94898
201 68.2406 28.5221 1.9048
202 59.731 58.2985 2.02148
203 49.7292 29.4568 1.04435
204 3.86984 23.6772 3.08503
205 84.0561 26.3836 1.16932
206 7.57431 63.6692 2.77462
207 7.93981 77.5212 2.63434
208 8.33297 11.706 3.03013
209 57.8818 32.8605 1.0856
210 15.8532 5.8848 2.33155
211 28.4029 88.0318 2.09495
212 4.48134 16.4201 3.45769
213 89.4913 25.9121 1.43027
214 88.9632 58.5212 2.79242
215 9.17177 81.9544 2.1125
216 33.8319 87.4546 2.56247
217 21.3732 97.8911 2.29056
218 60.6789 23.324 0.442931
219 21.4628 17.2525 2.65561
220 78.3196 27.6378 1.15697
221 35.2694 98.2883 1.91568
222 77.1904 27.8732 0.873725
223 64.7087 60.4384 1.86767
224 52.4906 54.9301 2.34432
225 66.4221 33.2378 1.4537
226 44.5604 29.2977 0.613502
227 32.0096 92.2085 2.47126
228 27.227 82.0196 2.23779
229 33.2056 86.81 2.51905
230 94.2317 61.7902 2.46457
231 18.0235 3.663 2.28985
232 28.9487 96.6126 2.16186
233 10.3952 75.1492 2.95989
234 2.10677 61.9276 2.37607
235 7.23642 85.4337 2.62397
236 49.1786 85.208 0.934708
237 63.192 32.5145 1.06774
238 16.4753 96.4865 2.38963
239 7.94185 97.2141 2.69311
240 20.1621 4.29703 2.65005
241 98.4988 92.8217 2.38544
242 29.6373 89.3514 2.286
243 31.3061 4.63452 2.07205
244 48.0176 27.6576 1.01138
245 31.0413 93.5675 2.41147
246 28.4348 85.0749 2.23663
247 84.3462 55.7504 1.05416
248 1.0586 83.2518 2.95358
249 14.4413 62.5039 3.21562
250 15.6248 2.73364 2.17861
251 28.0866 17.7053 1.94838
252 62.4547 61.8141 1.84599
253 47.0586 55.1927 2.34473
254 27.1037 78.7069 2.23758
255 9.54666 3.80775 2.66507
256 30.5112 88.3285 2.27285
257 21.8702 76.7537 2.78174
258 1.53455 100.317 2.08969
259 5.73996 83.8974 2.35609
260 11.764 21.0724 3.30383
261 5.645 92.557 2.64928
262 32.5737 84.1274 2.49322
263 28.7187 96.2092 2.2902
264 54.956 66.6459 1.69257
265 23.6846 77.9008 2.42093
266 11.4641 27.9742 2.39173
267 20.545 3.08224 2.70753
268 98.4187 53.6896 2.74692
269 18.3384 6.71241 2.23892
270 11.9693 94.3297 2.37058
271 8.89439 88.2973 2.70846
272 87.4788 25.517 1.38676
273 1.01354 59.0089 2.98702
274 15.3291 82.0369 2.88961
275 28.5839 82.8699 1.94253
276 10.0768 23.1819 2.68516
277 29.539 99.9174 2.65501
278 72.6613 61.1645 1.95996
279 30.1391 90.2979 2.50526
280 20.6553 2.10962 1.85534
281 26.7104 85.1459 2.66481
282 5.13856 86.0636 2.82261
283 87.1405 25.5806 0.697495
284 44.7947 79.3194 1.55214
285 27.2096 3.75583 2.435
286 93.3179 67.7798 3.31538
287 25.3537 83.4641 2.58996
288 50.3541 21.5732 1.08736
289 36.7016 75.6894 2.90312
290 14.4408 78.5425 2.03738
291 3.16648 17.8076 3.22459
292 2.21071 17.1649 2.51328
293 9.30068 75.7305 2.39166
294 10.3064 87.2325 2.2357
295 23.7144 98.44 2.11085
296 35.4827 2.01425 2.4228
297 48.9829 87.7111 1.31415
298 4.79307 99.0671 2.05929
299 66.8936 28.3219 1.35878
300 18.3635 78.5852 2.47525
301 14.9355 5.81807 2.56181
302 97.1265 54.2895 2.72591
303 27.5017 85.1224 2.47416
304 4.1779 12.6411 3.38359
305 30.6533 17.0924 1.71503
306 52.0296 61.3809 2.2226
307 65.3948 30.9424 1.41125
308 6.41744 95.7634 1.87875
309 12.7317 80.7065 2.41235
310 57.9181 63.0755 2.33406
311 1.13527 74.7807 2.92454
312 30.5411 94.3112 2.53709
313 89.1102 26.8588 0.64328
314 14.2083 9.29182 2.36787
315 30.2549 90.1154 2.75514
316 29.2425 99.4601 2.28747
317 10.4453 95.4813 2.66493
318 63.3391 31.112 1.48909
319 76.3377 28.9798 0.903753
320 80.5136 27.4212 1.53687
321 15.5625 10.9852 2.49079
322 77.5563 24.0005 1.61836
323 12.6561 98.8821 1.8088
324 45.9591 32.8827 1.37653
325 35.3243 87.6313 2.32686
326 24.2969 78.3503 1.88597
327 11.9225 73.8405 2.66937
328 85.3415 24.0094 1.01003
329 84.0164 35.6375 1.28311
330 89.1601 24.7513 1.49258
331 59.1245 65.8764 1.44716
332 49.578 33.068 0.804033
333 35.9281 5.81103 1.74875
334 0.717495 77.8063 2.53431
335 65.131 26.8895 1.25936
336 81.7286 26.4252 1.35952
337 2.84793 85.4579 3.04332
338 36.2276 89.3198 2.81462
339 20.5762 79.0411 2.53789
340 93.3499 52.5198 -3.41364
341 5.78972 96.8745 2.24685
342 16.8241 5.74351 1.92456
343 34.2259 89.0647 2.04221
344 30.6329 85.2746 2.42569
345 65.0143 54.7195 2.00154
346 98.9068 75.648 2.89822
347 13.8669 21.1378 3.26446
348 91.9396 69.955 2.57209
349 84.3305 53.773 1.10013
350 26.6249 87.5047 2.52249
351 5.93639 11.5139 2.87797
352 83.4126 61.1838 1.93213
353 64.1076 58.6633 1.22419
354 11.6005 61.0663 2.76397
355 28.599 77.475 2.33052
356 82.419 22.8566 0.761063
357 82.2985 53.8065 0.958207
358 19.055 1.73283 2.32518
359 8.27955 74.9676 3.22314
360 12.1377 12.0175 2.10055
361 9.37971 25.6121 2.39424
362 20.6132 99.542 2.7367
363 27.3721 83.1678 2.52727
364 61.7794 64.3164 2.2947
365 26.4795 94.2175 2.41439
366 29.6131 4.17552 2.00604
367 85.1044 27.0443 0.984106
368 96.3138 59.5903 3.17665
369 93.4948 25.4116 1.60437
370 50.2561 58.4092 1.95894
371 13.0134 5.76219 2.53696
372 17.1576 93.2434 2.14244
373 46.9286 10.4847 0.713058
374 15.8655 6.82713 1.97372
375 36.6421 2.79667 2.14613
376 18.8593 98.523 2.79636
377 89.693 28.3626 1.25763
378 14.6048 80.4626 2.22978
379 82.1888 29.9083 1.11206
380 27.0813 80.5173 2.65491
381 45.6297 34.1632 1.35497
382 25.6198 2.08163 2.27921
383 68.6815 53.7989 1.50856
384 27.1046 95.4929 2.50918
385 67.6629 60.4579 1.36637
386 36.4519 54.4476 3.10119
387 6.85165 20.794 2.51403
388 35.6236 85.6617 2.73925
389 7.68875 74.7755 2.66771
390 3.62144 100.217 1.88384
391 12.1433 98.7398 1.72151
392 9.79487 74.9452 2.68549
393 33.7444 90.0078 1.99646
394 25.7244 3.48061 2.22964
395 16.4147 99.9189 1.79063
396 20.1867 14.7985 2.58963
397 18.023 1.44644 2.61011
398 88.4131 25.6181 0.847706
399 99.1126 90.4124 2.48382
400 1.39113 86.8028 2.34992
401 46.3827 31.5631 1.58309
402 11.3245 60.6909 2.97864
403 26.0753 0.785139 2.07216
404 18.225 79.7228 2.31041
405 80.0696 61.9639 1.45037
406 91.9703 56.8427 -3.57335
407 28.6158 5.02611 2.03751
408 10.0952 82.3278 2.26128
409 84.859 26.0319 0.965044
410 2.98694 88.6064 2.76646
411 18.7203 5.14414 2.81671
412 28.2772 75.8347 2.54926
413 6.39054 96.0242 2.53808
414 33.2167 90.0763 2.77087
415 77.1473 53.618 1.74776
416 29.9479 98.9876 2.41895
417 2.15109 86.9927 2.54726
418 19.0525 6.93838 2.23717
419 64.4479 52.3164 2.04454
420 6.0951 70.8768 2.46819
421 17.9729 5.56626 2.35218
422 6.167 88.1832 2.25744
423 61.5572 17.7162 2.76106
424 20.9885 15.177 1.98819
425 23.9931 95.9937 2.12461
426 13.5559 24.4182 2.60933
427 18.9558 10.452 2.28103
428 21.513 83.0813 2.86567
429 29.1652 83.2613 2.36704
430 8.10498 17.0962 3.43306
431 33.8438 98.7939 2.30535
432 13.5463 9.06066 2.61104
433 90.3143 22.6034 1.03402
434 13.7834 75.0718 2.72467
435 63.2657 63.9399 1.94759
436 12.3619 16.5474 2.93431
437 0.636668 54.9738 -2.80821
438 80.4282 32.9692 0.555283
439 83.5992 28.7069 1.49021
440 30.0689 78.0298 2.90761
441 89.5609 55.1422 -2.84699
442 22.668 3.3651 1.94903
443 46.7864 36.729 1.0095
444 29.45 94.2877 2.21457
445 77.1704 58.5589 1.8101
446 67.9401 60.4052 1.31646
447 98.1315 73.2048 2.37607
448 22.1935 1.33448 2.63818
449 35.2489 76.2878 2.74171
450 9.16946 99.9668 2.01153
451 10.6563 62.3626 2.46312
452 23.538 16.3448 2.38855
453 26.6042 77.1564 1.99357
454 26.9091 13.9389 2.47684
455 73.2648 54.4274 1.81893
456 99.4643 82.1787 2.69045
457 9.25279 87.9634 3.16033
458 13.3483 86.6185 3.10383
459 86.477 50.5667 0.658791
460 8.62112 70.4385 3.12807
461 51.4733 57.9958 2.1294
462 30.6244 92.6845 2.23964
463 16.1205 97.2532 2.52261
464 37.9469 96.2045 2.69188
465 8.74891 97.0698 2.22864
466 31.7643 86.3321 2.15595
467 83.2053 27.0568 1.00188
468 97.1198 57.7536 2.74349
469 9.07288 13.3843 2.39916
470 10.9402 19.8536 2.75878
471 16.4679 79.8048 2.49073
472 32.1045 94.3255 1.77812
473 31.1459 1.07959 1.84732
474 49.0085 35.8541 1.02919
475 93.0101 58.8324 2.64056
476 84.4738 53.5925 1.72552
477 31.1274 86.0117 2.10811
478 12.1605 13.8744 2.89156
479 62.7481 53.7876 1.88706
480 3.31942 76.1099 2.40866
481 82.6327 21.1075 1.19566
482 12.4875 62.3102 2.95613
483 5.94661 98.7241 2.6104
484 1.2366 70.8933 2.41049
485 9.7535 25.4661 2.82713
486 31.4297 81.5375 2.65213
487 29.874 84.9086 2.48424
488 98.8634 91.3377 2.7499
489 61.5847 53.2596 2.36606
490 69.069 56.6034 1.28855
491 21.6153 77.7619 2.61373
492 31.7536 96.6406 2.11604
493 26.4041 88.5033 2.63814
494 13.103 63.135 2.43439
495 8.0689 75.6375 2.31095
496 22.3175 5.11753 2.05005
497 18.1176 7.44159 2.31291
498 31.7895 81.2382 2.53204
499 81.8412 34.5041 1.00271
