500
Particles
0 9.72421 54.9682 1.37862
1 64.9621 88.5656 2.00094
2 66.1127 63.283 1.24577
3 50.6665 83.0927 2.60322
4 82.833 7.35468 1.94102
5 68.2341 86.432 2.54325
6 4.76444 22.4894 2.79444
7 61.5702 90.215 2.00666
8 76.3014 15.0742 2.95104
9 40.1659 62.5601 2.51685
10 2.73777 99.0062 2.29374
11 3.4885 31.8101 2.46671
12 73.4949 63.0588 2.00832
13 70.5598 75.1776 2.80901
14 84.0239 8.11574 1.95159
15 75.2176 85.8985 2.35007
16 41.492 14.1307 1.37255
17 0.778764 38.6415 2.33865
18 85.7258 22.5937 2.69314
19 80.9655 24.5608 2.78759
20 54.2417 85.1988 2.73012
21 -0.204662 17.5646 2.02634
22 4.2791 12.5251 2.62778
23 77.9964 96.1685 1.76836
24 55.2879 86.6455 2.29315
25 85.0456 95.5317 2.31435
26 1.66185 53.6865 1.54012
27 97.5916 25.661 1.91172
28 97.3503 11.8748 2.54438
29 88.347 60.4062 1.16081
30 60.4051 58.721 1.21953
31 0.593292 12.5879 2.5502
32 100.12 60.0644 0.7815
33 40.7706 92.1434 2.76096
34 85.3798 91.1404 2.67845
35 87.0688 29.7336 2.04394
36 18.5377 50.6387 -2.03276
37 87.1259 59.0782 1.51425
38 87.6733 2.13613 2.02399
39 80.1496 99.352 2.19179
40 83.8112 83.4561 2.68011
41 71.625 90.0719 2.20539
42 7.15742 2.88199 1.79119
43 53.5661 85.1706 2.28002
44 68.0806 88.405 1.88178
45 16.5092 10.9524 2.08927
46 84.3841 94.1006 2.37023
47 64.9768 78.2368 2.00567
48 0.251294 3.09899 1.99155
49 85.5053 43.5605 1.98717
50 91.8185 26.0139 2.28583
51 9.07987 14.7184 2.07608
52 51.4969 87.2833 2.0898
53 20.2391 51.4041 -2.20589
54 84.0706 5.67451 2.23993
55 59.7013 81.2377 2.28221
56 84.4532 4.52702 1.77807
57 3.02946 91.6245 2.47179
58 89.1025 17.1697 2.51294
59 78.1382 84.4675 2.78415
60 91.4615 22.3618 2.26341
61 0.571515 0.494185 2.18398
62 67.8195 91.875 2.27096
63 78.5702 27.7613 2.63625
64 97.3147 21.0726 1.97089
65 66.4316 79.7432 1.99195
66 88.2033 26.3651 2.1107
67 92.2986 27.531 2.27309
68 69.303 73.837 2.33797
69 18.3168 54.0976 -1.96343
70 2.03289 24.7425 2.38435
71 86.9281 96.1269 2.13348
72 88.0832 22.3681 2.18127
73 82.5986 56.4333 0.901984
74 4.2797 98.7893 2.61574
75 60.0212 86.7841 2.517
76 4.98094 97.1431 2.75163
77 6.26755 25.9308 2.14374
78 93.2427 61.9092 1.2437
79 90.9005 20.6744 2.27165
80 1.15213 1.29327 1.8459
81 93.3213 29.9398 1.9832
82 82.5192 23.1664 2.71266
83 82.8482 18.3955 2.4478
84 59.9652 78.6542 2.42868
85 4.32985 6.63866 2.01376
86 2.89172 1.58654 1.73297
87 89.3347 53.6693 1.35292
88 62.3167 80.3783 2.19664
89 0.0678474 96.2799 2.41035
90 54.1938 87.6274 2.16102
91 0.233546 12.7918 1.59261
92 7.89093 22.3083 1.96897
93 78.8447 5.21656 2.24878
94 98.2706 0.2828 3.13648
95 57.0645 58.777 2.24951
96 1.32052 23.1944 2.31577
97 7.49403 29.6777 2.40966
98 92.1433 85.0477 3.15769
99 3.35802 18.637 2.24346
100 56.8538 88.1756 2.29441
101 89.0643 24.5616 2.4979
102 1.57377 98.3834 1.89628
103 80.758 80.7002 2.53528
104 1.57809 7.04395 1.55592
105 53.4347 89.9602 2.71264
106 83.3535 4.79319 2.02945
107 80.2792 93.3809 2.09029
108 3.99224 13.0689 2.07219
109 90.2309 17.2957 2.34965
110 61.2914 87.826 2.7622
111 92.0672 58.9251 1.16112
112 50.6835 82.9047 2.82975
113 98.9825 16.7344 2.61087
114 98.9731 28.0873 2.18159
115 66.7447 59.7613 1.40537
116 2.65928 91.4814 2.52762
117 89.037 2.40089 2.39549
118 81.3137 42.6567 1.50518
119 81.5042 8.12466 2.37449
120 74.5871 73.0139 2.63841
121 63.2931 87.5435 2.34064
122 90.9738 93.8395 1.99386
123 78.4469 4.91284 1.58157
124 65.3626 64.1263 1.28748
125 97.0905 61.1055 0.641341
126 42.2349 17.1415 2.28902
127 69.7618 78.9688 2.39054
128 58.5632 86.386 2.45678
129 88.4128 20.7661 2.80165
130 90.7178 5.15027 2.29052
131 5.35783 100.315 2.01037
132 97.6927 60.4415 0.979732
133 85.8884 38.9042 2.20081
134 63.5582 92.5612 1.81431
135 65.363 94.765 2.61411
136 0.516424 93.8884 2.05809
137 1.36017 23.04 2.23103
138 5.94188 4.66578 1.89875
139 76.2258 71.7873 1.91964
140 5.79802 99.7874 2.15736
141 76.0661 26.056 3.04395
142 84.8555 18.0354 2.11929
143 84.9961 35.8869 1.72644
144 2.14338 25.6368 2.02329
145 92.8775 28.3297 1.98156
146 80.0426 92.634 1.91818
147 43.2818 93.3654 2.86269
148 84.4225 55.596 1.15694
149 87.2923 28.5869 2.60511
150 4.61776 1.93529 2.1836
151 0.231198 55.5303 1.58211
152 1.69897 95.1996 1.96712
153 4.66447 11.7876 2.52265
154 34.6786 2.9661 -3.36627
155 79.1238 35.1037 2.20698
156 78.6257 16.9943 2.67794
157 70.9594 87.0721 2.55904
158 5.45947 51.3553 1.19884
159 54.8424 55.3755 1.17996
160 19.8666 52.6129 -1.93134
161 59.2559 56.2794 1.35891
162 85.2084 25.6545 2.46793
163 90.6006 65.2333 1.52259
164 66.2368 79.9045 2.35874
165 83.8271 23.4683 2.72887
166 61.1771 78.7451 2.01
167 90.8518 57.9274 0.879342
168 90.6946 21.6273 1.96916
169 62.7713 82.6193 2.78202
170 60.65 64.1093 1.21953
171 4.591 24.0566 2.28221
172 74.1817 81.9602 2.01075
173 7.82176 0.842501 1.99063
174 66.2489 86.2855 2.62842
175 98.765 60.2447 1.26166
176 67.9855 65.6543 1.43597
177 11.8798 58.7577 1.57993
178 51.7957 85.3308 2.71796
179 97.7568 13.48 2.47969
180 3.11794 21.1927 3.02126
181 88.6608 36.8501 1.66398
182 91.3524 14.5324 2.24677
183 85.8632 43.7065 1.36161
184 12.8875 26.0909 2.31691
185 68.3715 78.2841 2.19894
186 6.42632 9.30655 2.38022
187 63.0073 63.9205 1.11645
188 71.0055 85.1957 2.73887
189 47.669 28.1491 -1.20601
190 67.0822 83.2389 2.51417
191 75.5712 22.886 2.75486
192 9.22884 62.3282 0.983322
193 7.24421 16.1705 2.18527
194 86.5005 81.7696 1.96661
195 95.0445 15.4221 2.40691
196 75.0651 69.367 2.43166
197 98.7293 97.0436 2.32319
198 11.6217 25.9484 2.25088
199 54.1313 64.7263 1.72898
200 11.6891 27.8634 2.52647
201 73.8458 58.3708 1.19163
202 54.8046 88.888 1.9725
203 58.2297 58.4496 1.86682
204 99.9049 51.2135 1.39607
205 90.6469 56.8746 1.22579
206 84.4169 81.8213 2.04129
207 83.225 95.3627 1.84982
208 82.5914 28.9753 2.3118
209 61.0189 63.3211 1.15598
210 92.7737 26.5717 1.93572
211 5.80024 9.08421 2.07324
212 81.3826 36.2764 2.30072
213 98.1691 55.6413 0.837371
214 69.3324 82.4793 2.72366
215 84.187 99.8937 1.76517
216 12.2328 9.28925 2.45506
217 95.9899 15.2761 2.9122
218 82.1216 42.0353 2.14848
219 0.519288 39.986 2.07502
220 87.3787 57.5569 1.03951
221 14.1399 20.2509 2.49394
222 86.5145 57.2902 1.08227
223 57.0713 89.2027 2.32925
224 27.6484 65.4886 2.62275
225 69.9936 63.434 1.02865
226 52.0975 58.9701 1.3434
227 8.51494 11.8022 2.06366
228 1.98615 99.899 2.24654
229 11.788 9.05175 2.07052
230 74.4748 85.8114 2.42906
231 93.3014 21.9397 2.53419
232 6.5585 17.6853 2.58876
233 83.4755 90.2603 2.4547
234 80.2067 83.6017 2.87144
235 83.778 4.75428 1.73366
236 39.5987 95.451 2.49394
237 66.0204 63.039 1.44654
238 92.4734 15.6938 2.54346
239 86.6678 19.7321 2.64893
240 96.2146 22.9781 2.5801
241 76.9856 13.8087 2.06437
242 7.84938 11.047 2.20472
243 10.4337 27.6532 1.7509
244 58.1856 56.2046 2.14167
245 8.53016 14.7392 2.38657
246 5.76789 6.46238 2.34829
247 67.6563 80.7494 2.69469
248 79.0415 4.38638 2.50201
249 3.74885 81.1252 0.596934
250 91.921 22.4519 1.97569
251 43.6978 28.1794 -0.921186
252 55.032 91.1079 2.47592
253 23.1316 48.8311 -2.1947
254 3.16225 98.8409 2.3605
255 86.0174 23.7482 2.5362
256 7.24581 8.64902 1.86965
257 98.6068 97.1265 2.13962
258 79.1961 21.3867 2.98077
259 81.5718 2.97687 2.43169
260 10.3924 45.7942 1.02104
261 86.3179 15.703 2.81337
262 9.09074 4.28058 1.91006
263 5.41855 16.6414 2.29651
264 47.4926 95.6754 2.77929
265 99.3038 96.9294 2.28069
266 11.4009 54.0035 1.65365
267 97.8594 23.4674 1.98311
268 74.2961 71.4836 2.13996
269 95.4024 27.3856 2.41989
270 89.3984 15.4443 3.02564
271 87.2116 9.71751 2.48252
272 96.1608 55.5474 1.40828
273 78.8286 80.187 2.11368
274 91.2256 1.77131 2.31821
275 5.37899 3.4695 1.86102
276 9.51936 49.8335 1.66852
277 8.58929 22.9185 2.00656
278 63.9127 89.3176 2.64814
279 8.02501 11.7489 2.58361
280 97.1244 21.5393 2.38794
281 3.72398 5.24054 1.93407
282 84.5887 8.70931 1.51773
283 96.9858 54.6496 0.730909
284 47.7594 75.1743 -0.879446
285 6.02832 26.322 2.85027
286 70.0344 88.4833 2.22336
287 2.38878 3.91297 1.91433
288 39.4285 43.0748 3.17573
289 17.2781 54.5307 -2.24341
290 90.0639 97.8909 1.90069
291 79.8966 36.6201 1.91514
292 76.7013 34.0752 2.0278
293 83.6915 92.354 2.53758
294 91.073 10.8776 2.34443
295 98.9215 16.7423 2.05057
296 13.5538 24.3369 2.09263
297 35.1807 6.94827 -3.40322
298 83.1352 21.1815 2.87993
299 70.825 58.8245 1.70913
300 93.8038 97.6768 1.99907
301 90.0967 24.2514 2.11918
302 73.8367 73.2873 1.98131
303 4.00366 5.85218 2.25379
304 78.6 29.8647 1.98591
305 46.8087 29.4057 -1.08433
306 26.5504 75.7233 -2.68952
307 68.8846 60.7224 1.11938
308 84.0507 17.6335 3.02743
309 88.7632 0.493819 1.86917
310 52.0144 92.6872 2.78338
311 78.9597 96.0594 2.3581
312 7.61309 15.9378 2.19035
313 97.1165 56.7827 1.08268
314 90.5401 29.3307 2.40417
315 8.12719 11.8239 2.58541
316 7.67317 21.7636 2.6736
317 88.3986 17.1044 2.95521
318 68.6676 61.1464 0.872677
319 82.8642 59.1519 1.25307
320 89.0232 57.3193 1.23137
321 94.4768 33.3376 2.24261
322 82.5062 54.3191 1.6169
323 88.7096 18.6916 2.49471
324 54.5396 61.8479 1.85844
325 12.3207 7.35917 2.7826
326 99.0498 96.9603 2.97492
327 85.1771 88.0283 2.30998
328 95.112 53.2348 1.20979
329 97.3595 63.5319 1.46892
330 96.948 55.0135 0.980523
331 51.1137 94.6984 2.29302
332 56.3425 62.5484 1.59448
333 15.7117 29.1722 1.87682
334 78.6951 99.364 1.74369
335 69.6219 57.1889 1.64373
336 91.9824 55.8215 1.36301
337 81.5404 7.2299 1.69632
338 13.4178 9.79396 2.83354
339 96.2629 98.6875 2.78039
340 70.7277 73.8949 2.65206
341 83.792 18.8604 2.12891
342 92.8778 25.6081 2.26075
343 12.2763 10.4013 2.46529
344 7.97913 6.55118 1.68305
345 60.3459 83.0176 2.67778
346 78.3894 98.8511 2.07174
347 11.4351 46.5221 1.57769
348 68.9261 90.7734 2.00736
349 67.3371 79.3955 2.25977
350 3.53367 8.27143 2.35568
351 81.6743 29.6705 2.27857
352 68.3964 87.0749 2.32644
353 57.611 88.0887 2.51523
354 87.7565 77.8689 2.27644
355 4.95276 97.0107 2.35253
356 91.6085 52.1835 0.668769
357 66.9754 79.6192 2.44647
358 94.0218 19.2481 2.93977
359 82.2204 91.6104 2.06612
360 86.1027 28.8375 1.89903
361 8.76637 52.2404 1.08503
362 94.655 15.6549 2.40563
363 2.93568 2.714 2.16098
364 53.2672 93.2333 2.35532
365 4.62659 16.6786 2.21978
366 7.25451 26.0301 2.57041
367 93.2367 56.814 1.47706
368 72.6177 79.302 2.79604
369 99.4028 55.7771 0.651486
370 23.9652 69.2409 -3.36932
371 88.7472 25.204 2.04637
372 93.7428 13.549 2.84772
373 70.7866 9.38886 0.077697
374 93.4621 28.1615 2.13521
375 14.7178 24.736 1.97074
376 95.0843 17.9808 2.65526
377 97.3531 57.8037 0.785559
378 90.6363 99.9261 1.83497
379 90.6318 60.0658 1.29921
380 2.72531 99.7299 2.71625
381 52.9729 63.5107 1.91654
382 5.46003 25.7173 2.68823
383 62.792 83.2092 1.98433
384 4.11497 16.4775 2.38593
385 60.7819 88.564 2.11867
386 18.3667 49.1574 -1.2933
387 86.2215 42.4778 2.26625
388 12.6166 6.48315 2.62509
389 83.4672 93.4641 2.03695
390 81.0126 20.8485 3.05627
391 88.5618 18.7745 2.12431
392 84.9741 92.4641 2.18604
393 11.6041 11.004 2.52006
394 4.30665 25.6349 2.29607
395 90.8388 17.4229 2.19193
396 0.0468722 37.7877 2.13824
397 91.7764 17.8285 2.27519
398 97.7746 54.9736 1.06688
399 75.8765 9.29126 2.66745
400 80.7086 9.48463 1.6765
401 56.6816 59.6393 1.62863
402 87.2777 78.0213 1.96346
403 4.3823 23.3663 2.1397
404 94.3709 99.7654 2.32223
405 66.4258 87.1727 1.99284
406 69.8493 78.6642 2.64615
407 8.36607 28.768 2.57887
408 87.0013 3.29116 2.33227
409 93.6836 55.823 1.14378
410 79.8103 9.16364 2.1728
411 95.0432 25.3387 2.5502
412 4.02582 95.0001 2.68133
413 84.1697 17.5081 2.33784
414 11.7811 12.4213 1.93719
415 65.2752 81.8921 1.95481
416 8.64243 21.6113 2.45988
417 81.6575 9.95922 1.64179
418 96.4605 28.1319 2.38623
419 59.7449 81.0041 2.68212
420 81.3328 88.8867 2.03205
421 94.8076 26.5092 2.54877
422 84.7443 10.2233 2.47015
423 50.699 31.2942 -1.5459
424 99.6935 36.5322 1.69005
425 0.185078 15.9583 2.03197
426 11.8303 50.4826 1.26153
427 96.6077 31.446 1.74834
428 96.8063 1.47981 2.57507
429 5.93391 3.81742 2.03134
430 87.3722 39.2504 1.80751
431 12.0614 20.5681 2.36306
432 89.5292 29.0036 2.34598
433 98.8996 52.2594 1.08769
434 87.4021 90.515 2.82971
435 54.7929 93.3288 1.92994
436 91.2571 37.1164 1.85753
437 75.7515 70.7887 1.81504
438 91.1046 61.9539 0.976985
439 93.3174 58.2664 1.27829
440 4.51412 96.0541 2.74975
441 69.1134 78.4689 1.93084
442 99.1178 22.9735 2.92809
443 54.0164 65.3905 2.56869
444 6.9061 15.6326 2.3779
445 66.039 85.6157 1.99864
446 59.8772 88.7675 2.36196
447 75.3254 93.824 2.57316
448 97.1225 18.9289 2.61706
449 15.642 53.9542 -2.02846
450 85.5688 20.0451 2.51606
451 87.3271 79.93 2.70622
452 1.83943 38.3466 2.25115
453 2.37641 96.3786 2.18365
454 6.06127 35.3536 2.45557
455 64.114 82.9366 1.99967
456 77.7943 4.21878 1.72594
457 88.6954 9.81996 2.34298
458 91.2526 7.81273 2.00318
459 69.7536 74.9065 1.90389
460 84.4283 89.432 1.90587
461 25.1133 68.5273 -2.73435
462 8.01967 14.0039 1.90464
463 92.8526 16.7189 2.60733
464 32.2447 4.64084 -2.71801
465 86.6555 18.9807 2.1174
466 9.84775 8.18999 1.78381
467 90.8802 57.3537 1.27109
468 76.1427 79.8595 2.50961
469 88.0465 35.7345 1.66346
470 92.0229 42.8235 0.742024
471 91.967 98.8388 2.10513
472 7.27832 13.7034 2.58043
473 9.00969 22.7051 2.37374
474 54.7334 65.1688 1.67168
475 71.7991 81.0829 2.33256
476 67.2566 77.8455 2.85196
477 8.91004 7.50415 1.94273
478 87.2386 31.8634 2.23968
479 59.1238 82.6232 2.67455
480 81.0173 96.6134 1.95747
481 85.89 51.2772 0.898102
482 90.0176 81.8289 2.3581
483 84.0261 20.0924 2.01716
484 79.5743 92.7095 2.20012
485 9.54661 50.8723 1.85221
486 8.94709 2.88137 2.03634
487 7.00473 5.68445 1.95471
488 77.3367 12.0965 2.6571
489 57.6496 81.2242 2.13323
490 62.0929 85.579 2.21377
491 97.8008 97.8201 2.09416
492 9.92426 19.155 2.59855
493 2.61658 7.79161 1.70392
494 91.8134 82.2761 3.41388
495 83.0613 93.9028 2.72885
496 0.306467 25.9093 2.72601
497 94.3532 27.4403 2.61046
498 8.34766 1.09249 1.70321
499 93.8752 62.8319 1.18392
