500
Particles
0 4.85775 44.6935 1.24355
1 73.0228 80.4926 1.48468
2 62.1691 52.5737 1.31283
3 53.5425 72.4634 1.64318
4 88.3709 97.2286 2.21067
5 76.5096 78.3101 2.6491
6 12.9119 14.5808 1.9101
7 66.9013 80.2062 1.31379
8 83.5455 6.99494 2.93126
9 49.1575 57.073 1.60547
10 11.514 91.8275 2.07445
11 11.2351 23.6925 1.58694
12 72.2959 51.7731 1.76338
13 77.0954 66.0594 2.30164
14 89.6364 98.5216 1.90785
15 82.1085 76.4418 2.16447
16 48.1547 5.95735 2.73628
17 6.47087 28.6816 2.40152
18 94.3344 14.99 2.68162
19 89.8619 17.565 2.93884
20 58.494 74.9331 1.513
21 8.57993 10.2491 2.98746
22 12.4077 4.54155 2.433
23 85.9129 88.1291 2.28767
24 59.5996 76.1434 1.21202
25 94.7808 89.4002 2.8902
26 98.4663 42.9434 1.52351
27 5.72764 17.7058 2.55872
28 6.67825 6.4821 3.1149
29 86.1681 49.109 1.55347
30 59.4327 47.361 1.13086
31 9.21345 5.39041 2.17815
32 95.7724 49.4396 1.4589
33 42.8338 81.3037 1.05506
34 94.8499 85.0851 2.07182
35 95.1286 21.5873 2.81453
36 22.2909 61.6101 -2.57728
37 84.7067 47.7595 1.69226
38 96.3699 94.7141 2.78615
39 87.8059 90.7035 2.11606
40 90.9279 74.641 2.21702
41 80.4316 82.9856 2.67284
42 15.1203 94.811 2.81379
43 57.6318 74.3937 1.48622
44 76.1837 80.3177 2.24754
45 25.1275 3.1773 2.0834
46 94.1533 88.1683 2.53144
47 71.5571 68.6842 1.99551
48 8.27846 95.0712 2.83131
49 93.4631 35.177 2.32027
50 -0.00264354 18.041 1.94823
51 16.8178 6.24427 2.12345
52 55.7753 76.7816 1.24945
53 25.6145 61.4641 -2.02531
54 91.0689 96.597 1.88882
55 65.2839 71.4327 1.6479
56 90.7354 95.3195 2.17453
57 10.7729 83.7035 2.95925
58 97.3553 9.11473 2.19905
59 86.0694 75.9287 2.18239
60 -0.287104 14.1505 2.78596
61 9.08531 93.1854 2.7078
62 76.3676 83.9245 2.49789
63 87.1672 20.3261 2.77441
64 5.53989 13.7876 2.61675
65 72.2283 69.7409 1.81892
66 96.8482 18.8503 1.9577
67 0.382693 19.545 2.75771
68 74.8418 63.7751 2.54521
69 22.8408 64.7874 -2.29392
70 9.45791 15.9618 2.45277
71 96.8343 90.4079 2.51135
72 96.3376 14.4282 2.82598
73 81.5749 45.2024 1.77363
74 13.5908 91.9832 2.68226
75 65.0459 76.5958 1.18161
76 13.5695 89.8361 3.02873
77 13.3088 16.7764 2.57487
78 90.4943 50.7503 1.1362
79 98.9289 12.2055 2.11524
80 9.5628 93.8407 2.83923
81 0.903444 21.1174 2.54219
82 90.553 15.1493 2.37735
83 91.24 10.6198 2.38583
84 64.5488 68.538 1.73121
85 11.7861 97.7726 2.22812
86 10.6122 93.0245 2.86838
87 87.5931 42.3032 1.95983
88 66.7068 70.0566 1.33487
89 8.95545 89.5485 2.27656
90 58.4024 77.085 1.93182
91 8.95843 6.05268 2.38634
92 15.1856 13.3571 2.57724
93 84.655 95.3475 2.74815
94 7.34619 93.5386 2.3645
95 55.5166 47.709 1.14191
96 8.49074 14.2268 2.15364
97 15.0098 21.2357 2.43847
98 98.2232 76.4682 1.926
99 11.9899 11.2369 2.70771
100 62.2522 78.3136 1.62473
101 97.8429 17.1801 2.20727
102 10.6756 91.6631 2.5906
103 88.0407 71.9683 2.33482
104 9.58846 99.341 2.03994
105 57.9637 79.5767 1.48616
106 91.4392 96.6313 1.67093
107 89.649 86.9281 2.33157
108 12.2171 5.22088 2.55407
109 98.3221 8.95056 2.71298
110 66.4736 77.6797 1.94581
111 89.2726 47.5782 1.51267
112 54.2661 72.1474 2.05694
113 7.92406 9.8503 2.28869
114 6.76048 19.7549 2.4858
115 62.4623 49.1533 0.77968
116 11.7318 84.7901 3.25695
117 97.8204 95.0613 2.53483
118 73.593 37.4032 1.38614
119 88.7038 99.7036 2.46726
120 82.811 65.2135 2.16906
121 71.5539 79.3638 2.06081
122 0.927875 88.4464 2.47553
123 84.5797 95.2438 2.19311
124 62.4109 52.9058 1.28872
125 92.3944 50.6985 1.04632
126 49.1149 8.27749 2.21631
127 77.0584 70.0787 2.26458
128 64.0491 76.2674 1.51081
129 97.6389 13.821 2.66462
130 99.0289 97.6084 2.71023
131 12.9961 91.862 2.70904
132 93.9694 49.5496 1.28268
133 92.3124 29.4648 2.22113
134 70.6424 83.8195 1.69116
135 73.2756 86.3441 2.85135
136 8.8997 86.3249 3.13073
137 8.59159 14.1522 1.95357
138 13.4175 96.4037 2.56217
139 84.0808 63.295 2.31794
140 13.7284 91.8464 2.94899
141 84.5605 18.7629 2.44841
142 92.8189 9.87169 2.06305
143 92.5858 27.4174 2.53468
144 9.12029 16.8607 2.10089
145 1.13742 20.5643 2.93064
146 88.7786 85.143 2.75145
147 46.6769 82.6447 2.08326
148 84.4662 44.1444 1.2083
149 96.1939 21.4636 2.23169
150 12.6041 93.5839 2.17946
151 98.4675 44.093 1.78279
152 9.90544 87.3416 3.02309
153 13.5948 4.47319 2.98445
154 45.9049 0.276135 3.40829
155 87.5104 27.1213 2.42334
156 87.8205 10.1132 2.07862
157 79.102 79.1329 2.73206
158 0.707831 41.1218 0.980858
159 53.9083 44.0343 1.15186
160 25.0984 62.7675 -2.43002
161 57.0128 45.1907 1.30713
162 94.1866 18.394 2.08698
163 86.845 54.4428 0.896158
164 71.9392 69.9166 2.5634
165 91.5494 15.0273 2.28533
166 66.4305 68.5494 1.27389
167 89.3731 46.5748 1.13615
168 99.2587 14.1756 2.51465
169 69.4112 73.4048 1.69151
170 58.4198 52.7461 1.74285
171 10.8302 14.416 1.9623
172 81.4306 72.9837 2.36099
173 15.1982 91.8723 2.92649
174 73.4258 77.1763 2.23956
175 94.3896 49.5861 1.55492
176 64.4041 54.6965 1.14599
177 6.03732 49.1271 1.1646
178 56.0968 74.9455 1.46543
179 6.39836 6.52139 2.55013
180 10.7752 12.8417 2.38196
181 95.7948 28.2353 3.08989
182 -0.443678 6.38348 2.77937
183 92.1524 34.5334 1.9858
184 20.2366 17.3086 2.12844
185 74.1725 68.2752 2.19232
186 15.8282 2.68919 2.29482
187 60.1905 52.613 0.991088
188 78.4101 76.6774 2.12346
189 37.1638 32.1962 0.570837
190 73.2972 73.8416 1.70923
191 82.9461 14.3144 2.68306
192 3.52131 63.2056 0.319721
193 16.1425 8.68122 2.45143
194 92.957 72.1927 2.43047
195 4.28532 9.03695 2.5148
196 83.7984 61.7596 2.343
197 8.09721 90.3471 2.40588
198 18.8544 17.0064 1.91561
199 55.8669 53.3649 1.74512
200 18.2169 18.4822 1.76002
201 70.802 47.3006 1.49117
202 58.2275 78.061 1.32371
203 57.3381 47.1731 1.68353
204 98.2913 40.0819 1.31433
205 88.8547 45.3144 1.90301
206 90.8557 72.5906 2.15268
207 92.5472 89.1349 2.25489
208 92.1203 22.5148 2.62942
209 59.1109 51.9445 1.60259
210 1.01497 18.7598 2.40565
211 14.4388 1.7567 2.4441
212 88.9295 27.7518 3.15245
213 94.1782 44.7746 1.18196
214 75.8101 72.9454 2.2575
215 92.7059 92.5551 1.91464
216 21.0705 1.92727 1.89845
217 5.29467 8.77876 3.02996
218 73.8792 37.4639 1.03282
219 6.00637 29.8188 1.9724
220 84.8112 46.3299 1.71119
221 22.0009 12.1459 2.74253
222 85.1299 46.0359 1.259
223 62.4459 78.9823 1.30668
224 37.4684 65.9615 2.74894
225 67.1753 52.4367 0.899294
226 50.0172 47.8754 1.82089
227 17.2644 4.64564 2.22478
228 10.9412 93.0687 2.38938
229 19.6862 0.625305 2.96798
230 81.6127 76.761 2.07126
231 2.22924 14.84 3.0068
232 14.431 9.46927 2.15438
233 93.8142 85.4036 2.48989
234 87.2037 74.7346 2.41003
235 90.7845 95.8487 1.97414
236 44.682 99.3535 -3.18135
237 62.5252 52.0219 0.828943
238 0.78688 7.78088 3.13221
239 94.5282 11.2393 2.26636
240 4.40128 15.3919 2.7477
241 84.0528 5.35696 2.24163
242 15.9383 3.12332 2.44675
243 17.5433 18.7641 2.08805
244 56.6349 44.9555 1.64516
245 16.4833 6.48767 2.80149
246 13.6681 98.0774 2.13164
247 73.957 71.463 2.04975
248 84.8418 94.4653 2.2331
249 100.477 73.6809 -0.16098
250 0.625553 15.2367 2.85554
251 33.4179 32.8118 0.541496
252 59.3456 80.6514 1.79744
253 29.6908 54.7142 2.38936
254 11.9192 91.3724 2.81488
255 94.741 16.1692 2.52407
256 15.8474 1.08955 2.65222
257 7.6987 90.1493 2.66354
258 86.6842 12.9876 2.75779
259 88.9591 94.2921 2.53087
260 4.7311 36.2759 1.47986
261 94.8782 8.09942 2.26831
262 18.0886 97.2624 2.23677
263 14.5652 9.61704 2.81616
264 48.7635 85.1162 1.59398
265 8.58399 90.304 2.583
266 6.19156 44.2934 1.05089
267 5.00299 14.5136 2.68025
268 82.1882 63.1152 2.10278
269 3.86923 19.7375 2.73288
270 97.9972 7.96712 1.95551
271 93.4531 100.007 1.85798
272 92.8544 44.5756 1.45389
273 86.3574 71.5094 2.0441
274 0.46835 94.8486 2.5692
275 12.6163 94.6648 2.77542
276 4.9647 39.5765 0.998093
277 16.1014 14.3068 1.78132
278 70.0595 79.6448 1.84234
279 16.6199 4.58059 2.36857
280 5.25466 13.7819 2.98258
281 11.2988 97.0067 2.26904
282 90.7726 99.2462 2.47363
283 92.3559 43.9596 1.94832
284 38.0448 78.9019 -0.254073
285 12.7298 17.0326 2.03177
286 78.5154 80.6227 2.29273
287 9.63821 95.055 2.16037
288 48.9552 38.2476 1.77011
289 22.5873 64.8515 -1.79318
290 98.5571 90.2164 2.36095
291 86.6594 27.3645 2.84235
292 85.3942 26.3491 2.65019
293 93.9455 87.5112 2.75087
294 97.2505 1.34922 1.44827
295 7.32146 9.44065 2.84331
296 21.6861 16.0485 2.15008
297 46.2123 4.64282 2.71932
298 90.8352 12.6408 2.30927
299 67.3251 47.869 1.48296
300 2.9908 90.7796 3.00719
301 99.0988 17.0874 2.49078
302 81.5614 64.7981 2.78078
303 11.7114 97.308 2.2303
304 87.3247 22.4468 2.99249
305 36.1337 32.1368 -0.345692
306 37.5333 73.5186 3.12214
307 65.2694 49.9091 0.782161
308 92.4831 9.63986 2.72302
309 96.7839 92.2856 2.8551
310 55.1496 81.7525 1.62515
311 87.4074 88.355 2.82207
312 15.8002 7.78861 2.76521
313 94.3216 45.8034 1.75011
314 98.65 21.2346 2.07259
315 16.3028 3.6327 2.69039
316 15.1805 13.1218 2.32242
317 96.4843 8.96959 1.98982
318 64.826 50.4545 0.928144
319 81.996 47.7175 1.11788
320 86.0726 46.4421 1.66785
321 1.21848 24.2199 2.08546
322 82.7679 42.8241 1.35017
323 98.0716 11.9715 2.08071
324 52.8177 50.8917 1.44873
325 22.1314 1.70646 2.56057
326 8.6174 90.3238 2.73514
327 95.8627 84.5654 2.83374
328 90.2203 42.7608 0.979373
329 92.6737 52.976 0.986686
330 94.1827 43.813 1.47087
331 52.2098 83.8651 2.47342
332 56.4369 51.35 1.83055
333 22.424 19.8115 2.58375
334 86.2205 90.9887 1.97442
335 66.783 46.1776 1.49388
336 88.0078 45.0615 0.960306
337 87.5642 97.4218 1.91281
338 22.4943 2.95013 2.7263
339 5.16846 91.3408 2.67991
340 78.4157 65.3434 2.2928
341 92.0592 10.7499 2.78856
342 1.52822 18.0756 2.63111
343 21.0002 2.96683 2.76765
344 15.9275 98.2978 2.60874
345 65.876 73.2457 1.62382
346 86.3443 90.3135 1.90939
347 6.1088 36.6495 1.52481
348 77.5785 83.084 2.79319
349 73.1657 69.3095 2.02274
350 12.4002 1.01849 2.37861
351 90.8815 23.2587 3.04495
352 75.9223 78.4475 2.32923
353 62.3761 77.8232 2.05291
354 93.7693 68.2077 2.45431
355 12.7518 88.707 2.71519
356 87.9674 41.3851 1.00084
357 73.3841 70.5017 2.06935
358 2.16632 11.6661 2.68981
359 91.9484 86.1021 2.58634
360 95.4958 22.5028 2.6003
361 3.30945 42.3489 0.734897
362 3.77293 9.08397 2.22446
363 11.0718 94.6122 2.88967
364 54.4007 82.3746 1.8603
365 12.6522 8.29779 2.68191
366 15.2539 17.582 1.8948
367 90.0989 45.748 1.83962
368 79.7537 70.3657 2.11365
369 96.5958 44.8578 1.25123
370 34.4734 69.1979 3.50861
371 97.4522 17.822 2.09834
372 2.76286 6.59334 2.58882
373 63.2956 2.65559 0.597983
374 0.952884 19.3053 1.98314
375 22.5758 16.2308 2.01488
376 3.82615 10.5484 2.87309
377 94.0726 46.9501 1.00163
378 99.1603 92.5442 2.55845
379 88.3461 48.7733 1.33717
380 11.0242 91.7169 2.9563
381 53.142 52.1005 1.15063
382 12.2678 16.3456 2.0279
383 68.4587 73.2661 1.87551
384 12.9162 9.01211 2.66729
385 67.8812 79.591 1.26059
386 23.2995 59.4091 -2.59257
387 92.8769 33.4543 1.76307
388 21.4092 98.9749 2.45403
389 92.3335 86.276 2.76698
390 89.2267 13.0208 2.92827
391 96.7089 10.526 2.68332
392 94.5996 86.6052 2.65069
393 20.1962 3.44325 2.66147
394 11.1733 16.5284 2.61126
395 0.468878 11.0863 2.46391
396 5.85978 28.0081 1.63737
397 0.790236 11.0535 2.72808
398 94.4796 44.1472 1.19549
399 83.7108 1.22362 2.09155
400 87.0647 99.9915 2.15346
401 55.2687 48.5662 1.23051
402 93.5295 68.373 2.069
403 12.0173 14.7626 1.72241
404 3.97086 93.1804 2.52695
405 74.8914 79.3839 1.97567
406 77.3841 70.0872 2.27341
407 15.234 19.5072 2.23309
408 95.3481 95.3649 2.13271
409 90.1336 44.7301 1.33185
410 87.7751 0.911354 2.55039
411 3.37807 17.4291 2.34049
412 12.2485 87.0742 2.82819
413 92.2626 9.36593 2.2829
414 20.0676 4.31463 2.17426
415 70.0568 71.5658 2.17864
416 16.9098 13.5406 1.83237
417 88.2483 100.415 1.74948
418 4.2656 19.638 2.7145
419 65.5195 71.4128 1.21306
420 91.5568 83.8115 2.30308
421 3.18028 18.5339 2.20458
422 91.4122 0.843203 2.75686
423 48.313 30.7932 2.47493
424 4.86832 26.2797 2.49783
425 8.5618 8.19328 2.49624
426 6.50248 40.5909 1.0128
427 3.6399 22.6723 2.80133
428 5.65199 94.1919 2.856
429 13.4088 95.1811 2.67463
430 94.3579 30.4886 2.02239
431 20.1809 12.5212 2.48596
432 98.1176 21.2121 2.49382
433 95.1285 41.3503 2.00596
434 97.9009 85.9295 2.57735
435 57.9669 82.6491 2.35057
436 98.7954 28.4888 2.20726
437 84.3555 63.3323 2.29352
438 87.3345 51.0613 1.48388
439 90.7263 47.0769 1.67169
440 13.8404 89.3368 2.27669
441 75.5882 69.0276 2.20554
442 6.61457 14.4365 2.12442
443 53.848 54.625 1.70859
444 15.4757 8.02675 2.59221
445 72.8108 76.4589 2.0361
446 65.7267 79.0327 2.01788
447 84.0115 86.6118 2.07961
448 5.79375 11.9387 2.87435
449 21.0483 64.271 -2.51401
450 94.3424 12.318 2.86156
451 93.0848 69.8823 2.14856
452 8.29325 28.8398 2.10816
453 10.5505 88.4058 2.33515
454 13.4678 26.9288 1.92888
455 69.4777 72.8875 2.17253
456 85.292 95.6627 2.69622
457 93.9748 99.7001 2.34179
458 98.0424 98.85 2.28939
459 75.7012 65.2255 2.07867
460 94.2646 83.5608 2.36044
461 35.7896 69.0515 3.03723
462 16.994 6.96941 2.52933
463 0.784963 8.84286 2.95058
464 43.6925 2.64325 3.06484
465 95.7164 11.8686 2.15372
466 19.1935 1.413 2.07318
467 87.8341 46.1302 1.60244
468 82.9403 70.7286 2.7268
469 95.29 27.1816 2.23012
470 97.4556 33.504 2.01785
471 0.625455 91.269 2.58363
472 16.5097 6.58226 2.65272
473 16.4625 13.8338 2.65038
474 56.0827 53.8987 0.951953
475 78.6291 71.9359 2.18634
476 73.5906 68.396 2.77008
477 17.0819 99.1981 2.07301
478 96.0224 24.5123 2.68712
479 64.2874 72.5865 1.53593
480 89.5951 89.278 2.54312
481 86.4863 39.8485 1.73196
482 97.3755 73.1345 1.8361
483 91.5808 11.7839 2.79029
484 88.8341 85.77 2.64872
485 4.59223 41.183 0.675046
486 16.0689 93.9722 2.11625
487 15.2405 97.9262 2.20306
488 84.6726 3.78937 3.04317
489 63.4418 71.2074 1.17328
490 67.7947 75.8017 1.97673
491 6.62918 90.6392 2.76811
492 17.5594 10.2842 2.346
493 11.1972 0.91965 2.71702
494 98.1859 73.8754 2.08712
495 92.7791 87.5441 2.88807
496 7.83705 17.6323 1.93235
497 2.55981 19.247 2.37241
498 15.8299 92.4888 2.44312
499 90.4658 51.8982 1.81842
