500
Particles
0 55.7126 88.2775 -1.74874
1 77.408 88.3251 0.502444
2 72.6863 95.3055 -0.50606
3 12.4658 37.4592 2.28857
4 73.8333 79.1718 1.36346
5 95.4829 94.7922 1.7662
6 86.4191 86.8482 1.27151
7 36.4015 19.4134 -1.08978
8 63.8141 83.8229 -1.16021
9 63.5435 89.6907 -1.48611
10 88.5737 3.36668 1.15641
11 24.5126 91.1137 0.372122
12 86.4096 98.8476 0.749212
13 80.5843 32.6125 -1.80039
14 77.3667 79.8242 0.971561
15 97.8212 2.44816 0.889137
16 18.297 38.5533 1.78676
17 95.3319 25.6212 -2.0434
18 79.4271 86.8044 1.30321
19 71.8678 70.1093 1.27925
20 9.65807 39.3801 2.8627
21 91.0567 82.7892 1.13985
22 83.679 1.11977 1.67605
23 97.5 29.079 -2.24498
24 32.9344 74.2681 -0.126768
25 96.698 98.4564 1.24589
26 8.45146 98.9524 0.014048
27 38.8025 17.2295 -1.07723
28 51.7209 91.1746 -1.33735
29 99.2697 27.9319 2.69005
30 79.8094 96.4759 0.673499
31 66.7697 65.1257 -0.523171
32 7.14356 38.3827 2.52235
33 75.3128 92.5241 0.45949
34 0.428157 40.0082 -2.93769
35 51.2602 86.7625 -1.86578
36 25.3556 96.0521 0.00120658
37 85.8954 91.1229 1.19517
38 74.4248 95.7907 0.413211
39 72.5869 80.0982 1.0393
40 75.9291 99.1167 0.257969
41 80.545 35.7972 -2.25186
42 62.6838 90.5246 -1.22685
43 96.645 9.431 1.08133
44 78.6443 92.2441 0.743446
45 65.854 93.6519 -1.63405
46 56.5297 92.3725 -1.10306
47 83.0391 14.1708 -2.48981
48 61.264 81.8565 -1.52394
49 94.5746 93.8134 1.61595
50 68.4858 84.6319 -1.56749
51 57.0693 94.6475 -1.01664
52 78.0074 74.6271 1.11394
53 25.6005 91.1026 -0.197069
54 89.8888 8.16114 0.879361
55 43.7791 20.5412 -0.281083
56 98.9293 38.9047 -3.32749
57 23.0601 14.9729 1.45995
58 96.4637 33.9401 -2.89585
59 95.6657 97.0883 1.21789
60 85.2265 90.8167 0.698628
61 60.0915 86.2573 -1.45676
62 52.3294 93.5081 -1.05926
63 74.7001 86.4053 0.516854
64 81.6344 91.2321 1.19697
65 63.9719 49.3662 -2.44747
66 84.5687 96.4598 0.821947
67 41.1823 78.9686 -1.64167
68 62.6972 44.5451 -2.51291
69 55.536 97.3127 -1.50965
70 87.8518 87.2965 1.35149
71 49.9133 50.7365 -1.02049
72 81.6993 91.9793 0.817079
73 50.6133 72.2851 -2.08924
74 58.5125 32.3773 -2.95711
75 44.6529 15.9741 0.426009
76 52.403 97.8347 -1.67835
77 81.909 89.5222 0.823613
78 81.1221 94.2694 1.28951
79 84.1367 84.1674 1.20019
80 53.7335 98.5801 -1.41444
81 85.4588 93.4578 1.29736
82 3.99223 63.5426 1.62828
83 81.294 83.998 0.429722
84 100.167 28.0401 0.00026751
85 28.8479 81.2091 0.338158
86 48.5105 5.66655 -0.732931
87 62.5852 33.9202 -2.77606
88 79.526 77.9171 0.991546
89 8.34869 98.2914 -0.129629
90 12.2937 96.4064 0.721434
91 66.325 64.1978 -0.85664
92 41.9865 19.3322 -0.767121
93 95.8704 34.5873 -2.99606
94 55.8167 59.1851 -0.346279
95 53.3734 91.7711 -1.18552
96 85.2722 86.5726 1.13159
97 88.3799 90.7515 0.664087
98 12.3553 97.7918 0.493522
99 11.8516 34.0612 2.64153
100 77.7116 71.3586 0.957908
101 81.6126 84.8473 0.610603
102 63.2577 84.5446 -1.66539
103 30.0289 65.2792 -1.34427
104 58.0144 88.7988 -1.68627
105 12.6413 96.2562 0.0755189
106 98.2224 41.9882 -2.66384
107 53.8167 76.5669 -1.25704
108 59.8527 93.3199 -1.02306
109 57.023 79.9835 -1.59259
110 78.381 98.0994 1.01433
111 86.7846 90.238 0.762545
112 66.7863 83.9503 -1.38898
113 91.1823 30.181 -2.71388
114 95.4045 5.9112 1.04656
115 42.5948 77.4561 -1.92617
116 87.0571 94.1928 0.807827
117 0.657523 5.21741 1.36207
118 16.5283 37.7206 2.78788
119 95.1319 34.7437 -2.24872
120 1.20245 1.22445 1.18972
121 65.7463 58.001 -0.0108099
122 55.4915 60.6776 0.0726563
123 79.5567 85.2344 0.566229
124 67.1797 44.4676 -2.07105
125 62.062 49.4522 -1.97908
126 58.9786 68.5326 -0.915185
127 65.9688 45.4676 -1.59388
128 32.4532 74.8245 -0.526906
129 57.7144 88.4484 -1.80222
130 55.0719 95.4608 -1.31086
131 86.8514 0.523335 1.74933
132 20.6359 91.9992 0.283704
133 18.794 95.8098 0.0676918
134 95.7081 93.8777 0.881512
135 89.3764 87.8785 0.844979
136 19.8778 3.54224 0.0821413
137 90.2903 88.7572 0.795251
138 55.4418 65.5919 -0.643901
139 48.3573 96.823 -1.31212
140 62.6458 86.6259 -1.46644
141 61.6108 50.4372 -2.69538
142 83.6037 81.2596 1.20577
143 67.7403 93.3492 -1.6375
144 85.9709 92.5838 0.548388
145 53.5384 74.8705 -1.97247
146 54.7514 94.3649 -1.57531
147 72.6714 92.532 0.0657201
148 55.86 94.3114 -1.05855
149 86.9517 94.5587 1.56668
150 60.5266 89.5485 -1.76658
151 51.8019 91.8491 -1.12738
152 57.9267 51.2127 -1.90768
153 56.5091 89.637 -1.75644
154 68.7508 93.0704 -1.14574
155 21.1688 99.3041 0.989114
156 64.936 85.2072 -1.74457
157 65.4973 96.4115 -1.41925
158 1.51342 96.4061 1.63844
159 91.9024 3.33861 1.1384
160 79.4736 94.5992 0.494154
161 64.6595 62.6489 -0.761526
162 67.3008 87.3606 -1.59009
163 67.1286 40.737 -1.67466
164 82.2066 72.2338 1.28995
165 49.4091 85.3336 -1.8132
166 62.2689 45.3117 -1.85631
167 93.97 87.5894 1.34341
168 78.9691 87.8576 0.353096
169 1.29258 12.7698 1.77658
170 73.1747 90.3511 0.454722
171 85.2887 86.2938 1.27834
172 48.8121 76.2328 -1.26795
173 62.2561 87.0247 -1.7367
174 91.7116 95.5458 1.37765
175 62.692 66.8004 -0.438791
176 93.5151 3.4447 1.7718
177 28.421 82.8044 0.354904
178 -0.394234 34.294 -3.02995
179 52.5562 89.9381 -1.63473
180 89.9262 32.8643 -2.7864
181 67.037 89.3401 -1.76054
182 98.2172 39.9206 -2.7506
183 63.941 2.93479 -0.941812
184 96.5395 1.70242 1.5904
185 83.1941 22.375 -3.07412
186 54.1916 60.5054 0.0522358
187 64.7238 84.7243 -1.69431
188 75.1057 83.9778 1.33217
189 81.3967 95.6553 1.27051
190 85.3044 97.1976 1.25969
191 87.9197 92.5361 0.636617
192 30.9277 80.6276 0.189329
193 59.47 83.5648 -1.62402
194 18.3074 2.77262 0.645667
195 82.5561 88.2829 0.64428
196 97.7313 94.4208 1.16863
197 50.0705 5.52644 -0.912638
198 6.50277 59.5851 2.0282
199 98.621 96.1525 1.34122
200 91.496 84.6983 0.816366
201 71.652 76.9114 1.27912
202 75.6515 74.1572 1.41399
203 58.3832 1.44549 -0.892211
204 90.8727 95.2034 0.880761
205 53.7169 75.1123 -1.38041
206 13.5684 20.3054 0.830228
207 98.151 1.38861 1.61521
208 97.2517 3.59512 1.17114
209 89.4378 100.431 1.71989
210 82.4731 89.0658 0.932319
211 85.8825 1.11132 1.13027
212 19.239 94.3761 0.016705
213 55.728 97.3364 -1.64589
214 79.0685 83.1887 1.08733
215 85.5978 41.8951 -2.50057
216 67.3225 97.4768 -1.63721
217 89.1151 84.3301 0.725954
218 63.819 99.1995 -1.53583
219 86.3827 16.4851 -2.11907
220 99.4794 90.116 1.27361
221 62.945 97.0245 -1.32068
222 85.7796 89.9641 0.942337
223 79.7698 20.2859 -2.63533
224 13.0861 34.9411 2.59577
225 33.0819 16.2616 -1.5629
226 63.4723 90.7393 -0.992071
227 64.0253 82.5414 -1.3057
228 52.5989 6.01303 -0.985199
229 63.7198 92.4841 -1.88982
230 71.9897 41.5776 -2.40154
231 82.374 91.1332 0.680534
232 67.2341 61.5478 -0.471837
233 25.8287 63.1586 -1.48019
234 97.1299 97.1767 1.84065
235 97.8066 38.7552 -2.51327
236 64.0245 86.3868 -1.55452
237 82.54 94.6513 0.674745
238 99.2905 34.5688 -3.05955
239 74.4221 83.0274 1.35846
240 86.5368 99.2447 0.998712
241 81.4677 95.0915 1.06536
242 58.958 95.0643 -1.11084
243 90.6606 86.0428 1.36941
244 61.9506 62.6617 -0.156531
245 59.4746 94.8697 -1.26222
246 59.7568 56.7755 -0.606248
247 69.6484 45.0622 -2.0372
248 79.2796 81.567 0.550191
249 88.4028 94.16 0.847522
250 42.4239 11.9976 0.837129
251 78.0206 95.407 0.863868
252 36.315 20.826 -1.28096
253 85.7248 21.4032 -2.65781
254 83.2581 0.503092 1.38504
255 87.1304 94.4078 1.34352
256 61.5385 93.9346 -1.70418
257 58.4241 59.6853 -0.504566
258 67.2558 85.8255 -1.84031
259 99.667 43.0861 -2.1554
260 97.8386 93.8652 1.72672
261 91.2247 25.0608 -2.80688
262 66.8231 90.4667 -1.20273
263 23.8006 83.7595 0.858913
264 77.1782 92.189 0.806296
265 29.0971 61.8379 -0.906456
266 40.8275 88.195 -2.34227
267 80.0418 91.1307 0.676013
268 79.1714 100.335 0.880649
269 25.8922 88.3021 0.426608
270 96.093 36.0505 -2.53724
271 98.9 38.9686 -2.73883
272 53.6534 6.33067 -1.25796
273 97.5176 96.3698 0.974328
274 24.718 83.6521 0.579028
275 60.0291 87.6991 -1.13029
276 14.8022 97.4191 0.486699
277 49.987 75.0962 -2.25698
278 74.6144 88.637 0.414674
279 62.8591 96.9495 -0.923174
280 81.5462 81.0489 0.962109
281 57.6086 68.759 -0.807308
282 97.0004 29.2108 -2.82288
283 94.4871 90.919 0.905928
284 83.3844 95.3134 0.854349
285 86.5927 86.8899 1.18718
286 69.2448 44.1854 -1.54824
287 57.6602 57.8845 0.135181
288 13.2404 35.4187 2.08051
289 77.0772 93.2759 1.24334
290 59.8044 85.0171 -1.00037
291 77.6236 90.2131 1.06685
292 0.548692 12.0731 2.20186
293 25.4397 83.8132 -0.0650142
294 92.7226 9.08276 1.37413
295 37.488 22.6893 -1.02271
296 97.6071 2.94313 1.25301
297 65.4069 89.2146 -0.998242
298 78.5675 91.0191 0.53463
299 91.3837 89.9863 1.12243
300 25.9827 79.6509 0.53993
301 85.2211 93.0637 1.40208
302 74.4468 96.731 1.02114
303 65.0909 79.89 -1.15532
304 77.1367 86.1088 0.45944
305 83.7172 95.6118 1.32081
306 26.7736 0.519681 -0.0779991
307 80.1788 92.8575 0.42786
308 92.1635 30.2249 -2.81373
309 38.2887 90.481 -1.57044
310 36.1763 14.0511 -1.39496
311 81.2165 15.6834 -2.49889
312 57.872 95.3457 -0.960435
313 49.5132 91.7243 -0.910444
314 20.8186 37.9192 2.07485
315 61.4522 85.3725 -1.78904
316 90.629 86.1701 1.1837
317 83.461 83.6881 1.24233
318 91.8958 0.769954 1.69226
319 88.156 89.8947 0.844647
320 84.075 92.4611 0.984929
321 84.223 13.9264 -2.45591
322 86.4012 89.5271 0.827662
323 83.0191 84.1797 0.630923
324 79.9968 96.0591 1.39966
325 64.1138 92.9452 -1.78938
326 9.64572 32.944 2.96527
327 47.8243 95.0854 -1.08319
328 97.3233 4.0429 1.69716
329 9.44022 37.9871 2.86119
330 53.5618 93.2653 -1.08432
331 20.0266 90.9734 0.307094
332 9.58181 38.758 2.25384
333 2.34079 58.986 1.77122
334 73.1371 79.6665 0.545041
335 87.8947 91.2821 1.05932
336 95.1822 86.692 0.928975
337 76.2552 80.9576 1.2732
338 63.7311 91.0573 -1.35839
339 8.33337 34.0882 2.72731
340 81.4734 87.9149 0.736796
341 73.7568 86.1905 1.20346
342 80.2358 87.7811 0.822457
343 62.8579 95.7509 -1.59733
344 66.5146 82.154 -1.79511
345 95.631 8.36697 1.1448
346 82.5011 34.8517 -1.82497
347 14.1001 98.2742 0.471552
348 77.662 83.7758 0.859962
349 83.9073 96.0369 0.5547
350 59.9242 93.0794 -1.33703
351 65.1515 86.4933 -1.05256
352 77.2967 89.6909 1.17212
353 59.854 29.145 -2.51746
354 56.7654 48.3307 -2.1407
355 89.3416 3.9028 1.58843
356 10.6779 37.1163 2.39856
357 22.7749 92.1448 0.533701
358 93.3146 30.2509 -2.76403
359 98.7171 2.0303 1.32665
360 69.4563 96.6628 -0.909864
361 89.7787 96.9522 1.57807
362 84.9255 87.9095 0.994611
363 51.1035 3.07519 -0.572219
364 77.1238 92.3579 0.730039
365 55.8072 91.6841 -1.80477
366 91.4174 85.7755 0.682529
367 55.7433 77.664 -1.3894
368 53.9856 93.0245 -1.81055
369 96.9575 6.47949 0.85991
370 89.7965 98.9456 0.748732
371 86.5782 95.2039 1.09039
372 91.5571 8.55491 0.955268
373 86.5759 36.9189 -1.99722
374 79.3857 93.7532 1.00049
375 55.7217 90.2883 -1.00157
376 58.0745 77.4506 -1.30229
377 36.6232 72.2683 -0.73628
378 59.3851 93.7276 -1.38731
379 97.4187 91.3931 0.995982
380 64.2152 89.9658 -1.06785
381 16.7776 98.7333 0.115861
382 84.1015 87.0091 0.605807
383 20.5048 36.6486 2.21612
384 4.08104 12.7988 2.15843
385 39.2526 17.8491 -0.648289
386 31.0501 19.0368 -1.18539
387 24.5652 74.4987 0.0830879
388 64.7874 91.6524 -1.2457
389 95.9906 97.3112 1.72141
390 78.7283 89.2107 1.11946
391 94.6015 30.0673 -2.86515
392 79.8161 98.2571 0.548192
393 64.217 94.5004 -1.47168
394 88.1945 86.4749 1.09805
395 91.9125 25.7661 -2.6753
396 85.6148 17.0335 -2.82634
397 90.9635 93.8765 1.6292
398 86.9026 99.1779 1.60982
399 39.6745 75.8385 -1.03838
400 78.2894 79.9426 1.10313
401 62.6562 43.3854 -2.4556
402 53.716 1.4508 -0.867998
403 83.5383 85.2886 0.429675
404 20.3928 13.1253 0.565722
405 77.915 86.1988 0.507728
406 72.3036 39.5586 -1.95696
407 88.6423 84.9425 0.794898
408 84.7065 36.5925 -1.93941
409 92.6005 88.2147 0.74963
410 75.7984 82.0209 1.18588
411 96.2564 5.75917 1.74015
412 53.4449 1.30077 -0.291926
413 93.3113 20.8373 -2.0289
414 61.7027 92.2093 -1.62526
415 1.04096 11.8218 2.05154
416 96.0147 100.306 1.56885
417 82.9519 80.6995 1.30191
418 85.0969 88.583 0.524791
419 73.6048 72.8446 1.29154
420 99.9004 2.86288 1.16329
421 80.1657 86.2138 1.36302
422 97.0866 35.6704 -2.57776
423 51.0573 55.3102 -0.713419
424 94.2657 4.56434 0.845665
425 88.8594 82.9461 1.29945
426 44.126 75.6972 -1.33884
427 78.4703 94.6172 0.361147
428 59.0585 92.2741 -1.15884
429 60.8883 91.3434 -1.14606
430 61.489 62.1544 -0.214084
431 59.8183 91.043 -1.48454
432 64.5299 84.9706 -1.15794
433 44.8815 78.2138 -1.17947
434 92.1685 5.31905 1.04801
435 73.4809 90.4289 0.65114
436 66.0847 90.4901 -1.00173
437 13.1647 2.2536 0.00369375
438 71.201 78.644 0.635485
439 48.2415 76.7076 -1.52114
440 58.3132 47.453 -1.91747
441 80.6174 76.174 1.22381
442 85.2339 89.1582 1.14059
443 55.1636 48.8182 -2.69832
444 58.525 92.4206 -1.84612
445 86.3607 94.8718 0.741957
446 85.9212 25.8381 -2.80436
447 70.1208 45.1504 -2.23501
448 95.7034 3.09782 1.61629
449 85.6859 93.8313 1.47329
450 79.4917 84.7247 1.33528
451 51.8318 99.1576 -0.894682
452 83.2031 94.6635 0.699651
453 65.0952 88.1895 -1.87091
454 93.7992 38.4796 -2.5691
455 60.3374 42.6373 -2.29571
456 75.7782 78.664 0.948696
457 99.2561 34.5289 -3.48949
458 12.3445 40.4017 2.74522
459 51.4689 54.6876 -0.799823
460 95.8588 95.7736 1.03374
461 13.7567 96.5704 0.467645
462 61.7151 94.5473 -1.78115
463 57.0679 75.5565 -1.3939
464 61.2993 99.1011 -1.05935
465 94.739 32.1991 -2.27191
466 67.2343 94.7795 -1.18523
467 88.3221 88.9942 1.0568
468 95.1789 97.4907 1.75236
469 63.3459 89.7157 -1.44954
470 80.0454 84.8974 0.764402
471 59.9673 95.0126 -1.80748
472 60.7632 96.3073 -0.95888
473 82.604 43.3006 -1.82047
474 94.8364 2.85008 1.01933
475 78.6305 35.4613 -2.34013
476 20.7586 96.9666 0.238399
477 23.9446 17.2051 1.14298
478 65.1138 64.9113 -0.360876
479 0.244328 9.87095 1.76399
480 99.4676 33.548 -3.45831
481 98.1397 1.73486 0.850038
482 15.6942 97.6256 0.417103
483 82.0271 84.8586 0.922011
484 78.7202 97.6422 0.994699
485 75.3277 94.9739 0.753139
486 64.6677 87.7824 -1.67477
487 67.4032 96.0955 -1.04753
488 44.6295 81.6046 -1.12729
489 60.99 45.629 -1.87024
490 37.6056 21.7911 -0.728421
491 57.1723 62.0673 -0.147029
492 60.3856 93.4509 -1.11771
493 57.9756 72.0282 -1.09085
494 59.5805 58.2405 0.111208
495 35.1997 78.2406 0.0665784
496 84.7952 93.8215 0.563552
497 92.1571 98.9742 1.54184
498 61.9702 91.9494 -1.12522
499 53.2614 53.8681 -0.111698
