500
Particles
0 27.5351 7.31679 -0.233486
1 53.9863 79.8406 -1.09605
2 81.2753 27.6909 -3.25706
3 4.90807 8.69223 0.339401
4 53.2601 71.7002 -1.38537
5 80.318 62.7134 1.52815
6 94.2722 67.7283 -2.33116
7 44.8291 54.0133 -1.20874
8 74.0303 17.8891 -1.57144
9 70.007 25.0292 -1.3555
10 71.5993 71.7247 0.553501
11 90.865 80.362 -0.209187
12 68.1369 69.7175 0.173322
13 9.97168 45.2839 2.9711
14 57.9981 52.5934 1.41084
15 80.1029 70.8638 0.677161
16 6.37862 9.16904 0.0961611
17 26.8011 39.194 3.33746
18 57.9814 69.0428 -1.06506
19 50.7655 87.5821 -1.17943
20 31.3919 63.7137 -1.79357
21 97.039 69.852 -1.91252
22 64.15 85.1166 -1.22697
23 29.9172 44.1503 2.62499
24 22.28 95.4866 -1.51222
25 89.2817 68.5891 -2.62904
26 84.0513 74.3502 0.948903
27 47.6827 51.5576 -1.35752
28 23.7627 10.3949 -0.0767387
29 6.72616 11.9622 0.298831
30 74.0757 98.4771 -1.46574
31 53.5788 97.5178 -1.39572
32 30.7453 59.7575 -1.83848
33 81.4532 21.6802 -1.87403
34 27.5548 61.5075 -1.35123
35 24.8518 7.53905 -0.247787
36 2.87191 87.523 -3.45403
37 68.7606 59.9797 0.867455
38 85.8658 24.3864 -3.48103
39 53.1755 88.2946 -0.800099
40 85.3687 27.5037 -2.75706
41 12.3661 48.134 3.2785
42 68.3644 25.8703 -1.14953
43 78.8976 78.7231 0.603757
44 57.9771 94.488 -0.851309
45 69.0135 29.9389 -1.24434
46 28.3821 12.1704 -0.351748
47 -0.357971 95.3773 2.45644
48 70.8323 16.7651 -1.67154
49 87.9771 64.0341 -2.05365
50 79.145 18.7938 -1.85833
51 30.3009 15.3152 -0.0143084
52 93.8821 63.1742 -2.04432
53 6.08296 88.0142 -2.60158
54 74.9283 75.5251 1.20623
55 51.9744 53.4787 -1.49604
56 27.2681 58.9249 -2.05108
57 94.7927 4.25069 -0.114725
58 29.0565 50.4527 -2.39632
59 91.596 70.2941 -2.4578
60 67.6248 60.3161 0.531557
61 67.2759 21.248 -2.16377
62 24.0381 12.2655 -0.357765
63 53.3491 79.021 -1.06766
64 57.0938 79.3524 -0.872872
65 97.4499 56.9122 2.51879
66 63.6964 71.842 -0.627828
67 29.8034 1.28486 -2.54373
68 96.5277 54.7731 3.10606
69 26.8883 15.4568 -0.316419
70 93.2701 69.7203 -2.36996
71 29.0866 76.4518 -0.506543
72 60.5483 70.1007 -0.923441
73 55.7431 7.62739 -1.30804
74 87.8667 50.6431 2.5189
75 14.4175 24.6686 -1.15761
76 23.762 16.6361 -0.720667
77 60.8955 67.8037 -0.467335
78 60.9792 90.1148 -1.35757
79 73.3982 50.4811 2.46626
80 22.9919 14.4627 -0.2567
81 67.3608 63.2084 0.105407
82 22.3261 62.5983 -2.07226
83 57.8903 64.3312 -0.853339
84 31.6592 39.3383 2.99605
85 8.35787 66.1486 3.3224
86 18.1162 21.7451 -0.507949
87 95.6507 46.4947 2.6866
88 93.3019 61.6619 -2.33361
89 83.1001 74.9116 1.04949
90 85.7472 73.2333 0.264582
91 53.1474 96.3571 -0.96351
92 51.0878 52.9277 -1.21376
93 27.7256 51.3904 -1.73318
94 30.8931 82.0035 -1.6617
95 24.4845 10.5321 -0.629925
96 71.9714 53.738 1.30291
97 71.9666 59.5913 1.08208
98 83.8312 76.1014 0.352774
99 1.01319 5.58695 -0.217909
100 94.4867 61.9032 -2.70146
101 61.1297 58.3248 0.457082
102 74.6571 18.9497 -1.62701
103 4.05869 76.311 2.73911
104 30.405 8.41403 -0.205244
105 85.5573 73.7869 0.662209
106 26.5387 61.8799 -1.93676
107 58.0723 12.2589 -1.945
108 36.2532 15.5538 -0.414648
109 67.4034 14.356 -1.96986
110 75.4025 1.38856 -1.91122
111 72.941 57.7084 1.44697
112 79.6925 17.6829 -2.28177
113 23.4748 46.1764 2.65315
114 78.9048 73.6363 0.579346
115 49.1246 9.92187 -2.25308
116 67.961 65.468 0.225524
117 81.7813 75.2298 0.231215
118 7.04183 7.99512 -0.458038
119 28.5012 49.6071 -2.07905
120 84.0843 69.4364 1.38639
121 45.4926 87.195 -0.928968
122 30.3783 81.3335 -0.894718
123 60.1711 63.0213 -0.941123
124 -0.05709 53.9531 2.25091
125 93.7623 59.8088 -2.59552
126 55.4879 3.76844 -0.987587
127 98.2538 59.5263 2.65097
128 19.4426 95.4319 -2.80466
129 30.9182 8.02021 -0.45319
130 27.8522 15.8375 -0.621332
131 69.5739 69.9476 0.361495
132 88.1456 78.5642 0.726004
133 87.424 78.8441 0.773916
134 94.2785 72.9685 -2.03228
135 97.2627 71.2111 -2.02943
136 1.82609 91.1846 3.2016
137 97.3609 73.1093 -2.37809
138 36.5227 89.3151 -1.80417
139 18.6393 14.3254 -0.847848
140 74.467 20.641 -1.59309
141 93.1931 61.3774 -2.80844
142 93.7456 64.8193 -2.08218
143 73.7361 28.4854 -1.84686
144 71.9916 59.7458 0.978549
145 59.0893 10.2803 -1.80899
146 25.9499 13.1847 -0.904098
147 82.8711 23.8715 -3.01876
148 27.122 12.0704 -0.198222
149 72.2577 61.8888 1.10853
150 38.3138 11.5515 0.283307
151 23.063 10.5144 -0.312123
152 47.0565 82.6755 -0.611144
153 28.4743 8.74053 0.0547275
154 75.2627 28.2552 -2.00378
155 88.6706 85.3922 -0.194233
156 72.5058 20.5313 -1.50637
157 64.1582 32.4868 -1.06506
158 94.4896 79.9737 -2.10725
159 72.8433 72.4926 0.443345
160 60.41 -0.401296 -1.3216
161 45.063 91.5536 -0.986838
162 77.4995 21.6046 -2.33789
163 -0.412486 49.7984 2.74138
164 -0.188627 63.5422 -2.89753
165 23.4919 7.40475 -0.471114
166 95.1154 53.5919 2.68209
167 99.2375 73.2595 -2.19366
168 56.5654 77.421 -1.17407
169 81.825 98.3069 -1.36012
170 80.0249 20.9931 -2.603
171 74.5487 52.6248 2.10765
172 54.4341 11.0547 -1.69456
173 72.0355 21.6632 -1.90884
174 75.68 63.5857 0.718118
175 52.0865 0.948344 -0.871214
176 77.227 71.2758 0.905575
177 7.94183 66.9676 3.16063
178 32.857 48.1104 2.79233
179 24.5361 9.63423 -0.808976
180 21.226 48.1574 3.56246
181 76.1258 23.9536 -1.1972
182 30.2517 55.0047 -1.03885
183 61.6214 34.6073 -0.434421
184 84.0144 68.4954 0.942759
185 12.2524 34.5198 -1.71694
186 30.4628 82.7908 -0.943518
187 78.0505 18.3429 -2.6983
188 52.5967 76.5963 -0.684295
189 63.1802 93.9081 -1.12738
190 64.8067 70.445 -0.646653
191 74.827 59.2274 1.57461
192 15.8628 94.4877 -2.78828
193 66.4557 18.9279 -2.63388
194 87.9631 91.9297 -1.09328
195 60.9888 66.684 -0.878251
196 95.3338 75.3236 -2.07535
197 19.4441 19.9694 -0.255085
198 26.5612 67.236 -1.72026
199 97.243 77.3709 -2.25712
200 98.3696 69.9743 -1.87817
201 50.5598 87.4764 -1.13641
202 54.0374 67.0703 -0.766552
203 32.554 18.0598 -0.442382
204 82.8131 60.2626 0.703212
205 59.3221 10.743 -1.48721
206 93.4225 13.0127 -2.42684
207 90.8024 72.2216 -2.48768
208 81.4173 71.5939 0.462434
209 72.915 69.4434 0.637639
210 65.7213 58.9129 0.853124
211 66.4409 74.8058 -1.12587
212 87.1297 79.275 0.103005
213 26.2486 14.4338 -0.454153
214 58.5751 61.3405 -0.981884
215 17.3851 52.4114 -2.90155
216 71.8445 33.4467 -1.43601
217 96.9342 69.7253 -2.81416
218 60.1972 31.7291 -0.965071
219 15.3869 30.6972 -1.96979
220 4.10146 64.0268 2.60825
221 37.5211 18.4339 -0.720905
222 67.6598 60.3161 0.543004
223 91.8709 18.0492 -2.31892
224 4.32937 6.49452 0.213833
225 40.9614 51.2022 -1.77267
226 67.8463 26.4243 -1.58614
227 73.972 17.473 -2.18472
228 22.5256 20.5375 -0.623815
229 39.8919 15.4781 -0.380667
230 6.24811 48.6795 2.41521
231 63.3398 64.3093 0.0269214
232 49.1747 92.2393 -0.895575
233 10.0017 53.2514 2.04859
234 93.3981 74.2666 -2.5373
235 27.5 57.6362 -1.49644
236 76.0603 20.3763 -1.76857
237 61.6415 91.7631 -1.81061
238 32.1186 50.1025 -3.06932
239 53.6406 74.0825 -1.03006
240 73.2047 66.1996 0.838197
241 59.9693 80.9385 -0.95716
242 31.7674 15.0225 -0.525653
243 97.308 70.7833 -2.07862
244 40.3454 86.5122 -0.923413
245 32.705 14.3848 -0.527088
246 38.0225 80.9174 -0.81413
247 1.2986 57.2587 2.26681
248 62.4088 51.8307 1.08745
249 76.5264 60.0272 0.722685
250 13.7328 23.1984 -0.920692
251 87.6933 18.7893 -3.16502
252 40.2409 56.1278 -1.72877
253 15.8924 33.9411 -2.6355
254 67.1582 96.9216 -0.756277
255 70.341 62.9734 0.262838
256 35.4066 15.0269 0.0178555
257 34.2117 82.127 -1.63748
258 78.5342 19.688 -1.70862
259 27.711 62.8287 -2.16956
260 96.9672 75.8869 -2.04897
261 22.1879 42.7744 3.34009
262 73.1942 26.3497 -1.95357
263 3.639 66.7318 2.69458
264 74.4431 9.25807 -2.56361
265 10.4469 54.0404 1.82485
266 12.9898 2.16101 -0.096619
267 58.4754 79.2946 -1.30152
268 75.113 96.8593 -1.48423
269 96.6115 81.8479 -2.5964
270 27.0965 54.1072 -1.53818
271 28.7342 57.6213 -1.5541
272 22.4409 19.9062 -0.964727
273 94.3983 74.6118 -2.55205
274 0.263947 79.2289 2.93381
275 40.7778 11.9282 -0.1916
276 86.5922 75.1624 0.345836
277 56.8494 10.1779 -1.56022
278 81.4114 15.5458 -2.58634
279 40.0451 21.0465 0.0128997
280 72.0559 46.9416 1.84863
281 55.3767 3.87514 -0.991932
282 29.5225 42.22 3.40687
283 97.0449 74.8299 -1.83327
284 60.4194 81.9846 -1.444
285 76.9023 52.3238 1.63947
286 0.935982 53.5293 2.44817
287 35.147 82.7679 -1.42319
288 2.78263 6.86766 0.234468
289 86.9706 14.4336 -2.89065
290 69.5441 18.974 -1.64815
291 54.164 83.4598 -0.918486
292 80.0116 95.9551 -1.53579
293 4.48015 70.3011 2.88679
294 76.9305 76.9844 0.803233
295 42.8762 58.2663 -0.81257
296 81.8778 70.913 0.96519
297 71.9328 24.4617 -1.20755
298 56.9119 97.9523 -1.36724
299 92.142 68.6225 -2.01415
300 6.05063 63.6743 2.59754
301 67.5416 62.5363 0.234108
302 84.0275 26.4618 -2.97789
303 74.5534 14.9511 -2.11084
304 57.1155 75.3169 -0.762681
305 63.9669 69.6489 -0.450344
306 5.02629 94.8031 2.72027
307 59.7292 95.9171 -1.05909
308 24.8714 46.5042 -3.03923
309 8.09072 2.26313 -0.218432
310 44.3337 48.0179 -1.29984
311 98.0982 96.6839 2.77368
312 29.4889 13.4625 -0.0502309
313 19.6571 11.1874 -0.717432
314 9.0105 9.20777 0.458918
315 72.2439 19.6977 -2.00403
316 96.2193 69.4459 -1.96839
317 91.797 63.8128 -2.04329
318 75.1816 69.4704 0.863879
319 78.7873 55.336 2.22019
320 64.9237 64.23 -0.0427372
321 -0.247717 93.3578 2.78543
322 72.7018 56.9166 1.01042
323 74.6061 49.8904 1.82978
324 60.8288 1.28143 -1.25437
325 64.8421 28.6952 -1.58813
326 98.4623 6.43784 0.770627
327 17.5326 13.5891 -0.873789
328 81.4165 71.8047 0.694184
329 29.9714 61.398 -1.40708
330 25.7637 13.8196 -0.551414
331 88.5875 76.4177 0.236325
332 31.4491 61.1465 -1.17804
333 20.4419 50.1472 -3.46941
334 49.6324 79.287 -0.636265
335 77.6299 56.6578 1.07862
336 0.278481 72.3569 3.24555
337 54.9555 71.0551 -0.652446
338 68.9176 27.22 -1.30038
339 98.379 7.64426 -0.0744916
340 62.4137 64.8787 -0.507121
341 71.7636 7.55579 -2.4976
342 60.8434 65.5566 -0.7346
343 39.4539 19.1056 -0.0933544
344 76.2159 17.0456 -2.3503
345 79.6686 76.0261 1.25823
346 12.5483 48.3279 2.40539
347 85.4185 76.5339 0.610255
348 56.1268 72.3503 -0.973855
349 64.1121 71.0412 -1.31644
350 33.6399 11.6999 -0.725423
351 72.3515 21.6215 -1.87161
352 57.1217 93.0785 -1.26731
353 87.1487 49.6797 3.22032
354 90.6309 56.1999 -2.7934
355 74.5698 71.586 0.900884
356 2.98103 9.48261 -0.586253
357 89.2414 79.9731 0.229913
358 25.6063 45.8913 -3.20939
359 81.9915 69.9909 0.453758
360 76.0512 31.204 -1.33719
361 76.3137 63.7067 0.893681
362 72.3842 54.6946 1.04796
363 20.6778 18.6974 -0.507776
364 85.0299 15.1208 -2.1558
365 28.1789 11.4431 -0.284147
366 96.9391 71.8862 -2.1608
367 61.6139 12.822 -2.08978
368 25.8146 13.0438 -0.520615
369 79.4643 75.093 0.552424
370 75.3302 66.6392 1.17786
371 69.2187 64.6622 0.366638
372 75.3993 76.0929 0.785075
373 16.9274 48.7326 3.38407
374 57.933 0.730056 -1.43334
375 28.8465 11.3631 -0.475021
376 70.997 10.1213 -2.78658
377 26.0613 95.0185 -1.56732
378 32.3357 14.0355 0.128089
379 99.4074 77.1127 -2.10373
380 73.7488 24.6239 -1.47297
381 85.6253 82.1503 0.0950723
382 67.5632 55.9185 1.21424
383 7.0219 8.64477 -0.106336
384 91.4815 13.645 -3.07044
385 44.445 53.2709 -1.45656
386 37.597 53.3786 -1.81571
387 5.26248 59.9204 -2.65645
388 66.7987 27.7401 -1.67018
389 82.1684 64.7314 1.18401
390 57.7685 74.8711 -0.952041
391 27.211 45.9934 -3.49715
392 64.3573 2.09836 -1.41097
393 61.8851 28.9291 -0.780673
394 96.464 69.8918 -2.81335
395 22.1956 44.503 3.07805
396 5.18898 14.9985 0.341453
397 78.0885 60.2453 1.24813
398 69.8633 68.3192 0.701772
399 31.6323 97.8863 -1.85806
400 86.7438 56.7311 -2.89441
401 96.8323 49.4576 2.84015
402 22.7366 17.2813 -0.16627
403 65.4608 55.3851 0.270377
404 92.5894 1.67709 0.553037
405 54.8805 76.7658 -1.24908
406 5.52867 46.8571 2.7971
407 94.5034 68.0982 -2.64398
408 15.8514 47.9978 3.02811
409 97.788 72.5646 -1.86301
410 52.2715 76.5324 -0.583304
411 79.4531 73.9825 1.04787
412 22.503 17.0134 -0.414829
413 18.2445 34.7903 -2.16386
414 37.4109 14.3293 0.233412
415 84.3239 93.8615 -0.728774
416 86.727 67.1121 1.11013
417 93.809 64.0587 -2.23792
418 68.629 57.7592 0.925317
419 51.9964 85.6827 -0.672281
420 83.1322 71.5519 1.21125
421 57.7969 70.3307 -1.15087
422 28.9515 53.4302 -1.97096
423 27.799 79.1726 -1.02193
424 77.2815 72.6515 1.10338
425 94.6074 67.1537 -2.0725
426 51.4173 9.14694 -2.17475
427 60.5037 4.35545 -1.02591
428 31.982 12.7559 0.238555
429 36.1524 11.6698 -0.567046
430 40.0073 86.3599 -1.46182
431 34.3496 10.8875 -0.162128
432 77.3981 18.454 -1.95661
433 52.5252 10.5919 -1.81185
434 76.0777 73.5306 0.837885
435 82.8029 18.4569 -2.7163
436 70.3762 26.4151 -1.75424
437 84.7578 89.7968 -1.15675
438 50.9626 89.0106 -0.848985
439 55.4148 11.1845 -2.17182
440 90.7807 58.0037 -2.70189
441 96.65 63.8488 -2.0899
442 70.8267 56.9272 1.27436
443 53.5821 66.8858 -1.3129
444 31.5855 10.8709 0.294722
445 71.6461 62.7628 0.786831
446 17.6807 38.0228 -2.22612
447 1.50137 54.4217 2.14417
448 80.6576 70.5831 1.17534
449 71.0968 60.9299 0.505282
450 56.6311 75.2353 -0.651328
451 21.1401 15.3748 -0.244618
452 63.4846 68.2263 -0.89598
453 76.4531 22.5504 -1.44262
454 23.7193 56.9841 -1.48927
455 94.2433 49.6055 2.90896
456 53.4807 71.3758 -0.982998
457 33.009 46.494 3.18255
458 32.0345 63.784 -1.55361
459 28.6459 78.6271 -1.44816
460 87.6838 65.0008 0.117345
461 84.1055 76.2762 0.263918
462 35.5051 13.7829 0.124412
463 63.5527 11.0816 -2.24991
464 37.0247 21.0919 0.0519148
465 26.7343 48.9361 -2.67483
466 70.455 30.4911 -1.1626
467 94.1095 70.054 -2.1627
468 88.6036 67.6746 -2.53198
469 71.8217 25.2559 -1.74212
470 57.4701 69.1074 -1.13883
471 35.9436 16.9537 -0.398895
472 35.4718 17.2836 0.159326
473 4.59997 54.6467 2.32667
474 78.6701 70.4453 0.913539
475 9.21371 48.4362 2.67123
476 86.9717 84.6826 0.768077
477 93.7219 8.26492 0.678133
478 54.5593 98.8718 -1.33454
479 81.1162 81.907 0.48624
480 32.5472 47.3949 2.8151
481 83.7163 68.1846 1.18936
482 85.6395 79.2291 0.0493809
483 72.2138 50.7373 1.6939
484 74.7601 94.6391 -1.87741
485 86.4879 22.7377 -3.19021
486 71.4454 23.1812 -1.31769
487 68.4643 31.6942 -1.72688
488 23.3222 5.47835 -0.669399
489 95.1023 51.704 2.61808
490 43.1731 56.9884 -0.79761
491 35.2295 84.8252 -1.58131
492 35.7483 16.0166 -0.31022
493 58.8954 7.42017 -1.6236
494 38.0296 82.3902 -1.25787
495 25.4104 97.7282 -1.74852
496 67.5582 63.8513 0.730843
497 76.3619 66.4042 0.689846
498 39.4773 15.3281 -0.567474
499 31.1601 76.5552 -1.0574
