500
Particles
0 49.025 28.1225 2.37252
1 75.6291 20.9653 2.47369
2 57.7688 74.2079 -2.1442
3 59.5334 53.4552 1.27641
4 87.9223 17.3431 2.31278
5 58.0127 24.9469 2.63884
6 51.2952 41.6509 2.07605
7 62.7433 64.6062 0.0748182
8 76.3876 27.9535 2.25573
9 76.4121 30.5289 2.01657
10 68.0767 28.8615 2.61033
11 50.9103 63.9352 -0.559412
12 51.2797 55.2056 1.7324
13 91.6446 9.16473 2.74456
14 88.8482 19.8642 2.38338
15 4.6302 20.5087 -2.64836
16 72.904 31.2075 2.21907
17 83.2586 37.7106 2.21436
18 87.004 27.2783 1.99678
19 59.1191 48.4007 1.62447
20 55.9845 54.4967 1.4297
21 42.0859 41.2497 1.95403
22 62.3511 37.0092 1.98323
23 92.6306 13.6526 2.47788
24 58.1343 57.966 1.17114
25 56.0618 32.4498 2.38186
26 57.4591 20.5819 2.6808
27 41.0431 64.0049 0.85729
28 53.8696 37.5314 2.1687
29 10.6363 10.4428 1.45363
30 58.5415 82.624 -2.56081
31 59.4246 37.3677 2.00002
32 55.2195 52.8657 1.14499
33 59.8571 72.437 -2.70283
34 59.4444 32.5829 2.60417
35 83.8312 32.3536 2.54565
36 40.7796 81.4735 0.616702
37 52.8599 47.9116 1.34717
38 53.3209 34.1828 2.02252
39 88.8987 14.7836 2.46231
40 62.3484 31.4024 2.69319
41 87.0194 14.5623 2.5315
42 70.371 34.8384 2.16387
43 59.2537 54.365 1.9932
44 75.0009 23.3481 2.60433
45 70.8484 31.3709 2.62657
46 60.1939 35.3862 2.68507
47 76.4439 54.7907 2.84949
48 63.4094 32.2059 2.2441
49 56.2673 26.6018 2.1571
50 91.884 32.7301 2.54898
51 63.9065 37.3627 2.80292
52 59.7461 56.3474 1.11761
53 41.002 80.3894 1.03302
54 91.3878 18.2975 1.89189
55 64.533 49.8366 2.03303
56 92.7557 19.9725 2.79066
57 65.7631 22.2227 2.90988
58 90.38 23.843 2.16177
59 54.8038 33.1805 1.894
60 89.4149 30.0362 2.22111
61 67.3084 31.4804 2.3271
62 74.4833 26.1683 2.87805
63 73.5872 15.5059 1.94085
64 48.8365 46.4834 1.60493
65 67.1917 54.5454 1.58588
66 86.8779 32.677 2.38887
67 87.776 32.7807 2.32547
68 65.5158 51.6213 1.43562
69 71.2224 23.5888 2.8893
70 50.4126 45.0079 1.39481
71 59.6897 32.7571 2.04301
72 87.9001 28.4509 1.99295
73 54.0656 47.1334 1.35202
74 64.3558 24.4938 2.82748
75 62.6638 61.2695 1.61866
76 67.5612 24.4016 2.25272
77 51.8955 44.8473 1.54288
78 58.5884 18.7551 2.34815
79 91.7157 25.2229 2.11619
80 63.4223 28.5272 2.11672
81 87.0673 32.3325 2.4697
82 59.4973 45.3228 1.45096
83 86.5129 22.5463 2.02413
84 66.5141 47.2074 1.71169
85 63.6108 30.4216 2.85034
86 64.7324 28.8334 2.12952
87 56.9222 42.7946 1.80458
88 61.9221 49.4682 2.01986
89 62.0362 24.8251 2.77807
90 59.1046 57.9563 1.7867
91 58.3916 38.4743 2.47962
92 56.3512 41.5363 2.10723
93 85.378 17.3431 2.40153
94 65.7508 31.9397 2.24387
95 59.1153 48.9259 1.70373
96 42.0755 44.4447 2.21119
97 52.802 48.5018 1.62702
98 62.0128 25.1451 2.29613
99 56.4028 41.8518 1.98361
100 61.0921 56.7037 1.97763
101 89.0399 27.7808 2.04075
102 68.6278 29.8174 1.94958
103 58.7868 28.8529 2.98272
104 65.1211 35.3484 2.50541
105 57.8729 59.3504 1.16609
106 90.0362 18.5539 1.92695
107 50.5398 34.0393 2.65156
108 63.3324 36.4576 2.54232
109 96.3853 24.4471 2.81844
110 79.1919 62.9942 1.84719
111 53.9132 46.9699 1.33993
112 57.3474 53.0603 1.24598
113 51.811 40.0349 2.23961
114 42.749 51.1821 1.48591
115 51.637 54.0127 1.35137
116 65.1713 21.2937 1.89062
117 57.8254 36.6532 1.84625
118 55.2403 55.0121 1.96427
119 90.2911 19.7394 2.22451
120 55.4728 30.6463 2.32219
121 81.0421 30.2237 2.68451
122 64.6432 32.9547 2.4676
123 82.4384 23.9808 2.56044
124 85.915 98.4955 2.51248
125 66.012 49.7337 1.508
126 71.904 40.5736 1.9121
127 88.5075 11.6672 2.6391
128 60.2859 57.8394 1.66068
129 53.9151 78.0825 -2.78688
130 53.9847 37.4795 2.4916
131 65.2893 26.2734 2.84671
132 68.9313 51.1222 1.38586
133 68.6848 52.8841 1.69615
134 56.3123 25.5332 2.20852
135 54.5747 45.5025 1.9166
136 63.0071 23.9685 2.38419
137 48.4955 46.4475 1.57059
138 65.9339 30.3788 2.71402
139 57.7188 29.7931 2.10921
140 69.0867 28.4991 2.67595
141 65.6184 51.5989 1.53362
142 88.1865 21.2847 2.72773
143 73.904 34.2219 2.26723
144 48.3219 49.413 1.69473
145 53.6106 78.0842 -2.20811
146 53.4538 34.4697 2.56976
147 57.9748 70.5937 -2.49341
148 56.2591 45.9318 1.76843
149 86.7369 31.3159 2.00869
150 70.9265 31.999 1.98744
151 57.7327 51.5178 1.75579
152 65.5827 24.701 2.17406
153 62.4334 34.9677 2.82347
154 74.5035 33.3487 2.36797
155 71.1541 54.6387 1.97534
156 80.8216 28.9535 2.21559
157 70.326 42.1411 2.05288
158 56.3947 22.1099 2.97729
159 75.6294 38.8921 2.22919
160 61.3695 75.5424 -2.48774
161 71.8808 36.8519 1.83713
162 85.2126 32.71 2.89721
163 62.736 47.9252 1.56875
164 63.7418 57.7194 1.65335
165 83.5685 30.7914 2.27764
166 63.6128 48.4098 1.30662
167 56.1657 49.0565 1.28001
168 88.7869 26.3911 1.99904
169 62.8824 55.7326 1.87689
170 76.7445 14.0016 1.69226
171 50.481 41.7264 1.97097
172 48.6133 30.9787 2.32695
173 70.6024 28.3856 2.28411
174 57.3655 22.8712 2.37958
175 67.7656 48.5443 2.22706
176 3.11133 29.346 0.780097
177 59.5696 28.449 2.63183
178 59.9705 56.8815 1.7883
179 54.0182 38.0902 1.72473
180 52.6098 41.5869 1.64592
181 76.6265 32.0746 2.92631
182 94.0466 20.048 1.9293
183 51.2151 29.1601 2.5718
184 58.6778 42.1143 1.72209
185 66.2653 55.0948 1.85639
186 66.8356 35.1597 2.49396
187 57.7253 52.7253 1.43839
188 82.5925 20.9437 2.59182
189 58.7229 77.8049 -2.20367
190 56.8149 22.7902 2.28283
191 50.9022 50.8906 1.83824
192 61.9411 22.5457 2.76904
193 61.3282 38.5831 1.99212
194 62.3019 27.3503 2.42923
195 46.2506 42.5679 1.87068
196 57.8796 28.3137 2.95415
197 64.3024 26.9249 1.98732
198 56.4838 41.7082 1.99091
199 57.3503 24.4675 2.27055
200 54.8869 44.639 1.73022
201 9.93566 8.34069 1.46475
202 60.0079 57.4435 1.76216
203 76.1851 40.833 2.16649
204 58.3064 21.9254 2.21555
205 55.8617 46.9319 1.74816
206 61.4674 28.7489 2.49245
207 56.1155 35.0598 2.47794
208 61.8216 46.0537 2.15108
209 56.196 54.4951 1.28266
210 89.5565 28.9533 2.38936
211 64.0777 33.1455 2.32814
212 68.2539 52.3812 2.12936
213 59.0744 49.6655 1.55814
214 80.3936 19.4226 2.16297
215 51.6547 37.0538 1.73247
216 70.8345 35.834 2.22765
217 47.1691 40.9141 1.60646
218 77.5476 50.384 3.10925
219 84.5438 37.4399 2.17238
220 53.8032 47.0014 2.0732
221 64.7875 39.2561 2.55707
222 52.9686 48.0441 1.51819
223 58.3628 61.8142 1.1483
224 58.6714 53.8902 1.44282
225 52.1423 62.845 -0.948399
226 73.6858 30.4921 2.36954
227 66.7044 35.5959 2.7047
228 66.4342 29.3038 2.11923
229 68.5808 30.4999 2.80502
230 93.3728 11.9679 2.28179
231 92.2677 27.2716 2.39064
232 59.7894 40.487 2.0574
233 59.5532 32.3191 1.98722
234 56.3975 28.5989 2.06246
235 92.5201 17.3904 1.96399
236 73.0405 28.6178 1.96749
237 59.7616 78.0742 -2.82384
238 92.8278 18.1747 2.74779
239 86.2457 19.1271 2.7967
240 46.167 50.7926 2.08904
241 76.9131 27.0282 2.98571
242 67.214 38.81 2.16897
243 54.7844 43.6279 2.12663
244 75.0548 38.7975 2.24276
245 64.231 37.376 2.53825
246 66.9331 30.3185 2.58996
247 88.2091 6.25089 2.63742
248 88.1817 20.8423 2.27185
249 63.2901 23.5746 2.9808
250 39.1175 66.3988 0.554928
251 55.9179 76.9644 -2.48705
252 59.6287 63.6295 0.480287
253 56.7616 55.7008 1.46385
254 66.2574 27.3598 2.68845
255 86.0589 30.5275 2.70343
256 67.2778 36.003 2.42086
257 66.1886 29.8471 2.35473
258 79.9169 31.583 2.17609
259 93.3703 19.1344 2.61683
260 58.7769 24.1849 2.79062
261 90.4291 21.5017 2.11137
262 71.2335 32.6911 2.56303
263 59.2561 38.9599 2.00301
264 59.5149 72.1942 -2.84659
265 64.0183 26.6297 2.72292
266 60.5636 27.8497 2.50837
267 44.4506 47.1382 1.91532
268 56.912 31.226 2.77696
269 41.8502 68.3021 0.80496
270 92.2122 23.0987 2.24435
271 96.2298 21.2795 2.37644
272 57.9542 49.7028 1.27976
273 58.0356 30.2054 2.76707
274 60.8565 35.606 2.42635
275 66.3298 28.2645 1.93207
276 60.6592 26.4352 2.81974
277 54.9515 41.0022 1.78456
278 71.6443 18.5642 2.68245
279 67.3208 39.1366 2.81151
280 92.7979 22.6776 2.75419
281 66.4768 33.2516 2.208
282 90.1955 18.941 2.23497
283 53.8615 53.392 1.86503
284 69.5233 21.3492 2.85137
285 51.0079 45.0834 1.40074
286 86.2989 14.2418 2.89136
287 63.5904 29.8729 2.54233
288 60.5568 49.9116 1.42329
289 71.2689 23.4852 2.4858
290 60.2111 33.1481 2.895
291 79.2322 23.7398 2.08423
292 63.1489 54.8429 1.4591
293 59.0006 34.8513 2.69621
294 94.1327 18.3533 2.49106
295 1.1381 47.4196 -0.835916
296 58.9408 42.8077 1.78674
297 71.9309 31.6644 2.79808
298 80.0586 25.6429 2.70176
299 52.6097 49.2164 1.68892
300 62.3377 29.9167 1.99519
301 89.6501 30.9539 2.41654
302 53.4566 28.7003 2.85327
303 66.0707 31.4275 1.94436
304 73.0814 16.5618 2.11626
305 58.4777 76.8912 -2.69861
306 52.276 63.9173 -0.0345407
307 59.0594 76.8767 -2.81619
308 91.9922 24.051 2.61981
309 58.95 36.1127 2.39883
310 55.1722 63.7202 -0.218997
311 95.9573 14.718 2.77419
312 63.4171 37.1304 2.11603
313 56.1013 50.6496 1.55039
314 85.6952 35.9104 2.40229
315 63.9903 33.1101 2.04716
316 55.4498 42.6229 1.94266
317 90.8696 24.7877 1.86954
318 52.7712 56.2162 2.10918
319 51.9363 49.3324 1.53471
320 53.2143 46.9225 1.335
321 83.5172 35.1786 2.68836
322 55.0402 44.5986 1.53198
323 89.8411 24.8353 1.92643
324 68.4644 16.3612 1.91402
325 71.6988 36.0169 1.96305
326 65.7753 27.1187 2.1289
327 62.1906 31.9627 2.86939
328 59.6606 44.2162 1.45963
329 60.8483 50.6127 1.43473
330 58.8874 49.386 1.68059
331 61.0811 66.5168 -0.270535
332 58.2383 50.945 1.25202
333 57.0204 42.4993 1.61808
334 87.8628 16.7964 1.93197
335 49.7098 49.7346 2.19837
336 55.1216 45.7988 2.24581
337 86.2733 17.3359 2.46516
338 68.4414 34.1325 2.26376
339 66.8783 33.2221 2.39517
340 38.368 42.1008 2.10468
341 87.1912 23.8993 2.43971
342 88.713 26.7971 1.85765
343 69.309 37.5679 2.08896
344 67.9634 31.8029 2.56776
345 61.4243 54.4455 1.31273
346 83.2013 14.827 2.46259
347 57.7248 22.0934 2.63528
348 83.0941 20.9855 2.73237
349 57.6701 18.851 2.85827
350 64.6705 36.2779 2.51942
351 78.0248 29.3902 2.05074
352 75.1682 22.3076 2.18445
353 58.868 60.4349 1.39681
354 62.8658 26.4426 2.01278
355 68.2537 25.4383 2.55943
356 57.375 44.7168 2.0426
357 77.9844 58.0345 1.87536
358 92.3226 23.9268 2.09163
359 55.5376 31.9227 2.20412
360 78.8462 38.4803 1.96728
361 54.249 26.6816 2.12195
362 44.9197 44.9133 2.12456
363 65.3591 28.2197 2.38943
364 61.3848 72.8012 -2.32613
365 60.4632 37.4394 2.14522
366 53.0473 43.8676 1.93058
367 54.4675 47.4782 1.93302
368 51.0217 31.9221 1.90296
369 59.0768 49.5433 1.41745
370 55.4477 57.1902 1.89563
371 87.064 30.8895 2.60732
372 97.7992 19.9855 1.9482
373 53.6516 45.7564 1.49004
374 57.986 78.5586 -2.71148
375 60.0528 39.382 2.58074
376 97.3667 22.9521 2.20486
377 56.7497 51.0567 1.71626
378 60.4087 36.0609 2.32132
379 53.7196 50.014 1.22784
380 67.4409 29.591 2.61075
381 60.8171 20.4338 2.8257
382 46.6381 42.6692 1.56773
383 63.4493 51.8797 1.62398
384 59.9907 40.6861 2.28474
385 58.8768 66.3753 -0.064884
386 42.2724 79.1586 0.19945
387 57.201 25.7054 2.53054
388 71.6674 32.7883 1.96289
389 54.0406 30.3992 2.3104
390 83.8689 25.8801 1.77967
391 90.9893 22.8001 2.08601
392 53.2995 27.2539 2.20899
393 68.7799 37.9715 2.10524
394 46.6859 44.9526 1.4312
395 91.9162 24.878 2.39225
396 85.745 36.8095 2.42691
397 50.3498 53.6475 1.25274
398 57.5419 49.4421 1.77418
399 79.7429 27.5249 2.59501
400 86.277 19.1045 1.94335
401 60.8388 48.4574 1.85814
402 63.2681 25.7975 1.98354
403 42.8508 40.467 1.53327
404 63.0717 32.1767 2.77572
405 74.0816 21.0596 2.24014
406 90.9703 9.93603 1.89653
407 48.7752 43.151 1.83091
408 50.8966 36.5854 1.74221
409 57.1711 46.3467 2.00444
410 86.2104 20.4009 2.30821
411 45.1249 52.3624 1.79309
412 72.9689 27.7498 2.32294
413 87.9903 21.0462 2.58226
414 68.0129 37.1894 2.83588
415 62.319 54.3429 1.26827
416 57.8959 41.5377 1.60934
417 83.8018 18.1881 2.33069
418 90.241 27.9336 2.20978
419 62.2409 50.9006 1.88089
420 58.4319 33.8522 2.1272
421 87.608 27.9595 2.29448
422 92.0251 21.707 1.87219
423 55.6763 45.8903 1.47933
424 89.8662 33.1363 2.78456
425 50.0743 39.638 2.01902
426 54.3578 51.1539 1.32592
427 55.315 78.7286 -2.88522
428 64.805 34.7302 2.65093
429 69.592 34.3049 2.15697
430 72.6895 34.4502 2.43755
431 60.8853 39.4662 2.71189
432 86.759 32.7123 2.14889
433 56.0929 48.9386 1.63258
434 60.621 31.7415 2.24786
435 60.8008 69.9483 -2.07395
436 75.7249 33.8876 2.64453
437 58.708 29.0639 2.19903
438 10.1776 11.2447 1.99045
439 54.7097 48.5337 1.47177
440 67.3995 23.4405 2.80298
441 89.8966 9.73953 2.04201
442 48.5119 45.8039 1.52237
443 60.2632 24.8509 2.87759
444 63.1547 38.1615 2.71005
445 56.6778 22.4668 3.06611
446 68.7509 65.8492 -1.66899
447 89.0748 13.304 2.54848
448 0.936392 42.5112 1.69921
449 70.2736 23.4312 2.40273
450 89.402 25.0491 2.55406
451 63.5355 27.2817 2.41996
452 56.8448 79.2427 -2.22235
453 69.8197 29.0276 2.46827
454 54.567 77.8149 -2.30944
455 65.2705 52.5548 1.59719
456 83.4207 17.4284 2.28049
457 93.3114 18.8189 1.98858
458 34.7848 40.5767 1.47867
459 66.6223 52.3958 1.50815
460 58.5429 30.6141 2.77628
461 58.0566 57.6926 1.89711
462 65.5545 38.8542 2.23725
463 95.1842 22.2437 2.76279
464 66.8479 39.8951 2.58732
465 90.7596 24.4536 2.67408
466 68.5815 33.8145 2.29815
467 53.3415 46.7259 1.86447
468 53.578 30.329 2.92344
469 77.5812 30.4599 2.91814
470 77.9229 21.4781 2.81482
471 64.9345 36.3906 2.03719
472 64.9645 38.3589 2.37567
473 55.023 41.312 2.16216
474 6.02222 21.3815 -2.10513
475 89.4591 12.0621 1.85419
476 80.2068 58.5912 2.62944
477 63.8555 27.768 2.78153
478 65.2591 45.92 1.32174
479 60.1718 52.9732 1.12215
480 -0.24188 17.3907 2.77139
481 60.0654 43.571 1.70271
482 63.6929 25.9658 2.40208
483 87.7625 25.883 2.05383
484 52.8076 34.2936 2.40401
485 52.1668 27.4368 2.76244
486 71.7918 28.8489 1.90352
487 69.8443 34.7089 2.48234
488 78.6882 28.3674 2.38209
489 64.084 50.3423 1.50143
490 59.1385 63.0787 0.654455
491 66.019 29.6163 2.93525
492 66.2068 41.9414 2.05709
493 64.2987 36.1105 2.59556
494 65.5425 28.112 2.04094
495 58.0212 35.0937 2.21369
496 49.0974 50.6831 1.76028
497 93.1477 30.0136 2.22218
498 72.2628 32.2779 2.32199
499 76.4196 52.0666 2.83566
