500
Particles
0 21.6728 44.1401 2.42421
1 92.4097 39.8777 1.66064
2 65.979 4.88364 1.57308
3 68.454 27.842 1.45128
4 30.0234 72.7462 3.08901
5 94.8081 36.1679 2.19125
6 49.6341 82.728 2.69129
7 77.4867 34.6722 1.52223
8 22.0139 80.5074 2.4638
9 41.3736 26.3133 1.87669
10 46.6617 57.8873 2.26174
11 44.8585 89.8893 2.66809
12 71.8608 4.09478 1.12793
13 22.2805 49.6523 3.27196
14 31.2796 74.5586 2.24885
15 24.0352 55.1584 3.18746
16 66.1035 67.4714 2.85221
17 39.7722 94.3878 2.46259
18 33.0558 85.4511 2.34191
19 1.38954 98.6447 -0.506145
20 69.1516 28.6226 1.85087
21 46.7893 80.3904 2.6288
22 43.9802 67.5155 2.39189
23 24.0171 59.2139 2.73685
24 72.0073 30.6753 2.10435
25 32.9112 58.6318 2.11126
26 3.15335 31.0396 0.802017
27 42.6688 86.1628 2.00903
28 45.8121 77.3276 2.79424
29 73.7396 2.51158 1.51822
30 47.785 18.7052 -2.32608
31 43.0937 70.5228 1.70758
32 91.653 5.1079 2.15427
33 63.2622 38.044 1.11398
34 33.02 55.7471 2.49105
35 31.9159 89.7617 1.96077
36 57.1683 40.0324 1.87391
37 75.2892 100.304 2.05021
38 33.2079 62.3838 2.07089
39 26.2226 61.4247 2.56903
40 32.9719 50.9454 2.3829
41 22.2996 58.6811 2.38063
42 47.5428 58.6267 2.64267
43 69.524 28.4851 1.47295
44 97.2944 41.3325 1.58789
45 54.9999 64.6449 2.56371
46 33.2788 58.6604 2.85752
47 89.0909 25.546 2.02088
48 41.2207 59.278 2.41236
49 25.553 38.0418 -3.44943
50 40.1797 89.6364 2.2845
51 52.2441 73.4025 2.49977
52 67.7146 30.7057 2.09387
53 60.3006 39.5508 1.49704
54 32.6753 73.0671 2.60569
55 72.8506 25.3548 1.39793
56 34.055 74.3809 2.83467
57 46.7244 51.4419 2.14533
58 36.1628 80.2582 2.55572
59 27.5725 54.1215 2.55428
60 39.3741 86.0642 2.4465
61 43.6977 58.5176 1.97055
62 18.6592 61.322 3.06164
63 22.43 89.9928 2.12125
64 43.4986 83.3116 1.99245
65 90.2867 26.6415 2.6049
66 35.1295 88.179 2.33129
67 38.6484 89.2749 2.21309
68 95.011 23.2395 2.03317
69 60.7582 60.1689 2.36327
70 45.6204 83.4167 2.20993
71 33.3673 57.5989 2.10695
72 35.8128 85.3808 2.75468
73 75.4175 97.7808 1.61995
74 46.185 56.6477 1.87363
75 77.387 31.0462 1.44621
76 47.711 55.8181 2.65744
77 49.8183 84.0533 2.72396
78 76.5958 5.12974 1.27238
79 37.3242 82.7038 2.61803
80 43.7854 59.7843 2.03921
81 38.5386 90.3879 2.75836
82 23.6695 85.4538 2.30757
83 28.7008 80.5461 2.50387
84 71.2385 23.15 1.99331
85 45.0473 62.4733 2.79509
86 44.714 58.9146 1.85769
87 81.5295 94.8303 0.934293
88 74.5623 24.1351 1.4978
89 43.2235 55.1033 2.32629
90 71.2906 31.269 2.21712
91 44.1236 72.0688 2.04389
92 51.9548 81.3779 2.25028
93 25.6669 71.8961 2.90151
94 42.9428 59.9128 2.77625
95 30.1521 7.57132 0.316324
96 47.7176 84.8551 2.14465
97 49.6434 87.4182 2.16389
98 38.8288 51.7345 1.8584
99 49.0166 79.3877 2.7528
100 71.3644 31.2786 1.66397
101 35.8622 86.5474 2.59928
102 44.7922 57.0565 2.68746
103 30.481 50.642 2.64823
104 44.5071 64.9001 2.54865
105 68.883 33.1161 1.75223
106 33.6192 72.8533 3.0509
107 26.684 56.7747 2.95057
108 46.6278 70.6546 2.58819
109 36.4511 79.0817 2.32556
110 78.1703 32.0773 2.25799
111 84.8686 0.491056 1.21103
112 67.1354 26.7059 1.87747
113 46.5052 79.1667 2.74884
114 43.3777 87.0185 2.46886
115 65.5466 1.20371 1.33163
116 46.7118 52.1031 2.8082
117 33.2563 61.7047 2.20346
118 47.189 1.92545 -1.03402
119 29.9703 76.4775 3.05056
120 26.7837 48.642 2.91492
121 82.3547 33.5675 1.9215
122 37.7098 56.9649 2.66756
123 26.7862 73.4528 3.09531
124 65.5691 4.54286 1.45317
125 88.7517 6.08864 2.20352
126 64.3135 69.7668 2.56235
127 20.1168 53.6479 3.21917
128 75.0114 30.1042 1.98358
129 38.1365 85.7946 2.73834
130 35.502 66.1797 3.2175
131 46.5799 57.1405 1.8731
132 88.3137 3.30612 3.10945
133 17.3799 5.59375 0.439152
134 63.1784 43.9248 1.07105
135 62.0925 91.3594 1.23442
136 43.8429 53.0127 2.09543
137 46.7185 84.0515 2.64282
138 47.193 61.7259 2.29389
139 28.8383 49.9558 2.63006
140 47.5642 57.1551 2.3908
141 96.5043 11.1523 -0.679964
142 30.8127 79.1859 2.29283
143 27.2589 97.6158 2.67158
144 46.3666 85.2847 2.79433
145 39.1108 89.6633 2.24621
146 26.8795 55.3459 3.17149
147 65.2641 38 1.80491
148 76.3061 96.64 2.02501
149 33.6929 89.9775 1.98387
150 46.0819 58.6604 2.64833
151 100.43 3.20816 0.437211
152 43.9374 52.9055 2.08911
153 47.2215 69.0153 2.01832
154 67.4783 64.9173 2.7084
155 10.0707 23.3315 0.609561
156 25.0361 80.7289 2.23755
157 15.5091 55.8887 2.81355
158 3.88169 32.3454 0.830991
159 31.8985 2.40927 1.32308
160 61.0589 40.4187 1.95099
161 34.1677 4.06617 1.37992
162 33.1075 89.0433 2.73552
163 76.0724 19.6235 1.97244
164 90.2624 27.0532 2.55966
165 27.4614 85.3687 2.43105
166 72.4953 22.7378 1.88171
167 83.7044 98.3792 0.874796
168 38.5866 85.5464 2.44641
169 85.1276 28.26 2.01614
170 30.9124 15.7643 0.499557
171 47.0657 81.8419 1.98024
172 24.7005 52.9472 3.00343
173 49.2318 57.4242 2.3911
174 92.4974 33.2183 2.3912
175 90.1059 4.50143 2.37501
176 66.4527 6.22688 1.26788
177 30.6905 48.1082 2.68623
178 69.7628 29.7636 2.17835
179 44.7089 76.7972 2.41023
180 48.7295 82.4921 2.77309
181 29.4366 97.5881 2.18197
182 36.8068 76.0717 2.65725
183 17.1453 36.5136 3.3577
184 56.4101 84.0991 2.80663
185 94.3618 26.8354 2.0141
186 47.3874 65.7479 2.03202
187 36.0523 18.1892 1.12449
188 16.9826 54.8365 2.92152
189 46.6066 94.5669 2.12555
190 93.7179 31.585 1.75537
191 63.1531 96.8539 2.05528
192 38.7436 46.0438 2.10714
193 53.0896 76.9124 2.60316
194 36.996 52.6729 2.82694
195 43.7681 80.4666 2.57767
196 28.1247 47.3576 3.0805
197 40.9479 54.6354 2.59645
198 53.8181 83.4583 1.95902
199 25.4721 19.1453 0.478607
200 53.1647 84.6689 2.75342
201 69.9005 99.8788 1.44348
202 70.6286 31.6791 1.5888
203 40.2473 4.21217 2.11746
204 3.38279 30.257 0.720636
205 82.3315 97.9535 1.69866
206 34.2246 51.4006 2.41175
207 30.8837 59.2888 2.07708
208 30.0449 92.182 2.09031
209 33.9933 17.4107 0.60234
210 38.1878 87.0066 2.97315
211 47.6096 66.2658 1.99063
212 10.1526 19.3422 0.968088
213 94.4488 1.46363 2.88879
214 17.0345 52.55 2.5252
215 31.0185 62.6679 2.49198
216 53.6735 66.1561 2.61062
217 44.0412 79.7256 2.07657
218 45.6205 99.2772 1.68375
219 40.2832 95.6564 2.16836
220 75.8064 98.6553 1.69796
221 56.724 78.5612 2.13256
222 74.0731 99.0377 1.58946
223 74.3221 34.261 1.42842
224 64.0965 28.3256 1.37633
225 68.8328 4.14927 1.84944
226 25.397 8.38935 0.579891
227 51.0967 70.1894 2.41765
228 45.5619 59.2202 2.34449
229 52.1171 64.3099 2.16627
230 22.1466 54.327 3.04204
231 41.4393 85.8666 1.95503
232 50.6963 77.0407 1.92794
233 32.7641 56.3713 2.43866
234 29.7183 51.7844 2.87742
235 32.7506 71.7113 2.74118
236 64.7403 63.2282 2.65604
237 66.7262 4.27093 1.37973
238 38.6467 77.6771 2.06957
239 31.7947 80.685 2.70988
240 43.3689 86.4636 2.25399
241 23.6247 79.0601 2.29039
242 49.3404 67.885 2.54497
243 51.8704 84.0847 2.12679
244 33.71 4.06931 1.39348
245 51.1347 72.5644 2.4848
246 47.7639 63.0886 2.21922
247 93.9318 29.8605 2.40969
248 28.9442 74.3283 2.55111
249 40.5831 51.2293 2.14048
250 39.301 85.6351 2.64639
251 45.2286 95.1504 1.90461
252 70.5158 34.4265 1.92277
253 58.8214 29.2371 2.07173
254 45.9407 56.5987 1.95459
255 33.4871 87.216 2.04111
256 49.2228 66.0923 2.42404
257 41.6773 55.5511 2.17938
258 24.675 83.519 2.66728
259 32.3262 72.3648 2.20235
260 20.018 7.40229 0.0286973
261 30.6754 77.9803 2.99994
262 49.4837 60.434 2.24012
263 50.6605 77.0457 2.76425
264 64.1532 39.2515 1.30081
265 43.3394 56.2488 2.75691
266 29.1075 40.9468 -2.8163
267 43.9469 85.4568 2.76854
268 27.2684 49.2439 3.06959
269 40.9883 88.2877 1.91693
270 35.7227 77.3146 2.7186
271 34.7291 74.9158 2.55284
272 92.9145 0.754999 2.82583
273 29.0727 50.6196 3.28192
274 35.8729 61.5977 3.09945
275 47.8283 60.5734 2.71538
276 30.2323 37.0912 -2.77469
277 53.1388 82.3185 2.31239
278 83.0068 34.8095 1.71389
279 50.1448 68.8478 1.88457
280 43.9614 84.8747 1.86666
281 45.5279 62.56 2.35113
282 32.4024 75.2493 3.02154
283 87.1179 97.4484 0.75043
284 66.0814 60.3055 2.19023
285 51.0121 86.1865 2.66747
286 20.0953 56.9847 2.45807
287 43.6748 60.9713 2.55354
288 38.5035 99.7585 2.43572
289 61.5031 60.2489 2.20912
290 34.7094 57.7672 2.50444
291 17.2704 33.3305 2.69789
292 6.77436 23.4432 1.16507
293 31.473 56.9759 2.17481
294 35.6671 73.1565 3.08652
295 46.5281 80.6191 2.6267
296 58.6145 84.7002 2.84447
297 65.9592 67.3383 2.55999
298 28.8119 82.236 3.0141
299 70.0358 99.6951 1.65442
300 38.0557 56.8123 2.24075
301 37.9515 87.9402 2.88641
302 26.0275 49.126 2.3294
303 45.9159 62.1859 2.41302
304 22.5988 91.6754 2.43694
305 47.7423 94.9202 2.01388
306 64.1126 34.9514 1.38643
307 66.6552 2.0201 1.58845
308 31.2427 80.7847 2.40345
309 32.8587 59.5873 2.58296
310 67.6058 36.6125 1.82973
311 26.9567 61.1955 2.83882
312 50.1548 72.8727 2.1127
313 93.7829 1.97599 2.91015
314 36.3838 89.9938 2.82402
315 48.7273 67.7495 2.23357
316 51.2446 80.0376 2.56689
317 34.0056 78.0194 2.13816
318 65.4583 2.37683 1.66548
319 71.901 100.166 1.53376
320 75.9966 98.4773 1.72064
321 38.1802 92.6052 2.34787
322 76.8846 95.0122 1.83701
323 36.2585 81.8827 2.23318
324 26.5169 11.9901 0.271347
325 53.5122 65.435 1.85325
326 43.2925 56.2771 2.00542
327 34.1038 54.7482 2.16581
328 85.2929 95.3154 1.56025
329 78.2863 7.54226 0.965246
330 94.8802 1.35663 2.82621
331 68.9252 39.6975 1.65098
332 28.9065 13.1668 0.632649
333 56.356 85.307 2.6833
334 26.2094 64.5645 2.34488
335 67.6391 99.1983 1.65485
336 78.677 97.6106 1.99474
337 30.0828 74.5974 2.38178
338 56.116 67.9709 2.55974
339 39.6587 56.91 2.023
340 21.8587 47.7861 3.02057
341 31.2803 82.4038 2.13607
342 38.7575 86.1502 2.63858
343 53.8309 67.3591 1.75602
344 47.4737 61.5679 2.27513
345 76.2541 28.2686 2.13387
346 24.1681 60.958 2.42212
347 21.2679 6.45141 0.164189
348 18.4471 57.8182 3.06582
349 94.1074 28.8239 2.36363
350 46.5835 65.989 1.89296
351 26.4226 92.0417 2.51848
352 97.8903 38.236 1.62483
353 75.1549 32.6188 1.38782
354 38.0902 49.8014 2.8458
355 46.6741 54.3548 2.73562
356 81.5137 94.155 1.42069
357 93.4169 28.3512 2.59878
358 42.5019 84.0551 2.83418
359 30.4993 56.4831 2.75993
360 33.4319 92.3343 1.96696
361 26.0415 39.6789 -2.95637
362 42.4848 80.1568 2.00534
363 46.7374 61.1772 2.07621
364 72.0499 38.5354 1.52216
365 47.7071 73.9961 2.86864
366 50.7254 84.2996 2.63981
367 81.9363 99.046 1.44161
368 24.378 51.9204 3.36327
369 98.0634 2.08154 2.88142
370 62.4612 31.8549 2.14201
371 36.1503 88.0798 2.93939
372 40.5328 76.2425 2.82404
373 55.3613 88.5863 2.03955
374 39.5358 89.652 2.6291
375 57.6854 83.0227 1.92277
376 42.252 80.983 2.29042
377 92.8619 3.46479 2.32123
378 35.0913 59.6496 2.42717
379 77.1999 1.26224 1.11236
380 46.2094 58.4731 2.73807
381 22.7143 17.2826 0.0854157
382 48.0072 83.094 2.08019
383 76.6864 26.0003 2.18547
384 49.4305 76.8436 2.15268
385 77.0654 34.3542 1.58292
386 58.9224 37.2012 1.71893
387 25.5532 36.1598 -2.54536
388 55.0867 63.8665 1.97478
389 30.5387 56.5294 2.76355
390 26.7873 82.6347 3.02675
391 35.5854 81.127 2.90168
392 32.233 56.5584 3.00261
393 54.133 69.1778 2.21407
394 48.5469 85.5573 2.10791
395 39.804 82.3842 2.52461
396 39.6733 93.1116 2.40045
397 42.305 85.4544 2.3658
398 94.6454 1.42826 2.24109
399 25.3392 78.2144 2.96633
400 28.5082 75.4796 3.01621
401 30.4863 8.01512 0.552336
402 37.1375 47.5661 2.71334
403 48.0888 81.2096 2.48907
404 38.3198 58.4961 2.65842
405 94.9501 38.6454 1.2741
406 20.3818 50.3458 2.71436
407 50.6322 86.5887 2.12977
408 32.6017 64.812 2.54407
409 85.0933 97.391 1.08759
410 29.7041 77.0516 2.55088
411 42.2559 87.6996 2.128
412 46.9607 53.6237 2.24389
413 29.6369 78.1039 2.60154
414 52.4445 68.3415 1.69456
415 86.1858 26.513 1.71196
416 52.6175 80.5385 2.77561
417 28.5997 75.6507 2.56844
418 41.3584 87.918 2.79835
419 74.1916 25.4955 2.12254
420 29.8556 54.5128 2.56922
421 40.7663 87.4873 2.32772
422 32.4066 75.8152 2.56367
423 73.5133 94.5482 1.43314
424 41.4872 94.668 2.22898
425 45.967 76.8273 2.1686
426 20.6391 11.063 0.0113647
427 39.7412 90.3606 2.32182
428 41.9456 62.3363 2.6145
429 47.8841 60.6865 2.10747
430 23.3248 98.9636 1.66309
431 56.7191 80.5506 2.77742
432 35.8408 89.8656 2.85792
433 87.0995 94.6403 1.5599
434 35.6552 56.0773 2.63421
435 72.6554 36.9289 1.16233
436 31.3869 98.9291 2.44041
437 29.6052 50.1247 2.56276
438 74.4921 5.29192 1.73316
439 78.7078 0.508476 1.6896
440 49.4851 56.2069 2.56626
441 18.2687 49.6748 3.2359
442 46.4335 86.5543 2.59153
443 24.021 21.1341 0.60782
444 50.0694 73.7098 2.21351
445 87.7952 31.9594 2.15858
446 77.6824 33.8905 1.5368
447 22.2697 57.4086 2.39731
448 44.8457 83.0684 2.61049
449 59.4368 60.9239 1.67569
450 32.3199 82.9639 2.54795
451 36.5187 50.3941 2.11343
452 42.1801 93.926 1.97005
453 45.0515 54.4529 2.03939
454 45.3802 91.5921 2.25194
455 83.2374 27.5896 1.78686
456 26.5695 72.3252 2.75944
457 35.761 75.7291 2.60666
458 38.1256 72.285 2.99781
459 95.455 24.6412 2.18518
460 31.8469 53.1458 2.42459
461 65.5913 32.2265 1.58283
462 50.984 71.8415 2.76294
463 39.0111 78.9102 2.15791
464 58.3711 75.4127 2.33753
465 32.2351 80.1462 2.20186
466 50.3077 63.9514 2.5652
467 79.9271 98.5402 1.9797
468 25.764 51.6395 3.11579
469 28.8572 93.2986 2.1466
470 22.5082 2.6008 0.554463
471 36.6804 58.6213 2.52531
472 52.6173 73.5919 2.73547
473 53.3807 82.3115 1.98568
474 26.7982 17.7733 0.483756
475 21.7948 53.7415 2.76294
476 94.3084 28.1461 1.77899
477 49.5635 63.4091 2.56939
478 31.9597 94.5803 2.11042
479 73.9734 27.2217 2.2049
480 28.4685 60.7049 2.57105
481 80.8652 93.7028 1.00523
482 38.6646 49.3374 2.46943
483 29.2445 81.1157 3.01004
484 25.6992 55.9152 2.81558
485 19.6006 39.632 3.07287
486 51.9099 60.8356 2.42303
487 48.2381 62.1574 1.95026
488 24.3518 78.2536 3.03572
489 71.6894 26.2319 2.29734
490 80.0831 30.7044 1.91466
491 41.2806 56.7146 2.54498
492 53.5415 76.8309 2.54428
493 45.4441 66.504 2.48773
494 39.4672 50.5793 2.33066
495 31.7075 58.5302 2.12629
496 43.8656 85.3016 2.37589
497 40.243 88.7106 2.24042
498 50.5113 59.0062 2.3614
499 77.6528 6.58261 1.11907
