500
Particles
0 42.9089 31.0812 2.6792
1 91.5385 13.3903 1.13695
2 69.3455 79.1249 2.07534
3 64.5338 1.69625 1.00552
4 50.3883 56.3599 2.02007
5 93.3498 10.438 0.781319
6 64.9629 61.6897 2.01086
7 69.5119 9.50925 0.979748
8 38.0568 61.8132 2.1271
9 34.4357 5.79364 1.35929
10 64.4067 38.2986 2.75709
11 59.9822 68.1664 1.99818
12 72.876 78.2001 1.59862
13 43.0856 35.7841 3.09058
14 52.4807 58.8915 2.06173
15 45.9907 41.5226 2.46796
16 81.2655 46.9489 -3.42122
17 56.8593 74.3573 2.38833
18 51.921 67.2413 1.9947
19 21.4805 87.6239 2.34325
20 64.506 2.86692 1.49062
21 62.5403 59.3319 2.41937
22 62.5332 48.6308 2.75422
23 46.2043 46.1828 1.6743
24 66.7854 4.94684 1.44185
25 53.3978 43.3314 2.69261
26 96.071 6.14844 1.26559
27 60.9933 67.2611 1.95384
28 61.844 56.4461 1.77687
29 73.3504 76.8384 2.00736
30 53.6385 5.10764 0.550385
31 61.3601 51.7941 2.38287
32 14.485 93.1772 2.63774
33 60.3352 12.2669 1.79451
34 53.7357 40.0919 2.21658
35 47.468 68.4616 2.58361
36 54.9896 14.0165 1.53931
37 76.8167 74.002 1.81932
38 54.8896 47.9641 2.31083
39 48.2829 48.6033 2.08855
40 56.2088 38.7269 2.59934
41 44.3416 46.1521 1.76808
42 65.3379 39.1715 2.48538
43 65.0267 2.6814 0.866394
44 92.816 15.5132 0.984049
45 70.3513 43.1432 2.72725
46 54.6 43.2953 2.20475
47 91.0426 1.63099 0.643227
48 60.3234 41.5768 2.56571
49 49.6066 30.839 2.70459
50 57.3306 69.7814 2.73853
51 67.3947 52.079 2.73128
52 63.3792 5.08379 1.62255
53 57.6359 13.7379 1.24979
54 53.0003 56.1846 2.09869
55 70.9415 99.309 1.42307
56 54.9513 58.7529 1.81795
57 65.1411 32.6328 2.36043
58 54.7124 61.721 2.16444
59 49.7484 40.9811 2.11951
60 57.1591 66.8353 2.07426
61 61.7089 39.1981 2.4018
62 39.8237 55.6393 2.05027
63 30.3777 66.576 1.34948
64 61.0857 64.0875 2.23067
65 90.1242 2.70102 1.53702
66 53.0636 69.2302 2.36135
67 54.7753 68.4872 1.9209
68 94.7051 98.6325 1.42187
69 75.3843 38.5873 2.2247
70 62.1176 63.0643 2.32058
71 54.6652 42.131 2.09896
72 53.0483 65.4498 1.95624
73 77.1424 71.6614 2.19644
74 63.051 36.3522 1.79943
75 70.7725 5.72061 1.17834
76 65.1267 36.1497 2.24346
77 64.9624 62.489 1.90163
78 77.5733 80.2342 1.71368
79 55.5985 63.9641 2.78242
80 62.639 41.4709 2.26194
81 54.765 69.6452 1.99074
82 39.2901 65.5847 2.24512
83 47.8292 62.6307 1.75544
84 68.713 96.9292 1.56617
85 62.4012 42.8224 2.54964
86 62.9912 39.7334 2.09564
87 79.8171 68.6619 2.20772
88 72.0541 97.9122 1.2194
89 62.1322 36.6736 2.13677
90 66.0339 5.99656 1.07475
91 60.7448 52.1215 1.86916
92 67.2075 60.2997 2.72773
93 46.4518 56.4226 2.17193
94 62.1858 41.5594 2.65777
95 25.2758 90.1561 2.30816
96 61.4564 62.4141 2.61087
97 65.1257 66.1454 2.10917
98 58.9564 34.869 2.39477
99 65.5822 58.7018 2.23829
100 65.7932 5.34568 1.54984
101 52.4605 65.9919 2.30282
102 62.8913 37.6581 2.01659
103 53.1883 37.6645 2.52822
104 62.9249 46.326 2.04734
105 64.1058 7.3624 0.829391
106 53.1455 55.8514 2.2606
107 49.2291 43.9491 2.04394
108 62.9816 50.0303 2.30853
109 56.0858 61.4914 2.45202
110 72.4612 6.99705 1.2625
111 82.4098 73.9684 1.88439
112 63.9213 0.99008 1.614
113 62.6259 58.2976 2.49052
114 60.5689 66.825 2.5305
115 70.382 75.2376 1.16682
116 64.6685 32.9888 2.20432
117 53.7385 45.4547 2.19086
118 37.35 0.649968 1.89243
119 50.1993 60 2.4276
120 49.7984 37.5178 2.19239
121 77.8743 8.22103 1.78413
122 58.5218 40.8925 2.49434
123 47.3053 58.2493 2.08916
124 67.8076 78.6457 1.33667
125 94.9205 93.9624 1.09217
126 78.3024 49.3706 -2.84006
127 38.1654 38.1908 2.70866
128 67.0802 5.3121 1.16642
129 56.5787 66.9064 2.56336
130 56.7037 51.4676 2.49799
131 63.8509 37.5272 1.88205
132 0.063616 85.3984 1.55288
133 99.062 99.2308 1.40475
134 58.8183 18.4256 1.45942
135 70.5923 67.0896 2.01793
136 62.3779 34.0156 1.9789
137 61.1614 62.2716 1.9807
138 63.9614 41.3756 2.46193
139 51.6933 36.9336 2.59728
140 66.6105 39.2807 1.91908
141 76.9979 99.0278 1.93373
142 49.5315 60.9933 2.04045
143 30.5732 72.1864 1.21015
144 61.9115 64.0944 2.05533
145 57.2238 70.2179 2.45405
146 49.3111 41.6606 2.29867
147 62.9577 12.2839 1.81921
148 77.7975 70.2398 1.53044
149 50.2819 69.659 2.93766
150 64.3439 39.4699 1.83806
151 17.9486 92.5083 2.08568
152 63.5396 35.4647 2.04872
153 64.6749 49.4479 2.31852
154 82.3127 44.1848 -2.64341
155 97.6448 1.58315 1.17258
156 41.4486 61.3743 2.08387
157 23.885 35.3654 0.750955
158 95.5505 7.34951 0.857345
159 30.2186 76.3997 1.82512
160 58.9557 14.7325 1.97347
161 31.8618 77.8947 1.59308
162 50.393 69.3253 2.62029
163 71.1312 95.5284 1.27036
164 91.8335 3.66816 1.2069
165 46.9738 67.811 2.27107
166 70.2032 96.9179 1.44931
167 82.653 72.4883 1.7697
168 55.9838 65.4952 1.89752
169 85.959 3.2502 0.986563
170 25.0288 96.1123 1.90265
171 62.5461 60.5845 2.7712
172 47.0559 38.9835 2.96128
173 65.8249 36.9894 1.92964
174 93.5704 7.41853 1.47507
175 0.738166 87.5828 1.59273
176 69.9376 80.0466 1.55956
177 53.4376 35.2529 2.66124
178 65.5904 4.24174 1.50351
179 61.361 56.1638 1.98312
180 63.7555 61.15 1.96135
181 32.2013 72.0446 1.36415
182 56.4729 58.9864 2.10196
183 40.309 27.639 2.90712
184 69.4446 62.07 2.1492
185 94.9813 2.55828 1.71037
186 64.5422 45.4462 2.29837
187 39.4687 97.1501 1.75046
188 34.8903 37.7661 2.51477
189 62.4403 73.6293 2.34219
190 94.5294 6.97703 1.68799
191 68.7127 71.4219 2.29385
192 60.0024 30.517 2.29805
193 68.8835 55.7236 2.14613
194 57.8368 36.945 2.07494
195 60.835 60.2279 2.00421
196 49.9807 33.9798 1.98137
197 61.2427 37.4969 2.7277
198 66.6322 60.6265 2.24606
199 11.2118 22.2196 -1.91715
200 67.0621 62.5173 2.65298
201 73.8026 74.1117 2.11506
202 64.2963 6.15698 1.41932
203 34.4826 78.9859 0.952298
204 97.9008 4.41527 0.846388
205 81.1769 71.7197 2.0702
206 56.7561 37.4141 1.8091
207 52.1746 43.7038 2.76393
208 41.9684 69.1724 2.65488
209 35.6304 97.5018 2.26128
210 56.6466 67.8054 2.52895
211 64.0203 45.5043 2.18447
212 96.4673 98.1735 0.799035
213 16.1496 89.1532 2.23572
214 35.1087 34.3106 2.9005
215 54.0277 50.607 2.74161
216 70.4892 45.7349 2.7614
217 60.6472 59.2981 2.68767
218 63.2425 81.5506 2.23599
219 56.6078 74.8576 2.07593
220 76.7405 72.2056 1.30004
221 71.3135 56.5905 2.30007
222 75.73 72.8022 1.49045
223 67.3897 9.20207 1.17501
224 61.1758 2.73369 1.0379
225 72.2029 78.0482 1.74137
226 6.46512 16.0191 -1.88955
227 67.3667 49.4509 2.70689
228 63.2568 39.4695 1.99645
229 67.4833 42.7282 2.16835
230 43.7327 40.4959 2.98157
231 58.8877 66.3497 1.91755
232 66.1164 56.1457 2.0909
233 54.2831 41.2841 2.56982
234 52.8041 39.3866 2.4086
235 53.9994 56.4768 2.55973
236 78.3587 40.9255 1.94456
237 68.9076 77.9815 1.51283
238 56.4375 58.6516 2.45407
239 50.1987 61.826 2.04462
240 60.6721 66.9158 1.84188
241 41.1724 60.9082 1.83444
242 66.8853 48.1173 2.5357
243 66.8992 62.7241 2.65689
244 31.152 78.7806 1.15583
245 66.8571 51.7821 2.45369
246 64.8362 42.7741 2.26067
247 94.552 5.59827 1.33393
248 50.9248 59.5433 2.35384
249 60.356 33.4336 2.45476
250 57.1485 66.271 1.95796
251 61.4765 74.728 2.20014
252 65.3468 8.67889 1.57089
253 57.8059 3.60664 0.934349
254 64.373 37.5496 1.93163
255 51.4243 68.2798 2.56687
256 67.3796 46.6497 2.60596
257 60.3478 37.0269 2.07306
258 39.8766 64.4749 2.49943
259 53.0447 55.9642 2.75699
260 97.9932 8.79643 1.3281
261 51.0408 61.0747 2.62852
262 67.6603 41.5339 2.52325
263 65.2006 55.4431 2.22352
264 60.9876 13.5877 1.3404
265 62.1869 37.6749 2.30738
266 53.8082 33.7944 2.46385
267 61.0643 65.8485 1.86284
268 50.1795 38.0227 2.01595
269 58.2173 68.3247 2.59086
270 55.8475 60.6739 2.62417
271 55.6208 58.7237 2.46449
272 14.34 87.9807 2.30681
273 51.3704 37.7898 2.72487
274 57.8801 47.2602 2.21549
275 64.0861 39.8976 2.61942
276 55.7633 31.2033 2.63161
277 67.9842 60.5199 2.25264
278 79.942 9.45208 1.47078
279 66.3428 48.3559 2.01068
280 58.9228 63.02 2.02304
281 62.7974 42.8734 2.7103
282 52.5668 59.1552 1.87518
283 84.2968 71.5141 1.57535
284 78.448 37.5929 1.82998
285 65.4638 64.2373 2.11792
286 41.0549 44.1388 2.59665
287 62.0243 41.9985 2.45023
288 44.5948 77.4849 1.71862
289 74.7495 37.9978 2.36491
290 56.6062 43.2193 2.43024
291 41.1614 24.0639 2.55224
292 96.2638 100.143 1.54423
293 53.7248 43.2479 2.39892
294 55.9967 56.5931 1.8861
295 61.096 59.0451 2.27817
296 71.7363 62.1733 2.30753
297 80.836 47.5683 -3.46843
298 46.744 63.4576 2.01639
299 73.2679 73.7112 1.89795
300 57.8303 39.4091 2.26608
301 55.3365 68.3212 2.03238
302 48.6171 36.6253 2.95722
303 64.3703 43.1212 2.73364
304 30.2831 67.9268 1.6568
305 61.3807 72.3967 2.0064
306 61.9477 8.91489 1.70484
307 70.0753 75.8141 1.97124
308 51.2642 63.6969 2.60585
309 55.2621 45.8834 2.162
310 63.3904 10.5819 1.2625
311 49.926 48.7218 2.66117
312 66.6551 52.4329 1.839
313 17.3243 90.8903 2.56887
314 54.052 71.132 2.87124
315 65.0746 46.8828 2.91646
316 65.3482 58.3617 2.06525
317 55.0223 62.1536 2.33688
318 70.7679 76.6852 1.43417
319 73.717 73.7812 2.14086
320 75.674 71.8685 1.47278
321 55.2344 72.659 2.2696
322 78.0221 68.7372 1.71913
323 54.4815 63.14 2.16969
324 9.88643 18.2224 -2.56105
325 70.404 45.3832 2.52421
326 61.9805 37.3697 1.83961
327 54.9855 39.4838 2.45006
328 84.3749 69.0523 1.63569
329 60.4655 98.2218 2.01415
330 17.5398 89.3598 2.67558
331 65.4276 13.7985 1.29407
332 24.7727 92.6935 1.72847
333 69.1069 62.7067 2.41311
334 47.452 50.4897 2.54551
335 71.5995 73.1249 1.90131
336 79.0807 71.5258 1.64632
337 50.4724 58.0978 2.00015
338 72.401 47.7975 2.48083
339 59.4002 39.123 2.51544
340 44.2551 35.6831 2.67467
341 49.7169 64.3116 2.05655
342 54.8775 65.5132 1.96797
343 69.2368 45.986 2.10533
344 64.9214 41.7005 2.06902
345 70.4942 2.59094 0.786749
346 46.6675 48.573 1.89533
347 99.4964 9.50182 1.13413
348 36.5675 40.5804 2.41088
349 95.2196 4.70961 0.982763
350 64.0077 46.2032 2.63455
351 32.8473 68.1579 1.90617
352 95.3296 12.4371 0.93037
353 66.9151 7.7693 1.40539
354 59.1398 34.0532 2.50534
355 64.4774 35.1629 1.91938
356 80.5083 67.9374 2.25978
357 94.3721 3.67257 1.32452
358 58.5614 63.015 1.9581
359 52.0735 41.7572 2.15838
360 51.3394 73.2806 2.19434
361 48.5426 30.6296 1.76521
362 59.0827 59.8654 2.06033
363 63.6544 40.6844 1.9695
364 64.9809 13.4662 1.30622
365 62.8051 52.4806 2.37422
366 65.7942 62.8534 1.98969
367 79.7054 72.6274 2.20897
368 46.7248 39.5892 2.66829
369 20.7226 89.5875 2.64217
370 60.8461 5.64601 1.04468
371 53.7637 68.5899 2.76442
372 58.6994 57.2366 1.74995
373 68.2893 66.2764 2.12256
374 58.0417 70.8323 2.75956
375 70.6652 59.9649 2.21272
376 59.7235 61.3474 2.11829
377 15.7865 91.8164 2.31539
378 56.7157 44.7743 2.3122
379 78.3667 75.0041 1.60917
380 64.0392 39.2974 2.48057
381 6.93528 21.4761 -1.70133
382 61.3346 60.4033 2.52759
383 72.2415 100.298 1.95927
384 64.5861 55.548 1.94807
385 69.0049 9.83743 1.14331
386 53.8793 11.573 1.00373
387 49.6216 30.7405 1.81041
388 71.1192 42.9343 2.52823
389 52.5178 42.2557 2.14967
390 46.077 65.6234 2.44407
391 53.9926 62.6213 2.63535
392 53.24 40.8307 2.25819
393 70.7101 48.8668 2.10304
394 63.3186 63.6446 1.85922
395 58.011 63.1659 2.15612
396 57.2505 73.42 2.39841
397 59.7422 65.9465 1.89863
398 18.0422 89.527 2.22197
399 44.9071 61.8249 1.96101
400 48.6154 58.282 2.12153
401 26.812 90.336 2.00551
402 58.5642 32.1814 2.71569
403 63.5176 60.0376 2.20537
404 58.5041 41.7524 2.7835
405 92.6471 12.8793 0.645211
406 39.6008 33.752 2.73707
407 65.2115 64.5551 2.64958
408 54.0241 49.8969 2.76258
409 84.6111 71.1756 1.9515
410 50.1761 60.64 2.59852
411 59.5484 67.5042 2.68757
412 66.4552 35.7255 2.82712
413 49.6615 61.0473 2.45784
414 68.8055 47.9637 2.14568
415 86.5145 1.77936 0.803166
416 67.6991 59.2926 2.61809
417 48.9473 59.1134 1.82335
418 59.4067 68.7263 2.54971
419 69.4791 100.051 1.79223
420 52.2484 40.5256 2.87047
421 57.7062 67.0508 2.23823
422 53.5032 59.9213 2.42359
423 75.0274 68.4475 1.53903
424 57.056 73.3485 2.3869
425 61.6526 56.2391 2.51668
426 0.615386 19.0567 -1.7928
427 57.2036 70.7944 2.59137
428 61.9251 45.1217 2.80472
429 65.5414 41.275 1.88045
430 27.0953 73.8414 1.63165
431 69.2463 57.8593 2.09396
432 52.6271 69.985 2.49009
433 85.2659 68.9123 1.63634
434 56.814 41.0343 2.05531
435 66.1975 11.0993 1.43472
436 33.484 73.2782 1.36597
437 51.8187 36.5472 2.84146
438 74.6161 79.5102 1.97508
439 78.7092 73.9927 1.70949
440 66.3988 35.8528 2.77777
441 37.0229 33.3358 2.92711
442 61.7033 65.1712 2.04336
443 8.81808 25.1722 -2.17157
444 66.1785 52.8755 2.61867
445 86.7396 7.22007 1.68445
446 70.4838 8.98865 1.4243
447 43.4022 43.2605 2.74316
448 60.4644 61.9609 1.88247
449 72.7051 38.4963 1.66099
450 51.2027 64.4646 1.99601
451 57.7143 35.0026 2.40987
452 59.2649 73.9651 2.5686
453 63.7314 35.9057 2.41754
454 60.826 70.2637 2.34954
455 82.3027 2.48012 1.52092
456 47.6383 56.5557 2.23981
457 55.4366 58.6283 2.01181
458 57.1477 54.4995 1.85784
459 96.8736 99.6493 1.81709
460 54.6797 40.1309 2.39411
461 62.5283 6.511 0.630126
462 66.9077 50.8964 2.10359
463 57.126 59.9366 2.54727
464 75.0362 55.667 2.31983
465 51.4002 61.9164 1.98991
466 68.0608 44.3054 2.87358
467 80.5518 72.0059 1.56773
468 47.8085 37.7189 2.09898
469 34.6636 68.6925 1.15995
470 25.4078 78.1701 1.96676
471 58.7611 44.3007 2.27808
472 68.0887 52.5118 2.53016
473 67.3248 59.8239 2.76691
474 13.5199 21.0726 -1.77663
475 43.2247 39.8844 2.69986
476 94.4831 3.51279 1.41829
477 66.4449 42.8897 1.96905
478 45.8687 72.7876 1.90366
479 68.9022 1.75331 0.790425
480 51.2835 48.4516 2.64195
481 81.4945 67.6263 2.09105
482 59.2675 33.0384 2.80849
483 49.8205 65.1337 1.8417
484 46.9932 40.622 2.20421
485 42.2053 28.2744 3.40575
486 68.3695 40.0605 2.35811
487 66.7608 43.2762 2.89611
488 40.4164 58.9984 1.79184
489 67.4712 100.445 1.76219
490 72.3644 5.95009 0.858225
491 60.3542 38.5754 2.69508
492 70.079 55.969 2.7306
493 62.5833 46.6269 2.17509
494 59.927 34.3153 2.21024
495 53.9814 44.5555 2.7593
496 60.3662 64.8316 2.39191
497 57.0879 68.4797 1.98971
498 68.5266 39.8786 1.91512
499 73.0517 84.2023 1.44615
