500
Particles
0 50.1451 27.138 2.90086
1 76.6815 19.9138 2.09113
2 58.8143 75.2556 -2.70118
3 59.2345 51.9937 1.88738
4 89.0904 16.4171 1.90633
5 59.1636 24.037 2.48396
6 52.0552 40.3589 1.24086
7 61.4813 63.9431 1.84966
8 77.3674 26.8259 2.62857
9 77.5637 29.7542 2.15429
10 69.192 27.8837 2.3177
11 49.5922 64.6477 -0.599789
12 51.0473 53.7646 1.88784
13 92.4386 8.02888 2.35146
14 90.0632 18.997 2.38821
15 5.40698 21.5982 -1.62902
16 73.9365 30.2005 2.98585
17 84.3308 36.7054 2.8251
18 87.6077 25.9102 2.01676
19 59.261 46.9118 2.21812
20 56.0266 53.0777 1.66693
21 42.5544 39.8384 2.37943
22 63.3784 35.9944 2.44721
23 93.6767 12.5976 2.81122
24 57.9543 56.5278 1.36826
25 57.2487 31.5977 2.0796
26 58.6577 19.6995 2.90073
27 39.7428 63.3965 0.502366
28 54.5185 36.2306 1.70692
29 10.3681 9.03847 0.867143
30 59.95 83.0279 -2.56569
31 60.526 36.4637 2.88449
32 55.0629 51.4238 2.06198
33 61.0134 73.3365 -2.92993
34 60.7125 31.8229 2.62961
35 84.743 31.209 2.40828
36 39.5258 80.6828 0.435887
37 53.0198 46.4619 1.34469
38 53.9807 32.841 2.18535
39 90.1407 13.9728 1.92964
40 63.7303 30.8263 2.10022
41 88.2248 13.7143 2.02092
42 71.1444 33.5543 2.34214
43 59.6752 52.9543 2.12213
44 76.2035 22.4656 2.52677
45 71.8606 30.3238 2.34738
46 61.4127 34.5301 2.66958
47 77.6936 54.1583 2.67201
48 64.4359 31.1443 2.99212
49 57.3508 25.6943 2.71561
50 92.7282 31.5542 2.10363
51 64.8708 36.3459 2.8437
52 59.4949 54.948 1.26459
53 39.9921 79.318 0.644525
54 92.1906 17.1099 2.44236
55 64.9025 48.4304 1.24329
56 94.0505 19.3007 2.28453
57 67.1368 21.6654 2.73723
58 91.4494 22.8598 2.06862
59 55.6919 32.0298 2.39061
60 90.5491 29.0866 2.70039
61 68.3588 30.4859 2.19316
62 75.9116 25.727 2.27361
63 74.1997 14.1401 2.26272
64 48.8464 44.995 1.51365
65 67.1622 53.0619 1.60152
66 87.9599 31.6401 2.4804
67 88.7544 31.6789 2.23867
68 65.796 50.2122 1.98663
69 72.4965 22.9534 2.95192
70 50.5233 43.5499 1.72176
71 60.7718 31.7949 2.50268
72 88.9474 27.4565 2.71415
73 54.2096 45.6991 2.22314
74 65.5509 23.6482 2.52199
75 62.357 59.8266 1.38345
76 68.7574 23.5887 2.66349
77 51.8271 43.3546 2.22724
78 59.6982 17.785 2.41171
79 92.5759 24.0315 2.59814
80 64.3209 27.3593 2.90942
81 88.2619 31.426 2.22916
82 59.6984 43.8745 1.49252
83 87.0661 21.164 2.56294
84 66.8517 45.7813 1.97258
85 64.8086 29.6882 2.27932
86 65.7297 27.8222 2.25734
87 57.2822 41.3468 2.23177
88 62.0138 48.0411 1.7276
89 62.9954 23.7801 2.98913
90 59.2924 56.5056 1.58642
91 58.9585 37.1833 2.61128
92 56.875 40.1437 1.45139
93 86.6029 16.5009 2.61292
94 66.7013 30.868 2.95231
95 59.2557 47.4591 2.16507
96 42.742 43.1143 2.32859
97 52.8518 47.0418 2.07186
98 62.9854 24.0034 2.60006
99 56.962 40.4821 2.09213
100 61.0613 55.2844 1.93216
101 89.9005 26.6748 2.29916
102 69.4856 28.6755 2.89615
103 60.0361 28.2733 2.97016
104 66.3946 34.5684 2.57505
105 57.5315 57.9716 1.10514
106 90.6818 17.2093 2.34184
107 51.4169 32.906 1.84406
108 64.427 35.4636 2.15994
109 97.5308 23.6843 2.36607
110 79.9339 61.7331 2.32998
111 53.8752 45.4995 1.37311
112 56.9765 51.6177 1.84975
113 52.6591 38.8066 1.34313
114 42.7633 49.6953 1.57159
115 51.8245 52.5696 1.80833
116 66.0468 20.2275 2.40927
117 58.7819 35.6004 2.06701
118 55.3108 53.6077 1.43016
119 91.2198 18.5912 2.55251
120 56.5382 29.6544 2.54242
121 81.9584 29.1202 2.31623
122 65.7709 31.9747 2.89191
123 83.2351 22.8094 2.31149
124 87.3051 98.1474 3.07867
125 65.776 48.256 1.35026
126 72.772 39.4286 1.90737
127 89.7658 10.8542 2.16592
128 60.499 56.3558 1.86572
129 55.3465 78.501 -2.12335
130 55.1099 36.4905 1.75465
131 66.534 25.594 2.31391
132 69.051 49.6585 1.21707
133 68.9129 51.4565 1.23352
134 57.3286 24.4867 2.94658
135 55.1569 44.1234 2.23818
136 64.3136 23.2938 2.6134
137 48.8864 45.028 1.60232
138 66.8463 29.2837 2.20808
139 58.8752 28.9823 2.23926
140 70.2333 27.5734 2.30914
141 65.8 50.1484 1.63689
142 89.5173 20.601 2.50958
143 75.0323 33.2558 2.34025
144 48.5821 47.9908 1.79001
145 54.8737 78.7445 -2.97538
146 54.184 33.2492 1.93937
147 59.0422 71.638 -2.2206
148 56.3643 44.4596 1.44581
149 87.6162 30.2251 2.17834
150 71.7184 30.7344 2.13362
151 57.8253 50.0306 1.79324
152 66.4898 23.5139 2.37271
153 63.5603 34.0572 2.16165
154 75.6195 32.5269 2.76313
155 71.4608 53.2276 1.88111
156 81.8168 27.8552 2.79929
157 71.1179 40.8874 2.64588
158 57.8088 21.6891 2.51395
159 76.4286 37.6375 2.76585
160 62.563 76.4085 -3.02979
161 72.6721 35.6183 2.81261
162 86.6029 32.1704 2.30899
163 62.6339 46.4607 1.81107
164 63.9859 56.2684 1.66638
165 84.7916 29.9778 2.22527
166 63.3128 46.9569 1.75416
167 56.0913 47.6031 2.2467
168 89.5283 25.1041 1.97447
169 62.9701 54.2792 1.65536
170 77.0601 12.5704 2.73351
171 50.83 40.3343 1.93547
172 49.8195 30.111 2.62373
173 71.6829 27.4807 3.0052
174 58.5627 21.9783 2.9779
175 68.3115 47.2025 1.3981
176 1.81459 28.7168 0.358159
177 60.7237 27.5448 2.21761
178 60.0871 55.4467 1.27761
179 54.4472 36.6777 1.75082
180 53.2125 40.2657 1.59986
181 77.9177 31.385 2.39264
182 95.1426 19.1935 2.76432
183 52.5391 28.5016 2.7643
184 59.0906 40.6835 1.42388
185 66.5588 53.6339 1.73775
186 67.8686 34.2069 2.48425
187 57.6199 51.2304 1.315
188 83.8055 20.0719 1.97479
189 59.8542 78.7574 -2.54682
190 57.9894 21.936 3.00787
191 50.9927 49.4253 1.96576
192 63.0765 21.6848 2.72908
193 62.4358 37.6976 2.1947
194 63.4511 26.4936 2.59404
195 46.7398 41.2149 1.91191
196 59.2439 27.7471 3.05294
197 65.3588 25.9715 2.41106
198 56.9366 40.2844 1.7747
199 58.337 23.3479 2.78116
200 54.9643 43.1725 1.95
201 9.78331 6.8504 1.26729
202 59.9121 55.9966 1.7068
203 77.2544 39.8465 2.01031
204 59.4906 21.0597 2.90467
205 56.0886 45.4497 1.2463
206 62.5901 27.7826 2.97588
207 57.0573 33.9415 2.1987
208 62.195 44.6405 2.00534
209 56.1636 53.054 1.74094
210 90.4912 27.8024 2.07847
211 65.0524 32.0182 2.02085
212 68.8264 51.0069 1.58906
213 58.9439 48.1759 1.68375
214 80.94 18.0505 2.54865
215 51.9832 35.6385 1.67248
216 71.8853 34.8481 2.83393
217 47.6197 39.5129 2.21554
218 78.9101 50.0498 2.98077
219 85.7037 36.5837 3.09148
220 54.1162 45.6553 1.59003
221 65.9444 38.3406 2.49043
222 53.1544 46.5763 1.87639
223 57.8229 60.416 1.13331
224 58.691 52.4905 1.33338
225 51.3499 64.1034 -1.26112
226 75.0346 30.0105 2.9077
227 67.8602 34.7015 2.2606
228 67.4058 28.2313 2.37557
229 69.7827 29.6839 2.69512
230 94.202 10.7853 2.08323
231 93.4598 26.3676 2.9247
232 60.7507 39.3812 2.28745
233 60.3158 31.0399 2.19679
234 57.4955 27.6859 2.13457
235 93.6656 16.6302 2.64006
236 74.1705 27.8673 2.7104
237 61.1724 78.5519 -2.14795
238 94.13 17.4413 1.81692
239 87.3863 18.2424 1.95212
240 46.726 49.4136 1.55961
241 78.1351 26.2653 2.3801
242 68.0395 37.5578 2.75088
243 55.1344 42.2229 2.09938
244 75.9163 37.605 2.68969
245 65.1255 36.2203 2.56322
246 67.9756 29.3089 2.45819
247 89.0075 5.07689 2.46131
248 89.1667 19.8397 2.70103
249 64.5594 22.9357 2.57953
250 37.8529 65.6425 0.702957
251 57.0175 77.9759 -2.80268
252 58.3177 62.909 0.497545
253 56.7964 54.2076 1.58088
254 67.5887 26.6719 2.27776
255 87.3945 29.8773 2.23055
256 68.3474 35.0699 2.52681
257 67.2795 28.8307 2.27756
258 80.8947 30.4588 2.57229
259 94.3601 18.071 1.87801
260 59.8397 23.227 2.1862
261 91.2506 20.2778 2.02456
262 72.5135 31.9361 2.51916
263 60.2968 37.9687 2.13331
264 60.7975 72.9309 -2.06279
265 65.0836 25.6544 2.54962
266 61.6817 26.9096 2.52206
267 44.6937 45.7038 1.61737
268 58.0805 30.3569 3.05454
269 40.6188 67.5093 0.789581
270 93.0797 21.9422 2.816
271 97.2425 20.2526 2.19929
272 57.6677 48.2442 1.80146
273 59.3537 29.5017 2.45846
274 61.9018 34.5714 2.55816
275 67.1016 26.995 2.61385
276 61.9414 25.7919 2.77953
277 55.5793 39.7098 2.31972
278 72.521 17.4978 2.19402
279 68.5767 38.4428 2.47045
280 94.0319 21.8747 2.04919
281 67.4358 32.1037 2.86007
282 91.2084 17.8377 2.61559
283 53.8447 51.928 1.25927
284 70.6207 20.4238 2.38092
285 51.2185 43.7035 1.33677
286 87.233 13.225 2.64597
287 64.5617 28.7619 2.2674
288 60.8406 48.4833 2.1549
289 72.5895 22.8014 2.67825
290 61.4442 32.3747 2.60825
291 79.7612 22.3458 2.18294
292 63.1944 53.4233 1.53536
293 60.1208 34.0219 2.52892
294 95.3345 17.4645 1.87445
295 100.055 48.4146 -0.168315
296 59.4458 41.4121 2.19699
297 73.0106 30.7044 2.93899
298 81.4571 25.1113 2.42313
299 52.6377 47.7231 1.92427
300 63.2026 28.7237 2.64263
301 90.573 29.8169 2.12498
302 54.7488 28.1167 2.76949
303 67.1575 30.5538 2.09453
304 73.9045 15.3136 2.14249
305 59.7442 77.6518 -2.45409
306 50.9632 64.4657 -0.830263
307 60.298 77.6798 -2.36621
308 92.9806 23.026 2.18441
309 60.1797 35.2861 2.93702
310 53.8305 64.2992 -0.284958
311 97.0498 13.7885 2.41225
312 64.3161 36.0702 2.38285
313 56.4097 49.2019 1.30421
314 86.8653 34.985 2.11214
315 64.9783 32.0466 2.08083
316 56.1067 41.2832 1.28111
317 91.6273 23.5469 2.51644
318 52.9788 54.791 1.7894
319 52.3918 47.9636 1.70903
320 52.8368 45.4747 1.92981
321 84.8026 34.4355 3.02993
322 55.2742 43.132 1.72687
323 90.5502 23.5332 1.93343
324 68.4243 14.9307 0.86737
325 72.4716 34.7415 2.11249
326 66.8859 26.1645 2.47837
327 63.3521 31.1034 2.6805
328 59.7126 42.7283 1.41766
329 60.825 49.1299 1.37982
330 58.8054 47.899 1.31758
331 60.2596 67.3086 -2.35915
332 57.8254 49.5057 2.05681
333 57.295 41.1349 2.12303
334 88.6834 15.5636 2.73359
335 50.3646 48.3974 1.37106
336 55.8065 44.4873 1.38895
337 87.4688 16.4417 2.5193
338 69.5614 33.183 2.66141
339 67.9387 32.2023 2.41975
340 38.8763 40.7408 2.29909
341 87.9659 22.6836 1.91421
342 89.4838 25.5456 2.22252
343 70.2889 36.4797 2.1225
344 69.0944 30.9283 2.17744
345 61.6606 53.0306 2.0201
346 84.2827 13.7987 2.52279
347 59.1393 21.7179 2.55509
348 84.082 19.9649 1.97226
349 59.0186 18.2787 3.13868
350 65.7993 35.2999 2.41629
351 78.9074 28.1883 2.95425
352 76.1163 21.2645 1.93037
353 58.8691 58.9547 1.12313
354 63.8619 25.3796 2.31896
355 69.3903 24.5021 2.42747
356 57.9204 43.3399 1.81347
357 78.8621 56.8801 2.43784
358 93.4229 22.9716 2.67368
359 56.567 30.9677 2.70132
360 79.728 37.3161 2.3965
361 55.3561 25.728 2.22447
362 45.4266 43.5495 1.3102
363 66.4712 27.2589 2.09933
364 62.6266 73.5762 -2.81722
365 61.3834 36.27 2.14601
366 53.4089 42.4802 1.52871
367 54.8968 46.0432 1.36257
368 51.9764 30.8403 2.38975
369 59.2973 48.1011 2.06943
370 55.9365 55.774 1.31069
371 88.346 30.111 2.72246
372 98.5247 18.8195 2.82854
373 53.6903 44.3318 2.17631
374 59.3964 79.0568 -2.88909
375 61.0778 38.3744 2.09066
376 98.3636 21.8524 2.4342
377 57.1483 49.6234 1.46197
378 61.3221 34.9026 2.94291
379 53.7081 48.5612 1.44143
380 68.7083 28.8684 2.41872
381 61.8814 19.4718 2.42694
382 46.8042 41.1856 1.88858
383 63.1214 50.4467 1.69551
384 60.619 39.3644 1.84776
385 57.4288 66.0957 0.0116459
386 40.834 78.8041 0.83475
387 58.5252 25.0538 2.77962
388 72.6592 31.7622 3.01526
389 54.8413 29.1458 2.84697
390 84.2659 24.4349 1.98968
391 91.7201 21.5304 1.94483
392 54.449 26.3371 2.52988
393 69.7846 36.9545 2.01901
394 46.7383 43.534 1.78392
395 92.9122 23.7614 2.45042
396 86.7331 35.6914 2.70393
397 50.3998 52.2706 1.38209
398 57.7054 47.9549 1.30263
399 81.0251 26.7574 2.78148
400 86.9861 17.8139 1.90064
401 61.243 47.0154 1.19849
402 64.3807 24.9842 2.55134
403 42.9891 39.0204 2.09344
404 64.4718 31.6385 2.13251
405 75.0101 19.9611 2.13196
406 91.9939 8.95817 2.03099
407 49.4383 41.8229 2.15383
408 51.6257 35.3613 1.64108
409 57.3851 44.9177 2.0169
410 87.179 19.2566 2.64611
411 45.2902 50.9129 1.42511
412 73.9296 26.6075 2.44191
413 89.1132 20.0678 1.90016
414 69.1334 36.298 2.12062
415 62.3239 52.8887 2.07583
416 58.3242 40.1826 2.01992
417 84.8983 17.1694 2.7273
418 91.2952 26.9136 2.43584
419 62.7892 49.5354 1.66182
420 59.3887 32.8739 2.28461
421 88.5431 26.8097 1.95757
422 92.7693 20.4962 2.81089
423 55.7637 44.4662 1.84721
424 91.2535 32.5777 2.94346
425 50.2948 38.2035 1.98039
426 54.035 49.6983 2.12616
427 56.6691 79.3399 -2.90194
428 66.1886 34.167 2.34168
429 70.7091 33.3473 2.13783
430 73.8016 33.445 2.81758
431 62.0847 38.5918 2.15866
432 87.9218 31.8432 2.56185
433 56.2591 47.4737 1.6604
434 61.7106 30.7874 2.70481
435 61.8163 70.9905 -2.41906
436 76.9914 33.0871 2.77289
437 59.6971 27.9417 2.5613
438 10.1106 9.82921 1.01307
439 54.8705 47.0784 1.51954
440 68.601 22.7083 2.80787
441 90.9611 8.75083 2.12751
442 48.5999 44.3349 2.09757
443 61.7279 24.582 2.44254
444 64.4094 37.3702 1.94548
445 58.0898 22.0493 2.36845
446 69.0288 67.3174 -1.48633
447 90.0036 12.2389 2.49524
448 0.885377 41.0397 1.86461
449 71.426 22.5232 2.80417
450 90.1398 23.8277 1.90638
451 64.8062 26.5162 2.90143
452 58.0148 80.133 -2.82855
453 70.7589 27.8812 2.53742
454 55.7826 78.6136 -2.47503
455 65.465 51.0917 1.82446
456 84.5846 16.5077 1.89751
457 94.0195 17.4993 2.38212
458 35.3344 39.2771 2.48058
459 66.3944 50.917 1.59096
460 59.7848 29.8426 2.52571
461 58.0563 56.2637 1.84411
462 66.6611 37.8998 2.153
463 96.1862 21.2405 2.11378
464 67.9353 38.972 2.421
465 92.0101 23.6581 2.79839
466 69.5293 32.6529 2.33589
467 53.6234 45.2872 2.0627
468 54.6437 29.4061 2.68071
469 78.948 29.8878 2.88878
470 78.9767 20.5528 2.03689
471 65.8591 35.2832 2.21995
472 66.0625 37.375 2.75886
473 55.587 40.0322 1.75294
474 6.88441 22.6059 -1.96138
475 89.9205 10.636 2.0242
476 81.2696 57.5846 2.09493
477 64.8773 26.7592 2.20959
478 65.1085 44.4453 2.0216
479 60.0185 51.5866 1.98467
480 100.193 16.9797 0.380005
481 60.2471 42.1118 1.71149
482 64.9383 25.148 2.6471
483 88.4047 24.539 2.70139
484 53.9383 33.33 2.28696
485 53.4447 26.6762 2.00241
486 72.6409 27.6514 2.33418
487 71.0814 33.8635 2.2452
488 79.9622 27.6382 2.17538
489 64.5574 48.9834 1.30398
490 57.9701 62.1963 0.894281
491 67.1437 28.7526 2.83332
492 67.1275 40.7728 1.95433
493 65.436 35.1632 2.10739
494 66.7054 27.3206 2.17012
495 58.8698 33.8593 2.81826
496 49.6862 49.323 1.48496
497 94.0046 28.8146 2.12752
498 73.4215 31.4076 2.67453
499 77.8384 51.587 2.80642
