500
Particles
0 16.4111 28.0403 -2.29642
1 80.6211 55.6656 2.69027
2 61.8718 25.9282 1.29735
3 59.7571 46.9697 2.58407
4 9.56993 79.8348 2.74312
5 85.8404 53.8901 2.22228
6 31.7799 94.8603 2.31655
7 70.1415 53.7793 2.20674
8 3.43956 90.4701 3.19869
9 38.7638 32.4628 0.796045
10 31.8937 73.7676 2.70919
11 30.4177 5.79448 2.13725
12 73.0621 25.4739 1.81742
13 1.39362 55.1506 2.54083
14 11.0118 82.2373 2.80043
15 3.32794 60.1198 3.0694
16 50.4506 81.6564 1.98688
17 26.8535 11.4439 1.79139
18 15.063 97.3597 2.95981
19 2.10135 99.5959 2.87862
20 61.5848 48.5726 1.82731
21 30.1945 93.9666 2.1332
22 29.8485 83.8199 2.43388
23 5.01146 69.1217 2.75502
24 63.9944 50.0966 2.35176
25 16.7439 73.2753 2.21684
26 10.9803 23.8596 -2.74498
27 26.7593 0.668089 2.06788
28 28.0507 89.4498 2.73338
29 76.5542 23.8292 1.0764
30 48.6867 22.9927 1.10419
31 27.8775 85.7752 2.18516
32 86.0177 23.9419 1.89746
33 55.296 57.8508 2.4959
34 16.5755 69.5096 2.11443
35 16.4449 4.81808 2.30299
36 43.2102 55.613 3.17791
37 76.9934 21.8933 1.03708
38 17.9658 77.5294 2.31108
39 7.32038 71.9098 2.71296
40 13.9683 60.6594 2.39218
41 3.32743 68.8137 2.72292
42 35.3835 76.4056 2.68617
43 62.2615 48.2628 2.1286
44 84.949 56.6644 2.65397
45 41.012 81.1064 2.28507
46 16.9751 72.8232 2.64735
47 80.2128 44.8411 1.59971
48 28.1849 76.4223 2.04779
49 14.5365 21.8486 -2.87088
50 21.982 1.88559 2.82496
51 36.9536 88.3688 1.96326
52 60.6683 50.8288 1.74565
53 47.0616 55.3847 2.52565
54 11.9046 79.773 3.06054
55 67.909 45.5482 2.40008
56 13.2661 80.2819 3.2938
57 31.033 66.226 2.29256
58 18.4941 92.4783 2.83351
59 6.74559 59.9927 3.03316
60 21.4174 97.7259 2.44668
61 29.8509 75.2444 2.72681
62 0.0966187 71.643 2.37094
63 6.97139 3.94515 1.38173
64 27.0795 97.3236 2.55055
65 79.6509 45.2032 2.15399
66 18.499 2.06211 2.38429
67 21.7049 2.69276 2.54488
68 84.3374 41.4228 1.43237
69 44.2666 73.5417 2.81757
70 29.461 97.361 1.92905
71 18.7183 73.5788 2.65467
72 18.3316 97.9333 2.18496
73 74.6962 18.8222 1.16446
74 34.3901 74.5114 2.64807
75 69.8655 50.471 2.38334
76 35.1057 73.5636 2.47635
77 33.316 98.0208 2.20356
78 80.5048 25.8515 1.03613
79 19.0686 94.1688 2.44368
80 30.3272 76.4615 2.47093
81 21.8947 3.92949 2.67229
82 6.22351 97.0953 2.66921
83 10.8971 92.6926 2.15444
84 66.5883 43.5237 2.56916
85 31.2026 78.818 2.3966
86 31.2245 75.7226 2.43866
87 80.486 16.3993 1.67967
88 70.6045 44.9733 1.79995
89 28.9087 71.155 2.45394
90 64.1465 51.1394 2.02499
91 28.2205 86.66 2.24813
92 34.6401 94.6522 2.1728
93 5.24942 78.3708 2.47126
94 28.3623 75.9819 2.02064
95 42.3333 24.7957 0.525092
96 29.1739 96.302 2.65522
97 33.1687 1.26496 2.29303
98 20.2189 62.0645 2.68727
99 31.0596 91.6566 2.1348
100 63.853 51.2118 1.64213
101 18.8979 99.6849 2.45812
102 31.0806 73.6285 2.31617
103 10.4998 57.7249 3.21811
104 30.4978 81.3572 2.72799
105 62.7368 53.1241 1.97686
106 13.402 80.6277 2.99828
107 8.15506 67.3666 2.79388
108 31.5275 86.0295 2.21173
109 18.3766 90.7985 2.2123
110 71.5212 51.699 2.16251
111 82.3928 21.2151 1.20929
112 58.7931 46.1857 2.25356
113 28.4058 91.2906 2.52023
114 27.4329 1.75084 2.39294
115 61.9964 22.2611 1.23529
116 33.0651 68.7543 1.88122
117 17.9452 76.6052 2.3271
118 56.2518 18.5034 1.33756
119 9.60047 83.4491 2.66694
120 6.09897 53.2027 3.15854
121 76.2886 54.0868 1.90118
122 23.0559 72.6607 2.35917
123 6.34781 79.6529 2.34739
124 62.1128 25.8133 1.92354
125 82.561 25.4099 1.69695
126 48.5727 83.8124 2.41063
127 98.8784 56.4332 2.99487
128 67.4725 49.6256 2.15335
129 20.27 98.0101 2.82048
130 19.2984 79.6422 2.21853
131 34.117 74.5478 2.33052
132 85.0564 23.4865 0.949988
133 15.0912 18.7385 -3.29688
134 59.7215 64.7187 1.58078
135 79.0654 86.9695 -0.650016
136 29.316 68.644 2.85726
137 29.9038 97.4262 2.44428
138 33.2174 78.0042 2.64891
139 8.11848 54.6799 2.53435
140 34.0188 73.7117 2.33982
141 2.8977 5.70097 1.29107
142 12.7858 91.3222 2.03896
143 15.8104 15.4457 2.94922
144 29.4137 98.7224 2.40597
145 23.1428 4.05444 2.92868
146 8.04429 65.7263 2.14259
147 58.5197 58.3999 1.99298
148 76.0328 18.2825 0.977851
149 16.8846 3.48707 2.42569
150 33.6355 76.2627 2.12462
151 3.59392 20.0527 1.66156
152 30.6606 70.0406 2.60841
153 32.4736 84.5981 2.03799
154 50.3894 77.7795 2.41895
155 11.9545 18.3375 -3.28668
156 7.35776 93.0219 2.62277
157 96.8653 61.5343 -3.21623
158 12.3292 23.9791 -2.21302
159 39.8831 21.3965 0.467437
160 46.5869 56.1478 2.43079
161 43.0957 22.9155 0.571089
162 16 2.16423 2.57722
163 71.7096 40.1067 2.19261
164 79.9971 45.4387 1.3623
165 10.2253 97.7099 2.51126
166 68.1541 43.2366 2.48756
167 83.521 19.8253 1.2673
168 21.4002 98.046 2.53996
169 75.8992 47.2763 2.38204
170 47.5992 29.0127 1.21735
171 30.3041 95.4176 2.73648
172 3.83353 58.3778 2.85146
173 36.2645 74.6342 2.32407
174 80.3948 51.1867 2.11475
175 85.8946 23.8511 1.71059
176 62.7181 27.6702 1.43943
177 9.37227 51.7613 2.92291
178 61.5854 49.1322 2.46982
179 27.2188 89.0444 2.47488
180 31.2283 94.6214 2.84782
181 18.3162 15.54 2.53122
182 18.5727 88.1589 2.14468
183 12.4329 20.8546 -2.85183
184 39.2547 97.4606 2.06292
185 83.2984 44.9164 2.01767
186 33.9622 82.3697 2.27268
187 54.4982 28.816 0.500497
188 96.6183 59.9644 -3.10855
189 35.7621 12.0049 2.67331
190 81.8339 49.217 1.38145
191 80.6879 99.9396 0.227628
192 20.081 55.716 2.97534
193 36.9542 91.0448 2.59211
194 17.9186 61.7436 3.08704
195 25.6066 91.9094 2.22908
196 7.39021 52.7005 2.44416
197 28.4792 72.1781 2.08365
198 36.9081 96.54 2.79259
199 44.1169 29.6314 0.345184
200 36.5563 98.4667 2.52713
201 70.1746 21.1889 1.63176
202 62.4554 51.0104 2.00765
203 45.1867 23.2524 0.73364
204 11.328 22.3913 -2.76777
205 81.2151 19.3187 1.47712
206 14.8893 61.1381 3.07487
207 14.203 72.7669 2.4498
208 14.2611 6.86378 2.42591
209 51.6798 28.8991 0.0187906
210 21.6914 0.915355 2.21227
211 33.4196 82.1766 1.80496
212 11.9854 17.1454 -3.07556
213 86.6845 18.7415 0.916136
214 96.2263 56.4961 -2.69006
215 14.203 76.0659 2.16163
216 39.8016 82.4724 2.22996
217 26.8777 92.526 2.51501
218 56.5655 17.173 0.784524
219 26.6697 11.9695 2.4996
220 76.4853 20.1447 1.84213
221 39.8451 91.9637 2.43259
222 75.6516 20.633 1.75239
223 67.731 53.4978 1.6888
224 56.1855 48.4061 2.19759
225 65.6034 25.4563 1.56478
226 38.548 24.2801 0.373599
227 37.2303 86.4412 2.34428
228 32.1318 76.1951 2.43353
229 38.1907 81.1772 2.32132
230 1.76743 60.4016 2.88233
231 24.0976 98.981 2.57017
232 33.9559 90.7107 2.48767
233 16.9725 71.2948 2.09279
234 9.18214 59.0627 2.74857
235 13.294 80.5042 2.58303
236 49.0199 78.1842 1.87538
237 62.4166 24.8986 1.72651
238 22.2368 91.7771 1.95648
239 13.5426 91.8941 2.47254
240 25.5482 98.8031 2.50907
241 5.71095 90.3143 3.19911
242 34.5855 83.494 2.14027
243 35.6148 98.3355 2.61698
244 42.3389 22.6672 0.184601
245 35.7248 87.3745 2.24015
246 32.9061 78.8765 2.46636
247 83.1828 48.2486 1.80265
248 8.12885 80.124 2.91538
249 21.9957 60.9565 2.69233
250 21.9673 98.4716 2.49067
251 33.4618 12.2736 1.95651
252 64.6278 54.3347 2.27445
253 51.2816 48.8634 1.65775
254 32.3042 73.0793 1.94261
255 15.9156 99.809 2.45116
256 35.539 82.4937 2.36598
257 27.6762 71.9138 2.62647
258 7.28377 95.5948 2.12783
259 12.0059 79.3631 2.98737
260 19.3135 20.9435 -3.04223
261 11.7821 88.0096 2.19438
262 37.2254 77.9257 2.03554
263 34.1454 90.8335 2.29248
264 58.7335 60.2215 1.85549
265 29.3717 72.5528 1.8461
266 18.5772 28.0075 -1.90437
267 26.616 98.6781 2.76785
268 6.07227 53.2847 3.02241
269 24.1264 1.85503 2.06506
270 17.4115 88.8501 2.06428
271 15.7859 84.8825 2.95385
272 85.372 18.3692 1.41513
273 8.48373 56.8959 2.71243
274 21.2363 77.2305 2.36594
275 33.6425 76.9985 2.22211
276 17.6348 23.0739 -2.90132
277 36.0123 95.5815 2.41381
278 75.0028 53.9031 2.12778
279 35.3635 84.6381 1.87313
280 26.322 96.9207 2.67658
281 31.8282 79.3006 2.49434
282 12.0453 82.5429 2.72279
283 84.1861 18.5429 1.43629
284 49.2026 73.7707 2.69642
285 33.1693 98.7432 2.50166
286 0.672549 66.0023 2.63338
287 30.1046 77.5857 2.50502
288 46.4207 16.0726 0.140448
289 43.9563 72.7957 2.11268
290 19.1445 72.583 2.51541
291 10.8124 18.773 -2.97743
292 9.62309 17.3738 -2.40302
293 15.6163 71.5778 2.82493
294 17.2115 84.0429 2.3598
295 28.8096 92.7255 2.55152
296 41.0737 96.8156 2.1797
297 48.9944 80.319 2.81062
298 10.9145 94.284 2.13724
299 67.2179 20.7741 1.29186
300 23.9835 73.2459 2.77068
301 21.1583 1.32476 2.24842
302 4.79434 53.4344 3.0441
303 32.7822 79.4743 1.92585
304 9.87499 8.45044 2.33822
305 36.2615 12.2616 2.87057
306 56.1187 54.8066 2.37368
307 64.7449 23.2228 1.15645
308 11.913 90.3735 2.8169
309 17.6357 74.7322 2.38058
310 61.3728 56.2777 2.43249
311 7.77217 71.0308 2.7577
312 35.5705 88.6387 1.96855
313 85.7222 20.1556 1.28259
314 20.1357 4.24964 2.69189
315 34.8345 83.897 2.5885
316 34.918 94.2528 2.15457
317 16.291 90.4351 2.15634
318 63.1707 23.5666 1.12619
319 74.9309 21.427 0.996376
320 78.0397 20.0551 0.923541
321 22.4884 7.41541 2.53467
322 75.979 16.4803 1.09538
323 18.0426 93.369 2.93157
324 41.8466 26.3574 0.334787
325 40.5354 82.0592 1.93707
326 29.7176 72.917 2.22204
327 17.5326 68.6962 2.04096
328 83.3537 16.6092 1.66604
329 81.5222 28.3635 1.23074
330 85.8323 17.8245 1.61643
331 62.9576 59.4464 1.61471
332 44.5721 27.2733 0.919404
333 40.0891 99.4536 2.3335
334 7.70841 74.8818 2.27077
335 65.5181 19.44 2.07725
336 79.078 19.2492 1.36217
337 9.74619 82.1936 2.68197
338 41.8625 84.0167 1.88526
339 26.0917 73.641 2.79079
340 0.890493 51.5118 2.88109
341 12.1041 92.4848 2.64909
342 22.8317 0.859787 2.36662
343 39.0369 83.0825 2.42274
344 35.2314 79.178 2.06153
345 68.6205 48.0755 2.30067
346 5.06699 71.1581 2.4757
347 21.5058 21.6452 -2.69758
348 99.2119 67.5388 2.40185
349 82.6329 46.4017 2.1018
350 31.151 81.3263 2.30775
351 11.9517 7.18759 2.16925
352 87.1087 54.9557 2.24876
353 66.5006 51.3943 2.14179
354 19.0632 58.8074 3.05907
355 34.2017 72.1911 1.85266
356 79.3972 15.6718 1.34424
357 81.724 46.4487 2.21484
358 24.6911 96.6636 2.1849
359 14.6213 70.8838 2.77273
360 18.381 7.46419 2.13416
361 16.1403 25.6734 -2.26165
362 25.6422 93.6867 2.51039
363 32.4977 77.5701 2.11327
364 66.2844 58.1269 2.42755
365 32.1686 88.863 2.35288
366 34.2524 97.9007 2.19034
367 81.7769 20.2131 1.23212
368 3.74095 57.7689 2.62336
369 91.3865 19.0482 0.88147
370 53.8316 51.5973 2.24664
371 19.2692 1.25307 2.93386
372 23.2724 88.7297 2.53813
373 42.4694 4.57183 1.62668
374 21.6963 1.76119 2.14821
375 41.1521 96.5984 2.2173
376 24.7061 93.5002 2.39428
377 86.4008 21.4911 1.1349
378 20.6869 75.7771 2.80898
379 80.4739 22.5401 1.63232
380 31.911 74.7074 2.0413
381 40.8145 28.3471 0.816579
382 31.1606 96.7942 2.61016
383 71.9815 46.9144 1.97488
384 32.6829 90.3284 2.1163
385 70.2037 53.7213 1.82191
386 43.77 52.2512 2.79393
387 14.3595 20.5411 -2.86367
388 41.4698 80.4464 1.80027
389 13.8066 70.3293 2.91355
390 9.22888 94.939 2.12763
391 18.136 93.9979 2.46236
392 16.2711 70.5951 2.9869
393 39.0982 84.6794 2.52196
394 30.996 97.8309 2.17095
395 22.2176 94.8393 2.09538
396 25.4689 9.17014 2.00572
397 24.2758 96.9743 2.72486
398 85.7859 18.3486 1.5653
399 6.51737 88.486 3.17776
400 8.4166 83.5027 2.65707
401 41.6749 25.6474 0.563372
402 18.6573 58.0604 2.89251
403 31.8403 95.759 2.51884
404 23.4084 73.9422 1.92916
405 83.4094 55.5862 2.55632
406 99.4808 55.0834 3.1643
407 33.0951 98.935 2.38377
408 16.2379 77.9348 2.81632
409 82.6232 18.6055 1.44134
410 10.1174 85.6005 2.90747
411 25.1602 0.93444 2.33698
412 33.1498 69.9332 2.59554
413 12.114 90.9184 2.61579
414 38.9256 85.0118 2.16509
415 77.5278 45.968 1.43373
416 35.7929 93.9893 2.47295
417 8.99685 83.7269 3.07574
418 25.1512 2.1398 2.78313
419 68.5852 45.9105 2.48966
420 11.9574 66.0973 1.98115
421 23.6593 0.549036 2.64997
422 12.8848 84.4849 2.97313
423 67.2785 12.733 2.40741
424 26.1817 9.62075 2.48046
425 29.184 90.3692 2.08149
426 20.8404 24.7607 -3.03919
427 24.8531 5.71711 2.83482
428 26.5922 77.6234 2.26929
429 34.705 77.9157 2.31772
430 15.8396 16.5588 3.46735
431 40.0085 94.1431 2.13323
432 19.9101 4.57119 2.00209
433 88.2214 15.2286 1.3653
434 19.5423 70.1936 2.82543
435 66.7491 57.2384 1.54198
436 19.7815 15.8784 3.29154
437 8.19501 54.0406 2.66151
438 77.9317 25.9391 1.5254
439 80.9647 21.5032 1.03107
440 35.59 72.7376 2.33193
441 97.0771 53.8658 3.02648
442 28.0727 97.9001 2.27096
443 42.4684 30.4173 0.394284
444 34.4008 88.4949 2.37462
445 78.6541 51.0532 2.04943
446 70.5557 53.5044 2.20181
447 3.75486 67.8774 2.22522
448 28.2183 96.7024 2.03512
449 42.4925 73.3119 2.36692
450 14.2707 94.1414 2.52786
451 17.7379 59.5918 2.49095
452 28.5231 10.5974 2.60021
453 31.1222 70.9297 2.26372
454 32.4652 8.59435 2.13839
455 75.796 47.0447 2.28982
456 5.90716 77.8687 2.92898
457 16.4562 85.2628 2.48628
458 20.0886 83.1219 2.62809
459 85.7255 43.2376 1.85656
460 14.7909 66.4758 2.15645
461 55.2385 51.1858 2.25545
462 35.9444 87.0181 2.17504
463 22.1479 92.4643 2.41723
464 43.6892 91.1874 2.23067
465 14.022 91.2532 2.02121
466 37.2027 80.8153 1.91262
467 80.6931 19.7545 0.859424
468 4.69408 56.3121 2.48837
469 15.5783 9.72502 2.55978
470 18.6019 19.0535 -2.901
471 22.2086 74.6646 2.07986
472 37.0867 88.6373 2.75753
473 36.1823 95.2083 2.66566
474 44.1825 29.9883 1.06124
475 0.454749 57.4349 2.51624
476 83.8368 46.0641 1.38966
477 35.9465 80.2061 1.84079
478 19.5372 12.0118 2.61999
479 66.2309 46.8862 2.51044
480 10.0207 72.047 2.23208
481 79.25 14.1276 1.68586
482 19.6173 59.3194 2.72958
483 12.1241 94.01 2.66994
484 6.69966 65.4649 2.91295
485 16.791 25.1675 -2.25736
486 36.9824 76.2614 1.98631
487 34.7812 79.1032 1.96665
488 6.06187 88.8325 2.46675
489 65.7902 46.8076 2.33489
490 71.8905 49.8764 1.81727
491 27.1809 72.6396 2.6115
492 37.4412 91.4305 2.13592
493 31.0694 82.4188 2.47533
494 20.4419 61.0601 2.82862
495 13.6196 70.113 2.24382
496 27.8915 99.8228 2.20458
497 24.4973 3.26948 2.05707
498 36.4731 75.0953 2.23565
499 79.6118 27.2075 1.85208
