500
Particles
0 53.7238 59.4414 1.07708
1 29.4983 60.3973 1.60348
2 22.7004 67.3439 1.99616
3 51.582 97.7205 -1.58202
4 25.2538 42.5976 1.93251
5 28.5316 78.7574 1.20559
6 45.368 55.9611 0.869645
7 18.1287 10.5961 0.521657
8 45.4752 94.1024 -1.96743
9 47.3433 1.5097 -1.89032
10 42.4906 88.8013 -2.47636
11 13.2445 4.41231 0.566649
12 53.5857 2.88678 -2.06991
13 65.2858 72.0711 0.0530722
14 26.7226 44.6965 2.05266
15 46.4902 24.1965 -2.65091
16 47.9906 9.10895 -1.68237
17 26.875 35.4383 1.62976
18 32.6527 57.722 1.30857
19 1.90987 84.9668 2.69206
20 51.8779 96.4921 -1.50793
21 43.3578 55.6152 1.6667
22 33.757 88.1234 -2.17407
23 28.4161 39.5883 2.01081
24 94.0154 20.9471 -3.26
25 22.115 83.0143 1.49831
26 28.6762 78.3828 1.44147
27 18.6752 95.2881 0.556649
28 52.9581 62.2758 1.65059
29 29.802 37.6863 1.90614
30 25.1685 71.1217 2.26976
31 31.7477 96.4543 -1.87466
32 48.6373 91.6811 -1.46276
33 26.2613 66.4914 1.83183
34 34.3109 91.2733 -1.80454
35 40.7908 73.1405 1.54356
36 10.241 8.07878 0.835991
37 43.5759 62.1345 1.3346
38 12.6153 77.1761 2.16297
39 23.3632 40.2437 2.07095
40 36.8902 88.59 -2.43425
41 68.1588 76.032 0.368925
42 41.3947 0.691275 -2.24193
43 87.4213 2.40706 1.78593
44 30.6649 65.1642 1.67688
45 46.0499 6.84202 -1.7935
46 35.0974 2.20933 -2.28741
47 7.18785 17.9156 -2.84005
48 38.297 94.6308 -1.66285
49 23.0137 77.9918 1.4401
50 49.1986 97.7168 -1.74045
51 35.8849 6.06441 -1.78001
52 92.9159 19.3399 -2.83815
53 10.3404 7.9506 0.916631
54 32.4635 45.416 1.95383
55 18.6289 88.3263 1.951
56 34.3097 47.4051 1.62234
57 40.8087 80.7006 2.01576
58 32.1369 50.7241 1.77179
59 21.029 80.9974 1.90276
60 36.7464 65.9531 1.7967
61 40.818 97.1921 -1.97256
62 40.0658 75.3843 1.0706
63 26.2104 55.8008 1.96545
64 38.7891 62.3528 1.08227
65 13.6175 88.5689 2.08375
66 37.5416 69.4287 1.60648
67 41.5929 70.8697 1.1061
68 11.6449 86.0817 1.88085
69 40.4781 76.1416 1.51486
70 43.1718 59.0742 1.37882
71 27.7113 83.5875 1.93539
72 36.6488 64.7709 0.874543
73 48.4523 60.9566 1.73282
74 34.8732 77.4556 1.43016
75 60.4301 46.2068 -1.36224
76 38.7401 77.9595 0.943007
77 41.9456 59.1826 1.64921
78 24.8428 71.2398 2.15143
79 32.4367 53.2609 1.68429
80 36.1686 81.8963 1.67931
81 38.6349 68.2554 1.56735
82 4.25744 82.1556 1.82962
83 28.0025 49.9749 2.12878
84 24.862 89.525 1.92484
85 32.3627 80.6468 1.24232
86 38.764 84.3568 1.43783
87 7.96806 83.45 2.16307
88 99.8254 83.5175 1.75061
89 32.1403 78.7298 1.56949
90 59.4309 42.3876 -1.86483
91 29.914 96.7698 -1.74777
92 7.92804 82.4384 2.21074
93 30.9077 47.3659 1.21616
94 39.4776 91.3635 -1.86228
95 49.4074 66.2042 1.16489
96 39.9263 59.559 1.78839
97 43.7135 63.8325 1.13083
98 32.0118 78.4804 1.98042
99 54.5376 88.9332 -1.6304
100 94.5516 17.7237 -3.05149
101 34.7119 58.4884 1.35676
102 43.0727 97.1298 -2.01247
103 28.3889 82.3916 1.99987
104 39.2655 98.419 -1.73354
105 58.2735 42.2535 -1.14004
106 34.0483 47.5668 1.21524
107 52.2604 61.7161 0.875312
108 37.707 4.59212 -2.61798
109 35.8446 50.2489 1.46075
110 66.6504 95.9683 -0.997678
111 44.7904 61.5553 1.45387
112 50.7003 95.1685 -1.45954
113 47.005 56.2435 1.49783
114 45.9723 37.8915 -3.309
115 43.8508 69.1099 0.854701
116 31.7832 72.2956 1.13605
117 23.4014 85.6123 1.33274
118 52.4531 0.883012 -2.1002
119 29.7999 45.9274 1.26234
120 24.3942 83.3334 1.38442
121 45.9011 94.9818 -2.05556
122 37.7743 93.7312 -2.06472
123 29.7624 57.2794 1.86441
124 60.5617 72.8735 0.355802
125 15.3203 87.077 2.73297
126 23.1532 8.90948 0.348803
127 63.7107 74.6301 0.354022
128 93.8018 21.9395 -2.85167
129 54.0302 55.7721 0.812082
130 53.8055 66.6955 1.11947
131 41.4794 87.8104 -2.27812
132 95.4432 56.1059 -0.42031
133 95.5975 63.2443 -0.336071
134 24.4873 76.8468 2.13622
135 46.6089 60.6943 1.21345
136 32.8412 76.0723 1.74078
137 45.2756 60.6689 1.02381
138 40.2091 93.0036 -1.76973
139 30.0043 86.2451 1.94842
140 43.4221 98.5866 -1.79513
141 16.5522 88.4956 1.93399
142 30.6012 50.0301 1.5605
143 47.9101 6.58471 -2.50315
144 41.0062 64.1976 1.13638
145 52.1623 58.0022 1.17829
146 54.4294 64.251 1.65177
147 22.7546 65.3216 2.11102
148 52.6337 66.0046 1.49619
149 36.9402 68.6461 0.87265
150 43.0042 98.8128 -1.74339
151 46.5355 69.9958 1.90619
152 36.6084 78.0335 1.7992
153 37.3104 0.404037 -2.3936
154 47.549 8.22502 -2.08124
155 95.8065 62.2465 -0.320889
156 46.5905 96.8192 -2.35462
157 41.2649 8.29727 -2.33838
158 26.8504 79.5527 1.18897
159 43.6686 21.1545 -2.8578
160 25.677 69.7903 1.50647
161 24.23 13.0883 0.210297
162 49.5454 -0.254488 -2.57732
163 12.3829 84.4356 2.08145
164 61.845 62.3867 -0.73051
165 39.3507 72.7618 1.17386
166 9.62022 85.4362 2.01347
167 47.4583 63.6849 1.29369
168 33.9577 57.0064 1.27908
169 95.4339 11.0697 -2.83461
170 24.1661 63.1246 2.06385
171 43.3277 56.1201 1.55696
172 50.7647 59.2049 0.82376
173 43.9055 99.1804 -2.08201
174 24.6268 76.9929 1.54147
175 27.625 4.24936 -1.25642
176 45.6881 25.0192 -2.3099
177 30.8525 83.6006 1.29152
178 94.2995 12.0533 -2.49392
179 52.4247 61.9474 1.48723
180 47.9629 57.428 1.23604
181 47.7395 2.01499 -1.76419
182 35.5035 47.8375 1.76577
183 62.4627 92.2983 -1.81986
184 11.1001 82.0604 2.06922
185 91.9718 63.9657 -0.639534
186 38.7253 92.1933 -1.69899
187 49.976 95.9641 -1.44387
188 23.7436 50.8124 1.40914
189 25.6833 71.3449 1.60004
190 23.4629 76.2772 1.974
191 41.359 65.7214 1.33302
192 34.7128 79.4265 1.20849
193 33.7311 97.4069 -2.25111
194 30.2716 78.0662 1.17364
195 41.1495 57.7701 1.12151
196 23.5107 78.5172 1.86847
197 39.334 84.4138 1.6063
198 7.00681 82.0886 1.72174
199 25.9476 78.4324 1.26055
200 45.4169 59.0025 1.31596
201 24.4778 38.0749 1.94092
202 92.2854 19.7149 -2.85082
203 39.5024 20.3743 -2.9903
204 27.5532 77.1396 1.21324
205 50.2828 61.5088 1.34407
206 33.3067 83.9282 1.097
207 20.7631 83.1874 1.76242
208 14.9339 83.7289 2.53024
209 54.1686 97.636 -1.29534
210 35.9814 61.5207 1.50843
211 36.9709 88.3267 -2.02172
212 95.4176 58.9776 -0.346097
213 47.7949 72.154 1.06924
214 24.8691 51.656 1.67665
215 50.6077 57.5708 0.928263
216 45.6072 9.95037 -1.99797
217 44.2772 55.2725 1.73054
218 39.2321 11.6774 -1.77283
219 27.8615 34.7548 1.40183
220 46.9361 61.8606 1.20915
221 37.9432 9.6134 -2.35291
222 40.7 63.0838 1.41341
223 58.1669 47.7894 -1.19544
224 50.9729 95.7201 -1.71035
225 13.102 6.5852 0.193653
226 44.7304 2.27212 -1.7823
227 39.3144 96.4343 -1.81322
228 40.4593 84.5539 2.68696
229 43.846 2.20353 -2.54377
230 66.2184 72.6877 0.279912
231 37.5399 63.2467 1.372
232 30.2957 96.1775 -1.86824
233 28.4933 84.1427 1.68061
234 23.3415 79.6272 1.97232
235 33.5167 44.7829 1.41515
236 44.1161 97.5866 -2.10989
237 28.0101 70.3118 1.65992
238 29.6131 43.2006 1.88789
239 24.829 46.2222 1.94131
240 52.3591 2.7337 -2.73462
241 33.2684 67.2793 1.64289
242 39.7763 5.3288 -2.3643
243 46.3457 58.3632 1.64247
244 23.8067 10.752 0.238026
245 37.526 6.56365 -1.67455
246 40.9907 91.0491 -2.59041
247 63.2018 76.7611 0.132014
248 27.2777 48.7709 1.91752
249 29.8182 74.1652 1.4798
250 13.7984 98.2511 0.300727
251 23.1817 70.9286 1.90245
252 16.6707 9.55386 -0.0426973
253 87.0254 7.35946 1.83055
254 41.1533 87.8039 -2.78943
255 38.1537 69.5467 1.33702
256 40.9298 3.89875 -2.53538
257 41.0179 91.8203 -1.7638
258 46.6359 97.8471 -1.47694
259 36.902 47.0095 1.70851
260 26.7026 77.3527 1.6403
261 29.9214 49.3697 1.40891
262 44.9561 3.67107 -2.53006
263 28.9272 89.45 2.18785
264 25.6958 66.7974 2.27164
265 35.3835 80.8707 1.54556
266 30.7515 81.8041 1.34332
267 38.0227 61.8477 1.5429
268 31.9977 91.7622 -1.76164
269 15.2978 97.3997 0.274527
270 32.2679 50.307 1.99283
271 34.4774 47.126 1.81606
272 46.5327 81.5233 1.55232
273 24.895 80.6243 1.43177
274 30.8967 86.8654 2.05985
275 42.0429 97.6239 -1.6497
276 28.0234 77.6965 1.68711
277 50.5855 60.6311 1.15496
278 28.066 61.2001 1.6882
279 40.1507 7.85123 -1.7859
280 30.075 48.4269 2.1428
281 40.7978 94.4943 -2.12002
282 29.7964 45.6363 1.43386
283 44.0112 69.0835 1.65169
284 33.1616 70.0896 1.06336
285 44.1159 59.6457 1.13343
286 62.3806 75.8575 0.25373
287 38.599 91.0766 -2.09047
288 58.017 92.344 -1.27546
289 29.0766 65.0484 1.94626
290 35.3186 97.0717 -2.09291
291 30.8111 62.0206 1.28253
292 93.0378 4.06701 1.01334
293 29.0449 86.7553 1.4112
294 30.9364 43.3606 1.88006
295 19.4434 8.74624 -0.149338
296 12.915 82.2218 2.10136
297 45.3058 1.78368 -2.31185
298 31.9219 63.3575 1.59438
299 44.7517 63.8582 1.55258
300 32.5292 82.3488 1.20875
301 38.9186 66.748 1.15733
302 15.9361 74.7328 2.0811
303 39.783 93.9918 -1.93502
304 27.8495 57.9518 1.84956
305 25.0392 72.5509 1.50343
306 12.7547 6.78659 -0.0834791
307 24.5125 68.8899 1.90566
308 31.6346 49.5776 1.75
309 26.9814 85.1215 2.03465
310 14.5777 5.4944 0.762622
311 69.8637 72.2281 -0.0880544
312 37.3338 6.81603 -1.66405
313 47.3333 70.5366 1.08562
314 39.9196 22.7515 -3.17097
315 38.3767 97.3545 -2.14162
316 46.3058 58.9629 1.42253
317 32.727 52.8844 2.14949
318 52.4115 4.11113 -2.46672
319 41.9883 64.705 1.51458
320 43.462 61.6715 1.32473
321 26.9824 34.5902 1.29547
322 46.4154 59.6429 1.69531
323 31.3029 53.4241 1.98766
324 29.8018 70.1122 1.39329
325 43.3949 3.19127 -2.60489
326 41.1083 88.5612 -2.50901
327 29.8299 83.1493 1.36616
328 10.4037 82.5981 2.08101
329 52.2795 92.0355 -1.82834
330 45.8665 69.0472 1.82985
331 95.3533 59.5161 0.41429
332 51.0326 91.9326 -1.4025
333 1.07492 80.5606 1.88168
334 25.2112 42.2749 1.82718
335 43.4292 63.933 1.85226
336 46.334 61.3555 1.61566
337 25.569 44.6674 1.89916
338 41.9961 1.78592 -2.04175
339 39.0024 89.8868 -2.17109
340 38.2841 57.3654 1.57951
341 24.3009 50.3668 1.86839
342 36.9251 58.1758 1.37247
343 42.8195 8.01053 -1.91318
344 42.1551 94.8381 -1.89247
345 89.7495 0.882868 1.60944
346 69.7208 76.1521 0.299023
347 27.2468 78.5878 1.98418
348 24.6621 50.1766 1.73607
349 24.3215 73.2999 1.55759
350 39.5312 3.52113 -1.889
351 46.6492 97.3157 -2.08444
352 29.3572 61.3586 1.96513
353 61.0834 44.9234 -1.21507
354 33.3543 80.0562 1.11899
355 44.4037 89.6584 -2.00555
356 53.6057 89.9541 -1.84268
357 98.7093 62.8039 0.0508194
358 33.1196 52.1599 1.45809
359 24.9276 84.7727 1.8218
360 43.4013 16.9127 -2.57579
361 21.2101 77.7746 2.13891
362 40.8913 59.23 1.4952
363 37.0704 81.5001 1.75658
364 25.9598 67.0253 1.33745
365 34.767 1.68796 -1.99326
366 46.081 58.0536 1.5319
367 49.7349 62.3282 1.64331
368 54.2532 63.2349 1.26326
369 87.9285 98.9852 1.4921
370 55.1466 5.92779 -2.30099
371 39.3531 69.0984 1.35778
372 32.3611 43.4889 2.06228
373 45.9242 59.8737 1.31245
374 24.78 69.2636 1.40374
375 32.6086 1.29753 -1.96716
376 36.7738 49.7886 1.22756
377 45.1094 67.334 1.27587
378 35.6149 5.21278 -2.43938
379 46.2103 64.3751 0.989792
380 42.501 0.991276 -2.09792
381 31.9515 77.2408 1.65409
382 41.8782 56.3615 1.26076
383 0.412856 20.2007 2.86307
384 25.954 87.9715 2.05809
385 16.7751 5.00483 0.820013
386 8.98222 8.82233 0.351455
387 28.3377 81.7916 1.5155
388 46.0057 2.88093 -2.50345
389 20.6105 80.4429 2.00429
390 33.8471 61.4795 1.70601
391 31.4675 48.9067 2.10941
392 5.92603 74.1255 1.37694
393 41.0524 6.15734 -2.24532
394 43.1464 58.6988 1.49043
395 35.1102 53.8102 1.34505
396 28.3196 33.6358 2.0159
397 41.8815 69.5726 1.21338
398 48.0934 87.2066 -2.06395
399 37.1899 71.2537 1.18931
400 25.9977 45.5402 1.76046
401 10.3582 85.0146 2.29166
402 35.6763 81.7794 1.6194
403 39.703 56.1259 1.34434
404 33.2869 84.2457 1.2752
405 28.4041 61.6366 1.66483
406 63.3434 72.7831 0.394979
407 43.1309 57.8582 1.29877
408 48.486 58.3529 1.07278
409 48.4275 61.028 1.7691
410 24.9593 45.8813 2.1267
411 47.8954 35.8142 -2.68507
412 42.9016 79.3874 1.83202
413 30.2282 48.7521 2.08107
414 39.8902 3.29987 -2.14542
415 90.0877 3.67067 1.5635
416 14.0482 81.7791 2.30759
417 27.4071 48.2891 1.279
418 37.7294 62.2266 1.31346
419 5.08707 21.2062 3.20213
420 25.4541 84.2829 1.31742
421 34.3034 59.2084 1.785
422 32.7262 48.6536 1.45807
423 45.6315 59.6397 1.74041
424 44.8402 24.7571 -2.12416
425 44.1865 54.69 1.3579
426 45.0436 66.4597 1.4553
427 20.8072 70.5567 2.22937
428 39.337 2.01905 -1.70555
429 43.7599 2.2074 -2.3582
430 24.4604 12.3163 0.698902
431 34.0361 3.21256 -2.43488
432 47.4721 95.7887 -1.86747
433 48.0729 67.0112 1.02732
434 35.2948 90.1562 -1.63367
435 22.8919 65.1706 1.80168
436 47.3979 3.29834 -1.74109
437 28.6864 82.9518 1.26701
438 25.631 38.3889 1.71178
439 49.0902 62.6736 1.2203
440 35.1698 74.3891 1.52001
441 61.3636 68.4641 -0.0145494
442 42.6982 59.5068 1.27135
443 31.6623 80.7673 1.10872
444 37.0391 4.38689 -1.81667
445 23.8484 75.4833 2.33981
446 64.0101 69.61 -0.0503355
447 66.4697 76.7297 -0.395959
448 47.1971 28.9255 -2.33436
449 32.5846 69.9744 1.48659
450 30.6655 51.7543 1.68041
451 34.7848 81.2666 1.84797
452 23.2743 71.9288 1.74465
453 43.5624 0.638646 -2.36342
454 53.8358 56.9439 1.26052
455 5.32529 86.0767 2.49273
456 24.0048 44.3081 1.56411
457 33.5676 43.6926 1.86765
458 51.2312 0.453983 -2.00766
459 22.5459 93.4019 0.857142
460 24.3337 78.3272 1.66157
461 59.3581 42.2224 -1.82319
462 38.2675 5.96058 -2.21518
463 35.1754 49.227 1.66459
464 41.0856 11.4744 -2.47082
465 31.1207 51.963 1.54103
466 43.1202 5.45532 -2.58871
467 44.6427 60.7161 1.24636
468 20.5363 80.9933 1.34444
469 45.9573 0.0054118 -2.11593
470 31.0782 59.0099 1.28976
471 38.5729 6.23937 -1.93503
472 38.032 7.23769 -2.37005
473 49.8976 58.6707 1.54081
474 46.592 24.99 -1.98755
475 65.1659 72.6954 -0.281249
476 96.8372 63.8389 0.199433
477 38.1176 84.0589 1.89688
478 28.7966 98.5915 -1.76204
479 94.812 1.49384 1.55608
480 31.7753 42.3805 1.20259
481 12.9679 81.6334 2.19539
482 33.0912 78.1691 1.26059
483 32.1588 54.8735 2.04241
484 9.18929 78.9942 1.60128
485 15.8902 74.1355 1.66124
486 45.4521 98.5752 -1.65016
487 45.2301 10.0183 -2.47144
488 39.1972 73.8047 1.01586
489 9.20083 85.2548 2.09993
490 17.7217 9.55902 -0.0182295
491 41.0576 92.9168 -1.83422
492 36.9451 4.98741 -2.0819
493 37.3311 94.0367 -2.37173
494 41.1198 90.3165 -1.99453
495 26.6201 84.879 1.18615
496 40.963 65.5453 1.04204
497 45.3239 21.3294 -2.69215
498 44.1786 2.56469 -1.85489
499 20.7986 91.3952 1.47009
