500
Particles
0 22.7754 8.49818 -0.406726
1 51.5494 84.0339 -1.17935
2 86.1523 27.7702 -2.98565
3 100.101 8.20091 0.0467161
4 50.8999 75.9561 -1.39275
5 80.0373 57.9108 2.36141
6 97.2125 71.5357 -2.38895
7 42.7279 58.3915 -1.29036
8 76.024 22.1927 -1.98806
9 69.1282 29.7915 -1.63779
10 67.2443 72.8244 -0.942751
11 86.5254 80.2368 -0.522454
12 64.553 72.6183 -1.00656
13 14.2224 43.0489 2.97071
14 54.0527 50.6063 -0.077485
15 77.2637 66.895 1.00425
16 1.50715 9.1212 0.704882
17 31.6472 38.5789 3.24522
18 55.2697 73.069 -0.285924
19 49.0189 92.1852 -0.976892
20 31.174 68.5956 -0.919999
21 99.5134 73.6988 -2.37317
22 61.8844 89.4291 -1.25135
23 34.6979 43.2751 3.16613
24 25.2098 99.1986 -2.57674
25 89.9712 72.8469 -1.13394
26 80.4491 71.2412 0.493501
27 46.185 56.1762 -0.763125
28 19.2047 11.8764 -0.726236
29 2.02955 12.5009 0.228387
30 73.7701 3.19335 -1.41958
31 50.2821 0.756319 -0.337075
32 31.2634 64.6034 -1.49365
33 85.3482 24.2648 -2.60345
34 27.155 66.2788 -1.54555
35 20.135 8.54675 -0.185052
36 7.74643 87.9396 2.02122
37 65.9773 56.1755 1.06057
38 90.7014 24.8283 -3.23582
39 50.9129 92.5277 -1.57163
40 90.1545 28.0971 -3.10988
41 16.7867 46.4341 2.32237
42 67.2864 30.6253 -1.36042
43 75.5753 79.1972 -1.37564
44 56.3857 98.9855 -1.29044
45 68.244 34.7438 -1.36735
46 23.9588 13.8935 -0.596042
47 4.09676 93.7719 2.30596
48 73.4016 20.8795 -2.34715
49 88.8355 68.0402 -0.243116
50 82.3432 22.2772 -2.15851
51 25.7182 16.7623 0.186651
52 97.6469 66.3268 -2.11722
53 10.9111 88.4142 2.49311
54 70.8738 74.3238 -0.968217
55 49.7825 57.6888 -1.10354
56 27.328 63.7039 -1.42221
57 90.1529 3.4555 -0.0601094
58 31.9763 54.3831 -2.43534
59 93.6047 74.6771 -1.26602
60 63.4816 57.9081 0.536922
61 67.6088 26.0063 -0.917553
62 19.8459 14.6307 -0.573808
63 50.3656 82.7209 -1.26924
64 54.6685 83.5164 -0.967359
65 2.09673 55.6011 -3.55396
66 61.1425 75.8195 -0.618005
67 29.5455 5.54834 -1.40525
68 1.11219 53.2228 -3.0955
69 22.6045 17.7823 -0.742482
70 95.742 73.8308 -1.29423
71 25.997 79.9224 -1.2542
72 58.4235 74.4778 -0.90605
73 55.829 12.5149 -1.62592
74 92.345 48.8017 2.97002
75 11.8833 28.3408 -1.25467
76 20.181 19.9475 -0.887868
77 58.0732 71.6024 -0.790528
78 59.4706 94.7414 -1.80885
79 76.8042 47.0838 2.70793
80 18.5912 16.5663 -0.0159838
81 62.7066 63.2656 -0.97893
82 21.2832 67.0517 -1.49088
83 53.7662 66.3927 0.147933
84 36.535 38.4091 2.92544
85 12.8447 64.5243 2.98264
86 14.8018 25.1144 -1.08081
87 0.153694 44.6502 -3.08145
88 97.3143 64.3654 -2.77204
89 79.4833 71.7484 0.25313
90 82.2946 70.119 0.912249
91 50.5612 0.428253 -0.647724
92 48.9752 57.208 -0.644303
93 27.9429 56.1659 -1.75479
94 28.5072 86.15 -0.699134
95 19.9799 12.3586 -0.376011
96 72.9158 49.1845 2.28331
97 70.0591 55.1676 1.21545
98 79.7282 73.6115 0.683375
99 96.2901 4.51981 0.0964606
100 98.3235 64.9153 -2.19468
101 57.1598 55.645 0.436569
102 76.2572 23.5058 -2.30993
103 8.52618 74.2907 -3.32741
104 25.9125 10.3195 -0.0575383
105 81.2904 71.4054 1.14597
106 25.7343 66.4943 -1.35722
107 60.1118 16.5472 -2.87702
108 31.8192 17.5615 -0.400453
109 68.8311 18.863 -2.60909
110 75.7352 6.26914 -1.44674
111 73.4366 53.1719 1.81708
112 83.5043 20.684 -2.21492
113 28.1729 44.7142 -3.5068
114 75.5249 70.2201 0.771937
115 51.1065 14.2025 -1.7402
116 63.4528 66.0803 -1.19803
117 78.2445 72.0924 0.616738
118 2.2001 8.69706 0.511023
119 32.8543 51.1627 -3.2066
120 81.81 65.0905 1.27867
121 43.8182 91.685 -1.47469
122 27.6138 85.3563 -0.815946
123 56.4994 65.9562 0.0654958
124 4.21332 51.7557 -3.39529
125 97.2632 63.005 -1.93704
126 53.7224 8.29838 -1.17293
127 2.88715 57.9381 3.35859
128 23.7916 97.7957 -2.21961
129 26.2627 9.35919 -0.288778
130 23.2594 17.5846 -0.365918
131 65.4877 71.6987 -0.62354
132 83.5362 77.1668 -0.884528
133 83.0576 77.0466 -0.130145
134 96.1645 77.1738 -1.28734
135 99.4469 75.5235 -1.43526
136 6.62086 90.3708 3.10692
137 99.3811 77.2566 -1.90971
138 35.5325 93.9127 -1.42558
139 14.7557 17.23 -0.597155
140 76.9715 24.7219 -2.09564
141 96.6923 64.5915 -2.80495
142 97.0177 68.3758 -2.50891
143 72.7692 33.097 -0.959153
144 69.6584 55.6917 0.999902
145 60.8845 14.6304 -2.40055
146 21.4959 14.9321 -0.612238
147 87.721 24.5634 -3.24496
148 22.4464 13.2948 -0.456405
149 69.4894 58.0234 0.564521
150 33.8149 12.977 -0.00081364
151 18.446 12.0457 -0.377252
152 43.5174 85.9093 -0.566063
153 23.7465 9.85258 -0.089627
154 74.861 32.959 -1.71433
155 85.549 88.2698 -1.89015
156 74.3531 24.8884 -1.94572
157 60.8067 35.6496 0.136652
158 97.1347 83.9027 -1.23401
159 68.2983 71.8088 -0.497958
160 58.46 3.9832 -0.68136
161 42.8948 95.9164 -1.92184
162 80.4237 25.3152 -2.24297
163 3.82346 47.4356 -2.8077
164 2.92289 64.7834 -2.3323
165 19.3303 9.73568 0.0298375
166 -0.360431 52.3642 -2.89584
167 3.8545 72.9215 -2.9988
168 54.211 81.6222 -1.19304
169 80.5708 2.35717 -1.14528
170 84.1151 23.5418 -2.88761
171 77.273 48.6339 2.23051
172 55.7168 15.7077 -2.2607
173 72.9959 26.4663 -1.91557
174 75.4557 59.3315 1.70437
175 48.7557 4.06806 -0.601533
176 74.124 67.6136 0.762938
177 12.7131 66.0128 3.12864
178 37.0896 45.8318 2.35009
179 20.0928 11.3489 -0.712826
180 26.0423 47.923 3.23251
181 76.4478 28.7517 -1.9426
182 29.4766 59.6967 -1.22609
183 57.6364 36.9305 -0.102258
184 81.8669 64.2994 1.7889
185 15.4986 37.9445 -2.91256
186 27.8115 86.8379 -0.793661
187 81.2719 21.8087 -2.11695
188 49.466 80.3587 -1.33418
189 62.1479 98.5115 -2.02257
190 62.8852 74.827 -0.88753
191 74.3753 54.6795 2.33501
192 20.4891 96.0076 -2.80665
193 67.289 23.3121 -1.03107
194 84.8214 95.5082 -0.490331
195 57.5208 69.8456 -0.939378
196 97.3849 79.5747 -0.990497
197 16.0499 23.2507 -1.03722
198 27.2988 72.1223 -0.877226
199 99.9671 80.9963 -1.30406
200 2.68603 71.1757 -3.09915
201 47.8607 91.583 -1.40434
202 49.9616 68.0919 0.687228
203 27.8791 19.2028 -0.591577
204 83.6459 56.2814 1.86513
205 60.8445 15.1499 -2.02333
206 97.6802 14.6796 -3.05579
207 92.7082 76.1718 -1.33215
208 78.5904 67.799 1.0364
209 68.6253 67.9542 0.503943
210 61.9526 55.8488 0.37332
211 64.1957 79.043 -1.24732
212 82.4983 78.7993 -0.571509
213 22.0187 16.7144 -0.517655
214 54.6892 62.9901 0.0159493
215 22.0685 52.8557 2.78592
216 70.319 37.9059 -0.508189
217 1.11932 71.8337 -3.21972
218 56.8229 35.1878 -0.0263443
219 18.7628 33.6486 -2.80613
220 8.80253 62.9726 2.49373
221 33.2478 20.6971 -0.271133
222 63.7067 57.6311 0.765849
223 96.5238 19.3674 -3.35095
224 99.3999 6.17493 0.202887
225 39.3887 55.6238 -1.01332
226 66.6923 30.9671 -0.9862
227 76.4756 21.442 -2.12137
228 19.7524 24.335 -1.3105
229 35.2933 16.6702 -0.850486
230 10.5229 46.4619 2.9944
231 60.0002 67.654 -0.699082
232 46.8298 96.4675 -0.909484
233 14.026 50.7327 2.43876
234 94.7868 78.6671 -1.06057
235 26.7512 62.2783 -1.8607
236 78.5127 24.4985 -1.76414
237 60.0054 96.2251 -1.55109
238 36.513 48.3533 3.04142
239 50.6997 77.8307 -1.46753
240 69.807 62.8007 0.745992
241 57.2999 84.9671 -0.922215
242 27.2767 16.5902 -0.309985
243 0.908108 72.9415 -3.08258
244 39.3799 91.1722 -1.53493
245 28.0236 15.4931 -0.513441
246 35.1168 84.796 -0.612704
247 5.46824 55.2167 2.87618
248 58.0865 49.9313 0.343733
249 76.6963 55.5521 2.01421
250 11.287 27.1063 -1.44005
251 92.0093 20.8328 -2.57073
252 38.6983 60.5204 -0.867785
253 19.6165 36.6686 -3.01022
254 64.4545 -0.114594 -1.89043
255 66.073 60.684 0.186529
256 30.6923 15.879 -0.766011
257 31.6587 86.0724 -1.01007
258 81.2609 23.6545 -2.61331
259 27.7638 67.5689 -1.70342
260 0.27031 79.2297 -2.46883
261 26.9919 42.5011 -3.24881
262 72.6637 31.1297 -1.05246
263 8.31075 65.3582 2.27188
264 78.4184 12.1198 -2.24233
265 13.8861 50.8441 2.94499
266 8.86351 -0.289119 -0.676974
267 56.5391 83.6733 -1.13314
268 72.6645 0.968258 -0.729055
269 99.5069 84.8715 -1.19541
270 26.5559 58.8762 -1.217
271 27.7107 62.4105 -1.08619
272 19.5888 23.7023 -1.31102
273 96.6612 78.7452 -0.854886
274 4.01282 81.7923 -3.00005
275 36.0919 13.2046 -0.298965
276 81.9444 73.4323 0.727819
277 58.9429 14.4454 -2.1323
278 85.2792 18.2791 -2.52309
279 35.8352 23.4067 -0.38099
280 74.796 43.249 2.27418
281 53.8861 8.46346 -0.917873
282 34.0921 40.9388 2.51756
283 -0.192706 78.7919 -2.61945
284 58.2116 86.3845 -1.4719
285 80.0697 48.8274 2.5903
286 4.91942 50.715 2.65698
287 32.2083 86.5323 -0.52232
288 98.0641 5.97243 0.5731
289 91.2898 16.7512 -2.44647
290 70.6188 23.5544 -1.10478
291 51.9995 87.8088 -1.58634
292 79.0058 0.653163 -1.46468
293 9.24065 69.6496 -3.12769
294 73.0639 76.5871 -1.34438
295 41.2271 62.7593 -0.820973
296 78.201 67.7981 0.52862
297 71.3411 29.2864 -1.44267
298 55.0894 2.56643 -0.798557
299 93.6489 73.0481 -1.57633
300 10.556 62.286 2.84331
301 62.7338 62.8874 -0.863936
302 88.9181 26.4858 -3.26971
303 77.6043 18.7692 -2.57697
304 55.2227 79.743 -0.650628
305 61.1984 73.3936 -0.707979
306 9.24353 93.0957 3.04964
307 57.863 0.385986 -0.973188
308 29.6333 46.2136 -3.00446
309 3.82232 0.656661 0.410386
310 42.0425 51.9213 1.72185
311 1.75195 93.9458 2.68116
312 24.7886 14.428 -0.199819
313 15.3652 13.3276 -0.46348
314 4.22505 8.45838 -0.12729
315 73.8959 24.1709 -1.5373
316 98.5937 73.4757 -1.75096
317 94.9838 67.3893 -2.08494
318 71.5157 66.264 0.770641
319 82.1937 52.2627 2.67481
320 60.6638 66.0675 -0.611598
321 4.24128 92.0515 2.64256
322 72.5952 52.3934 2.08263
323 77.5206 46.0627 3.09443
324 58.1368 5.26344 -1.42764
325 63.3983 33.2889 -1.10397
326 94.0044 4.5306 0.360786
327 13.6953 16.5078 -0.471602
328 78.9589 67.6589 1.03988
329 29.1457 66.1607 -1.10667
330 21.4067 15.8877 -0.0406952
331 83.9203 75.2682 0.359151
332 31.6296 66.0293 -1.73537
333 25.3354 50.2191 2.60029
334 46.735 83.1451 -0.576005
335 78.7874 52.18 1.9842
336 5.13552 71.9746 -3.1486
337 52.2476 75.022 -0.66943
338 67.7419 31.872 -1.42483
339 93.5726 6.78297 0.386425
340 58.6491 68.001 -0.35209
341 74.9802 11.1335 -2.46762
342 57.3271 68.7443 -0.546335
343 34.5621 19.8391 -1.04701
344 79.3515 20.7707 -1.99565
345 76.3609 72.815 0.689024
346 16.7833 45.8933 2.91537
347 81.1122 74.2507 0.602832
348 54.3055 76.8961 -1.01384
349 62.3137 75.5933 -0.694045
350 29.0197 12.571 0.0823785
351 72.8224 26.303 -1.08883
352 55.8949 97.7292 -1.07362
353 91.7671 48.6258 3.56244
354 94.7043 55.8661 2.40319
355 70.3503 69.5931 0.388746
356 98.3474 8.78007 0.233081
357 84.9448 78.7944 -0.413106
358 30.4885 46.4556 -3.11722
359 79.2369 66.0446 1.25629
360 74.5054 35.7975 -1.47079
361 76.1728 59.0836 2.22887
362 72.7742 50.2563 1.79276
363 17.0636 21.8949 -1.09701
364 88.675 18.1523 -2.17985
365 23.3975 12.1202 -0.587171
366 99.3269 76.156 -1.80498
367 63.0389 17.5548 -1.96339
368 21.3859 14.8152 -0.571299
369 75.7045 71.9835 0.61922
370 73.1392 62.3423 1.45918
371 64.8016 63.7754 -0.51565
372 71.0531 75.0781 -1.70274
373 21.6704 48.6502 2.6835
374 55.7265 4.93567 -1.17975
375 24.1688 12.4344 -0.212052
376 73.5672 14.1132 -2.13989
377 28.3929 99.0616 -1.7801
378 27.5839 14.7151 0.0724618
379 3.70651 78.866 -2.82306
380 74.0823 29.4526 -1.66121
381 81.0064 81.9172 -0.694639
382 65.0221 51.8885 1.13532
383 2.13996 8.34303 0.327017
384 95.9525 15.3661 -3.4635
385 43.3827 58.0604 -0.969621
386 35.5718 57.6316 -1.42601
387 9.62793 58.4343 2.29679
388 66.3378 32.5535 -0.899772
389 80.3692 60.3657 2.02555
390 55.5211 79.2342 -1.11088
391 31.9842 45.3232 3.3585
392 61.5827 5.91501 -0.608765
393 58.9975 32.651 -0.108899
394 -0.112693 72.9038 -3.32037
395 27.0634 43.9438 -3.09398
396 0.564869 15.3852 -1.26917
397 78.439 55.7519 2.26385
398 65.5183 68.9759 0.0726749
399 30.2947 2.20777 -0.899481
400 91.1976 55.7829 1.90619
401 1.42944 47.8059 -3.41992
402 19.5125 20.6072 -1.2678
403 61.0331 53.2133 -0.00859128
404 88.0575 0.26609 0.259148
405 52.2431 80.8859 -0.976934
406 9.78857 44.4868 2.66485
407 96.9696 72.0501 -1.71616
408 20.5105 46.5871 3.00869
409 1.67938 74.4316 -2.44273
410 49.4458 80.2409 -1.33913
411 76.2986 70.2956 0.599985
412 18.8235 19.8128 -0.305897
413 21.9931 37.5571 -2.93088
414 33.1396 16.5807 -0.592753
415 81.7266 97.8969 -0.775184
416 84.8999 62.8208 1.71331
417 97.5575 67.129 -1.92576
418 65.6256 54.0511 0.420209
419 49.3018 89.6456 -1.25499
420 80.1383 67.8238 1.47045
421 55.5051 74.6075 -0.838857
422 29.3915 58.179 -1.30147
423 25.6638 83.2426 -1.78218
424 74.3052 68.7732 0.86814
425 97.6463 70.8917 -2.37926
426 53.1281 13.6599 -2.4487
427 57.8833 8.41097 -0.991026
428 27.1623 13.4405 -0.36967
429 31.7338 13.5488 -0.679458
430 39.9384 91.1169 -1.43288
431 29.9659 12.5501 0.175602
432 79.9351 22.5621 -1.90735
433 54.5417 14.9522 -2.46563
434 72.1746 70.6208 0.499756
435 86.7019 21.2758 -2.10659
436 68.9054 30.8703 -0.709435
437 82.4664 93.9561 -0.711583
438 48.3218 92.9885 -1.05861
439 56.3975 15.9043 -1.86194
440 95.2204 59.2929 1.93064
441 99.4801 67.7781 -3.15239
442 69.9678 52.3577 2.41765
443 49.9952 69.0496 0.60154
444 26.8451 11.7263 -0.447979
445 68.096 59.5566 0.638224
446 21.347 41.168 -2.76968
447 5.6691 52.0571 3.17562
448 78.0309 66.4892 0.827167
449 67.1623 58.2263 1.12472
450 53.793 79.2114 -0.764082
451 17.0123 17.8839 -0.981599
452 61.064 72.3653 -1.01678
453 78.698 26.6577 -1.66624
454 22.8119 61.647 -1.78317
455 98.7499 48.2561 -2.86989
456 50.4309 75.1679 -1.10298
457 37.2116 44.2072 2.35421
458 32.1402 68.6026 -1.19499
459 25.6835 82.2037 -1.15571
460 85.0137 61.0884 1.819
461 80.0863 73.7034 0.567181
462 30.8345 14.9559 -0.744383
463 64.9228 15.7767 -2.65283
464 32.6725 23.0754 -0.936165
465 31.4484 49.7543 -2.77787
466 69.5652 35.191 -0.890952
467 96.8534 74.0704 -1.8465
468 89.5448 71.7419 -0.258662
469 70.5328 29.8749 -1.36548
470 54.4732 72.7865 -0.387526
471 31.4712 18.8994 -0.196381
472 30.8227 18.4212 -0.215556
473 8.74418 52.0467 2.99485
474 75.7387 66.6693 0.900826
475 13.4677 46.0172 2.64907
476 83.812 86.75 -1.79322
477 89.1239 7.3016 -0.442284
478 51.7457 2.70809 -0.944134
479 78.0175 83.2254 -1.60545
480 36.379 44.5848 2.34492
481 81.1422 64.2442 0.752558
482 81.1041 77.8128 0.0561068
483 73.8642 46.3153 2.18311
484 74.0458 99.2853 -1.17421
485 91.2452 23.3716 -3.23244
486 71.335 27.9508 -1.16982
487 67.8125 36.3942 -0.719607
488 19.1696 8.06526 -0.0324733
489 -0.48099 49.986 -3.08289
490 41.4258 61.4586 -0.741954
491 32.633 88.8663 -0.853901
492 31.0015 16.7478 -0.136575
493 59.2965 12.2209 -2.3102
494 35.8761 86.608 -0.188047
495 24.8535 2.15697 -1.506
496 63.0967 64.0483 -0.397312
497 73.4468 62.4802 1.34861
498 34.8764 16.6511 -0.42737
499 27.7284 79.8175 -1.95951
