500
Particles
0 16.1779 7.84186 1.19678
1 51.6094 90.9923 -2.78656
2 91.9521 32.103 -2.00151
3 93.8517 5.2693 0.927383
4 44.9026 79.3776 -0.54451
5 85.7157 55.0383 -3.34568
6 2.02748 76.4626 -2.89797
7 39.0886 64.6745 -0.515266
8 80.7806 27.4732 -3.14825
9 64.4186 35.0516 -0.197731
10 65.4894 79.069 -2.78491
11 82.0912 85.7719 -1.59028
12 61.1532 78.4096 -2.00113
13 21.3351 42.2474 2.03552
14 51.3009 45.6656 1.60224
15 73.9584 60.4344 1.18715
16 95.021 6.13449 0.236534
17 37.1243 34.6196 1.42624
18 48.6675 75.5419 0.0575876
19 46.8442 98.5842 -0.790338
20 31.2958 75.7541 -1.81519
21 6.36093 76.1553 -3.39467
22 65.8099 94.2687 -2.79444
23 40.0138 39.0067 1.33518
24 29.4799 4.72541 -2.62552
25 83.5678 73.761 0.102969
26 77.1661 64.8253 1.05629
27 41.7321 61.991 -0.454963
28 12.5731 10.9574 1.07089
29 4.71484 17.3751 -1.93822
30 68.7059 7.97165 -0.245154
31 47.0766 6.89942 -0.899658
32 31.7817 72.0042 -2.00444
33 91.4006 28.1551 -2.7652
34 27.042 73.5512 -1.66925
35 13.2494 8.71799 0.972733
36 14.0197 85.0016 3.20016
37 59.9972 54.2862 -0.479558
38 95.9693 29.408 -2.12228
39 48.397 99.1588 -0.431758
40 94.5609 32.9651 -2.14813
41 23.6897 44.5977 2.81628
42 62.752 35.9045 -0.288591
43 75.159 86.3715 -1.21882
44 52.0751 4.9117 -1.40897
45 63.4805 40.2664 -1.0853
46 17.0684 12.4205 1.17794
47 10.9445 92.3844 2.66185
48 77.8794 26.4541 -2.67185
49 81.8001 69.241 0.0546086
50 88.699 25.7331 -3.1118
51 18.5697 17.7346 -0.123772
52 96.5449 69.5013 -0.354927
53 17.801 85.9603 2.54726
54 71.0616 81.4527 -2.27006
55 44.9718 62.1317 -0.0125845
56 26.8904 70.9495 -1.25053
57 84.9777 7.22074 -1.51595
58 31.2757 60.6972 -0.771619
59 87.4226 76.4916 0.681774
60 56.433 57.3932 -0.298023
61 62.9695 31.0931 -0.365253
62 13.0198 14.609 0.0642263
63 45.8691 88.0297 -1.11592
64 55.4865 89.8518 -2.51101
65 3.1045 60.9997 -0.892791
66 54.8061 79.1094 -0.378047
67 32.6923 9.31179 -2.68552
68 4.15431 58.4923 -1.36523
69 17.9249 23.013 -1.96364
70 90.3729 75.7954 0.676194
71 25.2347 86.94 -1.05144
72 51.8523 77.2091 0.601086
73 57.7018 18.9975 -1.36185
74 99.2188 46.9331 2.6197
75 9.54706 35.0662 -0.251739
76 16.1804 25.0616 -1.91608
77 51.4399 72.3326 -0.127662
78 63.2232 0.194336 -0.285661
79 83.5585 44.2864 2.80421
80 13.8493 20.9944 -1.74049
81 57.8246 68.4728 0.0262676
82 20.8364 74.3088 -0.944858
83 46.583 65.5945 -0.319203
84 42.2641 34.755 1.81796
85 18.6462 60.5203 2.16672
86 13.0106 32.0133 -0.955709
87 4.9915 40.8955 1.90815
88 2.41886 69.0724 -2.09671
89 74.8864 66.4323 1.23539
90 78.0085 64.3276 0.650224
91 47.0127 6.46612 -0.6942
92 43.6187 61.8901 0.151341
93 27.8622 62.8838 -0.711912
94 25.9058 92.6117 -1.88564
95 13.2509 12.629 0.149314
96 78.1811 44.5342 2.30072
97 74.6561 50.3964 2.75809
98 76.1818 67.4191 0.176187
99 88.9111 4.37361 -0.0930249
100 2.35218 70.2018 -2.23855
101 51.209 51.5906 1.33841
102 81.9251 27.6005 -3.11614
103 15.1937 73.1682 2.21097
104 19.2851 8.43258 1.5389
105 77.4375 65.3853 1.19123
106 24.8539 73.5247 -0.916781
107 65.2767 21.6854 -2.15428
108 25.2268 20.6806 -1.04582
109 73.787 22.873 -2.41387
110 76.8855 13.2689 -1.95343
111 78.0214 47.7704 2.878
112 90.273 22.7579 3.17063
113 35.2511 45.0485 -2.94923
114 72.3092 63.7618 0.831089
115 53.0131 20.8498 -0.62707
116 61.5562 72.8477 -2.21342
117 74.1684 66.23 1.25156
118 95.722 5.84036 0.813135
119 39.4977 53.7673 -2.47337
120 84.1892 59.3327 -2.54185
121 42.0022 98.5408 -1.42328
122 25.6011 92.043 -1.81303
123 49.568 67.1518 0.654249
124 10.7066 49.1144 2.86487
125 0.555652 68.6518 -0.12799
126 50.0607 14.5129 -1.05634
127 2.29996 63.318 -0.99348
128 29.0339 2.88133 -2.49517
129 19.7731 8.34957 1.55378
130 17.2788 20.9006 -1.9652
131 62.0084 77.218 -2.42286
132 80.1292 83.1817 -1.79436
133 79.1013 82.3218 -1.1372
134 90.0722 80.0706 0.690814
135 6.0113 77.031 -3.34868
136 13.1578 87.4408 2.34367
137 95.1238 82.4407 -0.253415
138 32.5241 -0.209311 -2.03627
139 12.3129 22.7819 -1.84785
140 82.2164 29.1531 -2.70802
141 0.943881 69.421 -1.33629
142 2.33228 73.4076 -2.29256
143 68.4383 38.5231 -0.52111
144 65.0324 53.6112 -0.607204
145 66.1593 19.6457 -2.99775
146 14.564 16.7274 -0.452252
147 93.4206 28.7453 -1.85369
148 15.5102 13.0848 0.0121241
149 63.4597 56.1314 -1.1192
150 28.9215 12.1895 -3.06473
151 11.7402 11.2602 0.108462
152 37.7451 90.0269 -1.22204
153 16.7333 9.30586 0.719331
154 70.5408 38.2498 -0.656385
155 84.5714 94.6908 -1.12072
156 77.5621 31.0192 -0.625606
157 53.6647 36.6697 -0.137284
158 92.8559 89.5046 -0.793271
159 68.0558 77.8492 -2.54297
160 54.9051 10.2883 -1.16172
161 41.9776 2.87742 -1.45044
162 85.464 30.4984 -2.77022
163 8.0452 42.5924 2.16623
164 9.17751 67.5857 2.35742
165 12.4012 8.45343 0.211249
166 3.00362 58.1695 -1.15829
167 10.9366 72.2954 1.79777
168 54.5746 87.6686 -2.18016
169 78.2427 9.19506 -1.7866
170 90.8794 26.0468 -2.76318
171 83.301 44.6237 2.58584
172 58.8866 21.993 -0.986807
173 69.7321 31.955 -0.385617
174 79.8962 53.9339 2.7354
175 45.6641 10.0743 -0.992621
176 70.1296 61.6635 1.44158
177 19.021 62.6099 2.84508
178 42.4653 41.1152 2.16663
179 13.5033 10.8575 0.973635
180 32.8173 49.437 -2.54568
181 75.0548 35.5408 -0.0493792
182 28.5441 66.6872 -1.55952
183 50.5586 38.393 -0.123073
184 85.617 59.4733 -3.16715
185 22.6293 38.7875 2.50048
186 25.4988 93.4618 -1.81738
187 87.4591 24.8194 -2.87862
188 43.6285 84.3902 -1.03089
189 61.8705 5.46117 -0.841236
190 58.0641 80.3028 -0.490397
191 79.4385 49.5221 2.19122
192 26.6701 -0.231267 -2.30366
193 62.0773 27.8085 -0.784965
194 81.3929 1.86464 -1.12063
195 50.9685 71.5887 0.0798273
196 92.2892 84.6597 -0.766645
197 15.1817 30.323 -1.31324
198 26.7335 79.0577 -1.24918
199 4.51592 81.8304 -3.47137
200 9.67172 70.7502 2.32341
201 45.4535 98.2891 -0.417408
202 43.0626 66.7985 -0.255503
203 21.4871 22.3139 -1.39552
204 90.0853 54.6584 -2.39619
205 66.0982 20.135 -3.10871
206 3.64726 18.7292 -2.14954
207 86.1937 77.2856 0.809729
208 74.599 61.6783 1.00347
209 67.6489 72.8721 -1.92447
210 54.9473 53.6545 0.550464
211 61.0068 84.5891 -2.556
212 79.1314 85.1868 -1.63934
213 16.5687 21.0103 -1.93763
214 47.7515 63.8688 -0.232577
215 28.8996 54.2801 -2.15149
216 64.3133 42.1716 -1.15066
217 8.01013 72.1815 2.68717
218 49.5956 36.1533 -0.0940259
219 25.8933 33.3038 2.49147
220 14.4527 58.5668 1.93969
221 32.1837 24.9307 -3.19302
222 57.0224 56.0466 0.260731
223 2.13684 22.7692 -1.89539
224 92.8929 3.52378 0.829981
225 35.7178 61.6723 -0.490155
226 61.1005 35.3716 -0.408267
227 81.9247 25.7864 -2.21242
228 21.8258 30.7492 -2.49279
229 35.8281 19.9772 -2.6921
230 17.547 44.7412 2.96456
231 53.1136 68.7092 0.317179
232 44.7229 3.43774 -0.997752
233 20.4606 47.4606 2.98432
234 88.2281 80.8693 0.73616
235 25.7235 69.2762 -1.30493
236 83.9887 28.4809 -2.58953
237 62.1961 2.34121 -1.08888
238 42.4424 44.5665 1.51486
239 44.5803 81.0648 -0.296515
240 64.5811 58.9868 -0.612426
241 59.7828 90.7177 -2.35137
242 19.9772 17.3391 0.405093
243 8.17495 72.7244 2.67033
244 37.8444 98.2211 -1.27597
245 21.1371 15.6463 0.240865
246 31.7243 90.5575 -1.00294
247 12.2092 52.9458 2.97004
248 54.0563 45.6377 1.89006
249 81.4172 49.9593 2.4102
250 9.64374 33.9666 -0.7396
251 97.1339 25.2563 -2.57288
252 34.9871 66.6493 -0.814975
253 26.8768 36.9734 3.10995
254 63.0974 6.93022 -0.966326
255 59.3142 60.4464 -1.23721
256 23.9459 17.9951 -0.40595
257 28.0437 92.3258 -1.10864
258 87.583 27.3163 -3.14136
259 27.0509 74.6748 -1.40514
260 7.34046 80.134 -3.35969
261 34.0647 44.2558 -3.05919
262 68.634 36.6082 -0.206686
263 13.9959 60.9724 1.49286
264 83.5278 17.3121 -2.18994
265 20.7284 48.3251 2.67828
266 11.9071 96.2999 3.36643
267 58.3959 89.707 -2.81561
268 66.9079 5.23977 -0.389206
269 95.2694 90.3296 -1.24272
270 25.5586 65.9929 -0.941027
271 26.538 69.5792 -0.794831
272 19.7822 30.753 -1.59685
273 90.6958 82.608 -0.404064
274 11.1061 82.9345 2.81519
275 36.5555 16.3051 -2.69681
276 77.1488 68.0931 0.835258
277 63.8651 19.7621 -2.62924
278 91.8488 19.6774 2.33825
279 39.3153 25.1494 -3.06339
280 81.0571 40.0304 1.78762
281 50.4933 14.6113 -0.892925
282 39.6489 36.5708 1.88679
283 95.8202 83.3463 -0.122994
284 61.7798 91.8757 -2.89215
285 86.9165 46.205 3.09498
286 10.2219 46.1675 2.5762
287 29.0106 92.5783 -1.32179
288 91.2419 3.95015 0.821557
289 92.117 12.1331 0.822909
290 66.908 29.3424 -0.172778
291 51.4298 94.85 -1.92233
292 76.109 7.08577 -1.68679
293 13.5538 64.9911 1.21014
294 73.1602 83.7712 -1.57675
295 37.8737 69.1782 -0.927669
296 74.0571 61.926 1.3081
297 68.3039 35.7293 -0.115785
298 51.1798 8.56627 -0.738675
299 88.5035 74.4423 0.334094
300 15.9134 57.6388 2.47987
301 59.6762 69.2483 -0.660619
302 93.6991 31.3295 -1.98548
303 84.4575 21.1417 -2.9273
304 56.1575 85.7362 -2.2827
305 54.8026 76.4242 0.630008
306 15.9226 90.4542 2.67644
307 54.3916 6.64324 -1.13801
308 36.5644 47.7315 -2.63183
309 7.03625 96.9367 2.64922
310 44.8834 51.5682 -2.04289
311 8.64549 91.9583 3.14203
312 17.85 14.5843 0.169825
313 8.58439 13.5971 -0.477388
314 98.2914 4.37343 1.1396
315 74.2227 30.5592 0.0979064
316 98.6046 78.4084 -0.153065
317 94.4183 71.9275 -0.402799
318 66.693 61.1782 1.54997
319 88.9237 49.8162 2.92361
320 54.1743 68.2796 0.0273623
321 11.4377 91.7269 2.64863
322 78.628 48.5708 2.5672
323 84.0234 43.1824 2.57881
324 54.4527 11.5433 -0.796952
325 56.9834 36.5253 -0.441529
326 87.3699 6.78247 -1.22441
327 10.6323 21.4616 -1.46441
328 75.8105 61.0996 1.35989
329 28.6835 73.2648 -1.04396
330 14.2339 17.2548 0.111922
331 79.1247 78.3647 -1.69046
332 30.9147 73.2286 -1.29357
333 31.7983 52.059 -2.2347
334 41.7683 88.1534 -0.924006
335 84.6424 48.5997 3.20772
336 11.762 71.0589 2.24028
337 46.1028 77.9618 -0.830735
338 63.2445 37.4662 -0.460321
339 87.1035 9.20604 -1.84789
340 51.7851 67.9572 0.0687782
341 78.6639 17.2975 -2.58282
342 50.7816 68.7131 0.0958456
343 36.3038 23.028 -2.44127
344 85.5965 24.2629 -3.43465
345 72.8774 66.6772 1.06476
346 23.4762 43.7597 2.35933
347 77.104 68.4902 1.05187
348 48.3578 80.6756 -0.35225
349 55.9797 79.114 0.443883
350 22.4992 11.5829 1.03251
351 69.5284 32.2494 0.146512
352 52.3772 3.86515 -0.73387
353 98.6665 46.9066 2.87912
354 0.263292 51.3267 2.66316
355 68.8493 73.7526 -2.52891
356 91.1168 7.60951 0.785348
357 81.7831 84.9155 -1.24874
358 37.5809 47.6679 -2.26024
359 77.7504 58.9095 1.76139
360 70.958 41.9226 -0.716689
361 80.0563 53.6196 2.28661
362 77.9178 45.3335 2.28347
363 16.1363 28.8102 -1.27047
364 94.3171 16.753 2.78224
365 16.7601 11.2886 0.325329
366 5.4314 78.7552 -2.90214
367 68.9703 21.5679 -3.00151
368 14.4022 16.9425 -0.482568
369 71.3096 66.5227 0.371702
370 70.7874 55.8479 1.67558
371 62.7048 70.1912 -1.95466
372 71.9306 82.311 -1.80469
373 28.4116 50.2328 -2.80771
374 51.7352 11.037 -0.555327
375 17.4549 11.0346 0.710401
376 78.0455 19.7518 -2.46058
377 32.6971 4.38729 -2.46685
378 20.5963 13.9535 0.684244
379 10.6898 79.7206 -2.74702
380 70.2291 35.2705 0.0320229
381 78.2053 88.498 -1.37994
382 58.4914 49.5877 1.20693
383 95.3205 5.74147 0.882892
384 96.0495 10.8771 1.28598
385 39.576 64.0516 -0.762285
386 33.1793 63.8202 -0.644699
387 15.3756 54.1245 1.87167
388 61.3555 37.8914 -0.580599
389 86.1743 57.0843 -3.27748
390 56.2564 85.3773 -2.90686
391 38.7547 43.2695 2.07293
392 57.8165 11.8363 -1.30933
393 52.0107 34.9766 0.650125
394 6.90658 74.3788 2.85837
395 33.7282 46.5218 -2.02472
396 5.32258 20.5759 -2.27591
397 84.5113 52.0184 2.9572
398 64.4203 74.6217 -2.3189
399 33.11 7.54948 -1.96053
400 96.3147 51.0399 2.17635
401 6.47085 44.2181 2.1103
402 18.8646 27.2723 -2.02537
403 54.9119 49.6158 1.72856
404 83.3751 4.40587 -0.706742
405 48.4582 86.6599 -0.866566
406 16.9418 43.356 3.00686
407 1.66656 76.798 -2.70013
408 27.7081 45.6793 -3.32975
409 8.56919 75.8472 2.51879
410 43.7442 83.9549 -0.57662
411 72.6805 64.1642 0.885617
412 15.8305 25.6353 -2.03298
413 29.2367 36.9009 2.99228
414 30.9358 20.8378 -2.5827
415 78.2547 4.35925 -1.23381
416 90.0816 59.4213 -2.91196
417 98.2052 70.9083 -0.0189243
418 58.6929 52.502 0.281243
419 47.1679 96.3701 -1.18219
420 77.5837 61.0994 0.966507
421 49.688 78.2435 -0.130428
422 28.5313 65.1854 -1.03886
423 24.4393 90.3724 -1.29888
424 71.0556 62.2863 1.25818
425 2.69837 75.1339 -2.31528
426 55.2114 19.8293 -0.823847
427 55.0608 14.949 -0.846013
428 20.444 13.0543 1.47739
429 25.6418 14.0489 2.30915
430 38.1695 97.7392 -1.20735
431 23.7372 11.4688 1.22145
432 85.602 26.8332 -2.58357
433 58.4622 20.9036 -0.941879
434 67.8249 68.3938 -1.82661
435 92.5152 25.238 -2.79995
436 64.1287 36.1182 -0.539945
437 79.1591 0.000284877 -1.03975
438 46.9187 0.0215786 -1.47614
439 61.4305 20.9749 -2.17576
440 0.0681574 54.6405 2.56492
441 6.45127 69.738 2.62677
442 74.6957 47.056 2.37832
443 43.3555 66.6944 -0.67685
444 20.0645 10.2603 1.2357
445 61.5957 57.7426 -0.658742
446 28.404 40.9973 -3.31792
447 11.5389 48.6478 2.99857
448 74.9811 59.9645 0.974326
449 60.637 56.0545 -0.18387
450 48.1824 83.4368 -0.61495
451 12.6034 23.3744 -1.77595
452 54.5276 74.4712 0.895034
453 83.622 30.9684 -2.85915
454 22.3263 68.8151 -1.22594
455 4.30081 50.2613 2.14234
456 44.7542 79.3479 -1.09772
457 42.4055 39.8147 1.95878
458 30.8636 75.6008 -1.51764
459 24.5069 89.3915 -1.92175
460 90.6759 58.3193 -2.69789
461 75.8825 68.1028 0.30694
462 24.0791 15.2015 1.41727
463 71.1985 19.4629 -2.56304
464 36.5345 26.1902 -3.00461
465 38.1784 52.3295 -2.82522
466 65.2432 40.8346 -1.11135
467 94.5294 79.7566 0.0637985
468 82.8258 73.0263 0.110656
469 66.1458 35.2547 -0.42501
470 47.5126 73.479 0.831986
471 27.952 23.4693 -2.63285
472 25.1509 22.5409 -1.64039
473 14.5619 48.2468 2.97642
474 72.5659 60.2702 1.91818
475 20.0421 42.9574 2.6554
476 82.1643 92.5525 -0.88472
477 84.3161 11.4709 -1.99385
478 47.9348 8.79457 -0.547377
479 77.6104 90.367 -1.29225
480 41.4174 39.7986 2.0448
481 81.2614 57.9823 2.85248
482 77.8055 83.3772 -1.52579
483 79.5022 42.2496 2.48325
484 68.5858 4.12986 -0.36915
485 95.7194 28.1541 -1.79474
486 67.1877 33.6425 -0.0656508
487 62.5578 41.4625 -0.729908
488 12.6585 6.3465 0.561694
489 4.88442 53.9159 2.77018
490 37.9321 67.7094 -1.30022
491 28.457 94.6045 -0.985679
492 23.7433 18.039 -0.301205
493 63.5139 18.0979 -2.9569
494 31.5442 92.124 -1.115
495 28.1005 7.41045 -2.6317
496 59.203 69.9764 -0.506069
497 70.8377 56.4353 2.08499
498 33.9684 19.597 -3.1238
499 28.2744 86.8138 -1.04751
