500
Particles
0 47.3579 30.5066 2.01405
1 73.586 23.045 2.16528
2 55.8681 72.0616 -2.294
3 59.4864 56.3321 1.18811
4 85.9149 19.4277 2.31909
5 55.2571 26.0237 2.81594
6 49.9524 44.2464 2.19682
7 64.5732 66.8351 0.992075
8 74.0935 29.8057 2.32244
9 74.6255 32.8747 2.3871
10 66.2186 31.1312 2.60346
11 53.4493 63.9456 1.33782
12 51.0715 58.0789 1.92785
13 89.3321 11.0026 2.3407
14 87.1542 22.2178 2.1213
15 2.24355 18.9438 -2.72489
16 70.9889 33.4012 2.09498
17 81.1897 39.6726 1.98713
18 85.3577 29.6474 2.28147
19 59.0622 51.2536 1.15528
20 57.0114 57.2917 1.09514
21 40.9349 43.8538 2.26662
22 60.2393 39.0445 2.53672
23 90.5564 15.6477 2.10181
24 58.3175 60.8984 1.26432
25 53.7405 34.2197 2.85357
26 55.0026 22.078 2.66648
27 42.8436 66.1048 1.2833
28 52.198 39.8437 1.8069
29 12.2653 12.8851 0.853717
30 56.1805 80.9943 -2.16928
31 57.7162 39.6533 1.85359
32 55.7794 55.7094 1.16347
33 58.0885 70.2728 -2.15976
34 57.4378 34.6407 2.00712
35 82.0302 34.6776 1.97978
36 43.5685 82.3493 0.225807
37 52.8796 50.7889 1.51213
38 51.843 36.6523 1.97165
39 86.6051 16.557 2.73614
40 60.1047 33.1045 2.75395
41 85.3489 16.9758 2.15334
42 68.5337 37.0307 2.64312
43 58.9988 57.2197 1.23809
44 72.512 25.0028 2.65593
45 68.637 33.2146 2.48769
46 57.6272 36.7388 2.68427
47 74.2748 56.6003 2.68063
48 61.3738 34.2403 2.06405
49 53.9625 28.3627 2.1243
50 89.8007 34.7511 2.1262
51 61.5987 39.2065 2.81287
52 60.0092 59.261 1.63143
53 43.4086 82.1358 0.419397
54 89.228 20.2923 2.04272
55 64.0987 52.7044 1.59151
56 91.1285 22.3542 1.77338
57 63.5891 24.1416 2.81249
58 88.4423 25.969 2.60809
59 51.9883 34.1395 2.90972
60 87.8548 32.4644 1.73425
61 65.4573 33.683 2.06564
62 72.3842 28.1759 2.17012
63 71.9291 17.9664 2.31943
64 47.4009 49.0784 2.05708
65 66.6056 57.3924 1.79336
66 84.8901 34.8019 2.31685
67 85.9949 35.089 2.17783
68 65.2813 54.4956 1.3053
69 68.7546 25.1133 2.08557
70 49.9267 47.7893 1.87168
71 57.1508 34.2667 2.70995
72 86.383 30.862 2.5198
73 53.8588 50.055 1.74108
74 61.807 25.9613 2.71235
75 64.104 63.6617 0.58982
76 65.4904 26.5198 2.64472
77 51.3864 47.6814 1.90802
78 55.8483 19.8768 2.84504
79 90.1877 27.656 1.92125
80 61.1841 30.384 2.41912
81 84.7842 34.1517 2.10304
82 58.8723 48.1381 1.90144
83 84.9921 25.0724 2.01968
84 66.2832 50.0715 1.85781
85 61.1096 31.8838 2.09506
86 62.6235 30.8347 2.78211
87 56.2244 45.6349 1.83029
88 62.0271 52.3745 1.65347
89 59.8902 26.8417 2.28861
90 59.3402 60.8738 1.1518
91 56.6935 40.8394 2.24855
92 55.4347 44.1285 1.51567
93 83.5452 19.495 1.89788
94 63.3574 33.5082 2.19191
95 59.2828 51.8319 1.33326
96 40.9205 47.0879 2.15515
97 52.9689 51.4324 1.93499
98 59.9494 27.1237 2.4025
99 55.154 44.5409 1.97478
100 61.6747 59.5809 1.43371
101 87.8013 30.4552 1.82243
102 66.4873 31.7003 2.49208
103 56.9091 31.1473 2.4189
104 63.286 37.4863 1.88416
105 58.1976 62.1769 1.17791
106 88.2026 20.7081 1.84504
107 48.2079 35.8526 2.66558
108 61.1044 38.3743 2.4947
109 94.9048 26.7361 1.57552
110 76.6546 64.5065 2.38299
111 53.1824 49.8081 2.14138
112 57.581 55.9159 1.48792
113 50.9852 42.7861 2.38785
114 43.3422 54.059 1.56536
115 50.8274 56.8528 1.94142
116 62.6378 22.7686 2.55306
117 56.0644 38.8103 2.82126
118 55.5947 57.8883 1.67172
119 88.796 22.2045 1.94711
120 52.7907 31.8031 2.97004
121 78.9986 32.1237 2.75969
122 62.9795 35.4077 2.05525
123 81.1853 26.6003 2.43736
124 85.8019 -0.0102091 -0.265333
125 65.9972 52.6094 1.34516
126 69.7537 42.4858 2.54975
127 86.5433 13.8024 2.39672
128 60.4499 60.7117 1.21387
129 51.5268 76.4195 -2.34022
130 51.6832 39.3343 2.33356
131 63.204 28.268 2.8277
132 68.3872 54.0031 1.61302
133 68.9846 55.7967 1.23771
134 54.1474 27.4211 2.27298
135 54.3754 48.4256 1.65843
136 60.7579 25.6842 2.04681
137 48.0401 49.281 1.62174
138 64.2166 32.737 2.43503
139 55.3437 31.3629 2.15317
140 66.964 30.5309 2.30202
141 64.9348 54.3631 2.04909
142 86.0456 23.1993 2.26818
143 72.4595 36.8189 2.27704
144 47.7092 52.2385 1.3878
145 51.4759 76.1488 -2.00563
146 50.847 35.8248 2.93623
147 56.8743 67.8963 -1.52772
148 56.0157 48.8367 2.03369
149 85.0468 33.5304 2.50204
150 68.954 34.0032 2.00546
151 57.5695 54.3109 1.95589
152 63.4168 26.4933 2.38409
153 60.1727 36.7638 2.58408
154 72.4463 35.3349 2.18894
155 70.8726 57.5155 1.56384
156 78.9257 31.1604 2.20811
157 67.9636 43.8405 2.45078
158 54.0077 23.6866 2.42008
159 73.7164 41.02 2.00364
160 59.7021 73.1171 -1.99314
161 70.4308 39.3808 1.9941
162 83.4509 35.0304 1.9896
163 62.8628 50.817 1.76198
164 63.4906 60.6337 1.75143
165 81.7537 33.086 1.90674
166 63.0445 51.1809 2.03251
167 55.0222 51.7638 2.11694
168 86.8126 28.5956 2.14833
169 63.2503 58.6817 1.20992
170 75.3515 16.4931 2.25622
171 49.2328 44.4047 2.25846
172 46.7447 33.1925 2.20727
173 68.3715 30.3134 2.45244
174 54.8988 24.3162 2.8709
175 67.2419 51.4254 2.03564
176 5.84342 30.4558 0.34664
177 57.5372 30.4523 2.92371
178 60.6558 59.6426 0.977301
179 52.2814 40.4169 1.74958
180 51.681 44.3711 1.82951
181 74.3729 33.9377 2.29188
182 92.8213 22.6412 1.67794
183 48.8644 30.9554 2.27501
184 57.3804 44.7748 1.80613
185 66.1901 57.9465 1.34611
186 65.1228 37.3577 2.72939
187 57.9245 55.5527 1.94143
188 80.2048 22.6578 2.69642
189 56.7245 75.6777 -2.47652
190 54.3653 24.165 2.30717
191 50.6218 53.7557 1.47986
192 60.1144 24.8944 2.41077
193 59.4255 40.8448 1.94981
194 60.2652 29.4087 2.47309
195 45.5618 45.4293 1.68243
196 55.7319 30.1923 2.6033
197 62.1832 28.8562 2.38902
198 55.1083 44.2588 1.68455
199 54.8022 25.6295 3.00894
200 54.0492 47.3929 1.66827
201 11.3617 10.9462 1.25831
202 59.8499 60.3375 1.66522
203 74.1091 42.8788 2.70746
204 55.8333 23.4463 2.90327
205 55.1649 49.8194 1.60047
206 59.3398 30.6679 2.33296
207 53.8004 36.8104 2.26519
208 61.7161 48.9487 1.59025
209 56.4596 57.3041 1.12712
210 87.8658 31.3552 2.14603
211 61.9885 35.1705 2.7538
212 68.0582 55.3362 1.56692
213 58.5461 52.5185 1.29425
214 78.0056 21.1268 2.28571
215 49.9645 39.3491 1.83631
216 68.7406 37.8019 2.77678
217 46.4693 43.6618 2.05523
218 75.1261 51.9504 2.4228
219 82.4172 39.4094 2.62493
220 53.4939 49.9043 1.57739
221 62.8294 41.2488 2.72871
222 52.415 50.8539 2.07202
223 60.2553 64.0496 0.53426
224 58.946 56.7512 1.83212
225 54.7226 63.3463 0.948675
226 71.3189 31.9424 2.85904
227 64.6019 37.5979 2.6519
228 64.2714 31.2425 2.66302
229 66.7374 32.763 1.9512
230 91.1543 13.8082 2.11731
231 91.1612 29.9387 1.74679
232 58.0665 42.7877 2.57026
233 57.2647 34.0491 2.26999
234 54.0639 30.2028 2.1484
235 91.0073 19.8635 2.33598
236 70.8701 30.6675 2.38282
237 57.5803 76.2345 -1.86665
238 91.579 20.8465 1.91577
239 84.7228 21.6182 1.89746
240 46.0574 53.6549 1.60465
241 74.8953 29.188 2.08253
242 64.9373 40.4148 1.82349
243 54.4673 46.5011 1.31355
244 73.2508 41.0447 2.54567
245 62.2862 39.5044 2.23173
246 64.9668 32.4836 2.17428
247 86.2225 8.35021 2.70906
248 85.9681 22.8113 2.36881
249 60.9508 25.1332 2.27587
250 41.2959 68.312 0.325818
251 53.4086 75.4552 -2.67352
252 62.1705 65.153 0.526783
253 56.977 58.5826 1.14901
254 63.9168 29.1275 2.43433
255 84.3168 32.8407 2.41917
256 65.5131 38.3372 2.32407
257 63.6519 31.3906 2.47023
258 77.9901 33.7799 2.14844
259 91.4231 21.3168 2.54985
260 56.377 25.9236 2.43962
261 89.229 24.1982 2.03252
262 69.3305 34.8784 1.90236
263 57.1121 41.0392 2.23367
264 57.5895 70.0355 -1.97771
265 62.0691 28.74 1.96713
266 58.1904 29.571 2.43783
267 43.71 49.9833 1.9305
268 54.5175 32.9783 2.41289
269 43.8343 70.408 0.673459
270 90.7259 25.5956 2.06473
271 94.9282 23.7506 2.0196
272 57.3355 52.6028 1.92559
273 55.6722 31.8366 2.71396
274 58.8425 37.702 2.32741
275 64.4319 30.439 2.59416
276 58.0026 27.6872 2.78522
277 53.5241 43.5937 2.26608
278 69.7546 20.7991 2.29173
279 65.0555 40.9205 2.40435
280 91.1202 24.9807 2.0375
281 64.4375 35.2001 1.96807
282 88.6627 21.3948 2.32963
283 53.294 56.2984 1.61674
284 67.9705 23.8618 2.10583
285 50.7817 48.0315 1.78223
286 83.9657 15.8603 2.0733
287 61.3329 31.7777 2.38013
288 60.4664 52.7331 1.3565
289 69.0977 25.4205 2.37201
290 57.9878 35.0476 2.30085
291 77.0558 25.6279 2.13898
292 62.8349 57.7235 1.3612
293 57.0271 36.933 2.49856
294 92.4682 20.7586 2.51656
295 3.64241 48.9995 0.725066
296 58.3729 45.701 1.6596
297 69.8113 33.5299 2.70474
298 78.4913 28.0736 2.28364
299 52.2389 52.1361 1.48317
300 60.0266 31.8006 2.55914
301 87.6314 33.0928 2.49429
302 51.3026 30.5074 2.25036
303 64.3965 33.7524 2.11968
304 71.4673 19.0335 2.005
305 56.6522 74.6736 -2.70846
306 55.079 63.773 0.532409
307 57.3344 74.6361 -2.71261
308 90.5413 26.5032 2.42567
309 56.794 37.9975 2.67442
310 57.7664 64.9359 0.826376
311 94.2115 17.0334 2.13658
312 61.5236 39.2736 2.53865
313 55.6852 53.514 1.77042
314 83.7873 38.0928 1.93215
315 61.7551 34.8485 2.09729
316 54.6137 45.2723 2.21791
317 89.3551 27.16 2.35984
318 53.2067 59.1378 1.36875
319 51.9245 52.304 1.56412
320 53.2363 49.8152 1.80801
321 81.5493 37.3473 2.37808
322 54.4761 47.3724 2.12854
323 88.4653 27.3825 1.75208
324 66.4424 18.5022 2.39434
325 69.7737 38.163 2.26689
326 63.4165 28.9426 2.5207
327 60.7085 34.418 2.79049
328 58.6478 46.9232 1.44563
329 61.3691 53.5114 1.18307
330 58.547 52.207 1.8849
331 63.4359 67.9805 0.878269
332 58.6737 53.8248 1.7899
333 56.2452 45.2579 1.6024
334 85.9207 18.855 2.58893
335 49.9308 52.63 1.2575
336 55.122 48.766 1.54577
337 84.8748 19.8684 1.89296
338 66.6175 36.4198 2.19503
339 64.6303 34.9723 2.87944
340 36.9905 44.6504 1.56416
341 85.4767 26.2498 2.53771
342 86.6455 28.9078 2.39316
343 67.0928 39.4744 2.44061
344 65.7519 33.5658 2.59961
345 61.5677 57.212 0.981959
346 81.0486 16.647 1.91441
347 55.1767 23.412 2.94267
348 81.0772 23.1116 2.11629
349 55.3104 20.5858 2.46924
350 62.6375 38.1483 2.72012
351 75.572 31.0383 2.70768
352 73.0292 24.187 2.25944
353 59.478 63.236 1.49019
354 60.7235 28.3408 1.95871
355 66.2807 27.5808 2.74511
356 56.8136 47.4924 2.15747
357 75.4578 59.4111 2.95591
358 91.2975 26.6992 1.65174
359 53.3346 33.7604 2.34683
360 77.1321 40.7429 1.83497
361 51.6886 27.9063 2.97385
362 43.6755 47.5493 2.18367
363 63.6409 30.5525 2.04039
364 59.8432 70.3603 -1.66215
365 58.7275 39.6726 1.99499
366 52.9432 46.7549 1.39523
367 54.2786 50.3965 1.14561
368 49.2153 34.2553 2.47813
369 59.3094 52.4115 1.12016
370 56.0126 59.9549 0.842408
371 85.2443 33.0835 1.8243
372 95.6635 22.0418 2.47743
373 53.6612 48.6511 1.42542
374 55.8848 76.492 -2.38878
375 58.7654 41.9881 2.0285
376 95.944 25.2513 2.22792
377 56.9784 53.9031 1.61955
378 58.0235 37.8049 2.38908
379 53.1253 52.8915 1.85651
380 65.1836 31.3358 2.79258
381 58.5918 22.1724 2.23347
382 45.7392 45.4516 1.8215
383 63.3925 54.7727 1.86522
384 58.715 43.28 2.36755
385 61.6702 67.0468 -0.129149
386 44.6487 80.8401 0.35427
387 54.5681 26.9104 2.19206
388 69.7672 34.9159 2.72266
389 51.9604 32.4371 2.63803
390 82.3178 28.3041 2.02017
391 89.5182 25.3999 2.18296
392 51.2944 29.3664 2.23125
393 66.5107 39.7187 1.98828
394 46.4574 47.8799 1.45366
395 90.8333 27.6058 1.84645
396 83.9477 39.0986 1.89133
397 49.8786 56.5599 1.80665
398 57.9675 52.2596 2.04677
399 77.8231 29.5984 2.62123
400 84.4302 21.3947 2.1349
401 60.5007 51.2581 1.12213
402 60.8692 27.4302 2.53931
403 41.8856 43.1543 2.25844
404 61.154 34.3482 2.58248
405 71.9874 23.1269 2.06386
406 88.8534 11.7688 2.34763
407 48.3771 46.0223 1.27821
408 48.8074 38.5384 2.62687
409 56.6171 49.1802 1.29867
410 84.6285 22.8972 2.29158
411 45.6259 55.2649 1.69219
412 70.9438 29.7753 2.54728
413 86.1735 23.2936 2.64515
414 65.7597 39.1154 2.56561
415 62.1082 57.2198 1.17582
416 57.421 44.3113 1.48646
417 81.7793 20.2101 1.86607
418 88.9414 30.5559 2.00557
419 62.183 53.7084 1.45197
420 56.1522 35.6607 2.2692
421 85.7773 30.1465 1.944
422 90.5606 24.1477 2.03201
423 55.195 48.7561 1.62174
424 87.8316 35.0825 2.19762
425 49.1597 42.4576 1.69575
426 54.1944 53.9874 2.0492
427 53.1288 76.722 -2.62971
428 62.5059 36.4217 2.75407
429 67.4286 36.1762 2.49067
430 70.8386 36.6739 1.85298
431 59.419 42.0462 2.03543
432 85.0755 35.0458 2.61465
433 55.9442 51.827 1.58933
434 58.2556 33.4664 2.14216
435 62.1155 67.9559 -0.269776
436 73.9692 36.2196 2.01982
437 56.4242 30.9309 2.69159
438 10.6881 13.9766 1.42024
439 54.7668 51.4939 1.75874
440 65.9353 26.0382 1.92766
441 87.9339 11.9909 2.15506
442 47.5914 48.5982 1.97357
443 57.7383 26.2241 2.74973
444 61.3365 40.444 2.31332
445 54.1598 23.9548 2.58119
446 67.8634 66.8297 1.25787
447 86.7767 15.0832 2.22562
448 3.62761 41.4448 -0.674232
449 67.8259 25.0349 2.30884
450 87.9834 27.5624 1.81306
451 61.2638 29.0375 2.00993
452 54.7386 77.3653 -2.46947
453 67.1978 30.426 2.44289
454 52.2546 76.0991 -2.71385
455 64.9023 55.3628 1.21968
456 81.5938 19.7222 1.94219
457 91.7475 21.332 2.21765
458 33.2815 42.9653 2.37471
459 66.6025 55.3143 1.17426
460 56.2697 32.4244 2.3707
461 57.9443 60.5202 1.53479
462 63.4507 40.7631 2.4601
463 93.5924 24.5815 2.08438
464 64.8504 41.9729 2.2211
465 88.3657 26.194 2.43907
466 66.7981 36.0817 1.94017
467 53.7806 49.6689 1.63681
468 51.7062 32.5498 2.56353
469 75.1873 32.0721 2.40661
470 75.8581 23.485 2.93676
471 62.6533 38.2357 2.43644
472 62.8367 40.1935 2.14167
473 53.9083 44.0023 1.86778
474 3.97795 19.844 -3.02318
475 87.5677 14.2406 2.6016
476 77.9842 60.4248 2.89095
477 62.4038 30.3532 1.91509
478 64.856 48.82 1.53355
479 61.0349 55.8111 1.30301
480 98.5827 18.2791 2.51801
481 59.0743 46.2428 2.05068
482 61.3238 27.6145 2.5997
483 86.215 28.2422 2.46154
484 50.5606 36.1502 2.61272
485 49.683 28.6535 3.15292
486 69.8432 30.7614 2.97163
487 68.2173 37.0916 2.18702
488 76.3908 30.1423 2.3446
489 63.3934 53.1888 1.79593
490 60.8606 65.3207 1.18082
491 63.8038 31.526 2.62137
492 64.0595 43.8072 2.69213
493 61.5347 37.2054 2.7861
494 63.4317 30.0049 2.54139
495 55.9686 37.1474 2.14958
496 48.762 53.5575 1.58064
497 91.4608 32.2235 2.17164
498 70.6746 34.7661 1.89693
499 73.6326 52.9636 2.36735
