500
Particles
0 52.006 26.4422 2.52813
1 90.1078 4.2933 2.2155
2 73.3943 70.1485 1.67836
3 59.5721 92.8112 0.759103
4 56.0186 47.9354 2.47482
5 90.9102 1.95297 2.34384
6 70.4707 53.137 2.20385
7 66.1511 99.9527 1.95491
8 44.1476 53.8532 2.33698
9 26.2727 0.909952 0.590412
10 71.465 31.2587 2.42937
11 66.9289 60.8517 2.28222
12 75.98 68.8592 1.97886
13 51.813 30.7511 2.10412
14 58.799 51.194 2.45491
15 53.2359 34.4746 1.89748
16 89.7228 42.1625 1.94834
17 62.388 66.1198 2.60316
18 58.6098 59.7484 2.52611
19 26.1423 78.7342 1.74088
20 59.2763 94.3063 0.7888
21 68.3639 51.0028 2.5595
22 70.3898 42.1352 2.54266
23 52.6276 38.5832 2.80452
24 62.1393 96.0816 0.757374
25 59.4038 35.1004 1.94734
26 92.9852 96.4481 1.0319
27 66.7165 58.9826 1.7679
28 67.5747 48.0538 2.12667
29 76.8578 67.4989 1.97223
30 47.1902 97.9253 1.09692
31 67.1367 43.5046 1.92567
32 19.3993 84.5166 2.57365
33 58.5794 2.59081 2.01799
34 60.1217 32.3932 1.87078
35 54.5421 61.1524 2.41663
36 54.6655 3.86445 1.29702
37 78.6121 64.0719 2.2894
38 61.0333 40.0859 2.60472
39 54.5118 40.6477 1.8615
40 63.667 32.0391 2.66778
41 51.7191 39.2638 2.61154
42 72.7587 32.5725 2.61671
43 60.2524 93.9631 1.31813
44 91.4546 6.09531 1.83803
45 77.0055 35.5717 2.31623
46 61.7435 36.1229 2.66008
47 89.302 91.8914 1.43218
48 67.9914 35.0882 2.27793
49 56.4912 23.6925 2.65498
50 64.1822 62.7933 2.0497
51 74.7703 45.1168 1.93726
52 59.572 95.7766 1.03163
53 55.2941 4.03649 1.67139
54 59.1904 48.214 2.09223
55 72.3187 89.5257 1.73367
56 61.3668 50.9863 2.65603
57 72.1623 25.3553 2.77397
58 61.8154 54.3673 2.7415
59 57.2436 34.2431 2.02502
60 63.2579 58.7371 2.75523
61 68.2627 31.6954 2.28747
62 44.3507 47.1652 1.32341
63 29.8264 56.5103 2.31564
64 67.3953 56.1524 2.25767
65 87.9835 93.1572 1.61196
66 60.3402 62.228 2.09241
67 61.2153 60.6684 2.37838
68 90.998 89.4583 0.830364
69 81.0252 30.2438 2.30507
70 69.0073 55.7233 2.03068
71 61.604 34.7991 2.68148
72 60.5573 58.6849 2.69758
73 79.8734 62.1185 1.51877
74 69.2922 28.494 2.40332
75 67.2233 96.3791 1.35207
76 72.0511 28.7294 2.38861
77 71.7298 54.9204 2.29284
78 81.125 71.0445 1.6917
79 62.1303 56.3105 2.56418
80 69.9328 34.5353 2.05763
81 62.1821 62.8708 1.95761
82 47.0659 59.2856 2.96066
83 53.0371 54.2026 2.6532
84 71.0762 86.9936 1.37155
85 69.4668 35.5155 2.09412
86 68.9452 31.4894 2.08928
87 81.3238 58.6966 1.61137
88 73.6756 88.1384 2.15805
89 68.5229 28.814 2.04789
90 61.9388 96.9229 1.2807
91 66.2703 43.5422 2.46934
92 73.218 52.3087 2.76457
93 53.1707 48.7684 1.96491
94 69.2489 34.5755 2.06201
95 30.5319 81.5873 1.87819
96 68.3224 55.0273 2.69492
97 70.9053 57.9098 2.24856
98 65.0839 26.8287 2.29505
99 71.6566 50.6588 2.83646
100 61.5326 96.5671 0.990873
101 59.1964 58.3772 1.89105
102 70.0583 30.5624 2.68777
103 60.2942 30.4904 2.05171
104 69.952 39.1209 2.78113
105 60.077 98.1903 1.48799
106 59.2837 47.6459 2.44478
107 56.1777 36.6116 2.29647
108 69.1209 41.994 2.33581
109 63.7876 54.817 1.78846
110 69.3196 97.6105 1.43709
111 82.5968 63.8869 1.4979
112 59.3071 92.1829 1.36172
113 68.776 50.2427 2.00339
114 67.9349 59.898 1.9098
115 73.5794 66.1285 2.38774
116 71.9622 26.0022 2.8108
117 61.147 38.5472 2.72907
118 42.824 92.011 2.92925
119 56.0638 51.8306 2.40126
120 57.1185 30.3792 1.88938
121 76.3491 98.9726 1.52029
122 66.034 34.1936 2.85087
123 51.8432 49.2051 1.93849
124 71.1411 69.5191 1.83037
125 89.918 85.4306 0.85302
126 87.1793 45.0752 2.40724
127 46.9588 33.6712 2.0892
128 62.1307 96.498 1.26067
129 64.2193 60.2764 2.55853
130 62.5955 43.3018 2.00671
131 71.2852 30.9555 2.69498
132 5.4105 77.9095 2.51908
133 95.7661 89.7064 1.16995
134 59.7848 8.56324 1.40978
135 74.4287 57.7183 1.81885
136 69.5611 27.0533 2.74601
137 68.2573 55.1302 2.60665
138 71.1753 34.5234 2.82866
139 59.0422 30.1867 2.07665
140 73.4263 31.9908 2.14114
141 78.7611 89.0852 1.64664
142 54.5307 52.1684 2.04587
143 28.671 62.2435 1.26205
144 67.9575 56.1069 2.01694
145 64.6486 63.2831 2.12774
146 55.6784 33.703 1.84827
147 59.9712 2.7731 1.35667
148 79.4685 60.3123 1.62266
149 57.4364 62.4267 2.43561
150 70.8677 31.5944 2.48102
151 21.812 83.3429 1.88515
152 69.9057 27.5448 2.46593
153 71.3215 41.8237 2.25512
154 89.9963 38.8716 2.47048
155 94.1089 92.1292 1.47818
156 48.7334 54.4913 1.90991
157 16.4324 33.4985 -1.22565
158 91.608 98.1144 1.57489
159 28.4822 66.5609 2.25779
160 58.2046 4.80182 1.66259
161 32.7014 67.9861 1.57354
162 57.4065 62.2037 2.77945
163 72.7485 85.6605 2.07347
164 88.2738 94.2119 0.895126
165 53.5813 60.2821 2.69984
166 72.194 87.1634 1.73726
167 82.8558 62.4718 1.27936
168 62.2562 57.6302 1.88959
169 84.4459 93.2844 1.18002
170 29.7995 87.9191 1.31647
171 68.5247 52.3909 1.95891
172 54.2163 32.1458 2.46306
173 73.0176 29.8435 2.4975
174 90.6323 97.989 1.26869
175 93.5677 82.4515 1.15057
176 73.9623 70.8951 1.62854
177 60.8652 28.3927 2.67122
178 61.5191 95.0207 1.54633
179 67.6935 48.2629 2.30122
180 69.6603 53.236 2.72835
181 29.9138 62.0482 1.43238
182 61.9997 50.4245 1.92012
183 48.9148 22.9577 2.54445
184 75.6366 54.127 2.45374
185 92.3913 92.7207 1.11463
186 71.8502 38.522 2.79728
187 45.6642 89.5098 2.81796
188 43.9943 33.259 2.39762
189 68.7308 65.8863 2.35415
190 91.0432 97.6566 1.69781
191 72.3996 62.3792 1.88592
192 67.3453 23.5615 2.52573
193 75.4973 48.1053 1.83651
194 64.4542 29.2025 1.89806
195 68.2067 53.1126 2.30156
196 56.8166 26.7458 2.54047
197 68.6333 30.5923 2.88161
198 72.9086 52.6979 2.05059
199 11.4645 32.2329 -0.985513
200 73.369 54.7241 2.10474
201 76.7936 64.6453 2.0724
202 60.6253 96.877 1.39471
203 34.5017 68.9687 1.40011
204 93.8576 95.4606 1.74586
205 82.6519 61.8581 1.68936
206 63.7497 30.3789 2.61978
207 59.6144 37.018 2.25495
208 48.9602 62.5482 3.10041
209 42.9551 91.0076 2.38938
210 63.974 60.8267 2.24467
211 71.3244 38.6308 2.16745
212 92.6231 88.9905 0.921104
213 21.8093 80.8493 1.87648
214 44.33 30.3779 2.82198
215 60.4694 42.9458 2.55966
216 78.0231 38.9854 2.2683
217 67.4059 52.033 2.7552
218 67.2338 72.2661 1.49084
219 63.036 67.1895 2.34828
220 79.2413 62.5602 2.12983
221 78.0973 49.1417 2.46797
222 77.5135 62.8924 1.94857
223 64.5688 99.5271 1.24577
224 57.2427 93.4767 1.21429
225 75.2127 68.4919 2.02793
226 7.66853 25.5903 -1.23355
227 74.3667 41.99 1.92171
228 70.1682 32.0842 2.7011
229 74.468 35.418 2.44036
230 50.9605 33.849 2.43231
231 64.3536 57.7259 2.10929
232 72.9928 48.7295 2.22667
233 61.801 34.5541 1.94659
234 59.7759 32.0061 2.31107
235 60.2835 48.5979 1.71313
236 84.3448 32.7108 2.44949
237 72.1691 68.7627 2.5299
238 63.111 51.0506 2.11125
239 55.1747 52.9247 2.08309
240 66.3159 58.4001 2.03818
241 46.615 52.3654 1.86483
242 73.935 40.9389 2.31748
243 73.1064 54.8571 2.35002
244 31.3191 68.8819 2.03217
245 73.9468 44.4917 2.61335
246 71.8268 35.6202 2.66969
247 91.3818 96.0653 1.69847
248 57.1396 51.5988 2.42066
249 67.2502 26.0184 2.31294
250 63.8211 58.6143 1.96009
251 67.767 67.0219 1.7243
252 63.6408 98.6196 1.48264
253 53.4755 94.6011 1.28469
254 71.0779 30.1797 2.66276
255 58.5161 61.3482 1.8874
256 74.5196 39.7213 2.52986
257 67.1129 29.7287 2.11279
258 47.2655 57.9007 1.89245
259 59.5251 48.3047 2.52152
260 93.9109 99.4722 0.903981
261 56.3741 52.6013 1.8575
262 74.6517 34.0726 2.56297
263 71.777 47.7635 2.19172
264 59.4334 3.43407 1.58812
265 69.3526 30.4666 2.47875
266 61.6375 27.4956 2.46274
267 67.5717 58.1156 1.86097
268 57.0029 30.8548 1.87797
269 64.431 60.2952 2.73486
270 62.2831 52.9671 1.95105
271 61.634 50.6326 2.35685
272 19.3592 79.5438 2.12814
273 59.0565 31.3226 2.5915
274 64.4515 39.5711 2.2341
275 71.8088 33.3436 2.78155
276 62.9203 24.0527 2.50351
277 74.3677 52.851 1.98532
278 79.242 100.169 2.36801
279 73.8866 41.646 2.75424
280 65.0079 55.0398 2.23975
281 71.0434 37.0772 2.38294
282 58.0646 50.7261 2.5522
283 84.4381 61.4756 1.73276
284 84.3977 29.6356 1.7692
285 72.2484 56.7572 2.23295
286 48.6834 37.6532 2.12424
287 69.4092 35.1175 2.38634
288 51.646 70.369 1.83099
289 81.6796 30.7134 1.80843
290 63.4029 35.5854 1.99421
291 49.307 20.2889 2.21021
292 92.8972 90.5836 1.60287
293 61.2284 36.4809 2.77587
294 62.0856 48.6466 1.83129
295 66.9688 50.9063 2.16486
296 77.3927 53.9419 2.59109
297 88.9307 41.9606 1.60968
298 50.6101 54.0361 2.0461
299 76.2122 64.1764 2.34773
300 64.1665 31.5347 1.87452
301 61.9543 60.4931 2.32249
302 55.7479 29.5721 1.82563
303 71.8317 36.4402 1.9428
304 27.5032 58.1493 1.2689
305 68.6109 65.2275 2.43432
306 58.6556 99.2787 0.916908
307 73.6607 66.8005 2.39942
308 57.883 56.249 2.18219
309 61.9248 38.3914 2.18724
310 60.7098 1.0769 1.35346
311 56.9813 41.5648 2.05747
312 73.2307 44.7943 2.06887
313 21.5772 81.7483 2.60888
314 61.6643 64.8078 1.89036
315 72.8554 40.6483 2.52154
316 71.7436 50.7877 2.47956
317 62.1729 54.7976 2.63418
318 74.9099 67.8144 1.72809
319 76.7016 64.3542 2.2364
320 78.2107 62.0703 2.2695
321 62.1931 65.3448 2.32506
322 80.336 58.9282 1.24808
323 61.1017 55.5609 2.72299
324 10.3132 27.9254 -1.32223
325 77.2145 37.9369 2.06181
326 69.148 30.4431 2.61132
327 62.0954 32.4929 1.94488
328 84.356 58.8726 2.14028
329 56.4379 89.3031 1.31821
330 22.2524 80.7813 2.02965
331 64.2071 3.58181 1.33379
332 28.8802 83.6319 1.28908
333 75.6068 55.1688 2.10873
334 53.8334 42.9608 2.76252
335 75.3137 63.8542 2.35817
336 81.0032 61.5974 2.17901
337 55.6612 49.3993 2.33246
338 78.8216 40.1221 2.23556
339 66.7402 32.2638 2.73418
340 52.932 30.3536 1.92426
341 55.3212 55.8609 1.91648
342 61.4329 57.9628 2.27037
343 75.4875 38.1694 2.76671
344 72.2278 34.813 1.97079
345 67.7561 93.1022 1.84224
346 53.2216 41.0222 2.70247
347 95.8121 100.397 1.49148
348 45.1496 35.7199 2.43239
349 91.493 95.421 1.22716
350 70.8689 38.8325 2.70694
351 32.4332 58.0242 1.62458
352 93.493 3.54137 1.71589
353 62.9786 98.3376 0.920888
354 66.206 26.6675 2.05811
355 71.1202 27.5082 1.98461
356 81.7644 58.106 1.34043
357 90.3935 94.3786 1.01057
358 64.323 54.6551 2.23341
359 58.8819 34.3683 1.84529
360 58.7533 66.4918 2.25677
361 54.77 22.8323 2.5697
362 65.4294 52.0999 2.36576
363 70.4354 33.3497 2.30923
364 61.7639 3.75279 1.95395
365 68.7515 44.6358 2.73542
366 71.3599 54.5023 1.99021
367 81.3287 62.7509 1.33769
368 53.6641 32.3439 2.56441
369 25.9061 80.9607 2.37753
370 57.0793 96.4421 0.744289
371 60.6246 61.2136 1.78453
372 64.338 48.9042 2.59979
373 73.5374 57.6597 1.86135
374 64.0234 62.682 2.56715
375 77.0203 52.374 2.00041
376 65.6749 52.9699 2.35244
377 19.8367 82.6905 1.65599
378 64.2926 38.2036 2.17261
379 80.6027 65.2551 1.78837
380 71.5855 32.4524 2.27586
381 6.82746 31.1909 -1.55461
382 68.6924 53.2636 2.27758
383 75.3196 90.5435 1.22203
384 71.2191 47.9186 2.40391
385 64.6775 0.538226 1.59285
386 53.5498 1.62399 2.30444
387 55.9633 22.9957 2.95445
388 77.7531 35.4714 2.21763
389 59.1236 34.5595 2.28516
390 52.5264 57.8208 2.53498
391 60.6121 55.1709 2.15045
392 59.5139 32.8753 2.30614
393 77.9882 41.7695 2.01933
394 68.8392 55.3053 2.73353
395 64.4392 55.5089 2.3187
396 63.8722 65.8522 2.12698
397 66.1492 58.0744 1.84493
398 22.326 80.4447 1.92968
399 50.238 53.3622 2.08362
400 55.1337 50.8426 2.13852
401 31.9324 81.4574 1.9033
402 65.9787 25.6707 2.44683
403 69.711 51.8453 2.45415
404 65.6167 34.6725 2.68695
405 90.7631 3.83077 2.24628
406 48.0426 28.0198 2.54671
407 71.2369 56.5397 2.25775
408 60.1443 41.9547 2.27958
409 84.325 61.0774 1.83348
410 56.7017 52.8824 2.45338
411 66.5843 60.1614 2.55408
412 74.6854 29.7423 1.99052
413 55.6374 52.9875 2.59335
414 75.3094 40.1521 2.09394
415 86.1188 92.1979 1.36564
416 75.3865 52.4995 1.8946
417 54.2768 50.6352 2.67362
418 65.8836 61.0841 2.81792
419 70.4744 90.0576 1.21497
420 60.2416 34.3311 2.33901
421 64.562 59.9247 1.86345
422 60.0613 52.2383 2.51148
423 76.5877 58.4714 2.25449
424 63.1158 65.3433 2.13259
425 67.052 47.8268 2.4299
426 2.66034 29.0006 -1.20382
427 64.8156 64.18 2.75629
428 69.1311 38.1121 2.88701
429 72.5363 34.3011 2.24303
430 25.8312 64.0629 1.84531
431 75.8619 50.2716 2.49764
432 59.6054 62.5572 2.67624
433 85.7165 58.8925 1.55692
434 64.5336 34.7076 2.75833
435 63.7548 1.16203 1.38937
436 30.704 63.5373 2.09452
437 59.2522 29.9342 2.46524
438 78.3048 70.3002 1.91816
439 80.5924 64.033 2.10099
440 74.6458 29.7304 2.41257
441 46.0069 28.7359 2.32348
442 68.7995 57.8634 2.55577
443 8.71488 35.062 -1.82701
444 73.5071 45.9137 2.71631
445 82.8828 98.8603 1.95524
446 67.0467 99.3514 1.85161
447 50.8174 36.6142 2.77757
448 66.5131 53.916 2.75171
449 78.7964 30.5317 1.8039
450 57.3198 56.5143 1.99464
451 65.2175 28.2955 2.08387
452 65.2463 65.8407 2.24557
453 71.028 28.9308 2.09965
454 67.698 62.7345 2.09114
455 80.4381 92.5145 1.70444
456 53.1451 48.0203 2.1858
457 61.5747 50.6774 2.33566
458 63.2243 46.4906 2.33294
459 93.3927 90.1697 1.38807
460 61.4041 32.5824 2.42106
461 58.4437 97.4664 1.28446
462 73.5028 43.1614 2.01712
463 63.7085 52.4263 2.63241
464 82.4481 49.0815 2.54791
465 57.5785 53.8473 2.76197
466 75.0571 37.1874 2.34627
467 82.2163 61.948 1.53472
468 54.9894 30.782 2.28004
469 34.0266 58.7477 2.30358
470 17.914 73.7472 -0.0347882
471 65.6631 36.9705 2.4573
472 74.9981 45.2767 2.33979
473 73.9919 52.3815 2.75543
474 13.6225 30.6183 -1.3838
475 51.0105 33.2012 2.40661
476 90.2387 94.2535 1.29614
477 72.6598 34.9225 2.65298
478 52.9695 65.6316 2.23566
479 66.8828 92.0007 1.61795
480 58.03 40.9825 2.58741
481 83.4522 57.7451 1.90477
482 66.3026 25.9 2.82164
483 56.5049 57.5638 2.68363
484 54.3397 33.7914 2.12014
485 50.4816 23.0943 2.50592
486 75.0396 32.439 2.29539
487 74.6458 37.026 2.0262
488 46.1082 50.6711 1.8011
489 68.7059 90.4649 1.1894
490 68.3418 97.0106 1.36066
491 68.1376 31.9973 2.10787
492 77.0146 48.9108 1.93755
493 69.7691 39.3913 2.81629
494 67.339 27.3827 1.96372
495 61.3168 37.5525 2.58178
496 67.6343 57.8223 2.48838
497 63.7447 60.8163 2.1849
498 75.919 33.132 1.95371
499 76.7646 74.7911 1.77212
