500
Particles
0 47.8302 41.9535 1.13135
1 28.5388 41.843 0.984118
2 23.5482 48.902 1.6082
3 59.1028 14.8681 -2.01389
4 26.8825 23.7685 1.97903
5 28.5244 59.8661 1.56768
6 39.6243 38.1442 1.04427
7 1.20954 2.05408 0.299511
8 52.5817 11.3455 -2.56907
9 56.0254 18.0575 -2.12627
10 55.3333 2.44785 -1.97851
11 98.0061 94.3449 0.29158
12 61.1956 20.0458 -2.03407
13 49.3914 80.7535 -0.693685
14 28.9717 26.1874 1.78444
15 60.0036 36.9361 -2.09123
16 57.8055 24.4928 -2.82588
17 26.8024 16.914 1.7297
18 30.9657 39.0202 1.66067
19 13.2768 87.6621 -2.07641
20 58.3092 13.7897 -2.65302
21 38.4739 37.5102 0.922654
22 41.5918 4.53397 -2.2799
23 29.1403 20.8252 1.71283
24 7.73485 31.8918 -1.76489
25 25.2005 64.4649 1.1851
26 29.5334 59.7596 1.31747
27 3.15789 90.3191 -0.219108
28 47.0315 44.501 0.931537
29 30.0243 19.1865 1.43849
30 26.3212 52.7628 1.42551
31 19.3841 6.22057 0.282651
32 55.5702 8.79389 -2.22014
33 24.5049 47.8596 0.902187
34 43.0229 7.99156 -2.45588
35 39.0227 54.5133 1.79109
36 97.167 96.4191 0.276146
37 37.4937 44.2679 1.68075
38 9.46633 60.8709 1.50121
39 24.3982 21.7024 2.26967
40 47.3042 0.991543 -2.30096
41 51.1665 82.0698 -0.641334
42 49.7701 17.4912 -2.35154
43 89.0467 84.3174 1.95404
44 28.1359 46.6762 1.46247
45 55.2317 23.0306 -1.93013
46 43.8731 18.549 -1.81876
47 24.3804 12.4809 2.25178
48 45.8955 11.7151 -2.2002
49 26.627 59.67 1.45502
50 56.9221 14.6308 -2.14776
51 44.2519 22.6543 -1.83106
52 6.56282 29.7615 -1.76649
53 97.5555 95.1945 0.183331
54 32.3556 26.5962 1.83644
55 27.1295 77.7225 -1.8479
56 34.9615 28.7238 2.05875
57 39.0813 62.494 1.683
58 32.321 32.0167 1.55799
59 25.1461 62.6448 1.8524
60 33.483 47.439 1.73584
61 48.3047 14.4577 -2.08631
62 37.3452 56.9186 1.05074
63 27.0784 37.0211 1.43119
64 32.8173 44.7322 1.03998
65 25.5433 86.7663 -1.91584
66 34.7909 50.9548 1.71263
67 38.622 52.4372 0.895212
68 22.1864 82.8355 -2.36995
69 38.0243 57.4349 1.02728
70 38.2429 41.0266 1.12233
71 28.3883 64.8204 1.88145
72 31.3215 47.0658 1.7649
73 43.6009 42.8553 1.27294
74 32.9544 58.9704 1.73294
75 55.2241 63.9539 -1.89243
76 37.3316 59.4558 1.0111
77 35.0124 41.705 1.03227
78 26.1871 52.7438 1.64598
79 32.1147 34.7007 2.0152
80 34.0165 63.6742 1.08867
81 34.1577 50.0645 1.0431
82 17.2019 79.3565 -1.94451
83 29.3932 31.2632 1.43501
84 28.0567 71.8899 1.08211
85 32.1858 62.2417 1.03748
86 36.2952 65.9464 1.08565
87 20.321 80.8154 -2.03236
88 8.93884 84.7711 1.37542
89 32.1873 60.0514 1.59942
90 55.8263 60.6901 -1.20876
91 17.8942 5.90765 0.0185786
92 21.4834 78.2082 -1.59519
93 31.2374 28.5148 1.59677
94 48.8687 7.73839 -2.04447
95 43.7988 48.3294 1.23998
96 34.4465 41.7341 1.29247
97 38.5428 45.9127 0.872352
98 32.4264 59.9748 1.81878
99 61.0182 5.71291 -2.11765
100 7.8106 28.8885 -2.04128
101 31.2292 39.9654 0.951516
102 52.1782 13.5968 -1.70325
103 29.2492 63.7875 1.13348
104 45.8735 16.0794 -2.55465
105 54.0996 60.1114 -1.16103
106 35.1275 28.6805 1.22173
107 45.4772 44.4221 1.48538
108 47.4472 20.8171 -1.82832
109 35.8367 31.633 1.24254
110 64.8216 12.1411 -1.74738
111 39.0814 44.0825 1.6207
112 57.1373 12.8589 -2.45831
113 42.6723 37.7874 0.672606
114 63.1087 44.2779 -2.4106
115 40.4123 50.643 1.46907
116 31.2987 53.768 1.50345
117 26.9479 67.3344 1.11867
118 60.0283 17.8838 -2.1438
119 30.8331 27.177 1.40618
120 26.8904 64.658 1.2996
121 52.8978 12.0561 -2.21097
122 46.1566 10.5867 -2.43002
123 28.8975 38.785 0.933907
124 44.3245 81.6364 -1.00011
125 27.1247 84.7307 -1.69494
126 5.19503 3.32227 0.681859
127 46.978 82.4478 -1.17847
128 7.3408 32.8973 -2.2983
129 49.0631 38.2014 0.808209
130 47.4626 49.1937 0.824916
131 54.0248 1.70384 -1.81335
132 79.4939 65.2747 -1.04453
133 77.9913 69.1903 -0.458071
134 28.0897 58.7757 1.39186
135 40.0413 43.1024 0.930754
136 32.2547 57.4545 1.25468
137 39.6933 42.7358 1.48947
138 48.5123 9.5718 -2.87289
139 31.7197 67.4504 1.07167
140 51.62 15.24 -1.75603
141 26.7059 86.6457 -1.66262
142 30.8114 31.4181 1.53969
143 57.4223 22.2727 -2.1236
144 36.9254 45.9487 1.5274
145 45.6453 40.456 0.747053
146 48.8726 46.5364 1.12064
147 21.6265 46.9202 1.57635
148 46.0504 48.4854 0.947622
149 35.5905 50.1886 1.74765
150 49.9955 16.0545 -2.15329
151 42.3913 51.9409 1.47867
152 34.814 59.5359 1.15821
153 45.7255 17.2452 -1.83563
154 56.6269 24.3449 -2.50774
155 78.4081 68.9001 -0.464736
156 54.4163 13.7492 -2.16905
157 50.9012 24.3354 -2.20737
158 28.2474 61.0957 1.43487
159 56.5945 34.331 -2.62748
160 27.3384 51.3632 0.967035
161 6.45348 6.55247 -0.170125
162 56.3007 16.9791 -2.01029
163 24.2899 80.7606 -2.01843
164 45.1789 66.2807 -1.36335
165 37.4993 54.0245 1.22789
166 22.2437 83.9111 -2.3592
167 41.2105 46.1373 0.76557
168 31.4701 38.6663 1.80397
169 7.83298 24.1975 -2.12639
170 22.5986 44.7523 1.44345
171 36.435 38.9059 1.27782
172 44.3661 41.7207 1.41415
173 52.1419 15.984 -2.06625
174 27.1068 58.6075 2.04794
175 12.1684 8.90462 0.412383
176 58.3459 38.4908 -2.09302
177 31.2362 64.8797 1.82526
178 7.02448 25.4575 -1.90407
179 46.7367 44.3175 0.525369
180 42.6021 39.3791 1.06836
181 55.2445 19.2009 -2.47248
182 34.8063 29.1385 1.38894
183 66.7405 9.62704 -2.1813
184 21.2361 67.4253 2.01269
185 75.6315 72.4301 -0.72882
186 46.9326 8.83887 -2.36823
187 56.7689 13.0564 -1.85843
188 25.2916 32.7008 2.0545
189 27.4976 52.7334 1.37085
190 25.6627 57.5546 1.47776
191 37.1075 47.5743 1.31499
192 33.5317 60.758 1.07361
193 43.3174 13.3543 -2.55617
194 31.7108 59.5954 1.86162
195 35.8771 39.8351 0.884272
196 25.7587 59.8601 1.48847
197 37.286 66.2332 1.08537
198 19.2488 76.9928 -2.04626
199 28.1264 59.9925 1.76751
200 38.8036 41.4963 1.67596
201 22.7964 19.4608 1.95853
202 5.45284 30.8539 -2.32833
203 51.6531 33.6256 -1.75321
204 27.3595 58.5016 1.42722
205 44.5468 43.843 1.22225
206 33.1623 65.376 1.77584
207 24.723 64.9146 1.25567
208 23.2789 67.3605 1.80693
209 62.061 14.5897 -2.16074
210 31.9042 43.1669 0.852507
211 46.1251 4.83881 -1.82083
212 78.71 67.4549 -1.03292
213 43.2665 54.1802 0.815557
214 27.3583 33.2835 2.03559
215 44.1667 40.1287 1.51984
216 54.252 26.3567 -2.23098
217 38.2665 37.8201 1.56138
218 49.3305 27.1349 -1.92166
219 28.3048 16.3754 1.80125
220 41.1012 44.3074 1.6757
221 48.2928 25.459 -2.28229
222 34.8403 45.3322 1.18931
223 55.9585 66.2105 -1.16676
224 57.8777 12.9558 -2.19844
225 99.8495 95.3323 -0.0996765
226 53.0519 19.0072 -2.0361
227 47.5271 12.9085 -2.70356
228 39.0625 66.4632 2.03504
229 51.7607 19.3221 -2.01374
230 50.7087 81.3597 -1.2969
231 32.2085 45.4108 1.68871
232 16.6893 4.48302 -0.204666
233 28.7905 65.2026 1.45975
234 27.0248 61.2782 1.93057
235 34.8514 26.1204 1.73643
236 53.2243 14.1735 -1.70823
237 28.8866 51.3741 1.27073
238 32.2878 24.8212 1.32056
239 26.4134 27.5826 1.57783
240 61.0987 19.1664 -2.24037
241 31.7964 48.5773 1.80153
242 47.5799 22.3833 -1.72684
243 40.067 40.617 1.36175
244 6.93245 2.72907 0.140506
245 46.7252 22.963 -2.62827
246 52.9482 5.17979 -2.08327
247 46.7921 84.5551 -0.635789
248 29.1071 30.4635 2.00993
249 28.2323 55.2944 1.44487
250 97.6195 90.2284 0.334116
251 24.5425 52.5691 1.09149
252 1.36292 0.150021 -0.0839003
253 81.5913 93.5483 -0.0194387
254 53.1474 2.10232 -1.97075
255 35.971 50.958 1.28909
256 48.9819 20.9568 -1.97128
257 49.8236 8.27041 -2.80112
258 54.9788 14.6517 -2.55438
259 36.5627 28.0786 1.75768
260 29.0397 58.7593 1.35862
261 31.1184 30.5756 1.53786
262 54.9582 19.373 -1.91515
263 29.8061 71.1748 1.0679
264 25.6462 48.4414 1.47945
265 33.8383 62.206 1.40293
266 31.0487 63.243 1.59805
267 32.3394 43.9282 1.0989
268 30.81 5.629 3.52788
269 97.8788 91.3675 0.415129
270 32.4136 31.9627 1.33913
271 36.2331 28.8531 1.19479
272 41.0016 64.3218 1.45502
273 27.2329 61.9384 1.25822
274 32.1507 68.2078 1.52344
275 49.3066 15.1706 -2.40699
276 29.9464 58.9919 1.19992
277 43.4007 43.3822 1.14159
278 25.3105 42.5639 1.57225
279 49.217 24.3913 -1.86003
280 30.7855 29.9158 1.4832
281 48.2591 11.7155 -2.6191
282 32.1965 27.0875 2.13071
283 38.8709 50.9288 1.78326
284 30.8484 51.5201 1.05992
285 37.8341 42.0857 1.08961
286 46.1555 83.1777 -0.652142
287 47.4216 7.49982 -2.33287
288 61.9756 10.0146 -2.00633
289 28.0528 46.5472 0.732987
290 42.1494 14.3413 -2.31571
291 28.7563 43.4322 1.24905
292 90.9113 85.5089 1.39563
293 30.271 68.3545 1.18861
294 33.1275 24.6543 1.55212
295 2.64314 1.90259 0.150787
296 22.4823 67.5392 2.05468
297 55.4745 17.4351 -2.06196
298 29.9451 45.0218 0.982154
299 40.0116 45.6227 1.18388
300 33.0638 63.6233 1.18947
301 35.6267 48.5668 1.21488
302 13.0781 59.8051 0.922512
303 47.1979 10.9938 -1.97233
304 26.2687 39.3965 1.61257
305 28.0324 54.2683 1.98441
306 98.4347 96.2311 0.186774
307 26.8601 50.3322 1.23225
308 31.4383 30.898 1.64853
309 29.5383 66.6618 1.32874
310 0.77005 93.6366 0.595153
311 53.7716 80.4032 -0.749466
312 46.3818 23.2744 -1.9511
313 42.6697 52.4219 1.06649
314 54.0158 34.9558 -2.12305
315 46.2422 14.3491 -1.97177
316 40.2622 41.2307 1.13086
317 32.1103 34.3068 1.88976
318 60.2252 20.8707 -2.70529
319 35.6995 46.925 1.54443
320 37.1732 43.8769 1.63689
321 27.4572 15.9622 2.39005
322 38.799 42.4663 0.910749
323 30.8293 34.8727 1.56992
324 29.1741 51.6729 1.48248
325 52.0813 19.5644 -1.88373
326 52.605 3.26854 -2.11508
327 30.788 64.3256 1.19986
328 21.8694 68.9994 1.29249
329 57.7228 9.65482 -2.34868
330 43.2081 50.3934 1.14286
331 78.6962 66.9275 -1.26646
332 57.3445 9.0517 -2.28768
333 14.7088 79.6089 -2.02291
334 25.8229 23.8633 1.95074
335 38.7103 45.8447 1.01282
336 39.6924 44.2036 1.56664
337 27.7488 26.4324 1.53583
338 50.4137 18.5797 -2.61866
339 49.0256 5.49192 -2.03463
340 33.4194 39.2644 1.69258
341 26.3165 32.3624 1.87016
342 31.5762 40.0492 1.10532
343 52.5564 23.9964 -1.73405
344 49.8544 11.7089 -1.9897
345 91.7041 82.761 1.77797
346 53.1863 83.6434 -0.948679
347 28.9743 59.8261 1.89452
348 27.0526 31.8509 1.62861
349 27.6683 54.7945 1.24133
350 48.6256 19.8468 -2.40324
351 53.7776 14.7974 -2.35042
352 27.5901 42.8999 1.0079
353 56.976 63.244 -1.1842
354 31.7386 61.3359 1.67832
355 55.4695 4.27057 -1.77538
356 59.7929 7.28442 -2.72213
357 81.7045 69.6585 -0.933893
358 33.3442 33.4353 2.09877
359 26.7449 66.0094 1.38713
360 55.0549 30.551 -2.08042
361 26.1963 59.7712 1.81288
362 34.3648 41.5318 1.58644
363 36.3284 62.9226 1.53218
364 25.5821 48.2344 1.81185
365 43.2436 18.4525 -2.02474
366 40.6914 40.2212 0.909784
367 45.1623 44.0769 1.39856
368 47.9657 45.8426 1.17552
369 91.265 80.8823 1.96351
370 62.7341 22.5712 -2.14303
371 36.4629 50.5349 1.30949
372 34.3779 24.9704 1.37768
373 41.5205 41.7048 1.04319
374 26.5792 50.5159 1.39981
375 40.8903 18.1326 -1.93505
376 36.3883 31.1043 1.85672
377 40.2991 49.1518 1.07382
378 43.4123 22.0103 -1.82496
379 41.1779 46.4948 1.20631
380 52.3005 16.7107 -2.17331
381 31.9407 58.6497 1.96612
382 35.7568 38.5379 0.82738
383 10.7257 26.4 -2.25473
384 27.9018 69.2238 1.64396
385 2.61637 93.8776 0.516482
386 96.2235 97.5669 0.352111
387 30.09 63.0594 1.94506
388 55.1928 19.0469 -1.61044
389 24.8197 62.1859 1.56728
390 29.2595 43.2132 1.50041
391 31.7535 30.4265 1.56368
392 5.21725 58.917 1.24577
393 50.8965 22.3667 -1.89733
394 37.1768 41.1734 1.49354
395 34.1325 35.1313 1.47388
396 27.6886 15.4601 2.03964
397 38.5062 51.0925 1.77115
398 59.4941 1.57211 -2.24739
399 35.9636 52.7431 1.49202
400 27.7075 27.0049 1.36658
401 22.8517 82.0918 -1.45146
402 35.4405 63.0006 1.87907
403 34.9204 37.932 1.31513
404 33.0631 65.7074 1.68306
405 25.7471 43.1355 0.770094
406 46.8565 80.9555 -1.37629
407 36.2473 40.4809 1.71903
408 41.326 41.0263 1.59846
409 42.1426 43.4599 1.18189
410 27.4196 27.644 2.20212
411 64.654 42.5274 -2.73947
412 38.5202 61.37 1.33012
413 30.8793 30.0327 1.56269
414 49.0634 19.5235 -2.23062
415 90.4871 85.3496 1.3722
416 21.3717 65.2736 1.72886
417 29.1966 29.8723 1.52073
418 34.5069 43.8234 1.00391
419 21.9142 14.6552 2.17208
420 27.7357 65.5859 1.8964
421 29.1998 40.8711 1.60369
422 33.4111 30.1368 1.49089
423 40.32 41.8885 0.7725
424 58.0506 37.968 -2.47059
425 37.2645 37.7032 1.20278
426 40.0044 48.2308 1.7024
427 24.6948 52.2757 1.40067
428 47.4396 18.9057 -1.93278
429 51.5978 19.1586 -2.06779
430 6.78762 6.20725 -0.162273
431 42.3993 20.0411 -2.4884
432 54.7327 12.9824 -2.58293
433 41.3945 49.5153 1.36502
434 44.3989 6.03527 -2.62071
435 22.2964 46.5821 1.4742
436 56.9315 19.4312 -1.81348
437 29.1712 64.1546 1.82113
438 25.0141 19.9799 1.74282
439 43.7105 44.6447 1.29511
440 35.252 55.6054 1.90058
441 44.6236 70.099 -1.54506
442 35.844 42.2027 1.55285
443 31.3099 62.2398 1.54025
444 46.6381 20.4587 -2.31897
445 25.4538 56.9121 1.64402
446 48.3828 78.7226 -1.55291
447 50.6642 85.1323 -0.461817
448 62.1745 39.8408 -2.3549
449 32.5117 51.3213 1.43159
450 30.312 33.0102 1.47782
451 34.3674 62.3992 1.73731
452 26.4051 53.3927 1.0834
453 52.4657 16.9212 -2.6068
454 46.0607 40.0679 0.694735
455 17.674 86.1871 -2.01365
456 25.4944 25.6567 1.92309
457 34.6969 24.9688 1.45746
458 58.616 17.5829 -1.82711
459 29.3931 91.885 -1.23469
460 26.6269 59.7168 1.91123
461 56.7577 60.5795 -1.62799
462 47.8831 22.1109 -2.21326
463 36.2528 30.3564 1.49862
464 49.9614 27.527 -1.77575
465 31.3236 33.3039 1.88366
466 51.6563 22.0952 -2.21006
467 39.2084 42.8478 1.20818
468 24.9301 63.0254 1.96062
469 54.031 16.9383 -2.16455
470 28.5855 40.4066 1.8162
471 48.4451 22.0452 -2.2744
472 47.268 23.3669 -1.67435
473 44.0551 40.8453 0.900413
474 59.9829 38.2765 -2.83417
475 49.287 81.4926 -0.942838
476 78.7189 69.1956 -0.431065
477 36.5516 65.7728 1.10639
478 16.5201 6.74811 0.700639
479 94.1425 83.0238 1.13516
480 32.3615 24.0854 1.66455
481 22.1305 66.0442 1.22651
482 32.0075 59.4212 1.18769
483 32.0319 36.1823 1.47975
484 9.77382 64.1167 0.580782
485 12.7308 59.2711 1.63548
486 53.3666 15.4627 -1.92666
487 54.825 26.265 -2.43471
488 35.921 55.6974 1.41105
489 20.7627 84.89 -1.40804
490 1.6317 0.994858 0.274687
491 49.1372 9.53617 -2.21304
492 46.9776 20.92 -2.57982
493 45.0645 10.6212 -2.27912
494 51.9897 5.43959 -1.98189
495 27.7084 66.4007 1.29779
496 36.1461 47.5676 1.16394
497 59.0857 33.94 -1.89429
498 53.1903 18.9136 -1.73887
499 29.2538 88.3889 -1.28626
