500
Particles
0 48.5263 44.2123 0.870964
1 28.6775 44.2329 1.61904
2 24.0127 51.1895 1.28099
3 58.0579 12.716 -2.42854
4 26.2986 26.1493 1.91726
5 28.744 62.3019 1.54546
6 40.3545 40.42 1.1571
7 3.54217 2.66471 0.26861
8 51.0427 9.50641 -2.3162
9 55.1587 15.8794 -2.43766
10 53.7303 0.679929 -2.75933
11 100.395 94.669 0.220237
12 60.0287 17.8712 -2.17837
13 50.8057 78.8153 -0.630832
14 28.3379 28.5149 2.05326
15 58.0311 35.6399 -2.56186
16 56.003 22.9175 -2.66043
17 26.2914 19.2506 1.46193
18 30.9179 41.4542 1.71336
19 11.3674 86.1586 -2.48605
20 57.3691 11.639 -1.89724
21 39.4325 39.7527 1.37894
22 39.9642 2.737 -2.24384
23 28.6462 23.1695 1.97205
24 6.5045 29.8925 -1.76914
25 25.2351 66.8815 1.20805
26 28.9131 62.1671 1.73782
27 5.53486 90.9384 0.147937
28 47.9396 46.7512 0.899348
29 29.7104 21.5983 2.04268
30 26.3934 55.1657 1.70525
31 21.8021 6.35331 0.432618
32 54.1496 6.91669 -2.25977
33 25.1897 50.0892 1.8021
34 41.5163 6.05898 -2.11668
35 39.2173 56.8934 1.73101
36 99.6487 96.2031 -0.23884
37 38.3306 46.5316 1.6064
38 11.2818 62.4457 0.485789
39 23.8166 24.0729 2.10387
40 45.933 99.2333 -3.0143
41 52.9066 80.3817 -0.63169
42 48.7228 15.2861 -1.76266
43 88.4502 86.6484 2.05803
44 28.2945 49.0716 1.66898
45 53.7655 21.09 -2.27246
46 42.9691 16.2874 -1.86319
47 22.6489 14.2227 2.07725
48 44.8211 9.62857 -1.53594
49 26.0882 62.0254 2.03717
50 56.2506 12.3102 -1.71499
51 42.9969 20.5805 -1.93202
52 5.09374 27.8182 -2.28688
53 99.9042 95.785 0.238058
54 32.1601 29.0217 1.45034
55 27.8351 77.1043 0.985388
56 34.4814 31.0461 2.06638
57 39.3289 64.8768 1.81981
58 31.4901 34.3634 1.8663
59 25.16 65.0527 1.21465
60 34.0476 49.7251 1.30615
61 46.9983 12.3758 -2.10997
62 38.1705 59.1817 1.37434
63 26.5245 39.3832 1.59539
64 33.0172 47.1708 1.33921
65 24.447 84.6968 -2.19312
66 34.8715 53.3943 1.39061
67 38.8165 54.791 1.8885
68 21.1667 80.6718 -2.36251
69 38.6768 59.7803 1.07239
70 38.5515 43.4282 1.62926
71 28.4513 67.2196 1.82826
72 31.6789 49.4155 1.70999
73 44.2624 45.1824 1.42761
74 33.1396 61.3448 1.38612
75 56.4904 61.9098 -1.3434
76 37.5857 61.8115 1.84867
77 36.1512 43.893 1.34336
78 26.4324 55.2049 1.56474
79 32.3611 37.1034 1.65534
80 34.2178 66.1427 1.36297
81 34.6212 52.4679 1.22296
82 16.2868 77.1416 -1.6338
83 29.5754 33.6213 1.89624
84 28.9206 73.9718 1.45031
85 31.8496 64.65 1.31877
86 36.2766 68.435 1.52943
87 19.5809 78.5218 -1.85462
88 7.39649 84.56 -2.43321
89 32.1179 62.4714 1.21347
90 56.5217 58.36 -1.10065
91 20.329 5.8951 -0.329076
92 19.9235 76.2989 -2.03727
93 31.5944 30.9651 1.32507
94 47.336 5.8137 -2.00434
95 44.1212 50.6836 1.73453
96 34.8749 44.1261 1.52392
97 39.3763 48.1876 1.17323
98 32.2594 62.3239 1.1565
99 59.2854 4.04952 -2.48816
100 6.79231 26.7036 -1.88759
101 31.5503 42.3663 1.69605
102 50.8266 11.5601 -2.06726
103 29.0886 66.2202 1.69852
104 44.9156 13.8295 -2.16775
105 55.1338 57.9951 -1.18304
106 34.8557 31.1304 2.00579
107 46.3776 46.6698 1.40433
108 46.1485 18.7885 -2.3328
109 35.4968 34.0593 1.54302
110 62.9578 10.5372 -2.52617
111 39.6801 46.4117 1.66472
112 56.226 10.5873 -1.98241
113 43.1672 40.1601 1.61124
114 61.0164 42.9421 -2.76658
115 40.8838 52.9888 1.2636
116 31.4929 56.11 1.90682
117 26.905 69.6983 1.55998
118 59.4406 15.5106 -1.84098
119 31.1119 29.6427 1.283
120 26.5627 67.0107 1.91303
121 51.4373 10.1656 -2.54972
122 45.2154 8.29987 -1.72729
123 28.7035 41.1531 1.77971
124 46.1464 80.0413 -0.649454
125 26.3409 82.4288 -2.09064
126 7.59317 3.68175 0.0775448
127 48.6849 80.7497 -1.06778
128 6.5102 30.5868 -2.19329
129 49.8405 40.4234 1.64246
130 48.0656 51.4397 1.21492
131 52.5293 -0.259751 -2.30213
132 81.0553 63.5067 -0.479039
133 79.848 67.6882 -0.456781
134 28.0666 61.0917 2.06033
135 40.9338 45.2688 0.911452
136 32.6565 59.8509 1.20152
137 40.3942 45.0257 1.44008
138 46.9167 7.73722 -2.08311
139 31.4426 69.8889 1.55778
140 49.9844 13.4473 -2.22668
141 26.0543 84.4002 -2.09028
142 31.2134 33.776 1.91768
143 55.846 20.3952 -2.40885
144 37.6757 48.2003 1.22604
145 46.3557 42.7736 0.932555
146 49.4437 48.87 1.15387
147 22.6498 49.1239 1.51451
148 46.7013 50.7795 1.74809
149 35.216 52.6494 1.68889
150 49.1737 13.8764 -1.73232
151 42.685 54.263 1.67749
152 35.0372 61.9448 1.91778
153 44.7486 15.0249 -1.70112
154 55.4773 22.2287 -2.25856
155 80.2985 67.3433 -0.552165
156 53.2012 11.6533 -2.07697
157 49.4801 22.3691 -2.41119
158 28.0428 63.4622 1.99913
159 55.3732 32.3356 -2.58615
160 27.6759 53.7529 1.87661
161 8.8516 7.04768 0.440723
162 55.4618 14.7125 -1.77045
163 23.0333 78.6212 -2.15704
164 46.4379 64.4576 -0.136441
165 37.406 56.457 1.90232
166 21.3011 81.6305 -1.7147
167 41.5277 48.4669 0.994389
168 31.4454 41.0755 1.86312
169 6.79683 21.9696 -1.83457
170 23.5799 46.9879 0.97661
171 38.1644 40.6742 0.738845
172 44.7689 44.0999 1.45946
173 50.9046 13.872 -2.45156
174 27.0776 61.0657 1.51471
175 14.3799 9.97594 0.268208
176 57.1289 36.3574 -2.00712
177 31.2102 67.262 1.30575
178 5.83427 23.3057 -2.1589
179 46.8647 46.7701 1.60104
180 43.0879 41.8001 1.43439
181 54.2979 16.9481 -1.98712
182 35.4409 31.472 1.16841
183 65.2588 7.72091 -2.09872
184 21.3465 69.8569 1.8159
185 77.5723 71.1728 -0.858231
186 45.79 6.78033 -1.64594
187 55.7951 10.8278 -1.71087
188 24.6478 35.0017 2.175
189 27.4481 55.1727 1.45452
190 25.6823 60.0149 1.66202
191 37.224 50.0403 1.32505
192 34.2634 63.0688 1.13015
193 41.8193 11.5707 -1.56562
194 31.7211 61.9685 1.18151
195 36.7267 41.993 1.52552
196 25.8024 62.2678 1.8632
197 37.2848 68.5962 1.03512
198 18.4765 74.6935 -2.26047
199 28.1468 62.4153 1.37079
200 39.8824 43.6386 1.28354
201 22.6638 21.9099 1.33126
202 3.96672 28.9405 -1.96203
203 51.2915 31.1766 -1.53542
204 27.2842 60.9065 1.6173
205 45.1529 46.2123 1.03221
206 32.9067 67.7758 2.0097
207 24.7275 67.3424 1.90829
208 22.8453 69.6864 2.07037
209 61.1186 12.3454 -2.14424
210 32.1816 45.5401 1.83225
211 44.9345 2.69501 -1.9869
212 80.6454 66.0126 -0.905217
213 44.2074 56.4645 1.36646
214 27.2391 35.6934 1.37554
215 44.4251 42.5652 1.2643
216 52.9415 24.3309 -1.98971
217 39.8492 39.7086 0.788946
218 48.2622 25.0113 -1.68927
219 27.8753 18.7543 2.1742
220 41.3288 46.698 0.97295
221 47.5269 23.1063 -1.72226
222 35.1826 47.7692 1.3247
223 56.8384 63.9701 -1.32566
224 56.5547 10.8805 -2.18059
225 2.29521 95.4544 0.0423652
226 52.1049 16.7685 -2.30557
227 46.1339 11.0739 -1.70731
228 38.6441 68.8403 1.32968
229 50.6195 17.1089 -1.96581
230 52.0883 79.4646 -1.14984
231 32.4408 47.7963 1.69972
232 19.0898 5.03739 0.330789
233 28.8279 67.6347 1.54824
234 26.5565 63.7136 1.63096
235 34.5605 28.5142 2.01547
236 52.1361 12.006 -2.06606
237 28.7168 53.8399 1.8214
238 31.8702 27.1644 1.85209
239 25.6828 29.8542 2.16424
240 60.0978 17.0209 -1.78259
241 31.7826 51.0248 1.28741
242 46.5401 20.2025 -1.6111
243 40.7817 42.954 1.25472
244 9.13221 3.88327 0.42332
245 45.5029 20.9047 -1.62266
246 51.6414 3.27931 -2.02885
247 48.4725 82.855 -0.397421
248 29.0926 32.9304 1.62642
249 28.6012 57.7424 1.62424
250 99.8212 90.9514 0.669007
251 24.8752 54.9282 1.1513
252 3.57701 0.886862 -0.221649
253 83.9393 93.7087 0.642377
254 51.4208 0.378463 -2.70576
255 35.955 53.3794 1.10112
256 47.9799 18.7613 -2.08947
257 48.3966 6.46445 -2.0965
258 53.512 12.706 -2.2258
259 36.7146 30.5382 1.47949
260 28.4613 61.148 1.94932
261 30.5411 32.8745 1.97907
262 53.4861 17.433 -2.3622
263 30.3837 73.5007 0.963116
264 26.5733 50.7196 0.967078
265 34.2659 64.6173 1.23221
266 30.5878 65.6533 1.49486
267 32.999 46.2662 1.13864
268 28.6211 4.53151 -2.39645
269 100.331 91.4542 -0.0617698
270 31.7159 34.3138 1.49238
271 35.7059 31.1557 1.13907
272 41.8408 66.6348 1.0045
273 27.3844 64.3702 1.54363
274 32.1625 70.5864 1.70213
275 48.4878 12.8118 -1.83218
276 30.3727 61.4417 1.5523
277 44.3962 45.6008 1.06669
278 25.7344 44.9231 1.50901
279 48.3545 22.1341 -1.68082
280 30.4331 32.3342 1.38069
281 47.1648 9.62523 -1.68587
282 32.2058 29.4943 1.55255
283 39.4164 53.2603 1.89602
284 31.3229 53.8963 1.0304
285 38.8032 44.2873 0.896512
286 47.9499 81.4946 -0.585596
287 46.0013 5.52663 -2.57648
288 60.5455 8.02636 -2.10473
289 28.9288 48.8133 1.18205
290 41.1681 12.092 -2.19456
291 29.0603 45.8879 1.41861
292 90.8779 87.8716 1.42089
293 30.7906 70.5827 1.6776
294 33.1073 27.1095 1.37297
295 5.0441 2.25611 0.117247
296 22.4563 69.8936 1.67717
297 54.195 15.4637 -2.1157
298 30.7588 47.2863 1.30866
299 40.7361 47.935 0.879036
300 32.9 65.9904 1.78337
301 35.6953 50.9645 1.76582
302 14.5452 61.7788 0.970988
303 45.9451 9.01506 -2.05038
304 26.6921 41.7346 1.71061
305 28.239 56.5797 1.92829
306 0.890556 96.5184 0.205825
307 26.9764 52.7962 1.68123
308 31.4726 33.3401 1.15586
309 29.718 69.0288 1.98053
310 2.95228 94.6737 0.200527
311 54.9783 78.3363 -0.934008
312 45.3085 21.1027 -1.85817
313 42.7454 54.8821 1.3582
314 52.5839 32.9367 -1.96777
315 45.2554 12.2121 -1.50422
316 41.121 43.5015 1.63653
317 32.7396 36.6936 1.10203
318 58.9146 18.8024 -2.10409
319 36.1924 49.3466 1.48015
320 38.406 46.0158 1.04116
321 26.8478 18.2629 2.31641
322 39.9582 44.642 1.05492
323 31.3448 37.2602 1.67126
324 29.4671 53.9931 1.97945
325 51.2654 17.252 -2.07016
326 51.3631 1.26081 -1.92153
327 30.3334 66.7197 2.11015
328 21.4966 71.3925 1.80642
329 56.2448 7.8047 -2.4295
330 43.9859 52.7207 1.37994
331 80.487 65.2461 -1.03959
332 55.8491 7.07949 -2.02259
333 13.7303 77.3751 -1.88409
334 25.1719 26.1873 1.77494
335 39.4348 48.1359 0.887069
336 40.4973 46.3914 1.66231
337 26.9404 28.7832 1.9077
338 49.1096 16.5197 -2.08588
339 47.427 3.75355 -2.61994
340 34.2912 41.5749 1.34856
341 26.0314 34.7436 2.10411
342 32.156 42.3918 1.01786
343 51.0737 22.0836 -2.31776
344 48.6871 9.6419 -2.07628
345 91.5569 85.0699 2.20253
346 54.7505 81.7928 -0.719605
347 28.6274 62.2128 1.52256
348 26.7573 34.1662 1.15238
349 27.3937 57.2095 1.5218
350 47.2676 17.7767 -2.01011
351 52.453 12.7987 -1.79756
352 28.4944 45.1759 1.03025
353 57.9819 61.0028 -1.35769
354 32.1223 63.7441 1.29537
355 53.9705 2.43486 -2.65185
356 58.2069 5.47777 -2.35875
357 83.6342 68.1351 -0.430948
358 33.4437 35.8891 1.80304
359 26.9046 68.4667 1.56661
360 54.2737 28.2971 -2.38688
361 25.4818 62.0667 2.12078
362 35.4235 43.7713 1.25148
363 35.9701 65.3192 1.53439
364 25.7807 50.6206 1.6994
365 42.0979 16.3285 -1.71528
366 41.7736 42.359 1.30834
367 46.1505 46.326 1.0343
368 48.2237 48.2828 1.51549
369 90.0338 83.0363 2.17297
370 60.8716 20.9937 -2.54612
371 36.5469 52.9073 1.07112
372 34.9952 27.3616 1.28657
373 42.0255 44.069 0.905508
374 26.9592 52.9293 1.28716
375 39.7056 15.9463 -2.20557
376 35.9401 33.5312 1.54557
377 40.7097 51.5691 1.37109
378 41.9704 20.0699 -2.09575
379 41.2016 48.926 1.77407
380 50.5806 14.9195 -2.24149
381 32.1239 61.1105 1.20225
382 36.2674 40.9019 0.975939
383 9.39353 24.3704 -2.57229
384 28.012 71.6127 1.88755
385 4.70091 94.9668 -0.189208
386 98.4843 98.5235 0.686102
387 29.9326 65.501 1.29344
388 53.8857 17.0145 -2.4726
389 24.7766 64.6678 1.47337
390 29.9345 45.5858 1.23535
391 31.9133 32.8059 1.58468
392 6.99429 60.4683 0.553143
393 50.032 20.0894 -1.79414
394 38.5966 43.1326 0.84379
395 34.1123 37.5332 1.69567
396 26.5129 17.5807 1.61288
397 38.5918 53.5197 1.75272
398 57.822 -0.198174 -2.18791
399 35.8688 55.1293 1.73347
400 27.0297 29.3664 1.68666
401 21.6684 79.9028 -2.16955
402 35.6876 65.3399 1.28886
403 35.7111 40.1584 0.910505
404 33.0294 68.1028 1.8236
405 26.188 45.5066 1.03
406 48.6258 79.2629 -0.894385
407 37.4864 42.5577 0.697929
408 43.1329 42.7506 0.733066
409 42.8002 45.8005 0.93034
410 26.4781 29.9328 2.09347
411 62.9894 40.9249 -1.88659
412 39.1636 63.7551 1.16283
413 30.6955 32.5117 1.59235
414 47.7892 17.5196 -1.70747
415 89.7026 87.6388 2.04898
416 21.7298 67.6803 1.10662
417 28.6604 32.245 2.05811
418 35.0446 46.1838 1.30598
419 20.6977 16.7953 2.39951
420 26.8507 67.9082 1.76446
421 29.8677 43.2449 1.37183
422 33.1575 32.5655 1.80291
423 41.5185 44.023 0.870852
424 56.3362 36.1953 -2.55795
425 38.7304 39.6481 0.764989
426 40.148 50.6864 1.70927
427 24.6892 54.7378 1.35643
428 46.046 16.9762 -2.40633
429 50.5967 16.9395 -1.98811
430 8.9656 7.29915 0.582233
431 41.3813 17.7996 -2.22375
432 53.8503 10.7146 -1.73399
433 42.1206 51.8306 1.2209
434 42.5517 4.54194 -2.65017
435 22.7944 48.9362 1.5114
436 55.7402 17.3246 -1.68751
437 29.4154 66.5673 1.28112
438 24.2835 22.287 1.61154
439 44.2647 47.0373 1.41593
440 35.2941 58.0218 1.59457
441 45.5424 68.1896 -0.232229
442 36.838 44.3365 1.27693
443 31.613 64.6601 1.15037
444 45.3265 18.4712 -2.44546
445 25.3371 59.3218 2.06358
446 49.8343 76.9275 -0.329043
447 52.1077 83.2598 -1.3116
448 60.2838 38.3389 -2.35701
449 32.4351 53.7038 1.32521
450 30.4779 35.4211 1.27084
451 34.3833 64.8848 1.40093
452 25.8901 55.8086 2.02637
453 50.9309 15.1552 -2.29738
454 46.9182 42.351 0.990652
455 16.7013 84.009 -1.48376
456 24.784 28.0003 1.82687
457 34.7577 27.4215 1.41588
458 57.4546 15.423 -1.83036
459 29.529 89.4617 -1.16507
460 26.1908 62.0674 1.78378
461 58.0523 58.5444 -0.709195
462 46.9412 19.9159 -1.86762
463 36.3218 32.809 1.3786
464 49.038 25.2512 -1.93707
465 31.4644 35.6692 1.57092
466 50.7747 19.8232 -1.82436
467 40.3752 44.9987 1.19331
468 24.8595 65.4051 1.96609
469 52.8817 14.764 -2.19998
470 28.8353 42.6894 1.01442
471 47.2238 19.9577 -1.89844
472 45.6446 21.6412 -2.35467
473 44.7484 43.1252 1.51268
474 58.1776 36.606 -2.53126
475 50.7911 79.5684 -0.870375
476 81.0294 68.2927 -0.184549
477 37.0428 68.1461 1.6943
478 18.922 6.34627 0.141105
479 94.1124 85.4588 1.83525
480 32.3437 26.5028 1.71703
481 22.0685 68.5044 1.85973
482 32.1269 61.8638 1.49925
483 32.0996 38.6007 1.06992
484 11.5027 65.835 0.645317
485 14.2798 60.9663 0.422535
486 51.8258 13.5941 -1.967
487 53.6732 24.0672 -1.89234
488 37.0851 57.8895 1.06559
489 20.0052 82.6349 -2.37068
490 3.97986 1.61757 0.236699
491 47.4961 7.73982 -2.15724
492 45.6229 18.9361 -2.34704
493 43.68 8.6094 -2.50376
494 50.0747 3.8713 -2.20929
495 28.0135 68.7052 1.21634
496 36.7479 49.8577 0.897048
497 57.4253 32.1314 -2.30693
498 51.2804 17.3183 -2.33241
499 28.7715 85.9855 -1.90136
