500
Particles
0 28.4827 6.99743 -0.32731
1 54.6414 79.1372 -1.1002
2 80.2835 27.6407 -2.97252
3 5.87829 8.87138 0.0188423
4 53.5944 70.7597 -1.28954
5 80.6701 63.622 0.974289
6 93.6636 67.0515 -2.73021
7 44.8655 53.0746 -1.88196
8 73.9843 16.8948 -1.71426
9 70.2564 24.0608 -1.31911
10 72.2019 72.5077 1.06974
11 91.7584 80.7384 0.646617
12 69.1326 69.7129 0.0876372
13 9.27448 45.9998 2.30602
14 58.1596 53.5772 1.48588
15 80.729 71.5465 1.215
16 7.28942 9.58162 0.440388
17 25.835 38.9595 -3.01175
18 58.6564 68.3421 -1.03725
19 50.9322 86.5961 -1.39074
20 31.1798 62.7481 -1.93808
21 96.7 68.9151 -2.00295
22 64.2894 84.1739 -1.11589
23 28.9301 44.3066 3.01991
24 21.8734 94.5833 -1.85618
25 88.6811 67.7896 -2.20767
26 84.7696 75.0409 0.849197
27 47.6079 50.5604 -1.63896
28 24.5944 10.0345 -0.845011
29 7.64479 12.0523 0.492654
30 73.7223 97.5436 -1.87136
31 53.6802 96.5894 -1.82735
32 30.8452 58.7737 -1.61889
33 80.9558 20.8441 -1.87399
34 27.6483 60.5193 -1.59776
35 25.6107 6.89349 -0.61965
36 1.92892 87.8483 -3.40335
37 69.2441 60.8441 0.922579
38 84.962 23.9709 -2.60844
39 53.6553 87.4951 -0.660621
40 84.4188 27.4241 -2.75078
41 11.3935 48.3406 3.03839
42 68.3292 24.8782 -1.48582
43 79.7043 79.2975 0.757753
44 58.4491 93.6148 -0.95353
45 68.7605 28.975 -1.74517
46 29.2207 11.6609 -0.740232
47 98.6738 95.1285 3.419
48 70.3072 15.9164 -2.1879
49 87.394 63.4204 -2.89191
50 78.8287 17.8679 -1.69177
51 31.0727 14.6898 -0.796021
52 93.1758 62.4715 -2.44514
53 5.11929 87.7494 3.37465
54 75.5436 76.3107 0.970804
55 52.3909 52.5787 -1.26587
56 27.2864 57.9255 -1.5212
57 95.6932 4.5901 0.635583
58 28.1537 50.0661 -2.54744
59 90.8118 69.7331 -2.78892
60 68.3081 60.9551 0.390731
61 67.0933 20.2714 -1.87025
62 24.9115 11.8632 -0.154076
63 53.6231 78.0593 -1.30272
64 57.929 78.803 -0.608139
65 96.5559 57.3557 2.61737
66 64.4599 71.2049 -0.589441
67 28.9608 0.759727 -2.70384
68 95.543 54.9115 3.10782
69 27.8028 15.109 -0.155636
70 92.9098 68.79 -2.00993
71 29.4071 75.5258 -1.03681
72 61.2343 69.4268 -0.498453
73 56.1074 6.69696 -1.23695
74 87.2045 51.3781 2.15803
75 15.0044 23.8652 -0.838461
76 24.6925 16.2718 -0.335881
77 61.4337 66.9775 -0.826391
78 61.2205 89.1866 -1.02942
79 73.5364 51.4702 1.48244
80 23.8959 14.0416 -0.51072
81 68.0438 63.8956 1.03876
82 22.0814 61.6319 -1.74026
83 58.745 63.8123 -0.55724
84 30.6835 39.4479 -3.44413
85 7.63902 66.8435 2.35337
86 19.0549 21.4866 -0.0383968
87 94.7667 46.6676 3.39775
88 92.4394 61.1782 -2.4807
89 83.6086 75.7386 1.26141
90 86.4308 73.9626 0.791436
91 53.3752 95.423 -1.61016
92 51.2831 51.9546 -1.24965
93 27.5034 50.4203 -1.69795
94 31.1471 81.0522 -1.48582
95 25.342 10.128 -0.11613
96 72.092 54.725 1.3427
97 72.7884 60.1528 0.695793
98 84.7459 76.4984 0.334627
99 1.97866 5.56902 0.244347
100 93.5891 61.4913 -2.55315
101 62.0447 58.3096 0.398431
102 74.3007 18.1031 -1.56267
103 3.37675 77.034 2.21617
104 31.3066 8.00009 -0.556641
105 86.2946 74.4278 0.50031
106 26.262 60.9422 -2.0692
107 57.7357 11.3176 -1.94103
108 37.1693 15.3405 -0.574967
109 66.8973 13.5183 -2.32101
110 75.1849 0.416567 -1.87992
111 73.4649 58.5599 0.996995
112 79.3165 16.7591 -1.88578
113 22.5594 45.8069 -2.59789
114 79.7014 74.2407 0.63951
115 48.4959 9.16045 -2.10235
116 68.8293 65.7768 -0.0570714
117 82.5919 75.8119 0.558293
118 7.90295 8.4935 0.625245
119 27.7498 49.0099 -2.18523
120 84.8336 70.0957 0.658679
121 45.8662 86.2697 -1.12205
122 30.5968 80.4333 -0.946492
123 60.8653 62.3075 -0.707175
124 99.1086 54.5026 2.60306
125 93.0908 59.0841 -2.47287
126 55.9611 2.8889 -1.02689
127 97.3423 59.1905 -3.0282
128 18.9355 94.5704 -2.12515
129 31.8188 7.72636 -0.641401
130 28.5671 15.1387 -0.800117
131 70.3931 70.3736 0.873575
132 89.0208 78.9918 0.682885
133 88.2634 79.3772 0.459191
134 93.7946 72.109 -1.9182
135 96.3647 70.7712 -2.67582
136 0.847506 91.2135 2.90677
137 96.6357 72.4213 -2.40949
138 36.8511 88.4252 -0.895325
139 19.6032 14.095 -0.101364
140 74.3675 19.6507 -1.57371
141 92.5759 60.6476 -2.57122
142 92.9315 64.2437 -2.60349
143 74.1078 27.5608 -1.27064
144 72.3428 60.673 1.33944
145 58.6403 9.38679 -2.03102
146 26.9498 13.1813 -0.0152925
147 82.1119 23.2428 -2.28095
148 28.0677 11.7656 -0.198871
149 73.0625 62.4223 0.848536
150 39.2026 11.0932 -0.482177
151 24.0627 10.5326 0.00286262
152 47.8782 82.1448 -0.364243
153 29.2706 8.14285 -0.7366
154 75.1208 27.3316 -1.35928
155 89.6532 85.5268 0.264588
156 72.3935 19.6202 -2.10121
157 64.8216 31.7562 -0.996035
158 94.0178 79.1562 -1.75777
159 73.3945 73.3251 1.0424
160 60.6743 98.6771 -1.00347
161 45.562 90.7159 -0.810153
162 77.2499 20.6679 -2.07958
163 98.7086 50.2013 2.96984
164 98.9356 63.5937 -2.69973
165 24.3186 6.90346 -0.803487
166 94.3804 54.2632 2.49704
167 98.7794 72.4003 -1.83107
168 56.9085 76.4831 -1.27163
169 81.9551 97.3184 -1.36319
170 79.7131 20.0472 -1.79938
171 74.1772 53.5511 1.88848
172 54.1712 10.1018 -1.68847
173 71.9311 20.6839 -1.50237
174 76.4698 64.1609 0.414962
175 52.3808 0.0206323 -1.4954
176 77.8383 71.9955 1.20219
177 7.00219 67.2831 2.68488
178 31.9387 47.9527 -3.34304
179 25.2765 8.9874 -0.53419
180 20.3131 48.5639 2.68493
181 75.5798 23.1159 -2.14038
182 29.9198 54.1005 -2.19474
183 62.1844 33.7826 -1.02633
184 84.8657 69.0188 0.514358
185 11.6275 33.7537 -2.1038
186 30.6596 81.8156 -1.47354
187 77.6196 17.4621 -2.22344
188 53.0594 75.7596 -0.768205
189 63.0847 92.9202 -1.79001
190 65.5894 69.8536 -0.451772
191 75.4949 59.9276 1.06394
192 15.2876 93.6954 -1.99408
193 65.8976 18.1135 -2.33111
194 88.738 91.3618 -0.35138
195 61.8926 66.2604 -0.498787
196 94.7676 74.5844 -2.59766
197 20.4424 19.9126 -0.0719384
198 26.4777 66.2405 -1.60885
199 97.0319 76.3936 -1.8019
200 97.8165 69.1877 -1.90576
201 51.2753 86.8039 -0.944836
202 54.5972 66.2782 -0.709647
203 33.5206 18.0405 0.238611
204 83.3502 61.0706 1.22873
205 59.0683 9.79857 -1.6227
206 92.6875 12.3805 -2.18346
207 90.0909 71.583 -2.7077
208 82.052 72.2284 0.328482
209 73.7093 69.9562 0.905003
210 66.4472 59.5945 0.662284
211 67.1422 74.1715 -0.403668
212 88.0789 79.5876 0.28127
213 27.2274 14.3076 0.0335787
214 59.2582 60.6192 -0.926777
215 16.4013 52.5907 2.9588
216 71.6461 32.4666 -1.76982
217 96.1614 69.104 -2.33427
218 60.7936 30.9884 -1.2075
219 14.9191 29.8755 -1.75673
220 3.17501 64.2274 2.60418
221 38.3244 17.8384 -0.636578
222 68.5593 60.7483 0.384606
223 90.906 17.8 -2.80549
224 5.25267 6.86676 0.478007
225 40.9602 50.2036 -1.51768
226 67.9972 25.4595 -1.19871
227 73.5198 16.604 -1.84845
228 23.3369 19.9553 -0.676199
229 40.8257 15.2514 0.0423397
230 5.37716 49.151 2.50663
231 64.1611 63.762 -0.425384
232 49.8444 91.4982 -0.88292
233 9.51076 54.1146 1.97011
234 92.8312 73.4784 -1.95227
235 27.5618 56.6383 -1.52826
236 75.7661 19.5041 -1.4947
237 62.0675 90.8808 -1.3223
238 31.1947 49.7233 -2.70024
239 54.053 73.2841 -1.54834
240 73.9 66.8704 0.506513
241 60.5462 80.1233 -1.00627
242 32.7611 15.1308 0.138392
243 96.8717 69.9498 -2.3987
244 40.7783 85.612 -1.07517
245 33.6399 14.2543 0.197757
246 38.3922 80.0388 -0.86553
247 0.461995 57.7912 2.70391
248 62.8717 52.7074 0.95426
249 76.9137 60.9489 1.15336
250 14.4484 22.5019 -0.823804
251 86.8888 18.2023 -2.42017
252 40.5807 55.1877 -1.19619
253 15.5198 33.0498 -2.22794
254 67.3183 95.9648 -1.65002
255 71.0212 63.7055 0.857524
256 36.2843 14.6222 -0.172107
257 34.6348 81.221 -1.12466
258 78.3081 18.7184 -1.89287
259 27.5795 61.8832 -2.01146
260 96.4502 75.1522 -2.63879
261 21.2341 42.5186 -3.03789
262 73.4442 25.3964 -1.48481
263 2.86111 67.3595 2.43286
264 73.713 8.64027 -2.73549
265 9.65481 54.636 2.63123
266 13.8577 1.69689 -0.668711
267 58.8669 78.4643 -0.722282
268 75.0744 95.8755 -1.43409
269 96.0344 81.1645 -1.80847
270 27.0388 53.1424 -1.88981
271 28.7365 56.6386 -1.38203
272 23.4409 19.8961 -0.00681635
273 94.1138 73.6532 -1.85323
274 99.4425 79.7534 2.3476
275 41.7604 11.8764 0.127054
276 87.3628 75.7972 0.746617
277 56.8588 9.18704 -1.69612
278 80.6478 14.9383 -2.24907
279 40.8768 20.611 -0.833996
280 71.3974 47.6857 2.40836
281 55.929 3.06957 -0.753648
282 28.5621 42.4938 -3.47107
283 96.5097 74.0646 -1.81557
284 60.9482 81.1373 -1.06151
285 76.7182 53.2849 1.55281
286 0.411899 54.3116 2.50435
287 35.227 81.7711 -1.48206
288 3.69856 7.22129 0.559387
289 86.0401 14.0675 -2.75758
290 69.0926 18.1174 -1.80312
291 54.7943 82.7117 -1.07975
292 80.2475 94.9894 -1.44025
293 3.50536 70.3457 2.87551
294 77.4469 77.7495 0.582456
295 43.0009 57.2782 -1.355
296 82.8088 71.2735 0.313497
297 71.8056 23.4794 -1.56122
298 56.8495 96.9548 -1.59836
299 91.4745 67.8967 -2.14719
300 5.07737 63.9038 2.9204
301 68.3011 63.1804 0.794976
302 83.0383 26.3299 -3.07283
303 74.3467 13.9754 -1.70698
304 57.7246 74.6202 -1.2411
305 64.912 69.3226 -0.349727
306 4.03453 94.9262 -3.30026
307 59.978 94.9656 -1.49698
308 23.8802 46.6357 -3.26041
309 9.02875 1.95253 -0.165409
310 44.1618 47.0791 -2.05511
311 97.309 97.1505 3.01846
312 30.4849 13.3833 -0.0368036
313 20.5335 10.7421 -0.285788
314 9.84983 9.74582 0.647772
315 71.9725 18.7374 -1.78208
316 95.3832 68.9005 -2.50373
317 91.1179 63.0794 -2.3467
318 75.5224 70.4104 1.20487
319 78.7977 56.327 1.42661
320 65.9212 64.1657 -0.0921108
321 98.7692 93.2077 3.39797
322 72.8445 57.9031 1.50734
323 74.0879 50.7392 2.0145
324 61.1977 0.356913 -1.28722
325 65.0861 27.788 -1.65771
326 99.3487 6.89422 0.553837
327 18.1127 12.7821 -0.836696
328 82.1238 72.5104 0.742739
329 29.6916 60.4391 -1.9029
330 26.5842 13.2499 -0.653116
331 89.4713 76.7968 0.127546
332 31.6587 60.1804 -1.50817
333 19.4503 50.0196 3.24952
334 50.5407 78.8822 -0.52438
335 77.8883 57.6097 1.14007
336 99.4483 72.2878 -2.47241
337 55.6248 70.3412 -1.02505
338 68.8046 26.2376 -1.8347
339 99.268 7.95851 0.000134491
340 63.0373 64.1029 -0.798045
341 70.8132 7.27479 -2.98741
342 61.6274 64.936 -0.653058
343 40.394 18.8336 -0.488924
344 75.7735 16.1743 -1.82667
345 80.4903 76.595 0.572517
346 11.5694 48.3332 2.93055
347 86.0701 77.2863 0.953452
348 56.5737 71.4712 -1.26687
349 64.8729 70.396 -0.773807
350 34.6027 11.7051 0.278837
351 72.4879 20.6447 -1.59826
352 57.3827 92.153 -1.0176
353 86.3254 50.2337 2.67351
354 89.8537 55.5829 -2.34634
355 75.0812 72.4161 1.24286
356 3.93484 9.76935 0.20237
357 90.1987 80.2622 0.298299
358 24.6088 45.8793 -3.19837
359 82.4084 70.8969 1.06665
360 75.9245 30.2371 -1.47781
361 76.9774 64.4374 0.672984
362 72.2886 55.69 1.6771
363 21.4824 18.1327 -0.797091
364 84.3452 14.4119 -2.16876
365 29.0896 11.0498 -0.280987
366 96.4308 71.1288 -2.58404
367 61.1537 11.9787 -1.78883
368 26.5644 12.4006 -0.553119
369 80.0249 75.9162 0.882818
370 76.1407 67.177 0.351547
371 70.1644 64.9869 0.325409
372 76.1771 76.7189 0.732827
373 15.9494 48.8935 2.84472
374 58.663 0.0473464 -0.783432
375 29.641 10.8065 -0.856359
376 70.1687 9.61153 -2.35526
377 25.6291 94.1324 -2.19249
378 33.2411 13.7107 -0.621535
379 99.0471 76.206 -2.17004
380 73.7407 23.6368 -1.73929
381 86.5922 82.39 0.155744
382 68.0122 56.7941 1.27657
383 7.95241 8.98725 0.48288
384 90.6024 13.1835 -2.77777
385 44.7643 52.3352 -1.0916
386 37.2617 52.4448 -2.04143
387 4.4776 60.5263 2.3541
388 67.0881 26.8 -1.09062
389 82.5956 65.6351 1.15676
390 58.0823 73.9245 -1.1766
391 26.2652 45.9077 -3.36998
392 64.8467 1.23573 -1.18264
393 62.5216 28.2064 -0.57589
394 95.7989 69.1646 -2.48214
395 21.2133 44.5342 -3.35942
396 6.05068 15.1924 -0.266632
397 78.5706 61.121 1.03881
398 70.6185 68.95 0.875449
399 31.0913 97.0459 -2.17488
400 86.0249 56.0377 -2.42319
401 95.9452 49.9044 2.55888
402 23.5329 16.7592 -0.269957
403 66.0797 56.1662 0.983056
404 93.381 2.28698 0.695201
405 55.3631 75.8979 -0.94517
406 4.78687 47.5275 2.38798
407 93.6686 67.5479 -2.57509
408 14.8697 47.9002 3.40501
409 97.1722 71.858 -1.93156
410 52.6356 75.6019 -1.15676
411 80.3102 74.4774 0.379841
412 23.4817 16.8714 -0.292612
413 17.7876 33.9145 -2.20749
414 38.2523 13.789 -0.580329
415 84.7428 92.9818 -1.35334
416 86.9054 68.0221 0.993576
417 93.0669 63.4367 -2.19127
418 68.9658 58.692 1.35232
419 52.3311 84.7404 -1.23107
420 83.8132 72.2838 0.798208
421 58.3058 69.4764 -0.927905
422 28.4813 52.6336 -2.49395
423 27.8986 78.1812 -1.38586
424 77.8901 73.4219 0.711126
425 94.1701 66.2702 -2.19962
426 50.8764 8.31131 -2.04928
427 60.6722 3.37184 -1.33681
428 32.9369 12.4705 -0.372754
429 37.1197 11.4871 -0.36373
430 40.451 85.4729 -1.23573
431 35.3278 11.0354 0.0037059
432 76.6321 17.8117 -2.41696
433 52.2618 9.63534 -1.71388
434 76.8153 74.2058 0.734695
435 82.2137 17.7238 -2.59425
436 70.6138 25.4553 -1.47834
437 85.3719 89.0309 -1.08657
438 51.7608 88.432 -0.79551
439 55.3179 10.1954 -1.55704
440 90.0576 57.5428 -2.03386
441 95.6736 63.6338 -2.94549
442 71.3727 57.7309 1.21273
443 53.9803 65.9685 -1.16134
444 32.5103 10.573 -0.0724658
445 72.5745 63.1017 0.503271
446 16.8758 37.4311 -2.46317
447 0.983624 55.2608 1.95601
448 81.4051 71.2264 0.544547
449 71.8336 61.5255 0.35398
450 56.9966 74.3249 -1.38388
451 21.8042 14.6345 -0.944888
452 64.2021 67.5899 -1.01239
453 76.3489 21.5956 -1.39715
454 23.513 56.0145 -1.91248
455 93.3607 49.9522 2.444
456 53.8849 70.4863 -0.92948
457 32.1534 46.9957 2.73913
458 31.9664 62.8909 -1.18637
459 28.9626 77.704 -1.02011
460 87.2403 64.1162 -2.18004
461 84.8757 76.8514 0.362109
462 36.4703 13.6285 -0.371366
463 63.2984 10.1376 -2.04563
464 37.9361 20.8983 0.162394
465 26.0089 48.2481 -2.3997
466 70.8274 29.563 -1.18281
467 93.3272 69.433 -2.42249
468 87.7651 67.3168 -2.31483
469 72.0984 24.2967 -1.23196
470 58.1634 68.4342 -0.510725
471 36.9402 16.9116 -0.113675
472 36.4692 17.2786 0.0672015
473 3.84649 55.24 2.18728
474 79.4246 71.06 0.4518
475 8.28571 48.7657 2.62569
476 87.8736 85.099 0.317322
477 94.6211 8.65672 0.606922
478 54.6025 97.8749 -1.46269
479 81.9703 82.3826 0.720553
480 31.5866 47.6112 -3.53839
481 84.1873 69.0651 1.13301
482 86.5052 79.7239 0.443282
483 71.7975 51.6391 2.1195
484 74.6242 93.7335 -2.13322
485 85.5665 22.3604 -2.84523
486 71.5174 22.1871 -1.58047
487 68.8671 30.804 -0.931353
488 24.1831 5.131 -0.764161
489 94.1158 51.7076 2.97336
490 43.3191 56.0489 -1.73179
491 35.6402 83.9298 -1.31325
492 36.6436 15.7418 -0.656019
493 59.1475 6.46309 -1.16977
494 38.2457 81.4293 -1.52337
495 25.1206 96.7779 -1.75199
496 68.3352 64.447 0.858994
497 77.1134 67.0632 0.752139
498 40.3932 15.0901 -0.583383
499 31.1486 75.5716 -1.76351
