500
Particles
0 77.8561 3.27298 2.61504
1 4.37231 81.0371 -2.55809
2 90.3584 40.4774 2.36458
3 57.3907 59.3833 2.28671
4 74.8033 19.5943 2.38579
5 91.1295 68.4057 1.09078
6 91.7055 25.7987 1.78568
7 72.6789 66.5847 1.44822
8 41.1377 24.0678 1.80763
9 28.2831 8.44223 -1.86865
10 96.5739 7.76605 2.4915
11 86.4437 32.777 1.8647
12 91.2776 38.071 2.12593
13 76.1398 6.98825 2.82692
14 79.9383 23.9672 2.20203
15 77.6533 10.594 2.45085
16 8.17881 14.5111 2.10018
17 79.1366 36.5975 2.61786
18 75.7526 30.2417 2.44941
19 39.3424 47.0118 1.47124
20 57.135 60.7628 1.70368
21 90.202 24.0707 1.97163
22 94.7676 17.249 1.77131
23 77.6157 15.1097 2.6825
24 65.1742 63.1444 1.82993
25 81.9374 9.1714 2.11222
26 90.9079 63.1113 0.658619
27 85.8404 30.6897 2.12395
28 89.705 21.3082 1.77409
29 94.091 38.0091 2.50526
30 51.2436 64.9215 2.04944
31 89.9351 17.6511 1.99054
32 31.5339 53.2113 1.84867
33 65.2178 68.8654 1.46012
34 83.3731 7.32449 2.04249
35 73.4448 32.9897 2.12347
36 55.5846 69.7512 1.45583
37 95.5546 34.1095 2.73451
38 85.2714 16.0555 2.09535
39 78.3189 16.154 2.4126
40 87.2465 7.58704 1.95389
41 75.7738 15.1684 2.73025
42 98.7732 9.61278 1.83631
43 60.1357 60.2669 1.60178
44 5.38918 84.9046 -3.38805
45 98.9908 9.1905 1.91368
46 87.1664 13.1519 1.85841
47 88.9504 58.107 1.10539
48 93.9249 12.3541 2.19311
49 80.0582 98.9993 2.59351
50 82.8557 33.5607 1.76301
51 97.0285 18.825 2.16008
52 61.7274 61.9878 1.69098
53 57.9427 69.9845 1.29703
54 79.9548 20.9346 1.9887
55 77.3209 55.6737 2.17328
56 80.6642 22.3557 2.18256
57 96.1323 1.38809 2.57366
58 81.9077 26.5031 2.03459
59 82.0987 10.0954 2.69222
60 83.1189 30.5201 1.93333
61 94.5925 9.64658 2.13045
62 39.4987 20.4942 1.77878
63 10.7793 70.327 -1.55496
64 87.8536 28.2829 2.2809
65 85.7493 59.5347 1.65683
66 79.4225 33.8876 1.72153
67 81.9871 33.6535 2.02741
68 87.5491 56.2188 1.28271
69 0.200696 2.23561 1.79607
70 90.5992 28.9369 2.59952
71 87.8269 12.5371 1.76883
72 80.8822 31.0139 1.69257
73 95.285 31.3554 2.49591
74 94.8048 5.08753 2.07161
75 72.1357 63.2255 2.08338
76 96.8915 4.68769 2.03214
77 93.9829 28.7674 2.09636
78 95.8333 40.666 2.40121
79 82.2937 28.4653 1.95945
80 94.1078 9.89571 1.87387
81 78.7421 32.9472 1.8001
82 65.376 31.4067 2.17526
83 71.2045 25.2665 1.68545
84 77.4331 53.1875 1.40271
85 94.5093 11.6801 2.24059
86 94.9548 8.71172 2.003
87 96.479 27.6543 2.2115
88 79.0483 54.4815 1.98826
89 91.98 3.92731 1.72038
90 62.3951 63.2552 1.76169
91 88.4704 17.2244 1.74963
92 94.4974 25.3211 1.97743
93 71.8947 20.1211 2.58996
94 94.5584 11.0893 2.09232
95 43.7753 50.0774 2.00568
96 88.3423 27.3295 2.17106
97 92.0441 31.0582 2.5135
98 91.3598 4.66328 1.94388
99 93.9975 24.7039 2.06049
100 65.877 63.2529 2.23689
101 78.5298 30.249 1.76948
102 96.6281 8.54399 2.57305
103 83.3143 4.97254 2.09344
104 94.9123 15.1521 2.08106
105 63.2473 64.7176 1.70686
106 80.6489 21.0098 1.77791
107 80.6653 12.298 2.38788
108 91.9079 15.8152 1.87793
109 85.4623 27.968 1.76508
110 75.1991 64.9454 1.7334
111 96.6376 32.7881 2.53172
112 58.1645 58.649 1.46592
113 91.9768 24.5534 2.22195
114 86.3074 31.2482 1.71621
115 89.9848 36.3371 2.41955
116 94.9938 0.659588 1.34633
117 85.8063 14.6217 2.42732
118 44.1747 59.2663 2.56364
119 76.1033 23.6003 1.86462
120 80.8898 6.12258 2.08828
121 86.0466 70.112 1.33027
122 91.3761 11.3534 2.19947
123 68.6142 19.9883 1.79064
124 87.2753 38.8886 2.58274
125 89.6928 51.763 1.35743
126 4.46388 18.3313 -2.89542
127 72.9259 10.7802 2.75906
128 64.9207 62.6115 1.87636
129 84.2166 32.2873 1.88472
130 85.0255 17.9276 2.40754
131 96.5392 7.90886 1.84029
132 93.5303 53.5371 1.4202
133 92.0673 57.1369 1.85701
134 78.7876 96.7784 1.90117
135 94.5797 29.7712 2.44965
136 93.7466 2.82444 2.0497
137 90.0323 28.1742 2.2282
138 96.2122 10.8463 2.58207
139 82.7395 5.50967 2.71073
140 98.2463 8.50762 2.31737
141 83.0828 55.577 1.63751
142 73.1095 23.6189 2.08158
143 35.0777 29.8567 1.65932
144 88.0277 28.4213 2.25322
145 83.5612 34.4784 2.35491
146 80.6461 10.8202 2.57895
147 63.4114 68.5838 0.951548
148 96.3164 31.0913 2.42478
149 75.5701 33.075 2.40067
150 97.7329 9.81071 2.57122
151 34.3009 51.9396 1.37846
152 95.8172 5.15619 1.90212
153 94.1585 15.8337 2.50095
154 11.9391 14.8902 2.12522
155 90.9189 58.8816 1.51673
156 44.7765 24.3034 2.10643
157 26.8118 36.4384 2.76263
158 89.5993 65.0061 0.856497
159 34.728 33.7032 1.61464
160 61.2339 70.6428 1.15866
161 37.1271 34.7517 1.47085
162 76.6605 33.6734 2.17063
163 78.6749 51.7885 1.44205
164 86.7573 60.8062 1.22025
165 70.6935 30.8959 2.3352
166 79.5282 53.7258 1.24244
167 97.2872 31.6601 2.10223
168 82.1923 29.73 1.92985
169 86.3944 59.4987 1.37534
170 38.5878 65.7831 -2.56191
171 90.2674 25.7684 2.52212
172 77.7979 7.24066 2.04196
173 98.2655 6.79129 1.88911
174 88.64 64.5125 1.32086
175 92.5499 49.2507 1.70032
176 91.2112 40.8177 2.35889
177 85.335 4.72938 1.73528
178 63.6679 61.3569 2.35023
179 87.4984 20.1407 1.71004
180 91.4562 26.1747 2.02162
181 37.2472 28.6755 1.69958
182 83.7822 23.3972 1.6153
183 75.1565 0.720623 2.11469
184 94.9869 25.1784 1.87172
185 89.5548 59.0344 1.53866
186 95.8129 13.4693 1.89583
187 47.3465 56.4523 1.98526
188 69.4315 10.2602 2.7772
189 87.4024 36.6407 1.75631
190 90.2924 64.3157 1.55376
191 91.1781 33.7032 2.65134
192 90.99 99.934 1.69244
193 96.7442 21.3732 2.47687
194 90.6826 7.00267 1.70463
195 88.5356 25.4611 2.42958
196 82.1225 3.23393 2.37546
197 95.5685 8.91119 2.09976
198 93.5986 25.5376 2.0935
199 11.9087 63.6297 -1.389
200 94.2445 27.7883 2.0652
201 93.4425 34.8787 2.18644
202 60.9555 63.0534 1.32191
203 38.112 35.7575 1.08184
204 91.5377 62.1832 1.47409
205 97.3635 31.2554 2.85412
206 89.1269 7.59023 1.93154
207 83.8172 12.6351 1.78563
208 68.5345 34.9827 1.91411
209 45.3001 58.4668 2.12209
210 82.3369 31.7529 2.54684
211 94.3551 12.9047 2.6702
212 91.3362 55.5127 1.78912
213 35.3546 50.5237 1.71604
214 69.4917 8.01304 1.94238
215 83.0691 16.7476 2.45128
216 99.1443 11.4559 1.96922
217 88.3059 24.598 2.30035
218 81.7829 41.2088 2.63466
219 80.5946 37.4102 1.75683
220 94.6168 31.4996 2.03919
221 98.7779 21.5738 2.06411
222 94.4943 32.9159 2.03081
223 67.9149 65.5717 1.20066
224 55.4357 59.7665 1.83601
225 90.9895 37.6539 2.45022
226 11.171 11.8041 2.34826
227 95.9122 14.982 2.35095
228 95.7435 9.33623 2.65327
229 96.9902 9.37876 1.94416
230 74.6533 9.57792 2.22119
231 84.5086 29.768 2.03802
232 94.1296 21.7069 2.44728
233 86.6108 10.7203 2.219
234 82.6165 5.74984 1.80841
235 80.7514 20.9039 2.20501
236 9.04783 9.5534 2.5653
237 89.7342 39.1454 2.37701
238 82.5854 22.5457 1.56954
239 72.6594 23.1373 1.88971
240 86.7925 30.4386 1.73901
241 44.5636 22.9172 1.86013
242 97.6157 15.747 2.07979
243 94.3781 27.7625 2.12483
244 36.5741 35.6927 1.56142
245 96.4888 18.3248 2.42907
246 96.3014 11.3429 1.86357
247 89.9017 62.3207 1.15628
248 77.1512 23.393 2.30802
249 92.7803 2.88619 2.23142
250 84.5893 31.2217 2.13786
251 84.5896 36.8478 2.25358
252 71.6574 65.7254 1.44391
253 53.783 61.2421 1.77025
254 96.9937 7.47145 2.67624
255 77.5134 32.4316 2.42243
256 98.2896 15.039 2.29156
257 94.3756 8.88601 2.50258
258 44.0322 27.961 1.86891
259 81.6553 22.1107 1.72069
260 93.0109 66.8209 1.54621
261 76.981 25.0848 1.65218
262 98.5735 9.07992 2.28964
263 93.8269 21.1981 1.81358
264 62.7175 69.5207 1.46908
265 94.2042 7.17404 2.29005
266 85.5057 2.45487 2.23944
267 86.4066 29.3557 2.11763
268 80.5108 6.50805 2.0891
269 84.5093 32.4903 2.25984
270 82.7356 25.5057 2.07392
271 84.0378 24.4213 1.86909
272 31.4956 49.0432 1.47859
273 84.1917 7.67618 2.61218
274 88.2547 14.6613 1.92513
275 96.2603 9.23816 2.55733
276 87.4126 0.756945 1.60712
277 94.5527 25.0347 2.61814
278 0.729563 82.5134 0.401201
279 97.7127 16.3706 1.70296
280 84.5007 26.2863 2.00419
281 96.4565 13.5446 2.67279
282 78.5884 22.952 2.50223
283 1.63244 32.9812 2.55269
284 3.36876 3.74014 1.69363
285 91.5983 28.3818 2.38595
286 72.7083 13.447 2.73817
287 94.179 11.0375 1.90981
288 52.0006 51.7569 1.74989
289 3.17268 4.21676 2.25929
290 88.1705 11.5678 1.77053
291 70.1382 94.8182 0.891001
292 90.3023 57.4066 1.50408
293 85.9757 12.9084 2.53874
294 82.5237 21.3604 2.19667
295 88.1379 23.4619 2.44067
296 97.566 26.3173 1.93304
297 1.99501 10.1117 2.93926
298 50.5089 23.6818 2.43429
299 93.3511 34.4139 2.78173
300 88.3153 7.63832 2.1389
301 81.4508 32.0656 1.76094
302 80.2136 5.2053 2.16125
303 95.9619 12.1197 2.39019
304 7.18014 72.9057 -1.20125
305 86.3827 35.7505 2.43009
306 59.0043 65.7374 1.59134
307 89.2176 36.028 1.71853
308 77.4595 27.7325 1.66351
309 86.9928 14.683 1.66595
310 62.3281 67.2715 2.0103
311 80.3383 16.0851 2.46088
312 96.2157 18.9935 2.25066
313 37.1187 51.2755 1.53625
314 79.8969 35.7124 1.90605
315 95.2303 14.6654 2.35842
316 93.2749 24.3695 2.35165
317 83.2839 27.2994 2.28773
318 90.2624 37.2483 1.967
319 93.7139 34.2585 2.5007
320 93.8179 31.5963 2.49295
321 79.3196 35.7847 1.96083
322 96.6745 28.96 2.13482
323 80.3572 27.4495 2.52303
324 8.56956 33.6983 2.9174
325 99.3423 12.1082 2.73627
326 94.9243 7.05119 1.8742
327 86.6137 8.54371 2.44979
328 0.241622 28.7875 2.78144
329 55.5049 55.0765 2.23158
330 36.2432 49.7153 1.36532
331 69.4572 69.5287 1.92118
332 38.9584 51.3075 2.18534
333 95.3406 26.7074 2.53984
334 76.4429 17.2887 2.04624
335 91.4536 33.5216 2.28129
336 96.8742 31.5798 2.06135
337 74.9093 20.8474 1.99421
338 99.2483 12.3422 1.7216
339 94.0133 10.5388 2.43481
340 76.4752 5.30615 2.13215
341 73.3142 26.5887 1.71961
342 80.8867 29.5184 1.81711
343 98.1999 12.5364 2.07316
344 97.5147 11.3323 2.62284
345 74.3307 59.5728 2.09178
346 76.298 16.1567 1.86559
347 92.2083 67.5239 0.941232
348 69.6896 11.5179 2.06168
349 90.2514 61.9969 0.937677
350 96.4169 15.593 2.26023
351 38.5327 24.9465 1.42642
352 7.03504 81.8517 -3.27739
353 66.6213 64.6986 1.83597
354 89.3547 1.12842 1.97982
355 96.5787 4.61226 2.58862
356 97.145 27.7612 2.4763
357 89.4674 60.6946 1.51404
358 84.8283 26.7714 1.64351
359 82.6081 9.41753 2.346
360 78.2995 37.6607 2.17886
361 78.905 98.733 2.2253
362 88.1115 26.3836 1.69906
363 95.6469 9.53023 1.96209
364 67.1614 70.0288 1.25302
365 90.7009 17.7901 2.29578
366 92.0998 26.9417 1.87916
367 96.2766 32.2302 1.89777
368 78.0277 8.11866 1.87268
369 39.8909 49.4728 1.35544
370 55.4822 62.729 1.63321
371 78.2744 32.241 2.3038
372 85.1665 21.745 1.90128
373 94.101 29.9203 2.22275
374 83.8374 34.8463 2.0899
375 96.7433 23.683 1.63822
376 87.6747 26.2553 2.03884
377 32.0997 51.4338 1.72557
378 88.4688 14.2148 2.65153
379 95.0838 34.4906 2.37844
380 96.8029 9.19945 2.56474
381 0.297803 39.9692 1.57021
382 90.169 26.3463 2.25287
383 81.2091 57.3941 1.68271
384 94.132 22.5006 2.10552
385 70.281 67.2919 2.07908
386 55.1135 68.4382 1.57733
387 80.1206 98.8596 1.99336
388 0.324855 9.20383 2.35672
389 82.9317 9.88536 2.58794
390 71.0086 28.3969 2.05632
391 80.2208 26.7144 1.58024
392 81.2091 6.36729 2.70497
393 98.9407 14.6144 1.98428
394 88.8331 27.7262 1.66829
395 84.0744 27.0862 2.13587
396 81.6127 36.3753 1.76854
397 86.9354 30.7614 2.46412
398 36.7696 49.5005 1.7331
399 46.4554 22.8827 2.50088
400 72.7881 21.4754 2.25376
401 42.7259 48.7485 1.43815
402 92.6857 4.49745 2.03938
403 90.4286 24.6525 1.73465
404 90.8984 11.0556 1.86589
405 4.93538 81.2026 -3.13603
406 75.2565 6.71607 2.21385
407 91.148 28.4224 2.15585
408 82.8138 16.6151 1.79377
409 1.10416 31.2938 2.48245
410 75.6722 24.0232 1.93939
411 87.7229 32.8205 2.57674
412 -0.143162 6.25171 2.00737
413 73.7058 23.9314 2.54294
414 97.9356 14.2849 1.70339
415 85.4267 57.9764 0.989329
416 95.2899 25.0676 1.72869
417 71.7813 21.5907 2.20577
418 84.1857 31.9065 1.72194
419 75.1084 56.2512 1.88518
420 84.9816 10.1989 2.52923
421 81.8932 30.3695 1.88669
422 80.3607 24.1704 1.64347
423 94.8292 29.0968 2.13576
424 79.5068 35.6018 2.07231
425 89.6102 21.5766 2.36458
426 4.0697 28.4348 1.92596
427 83.5493 35.2317 2.3174
428 92.1001 12.6375 1.86957
429 97.8899 11.0861 2.08516
430 33.9277 31.2826 1.40978
431 96.6345 22.5559 2.15725
432 76.9577 33.1883 2.0884
433 1.87374 29.249 2.68168
434 87.9433 9.92222 2.54532
435 69.8043 67.6236 1.61578
436 37.2148 30.3715 1.74492
437 83.0208 5.10704 2.53169
438 94.4773 40.0472 2.35851
439 95.7551 33.4304 2.41392
440 97.8959 4.16485 1.89892
441 73.2489 7.74006 2.43572
442 90.1716 31.1301 2.65135
443 10.7007 66.5948 -1.10915
444 95.8538 19.8112 1.77272
445 88.4157 66.8376 1.24577
446 74.2233 66.9972 1.85396
447 76.0095 13.4075 2.03458
448 86.5356 25.8799 1.83451
449 1.24456 4.65976 2.00046
450 77.2119 28.2019 2.00897
451 90.7215 5.23678 2.28649
452 83.4218 36.3741 2.62793
453 97.3615 6.70793 2.6298
454 85.5111 33.3823 2.33569
455 82.0528 58.2951 1.21422
456 71.0672 19.0458 2.14576
457 81.5491 22.3158 1.80689
458 85.1036 20.0842 2.22553
459 91.3112 56.9392 1.36141
460 84.1193 6.91854 1.82196
461 59.5115 62.7886 1.35572
462 96.6248 17.3466 1.6259
463 85.0897 25.0712 1.75235
464 0.935296 22.6207 2.92434
465 78.854 26.5438 1.756
466 98.469 11.8396 1.75237
467 97.0229 31.2612 2.30124
468 79.1027 6.37773 2.75175
469 39.527 26.1543 1.1239
470 7.45106 78.6635 -2.54867
471 90.6297 13.0917 2.06612
472 97.4816 18.7632 2.36431
473 94.5084 24.6448 2.61043
474 15.5424 61.8097 -0.878607
475 76.8557 10.3073 2.35973
476 89.7631 61.0814 1.64419
477 95.878 9.4208 1.91397
478 73.4399 38.1702 1.40902
479 72.9732 58.517 1.60173
480 81.7871 16.812 2.48534
481 99.1763 27.2758 2.17412
482 90.5988 2.05007 2.14654
483 74.9128 28.6676 1.5609
484 81.0108 11.9081 2.42289
485 76.269 99.5527 1.82615
486 99.0562 7.62635 2.68317
487 99.0296 12.6662 2.32393
488 42.3431 22.2546 2.38132
489 73.0362 56.3497 2.03731
490 73.6284 64.0814 1.46344
491 94.739 9.5471 2.27263
492 97.7027 21.4055 1.80723
493 93.9862 14.9539 2.58968
494 94.3579 6.29272 1.98326
495 86.25 13.8337 2.36134
496 87.8128 30.3261 2.59995
497 81.8405 31.3652 2.21292
498 0.653487 9.35732 2.49475
499 92.3203 44.6491 2.32015
