500
Particles
0 43.2923 1.90135 -0.00808783
1 67.7181 72.5619 0.173764
2 74.4515 13.8266 -2.26352
3 15.5931 21.1246 1.21902
4 65.8691 62.4758 -0.311337
5 86.4287 77.5019 0.441161
6 81.8361 67.6836 2.02175
7 40.0801 38.3904 -2.07231
8 69.6413 2.13393 -1.76945
9 66.2069 8.81954 -1.36343
10 81.843 85.042 0.839668
11 6.12029 85.4068 0.310304
12 80.8767 79.9334 1.19187
13 93.786 46.0659 -2.67883
14 71.6479 61.0484 0.813108
15 89.5949 84.5865 1.22806
16 18.559 20.4216 1.19033
17 13.8913 30.3488 -2.48779
18 72.7235 68.6087 0.630082
19 56.8258 72.337 -1.30689
20 22.7159 50.0622 -2.35181
21 85.5128 64.8426 2.10779
22 77.476 83.2999 0.60184
23 15.7321 36.0734 -2.1655
24 14.8674 80.9176 -1.56837
25 89.5559 80.341 0.937759
26 94.9526 87.4174 0.918427
27 42.0147 36.3128 -1.64363
28 39.4748 5.08321 0.00716059
29 14.6844 25.5688 1.03826
30 78.9856 90.179 0.466641
31 59.7237 81.9276 -0.956869
32 20.2561 47.579 -2.697
33 75.535 5.99797 -2.23693
34 17.9511 48.8195 -2.08147
35 40.4545 1.77836 -0.503816
36 8.08011 88.402 0.855611
37 78.9317 72.7022 1.06098
38 79.0312 10.6596 -2.02362
39 60.1814 73.2028 -0.797483
40 78.3171 14.4241 -2.45025
41 95.6548 47.9602 -2.8619
42 63.9643 9.64402 -1.84847
43 89.5091 91.138 1.32335
44 66.7326 80.5384 -0.408259
45 67.1549 13.2276 -1.6861
46 43.81 5.78025 -0.687517
47 90.7297 5.51516 1.30162
48 66.561 0.702888 -2.32242
49 86.8401 75.9155 0.909781
50 72.8359 3.31718 -2.00851
51 45.9392 9.75827 -0.0822431
52 79.4303 57.7649 2.8072
53 6.69183 87.2911 0.524308
54 83.7003 89.6101 0.943113
55 45.9397 39.5018 -2.74245
56 16.4749 47.575 -2.62084
57 10.9427 1.17679 -0.0502176
58 14.2185 42.5534 -2.07882
59 88.4367 79.1916 1.00722
60 79.1588 72.3562 0.858147
61 62.8892 5.00572 -1.84301
62 39.8776 6.94141 -0.140852
63 65.835 70.3619 0.020157
64 71.8877 74.4506 0.224273
65 80.8303 53.9048 3.39356
66 77.8289 77.9724 0.845868
67 29.5277 88.704 -0.914349
68 80.0766 51.241 -3.34715
69 42.803 10.6957 0.206485
70 82.1848 68.8491 1.74892
71 33.392 60.3357 -1.4939
72 74.9151 73.6695 1.42886
73 55.583 90.9773 -2.17176
74 74.9488 42.941 -2.4946
75 29.072 18.4666 -0.74117
76 39.2112 11.1753 0.0782148
77 75.2145 71.0897 1.58758
78 71.7875 78.2213 -0.423412
79 78.5367 65.7083 1.73402
80 39.4626 10.7842 -0.135256
81 79.5201 74.8287 0.634854
82 9.8539 55.523 2.43331
83 72.9489 66.3358 0.99163
84 18.172 31.0895 -2.81811
85 9.36453 80.5344 0.676709
86 33.7277 16.1566 0.17008
87 79.3603 43.5688 -2.89641
88 77.8643 59.2897 2.71996
89 93.9373 87.6555 0.951456
90 96.3757 86.3499 1.41601
91 59.815 81.1329 -1.03686
92 44.9136 38.6334 -1.8447
93 13.5274 42.7453 -2.69018
94 37.5212 66.6508 -0.868174
95 40.4081 5.31597 -0.262038
96 79.2088 67.8826 1.00669
97 82.6658 72.0261 0.821216
98 95.627 87.7265 1.44486
99 12.4087 17.4844 1.08953
100 79.4467 57.2915 3.21361
101 75.1457 66.1443 1.00832
102 68.529 3.23852 -2.52806
103 14.6862 75.9704 -1.57044
104 46.4334 3.38631 -0.176169
105 96.2716 86.7273 0.779491
106 15.9158 50.3563 -2.53646
107 57.0857 95.6705 -1.57693
108 51.0074 7.97277 -0.167636
109 63.0816 98.7678 -2.36884
110 80.276 93.4695 1.24689
111 80.9264 72.0087 1.26307
112 72.1403 2.4353 -2.07513
113 7.58796 40.8359 -2.64903
114 87.8582 87.7344 1.03636
115 46.8278 94.6353 -2.17822
116 81.0215 75.5052 1.2467
117 92.1402 87.7447 0.912952
118 18.2647 20.1217 1.18006
119 12.9065 43.3603 -2.90541
120 93.5641 83.5794 1.37641
121 54.1759 73.0306 -0.95972
122 36.7134 66.1194 -0.498535
123 74.2733 66.5026 0.901367
124 84.2797 49.4843 -3.00413
125 78.4757 54.868 3.34963
126 56.3761 87.5063 -1.11985
127 83.5598 52.0754 -2.40336
128 14.0498 80.9465 -0.400926
129 46.475 2.11759 0.057128
130 43.4768 9.7267 0.0767759
131 80.5411 82.0895 0.616643
132 2.07911 87.6304 0.706108
133 100.163 89.6813 1.10051
134 88.1117 76.0023 0.852267
135 84.321 69.1043 1.75965
136 3.92235 97.0637 0.955375
137 85.2423 69.7816 2.00914
138 43.2307 76.3506 -1.50669
139 34.5083 8.36921 -0.812085
140 68.6271 4.83051 -2.47524
141 78.2648 56.0567 3.30293
142 80.3269 62.3292 1.70906
143 68.9584 12.8108 -2.12501
144 81.2406 73.676 1.67512
145 58.7301 93.7609 -2.36478
146 41.8948 8.07379 -0.314215
147 75.0976 9.69304 -1.98779
148 43.3934 7.76175 -0.163756
149 81.6159 75.8114 1.28161
150 53.4203 4.61059 -0.271997
151 38.658 5.29978 0.0820821
152 54.6356 68.5469 -0.494669
153 44.4124 3.395 -0.330127
154 70.9427 12.1023 -2.1516
155 3.53377 92.2199 0.367995
156 69.0432 4.0504 -1.82564
157 63.397 16.0819 -1.6121
158 92.5932 79.2832 0.899881
159 83.9045 85.2622 0.785236
160 68.3272 85.0176 -0.680022
161 54.0844 77.7343 -1.07325
162 71.9262 5.92138 -2.18269
163 84.8326 45.7459 -2.31305
164 85.2783 56.6338 -3.08421
165 38.6611 0.72205 -0.209776
166 78.5277 52.0801 3.45966
167 88.232 69.021 1.3729
168 70.1781 70.7057 0.597045
169 92.0339 100.118 0.80119
170 73.9865 5.34057 -1.97834
171 79.2877 67.7661 1.31791
172 53.4391 94.4444 -2.04766
173 68.2836 5.53679 -1.66606
174 84.5989 77.5514 1.33001
175 54.8172 84.5352 -1.34739
176 86.4477 85.4218 1.35507
177 9.4397 80.8228 0.617877
178 17.9784 41.1607 -2.7822
179 40.2557 4.59724 0.139656
180 5.34523 44.1823 -1.85323
181 70.0637 8.39187 -2.22931
182 16.2704 46.3231 -3.07093
183 58.5178 19.3942 -1.74628
184 90.3812 83.5023 1.21488
185 0.490329 26.4936 -2.64284
186 36.0078 67.1782 -0.701954
187 71.4425 2.94631 -2.05256
188 65.5998 67.7063 0.495234
189 71.4802 80.702 -0.140048
190 77.3943 79.011 1.40725
191 83.5174 73.5079 1.4839
192 11.644 83.7333 -0.664843
193 63.2593 2.73166 -2.16191
194 1.15932 95.1751 1.24183
195 75.2454 70.3621 1.03497
196 89.9977 76.4026 0.656716
197 35.2899 16.3751 0.156725
198 19.1328 54.564 -1.89186
199 91.1012 77.8498 1.28342
200 86.4863 66.2105 1.75872
201 59.2997 73.2265 -1.24668
202 66.788 57.7091 -0.156397
203 48.6763 13.4029 0.184532
204 86.4792 75.8087 0.522664
205 57.2832 94.1707 -1.56216
206 4.76368 4.96373 0.0889469
207 90.4447 83.4086 1.09474
208 89.3168 86.3536 1.0819
209 83.547 82.1277 0.883731
210 77.5242 69.9315 1.6244
211 79.6739 82.5831 0.743802
212 0.23849 89.2725 1.43231
213 42.3119 9.89425 -0.287662
214 72.7414 64.9961 1.03403
215 0.919952 51.3296 2.91651
216 69.4939 16.8984 -1.3411
217 84.5836 65.4372 2.02827
218 56.5574 16.1864 -1.54158
219 3.60521 21.3421 -3.26374
220 93.3159 71.8729 1.53358
221 52.5851 11.3476 -0.0376714
222 79.2205 71.9796 1.59848
223 87.7922 10.5526 1.0524
224 15.249 18.6095 1.46638
225 36.306 35.436 -2.10957
226 64.9988 9.94322 -1.66105
227 69.3575 1.23747 -1.96533
228 38.4073 17.1337 0.0766126
229 55.1837 8.92809 -0.406929
230 90.0721 47.7698 -2.81555
231 76.2972 72.6708 1.38583
232 58.1445 78.1033 -0.827352
233 9.19921 67.4678 0.401517
234 89.7155 79.4653 0.948889
235 15.8528 46.6802 -2.76959
236 70.247 4.47495 -1.94043
237 71.8718 79.0679 -0.873973
238 17.3197 42.1444 -2.03351
239 66.46 65.7934 -0.0812358
240 82.7315 80.0221 1.43525
241 74.2883 76.9614 0.259604
242 47.1478 9.00958 -0.50009
243 85.2656 67.5211 1.90121
244 48.8555 72.4779 -1.70333
245 48.4233 8.20144 -0.227822
246 41.9915 64.4507 -0.598174
247 87.2543 51.3234 -2.71634
248 74.3392 62.8051 1.84612
249 84.4767 74.8067 0.648452
250 27.7905 16.112 -0.550953
251 78.7792 4.80838 -1.75987
252 38.2807 39.7974 -2.17407
253 3.81213 24.8902 -3.43627
254 74.9855 83.8423 -0.690834
255 81.1254 75.7888 0.908874
256 50.8926 8.67236 0.180851
257 40.0496 66.4137 -1.20826
258 71.6819 4.33513 -2.43385
259 17.5101 50.3142 -2.16578
260 90.2707 76.1836 0.589689
261 6.71781 36.7596 -2.23431
262 69.8581 9.89884 -1.86519
263 4.85577 81.1354 0.182161
264 70.1272 94.3838 -1.56714
265 11.5497 67.4793 0.621084
266 29.1261 99.1847 -0.480667
267 72.1625 73.2731 0.422759
268 80.7307 88.7442 0.69875
269 7.28747 83.7501 0.390228
270 13.2638 45.4811 -2.39344
271 16.4945 47.553 -2.70912
272 38.26 15.7088 0.434577
273 90.1416 78.5324 0.960829
274 5.53531 81.2802 0.0806919
275 55.3805 4.55177 -0.0577618
276 98.366 87.2654 1.09706
277 55.5799 93.5301 -1.3243
278 74.6109 0.452332 -2.0038
279 54.5645 13.2295 -1.05765
280 75.9752 62.0651 1.28532
281 55.2799 87.8062 -1.88849
282 15.226 35.3614 -2.34716
283 87.991 72.519 0.99609
284 74.7484 78.0935 0.532507
285 80.1662 68.2714 1.86001
286 86.5732 49.7226 -2.39476
287 40.0703 66.742 -0.86194
288 14.683 18.5105 0.816054
289 77.268 1.5886 -1.77624
290 64.6801 3.06068 -2.17638
291 66.9632 74.702 -0.0746828
292 92.5987 96.6714 0.437264
293 6.21882 81.3141 0.403613
294 86.7239 90.2553 1.14262
295 39.5536 42.1579 -1.37247
296 90.6109 85.0815 1.01432
297 67.2997 8.20212 -1.87026
298 64.81 83.4415 -1.04738
299 83.901 72.0559 1.34418
300 6.65243 77.4583 0.187727
301 79.9379 73.9103 1.07868
302 76.8349 13.2437 -2.25029
303 70.0871 98.7114 -2.07611
304 69.92 68.4328 0.192027
305 77.8425 77.1566 0.923368
306 10.7668 91.2482 0.0439535
307 67.4853 81.4016 -1.0945
308 9.36174 40.0772 -2.67787
309 24.7241 99.5986 0.206561
310 37.7998 33.218 -1.83389
311 88.5966 6.77617 1.06939
312 45.3709 8.5607 -0.217633
313 34.5186 3.63592 -0.594863
314 21.0578 20.5849 1.01755
315 67.1408 3.61765 -2.20093
316 83.8497 67.5433 2.02106
317 79.2096 64.5999 1.24669
318 85.7039 82.5847 0.499454
319 82.5591 71.1204 1.61948
320 77.5703 74.0115 1.5398
321 91.4036 4.85391 2.1458
322 80.4714 71.026 1.67448
323 78.1574 65.4187 1.78922
324 68.4248 86.5635 -1.62041
325 61.463 12.2909 -1.66684
326 11.1563 17.0539 1.40954
327 31.9849 5.51616 -0.877925
328 89.9244 86.0766 0.931175
329 21.4908 47.868 -2.52371
330 41.3979 8.07098 -0.185554
331 2.11756 85.2701 0.879338
332 23.1908 47.5935 -2.94422
333 3.63007 49.3848 3.37803
334 60.9122 67.7895 -0.264149
335 82.8791 72.1801 1.59432
336 88.2378 69.0837 1.54865
337 68.1304 63.4507 0.283406
338 64.2881 10.9271 -1.38854
339 11.0242 18.0986 0.61926
340 75.615 69.7348 0.927723
341 67.0495 93.9011 -1.37485
342 74.8099 69.0739 1.27381
343 54.5095 12.0884 -0.0109862
344 70.1327 1.25924 -1.92393
345 88.8647 90.1733 1.00208
346 95.9643 47.9627 -3.26844
347 97.6518 87.7331 1.01668
348 69.7236 66.4857 0.337417
349 77.6593 77.4433 0.499205
350 49.6147 6.84574 -0.341855
351 68.0625 5.67577 -1.88644
352 64.4713 78.3517 -0.309814
353 74.9839 41.5922 -2.19119
354 74.4716 54.1125 2.86749
355 84.2915 85.167 0.740616
356 13.7031 22.1634 1.16498
357 4.28391 87.3901 0.671007
358 9.82179 40.7223 -2.7269
359 89.7405 84.6416 0.886962
360 71.7663 15.4093 -1.64121
361 83.2314 78.7888 1.34692
362 79.8013 69.1706 0.967088
363 36.1697 14.2022 0.602295
364 77.4111 0.551252 -1.57277
365 43.9411 5.42585 -0.386868
366 85.0832 67.5597 1.78803
367 60.7895 96.3554 -2.26145
368 41.5651 6.87088 -0.574265
369 89.3438 88.4427 0.750402
370 84.7488 80.3401 1.27703
371 81.0084 76.4219 0.934339
372 84.5534 90.1572 1.64767
373 -0.0702022 49.4615 2.74842
374 66.1744 86.7157 -1.25651
375 44.6216 5.52239 -0.537241
376 64.8877 95.755 -2.3918
377 18.9372 79.9038 -1.25585
378 48.1469 8.44891 0.15057
379 90.2795 73.2402 1.07211
380 67.4778 9.23858 -2.19536
381 99.1627 90.885 1.31239
382 77.8035 68.8699 1.06549
383 19.0033 19.6973 1.03464
384 98.0155 2.34228 -2.52351
385 39.5762 37.4363 -2.16721
386 33.8873 37.6467 -2.60722
387 5.1263 74.4671 0.814489
388 63.6092 11.4254 -1.86421
389 87.2223 79.9308 0.448423
390 72.1045 70.7852 0.919322
391 12.2744 39.1119 -2.66048
392 73.4348 88.04 -1.00358
393 59.196 13.4286 -1.43996
394 83.9975 67.4365 1.95822
395 7.46937 37.733 -2.52298
396 2.44324 21.7379 -2.9319
397 85.8193 75.0065 1.20409
398 81.1208 80.6411 1.18849
399 29.4664 84.4491 -1.21836
400 75.7472 60.8263 1.85924
401 80.4666 48.2861 -3.14294
402 38.8721 13.5594 0.0583987
403 76.4178 67.2099 1.23186
404 7.71299 99.7674 -0.407279
405 68.5899 69.4421 0.191943
406 89.8471 46.8712 -2.83007
407 82.5705 66.3969 1.29015
408 99.2794 47.4738 -3.12285
409 85.9883 69.816 1.79504
410 64.5297 66.9652 -0.219414
411 88.5809 87.6332 0.633216
412 38.432 13.2375 0.0120472
413 6.9663 24.5795 -3.10303
414 52.2986 6.75573 -0.539301
415 95.5871 94.4439 1.05138
416 89.3383 82.233 1.40953
417 79.9733 61.6965 2.36323
418 79.4156 70.1017 1.69127
419 59.2309 70.5982 -0.578995
420 92.3275 85.3135 1.01047
421 72.3881 68.7649 0.935562
422 14.3546 45.4023 -2.75795
423 33.3097 63.1864 -0.657774
424 86.6419 86.7825 0.89051
425 82.2314 64.8635 1.37153
426 49.609 93.2869 -1.65643
427 65.7796 89.2777 -1.33695
428 47.3142 5.80136 -0.618981
429 52.0766 6.14969 -0.125039
430 47.1794 71.6827 -1.9072
431 50.0871 4.95386 0.0109099
432 70.7857 3.04859 -2.21453
433 50.0948 94.8431 -2.12515
434 85.2365 87.3658 0.914868
435 74.9974 3.63517 -1.69219
436 67.6354 9.96551 -1.73407
437 97.0834 94.0018 1.32334
438 58.6462 74.3857 -1.07106
439 53.7905 94.562 -1.52007
440 74.9629 55.0162 2.92946
441 81.6036 58.6919 2.79459
442 80.4371 70.3025 1.21979
443 64.8892 55.1084 0.169749
444 47.4491 5.68882 0.218131
445 81.5147 75.9113 0.838291
446 5.57247 28.5181 -3.20373
447 88.0759 50.0283 -2.57937
448 89.3122 84.8208 0.967178
449 80.9905 74.4944 0.871137
450 70.1945 67.7919 0.18327
451 36.9263 10.4767 0.0281511
452 76.9356 75.8298 1.016
453 70.6534 6.98801 -2.15775
454 10.5689 47.6335 -2.31157
455 77.6762 48.1684 -2.88208
456 66.1866 62.0112 -0.36804
457 18.0554 40.0236 -1.95495
458 24.2013 49.9348 -2.41184
459 33.6538 62.5886 -0.907223
460 87.7995 78.0075 1.14082
461 96.951 86.9112 1.22683
462 51.5166 8.31211 -0.566581
463 61.7256 94.4548 -1.84973
464 51.6189 13.5162 -0.559553
465 11.6433 41.9557 -2.67204
466 66.4536 14.2108 -2.02498
467 82.974 70.1978 1.48649
468 87.8149 80.1917 0.763675
469 66.5358 9.20568 -1.97208
470 72.4207 67.2732 0.782245
471 51.2815 10.4124 0.307069
472 50.8746 10.9086 0.240639
473 97.7066 53.7331 -3.39307
474 86.9603 84.9375 1.02034
475 92.6724 48.815 -2.68543
476 1.89976 92.0832 0.626818
477 9.82561 4.66396 -0.437625
478 58.581 82.5242 -1.63804
479 93.0176 92.5033 1.58371
480 18.0239 39.7361 -2.42803
481 90.7192 83.5529 1.39174
482 98.6015 89.4364 0.831158
483 76.6529 65.8504 0.912118
484 79.8908 88.3289 0.510564
485 79.3061 8.29761 -1.48969
486 67.4755 7.0754 -1.45559
487 66.6946 15.374 -1.98741
488 37.4834 98.0265 -0.0167975
489 78.4861 50.8015 -2.78826
490 40.8501 40.8708 -2.07657
491 39.171 69.1625 -0.608369
492 50.5593 8.55159 -0.620915
493 60.1924 90.9042 -1.50073
494 42.2833 66.7639 -0.569727
495 16.9076 83.7868 -1.4772
496 79.8417 74.8341 1.36577
497 84.9611 80.8882 1.01973
498 54.5145 8.24978 0.291307
499 35.005 60.5268 -1.39521
