500
Particles
0 14.1267 5.96691 0.563303
1 52.8798 93.1827 -1.79846
2 92.4509 35.0074 -1.46431
3 91.5094 3.49791 0.275838
4 42.1339 80.2757 -0.612807
5 88.5 55.6908 -3.08735
6 3.7433 78.7311 -1.89449
7 37.0889 66.7159 -1.151
8 82.6256 29.4805 -1.85305
9 61.8649 36.4918 -0.129186
10 67.8999 80.7148 -2.50502
11 82.8488 88.5959 -2.08552
12 63.4861 79.9904 -2.6606
13 23.4283 40.2578 1.74839
14 50.4737 42.8854 0.552882
15 74.6623 57.7414 2.24091
16 92.9664 4.18187 1.25261
17 36.802 31.7341 1.80156
18 46.0914 74.1926 0.358719
19 46.9462 0.89332 -2.72354
20 32.6965 78.2437 -2.64972
21 9.12476 75.842 1.93214
22 68.3856 95.417 -2.97388
23 40.4529 36.1317 2.04003
24 31.8057 6.58391 -2.00994
25 81.0153 72.4332 0.585616
26 75.2494 63.8495 -1.37904
27 39.1812 63.3867 -0.0413938
28 10.2732 9.45746 0.0815421
29 5.91513 20.0693 -1.73413
30 67.4492 10.2847 -1.70324
31 45.1717 9.15056 -1.48467
32 33.2543 74.4529 -2.68093
33 93.1895 30.2784 -1.12911
34 26.8128 76.4448 -1.63467
35 10.7552 7.34934 0.110019
36 16.7873 84.2069 2.80051
37 57.6621 56.0609 -0.265084
38 95.8799 32.2297 -0.944265
39 45.5209 99.6958 0.175069
40 94.0232 35.5467 -1.69588
41 26.4602 44.1288 -3.09311
42 60.3109 37.3303 -0.603785
43 75.1892 89.2984 -1.39413
44 51.9116 7.86257 -1.35789
45 62.5952 42.8974 -2.20994
46 15.8947 9.80298 0.613752
47 13.7833 91.5402 -3.04868
48 80.1154 28.3574 -2.09194
49 78.9546 69.4755 -0.0426569
50 91.0744 24.7376 2.11765
51 16.445 19.5746 -1.56598
52 93.7002 69.074 0.752966
53 20.0392 84.0251 2.64778
54 73.1845 83.5108 -2.21599
55 42.1175 61.7163 0.410397
56 26.6178 73.8327 -1.68696
57 85.8268 9.90322 -2.04169
58 28.9019 62.1532 1.42539
59 85.4342 74.3703 1.0415
60 54.281 59.3513 0.0826384
61 60.4698 32.5527 0.0985754
62 10.4764 15.831 -0.419205
63 45.2928 90.8249 -2.13809
64 58.2542 90.8604 -2.5328
65 1.10066 63.0852 -1.39042
66 51.9473 79.3398 -0.271446
67 35.1594 10.9704 -1.91895
68 2.89142 61.1196 -1.02958
69 19.219 25.6697 -2.08251
70 88.3952 73.6383 1.00718
71 24.3895 89.7092 -0.927389
72 48.9918 76.7591 -0.0902688
73 56.2531 21.4953 -1.39787
74 0.848303 44.5491 1.78832
75 7.052 34.0459 0.627899
76 16.997 27.7209 -1.93533
77 48.9602 70.8918 0.817711
78 60.4812 99.4537 0.787433
79 86.2284 43.2248 2.47395
80 14.1872 23.7998 -1.93261
81 54.9436 68.4708 -0.271143
82 19.2925 76.5751 -1.96818
83 44.076 64.9919 1.55988
84 42.6417 31.9182 1.85589
85 20.1939 57.989 1.91725
86 10.3826 32.6383 0.496242
87 5.34392 38.2079 1.1082
88 4.02143 71.2965 -0.991321
89 72.7393 65.8626 -0.613334
90 77.3643 62.0885 1.82912
91 44.8747 8.5437 -1.08516
92 41.0497 60.55 0.0860848
93 25.4712 64.4944 0.373009
94 25.8071 95.475 -1.5463
95 10.499 11.7385 -0.07054
96 79.1569 41.9555 1.14703
97 77.398 49.3489 3.148
98 73.6362 67.6438 -1.17042
99 86.0712 3.83914 0.258559
100 3.83146 72.5384 -1.08781
101 51.1388 48.6929 1.58021
102 83.9623 29.399 -1.88597
103 15.4876 70.5156 2.07809
104 18.8788 5.62663 1.53305
105 76.5061 62.7988 2.1241
106 23.3395 75.9901 -1.54567
107 67.5692 23.505 -2.30645
108 26.1713 22.8227 2.43412
109 75.906 24.8656 -2.50467
110 78.4975 15.5416 -2.12966
111 80.5067 46.2435 2.00872
112 92.6212 21.5325 2.42653
113 38.1949 45.527 -2.82299
114 71.3122 61.9558 -0.827557
115 51.2233 23.2076 -1.49327
116 63.2694 75.0984 -2.33152
117 72.0854 65.0799 -1.39668
118 93.1879 4.364 1.10742
119 42.1906 54.9065 -3.2742
120 86.5074 61.0517 -1.60528
121 40.4496 1.00403 0.109635
122 25.8987 94.9718 -1.14395
123 47.4028 65.5057 1.24499
124 13.5023 48.3022 2.64403
125 97.6031 68.705 0.574765
126 48.3003 16.8165 -1.22147
127 1.07256 65.9818 -0.957682
128 30.7034 5.23999 -1.99236
129 20.0585 5.78174 2.62982
130 18.1407 23.6853 -2.27171
131 63.8595 79.5012 -2.03333
132 80.2113 86.1239 -1.87641
133 78.9526 85.166 -1.80946
134 87.2366 79.7129 -0.16047
135 8.681 76.7312 3.05275
136 15.6121 85.7949 2.76769
137 92.7235 84.0138 -1.17528
138 33.5739 2.45391 -1.78296
139 13.4332 25.5035 -1.4403
140 84.5582 30.655 -1.74001
141 98.7913 70.2401 -0.145671
142 3.44405 76.1279 -2.00288
143 66.2699 40.3843 -1.86251
144 63.2023 55.5158 -1.81714
145 68.8501 20.8493 -2.29139
146 12.3903 18.4031 -0.587496
147 93.8812 31.5221 -0.902222
148 12.7335 12.1474 0.0483097
149 61.981 58.4906 -1.10035
150 31.1848 13.8614 -2.19998
151 8.84217 11.0374 -0.0567437
152 38.0598 92.8578 -1.17471
153 14.35 7.63788 0.371613
154 68.8525 40.5383 -2.42786
155 82.8604 97.1007 -1.70653
156 74.8403 31.345 0.621447
157 51.1373 35.5606 1.61535
158 91.1166 91.7952 -0.732766
159 70.338 79.7397 -2.94532
160 54.2708 12.9909 -1.3013
161 40.4825 4.97106 -0.368431
162 87.9027 32.0833 -2.14779
163 9.83455 40.4444 -3.21286
164 9.02343 64.813 1.57932
165 9.82785 7.05535 -0.0854956
166 1.71274 60.855 -0.992426
167 12.2068 69.7302 2.00909
168 56.9123 89.3568 -2.68441
169 78.1766 12.0935 -2.24896
170 93.2775 25.4842 2.65533
171 86.1304 44.0311 2.39321
172 57.2449 24.4885 -0.748308
173 66.8579 32.6458 -0.577665
174 82.6924 53.4729 3.06567
175 44.1492 12.5813 -1.14196
176 70.4461 58.762 1.70994
177 20.3376 60.4978 1.42633
178 43.0599 38.2777 1.84284
179 11.1899 9.24798 0.0718063
180 35.0339 51.2446 -2.68448
181 72.1306 35.565 1.06255
182 27.0482 69.1191 -1.20841
183 48.0338 37.2566 1.34728
184 87.7037 61.254 -1.96968
185 24.4672 36.7428 1.23301
186 25.2715 96.3514 -1.30468
187 89.8527 23.4354 1.80087
188 43.4957 87.1479 -2.29955
189 59.5456 7.19204 0.0203677
190 55.615 81.6472 0.258894
191 81.9926 48.2333 2.66373
192 27.8621 2.35484 -2.46437
193 59.4013 28.3747 -0.555331
194 79.7177 4.19448 -0.120271
195 48.428 70.2331 0.783572
196 90.7303 87.1602 -0.829556
197 12.9665 31.9437 -0.423727
198 25.6204 81.8212 -1.27138
199 7.06707 82.9327 -2.71481
200 11.1387 68.2211 1.7878
201 42.7342 98.601 -0.208837
202 41.2204 68.5909 -0.88584
203 22.9012 24.4203 -2.82207
204 92.7268 55.9931 -3.09687
205 68.8868 20.9928 -2.83965
206 5.34729 21.1007 -2.20753
207 84.1367 75.301 0.671648
208 74.3823 58.9933 2.20301
209 69.3852 75.2551 -2.00746
210 54.5558 51.0767 1.41219
211 63.6887 85.8982 -2.48514
212 79.3068 88.0299 -1.80562
213 17.5884 23.7572 -1.5617
214 45.5093 62.5682 1.6112
215 31.5201 55.0507 -2.43819
216 64.8147 44.8505 -1.86274
217 9.19268 69.6251 2.36283
218 47.1937 34.7435 1.30522
219 28.4962 32.2293 2.5825
220 16.1029 56.098 2.07693
221 34.9461 25.7816 -2.62364
222 54.1583 56.4788 -0.571274
223 3.99724 24.9853 -2.51765
224 90.7172 1.58977 0.159726
225 34.2603 64.0723 -1.46887
226 58.3746 36.1462 -0.371262
227 83.3195 28.1662 -2.36625
228 24.498 30.0841 2.79968
229 38.5947 20.8907 3.05764
230 19.7759 43.0112 1.83243
231 50.6526 67.1271 0.794234
232 43.1439 5.83538 -0.569204
233 23.3727 47.3362 -2.52768
234 85.908 79.0003 -0.433804
235 23.8689 71.4553 -1.22458
236 86.4276 30.0695 -2.05415
237 60.4014 4.2606 0.686861
238 42.6821 41.6173 1.97461
239 42.3332 82.9432 -0.76122
240 64.4225 61.6113 -1.97695
241 62.1408 92.4236 -2.76872
242 17.143 17.0938 -0.0752005
243 9.5909 70.3006 2.00211
244 37.2339 1.01826 -0.683986
245 18.2856 14.9414 1.05718
246 30.8282 93.2814 -1.30546
247 14.7408 51.4824 2.77669
248 53.038 43.0511 1.52078
249 84.1763 49.1421 3.05073
250 6.96941 33.6266 0.905914
251 -0.0162785 25.5647 -2.58073
252 34.2253 69.382 -1.32259
253 29.4463 35.7969 -3.20344
254 61.1954 9.11005 -0.766807
255 58.0344 63.1395 -1.15519
256 21.3517 17.6259 0.516964
257 27.4401 95.1676 -1.25873
258 90.2795 26.3925 2.76354
259 26.9044 77.6569 -1.48558
260 10.141 80.5448 -3.41924
261 36.8546 44.4066 2.39924
262 66.0561 37.7698 -0.428223
263 14.4242 58.1029 1.17524
264 86.0594 18.3759 3.02657
265 23.4346 48.246 -2.40569
266 14.7956 96.175 -2.68885
267 60.9812 90.8981 -2.149
268 64.6756 7.13333 -1.23728
269 93.3715 92.5415 -0.418515
270 23.5995 68.1469 -0.748116
271 24.6808 71.7893 -0.694456
272 22.0554 30.9958 2.55416
273 87.8366 83.3414 -0.157728
274 13.9195 82.6996 3.44182
275 39.4285 17.0773 2.83757
276 74.6742 68.5767 -0.71777
277 66.3471 21.2608 -2.91238
278 94.0922 17.928 3.00201
279 42.0611 24.3792 2.99946
280 80.5229 37.2397 1.014
281 48.5698 16.8935 -0.80651
282 40.0377 33.7364 1.51694
283 93.4786 84.8594 -1.14913
284 64.6171 92.6045 -2.57031
285 89.8242 45.6318 -2.5978
286 12.6053 44.42 2.96919
287 28.735 95.532 -1.33604
288 88.9999 2.09665 0.27806
289 93.2144 10.0013 2.24077
290 64.115 29.9861 0.0897182
291 51.7598 97.5925 -1.59496
292 74.6726 9.32651 0.389992
293 12.7007 62.2201 1.08832
294 74.198 86.4244 -1.23101
295 37.5191 72.0618 -1.43276
296 75.0274 59.3235 2.3271
297 65.5896 36.8192 -0.878312
298 50.0128 11.2319 -1.83011
299 86.4713 72.3527 0.948178
300 17.4152 55.1436 1.95707
301 56.8411 69.765 -0.173537
302 93.8877 34.066 -1.01269
303 87.2544 20.5152 2.03553
304 58.5145 87.3133 -2.49904
305 52.0754 75.7436 -0.118244
306 18.4598 88.9321 2.5812
307 53.1167 9.3177 -1.412
308 39.0983 49.1904 -2.18369
309 7.22733 97.4095 -0.877662
310 46.9916 53.464 -2.57146
311 11.5273 91.6297 -3.33383
312 14.9612 14.5344 0.0489346
313 6.42691 15.3443 -0.772282
314 96.2539 2.38131 0.464488
315 71.2682 30.8938 1.06618
316 98.723 76.3364 1.69989
317 91.5428 71.5241 0.827019
318 67.5396 60.5806 -0.985858
319 91.7909 49.3434 -2.7133
320 51.7311 67.0313 0.314534
321 14.1444 90.8201 -3.37351
322 81.0475 46.9569 2.85542
323 86.7236 41.955 2.31956
324 54.3387 14.3189 -1.46202
325 54.2717 36.0636 0.784104
326 88.1735 9.4049 -2.30512
327 11.5593 24.0925 -1.43573
328 76.4205 58.3349 2.47372
329 29.004 75.952 -1.72978
330 12.1304 18.7071 -1.07906
331 79.5886 81.2838 -1.74767
332 31.6021 75.8812 -2.47036
333 34.0816 53.7525 -2.85368
334 41.1833 90.949 -1.39757
335 87.5074 48.2407 -2.43444
336 12.3446 68.2242 1.73783
337 43.5334 79.4092 0.138895
338 60.9945 39.0656 -0.798356
339 89.1285 11.305 -2.97067
340 49.1731 66.8559 1.18832
341 81.1768 18.8576 -3.00374
342 48.26 67.4581 1.10698
343 38.9381 23.8408 2.55101
344 88.5131 23.651 2.40315
345 70.5781 66.4008 -1.22361
346 25.83 41.9498 2.19503
347 74.6197 68.9194 -0.536118
348 45.7361 81.9281 -0.492708
349 53.2143 79.6541 -0.334515
350 23.4453 9.6318 -2.30902
351 66.7427 32.8943 -0.775425
352 51.076 6.38038 -1.5199
353 0.160831 44.7219 2.05635
354 1.91484 48.9891 2.40893
355 71.2785 75.2443 -2.52824
356 88.7659 6.04173 0.0316583
357 81.9966 87.8212 -1.42734
358 40.0491 49.2214 -2.6951
359 78.5712 56.2083 2.40181
360 70.6366 44.2252 3.11954
361 82.7139 52.873 2.91944
362 79.2033 42.6775 1.80564
363 15.0833 31.205 -0.662889
364 97.1399 15.9232 -3.31205
365 14.6152 9.59257 0.599391
366 8.05203 80.0201 -2.28337
367 71.4307 23.0768 -3.06467
368 12.6954 19.2611 -1.50987
369 68.5505 66.863 -0.554517
370 70.9383 52.9885 1.42658
371 63.4178 72.9722 -0.503627
372 73.3827 84.6676 -1.34111
373 31.0448 51.5773 -2.63765
374 50.4444 13.5506 -1.24348
375 16.2767 8.39653 1.61706
376 80.1621 21.6917 -2.01229
377 34.4691 6.67559 -2.60323
378 19.0637 11.5411 1.14146
379 13.5849 79.837 -2.73108
380 67.5558 36.2504 -0.437926
381 77.4209 91.3568 -1.54172
382 59.3691 47.0786 3.31626
383 92.9269 4.02186 0.766418
384 94.8597 8.16895 1.47322
385 38.1274 66.5517 -1.7584
386 31.2528 65.9401 -1.1293
387 17.1381 51.8557 2.23455
388 59.3435 39.8652 0.280289
389 88.8665 58.1216 -2.02475
390 58.7801 86.7053 -2.96967
391 40.1304 40.6912 1.46915
392 57.6797 14.7291 -1.73012
393 50.3275 32.6895 0.847265
394 9.54445 73.0329 1.65352
395 35.9107 48.4799 -2.77723
396 6.94717 22.9498 -2.20192
397 87.3744 51.5471 -3.1763
398 66.6118 76.5396 -2.89032
399 34.9063 9.72609 -2.2772
400 98.4987 51.0211 -1.7748
401 8.27142 42.0804 -3.40277
402 21.0945 29.081 -3.27214
403 55.2424 46.6871 1.93293
404 82.0218 6.98553 -0.942622
405 47.8446 89.0843 -2.63166
406 18.2205 41.0553 1.28248
407 3.3396 79.0117 -1.75575
408 30.5383 46.3657 -2.25074
409 10.7098 73.9451 1.58734
410 42.7761 86.4823 -1.66705
411 72.3207 61.7907 -0.494742
412 16.7458 28.3152 -1.95695
413 32.1567 36.4546 -2.75152
414 33.6217 21.984 -2.67509
415 76.434 6.38137 -0.0359433
416 91.9735 61.4068 -1.99639
417 95.5142 69.8504 0.171338
418 58.6877 50.295 2.02459
419 44.6719 97.3553 0.0139738
420 78.113 58.5712 2.08632
421 46.7506 78.2476 0.230068
422 26.7198 67.4105 -0.541151
423 23.8219 93.2736 -1.38665
424 70.7379 59.4268 2.42634
425 4.57944 77.3722 -2.49607
426 53.3268 22.0826 -0.673591
427 54.3143 17.6931 -1.85014
428 20.4818 10.3122 3.2941
429 28.0389 14.4276 -2.00725
430 36.0579 99.6541 -0.486756
431 25.0937 9.72787 -1.97132
432 88.3814 27.614 -2.67526
433 56.4602 22.9427 -0.534716
434 67.6869 71.3129 -0.883093
435 95.1276 25.1599 2.44162
436 61.6371 37.6439 -0.739339
437 77.1081 99.3818 0.244819
438 46.7093 2.87225 -2.80132
439 60.706 23.6054 -0.988054
440 2.67213 53.5146 -2.80767
441 7.85149 67.3575 1.94991
442 76.5338 44.7535 2.73448
443 41.2488 68.6734 -0.994948
444 20.6092 7.80501 1.92494
445 60.6865 60.4136 -1.52922
446 31.0119 42.0598 -2.22003
447 14.331 47.8621 3.14678
448 74.9731 57.2367 1.52635
449 58.2502 57.6389 -0.804496
450 47.0911 85.7638 -3.13715
451 13.7899 26.0888 -1.74369
452 52.0058 73.2013 -0.195524
453 85.9268 32.5084 -1.56517
454 20.093 70.4205 -0.0581324
455 5.99141 47.8703 2.12111
456 42.3774 80.4809 -0.289005
457 42.86 36.969 1.41716
458 31.3878 78.3732 -2.72787
459 24.49 92.3151 -1.07236
460 92.7824 60.221 -2.1405
461 73.161 68.0958 -0.628784
462 25.0846 14.08 -2.57816
463 73.7046 21.0167 -2.21534
464 39.4244 26.1446 -3.17779
465 40.8153 53.5588 -2.13796
466 65.3746 43.3654 -2.38378
467 91.7745 80.6224 -0.366469
468 80.0465 72.3031 -0.00606585
469 63.7455 36.7984 -0.407984
470 45.2016 71.6415 0.263854
471 30.7407 24.4064 -3.2936
472 27.2941 24.1971 2.86316
473 17.1361 46.8725 2.85008
474 72.7895 57.4934 2.3747
475 21.8593 40.7228 1.76874
476 80.8027 95.0697 -1.0237
477 85.9814 13.9233 -2.51428
478 46.3295 11.157 -1.56078
479 76.6323 93.1221 -0.977753
480 41.9772 37.0062 1.92809
481 83.2853 59.2866 -2.1721
482 78.1824 86.3254 -1.9103
483 79.7134 39.5314 0.907769
484 67.5979 6.60243 -1.21101
485 96.6045 30.6465 -1.76757
486 64.327 34.1768 -0.207629
487 62.2604 44.0277 -2.86214
488 10.07 5.09885 0.30288
489 7.39986 52.9581 -2.39897
490 36.8284 70.4484 -1.91218
491 28.0406 97.3344 -1.10498
492 20.8555 18.1916 0.151906
493 66.2106 19.2276 -2.44891
494 30.4542 94.8844 -1.93569
495 30.1653 9.42286 -1.69149
496 56.4763 70.7652 -0.369576
497 72.08 53.7503 1.71117
498 36.8458 19.6558 3.11782
499 27.7126 89.7025 -1.11837
