500
Particles
0 37.2829 37.1932 2.21284
1 93.548 21.8119 1.35165
2 66.7904 87.2049 1.75135
3 66.7598 10.0061 1.27839
4 44.4071 62.3429 1.9515
5 95.6985 18.8488 1.66568
6 60.2128 68.8456 2.06053
7 72.0713 17.8389 1.42122
8 35.5606 69.7874 2.21903
9 38.8968 12.9565 0.710542
10 59.2665 45.1003 2.47911
11 55.1629 75.3526 2.47045
12 70.9117 86.6308 1.62855
13 36.9303 41.7341 2.03404
14 45.4608 63.9167 2.47548
15 39.5616 47.2822 2.53945
16 76.1684 53.6431 1.54758
17 51.4729 81.2927 2.04942
18 46.1351 73.667 2.69738
19 14.1669 91.9614 2.94868
20 67.0749 10.8858 1.32611
21 57.8601 66.4161 1.53568
22 56.5798 54.9262 2.09777
23 39.3815 51.6079 2.76992
24 69.8079 13.0323 0.958761
25 47.2076 49.2586 1.91709
26 99.8686 14.0185 0.919042
27 54.9974 73.5397 1.76137
28 57.7386 64.1206 2.30335
29 71.808 85.1258 1.77102
30 56.9783 12.5035 1.87729
31 55.306 57.7887 2.41367
32 7.08566 97.1853 2.94684
33 60.0479 20.9401 1.49481
34 47.8078 46.2979 2.10314
35 42.2348 75.3099 2.13757
36 55.8472 22.4894 1.69963
37 77.1474 82.5514 1.4589
38 48.7301 54.0912 2.70983
39 42.0516 54.4344 2.71909
40 48.9134 43.479 2.76827
41 38.0432 51.9255 2.30067
42 59.7585 45.7467 2.75082
43 67.2041 10.9539 1.76307
44 95.0085 23.8258 1.54658
45 65.3418 50.2857 1.86089
46 48.5428 49.617 2.05171
47 93.4743 9.95223 1.64261
48 55.0415 48.0974 1.87348
49 42.7626 35.8731 2.56459
50 51.6445 76.3243 2.61722
51 62.2121 58.8329 1.86869
52 66.0145 13.217 1.21039
53 58.4135 22.283 2.05634
54 46.4395 61.9146 2.54069
55 72.3084 7.69858 1.58731
56 48.4817 64.4867 2.58227
57 59.2515 38.9296 2.02729
58 49.044 68.1334 2.09037
59 42.8525 46.1736 2.53679
60 51.835 73.4822 2.63722
61 55.6383 45.4569 2.26956
62 33.8193 61.4208 3.1735
63 31.8459 75.2048 1.40001
64 55.566 70.874 1.82646
65 94.0186 10.4174 1.01491
66 46.5552 74.8788 2.45255
67 49.7172 75.5228 2.08266
68 97.6472 6.75547 1.86906
69 71.0528 46.1502 2.23183
70 57.8237 70.4438 2.19493
71 48.5098 48.0247 2.66021
72 47.3828 71.8574 2.80581
73 77.0781 80.2965 1.67665
74 57.6218 43.0504 1.85423
75 73.3269 13.9477 0.924354
76 59.6135 42.5998 2.347
77 60.3037 69.7713 1.77703
78 74.9398 88.165 2.02188
79 50.4457 70.9419 2.76011
80 56.6689 47.5026 2.59236
81 50.2054 77.0214 1.91657
82 36.8729 73.6749 2.10612
83 42.5944 69.488 2.16587
84 70.415 5.44113 1.0135
85 56.8688 49.5346 1.87954
86 57.1078 46.0382 1.97381
87 80.4753 77.195 0.927052
88 72.4831 6.62688 1.75432
89 55.9577 42.7777 2.64314
90 69.0227 14.1106 1.42366
91 55.7395 59.0282 1.8963
92 62.2255 67.359 1.99478
93 40.0838 62.0687 2.52868
94 55.8651 47.5332 2.54952
95 22.3463 98.1512 2.24299
96 57.0521 69.7947 2.09695
97 59.7284 72.8371 1.92471
98 52.4464 40.6122 2.10345
99 60.1181 65.543 2.19397
100 68.3071 13.6824 1.15177
101 47.7752 73.3528 2.45667
102 57.1652 44.2503 2.70681
103 46.1728 42.8377 2.243
104 57.588 53.2074 2.08941
105 66.6702 15.6499 1.21775
106 47.4931 62.3307 1.91021
107 42.1876 48.9029 2.15151
108 57.4515 56.6684 2.52034
109 49.8199 67.3939 2.81869
110 75.3055 15.1278 0.953826
111 83.3013 82.6808 1.10918
112 66.6075 9.15767 1.55075
113 57.3538 65.3214 2.15579
114 55.0357 73.3639 2.45291
115 68.3995 83.5958 1.40101
116 59.6957 40.115 2.66497
117 48.2396 52.0871 2.57028
118 40.2668 8.89426 1.21676
119 43.6292 65.392 2.89499
120 43.0039 42.8757 2.19718
121 78.1682 16.7456 1.16415
122 51.9152 46.3679 2.26504
123 41.5963 64.4225 2.2994
124 65.3614 86.7305 2.42682
125 1.24105 98.1693 1.07172
126 74.494 56.5893 1.72492
127 33.8503 45.5824 1.92225
128 70.9897 13.0626 0.866584
129 50.707 73.2899 2.66301
130 50.4203 57.2238 2.6266
131 57.8418 43.5225 2.86213
132 1.10165 93.7693 1.4804
133 0.410585 7.23467 1.47814
134 59.9049 26.8997 1.29428
135 65.5382 74.233 2.02384
136 56.4874 40.5396 2.67071
137 55.5845 68.7493 1.97973
138 58.6533 48.2245 2.45042
139 44.8488 42.2385 2.15691
140 60.1215 45.0146 2.60225
141 80.49 5.79389 0.864726
142 44.0052 67.4028 2.25773
143 31.8677 80.6812 1.2386
144 56.9594 71.2373 2.41801
145 51.3309 76.6921 2.24928
146 42.5984 47.0769 2.23487
147 63.5762 20.8243 1.44637
148 77.8591 78.9275 1.42944
149 44.7666 76.1808 1.9742
150 58.2455 45.6938 2.07822
151 10.5589 96.8096 2.88715
152 57.7639 41.7793 2.62032
153 59.2284 56.1565 2.62875
154 77.1253 50.8626 2.21259
155 99.5928 9.94574 1.63036
156 38.649 69.5945 1.61029
157 26.5276 43.5784 1.53508
158 99.4026 15.197 1.30039
159 30.9453 84.7242 1.02919
160 58.603 23.3604 1.6388
161 32.4547 86.4994 1.58127
162 44.8548 76.0361 2.57214
163 73.7939 2.59985 1.78091
164 95.1631 11.6375 1.05766
165 41.9102 74.9032 2.30103
166 71.7242 5.13995 1.36233
167 83.6224 81.0665 0.8919
168 50.8938 72.6538 2.09233
169 88.0086 11.5264 0.634494
170 22.4804 4.17554 2.27926
171 57.7407 67.6714 2.46854
172 39.8728 43.8791 2.86202
173 60.74 43.9734 2.77335
174 94.8183 16.132 1.52017
175 1.5076 96.135 1.33245
176 67.3846 88.4281 1.58778
177 45.8108 39.5104 2.97113
178 67.9846 12.3346 1.86955
179 56.2343 63.3069 2.26266
180 59.832 68.7489 1.73483
181 33.3443 80.6678 1.79608
182 50.451 65.3226 2.30829
183 33.8066 33.4375 2.677
184 64.9532 69.1406 1.5115
185 97.6896 10.6566 1.31546
186 58.7293 52.0115 2.31396
187 32.3918 1.50975 1.47532
188 30.6963 45.0747 2.50773
189 57.9011 80.8074 1.76511
190 97.4595 15.204 1.29526
191 67.2637 80.054 1.38425
192 52.1146 34.2158 2.5343
193 63.8923 62.841 2.59027
194 50.5787 41.6592 2.27177
195 56.4087 67.7066 2.16046
196 43.895 40.0163 2.29232
197 54.6909 43.2737 2.73389
198 62.4148 67.9849 1.8457
199 10.8923 14.5813 -0.619507
200 62.4914 69.7821 1.92029
201 72.5962 82.662 1.82591
202 66.4834 14.5236 1.6404
203 34.3851 87.642 1.79057
204 99.6602 12.9488 1.60253
205 81.3538 80.3648 1.60689
206 48.87 41.3624 2.81937
207 45.7723 49.67 2.1315
208 39.022 77.0889 1.80932
209 28.8553 0.869256 1.28607
210 50.8354 74.2582 2.29165
211 58.001 51.7359 1.75613
212 99.0942 6.38046 1.87828
213 9.18154 94.0975 2.41341
214 30.5427 41.4321 1.92818
215 47.4291 56.1243 3.00077
216 64.2899 51.8432 2.65546
217 55.5652 66.1898 1.79266
218 56.8098 87.0424 2.83808
219 51.0074 81.5379 2.26575
220 76.45 80.8668 1.41482
221 67.4382 64.4592 2.14706
222 75.5766 81.4212 1.66531
223 69.3816 17.6362 1.53426
224 64.1304 10.7806 1.58534
225 69.4162 86.1707 1.39605
226 8.69946 10.0842 -0.335793
227 61.5957 55.7297 1.74751
228 57.5615 45.86 2.76389
229 62.3825 49.5923 1.7562
230 37.1161 46.1088 2.11092
231 53.0575 72.8525 2.3623
232 62.0074 63.7821 2.22854
233 48.3366 47.6671 2.45857
234 45.3258 43.6585 2.96991
235 47.0451 61.6908 1.92238
236 74.6408 48.8104 1.88086
237 67.8746 86.6137 1.44532
238 50.9701 65.2339 2.06831
239 45.0331 68.7959 2.37687
240 55.6111 73.7189 2.22727
241 38.308 69.013 2.257
242 60.9974 54.5352 2.33351
243 62.3672 70.0768 2.40359
244 31.5633 87.2314 1.90834
245 60.5294 57.518 1.83222
246 59.1186 49.2996 2.234
247 97.696 13.8138 1.37971
248 43.8179 64.7099 2.76919
249 53.6179 38.9151 2.78817
250 51.3065 72.5617 1.81526
251 56.0755 81.4572 2.46094
252 68.0031 16.9844 0.923025
253 60.8666 11.574 1.15349
254 58.7576 44.1323 2.01606
255 46.069 74.9335 1.72562
256 61.2494 52.7309 2.04671
257 53.9579 42.7735 2.45808
258 37.8879 72.4857 1.32033
259 46.0366 61.1049 2.72708
260 3.83741 11.0899 -0.560271
261 44.5406 66.8852 2.87776
262 61.8441 47.8583 2.0462
263 60.7517 62.7517 1.6934
264 62.311 22.0313 1.07372
265 55.5917 43.3262 2.51945
266 46.2245 37.7863 3.23559
267 55.4939 72.4439 2.13962
268 43.075 42.8267 2.35295
269 52.3495 74.5935 1.8134
270 49.9236 66.9878 2.43709
271 49.0456 64.4882 2.88652
272 7.09845 92.4286 2.93351
273 44.2422 42.9074 2.35914
274 51.5621 53.1528 2.29995
275 59.2616 47.0704 2.12607
276 47.545 34.0086 2.62247
277 63.3184 67.8523 2.29734
278 79.2265 17.8886 1.35775
279 60.9274 55.0767 2.41228
280 54.6996 70.587 2.3786
281 57.3638 49.5934 2.18619
282 46.6696 65.0137 2.0479
283 85.5947 80.0459 1.45081
284 75.6251 45.5932 1.92027
285 60.7724 71.4176 1.74667
286 34.6393 49.5289 2.77177
287 56.4016 48.6976 2.28491
288 39.1278 83.3945 1.76777
289 71.8004 46.0564 1.72653
290 49.5041 48.1397 2.65659
291 34.2535 29.2444 2.72051
292 98.7469 8.31946 1.41421
293 47.1508 48.788 1.9914
294 49.1367 61.8175 2.1154
295 56.8074 66.5901 2.26724
296 67.0161 69.4359 1.99804
297 76.2231 54.323 2.19893
298 41.3597 70.0995 1.80706
299 72.8398 82.3732 1.5912
300 52.3617 46.3118 2.08352
301 49.5426 74.7508 1.845
302 42.1231 42.2218 2.84461
303 58.5289 49.5863 2.01949
304 30.5574 76.5997 1.85401
305 56.6288 79.6955 1.80322
306 63.0256 17.5063 1.52954
307 68.3773 84.2441 1.45938
308 44.9358 69.6864 2.09327
309 47.8773 50.5718 2.6046
310 65.0614 19.0713 1.53899
311 43.3059 54.1608 2.64164
312 61.2898 59.1223 2.57519
313 10.207 95.9255 2.36205
314 48.4787 77.3556 2.70571
315 59.2417 53.2382 1.71614
316 60.6755 65.4328 2.21365
317 48.4568 67.8126 2.7881
318 68.0994 85.0452 2.04974
319 72.4403 82.2317 1.39532
320 76.1986 80.6242 1.33783
321 49.407 78.9962 2.56742
322 77.5256 77.2256 1.58741
323 48.5839 69.4256 2.44826
324 10.3156 10.4768 -1.01115
325 64.2541 51.2966 2.55679
326 56.1643 43.8541 2.04652
327 48.535 45.3393 2.05381
328 85.071 77.5404 1.11561
329 65.2509 1.50871 -0.126705
330 10.4966 94.3276 2.81629
331 65.781 22.4039 1.03926
332 21.9576 0.924032 2.16389
333 64.5827 70.1224 2.08166
334 41.7671 56.4331 2.51759
335 70.4228 81.7273 1.85437
336 79.2426 80.0564 1.577
337 44.2127 63.9653 2.55516
338 65.8949 53.4446 2.78126
339 52.9636 45.1094 2.62115
340 37.1147 40.4003 2.40549
341 45.4205 71.8991 1.86188
342 50.1356 72.7636 1.9149
343 63.677 52.5591 2.26198
344 59.3565 48.2927 2.11884
345 73.1527 10.8477 1.098
346 39.8184 53.4378 2.92151
347 5.61666 10.0672 -1.00945
348 32.1978 48.053 2.01714
349 98.2946 12.7206 1.11175
350 58.052 52.3455 1.79228
351 34.82 76.6027 1.7132
352 96.5047 21.1419 1.62312
353 69.9297 16.0106 1.14439
354 51.9631 38.8086 2.64144
355 59.2592 42.0261 2.11397
356 80.3425 76.5461 1.33778
357 96.641 12.1322 0.971414
358 53.0694 69.7399 1.81843
359 44.948 46.5643 2.33661
360 45.557 79.1941 2.5857
361 42.2684 35.9783 2.97418
362 54.5181 67.3219 1.66625
363 57.8063 47.2133 2.17767
364 67.3469 21.7806 0.755105
365 58.284 59.8928 1.88181
366 61.4187 70.2055 2.33873
367 81.142 81.0971 1.06053
368 39.7497 44.8056 2.68193
369 13.5347 94.5033 2.65671
370 62.4742 14.127 1.74555
371 48.4892 75.3106 2.26895
372 53.4258 63.8922 2.25876
373 62.8456 72.9984 1.76228
374 51.3586 76.3957 2.51244
375 65.7071 66.9563 2.24505
376 54.4987 68.2249 2.53706
377 8.87507 96.701 3.09182
378 50.0052 50.339 2.7691
379 77.7745 83.7246 1.68498
380 58.5291 46.0263 2.15188
381 7.73177 14.0771 -1.00642
382 57.1578 68.1099 1.88188
383 74.892 8.57164 1.42822
384 59.4043 62.4582 2.56197
385 71.5219 17.9758 1.40256
386 55.7535 20.0404 1.99066
387 42.4173 34.8695 3.11699
388 65.4942 49.3721 2.0666
389 45.819 47.6607 2.63613
390 41.6312 72.8593 2.28792
391 47.8305 68.7384 2.54646
392 46.6826 46.563 2.05002
393 65.1878 55.4989 2.2803
394 59.5105 71.5007 1.8108
395 52.5426 69.9254 2.23156
396 51.8635 80.1413 1.77029
397 55.0836 73.1046 2.15693
398 11.0579 94.6399 2.50755
399 40.3294 69.0431 2.22663
400 42.1873 64.3264 2.09381
401 22.3065 97.7948 2.13714
402 51.7699 37.2887 2.0503
403 58.9857 67.4745 1.62087
404 52.1627 47.5894 2.77469
405 94.0334 21.3701 0.908779
406 34.2049 40.4334 2.78421
407 59.9029 71.3105 1.99912
408 48.2339 56.2684 2.30243
409 85.1348 79.7034 0.895196
410 44.3351 66.9311 2.18098
411 53.8776 74.016 2.38682
412 60.319 41.8015 1.90265
413 43.2156 66.8182 2.1796
414 62.0046 53.5128 2.38833
415 89.7665 9.71573 0.715911
416 63.2869 66.702 1.90149
417 42.8905 65.0829 2.87476
418 53.5263 75.1597 2.05827
419 71.906 8.36926 1.30965
420 44.9648 45.3473 2.57901
421 52.5365 74.1008 2.41453
422 46.9574 65.4505 2.06942
423 74.9565 76.9936 1.18418
424 52.0348 80.335 1.79432
425 56.9732 63.3588 2.55491
426 4.82441 13.9413 -0.888757
427 51.9031 77.6134 2.38697
428 55.6185 51.0488 2.19701
429 59.5279 47.5525 2.60061
430 29.2093 82.1392 1.29491
431 64.8612 65.3614 2.3762
432 47.0725 76.6083 2.23411
433 86.3333 77.3618 1.44854
434 51.2232 47.5286 2.28309
435 67.9958 19.6323 1.48052
436 34.9775 81.8645 1.49243
437 45.6617 42.7177 2.0974
438 72.3188 87.8728 1.87649
439 78.4382 82.6903 1.61661
440 61.18 42.8532 2.03011
441 32.2257 40.3868 1.97299
442 57.2546 72.415 1.96874
443 8.83306 18.3551 -0.533464
444 60.021 59.0804 2.55619
445 88.5349 15.6111 1.19473
446 73.4029 17.0212 1.0541
447 37.5112 49.5393 2.58159
448 55.4934 69.0924 2.02429
449 68.833 46.2679 2.18291
450 45.5745 71.0803 2.64203
451 50.7716 40.1138 2.35166
452 53.7934 80.7085 1.88596
453 58.1157 42.5632 1.98191
454 56.2896 77.6341 2.47585
455 85.2617 10.5673 1.09405
456 41.2362 62.268 2.74684
457 49.2107 64.8866 2.6371
458 52.3129 61.4431 1.8682
459 98.5686 8.08363 1.13217
460 47.375 44.8784 2.69683
461 64.9893 14.6377 0.986074
462 61.0746 57.3631 2.10252
463 51.5596 66.491 2.13197
464 70.4646 62.8156 2.31337
465 45.6256 68.3863 2.83696
466 62.259 50.7447 1.94251
467 80.759 80.5278 0.875304
468 40.9853 43.1617 2.62577
469 35.4755 77.3313 1.21865
470 26.9463 86.5141 1.7239
471 52.3629 50.3354 2.33693
472 63.2538 59.5522 1.77739
473 61.9715 66.6754 2.40918
474 12.7842 13.5022 -0.761027
475 36.6266 45.3145 2.66892
476 97.1025 11.6243 0.85337
477 60.5495 49.2991 2.32744
478 40.4398 79.3306 2.05883
479 72.775 9.6023 1.65951
480 44.2024 53.1413 2.29531
481 82.1018 76.069 0.964432
482 51.5498 37.1276 2.22856
483 43.5215 71.0612 2.34381
484 40.7345 46.5419 2.10679
485 35.3907 33.6958 2.23879
486 62.9019 46.7683 2.44992
487 60.5508 49.4463 2.41081
488 37.8911 67.3691 2.09635
489 70.7563 8.51074 1.15816
490 74.9589 14.3114 1.26215
491 54.2704 44.7302 2.07705
492 63.9319 62.2796 2.0396
493 57.3533 53.3644 1.88681
494 53.2275 39.6923 2.11981
495 47.2111 49.9989 2.36511
496 55.2295 71.8045 1.73836
497 51.9637 75.5448 2.40439
498 62.089 45.663 1.84021
499 70.2214 92.4604 1.81204
