500
Particles
0 3.8069 34.0203 2.17482
1 76.5719 70.5839 1.37309
2 60.9449 41.3576 1.93165
3 53.3252 61.3749 2.186
4 96.7374 88.991 1.74808
5 82.5215 69.0347 1.24153
6 20.7311 6.12537 2.85337
7 65.4409 68.6576 2.07263
8 89.2422 97.3075 1.94358
9 45.8885 45.9498 1.40545
10 20.2145 84.5964 2.44743
11 18.3789 15.5521 2.78496
12 72.682 40.5575 1.38781
13 86.6611 59.6002 2.02689
14 98.3882 91.1218 1.95776
15 89.4318 67.3931 2.52809
16 53.6802 96.8618 1.20032
17 15.1281 21.5204 1.90576
18 3.88755 8.271 2.40015
19 98.6046 10.4392 1.85984
20 57.7159 63.5881 1.31285
21 18.7263 4.72548 2.80669
22 19.6536 95.7077 2.20165
23 94.1625 80.204 1.72759
24 58.9108 64.771 2.03579
25 4.24374 82.7388 2.59742
26 97.8506 31.3598 1.79046
27 14.0301 9.85852 2.34881
28 16.0958 99.8875 2.6542
29 82.4755 38.1207 1.10404
30 55.0687 36.7836 1.27945
31 17.4251 97.5638 2.14043
32 92.287 38.4304 1.72588
33 47.8977 71.4879 1.94884
34 2.71987 77.0696 2.94399
35 3.61985 13.6706 2.15836
36 31.7137 64.892 2.14677
37 81.5813 36.8405 1.25882
38 5.71613 87.8337 2.06005
39 95.9729 82.6545 2.47734
40 -0.266969 67.3156 2.28562
41 88.9904 75.3947 2.57456
42 24.2617 87.5413 2.08191
43 57.1146 63.0106 1.40733
44 80.8756 70.7231 1.12137
45 30.5661 92.9557 2.76407
46 3.25719 80.9096 2.60478
47 78.9072 59.9236 2.24558
48 16.8645 87.7522 2.23282
49 -0.477564 25.7991 3.33143
50 8.92763 10.9259 2.16462
51 25.4576 98.6244 1.99808
52 55.9477 65.3024 2.06131
53 34.6772 63.5169 1.70897
54 98.9642 88.3297 1.81441
55 62.7733 60.2667 1.15162
56 -0.375921 88.2968 2.78111
57 20.4806 77.7773 2.36944
58 7.06319 3.08099 2.96009
59 92.4282 66.5202 2.96287
60 9.05872 7.52832 3.02239
61 17.9178 85.8413 2.15975
62 85.2484 76.6985 2.85603
63 95.3064 12.4879 2.42873
64 14.5522 6.75865 2.92631
65 79.1696 60.5397 1.52436
66 5.74532 11.5188 2.36636
67 9.15671 12.1404 2.11533
68 83.0773 56.0774 2.05984
69 30.613 73.1109 -1.65415
70 18.1514 8.62371 2.96712
71 6.3091 83.5772 2.2192
72 5.4225 7.39256 2.93998
73 78.988 33.9095 1.06762
74 23.355 85.6883 2.23109
75 64.0724 65.1891 1.59691
76 23.5107 84.0144 2.38887
77 21.7582 8.97132 2.40465
78 87.5858 39.5682 1.40741
79 7.19617 4.09022 2.36169
80 18.4741 86.8096 2.85769
81 9.56117 13.726 2.39171
82 0.00702475 8.90241 2.83463
83 0.608269 4.393 2.28748
84 61.9687 57.8453 1.71863
85 20.2298 89.8233 2.2114
86 20.1875 87.0713 2.59969
87 85.8687 31.0746 1.49861
88 65.086 59.2665 1.93465
89 17.7797 82.2726 2.74623
90 58.019 65.6794 2.09411
91 17.2491 98.0254 2.25309
92 23.5877 5.55416 2.08897
93 92.7911 87.376 2.11081
94 16.7766 86.9077 2.21842
95 49.6188 38.1384 1.52777
96 16.9252 6.3566 2.32952
97 22.7536 12.8367 2.88591
98 5.68138 67.9105 2.2266
99 20.8034 3.79826 1.83876
100 61.3725 66.8778 1.4555
101 6.60639 9.6348 2.83869
102 19.9568 84.7792 1.97151
103 95.8654 64.0523 3.02436
104 18.9958 92.5514 2.58681
105 57.5667 68.1387 2.13871
106 99.4291 88.4102 2.34452
107 97.1027 78.3354 1.59929
108 20.4192 97.2484 1.92621
109 7.62526 2.17037 2.81432
110 65.5601 66.128 1.33964
111 87.4989 36.1724 1.17218
112 54.2452 60.9264 1.69696
113 16.6762 2.171 2.19202
114 14.8194 11.5817 3.00876
115 60.5555 37.8827 1.31574
116 21.3199 78.5959 2.87775
117 6.39483 87.3415 2.38167
118 66.5785 28.4802 0.816326
119 95.8442 90.7377 2.80515
120 91.0278 57.8356 2.84824
121 73.2908 69.0941 0.808261
122 10.1846 82.0289 2.3793
123 92.4111 86.8391 2.38667
124 61.7925 41.5326 2.10314
125 88.7197 39.8878 1.72964
126 52.9499 98.3482 0.618597
127 84.9363 61.5691 1.83431
128 63.7494 64.614 1.47369
129 7.01423 7.05535 2.35952
130 8.60651 91.3803 2.04154
131 22.3563 84.9421 2.50287
132 90.9388 38.3114 1.34668
133 -0.0629479 21.0088 3.1862
134 68.5346 75.5079 0.864059
135 82.1243 79.3163 2.32645
136 18.6693 80.5336 2.2426
137 18.1241 7.93465 2.63334
138 22.6438 89.4382 2.83211
139 92.3596 56.0046 3.04563
140 23.311 85.391 2.67704
141 92.3586 10.6212 2.70309
142 1.40062 2.29401 2.79554
143 1.21265 19.5505 2.7475
144 17.2832 8.76584 2.5023
145 10.3359 13.4858 2.57579
146 97.0136 76.882 1.78886
147 51.8133 72.3427 1.3185
148 81.6316 33.2648 1.20533
149 4.83339 13.772 2.73617
150 21.7057 86.6201 2.62753
151 98.0485 32.4125 1.62521
152 18.8199 80.3455 1.95709
153 21.8679 96.4456 2.33555
154 53.137 92.8937 0.976047
155 97.6873 21.4866 2.41953
156 97.6489 3.97802 2.39202
157 85.8497 70.3127 1.64633
158 99.0571 30.0491 1.75283
159 48.666 34.2248 1.20359
160 34.6727 64.7488 1.51703
161 51.8728 35.4967 1.1454
162 3.8833 12.0235 2.58684
163 79.523 48.0975 0.355194
164 78.6481 60.7474 2.31195
165 1.17344 8.70012 2.21849
166 63.2263 57.7736 1.21843
167 88.2369 35.035 1.09274
168 8.64828 7.38666 2.78451
169 74.4752 63.0996 2.0243
170 54.2002 42.5136 1.17207
171 19.4283 6.78079 2.60933
172 89.264 64.5035 2.98538
173 24.883 85.7699 2.26352
174 77.5306 66.8933 1.45169
175 91.7974 38.4867 1.86939
176 63.3132 43.3133 1.59812
177 3.50542 49.7208 -0.33394
178 55.748 63.8312 1.69154
179 15.6026 99.9305 1.89002
180 19.783 5.41979 1.942
181 3.71194 20.134 3.00829
182 7.40391 99.3013 2.1991
183 98.0432 24.712 2.47791
184 28.5331 8.97713 2.73835
185 81.7729 59.7344 1.97673
186 22.9495 93.5799 2.23506
187 57.5678 41.8754 2.12948
188 84.9528 67.385 2.30244
189 28.1045 25.4232 1.88222
190 80.2643 64.8239 1.78179
191 91.361 6.75261 2.56046
192 5.19669 60.0543 2.59153
193 24.5811 0.834614 2.19402
194 2.96692 66.8956 2.11625
195 13.6072 2.21592 3.21621
196 91.8081 54.3745 2.32643
197 17.4592 83.6293 2.58498
198 26.7718 8.75453 2.27929
199 50.7762 43.2452 1.28726
200 25.2513 9.6688 2.3315
201 70.4239 36.4657 1.17744
202 58.8126 66.4351 2.06496
203 51.7702 37.3503 1.59417
204 98.107 29.108 1.5643
205 87.2146 33.8934 1.21966
206 -0.407964 65.2767 2.52791
207 0.687545 81.1134 2.45818
208 1.84271 16.4987 2.20645
209 57.5497 40.9048 1.32217
210 9.05939 10.2493 2.61235
211 22.1077 93.0933 2.05886
212 97.3335 20.0933 2.50794
213 92.2209 33.5152 1.79302
214 84.0057 64.862 2.29093
215 2.17895 86.1946 3.09663
216 27.0878 92.2181 2.85269
217 14.6393 2.14859 3.19519
218 67.011 28.446 0.790997
219 14.7711 22.1259 2.02513
220 81.421 35.2512 1.09721
221 30.5254 4.74833 1.88849
222 80.8855 35.2926 0.914984
223 61.9888 67.6775 1.5786
224 47.9598 61.8055 2.48264
225 65.8076 41.3052 2.03909
226 45.6023 37.4699 1.41376
227 25.8082 97.1351 2.67607
228 21.0262 87.3332 2.3668
229 26.7702 91.8831 2.2839
230 88.0721 67.1798 2.06056
231 11.1293 7.89661 3.02932
232 23.1316 2.19602 2.66146
233 3.02181 78.5761 2.15799
234 95.2544 66.4461 2.40086
235 99.3391 88.0297 2.70018
236 51.9235 92.953 1.04398
237 61.3276 40.57 1.71704
238 10.908 2.55775 2.21202
239 2.99747 3.70285 2.83005
240 12.3641 7.19475 2.50177
241 90.9205 96.1606 2.48126
242 23.4697 94.7057 2.65765
243 25.3279 10.3384 2.05338
244 51.1351 35.1049 0.81891
245 24.6953 98.706 2.34334
246 21.6994 89.7774 2.61269
247 82.0553 63.0779 2.47124
248 94.2086 87.6972 2.38116
249 7.17712 65.8332 3.00412
250 9.44101 7.99466 2.16059
251 25.5273 25.3075 1.10509
252 59.6165 69.4404 1.56844
253 39.6391 58.6688 3.07382
254 21.1547 84.2495 2.49846
255 3.82704 9.26544 2.71672
256 23.9796 93.078 2.12946
257 16.2621 82.686 2.09555
258 96.7773 6.96483 2.51061
259 98.6058 87.9035 2.71359
260 4.91751 25.581 2.43428
261 1.83323 99.7157 1.77424
262 26.0465 88.6952 2.52414
263 23.5533 2.42449 2.16921
264 52.7772 74.3328 1.78293
265 17.6144 83.2854 1.97414
266 5.58572 33.4938 1.99234
267 13.6813 7.21674 3.09944
268 90.8291 56.4173 2.36554
269 12.1979 11.8552 2.51474
270 7.21711 1.12999 2.38979
271 1.72239 92.266 2.64212
272 90.524 33.2712 1.62706
273 93.9536 62.8812 2.96536
274 9.83697 88.0279 2.64415
275 21.7984 87.5915 2.19767
276 4.20941 28.746 2.56207
277 23.8129 5.7355 2.53496
278 72.2982 69.2214 1.5274
279 23.8724 95.6056 2.40953
280 14.5133 7.32337 2.34667
281 19.9353 89.6211 2.70754
282 98.9432 91.2327 2.013
283 90.6146 32.7072 1.28251
284 39.5919 84.838 2.62698
285 20.8312 8.79023 2.86042
286 86.7836 72.7352 2.61303
287 19.315 88.8089 2.1696
288 53.2362 28.6076 1.89077
289 29.4271 73.6171 -2.53245
290 8.13104 83.8059 2.58695
291 95.5713 20.3416 2.67518
292 94.7582 19.9297 2.54168
293 2.07544 79.4344 2.91081
294 5.39651 93.5143 2.28654
295 17.1187 3.35169 2.99173
296 29.5043 7.75072 2.04391
297 51.422 95.3791 1.4221
298 6.98756e-05 5.35413 2.61864
299 66.4698 36.3585 1.33259
300 11.7151 83.4571 2.22154
301 7.89218 9.73425 3.04857
302 89.4901 56.99 2.27754
303 20.9406 89.8962 2.43452
304 96.3456 15.2817 2.95415
305 27.9024 24.805 1.66004
306 47.4861 68.1192 1.72905
307 63.5854 38.7205 1.63889
308 1.31907 2.06749 2.91607
309 6.23408 85.8116 2.63494
310 56.3549 70.7971 2.16938
311 96.4951 81.2922 1.88753
312 24.086 99.4744 2.23412
313 91.9314 34.5179 0.984367
314 7.31463 13.6348 3.01276
315 23.6009 94.7546 2.13487
316 24.2811 5.99361 2.33707
317 5.17412 1.59281 2.54994
318 63.5383 39.2108 1.66276
319 78.2616 36.9458 1.31456
320 83.3144 35.1932 1.16889
321 9.21983 16.2197 2.48848
322 79.4149 31.8087 0.599507
323 6.86775 4.36774 2.74514
324 47.297 40.9592 0.710356
325 28.6548 92.3085 2.47743
326 18.8045 84.5817 2.44221
327 4.63631 77.2611 2.18164
328 88.4517 31.5136 1.4826
329 89.0753 42.1334 0.93889
330 92.0015 32.4133 1.22082
331 55.9224 73.23 1.38339
332 51.7025 41.0261 1.42675
333 30.6963 11.9298 1.78115
334 94.6207 83.0928 2.06993
335 65.0149 34.929 1.46969
336 84.7779 33.958 1.4571
337 96.6227 90.2748 1.92705
338 29.5622 94.0666 2.45055
339 14.2287 84.2157 2.35033
340 86.8376 57.5547 2.4559
341 1.33429 3.87533 2.03741
342 10.1575 10.5485 2.80288
343 27.5992 93.7775 2.32499
344 24.2313 90.1844 2.31938
345 62.446 62.4037 1.92763
346 94.4237 82.2667 1.56342
347 7.58754 26.5042 2.58839
348 85.5936 74.9508 2.22794
349 81.1888 61.0018 2.04964
350 20.2845 92.6733 2.33933
351 99.0339 15.3218 2.24522
352 81.852 69.1492 1.71401
353 61.4345 66.4132 1.77195
354 3.81412 62.8306 2.68666
355 22.5667 82.8394 1.98464
356 86.2744 29.886 1.31891
357 80.7073 61.4523 1.74189
358 11.5599 5.07672 2.65199
359 1.11018 79.1156 2.41542
360 5.07786 15.7888 2.85984
361 3.93573 31.5775 2.76263
362 13.7098 3.44323 3.04954
363 20.7629 88.0442 2.79773
364 57.8289 71.345 1.79956
365 20.8401 100.119 2.37598
366 23.533 9.64063 2.50081
367 88.2264 34.5317 1.60052
368 88.953 63.1995 2.82806
369 95.4981 33.4673 1.36111
370 44.6036 64.3477 2.51244
371 6.07744 10.3192 2.59136
372 12.4226 100.069 2.44198
373 55.1747 9.54602 -0.310337
374 9.48611 11.7751 2.9868
375 31.6023 9.11219 2.42749
376 12.8382 3.87064 2.6278
377 92.2938 35.9419 1.80731
378 8.49054 85.8535 2.0373
379 84.9083 37.7435 1.36034
380 20.2211 84.9311 2.70489
381 47.7915 42.1259 1.1784
382 20.6184 8.51239 2.35777
383 67.9547 61.8361 1.21434
384 22.1624 2.04959 2.26739
385 65.6509 68.1067 1.7614
386 32.0844 61.468 1.81445
387 -0.263386 24.3336 3.31982
388 29.0108 90.3054 2.44467
389 0.263549 78.1245 2.78619
390 98.3829 6.31774 2.46814
391 6.16738 3.89061 2.61293
392 2.41224 78.2416 2.55836
393 27.7614 95.3221 2.001
394 19.2506 8.40482 2.66335
395 9.5676 4.22613 2.65742
396 13.9057 20.0436 2.65085
397 10.5882 4.98219 2.79864
398 92.3346 32.835 1.08128
399 91.4277 92.9493 2.17564
400 94.9223 91.4684 2.59545
401 49.1786 39.0784 0.857395
402 3.71606 63.1949 2.96232
403 20.1068 6.43738 2.39854
404 12.4188 85.4363 2.35785
405 80.2682 70.0959 1.68109
406 85.5391 61.8952 1.91088
407 23.223 11.1618 2.68908
408 3.99237 87.7278 2.4992
409 87.8868 33.617 1.00055
410 96.6344 93.7168 2.76175
411 12.0031 10.0043 2.75138
412 21.7451 80.5321 2.31359
413 1.14503 2.28703 2.41165
414 27.5365 95.9197 2.03373
415 76.4048 61.8795 1.6475
416 24.9812 5.51439 1.99763
417 95.7784 91.9678 2.65528
418 12.403 11.4768 2.30947
419 63.4408 60.2945 1.69389
420 99.1942 75.4324 2.5351
421 11.0734 10.0367 2.45853
422 99.1415 92.2437 3.03027
423 55.9396 23.7396 2.85489
424 13.8774 18.9892 2.88924
425 18.2906 1.99505 2.63126
426 7.46221 29.7734 2.34788
427 12.6575 15.4027 2.75645
428 15.7105 88.5816 1.86354
429 22.1459 87.7417 2.66982
430 1.12143 21.1916 2.26658
431 28.7651 5.173 2.04604
432 6.93549 13.7816 2.87948
433 93.1711 30.1559 1.67145
434 7.12425 79.5041 2.85344
435 60.1376 71.578 1.87552
436 5.38172 20.5552 2.25215
437 92.8378 56.7487 2.32271
438 84.4634 40.0378 1.14854
439 87.6372 35.9304 0.983625
440 23.0606 82.304 2.60772
441 84.019 61.0411 2.64084
442 15.3335 6.91173 2.86119
443 48.7415 44.5392 1.18107
444 24.3617 0.757184 1.76786
445 76.6033 66.6404 2.03059
446 64.4004 67.6197 1.37527
447 92.378 78.8011 2.25307
448 15.5142 5.70214 2.93409
449 28.6813 72.6757 -1.83946
450 3.2837 5.20723 2.9453
451 2.83575 64.3427 3.03752
452 17.3433 21.7496 2.81926
453 20.0079 82.0717 2.66757
454 20.8581 18.9522 2.79343
455 73.9437 62.4485 1.209
456 92.7322 86.6858 2.58411
457 2.16375 91.8997 3.17524
458 6.59828 91.2364 2.47458
459 83.7457 57.3644 2.48817
460 1.81967 74.684 2.36151
461 46.5032 64.6488 2.30986
462 25.039 98.7242 2.14284
463 9.98877 2.41311 2.76048
464 38.5631 1.68497 0.327853
465 3.83082 3.59441 2.36552
466 25.4236 91.5446 2.63108
467 86.468 34.6908 1.26681
468 90.0774 61.6328 2.0796
469 2.23928 17.864 2.92876
470 3.7802 23.7875 2.68391
471 9.50615 84.1582 2.32704
472 25.4659 99.1684 2.01187
473 25.6065 6.96393 2.17199
474 50.8579 43.672 1.28652
475 86.3013 63.5049 2.59829
476 82.1343 60.8996 2.28459
477 24.8761 90.7869 2.73058
478 4.62248 17.1407 2.24884
479 61.0071 61.7666 1.96012
480 97.5855 80.8855 2.18495
481 86.3665 28.197 1.31347
482 5.10552 65.7786 2.70346
483 0.915778 4.90128 2.6063
484 96.4725 77.3097 2.29543
485 3.29698 30.7112 2.56394
486 25.221 86.8121 2.86059
487 23.2961 89.7408 2.53489
488 91.7029 94.7208 2.9311
489 59.4758 61.0114 1.44583
490 67.5426 64.5729 1.49115
491 15.7688 83.4935 2.73565
492 25.6933 2.15571 2.39644
493 19.6276 93.0535 2.78038
494 5.34325 65.7475 2.63702
495 1.04574 79.7216 2.25038
496 15.7808 9.64492 2.98564
497 11.4667 12.2119 2.4762
498 25.18 85.974 2.89435
499 86.5149 41.1363 1.59339
