500
Particles
0 52.9182 25.2206 2.41145
1 78.3568 16.942 2.31564
2 61.3845 77.5021 -2.48927
3 59.8023 48.6812 1.65936
4 91.3587 13.9594 2.49218
5 61.99 22.1563 2.93077
6 52.043 36.918 2.08333
7 62.606 60.7605 1.28552
8 80.0176 24.6447 2.53843
9 80.1091 27.5144 2.77634
10 71.7787 25.7205 2.13104
11 46.7502 66.4257 0.46017
12 51.1342 50.374 1.29604
13 95.2407 6.0033 2.36084
14 92.2193 16.309 2.90944
15 6.47897 24.8673 -2.07348
16 76.6703 28.3314 2.20687
17 87.3296 35.0714 2.36515
18 90.0791 23.5842 2.44959
19 60.5365 43.794 1.26862
20 55.8799 49.6931 1.27244
21 44.075 36.9735 1.85378
22 66.2156 34.0192 2.10471
23 96.2306 10.7485 2.8806
24 58.185 53.1581 2.06794
25 60.1076 29.7363 2.12844
26 61.4998 17.9579 1.92661
27 37.3037 60.9835 0.208708
28 55.5476 32.9746 2.34602
29 8.39008 6.30624 0.713281
30 62.3658 85.4742 -2.93148
31 62.7793 33.9909 2.90669
32 55.9511 48.1687 1.90844
33 63.3992 75.6646 -2.02953
34 63.3551 29.6701 2.2769
35 87.7129 29.6401 2.99352
36 37.0171 78.41 0.743757
37 52.8025 43.1207 1.90303
38 56.1296 30.167 2.00346
39 92.7047 11.831 2.95273
40 66.6688 29.1797 2.57334
41 90.5709 11.4186 2.28335
42 73.5594 31.0406 2.80588
43 60.3754 49.7145 1.40497
44 78.5957 20.0497 2.46509
45 74.779 28.5696 2.34956
46 64.6257 33.1888 2.35305
47 80.1715 51.8453 2.77442
48 67.5099 29.8138 2.49079
49 60.4141 24.1393 2.81642
50 95.4418 29.5409 2.65921
51 67.717 34.5517 3.01264
52 59.2142 51.5846 1.29701
53 37.5412 76.8711 0.578721
54 95.2127 15.4376 2.24357
55 65.3622 45.1847 2.13008
56 96.2128 16.7184 2.93772
57 70.2618 20.5 2.80612
58 93.9497 20.5809 2.47241
59 58.2545 29.7967 2.37062
60 93.2717 27.1584 3.08022
61 71.1547 28.5827 2.7519
62 78.7963 23.963 2.62297
63 76.3453 11.4438 2.70289
64 49.1036 41.6136 2.18547
65 67.3912 49.6684 1.92071
66 90.8297 29.8682 2.50734
67 91.3424 29.5053 2.55172
68 65.8357 46.9116 1.4332
69 75.528 21.2881 2.73833
70 50.4483 40.1551 2.15273
71 63.3005 29.6226 2.64498
72 91.5056 25.274 2.8054
73 54.7345 42.4783 1.32
74 68.7261 22.5401 2.98272
75 63.2113 56.5259 1.36485
76 71.1539 21.119 2.18152
77 52.5413 40.0472 1.60204
78 61.8832 15.4153 2.13435
79 95.06 21.7418 2.7666
80 67.254 25.8053 2.3355
81 90.5847 28.8323 2.58521
82 60.0975 40.422 1.99648
83 90.0275 19.4489 2.35927
84 67.5535 42.5019 1.53662
85 67.3031 27.2904 2.43026
86 68.1073 25.4111 2.60268
87 58.1741 38.1861 2.24989
88 62.4428 44.6416 2.28606
89 65.9804 22.1949 3.03822
90 59.3825 53.1563 1.74506
91 60.8254 34.4185 2.45703
92 57.8287 36.8529 2.29702
93 89.4969 14.912 2.45833
94 69.7453 29.3494 2.80262
95 59.4717 44.1394 1.97149
96 44.0348 40.0176 1.68613
97 53.1997 43.6984 1.73786
98 65.8568 22.236 2.98407
99 57.9838 37.27 1.84979
100 61.5196 52.0014 1.33076
101 92.5457 24.7045 2.28093
102 72.303 26.8526 2.91459
103 63.2383 27.1451 2.12358
104 68.779 32.0962 2.56902
105 56.712 54.6232 1.23368
106 93.2264 14.9957 2.67584
107 53.2466 30.0567 2.3698
108 67.0137 33.3011 2.7357
109 0.211218 21.5934 1.99655
110 82.008 59.1617 2.31434
111 53.8468 42.1208 1.81062
112 57.257 48.2168 1.47761
113 53.3592 35.6105 1.94518
114 42.7574 46.2737 1.23717
115 51.2019 49.2409 1.18108
116 68.8005 18.2742 2.70832
117 61.0079 32.945 2.04683
118 55.4068 50.3083 2.11634
119 93.5771 16.1601 2.94073
120 59.2854 27.7191 2.8969
121 84.9085 27.4312 2.70032
122 68.5476 30.1743 2.24138
123 85.9651 20.8469 2.76552
124 90.7333 98.0803 -2.97418
125 65.4459 44.8754 1.85953
126 75.2636 37.2739 2.82403
127 91.9232 8.23324 2.2622
128 60.1422 53.0229 1.93479
129 58.2609 80.1364 -2.7655
130 56.4221 33.3883 2.5773
131 69.2665 23.649 2.14675
132 69.3852 46.2785 1.75194
133 68.7657 48.0887 2.16943
134 59.8603 22.3146 2.33663
135 55.908 40.8397 1.51263
136 67.3716 21.8065 2.99402
137 49.2514 41.6241 2.04871
138 69.8752 27.7544 2.41821
139 61.6081 27.1573 2.20224
140 72.8113 25.3274 2.49144
141 66.6514 46.7993 1.78143
142 92.0651 18.2568 2.62333
143 77.7711 31.3336 2.21716
144 49.6436 44.7201 1.98795
145 58.0461 80.0782 -2.3625
146 56.4684 30.7723 2.19862
147 61.3549 74.0547 -2.42121
148 57.1046 41.2155 2.13531
149 90.2831 28.1139 2.9072
150 74.3534 28.7424 3.00398
151 58.3006 46.6626 1.67138
152 69.0144 21.1895 2.97941
153 66.0588 31.7018 2.33776
154 77.9972 30.1011 2.24838
155 71.2562 49.8051 2.06088
156 84.8014 26.1996 2.7042
157 73.6043 38.5361 2.9564
158 60.6381 19.8102 2.78793
159 79.22 35.7828 2.93928
160 65.2922 78.215 -2.25359
161 75.5379 33.9197 2.38968
162 89.5294 30.3913 2.50965
163 63.1709 43.1021 2.19694
164 64.1932 52.9317 1.46893
165 87.5012 27.84 2.71889
166 63.2873 43.6332 1.45177
167 57.1841 44.4407 1.83928
168 91.7832 22.5857 2.71542
169 63.1022 50.8803 1.59005
170 79.3417 10.2344 2.43657
171 51.0371 36.9251 1.84814
172 51.7477 27.4458 2.64935
173 74.5136 25.6942 3.02993
174 61.1146 19.8579 2.30583
175 68.5804 43.8392 1.30158
176 100.408 28.1952 -0.42427
177 63.6622 25.8745 2.67787
178 59.9544 52.184 2.09464
179 55.8912 33.67 1.62249
180 54.3645 37.0282 1.64209
181 80.9379 29.969 2.44096
182 97.8234 17.1449 2.45312
183 55.0179 26.2221 2.10586
184 59.4869 37.3437 2.4602
185 67.5701 50.4009 1.56379
186 70.3001 31.8799 2.35437
187 57.3976 47.8659 1.82508
188 86.3732 18.0608 2.6406
189 62.3909 81.0706 -2.05367
190 60.7501 20.1141 2.9081
191 50.7018 46.0493 2.06592
192 66.3388 20.5073 2.52754
193 64.3723 34.8647 2.63982
194 66.2864 24.8013 2.59685
195 47.5858 38.0346 2.03758
196 61.8784 25.6512 2.57258
197 68.1879 24.0014 2.32416
198 58.1354 37.1306 2.25275
199 60.9648 21.3304 3.01853
200 55.7451 39.8784 1.4305
201 8.02832 3.86964 1.06367
202 60.0101 52.5546 1.2761
203 79.3347 37.1466 2.55471
204 62.4516 19.3993 2.05489
205 56.7417 42.1595 1.33999
206 65.5221 26.2855 2.68323
207 59.1129 31.3363 1.89152
208 62.9072 41.2971 1.71706
209 56.485 49.7126 1.65942
210 93.3501 26.1814 2.34753
211 67.6008 29.9419 2.63204
212 68.754 47.5791 1.47773
213 59.6131 44.8546 1.43854
214 83.3997 15.6829 2.42245
215 53.1083 32.4196 1.73339
216 75.1149 33.6819 2.6386
217 48.3899 36.2977 2.22727
218 81.9334 48.4969 2.71258
219 88.8725 35.3145 2.97793
220 55.071 42.3639 1.57496
221 68.9823 36.7508 2.91061
222 53.7441 43.2324 1.46577
223 57.3598 57.0223 1.97176
224 59.2352 49.1547 1.34543
225 48.7744 65.9508 0.256005
226 78.045 28.3736 2.31046
227 70.289 32.3824 2.92061
228 70.2743 26.2729 2.69251
229 72.2072 27.3282 3.10169
230 96.6278 8.43423 2.01712
231 96.2933 24.683 2.82332
232 62.3641 36.363 2.52126
233 62.9759 28.9764 2.18262
234 60.3371 25.9562 2.45527
235 96.6902 15.105 2.27968
236 77.2678 26.3513 2.4517
237 63.8381 80.6498 -2.22439
238 96.2808 15.0905 2.605
239 89.8026 16.0697 2.0117
240 46.3789 45.9666 1.61592
241 81.1135 24.626 2.46159
242 70.5709 35.2858 2.81045
243 55.6316 38.8159 1.87611
244 78.1691 35.181 2.57249
245 67.8178 34.1358 2.26324
246 70.8053 27.4369 2.69118
247 91.4622 2.64689 1.90616
248 91.1152 17.0841 2.0735
249 67.397 21.1898 2.70943
250 35.1553 63.5134 0.596304
251 59.8135 79.8495 -2.91996
252 56.9173 59.9049 1.88732
253 57.5734 50.9379 1.8208
254 70.6351 25.3989 2.50633
255 89.7455 27.4106 2.86359
256 71.1233 33.1376 2.66098
257 70 26.8886 2.19514
258 83.7501 28.6931 2.57173
259 97.0794 16.3165 2.49522
260 62.9203 21.8684 2.0468
261 93.1492 17.4914 2.96259
262 74.811 29.4239 2.11369
263 61.9166 35.0456 2.60796
264 62.7468 75.7116 -2.03443
265 67.9367 23.8061 2.22813
266 64.7716 25.4 2.28121
267 44.6675 42.3126 1.57392
268 60.9514 28.591 2.19653
269 38.3455 64.956 0.884658
270 95.9687 20.1898 2.01063
271 -0.299034 17.9477 2.2905
272 58.2037 44.8546 1.67064
273 61.9413 27.3409 2.64875
274 64.3964 32.2963 2.44331
275 69.6441 24.6874 2.75483
276 64.4643 23.5881 3.02583
277 56.5039 36.5034 1.52228
278 74.4541 14.6467 2.24317
279 71.4165 36.5284 2.32399
280 96.5136 19.6474 2.53952
281 70.3711 30.4667 2.29873
282 93.6246 15.5096 2.66721
283 54.1598 48.6197 1.25491
284 73.4732 18.6562 2.25598
285 51.2782 40.3138 1.6282
286 89.4968 10.6966 2.84436
287 67.2463 26.5477 2.88816
288 61.6202 45.253 2.11645
289 75.0098 20.4372 2.05349
290 64.379 30.711 2.15293
291 81.5025 19.4296 2.05722
292 63.7614 50.1069 1.83836
293 62.5311 31.678 2.86123
294 97.6303 15.2542 2.17465
295 96.691 48.6235 0.558213
296 60.597 38.3209 1.55728
297 75.774 28.8545 2.59185
298 84.031 22.9127 3.17084
299 53.4285 44.4185 1.45658
300 66.0053 26.8558 2.61492
301 93.1053 27.569 2.33375
302 57.2354 25.8482 2.04655
303 69.8447 28.5777 2.17435
304 76.2421 12.8371 2.92308
305 62.5582 79.5984 -2.42144
306 48.0559 66.0373 -0.210547
307 62.9695 79.7871 -2.58518
308 95.1241 20.2713 2.48396
309 62.8105 33.1463 2.87784
310 50.8989 65.6627 -0.356212
311 -0.263759 11.8218 2.1384
312 66.7914 33.8302 2.95539
313 56.3787 45.7813 2.1031
314 89.7427 33.2593 2.19765
315 67.671 30.1275 2.40272
316 56.3891 37.966 1.52993
317 94.2312 21.501 2.35311
318 52.8095 51.4752 1.28861
319 52.9442 44.5901 1.97976
320 53.9746 42.2183 1.25464
321 88.0468 33.3545 2.90335
322 55.4023 39.7038 2.09427
323 92.8437 20.999 2.04629
324 68.0174 11.8028 2.07129
325 74.7466 32.257 2.54407
326 69.4073 23.8757 2.63542
327 65.8369 28.807 2.22559
328 59.9767 39.3971 1.88268
329 60.7167 45.8003 2.24363
330 58.48 44.5917 1.27289
331 62.4722 69.9718 -1.90048
332 58.4426 46.2046 1.29754
333 57.7216 37.7842 1.69229
334 91.221 13.4883 2.70892
335 50.6931 44.9918 1.79945
336 55.8247 41.0654 1.39076
337 90.0382 14.188 2.78201
338 72.5231 31.521 2.50031
339 70.4277 30.0655 2.24519
340 40.8288 37.8872 2.08208
341 90.2561 20.1882 1.99132
342 91.6424 22.9861 2.35413
343 72.6803 34.1899 2.82336
344 71.7471 28.7369 2.88405
345 61.7372 49.606 1.8864
346 86.8481 11.6221 2.39808
347 61.9369 19.8346 2.25906
348 86.557 17.7389 2.48261
349 61.6796 16.3762 2.44122
350 68.6505 33.552 2.16929
351 81.9876 26.8076 3.23222
352 78.2541 18.6226 2.33378
353 58.6857 55.6953 2.01435
354 66.4492 23.199 2.65617
355 72.0025 22.431 2.44459
356 58.2686 40.0112 1.93479
357 81.434 54.7575 1.91476
358 96.0175 20.8804 2.21471
359 59.4672 29.0401 2.61785
360 82.3297 35.0718 2.73759
361 57.8381 23.3562 2.8734
362 46.2948 40.3883 1.95045
363 68.9225 24.8869 2.62362
364 65.0854 75.8579 -2.06573
365 64.0474 34.1704 2.94318
366 52.9696 39.0575 1.73011
367 55.5966 42.7545 1.7562
368 54.1211 28.3545 2.02487
369 59.7756 44.8566 1.63635
370 55.5148 52.4336 1.61937
371 91.3501 28.5745 3.07837
372 0.663773 16.2721 2.20633
373 54.086 40.9653 2.2215
374 62.2248 80.8969 -2.44709
375 62.7002 35.3894 2.07577
376 0.541974 19.2628 1.6733
377 57.3634 46.2443 1.8761
378 63.9515 32.9338 2.44304
379 53.9254 45.1825 1.58178
380 71.7479 27.2733 2.65223
381 64.6724 17.4338 2.12804
382 47.5803 37.8639 2.1047
383 63.282 46.994 1.32818
384 62.3229 36.4704 1.86511
385 54.2872 65.8173 -0.283645
386 38.4045 76.4291 0.745301
387 61.7321 23.8815 2.18232
388 75.3424 29.6853 2.99486
389 57.7152 27.3129 2.02057
390 86.9141 22.4535 2.24792
391 93.8907 18.9469 2.06367
392 57.0933 24.2302 2.35513
393 72.264 34.6901 2.45214
394 47.0091 40.1968 1.80481
395 95.5103 21.5549 2.72264
396 89.7257 34.0387 2.93941
397 49.463 48.9538 1.67154
398 57.9456 44.6461 2.22159
399 84.0285 25.0156 2.46084
400 89.0961 15.2014 2.62948
401 61.399 43.6707 1.36247
402 67.2317 23.0795 2.92425
403 44.8181 36.0811 1.41
404 66.8531 29.2405 2.10187
405 77.3295 17.5816 2.12793
406 94.1225 6.30863 1.88057
407 50.2577 38.69 2.3099
408 53.0356 32.3778 2.5379
409 57.358 41.6047 1.44859
410 89.8884 17.3701 2.23683
411 45.8627 47.6057 1.3875
412 76.7778 24.7576 2.14538
413 91.5881 18.0277 2.82141
414 71.6047 33.9725 2.84834
415 62.4926 49.5625 1.74616
416 59.4396 36.9567 1.61398
417 87.4574 15.0726 2.36997
418 94.2622 25.2433 3.16578
419 63.1628 46.1118 1.58948
420 61.7484 30.6078 2.53475
421 90.6455 24.101 2.24519
422 95.3742 18.5184 2.62728
423 56.1704 41.166 1.58822
424 94.4358 31.3497 2.23966
425 51.149 34.8754 2.28642
426 54.949 46.4442 1.31558
427 59.2827 81.2894 -2.54114
428 69.1363 32.6362 2.60243
429 73.4274 31.267 3.03515
430 76.1657 31.0511 2.80844
431 64.3218 35.9281 2.0636
432 90.9156 30.1684 2.40399
433 56.3799 44.0167 1.59007
434 64.7716 29.2085 2.10861
435 63.1843 74.12 -1.6537
436 79.5276 30.8837 2.49683
437 62.4034 25.9292 2.67624
438 8.3584 6.89993 0.862125
439 55.5753 43.7714 2.06103
440 71.0086 20.3275 2.29107
441 92.963 5.94214 2.41793
442 49.2515 41.0658 2.10874
443 64.739 23.0555 2.64442
444 66.7517 35.1227 2.16707
445 61.1764 20.5891 2.42494
446 68.4647 70.643 -1.30778
447 92.7112 10.1215 2.397
448 3.16325 38.7214 2.25903
449 73.9483 20.3396 2.80131
450 92.885 21.9404 2.24084
451 67.8269 25.0611 2.87434
452 60.6548 82.1829 -2.40516
453 73.412 25.7573 2.71607
454 58.3648 80.5293 -2.46216
455 65.7017 47.7425 1.90752
456 86.7499 13.9439 1.99859
457 96.8753 15.6173 2.51189
458 37.249 36.4259 2.22389
459 66.8566 47.4929 2.12315
460 62.3924 27.6336 2.21316
461 57.8728 52.8713 1.79973
462 69.231 35.7607 2.29111
463 98.1035 18.4233 2.83861
464 70.6832 37.186 2.93229
465 94.2963 21.1863 2.85587
466 72.2477 30.5661 2.99882
467 54.3537 42.0988 1.29629
468 57.1777 27.0724 2.5864
469 82.3351 29.066 3.02081
470 80.884 17.7724 2.6158
471 68.2307 32.8876 2.69278
472 68.9778 35.5653 2.47675
473 55.8511 36.6489 1.40387
474 7.85809 25.865 -1.87951
475 92.3342 8.24503 2.55054
476 83.6077 55.1909 2.04811
477 67.7108 25.0104 2.28162
478 65.8997 41.2735 2.24032
479 60.7582 48.2597 1.92189
480 0.761422 15.1129 2.20249
481 60.939 38.8156 2.17364
482 68.0108 23.8005 2.43509
483 90.7814 22.1448 2.32064
484 55.9984 30.5386 2.04017
485 55.8744 24.3079 2.82081
486 75.5316 25.7672 2.32713
487 73.6034 31.4831 2.74018
488 82.8775 26.1684 2.89157
489 64.7554 45.6109 1.81983
490 57.0638 58.9964 1.0941
491 70.2789 27.412 2.97377
492 69.4573 38.4741 2.61226
493 68.1356 33.0609 2.94865
494 69.3428 25.2236 2.59878
495 61.677 32.0389 1.96448
496 48.9572 45.9581 1.5549
497 96.9379 27.2416 2.64356
498 75.9244 29.1368 2.15328
499 80.9975 50.3425 2.68489
