500
Particles
0 59.1528 19.3348 2.02931
1 85.7652 12.3919 2.66434
2 68.1507 82.8528 -2.24356
3 61.4655 40.2217 1.36047
4 98.2049 8.96907 1.96363
5 68.5233 16.5083 2.28688
6 52.9778 28.2842 1.46384
7 60.6572 53.1552 0.788357
8 86.9097 19.6307 3.01544
9 87.334 22.9036 2.71626
10 78.1791 19.7277 2.37987
11 38.1001 66.5655 -0.292783
12 51.4718 41.6784 2.03582
13 -0.1358 99.5056 2.41852
14 98.8193 10.7353 1.99189
15 6.69374 33.1691 -1.2682
16 83.5862 23.1396 2.98351
17 95.0839 32.0055 -2.73668
18 96.1085 17.4672 2.43706
19 62.7939 35.5443 1.84626
20 56.2336 41 1.44316
21 46.3662 28.5611 1.33911
22 73.1602 28.7192 2.08714
23 2.09658 4.67048 1.71546
24 59.1236 44.5288 1.74333
25 66.4766 23.9531 2.71545
26 68.2046 12.5868 2.52133
27 29.0366 58.5835 0.434362
28 59.3518 25.2964 1.98338
29 6.05621 99.4143 2.8112
30 69.5803 90.105 -1.95022
31 69.4286 28.5644 2.03476
32 56.3745 39.3735 1.22738
33 70.1623 80.9704 -2.04241
34 70.4969 24.7856 2.91857
35 94.2764 24.2877 2.80107
36 32.864 70.8049 1.0106
37 53.4479 34.3901 1.94658
38 61.8457 23.6436 2.43014
39 99.4974 6.54421 2.17095
40 74.2215 24.8822 2.94693
41 96.6986 5.28131 2.53813
42 80.6256 26.0457 2.71534
43 59.8625 40.9014 1.7036
44 85.8804 15.7093 2.27488
45 80.8448 22.5063 2.59706
46 71.377 27.8777 2.93461
47 82.8653 44.7457 1.68882
48 74.7944 25.1142 2.09255
49 67.0102 18.644 2.26346
50 1.71082 25.5576 -3.26059
51 75.3308 30.7897 2.07584
52 58.5882 42.9082 1.32153
53 31.7117 70.4276 0.663544
54 1.41467 9.40099 1.94532
55 68.3156 36.95 1.76714
56 2.65915 11.1335 2.63242
57 77.2663 15.7882 2.26897
58 98.9498 13.5643 2.59957
59 63.7758 23.08 1.93871
60 0.364311 22.4243 1.98909
61 78.5588 24.1064 2.3088
62 85.5319 18.3675 2.14164
63 83.4842 6.49273 2.91766
64 50.5908 33.0814 2.05963
65 68.9233 41.3005 1.41611
66 97.7646 24.5253 2.70497
67 98.4794 24.6114 2.95197
68 67.8068 38.4957 1.89511
69 82.9382 17.1705 2.43721
70 51.532 31.6447 1.68069
71 70.0792 24.422 2.16523
72 98.3494 20.2194 2.82755
73 55.554 33.8376 1.72659
74 76.2021 17.9866 2.67839
75 63.0716 48.2441 1.57358
76 78.0373 16.0176 2.79767
77 53.2335 31.3878 1.21674
78 68.4764 9.78156 3.04662
79 0.887156 15.4861 2.39946
80 74.7476 21.3639 2.03202
81 97.2791 23.353 2.81018
82 62.6403 32.3085 1.45604
83 96.3283 13.5071 2.00324
84 69.8303 34.2322 1.839
85 74.2734 22.1465 2.36201
86 75.1233 20.2032 2.93687
87 61.6456 30.4248 2.31442
88 64.0603 36.224 1.92593
89 73.1657 17.6015 2.53414
90 58.9477 44.5511 1.7833
91 67.4362 28.7114 2.82319
92 61.651 29.1865 1.84866
93 96.4452 9.55575 2.69571
94 76.7941 24.2368 2.41186
95 59.6616 35.5803 2.0255
96 45.8877 31.4699 1.83221
97 54.1044 35.0933 1.47905
98 72.9146 17.3863 2.69082
99 61.3747 29.3475 1.5506
100 61.3582 43.3053 1.45654
101 99.0875 19.1049 2.20938
102 79.354 21.8834 2.12632
103 69.3898 20.9865 2.54252
104 76.4393 27.9754 2.6751
105 56.3446 46.071 2.04979
106 0.181929 9.84928 1.75933
107 57.466 22.6911 1.73632
108 74.48 29.0464 2.05912
109 5.44388 14.5919 2.0666
110 86.9396 51.8545 1.45292
111 54.0264 33.5057 1.43928
112 58.3456 39.6389 1.62533
113 55.8926 27.3552 1.32414
114 43.8889 37.6174 1.71002
115 52.7283 40.8743 1.32987
116 76.269 14.4814 2.54755
117 67.1839 27.0297 2.5377
118 55.2975 41.6308 1.88157
119 0.303412 10.8159 1.98137
120 66.1483 22.3466 2.73875
121 90.9051 21.6785 2.04543
122 75.7604 25.617 3.01942
123 92.2505 14.8482 2.70131
124 97.7514 96.0044 1.41391
125 67.3486 36.4374 1.51204
126 81.9685 31.7852 2.79585
127 98.1517 2.16404 1.56355
128 61.8087 44.5965 2.14552
129 65.5218 84.7688 -2.36388
130 60.8611 25.8957 1.62713
131 76.337 18.6091 2.1998
132 72.86 38.3859 1.6351
133 72.04 40.1614 1.60378
134 66.5612 16.805 2.64053
135 56.9566 32.3563 1.79138
136 74.8433 17.5086 2.94608
137 51.4443 33.1772 1.63201
138 77.0961 23.0242 2.69937
139 68.2156 21.6106 2.11876
140 79.284 19.3561 2.17318
141 68.9445 38.632 1.90314
142 98.8772 12.921 2.23402
143 84.3702 25.7916 2.4185
144 51.0593 36.2096 1.27984
145 64.8616 85.5297 -2.25827
146 61.0641 23.3221 1.83606
147 67.8761 79.8517 -2.53723
148 60.396 33.0905 1.85241
149 97.1745 22.9323 2.85298
150 82.0077 24.5649 2.29214
151 57.7894 37.9276 2.06841
152 76.389 16.5455 2.9909
153 73.4411 27.0823 2.08407
154 83.9071 23.8365 2.84833
155 74.4453 41.7239 2.03952
156 92.1097 21.5301 2.41021
157 80.6113 33.61 2.26805
158 67.5294 14.6186 2.61944
159 85.4574 29.9031 2.98326
160 70.7867 84.8969 -1.95043
161 82.2656 28.432 2.96203
162 96.9867 26.0828 3.29929
163 66.4908 35.0819 2.18318
164 65.9072 44.4692 1.53991
165 94.1496 22.3955 2.6459
166 64.3358 35.0364 2.2915
167 57.7175 35.8555 1.55107
168 97.9008 16.4716 2.71441
169 64.0241 42.3687 1.21105
170 86.165 5.45154 2.55618
171 53.0888 28.5579 1.93589
172 57.1767 20.8086 2.6059
173 81.4588 20.5748 2.2296
174 67.8014 14.2427 2.46098
175 71.2662 35.8445 1.83747
176 2.51089 31.127 -1.99773
177 70.9758 21.5694 3.00981
178 62.3324 43.778 1.85022
179 59.0671 25.6905 2.38503
180 55.3952 28.5689 1.37731
181 87.8317 24.909 2.47216
182 4.38201 11.7564 2.17322
183 60.8432 19.7995 2.39985
184 64.4801 30.2904 1.97343
185 70.2805 42.1568 1.89541
186 77.3216 26.7809 2.24924
187 58.05 39.0999 1.77001
188 92.6129 12.1673 1.87202
189 69.4051 86.1593 -2.37844
190 67.3687 14.6411 2.96608
191 52.5514 37.4846 1.95811
192 74.0754 16.6438 2.33071
193 71.4212 29.9003 2.09842
194 73.2985 19.8836 2.20634
195 50.3791 29.8208 1.89787
196 69.4091 21.283 2.29234
197 75.4502 19.2871 2.91391
198 61.0406 29.1645 1.70663
199 68.6493 17.4281 2.62561
200 55.6998 31.2151 1.79389
201 5.54754 97.7123 2.44858
202 59.8773 43.9379 2.09889
203 85.6186 31.3903 2.50895
204 69.1571 13.8752 2.55403
205 57.7001 33.5265 2.10272
206 72.2694 21.0667 2.10078
207 65.6644 25.5663 2.42909
208 66.0855 33.248 1.92757
209 57.081 41.0899 1.26099
210 -0.0930347 20.5127 2.45146
211 75.041 25.6276 2.29918
212 71.2419 39.3985 1.46502
213 60.7205 36.2464 1.86464
214 89.1774 9.52489 2.35692
215 55.9828 24.3195 1.82939
216 81.8412 28.3079 2.32843
217 50.5194 27.9862 1.58512
218 84.8508 41.3577 1.49629
219 97.0293 32.5382 -2.96449
220 56.8337 33.9592 1.57183
221 76.0601 31.5852 2.15202
222 55.2548 34.6772 1.54125
223 56.6036 48.4487 1.58694
224 59.1559 40.4606 1.76967
225 40.2062 65.6749 0.267238
226 84.7004 22.9447 2.25093
227 76.8761 26.9695 2.90215
228 77.2809 21.1448 2.56811
229 78.8696 22.1747 2.94439
230 1.11724 1.40013 1.81682
231 3.95398 21.4113 2.57006
232 68.5183 30.1179 1.99951
233 70.2977 24.3863 2.96194
234 67.6383 21.2116 2.28162
235 2.82144 9.23329 2.32542
236 83.9199 20.8251 2.62083
237 70.7423 85.7867 -1.9848
238 2.48869 9.20421 1.86589
239 96.2865 10.3282 1.83957
240 48.8456 37.6516 1.23944
241 87.9133 19.0925 2.35544
242 77.5056 30.2524 2.73093
243 56.7597 30.2393 1.90739
244 85.0008 29.8701 2.27306
245 74.9463 29.4857 2.7717
246 76.9002 21.4095 2.08132
247 86.4391 99.5396 2.55211
248 97.4909 11.4603 2.42458
249 75.0221 17.0609 2.31368
250 26.7281 61.5791 0.216352
251 67.0697 84.6271 -2.57492
252 56.9771 51.4189 0.948577
253 58.0844 42.2093 1.14291
254 77.6846 20.4883 2.64801
255 96.608 22.1119 2.46594
256 78.0288 27.8928 2.97563
257 77.0176 21.9003 2.92602
258 89.9236 22.8565 2.52502
259 3.57867 10.5534 1.93739
260 70.055 17.0424 3.01
261 99.4724 11.6936 2.13871
262 81.2754 23.8611 2.09998
263 68.6522 29.5247 2.12081
264 69.4948 80.8993 -2.02817
265 75.0588 18.9667 3.02114
266 71.5383 19.9976 2.33894
267 47.0675 33.8942 1.39626
268 68.4789 24.487 2.42127
269 30.4357 61.2342 0.482337
270 1.82036 14.1669 2.43049
271 5.35673 11.4236 1.75323
272 59.2229 36.2856 1.91269
273 68.793 21.9584 2.44537
274 71.3425 27.2814 2.62924
275 77.3641 20.5813 2.61216
276 72.0674 19.5506 2.32208
277 59.2831 28.3243 1.84708
278 81.9216 10.3151 3.01478
279 78.3448 31.3614 2.1737
280 2.13591 13.2587 1.7716
281 77.6974 25.7446 2.25242
282 0.241938 9.86462 2.19568
283 54.0046 39.9992 1.91035
284 81.0215 14.3957 2.94708
285 52.8375 31.7961 2.01597
286 96.5221 5.6672 1.70405
287 74.7006 22.1116 2.94013
288 62.5187 36.6912 1.69342
289 82.1003 15.7283 2.25038
290 71.3935 25.7385 2.22026
291 88.5181 14.9587 2.37897
292 64.7061 41.5749 1.77978
293 69.3517 26.1148 2.44971
294 3.13967 8.49972 2.61676
295 90.383 43.6384 1.27252
296 64.6286 30.8424 2.222
297 82.7333 23.8736 2.57863
298 91.2072 18.2685 2.89605
299 54.7474 35.8185 2.09157
300 73.2526 22.1234 2.35745
301 -0.182895 22.2976 2.46818
302 62.9861 19.4153 2.85188
303 76.8269 23.4777 2.23857
304 83.5293 8.65617 2.9273
305 68.9408 85.3188 -2.42938
306 39.6181 65.1283 0.18928
307 70.3777 84.134 -2.04516
308 1.10467 14.0656 1.68373
309 70.0447 28.41 2.33651
310 42.3152 64.666 -0.399744
311 3.60733 4.06961 2.55818
312 73.6154 28.3769 2.80105
313 58.6734 37.4733 1.93987
314 96.7635 28.3817 2.99296
315 74.9872 25.4418 2.80848
316 57.5882 29.3725 1.44847
317 0.119298 15.1721 2.60611
318 53.7135 42.8745 1.83133
319 54.107 36.2797 1.99818
320 55.0257 33.6102 1.42516
321 96.2577 30.6583 -3.41957
322 56.8935 31.2314 1.80408
323 98.7591 14.6575 2.62365
324 76.0201 9.13477 3.22721
325 81.2495 26.5643 2.89649
326 76.8698 19.3652 2.4504
327 72.6392 23.6195 2.14714
328 64.0456 31.8423 1.84609
329 62.1436 37.4013 1.30384
330 58.8611 36.1461 1.58932
331 68.468 76.2024 -2.58659
332 59.4967 37.6846 1.42538
333 60.8921 29.852 1.99555
334 97.9005 8.27975 2.26268
335 51.8589 36.3169 2.05124
336 56.4224 32.4974 1.97676
337 96.574 9.00212 1.89993
338 79.1203 25.6989 2.67442
339 77.5775 25.3507 2.90985
340 43.6165 29.8808 1.94973
341 96.25 13.7575 1.92212
342 98.0793 17.4441 2.53812
343 80.1197 29.6522 2.61032
344 78.9131 23.7835 2.5835
345 63.1965 41.0741 1.19581
346 93.9585 6.66505 2.34952
347 67.6886 13.272 2.93967
348 92.5834 11.5475 2.38435
349 67.9002 10.3221 2.79842
350 75.6142 28.3469 2.10211
351 89.4889 22.6371 2.6284
352 85.3671 13.6204 3.03247
353 58.3289 47.1347 1.92019
354 73.9838 18.8162 2.37787
355 79.1659 17.4641 2.97174
356 60.5877 31.607 1.36415
357 85.4333 47.137 1.79517
358 2.74501 15.3294 1.90868
359 66.2058 23.615 2.95268
360 88.9294 29.5066 2.87353
361 65.0168 18.5759 2.12553
362 47.6487 31.7289 1.28996
363 76.3168 20.1363 2.72753
364 71.1771 82.0102 -1.96998
365 70.932 29.0948 2.94123
366 54.5878 30.574 1.17705
367 57.6572 34.364 1.94359
368 59.965 22.302 2.552
369 60.9192 36.2322 1.28932
370 55.5595 43.9215 1.71185
371 98.0923 23.3393 2.91734
372 5.49094 9.08085 2.35845
373 55.5715 32.5337 1.28548
374 68.8885 86.1966 -2.82109
375 68.8549 29.2589 2.82463
376 6.3611 12.7534 1.90884
377 57.5226 37.6151 1.54743
378 70.8421 27.423 2.34959
379 54.7339 36.5811 2.14008
380 78.8856 22.3947 2.38024
381 71.2855 11.9901 3.2458
382 49.6895 29.3065 1.33846
383 64.2677 38.4846 1.18386
384 68.3553 30.242 2.17273
385 46.042 64.1943 -0.167272
386 32.6324 70.2173 0.322869
387 68.6766 18.9752 2.26849
388 82.6923 25.1088 2.22268
389 63.815 21.2488 2.21959
390 93.2088 16.4419 2.13255
391 0.000134447 12.983 2.60897
392 64.5631 19.659 2.21547
393 79.4764 29.9811 3.01138
394 48.9388 31.742 1.96839
395 1.29252 15.2383 2.24932
396 97.2646 30.1701 -2.43754
397 50.9473 40.4182 2.1831
398 59.6843 36.0552 1.44972
399 90.5148 19.1936 2.64158
400 95.9965 9.88451 1.77047
401 64.5802 35.6385 1.73913
402 74.7572 18.9471 2.46538
403 48.1122 27.9805 2.08382
404 74.1006 24.4287 2.47228
405 84.7424 12.9974 2.24329
406 98.5632 99.0788 1.92499
407 52.2243 30.341 1.18033
408 56.8135 24.6176 1.33715
409 58.2117 33.122 1.17667
410 95.6158 10.7242 2.56736
411 47.4175 39.2406 1.94305
412 83.7962 19.8169 2.57923
413 97.9637 12.0581 2.0748
414 78.1129 28.7207 2.17737
415 63.7468 41.0747 1.45088
416 63.8174 29.5478 2.60414
417 93.9345 9.3176 2.12974
418 1.47768 20.7343 2.14766
419 64.5688 37.7218 2.03298
420 68.4176 25.2947 2.56342
421 96.0491 17.4285 2.555
422 0.933176 11.7702 2.0278
423 57.0147 32.4692 1.53999
424 1.24095 29.0448 -2.30678
425 52.8429 26.5257 1.80566
426 55.6106 37.7914 1.37308
427 65.785 86.9513 -2.42057
428 76.4168 27.953 2.4607
429 80.484 26.279 2.62965
430 83.6342 26.5569 2.14775
431 70.779 30.3155 2.87988
432 97.5598 24.5257 3.03376
433 57.1013 35.2946 1.67519
434 72.0994 24.6146 2.93711
435 69.3825 80.0295 -2.63041
436 86.4118 25.7499 2.14134
437 69.8505 21.6311 2.25959
438 5.10654 100.147 2.55976
439 56.3235 35.2067 1.59373
440 78.4661 16.1995 2.58011
441 98.2032 99.092 1.64712
442 50.1098 32.4729 1.5116
443 72.0607 18.2503 2.95143
444 74.0571 30.5058 2.92973
445 67.952 15.2603 3.18356
446 74.6875 75.7404 3.20914
447 98.7497 4.3066 2.50748
448 8.04953 40.5761 -0.975766
449 81.3412 16.2224 2.98063
450 99.0493 15.7019 1.95031
451 75.7071 21.3886 2.60455
452 67.9038 87.2334 -2.60526
453 80.4668 20.753 2.17864
454 64.5 86.5755 -2.50773
455 66.6465 39.1706 1.40628
456 92.5197 7.65445 2.1429
457 2.32429 9.131 2.18697
458 33.0737 30.5593 0.302763
459 69.6951 39.3738 2.31227
460 69.2571 22.2591 2.90579
461 58.6842 44.2217 1.76982
462 76.2147 30.4559 3.01735
463 4.68256 12.7907 2.3484
464 78.5143 33.3448 2.38105
465 0.588131 15.2843 1.69802
466 79.2872 25.8719 2.58268
467 55.4601 33.5463 1.49088
468 64.0997 21.9404 2.4606
469 88.3919 23.2046 2.57915
470 88.0581 12.9146 2.65829
471 75.4383 28.0005 2.58088
472 76.3112 30.8977 2.77028
473 58.6628 28.5947 1.49388
474 8.17017 34.4003 -1.26405
475 98.4777 2.20435 2.16826
476 88.018 47.7622 1.32612
477 74.661 19.7417 2.37667
478 69.8198 33.7035 1.79971
479 62.2847 39.8112 1.38651
480 5.25238 8.03716 1.96384
481 65.1677 31.1866 2.33773
482 74.9471 18.6677 2.05987
483 96.5533 15.7612 1.86997
484 61.4285 23.6537 2.81043
485 62.6385 19.0406 2.42229
486 83.0037 21.517 2.53962
487 80.8467 26.7887 3.04464
488 90.0384 21.4985 2.44096
489 67.0664 37.2794 1.57092
490 56.1744 50.5115 1.61114
491 77.203 22.0663 2.58176
492 76.5151 33.5052 2.1734
493 75.0133 27.9552 2.55731
494 76.4348 20.5004 2.33522
495 68.0908 26.3329 2.28051
496 50.9307 37.6357 2.17999
497 2.54081 28.1406 -1.43286
498 83.1006 24.3053 2.38597
499 84.2179 42.8396 1.12397
