500
Particles
0 53.2907 24.8871 2.74433
1 78.6958 16.5744 2.27248
2 61.7819 77.8056 -2.03301
3 59.8466 48.1832 2.05398
4 91.7569 13.657 2.79495
5 62.4789 22.0516 2.19875
6 52.2882 36.4823 1.81294
7 62.4653 60.2807 1.21553
8 80.4294 24.3611 3.13374
9 80.5761 27.3358 2.80112
10 72.0444 25.2969 2.09569
11 46.3022 66.2037 0.296429
12 50.9985 49.8928 1.79267
13 95.5959 5.6514 2.66662
14 92.7059 16.194 2.05951
15 6.71987 25.3054 -2.24937
16 76.9673 27.9291 2.60806
17 87.6863 34.721 2.78043
18 90.4641 23.2652 2.09422
19 60.3877 43.3167 1.47719
20 55.7329 49.2152 1.79926
21 44.2146 36.4934 1.33842
22 66.4701 33.5888 2.83077
23 96.7137 10.6195 2.8319
24 58.4234 52.7187 1.6449
25 60.3722 29.312 2.37529
26 61.674 17.4893 2.70153
27 36.8146 60.8799 0.566187
28 55.8976 32.6174 1.78633
29 8.01198 5.97908 1.08273
30 62.8548 85.5785 -2.65604
31 63.2656 33.8745 2.48829
32 56.1167 47.6969 1.7699
33 63.6206 76.1129 -1.93387
34 63.6796 29.2897 2.63609
35 88.2074 29.5663 2.39116
36 36.6491 78.0714 1.301
37 52.9656 42.648 1.69255
38 56.3392 29.7131 2.57092
39 93.1958 11.7372 2.88293
40 67.0902 28.9106 2.45754
41 90.8978 11.0403 2.61368
42 74.0315 30.8759 2.86329
43 60.2928 49.2213 1.69091
44 78.9855 19.7367 1.98811
45 75.1302 28.2137 2.02375
46 64.9781 32.8342 2.95148
47 80.6382 51.6658 2.45065
48 67.9077 29.5109 2.85122
49 60.8879 23.9795 2.1024
50 95.8848 29.309 2.19283
51 68.2129 34.4874 2.98322
52 59.079 51.1032 1.6535
53 37.1226 76.5976 0.873763
54 95.5243 15.0466 2.76652
55 65.6275 44.7608 1.85714
56 96.7025 16.6171 2.31887
57 70.7339 20.3354 2.69703
58 94.3418 20.2707 2.52935
59 58.6131 29.4483 1.97741
60 93.7708 27.1277 2.88525
61 71.6172 28.3928 2.2612
62 79.2305 23.7151 2.1602
63 76.798 11.2314 2.59331
64 49.392 41.2051 1.9781
65 67.5626 49.1987 2.0246
66 91.2324 29.5719 2.23407
67 91.7579 29.2272 2.93519
68 65.7671 46.4163 1.70814
69 75.9879 21.0919 2.41385
70 50.7231 39.7374 1.18028
71 63.7401 29.3844 2.59575
72 91.9776 25.1091 2.98203
73 54.6104 41.994 1.48501
74 69.2198 22.461 2.71484
75 63.1091 56.0364 1.36747
76 71.4407 20.7094 2.09531
77 52.557 39.5474 1.59253
78 62.1503 14.9927 2.69143
79 95.5252 21.5587 2.88621
80 67.6002 25.4446 3.06176
81 91.0093 28.5682 3.08444
82 60.304 39.9666 2.28989
83 90.3821 19.0965 2.80131
84 67.5364 42.0022 1.98583
85 67.6818 26.964 2.4262
86 68.5364 25.1545 2.11433
87 58.4881 37.797 1.60211
88 62.7707 44.2641 2.21482
89 66.4777 22.1433 2.05787
90 59.4692 52.6638 2.11219
91 61.2128 34.1023 2.77145
92 58.1608 36.4791 2.32696
93 89.8847 14.5963 2.25137
94 70.2168 29.1831 2.27984
95 59.6667 43.679 1.33644
96 44.0923 39.5209 1.51415
97 53.2828 43.2054 2.01222
98 66.3506 22.1575 2.18075
99 58.1215 36.7893 1.79465
100 61.4008 51.5157 1.21017
101 92.8716 24.3254 2.74831
102 72.7902 26.7401 2.54263
103 63.5009 26.7195 2.24992
104 69.1993 31.8253 3.01982
105 56.5466 54.1514 1.11076
106 93.6731 14.7711 2.04079
107 53.6049 29.708 2.66239
108 67.4731 33.1037 2.42513
109 0.417723 21.138 2.01498
110 82.3464 58.7937 2.47362
111 53.9656 41.6351 1.34209
112 57.2105 47.719 1.76215
113 53.542 35.1452 2.14962
114 42.5937 45.8013 1.83999
115 51.0119 48.7784 1.17828
116 69.2543 18.0643 3.07664
117 61.2371 32.5006 2.87245
118 55.6662 49.8808 1.39901
119 94.0671 16.0604 2.16934
120 59.7705 27.5979 2.16853
121 85.3606 27.2176 3.15252
122 68.8583 29.7826 2.23254
123 86.4302 20.6632 2.3806
124 91.2263 98.1636 -2.65434
125 65.5882 44.3961 1.47502
126 75.7386 37.1177 2.64608
127 92.242 7.84807 2.78458
128 60.3202 52.5557 1.88021
129 58.7259 80.32 -2.47296
130 56.8446 33.1209 2.37515
131 69.5388 23.2297 2.28858
132 69.4753 45.7867 2.06218
133 69.0474 47.6756 2.08352
134 60.2069 21.9542 2.49465
135 55.8789 40.3405 1.71056
136 67.8662 21.733 3.01659
137 49.4814 41.1801 1.83057
138 70.25 27.4235 2.98382
139 61.9033 26.7537 2.10767
140 73.2093 25.0248 2.79758
141 66.7559 46.3103 1.24309
142 92.4995 18.0092 2.00933
143 78.0722 30.9345 2.27285
144 49.8462 44.2629 2.06364
145 58.4018 80.4295 -2.5288
146 56.7621 30.3677 2.01
147 61.7306 74.3845 -2.30166
148 57.3721 40.793 1.92758
149 90.7694 27.9978 2.80918
150 74.8486 28.6738 2.60341
151 58.3508 46.1651 1.70498
152 69.5078 21.1087 2.62339
153 66.4057 31.3417 2.66064
154 78.3106 29.7116 2.73695
155 71.4915 49.364 1.98447
156 85.2543 25.9878 3.05381
157 74.0957 38.444 2.59893
158 61.1072 19.637 2.33063
159 79.7098 35.6823 2.66253
160 65.6077 78.6029 -2.06769
161 75.9031 33.5782 2.53284
162 89.9328 30.096 3.1131
163 63.4639 42.6969 1.54165
164 64.1424 52.4342 1.78231
165 87.9572 27.6349 2.67607
166 63.2279 43.1367 1.39718
167 57.3168 43.9586 1.56617
168 92.2385 22.379 2.81002
169 63.1118 50.3804 1.35005
170 79.7225 9.91041 2.27406
171 51.174 36.4442 2.28097
172 52.1883 27.2095 1.85109
173 75.0104 25.6385 2.61487
174 61.45 19.487 2.42976
175 68.4474 43.3572 1.68405
176 -0.0475214 28.401 1.94204
177 64.1094 25.6508 2.96852
178 60.2045 51.7511 2.08896
179 55.917 33.1707 1.88697
180 54.4002 36.5294 1.74548
181 81.3201 29.6467 2.74107
182 98.2095 16.8272 2.45651
183 55.2728 25.7919 2.85666
184 59.8752 37.0287 1.78214
185 67.5666 49.901 2.12414
186 70.653 31.5257 2.47143
187 57.5233 47.382 1.85075
188 86.8117 17.8207 2.64386
189 62.6231 81.5134 -2.12026
190 61.2365 19.9985 2.01393
191 50.9394 45.6093 1.44764
192 66.7474 20.2192 2.92378
193 64.8107 34.6242 2.4596
194 66.714 24.5422 2.36177
195 47.8108 37.5881 2.24455
196 62.2996 25.3818 2.96064
197 68.53 23.6367 2.60132
198 58.4506 36.7424 1.70712
199 61.461 21.2691 2.9522
200 55.6752 39.3833 1.8745
201 7.78548 3.43256 0.524373
202 59.8648 52.0761 1.8415
203 79.7511 36.8697 2.72951
204 62.6843 18.9567 2.12743
205 56.6273 41.6728 1.29537
206 65.9705 26.0643 2.55674
207 59.2705 30.8618 2.22006
208 62.9801 40.8025 2.1031
209 56.5293 49.2146 1.80014
210 93.7005 25.8248 3.06588
211 68.0373 29.698 2.49345
212 68.7075 47.0813 1.62544
213 59.5472 44.359 1.94208
214 83.7759 15.3535 1.90075
215 53.1892 31.9262 1.71876
216 75.5529 33.4408 2.31667
217 48.6951 35.9016 1.64965
218 82.3881 48.2889 2.5842
219 89.3658 35.233 2.7033
220 55.0731 41.8639 1.84003
221 69.469 36.6364 2.59081
222 53.6917 42.7352 1.70107
223 57.5549 56.5619 1.58899
224 59.1235 48.6673 1.39711
225 48.2907 65.8242 0.105738
226 78.3821 28.0042 3.06936
227 70.7768 32.2728 2.11425
228 70.7248 26.0559 2.14012
229 72.7068 27.3083 2.37989
230 96.8436 7.98321 2.25066
231 96.7681 24.5265 2.40792
232 62.7709 36.0723 2.16874
233 63.2631 28.5671 2.7508
234 60.7239 25.6393 2.70806
235 97.0157 14.7255 2.98263
236 77.6534 26.0331 2.39312
237 64.1421 81.0467 -2.78312
238 96.7105 14.8349 2.19217
239 90.016 15.6175 2.18771
240 46.4014 45.4671 1.7282
241 81.5023 24.3116 2.30685
242 71.0438 35.1232 2.71359
243 55.7819 38.339 1.39031
244 78.5903 34.9116 2.87402
245 68.137 33.7509 2.81905
246 71.2554 27.2192 2.18022
247 91.6267 2.17475 1.54702
248 91.3561 16.646 2.79809
249 67.851 20.9804 2.42356
250 34.7416 63.2326 0.254271
251 60.3012 79.9594 -2.17927
252 57.0729 59.4298 1.92451
253 57.6971 50.4534 1.62204
254 71.0376 25.1022 2.88471
255 90.2263 27.2733 2.29369
256 71.5666 32.9065 2.48237
257 70.2922 26.4829 2.91234
258 84.171 28.4234 3.11208
259 97.4785 16.0154 2.42341
260 63.1494 21.424 2.71222
261 93.6413 17.4024 2.14955
262 75.0693 28.9958 2.65026
263 62.3471 34.7913 2.11327
264 62.9704 76.1588 -2.09058
265 68.2422 23.4103 2.60608
266 65.0977 25.0209 2.20692
267 44.669 41.8126 1.45188
268 61.2442 28.1858 2.08425
269 38.0287 64.5692 0.885952
270 96.1816 19.7374 2.89749
271 0.0305448 17.5717 2.58914
272 58.2535 44.3571 1.94994
273 62.3818 27.1044 2.23294
274 64.7793 31.9748 2.4418
275 70.1071 24.4988 2.74194
276 64.9609 23.5304 2.91392
277 56.4797 36.004 1.69555
278 74.7655 14.2555 2.96204
279 71.7584 36.1637 2.56257
280 96.9257 19.3642 2.77769
281 70.7038 30.0934 2.93754
282 94.0694 15.2812 2.49169
283 54.0045 48.1444 1.9908
284 73.7896 18.2691 2.6517
285 51.3069 39.8147 2.14912
286 89.9749 10.5501 2.19131
287 67.7303 26.4223 2.64746
288 61.8797 44.8257 1.94644
289 75.2419 19.9943 2.50829
290 64.6539 30.2934 2.3357
291 81.7362 18.9876 1.9573
292 63.8936 49.6247 1.84303
293 63.0116 31.5396 2.39877
294 97.9142 14.8426 2.82593
295 96.2669 48.3587 0.728179
296 60.5902 37.821 1.94716
297 76.2004 28.5933 2.75288
298 84.5308 22.9273 2.92965
299 53.3715 43.9217 1.89673
300 66.4376 26.6044 2.56937
301 93.4509 27.2076 2.66403
302 57.4644 25.4037 2.54971
303 70.1285 28.1661 2.50883
304 76.7302 12.7287 3.01959
305 62.934 79.9281 -2.56661
306 47.5669 66.1418 -0.313832
307 63.3941 80.0512 -2.61846
308 95.5199 19.9656 2.3312
309 63.2932 33.016 2.18874
310 50.4303 65.8371 -0.221345
311 0.00504963 11.4002 2.0951
312 67.2828 33.7376 2.6047
313 56.6324 45.3505 1.71627
314 90.036 32.8543 2.55382
315 68.0407 29.7908 3.01794
316 56.3687 37.4664 1.61016
317 94.5837 21.1463 2.4166
318 52.6702 50.995 1.18729
319 53.143 44.1313 1.75302
320 53.8191 41.7431 2.15299
321 88.5327 33.2365 2.99947
322 55.6522 39.2707 1.75473
323 93.0726 20.5544 2.26017
324 68.2574 11.3642 2.38631
325 75.16 31.9757 1.90317
326 69.8446 23.6333 2.53973
327 66.1414 28.4104 2.91358
328 60.1301 38.9213 1.7001
329 61.0283 45.4093 1.15322
330 58.3332 44.1137 1.86838
331 62.634 70.4449 -2.09248
332 58.3077 45.7231 2.08201
333 57.7822 37.2879 2.28717
334 91.675 13.2787 2.42506
335 50.8064 44.5049 1.66802
336 55.7351 40.5735 1.61035
337 90.5062 14.0121 2.95588
338 72.9238 31.2219 2.35597
339 70.7399 29.6749 2.76177
340 41.0735 37.4511 2.19733
341 90.4602 19.7318 2.55589
342 91.9952 22.6318 3.01271
343 73.1552 34.0335 2.34936
344 72.2307 28.6096 2.467
345 61.8924 49.1307 2.11604
346 87.2162 11.2836 2.0643
347 62.2545 19.4484 1.96668
348 86.9523 17.4327 2.87
349 62.062 16.054 2.23082
350 68.9322 33.1389 2.2364
351 82.4855 26.8528 2.79848
352 78.5997 18.2612 2.30716
353 58.9003 55.2437 1.08869
354 66.8914 22.9657 2.78274
355 72.3859 22.1101 2.91302
356 58.4466 39.544 1.53015
357 81.6026 54.2868 2.2049
358 96.3177 20.4805 2.41841
359 59.9002 28.79 2.09664
360 82.7894 34.8753 2.38595
361 58.3202 23.2237 2.78016
362 46.4801 39.9239 1.48885
363 69.3569 24.6393 2.92117
364 65.3229 76.2979 -1.97744
365 64.5376 34.0719 2.47562
366 53.0489 38.5639 1.96108
367 55.6887 42.263 1.58512
368 54.3404 27.9052 2.7069
369 59.8084 44.3577 2.11815
370 55.5391 51.9342 1.7849
371 91.8491 28.5429 3.03781
372 0.960575 15.8697 1.96872
373 54.3889 40.5675 1.88072
374 62.6089 81.2169 -2.42248
375 62.9421 34.9518 2.70493
376 0.593135 18.7655 1.97139
377 57.5137 45.7675 1.28574
378 64.3344 32.6122 2.436
379 53.9309 44.6825 2.02952
380 72.1892 27.0383 2.87537
381 64.9368 17.0095 1.96276
382 47.8348 37.4335 1.80678
383 63.1619 46.5087 1.41164
384 62.4679 35.9919 2.55805
385 53.8072 65.9572 0.269687
386 38.0371 76.09 0.704209
387 62.0191 23.4721 2.99985
388 75.837 29.6122 2.99484
389 57.9326 26.8626 2.30089
390 87.2273 22.0639 2.73283
391 94.1273 18.5064 2.92112
392 57.4465 23.8763 2.53992
393 72.6498 34.3721 2.68989
394 47.125 39.7104 1.74533
395 95.9671 21.3515 2.82999
396 90.2155 33.9383 2.17649
397 49.5133 48.4563 1.76691
398 58.2485 44.2483 2.00077
399 84.4171 24.7009 2.32908
400 89.5319 14.9564 2.56874
401 61.2956 43.1816 2.12881
402 67.7199 22.9717 2.35356
403 44.7381 35.5875 2.13093
404 67.1063 28.8093 2.65151
405 77.5939 17.1572 2.64452
406 94.275 5.83243 2.2044
407 50.5945 38.3204 1.84977
408 53.4472 32.0939 2.02584
409 57.297 41.1085 1.30314
410 90.1973 16.9769 2.37656
411 45.7716 47.1141 1.04864
412 77.0495 24.3378 2.60255
413 92.0627 17.8703 2.44373
414 72.0833 33.828 2.77076
415 62.5798 49.0702 1.82322
416 59.4612 36.4571 2.43637
417 87.8158 14.724 2.03552
418 94.7621 25.2554 3.1222
419 63.1721 45.6119 1.72663
420 62.1592 30.3226 2.84943
421 90.9577 23.7105 2.64747
422 95.8095 18.2724 2.04816
423 56.1791 40.6661 1.71476
424 94.7458 30.9575 2.15941
425 51.477 34.4981 2.24662
426 54.8228 45.9604 1.49441
427 59.6952 81.5719 -2.36892
428 69.5654 32.3795 2.41043
429 73.9245 31.2139 2.9126
430 76.6382 30.8875 2.12542
431 64.5583 35.4875 2.55041
432 91.2857 29.8322 2.17878
433 56.3896 43.5168 1.94244
434 65.0277 28.7791 2.16647
435 63.2257 74.6183 -2.32879
436 79.9272 30.5832 2.87538
437 62.8502 25.7048 2.82236
438 8.03299 6.52032 0.869927
439 55.8107 43.3303 1.18223
440 71.3384 19.9516 2.18519
441 93.3377 5.61107 2.39451
442 49.5077 40.6364 1.38199
443 65.1785 22.817 2.36497
444 67.0325 34.709 2.09124
445 61.5534 20.2606 2.75911
446 68.3347 71.1258 -1.68171
447 93.0788 9.78264 2.00618
448 3.48084 38.3353 2.04063
449 74.4196 20.1727 2.62777
450 93.1955 21.5485 2.52838
451 68.3091 24.9291 2.98459
452 61.0252 82.5187 -2.87296
453 73.8674 25.5509 2.89604
454 58.7538 80.8435 -2.67128
455 65.8669 47.2706 1.21575
456 86.9574 13.489 2.40774
457 97.2794 15.3229 2.92274
458 37.5528 36.0288 1.67185
459 67.1189 47.0672 1.34005
460 62.6919 27.2333 2.12918
461 57.9863 52.3844 1.14819
462 69.5608 35.3849 2.83671
463 98.5808 18.2741 2.59501
464 71.1723 37.0821 2.53577
465 94.776 21.0454 2.34726
466 72.7426 30.4949 2.91335
467 54.2182 41.6175 1.91679
468 57.6026 26.8088 2.90276
469 82.8314 29.0057 2.25194
470 81.3164 17.5215 2.42719
471 68.6812 32.6706 2.61162
472 69.3713 35.2568 2.40407
473 55.768 36.1559 2.14284
474 8.01001 26.3414 -1.93487
475 92.7494 7.96642 2.81578
476 83.8374 54.7468 2.27122
477 68.037 24.6315 2.20803
478 66.21 40.8815 1.60292
479 60.9301 47.7902 2.12965
480 1.05668 14.7094 1.93577
481 61.2225 38.4037 1.96695
482 68.3911 23.4759 2.41548
483 91.1221 21.7789 2.13563
484 56.2245 30.0926 2.39963
485 56.3489 24.1503 2.9064
486 75.8747 25.4035 2.962
487 74.0636 31.2877 2.81428
488 83.362 26.0447 2.75897
489 64.8786 45.1263 2.00236
490 56.8344 58.5522 1.63301
491 70.7719 27.3285 2.66845
492 69.8889 38.2216 2.09188
493 68.6263 32.9651 2.56342
494 69.7709 24.9654 2.24242
495 61.8688 31.5771 2.50997
496 48.9493 45.4581 1.76186
497 97.3771 27.0027 2.50441
498 76.1995 28.7192 2.70739
499 81.4462 50.122 2.00307
