500
Particles
0 58.8435 19.7277 2.23766
1 85.2909 12.5502 2.81951
2 67.722 82.5956 -2.60131
3 61.5213 40.7186 1.4591
4 98.1249 9.46263 1.73146
5 68.0738 16.7273 2.68817
6 52.7248 28.7154 2.10129
7 60.9274 53.5759 0.999831
8 86.4604 19.85 2.68736
9 87.1068 23.349 2.04246
10 77.7585 19.9981 2.57041
11 38.5574 66.7675 0.416002
12 51.424 42.1761 1.66656
13 100.329 99.6909 0.379677
14 98.3792 10.9726 2.64717
15 6.83552 32.6896 -1.28328
16 83.1221 23.3256 2.76034
17 94.5844 31.9819 -3.09425
18 95.6552 17.6781 2.7061
19 62.6453 36.0217 1.87249
20 56.0713 41.4729 1.90145
21 46.3135 29.0583 1.6762
22 72.7314 28.9763 2.60159
23 1.72627 5.00644 2.40481
24 59.1416 45.0285 1.53481
25 66.0515 24.2163 2.58727
26 67.7053 12.6132 3.08874
27 29.5366 58.584 0.000970085
28 59.0142 25.6652 2.31195
29 5.78515 99.8344 2.14376
30 69.3647 89.6539 -2.01649
31 69.0497 28.8907 2.43077
32 56.4258 39.8708 1.468
33 69.8062 80.6193 -2.36335
34 70.0203 24.9368 2.83452
35 93.8105 24.4693 2.76988
36 33.1632 71.2055 0.929305
37 53.4457 34.8901 1.57509
38 61.557 24.0519 2.18626
39 99.1988 6.94528 2.21073
40 73.9055 25.2697 2.2549
41 96.6303 5.77662 1.70778
42 80.2174 26.3343 2.52617
43 59.8787 41.4011 1.53833
44 85.618 16.1349 2.12327
45 80.4936 22.8622 2.34966
46 71.1471 28.3217 2.04867
47 83.0227 45.2203 1.25036
48 74.4305 25.4571 2.38605
49 66.5275 18.7746 2.87714
50 1.21095 25.5464 3.16397
51 74.8361 30.8624 2.99554
52 58.6861 43.3985 1.37367
53 31.9499 70.8672 1.07427
54 0.990149 9.66516 2.58495
55 68.3701 37.447 1.46168
56 2.4681 11.5955 1.96287
57 76.9544 16.179 2.24432
58 98.8171 14.0464 1.83928
59 63.6011 23.5485 1.92764
60 -0.119474 22.5506 2.88622
61 78.1398 24.3794 2.56413
62 85.2388 18.7726 2.19727
63 82.9844 6.47952 3.16802
64 50.3979 33.5427 1.96693
65 69.0635 41.7805 1.28667
66 97.3368 24.7841 2.59739
67 97.9931 24.7274 2.9074
68 67.7035 38.9849 1.77884
69 82.4602 17.3173 2.84363
70 51.3584 32.1136 1.92528
71 69.8408 24.8615 2.06787
72 97.9741 20.5497 2.41978
73 55.4851 34.3329 1.70902
74 75.7688 18.2361 2.61919
75 63.1499 48.738 1.41344
76 77.7424 16.4214 2.20173
77 53.3695 31.8689 1.29519
78 68.0065 9.95233 2.79305
79 0.581882 15.8821 2.22755
80 74.3709 21.6927 2.42414
81 96.9151 23.6958 2.38604
82 62.3927 32.7429 2.08887
83 95.9441 13.8271 2.44713
84 69.5004 34.608 2.29116
85 73.8468 22.4072 2.59307
86 74.6918 20.4559 2.61193
87 61.6655 30.9244 1.531
88 64.0017 36.7205 1.68815
89 72.6845 17.7372 2.8667
90 58.9797 45.0501 1.50669
91 67.0217 28.991 2.54826
92 61.3296 29.5695 2.26895
93 96.1334 9.94667 2.24398
94 76.3983 24.5422 2.48451
95 59.6133 36.078 1.66755
96 45.8625 31.9693 1.62128
97 53.8845 35.5423 2.02614
98 72.5352 17.712 2.43226
99 61.3933 29.8471 1.53364
100 61.4856 43.7888 1.31324
101 98.7908 19.5074 2.20601
102 78.9756 22.2102 2.4293
103 69.0999 21.3939 2.18925
104 75.9759 28.1632 2.75644
105 56.5025 46.5454 1.24952
106 -0.173459 10.201 2.3614
107 57.4338 23.19 1.63524
108 73.9974 29.1773 2.87667
109 5.22653 15.0422 2.02049
110 86.7401 52.3129 1.98114
111 54.0892 34.0017 1.44471
112 58.1779 40.1099 1.91295
113 55.6715 27.8037 2.02876
114 43.8067 38.1106 1.73585
115 52.5729 41.3495 1.88676
116 75.8715 14.7847 2.48972
117 66.9238 27.4567 2.11789
118 55.235 42.1269 1.69614
119 0.0891375 11.2677 2.01368
120 65.7156 22.5973 2.6165
121 90.591 22.0675 2.25011
122 75.4158 25.9793 2.3312
123 91.848 15.145 2.50625
124 97.4408 96.3962 2.24117
125 67.2388 36.9252 1.79229
126 81.6984 32.206 2.14126
127 97.8205 2.53861 2.29484
128 61.5562 45.0281 2.10021
129 65.2652 84.3397 -2.10977
130 60.8074 26.3928 1.67857
131 75.9153 18.8778 2.57423
132 72.7412 38.8715 1.81079
133 72.1291 40.6534 1.3916
134 66.3123 17.2386 2.09193
135 56.8073 32.8335 1.87402
136 74.4252 17.7829 2.56104
137 51.2796 33.6493 1.90648
138 76.7148 23.3476 2.43822
139 67.9091 22.0056 2.23077
140 78.9208 19.6997 2.38387
141 68.8574 39.1244 1.74593
142 98.487 13.2335 2.46631
143 83.8951 25.9475 2.82452
144 51.1804 36.6947 1.32621
145 64.6 85.1036 -2.12146
146 60.8479 23.7729 2.01779
147 67.4283 79.6293 -2.68051
148 60.2232 33.5597 1.92372
149 96.8058 23.27 2.40012
150 81.5153 24.6516 2.96723
151 57.9575 38.3985 1.22797
152 75.8975 16.6376 2.95628
153 72.9591 27.2155 2.87193
154 83.4118 23.9051 3.00384
155 74.5304 42.2166 1.39985
156 91.6553 21.7387 2.71126
157 80.1276 33.7367 2.88553
158 67.1258 14.9137 2.51033
159 85.0387 30.1763 2.56341
160 70.6193 84.4258 -1.91224
161 81.8122 28.6429 2.70615
162 96.4926 26.1589 2.98889
163 66.1848 35.4773 2.22921
164 66.0422 44.9506 1.2974
165 93.7257 22.6608 2.58231
166 64.1762 35.5102 1.89554
167 57.7797 36.3516 1.44608
168 97.7493 16.9481 1.87869
169 63.8367 42.8322 1.9551
170 85.6867 5.59706 2.84627
171 52.8789 29.0117 2.00399
172 56.9413 21.2497 2.06103
173 81.0605 20.877 2.49256
174 67.358 14.4738 2.6611
175 71.0702 36.3044 1.97373
176 2.38481 30.6432 -1.82571
177 70.4814 21.6445 2.99078
178 62.2281 44.267 1.78092
179 59.0376 26.1897 1.62976
180 55.6035 29.0235 1.14114
181 87.4289 25.2053 2.50731
182 4.03887 12.12 2.32715
183 60.5768 20.2226 2.13278
184 64.2207 30.7179 2.11616
185 70.0065 42.5751 2.15064
186 76.8474 26.9396 2.8187
187 58.1244 39.5943 1.42136
188 92.1795 12.4166 2.61947
189 69.1527 85.7277 -2.09977
190 66.869 14.624 3.17577
191 52.5839 37.9836 1.50585
192 73.6519 16.9097 2.5809
193 70.995 30.1617 2.59131
194 73.0675 20.327 2.05108
195 50.1708 30.2754 2.00046
196 68.9181 21.3771 2.9523
197 75.0595 19.5991 2.46777
198 60.7598 29.5783 2.1671
199 68.3645 17.8391 2.17678
200 55.8702 31.6852 1.223
201 5.05157 97.7757 3.01452
202 59.9134 44.4366 1.49865
203 85.1435 31.5461 2.82467
204 68.6747 14.0066 2.87565
205 57.7123 34.0264 1.54641
206 72.0486 21.5152 2.02829
207 65.4159 26.0002 2.09093
208 65.6993 33.5656 2.45322
209 57.1627 41.5832 1.40684
210 99.5008 20.8043 2.51886
211 74.6839 25.9775 2.36633
212 71.2288 39.8983 1.59703
213 60.8679 36.7242 1.27158
214 88.9868 9.98716 1.96176
215 55.9472 24.8182 1.64213
216 81.3621 28.4511 2.8513
217 50.3593 28.4599 1.89663
218 85.0219 41.8275 1.22158
219 96.5331 32.4765 -3.01799
220 56.8281 34.4591 1.58197
221 75.5785 31.7198 2.86896
222 55.3756 35.1624 1.32686
223 56.4293 48.9173 1.92691
224 59.3302 40.9292 1.21465
225 40.6845 65.5293 -0.295353
226 84.3937 23.3396 2.23106
227 76.5121 27.3123 2.38601
228 76.9421 21.5125 2.31529
229 78.3825 22.2876 2.91374
230 1.10735 1.90003 1.59057
231 3.57188 21.7338 2.4406
232 68.2019 30.505 2.25617
233 69.8099 24.4961 2.92007
234 67.2901 21.5704 2.34129
235 2.59454 9.67884 2.04183
236 83.6654 21.2555 2.10471
237 70.3449 85.4833 -2.48951
238 2.06121 9.46355 2.59629
239 96.0575 10.7727 2.04645
240 48.5065 38.019 2.31607
241 87.5317 19.4155 2.43926
242 77.1786 30.6307 2.28366
243 56.8254 30.7349 1.43908
244 84.6097 30.1816 2.46889
245 74.4492 29.5389 3.03509
246 76.6676 21.8521 2.05458
247 86.1018 99.9087 2.31111
248 97.2154 11.8775 2.15441
249 74.572 17.2787 2.69099
250 27.2281 61.5718 -0.0145585
251 66.5999 84.4561 -2.79263
252 57.2854 51.8125 0.906224
253 57.9351 42.6865 1.87411
254 77.2272 20.6904 2.7255
255 96.267 22.4776 2.3213
256 77.6703 28.2413 2.37043
257 76.5634 22.1094 2.71015
258 89.4338 22.9567 2.93976
259 3.30638 10.9728 2.14667
260 69.6957 17.3901 2.37259
261 99.1868 12.104 2.17885
262 80.8426 24.1114 2.61735
263 68.353 29.9253 2.21219
264 69.3231 80.4297 -1.92127
265 74.7489 19.3591 2.23929
266 71.0992 20.2368 2.64277
267 46.9846 34.3873 1.73736
268 68.0057 24.6485 2.81278
269 30.9354 61.2513 0.0340684
270 1.66231 14.6413 1.89241
271 4.95597 11.7226 2.50063
272 59.4196 36.7453 1.16657
273 68.3946 22.2605 2.49284
274 71.0604 27.6942 2.17034
275 76.968 20.8864 2.48517
276 71.5926 19.7073 2.82275
277 59.3822 28.8143 1.37136
278 81.5315 10.6279 2.46565
279 78.0636 31.7748 2.16819
280 1.90539 13.7023 2.04998
281 77.2493 25.9664 2.68185
282 -0.180682 10.1318 2.57781
283 54.124 40.4847 1.32963
284 80.5217 14.4095 3.11395
285 52.6095 32.2411 2.0444
286 96.1287 5.97571 2.47663
287 74.2527 22.334 2.68069
288 62.3098 37.1455 2.00165
289 81.7728 16.1061 2.28489
290 70.9051 25.8457 2.92547
291 88.0404 15.1062 2.84215
292 64.873 42.0462 1.23037
293 68.9186 26.3647 2.61827
294 2.81282 8.87809 2.28327
295 90.4561 44.1331 1.42417
296 64.4972 31.3248 1.83674
297 82.2963 24.1165 2.63437
298 90.9907 18.7191 2.01866
299 54.5576 36.2811 1.96016
300 73.0204 22.5663 2.05376
301 99.5213 22.7007 2.20391
302 62.586 19.7151 2.49843
303 76.334 23.5618 2.97254
304 83.1775 9.01151 2.35114
305 68.5929 84.9597 -2.34033
306 40.1067 65.2341 0.213325
307 69.9658 83.8505 -2.53882
308 1.04744 14.5623 1.68552
309 69.6123 28.661 2.61565
310 42.806 64.7617 0.192698
311 3.54451 4.56565 1.69677
312 73.1528 28.5667 2.75223
313 58.4237 37.9065 2.0937
314 96.2794 28.5067 2.88899
315 74.4918 25.5092 3.00643
316 57.465 29.8571 1.81975
317 -0.238412 15.5215 2.36802
318 53.643 43.3695 1.71227
319 54.2317 36.7639 1.31885
320 55.0806 34.1072 1.4608
321 95.7589 30.6235 -3.07195
322 56.7717 31.7163 1.81681
323 98.3409 14.9316 2.56135
324 75.5705 8.91607 -2.68889
325 80.7603 26.6676 2.93332
326 76.4874 19.6873 2.44147
327 72.1561 23.7482 2.88134
328 63.6732 32.176 2.41098
329 61.9153 37.8461 2.04505
330 58.8479 36.6459 1.5971
331 68.0414 75.9417 -2.59303
332 59.635 38.1651 1.29059
333 60.9623 30.3471 1.42975
334 97.8138 8.77218 1.74503
335 51.8671 36.8168 1.55445
336 56.551 32.9806 1.31062
337 96.4573 9.4883 1.80642
338 78.7051 25.9773 2.55097
339 77.239 25.7187 2.3146
340 43.5191 30.3712 1.76682
341 95.9904 14.1849 2.11653
342 97.6289 17.6614 2.69214
343 79.807 30.0424 2.24623
344 78.571 24.1481 2.32426
345 63.2668 41.5692 1.42984
346 93.5771 6.9884 2.43835
347 67.3364 13.6269 2.35222
348 92.2918 11.9537 2.19352
349 67.5243 10.6517 2.42173
350 75.2907 28.7281 2.27452
351 89.0224 22.8171 2.77339
352 84.9132 13.8301 2.70883
353 58.5273 47.5936 1.1628
354 73.5246 19.0141 2.73468
355 78.877 17.8722 2.1868
356 60.6789 32.0986 1.38728
357 85.2541 47.6038 1.93726
358 2.4886 15.7587 2.10928
359 65.9636 24.0524 2.07647
360 88.4421 29.6186 2.91563
361 64.7454 18.9958 2.14448
362 47.5697 32.2227 1.72946
363 75.8322 20.2595 2.89258
364 70.8001 81.6818 -2.425
365 70.6275 29.4914 2.22563
366 54.4704 31.06 1.80781
367 57.6189 34.8626 1.64745
368 59.6921 22.721 2.14816
369 61.0906 36.7019 1.2208
370 55.6613 44.411 1.36591
371 97.7562 23.7095 2.30803
372 5.40266 9.57299 1.74829
373 55.3549 32.9843 2.01881
374 68.7262 85.7236 -1.90131
375 68.693 29.732 1.90059
376 6.05641 13.1499 2.22607
377 57.4129 38.1029 1.79185
378 70.5679 27.8411 2.15119
379 54.8349 37.0707 1.36738
380 78.3929 22.4796 2.97085
381 70.8375 12.2123 2.68117
382 49.4465 29.7434 2.0785
383 64.3802 38.9718 1.34377
384 68.0639 30.6483 2.19303
385 46.5178 64.0407 -0.312156
386 33.1255 70.3 0.166004
387 68.454 19.4229 2.03229
388 82.2549 25.3509 2.63597
389 63.3823 21.4994 2.61657
390 92.9476 16.8683 2.12047
391 -0.319614 13.3674 2.26464
392 64.098 19.8424 2.76609
393 79.0474 30.238 2.60212
394 48.7161 32.1897 2.03236
395 0.858275 15.4861 2.62295
396 96.7667 30.1246 -3.05052
397 50.6983 40.8517 2.09214
398 59.5321 36.5315 1.88029
399 90.2586 19.623 2.10868
400 95.5668 10.1402 2.60481
401 64.2921 36.0472 2.18491
402 74.503 19.3777 2.10421
403 47.8948 28.4308 2.02058
404 73.609 24.5199 2.95814
405 84.2948 13.2202 2.67973
406 98.4052 99.5532 1.89242
407 52.061 30.8136 1.90347
408 56.6244 25.0804 1.9587
409 58.3597 33.5996 1.27027
410 95.3192 11.1267 2.20591
411 47.3347 39.7337 1.73716
412 83.3458 20.0342 2.69199
413 97.5833 12.3825 2.43545
414 77.8724 29.159 2.0727
415 63.7301 41.5744 1.60415
416 63.4222 29.8541 2.48221
417 93.5036 9.57122 2.60962
418 1.04835 20.9905 2.60345
419 64.7566 38.1852 1.18565
420 68.0109 25.5855 2.52094
421 95.8639 17.8929 1.95015
422 0.515449 12.0449 2.55975
423 57.0402 32.9686 1.5197
424 0.896257 28.6826 -2.33144
425 53.0221 26.9925 1.20428
426 55.6264 38.2912 1.53917
427 65.4147 86.6154 -2.40478
428 75.979 28.1945 2.63752
429 80.197 26.6884 2.18213
430 83.2381 26.8622 2.48501
431 70.4835 30.7188 2.20312
432 97.1476 24.8086 2.54006
433 57.1251 35.794 1.52328
434 71.6087 24.7104 2.94877
435 69.0339 79.671 -2.34213
436 86.0432 26.0878 2.39967
437 69.6299 22.0798 2.02774
438 4.61387 0.231892 2.97018
439 56.3446 35.7062 1.52871
440 78.097 16.5368 2.40113
441 98.1475 99.5889 1.6823
442 50.1814 32.9677 1.42698
443 71.7567 18.6473 2.2244
444 73.6673 30.819 2.46472
445 67.6005 15.6158 2.35048
446 74.1882 75.7668 -3.19456
447 98.7187 4.80564 1.63283
448 8.3061 40.1469 -1.03196
449 80.8711 16.3929 2.79368
450 98.7265 16.0837 2.2727
451 75.2378 21.5611 2.78923
452 67.4409 87.0445 -2.75415
453 80.1131 21.1064 2.3566
454 64.2597 86.1371 -2.07234
455 66.7189 39.6653 1.42549
456 92.3649 8.12987 1.88565
457 1.96833 9.48213 2.36304
458 33.5259 30.7728 0.441179
459 69.7114 39.8735 1.5382
460 68.8288 22.5172 2.59927
461 58.5799 44.7107 1.78102
462 75.8303 30.7757 2.44777
463 4.31964 13.1346 2.38305
464 78.1281 33.6624 2.45345
465 0.366374 15.7324 2.03031
466 79.0414 26.3074 2.08463
467 55.4887 34.0455 1.51372
468 63.6469 22.1524 2.70365
469 88.0887 23.6022 2.22232
470 87.6122 13.1407 2.67235
471 75.0199 28.2743 2.56219
472 75.9565 31.2501 2.35947
473 58.5764 29.0871 1.74456
474 8.49972 34.0243 -0.851172
475 98.3432 2.68594 1.84304
476 88.1564 48.2427 1.29035
477 74.2743 20.0587 2.45501
478 69.652 34.1744 1.91316
479 62.2598 40.3105 1.62064
480 5.07709 8.50543 1.92898
481 64.9393 31.6314 2.04512
482 74.5017 18.8949 2.66989
483 96.225 16.1383 2.28713
484 61.1811 24.0882 2.08837
485 62.411 19.4859 2.04305
486 82.5142 21.619 2.93615
487 80.51 27.1583 2.30957
488 89.6147 21.7641 2.58165
489 66.9134 37.7554 1.88181
490 56.2895 50.998 1.33852
491 76.9767 22.5122 2.04041
492 76.0949 33.7761 2.56893
493 74.5541 28.1529 2.7351
494 76.0579 20.8289 2.42469
495 67.7417 26.6908 2.34374
496 50.8324 38.1259 1.76856
497 2.43571 27.6518 -1.78258
498 82.6597 24.5411 2.65034
499 84.1851 43.3385 1.63663
