500
Particles
0 14.6192 55.8072 2.80549
1 51.3904 57.7686 2.16677
2 24.701 93.1712 2.70854
3 61.2829 97.8704 1.55627
4 76.7956 59.2077 1.90988
5 20.2471 48.7625 2.26548
6 32.4761 80.5207 2.67739
7 73.8352 6.00332 1.24818
8 51.1269 64.354 2.17377
9 51.7903 67.4228 2.22643
10 38.7983 61.9595 2.09743
11 24.4238 90.1275 2.3768
12 26.8888 90.953 2.3667
13 83.1745 50.5913 1.44559
14 80.5244 62.9314 1.8217
15 96.068 54.1614 1.61547
16 49.3668 68.7192 2.73515
17 75.6573 77.8336 1.03441
18 74.8165 68.5476 1.3018
19 61.3707 92.604 1.74182
20 61.5028 98.4267 1.64394
21 15.3875 71.3183 2.63016
22 37.9119 73.9916 2.23296
23 83.3811 55.2804 1.64036
24 65.5878 1.65455 1.54123
25 22.6171 61.8366 2.60964
26 18.6189 42.1066 2.63907
27 10.0353 80.2805 2.09672
28 24.5379 70.861 2.36168
29 36.2342 10.2613 -1.632
30 59.2922 11.4958 1.8677
31 33.4974 73.5137 2.01992
32 49.4665 96.8588 1.11138
33 66.6246 7.3351 1.29266
34 27.9851 64.127 2.03206
35 73.4981 72.6169 0.921999
36 59.7719 17.4556 2.03143
37 37.0192 88.5025 2.45504
38 21.6785 65.4762 2.00623
39 79.2547 56.1907 1.53172
40 30.8648 62.6745 1.95151
41 76.2973 56.6028 1.4681
42 45.5051 71.6142 1.92278
43 63.8349 98.2801 1.35585
44 49.6832 59.457 1.56294
45 43.9855 66.9625 2.07415
46 28.846 67.0754 2.09419
47 78.4919 97.1702 1.93194
48 35.9749 67.0906 2.27463
49 22.3909 55.4496 2.58528
50 81.4588 73.2582 1.51843
51 39.7529 74.7877 2.09065
52 67.0103 100.296 1.48535
53 58.7443 17.1005 2.52123
54 80.3361 60.2579 1.48331
55 68.2812 94.3468 1.03705
56 83.2167 62.1744 1.79847
57 35.666 53.7385 1.96356
58 80.2555 65.7265 1.48525
59 22.4528 63.2634 2.12573
60 80.1825 71.0621 1.03925
61 37.4952 64.1307 2.04269
62 47.3402 61.8013 2.0307
63 49.5515 51.3198 1.56377
64 26.3885 83.5124 2.99115
65 74.1537 98.3605 1.27008
66 77.4938 74.0482 1.12938
67 77.234 73.8965 1.3755
68 72.1345 95.6496 1.83149
69 42.4857 57.7462 2.62928
70 33.8422 85.5048 2.30533
71 30.0894 66.2205 2.57288
72 78.5155 70.7241 1.66982
73 39.6043 87.5489 1.83028
74 33.4618 56.1184 2.12201
75 73.999 3.33003 1.45642
76 37.3126 57.4192 2.105
77 36.9009 84.7676 1.70699
78 18.3134 35.0059 2.85367
79 82.1052 67.5878 1.26157
80 33.811 61.4619 2.59438
81 76.3911 72.0027 1.744
82 58.7544 89.5967 1.30465
83 73.87 64.8088 1.69288
84 69.8611 91.3149 1.27211
85 34.5561 63.8558 2.17946
86 34.7919 61.7624 1.97553
87 39.2792 83.028 2.29261
88 69.4834 93.6806 1.61839
89 31.7922 57.2317 1.83642
90 66.5211 1.74566 1.06885
91 33.8126 74.9953 2.52531
92 37.8973 81.567 1.97435
93 75.6568 59.4852 1.22608
94 35.6938 64.3954 2.3214
95 62.645 93.4737 1.66433
96 17.3121 76.4164 2.92628
97 36.9343 88.6823 1.83863
98 30.7152 56.8166 2.74322
99 37.4261 80.8341 1.99661
100 67.6774 0.839783 1.40163
101 78.3051 69.737 1.63889
102 40.2418 64.0171 2.01622
103 27.9383 60.9486 2.06058
104 38.2345 70.7664 2.14965
105 64.9283 2.97455 0.945773
106 81.2045 59.8437 1.86994
107 16.4338 62.5596 2.66761
108 36.3126 71.8596 2.34115
109 91.4446 67.7519 1.27076
110 77.5744 4.34221 1.37377
111 38.5344 88.3137 2.4332
112 61.6552 96.9766 0.9949
113 33.2176 79.0447 2.68762
114 14.525 79.8938 2.12036
115 28.6307 90.5911 2.18233
116 34.1496 52.1641 2.08405
117 29.4616 70.2598 2.58073
118 55.8468 99.6656 1.96736
119 78.5456 62.3875 1.97639
120 20.5235 58.1535 1.91427
121 68.5807 69.2972 1.40523
122 35.4192 67.1196 2.67023
123 66.4153 64.2463 1.71406
124 20.8665 95.5797 2.25919
125 72.6825 93.768 1.26844
126 46.5871 76.9673 2.42962
127 78.9565 53.5232 2.06203
128 67.0449 1.72075 1.01174
129 11.509 81.2111 2.33015
130 22.831 69.0097 1.79239
131 35.9963 59.8057 1.91022
132 74.9215 94.7561 1.05888
133 75.5171 96.9014 1.39305
134 21.7627 53.3332 1.99264
135 38.93 86.866 1.92808
136 31.0401 53.738 2.83099
137 27.2337 83.5932 2.07861
138 38.337 65.2592 2.40508
139 24.8343 59.7293 1.87471
140 39.2682 61.2228 2.45135
141 71.2566 94.9147 1.12411
142 76.8453 62.3605 1.3152
143 49.9199 71.7901 1.78491
144 26.1797 85.6568 2.06988
145 12.6587 83.6439 2.84022
146 19.069 63.0007 2.80124
147 64.6634 7.60846 0.981923
148 39.6144 86.8236 1.83209
149 76.4034 72.2814 1.04989
150 42.268 65.6825 2.58627
151 57.3004 95.6796 1.13486
152 33.6921 55.8253 2.44665
153 36.4373 70.7161 2.5078
154 49.4107 69.9323 2.61782
155 77.6899 98.1374 1.15561
156 55.5705 64.9167 1.70443
157 49.124 80.4777 1.78311
158 18.4021 44.1666 2.22667
159 55.5655 77.8366 2.30989
160 63.721 8.82911 1.47424
161 51.3182 76.1755 2.01774
162 75.3502 73.6068 1.60663
163 66.4816 92.3254 1.36267
164 73.8851 0.736362 1.1655
165 72.2007 70.3902 1.3488
166 68.2788 92.4741 1.01009
167 42.5537 90.3243 1.6835
168 81.7432 69.3222 1.25022
169 73.3576 98.7329 1.12137
170 69.0181 55.4051 1.2352
171 31.365 80.5636 2.71629
172 14.7924 59.0009 2.39141
173 40.6747 61.3255 2.56463
174 17.4599 41.8929 2.4252
175 73.7265 92.5996 1.53876
176 32.2359 14.7938 -1.29192
177 28.4017 59.7142 2.74752
178 67.0655 100.425 1.35303
179 27.037 73.2364 2.89813
180 32.2053 80.6661 2.70547
181 53.0232 69.5539 2.0146
182 87.1145 62.6306 1.63947
183 15.6225 56.0486 2.80469
184 38.1279 81.0624 2.49136
185 74.2542 98.4432 1.1992
186 39.5433 69.9926 2.56156
187 58.2632 97.2635 1.58095
188 63.7929 60.089 2.49212
189 21.6652 91.3242 1.95576
190 18.8033 45.4632 2.81938
191 29.6882 87.8342 2.62422
192 30.2586 52.5508 2.81022
193 39.9184 77.3605 2.59119
194 32.738 60.6577 2.83113
195 27.5564 81.1435 2.67495
196 24.223 57.2971 2.47381
197 34.0506 59.2381 2.1858
198 36.7338 81.1825 2.17908
199 21.7209 50.6274 2.40384
200 37.5638 83.9394 1.71488
201 37.121 8.65694 -1.50619
202 64.5304 1.88106 1.5644
203 56.6134 79.1676 2.43048
204 18.4075 41.6382 2.55889
205 42.6479 89.0705 2.47264
206 30.6523 60.7028 2.45165
207 24.3831 66.1954 2.59835
208 64.5255 90.156 0.779464
209 57.3063 98.8423 1.14658
210 79.8299 71.2061 1.76812
211 36.4689 67.5882 2.69261
212 76.0196 95.904 1.11813
213 55.6001 93.9149 0.836573
214 61.8095 58.3721 2.41022
215 18.44 66.4885 2.80032
216 45.6203 72.2663 2.47236
217 25.7918 77.9221 2.39421
218 79.1204 90.7843 1.19174
219 77.7208 78.6281 1.46598
220 37.7488 87.4648 2.024
221 42.2913 77.7184 2.0607
222 37.3993 88.4332 2.53098
223 68.4933 4.58805 1.14513
224 60.5937 98.8564 1.93956
225 28.788 91.4062 2.86891
226 49.6475 67.2841 1.99642
227 38.5099 70.3204 1.63488
228 36.5989 62.2364 2.58564
229 37.2941 61.5219 2.08145
230 83.3674 52.5261 1.57051
231 82.52 69.6418 1.41152
232 37.4636 78.2797 2.44185
233 31.4215 66.7323 1.7841
234 23.5826 58.5911 2.28499
235 83.3375 59.531 2.00599
236 48.8134 65.8119 1.96284
237 24.2719 92.9946 2.65418
238 84.5405 61.4187 1.34474
239 76.1968 61.7889 1.61092
240 22.425 85.0119 2.3161
241 51.7584 63.4562 1.8614
242 44.0529 75.7939 2.72732
243 37.7486 83.4075 2.40498
244 52.4407 76.5032 2.70532
245 40.0568 74.1688 2.08947
246 37.0859 63.597 2.52915
247 72.2987 34.2929 1.34543
248 77.1212 62.4492 1.34676
249 32.2782 55.0644 2.00257
250 7.98856 79.3138 2.34781
251 16.6986 87.9792 2.02483
252 70.0393 4.91169 1.68237
253 60.6699 100.137 1.49817
254 37.7627 61.5028 2.56212
255 76.7814 71.9484 1.49832
256 43.878 74.0134 1.78032
257 36.9906 63.5172 1.94081
258 55.6952 68.6782 2.13813
259 85.4289 61.0362 1.87433
260 20.3138 47.1449 2.38682
261 78.6255 63.9602 2.15752
262 43.9681 68.0117 2.66761
263 35.7699 76.5597 2.61585
264 62.1971 8.16562 1.65579
265 34.2964 59.7722 2.54269
266 27.2074 56.6281 2.23833
267 23.0297 83.6818 2.59574
268 24.7764 62.3908 2.39075
269 8.30741 81.3711 2.77758
270 82.6751 65.4803 1.68642
271 87.3291 63.6885 1.70461
272 49.3543 93.4284 1.61105
273 26.4683 61.4471 2.00181
274 33.3975 70.9267 1.73577
275 35.8392 60.7308 2.47872
276 26.3899 54.0169 2.43416
277 34.9195 79.1338 2.70302
278 45.8692 52.7791 1.99613
279 44.1264 76.6046 2.20423
280 84.8971 65.8319 1.35254
281 38.0288 67.3303 2.60472
282 81.017 62.1147 1.60262
283 45.1526 96.3591 1.57401
284 42.8747 56.2828 2.16922
285 34.8009 84.6851 2.32175
286 73.3096 55.1061 1.14498
287 34.2234 63.2421 1.95353
288 64.863 94.1242 1.67678
289 44.4544 58.7227 1.95279
290 32.9664 68.3216 1.914
291 56.0616 61.1072 1.78138
292 72.337 97.942 1.85911
293 30.5132 69.4609 2.05349
294 86.7977 61.269 1.46652
295 10.9194 74.3438 3.02237
296 40.5844 82.4551 2.57041
297 46.19 68.0479 2.11473
298 57.9658 63.3327 2.23427
299 36.921 89.4933 1.92182
300 30.9012 61.5866 2.32776
301 79.3898 72.2453 1.35982
302 20.1659 58.1743 2.32455
303 36.2821 64.568 2.57167
304 50.2058 52.9882 1.77224
305 22.1825 90.9707 2.29811
306 62.8625 4.03567 1.6487
307 23.1366 90.7602 2.91294
308 78.8859 66.3708 1.72722
309 31.9256 71.7197 2.14655
310 65.2211 5.53384 1.54818
311 87.74 57.1317 1.12738
312 38.5995 73.9218 1.99432
313 59.9236 94.8355 1.11604
314 78.0898 76.9083 1.82931
315 37.1944 68.5493 2.44517
316 37.5779 81.7409 2.10323
317 81.9098 67.4973 1.63748
318 27.8934 90.9368 2.50918
319 35.6881 88.929 2.52519
320 36.2854 87.3578 2.16503
321 76.4539 75.9577 1.57376
322 39.274 85.2859 1.84517
323 79.7302 67.8576 1.0126
324 43.5738 13.1497 -0.198081
325 45.5657 71.9147 2.63059
326 35.5602 60.014 2.06911
327 32.4819 65.2938 1.94443
328 42.8674 84.0999 2.20085
329 64.7522 94.4265 0.98203
330 59.1457 93.5402 1.03682
331 70.7164 7.71883 1.54467
332 59.8375 95.0125 0.981557
333 37.8946 82.0191 2.32666
334 77.9484 58.1568 1.9335
335 30.9169 88.5226 2.46397
336 39.5243 86.8385 2.06453
337 78.6126 60.1899 2.14163
338 41.906 69.8748 1.73716
339 36.3735 64.8999 2.06248
340 1.35863 63.8034 2.63026
341 75.7108 65.4544 2.00891
342 77.8125 68.6946 1.20342
343 46.155 75.4699 2.12679
344 39.7821 66.2675 2.67981
345 68.0601 98.4023 1.11516
346 75.2399 56.6997 1.49005
347 20.9988 47.6261 2.6435
348 65.0961 60.1557 2.60517
349 17.966 37.2328 2.28071
350 39.3965 72.6353 2.67499
351 53.0495 65.2945 1.82159
352 51.2519 59.2142 1.69184
353 69.0888 3.10021 0.97117
354 29.6794 55.2488 2.73724
355 38.9318 58.689 2.40324
356 40.617 84.5538 1.87819
357 76.8693 100.165 1.82249
358 83.8841 66.6021 1.73759
359 24.1311 63.3785 2.47858
360 73.3692 78.3227 1.25179
361 19.2908 53.6231 2.22984
362 19.5353 78.8902 2.38899
363 35.8481 61.6941 1.81286
364 67.1384 8.50779 1.43269
365 36.2893 74.899 2.07794
366 36.3762 83.365 1.71375
367 39.66 87.8222 1.77921
368 16.8928 60.1368 2.87999
369 62.3335 93.6731 1.59946
370 59.8743 1.1657 1.52088
371 75.968 71.2338 0.864122
372 89.5698 62.2559 1.51822
373 36.9936 85.5073 1.96339
374 18.0576 87.9606 2.23012
375 39.4746 78.7601 1.72736
376 93.4403 65.6385 1.54558
377 52.5707 95.1458 1.02983
378 31.997 70.3499 2.69879
379 39.114 90.7088 2.17833
380 38.5591 63.2424 2.27561
381 22.4255 42.6501 2.63708
382 26.6931 80.4566 2.96742
383 68.6227 96.2901 1.04197
384 38.6858 79.3418 2.71929
385 68.8166 6.82544 1.16575
386 60.9821 15.8899 2.49206
387 23.3703 54.2707 2.18221
388 45.229 68.2928 2.45758
389 21.7909 61.3661 1.9295
390 73.0124 67.0752 1.8441
391 80.7384 65.4718 1.94866
392 21.2614 58.5735 2.50998
393 44.6368 75.0767 2.18122
394 27.1035 83.2545 2.1772
395 82.5182 67.5788 1.65262
396 77.8585 77.361 1.28091
397 25.5163 87.7218 2.47889
398 60.0506 93.5987 1.753
399 54.4373 63.0481 1.95691
400 74.7701 60.7956 1.35928
401 60.8689 92.7075 1.04638
402 30.9372 55.2872 2.61631
403 18.0119 71.5307 3.13289
404 34.1913 65.9581 2.78761
405 50.3498 58.0239 1.63254
406 82.1926 50.2228 2.03005
407 30.4839 82.3009 2.08386
408 17.1781 65.2316 1.91883
409 44.9073 87.4309 1.77062
410 77.9386 63.3023 2.09957
411 17.8082 82.8178 2.73754
412 43.4502 61.5814 2.08466
413 76.7813 63.0709 1.91138
414 43.7689 74.4736 2.09552
415 69.9984 98.0265 1.84632
416 39.5161 81.4646 2.1
417 74.4089 60.6344 1.421
418 81.1494 70.9857 1.42023
419 66.3929 95.2125 1.04121
420 30.1239 68.1022 2.37073
421 77.5627 70.0279 0.882192
422 83.0943 64.2445 1.1798
423 39.0139 85.6064 2.21172
424 79.542 74.9841 1.39134
425 30.785 78.1815 2.80176
426 46.0161 94.0605 1.38535
427 15.8599 88.359 2.2022
428 36.932 69.442 2.31041
429 42.9708 70.0371 2.55418
430 48.7307 72.0535 2.24652
431 38.1779 77.114 1.84266
432 75.7807 73.384 1.36555
433 45.4876 91.7351 1.65335
434 29.4861 63.5375 1.78421
435 70.5159 7.16764 1.71858
436 52.7291 71.4682 1.81775
437 24.8165 58.2598 2.47365
438 33.7219 11.355 -2.0323
439 38.1485 88.4925 2.56583
440 40.3827 58.574 2.50064
441 79.5895 50.5357 2.15522
442 30.0489 85.0775 2.29777
443 24.6739 51.4133 2.62842
444 39.3893 76.0502 2.62444
445 18.7152 45.5488 1.92196
446 76.4668 6.63431 1.35678
447 79.8484 54.7402 2.23287
448 96.248 65.7634 2.23403
449 42.8457 57.6813 1.92321
450 77.2239 67.1357 1.26271
451 30.9892 58.1381 1.97668
452 17.6719 89.6399 2.19546
453 40.4606 62.3364 1.77724
454 12.7707 82.4067 2.45749
455 70.9562 96.57 1.55379
456 71.5333 59.4169 2.1197
457 83.1557 61.3813 1.56451
458 98.2622 62.5733 2.47079
459 74.845 96.172 1.6216
460 26.0587 61.007 2.80201
461 63.8648 1.48382 1.75248
462 41.0508 75.8701 2.73354
463 87.5695 64.6963 1.80678
464 42.2079 76.8849 1.90048
465 79.0717 65.7475 1.35941
466 43.3837 70.3266 2.02471
467 39.7917 87.4013 2.42847
468 21.3286 60.529 2.06568
469 52.8669 66.892 2.16092
470 54.0278 57.9472 2.24363
471 36.5736 71.0276 1.82676
472 42.5004 76.8147 1.95682
473 37.9511 81.0618 1.73495
474 25.9009 27.6722 1.03272
475 81.8951 53.0361 1.57464
476 78.7003 0.798645 1.92662
477 37.1586 63.3896 2.11084
478 70.5914 89.5663 1.35931
479 68.1976 96.8086 1.24373
480 95.7029 57.0507 1.57669
481 40.466 82.6019 2.22819
482 29.3173 53.733 2.53452
483 76.2762 67.5606 1.13777
484 19.5039 64.0606 2.29396
485 16.9657 54.0808 2.57115
486 43.4624 63.286 2.51346
487 44.318 71.5219 2.11036
488 51.7963 62.9905 1.79106
489 67.1207 94.6032 1.07241
490 72.7125 4.28639 1.58681
491 36.2447 63.0195 2.01788
492 42.0336 78.6703 1.96845
493 37.2599 70.8018 2.1045
494 35.3114 60.3593 2.08164
495 29.0973 68.9761 1.77174
496 26.1561 87.4083 2.62986
497 81.9306 71.3545 1.27778
498 45.9626 68.5536 2.39886
499 77.0769 92.8388 1.93093
