500
Particles
0 46.8814 31.3756 1.93806
1 73.1654 23.9466 1.90604
2 55.1853 71.3485 -2.17485
3 59.4536 57.294 1.32992
4 85.6273 20.3832 1.79801
5 54.4195 26.5263 2.81716
6 49.6536 45.1978 1.94959
7 65.2309 67.5853 0.919182
8 73.548 30.6438 2.13628
9 73.8043 33.4405 2.46494
10 65.3064 31.5391 2.7616
11 53.8458 64.8023 1.47357
12 50.7756 59.0288 1.97301
13 88.8441 11.8753 2.09077
14 86.8962 23.1839 1.83079
15 1.25556 18.943 -3.29594
16 70.1325 33.9146 2.54716
17 80.8966 40.6286 1.85948
18 84.8409 30.4544 1.8505
19 58.6354 52.1549 2.08803
20 57.4702 58.1789 1.14196
21 40.3395 44.6536 2.13382
22 59.572 39.7766 2.44725
23 90.0674 16.5165 2.00555
24 58.7091 61.7911 1.38263
25 52.9196 34.785 2.45689
26 54.0527 22.3653 2.97121
27 43.4152 66.9224 1.03106
28 51.3199 40.3221 2.65284
29 12.555 13.7892 1.58011
30 55.7015 80.1703 -2.40486
31 57.0911 40.4299 2.32704
32 55.6497 56.6981 1.77629
33 58.0489 69.2846 -1.46276
34 56.6819 35.2724 2.61849
35 81.4867 35.4822 1.92363
36 44.4548 82.5965 -0.130455
37 52.6712 51.7278 2.0668
38 51.3791 37.5365 2.10897
39 85.8766 17.2416 2.41403
40 59.3795 33.7383 2.69578
41 84.6902 17.6987 2.09945
42 67.8124 37.6541 2.73559
43 59.5593 58.046 1.03185
44 71.8306 25.6693 2.05993
45 68.1252 34.0595 2.27157
46 56.7695 37.21 2.43184
47 73.6831 57.3578 2.51354
48 60.6642 34.8504 2.07149
49 53.1577 28.9282 2.34759
50 88.9692 35.3065 2.53773
51 60.793 39.7708 2.3495
52 60.2038 60.2123 1.12784
53 44.3324 82.4889 0.514065
54 88.7463 21.0852 2.49912
55 63.8533 53.6475 2.05143
56 90.5612 23.1656 2.32223
57 63.0194 24.9067 1.90567
58 87.8993 26.8081 2.11527
59 51.3626 34.874 2.01062
60 87.182 33.1132 2.7379
61 64.8424 34.4671 2.32044
62 71.5849 28.7751 2.54534
63 71.3045 18.7296 2.09053
64 47.0762 50.0097 2.07211
65 66.7617 58.2945 1.81363
66 84.1626 35.4839 2.3127
67 85.5048 35.9416 1.90984
68 65.3494 55.4671 1.7301
69 68.1806 25.9202 2.32893
70 49.6608 48.7517 1.89717
71 56.2822 34.7504 2.52622
72 85.7604 31.6387 2.15112
73 53.7436 51.0281 1.8891
74 60.9908 26.531 2.6287
75 64.858 64.3128 0.625559
76 64.8112 27.1935 2.06462
77 50.9134 48.5623 2.07926
78 55.1374 20.5406 2.15614
79 90.0317 28.6437 1.72129
80 60.3487 30.8774 2.85296
81 84.0627 34.8381 2.28999
82 58.8936 49.1365 1.49794
83 84.4595 25.8701 2.44608
84 66.0761 51.0495 1.80499
85 60.7175 32.803 2.01043
86 62.1437 31.7114 2.0388
87 55.8183 46.5487 1.98823
88 61.9672 53.321 1.31145
89 59.2125 27.5284 2.6159
90 59.3627 61.8735 1.54353
91 56.3726 41.7493 2.17613
92 55.1328 45.0764 1.98158
93 83.0707 20.3511 1.8705
94 62.7022 34.2004 2.6359
95 59.1474 52.7916 1.95958
96 40.7167 48.0569 1.63778
97 52.5921 52.3584 1.93599
98 59.2125 27.7758 2.59613
99 55.1343 45.5365 1.49859
100 61.9371 60.4426 1.72445
101 87.2086 31.1777 1.8938
102 65.7683 32.3816 2.52085
103 55.9901 31.5276 2.85371
104 62.5171 38.0918 2.68179
105 58.465 63.1226 1.48075
106 87.3542 21.233 2.51883
107 47.4083 36.4449 2.40543
108 60.1965 38.7936 2.71105
109 94.4803 27.6369 2.10314
110 75.707 64.8251 2.84377
111 52.9834 50.7776 1.629
112 57.7898 56.8828 1.50529
113 50.2041 43.4058 2.5482
114 42.9507 54.9781 2.01839
115 50.9475 57.8341 1.6002
116 61.8858 23.4135 2.56968
117 55.3199 39.3919 2.81248
118 55.5678 58.879 1.46366
119 88.1226 22.9437 2.31374
120 52.1078 32.5192 2.18802
121 78.4986 32.9892 2.06398
122 62.4437 36.2287 2.34743
123 80.7929 27.4921 1.75848
124 86.7397 0.0857343 -0.238207
125 65.866 53.5891 1.85638
126 69.0695 43.1813 2.56906
127 86.2343 14.7517 1.82829
128 60.7737 61.6377 1.03891
129 50.5649 76.1495 -2.82534
130 51.1418 40.1724 2.07761
131 62.3108 28.705 2.79291
132 68.217 54.9885 1.74552
133 68.8369 56.7536 1.97655
134 53.2991 27.8507 2.98753
135 54.5008 49.4168 1.48733
136 60.1772 26.4899 2.31219
137 47.8372 50.25 1.63571
138 63.5861 33.4505 2.60493
139 54.5078 31.9105 2.59782
140 66.4029 31.3538 2.25896
141 64.8415 55.3169 1.37871
142 85.2637 23.8138 2.58044
143 71.9508 37.5896 2.54811
144 47.8463 53.2254 1.34762
145 50.8883 75.3427 -2.12982
146 50.1342 36.4459 2.75667
147 57.2742 67.894 1.15364
148 55.9416 49.7836 1.33087
149 84.3606 34.2179 2.59534
150 68.1456 34.5559 2.74579
151 57.4275 55.2976 1.79274
152 62.6552 27.1257 2.30641
153 59.5478 37.5266 2.08988
154 71.659 35.9507 2.44475
155 70.8588 58.5107 1.68202
156 78.1825 31.8226 2.50952
157 67.1272 44.3886 2.55564
158 53.3354 24.4266 2.28678
159 72.943 41.6533 2.42779
160 59.2664 72.2599 -2.31941
161 69.5812 39.9055 2.53362
162 82.6668 35.6504 2.49907
163 62.937 51.7451 1.86444
164 63.9429 61.5099 0.926769
165 80.8677 33.5391 2.76818
166 62.7555 52.1311 1.98241
167 55.3534 52.7072 1.25264
168 86.3436 29.4738 2.15503
169 63.5214 59.6066 1.0157
170 74.7812 17.2395 1.8731
171 49.1211 45.3974 1.63764
172 45.99 33.8209 2.63706
173 67.8794 31.1574 1.88388
174 54.0902 24.7833 2.25209
175 67.3086 52.3946 1.26291
176 6.3757 31.2731 1.21626
177 56.7018 30.9385 2.35518
178 60.7089 60.6055 1.24788
179 51.728 41.1704 1.8416
180 51.3717 45.3198 1.82112
181 73.8292 34.7464 2.38923
182 92.1719 23.3955 2.37784
183 47.9889 31.4213 2.5236
184 56.8649 45.6094 1.92881
185 66.2859 58.9299 1.31865
186 64.6683 38.2484 2.04848
187 58.0463 56.5432 1.38448
188 79.5976 23.4521 2.24083
189 56.1627 74.9436 -1.83267
190 53.7279 24.9087 2.07638
191 50.4203 54.7332 1.71166
192 59.4791 25.658 2.14923
193 58.8989 41.643 2.45076
194 59.8268 30.3014 1.9232
195 45.0753 46.2988 2.1662
196 54.9895 30.8219 2.6696
197 61.3021 29.294 2.50064
198 54.5468 45.086 2.187
199 54.1384 26.3235 2.05148
200 53.9171 48.3698 1.87356
201 11.8061 11.8282 0.946725
202 60.4114 61.1533 1.10649
203 73.616 43.7175 1.86892
204 54.8424 23.5795 3.02943
205 55.4675 50.7725 1.25819
206 58.704 31.3882 2.01291
207 52.8878 37.2169 2.6792
208 61.487 49.9182 1.71634
209 56.9294 58.1833 1.00022
210 87.4344 32.256 1.96807
211 61.3449 35.8503 1.96975
212 68.2757 56.3046 1.22747
213 58.6371 53.4923 1.68779
214 77.4003 21.8852 2.00014
215 49.2162 39.9855 2.24849
216 68.1537 38.4636 1.81101
217 45.8382 44.4374 2.24825
218 74.1802 52.2708 2.76293
219 81.7435 40.1438 2.39519
220 53.6228 50.8644 1.18647
221 62.2471 41.991 1.89787
222 52.371 51.7884 1.25683
223 60.5908 64.9583 0.966164
224 58.9367 57.7478 1.6626
225 54.8897 64.3304 1.46286
226 70.4579 32.4337 2.75584
227 64.0396 38.402 1.98684
228 63.7169 32.0688 2.063
229 65.789 33.0758 2.77249
230 90.2221 14.1657 2.83147
231 90.5643 30.6807 2.55842
232 57.3973 43.5161 2.16623
233 56.5421 34.7078 2.19131
234 53.2718 30.7876 2.33001
235 90.6368 20.7907 2.00558
236 70.2536 31.3823 1.94603
237 57.0726 75.3735 -2.07307
238 91.2977 21.7852 2.06253
239 84.1912 22.4405 2.34923
240 46.0856 54.6161 1.81937
241 74.1235 29.8044 2.62456
242 64.3849 41.2484 2.15327
243 54.0985 47.4286 1.88742
244 72.7444 41.828 2.51352
245 61.8298 40.3872 2.1595
246 64.4669 33.3189 1.87935
247 85.8538 9.2797 1.95962
248 85.6481 23.7581 1.92949
249 60.2318 25.8262 2.32115
250 42.1243 68.8576 0.454998
251 52.8572 74.6441 -2.36401
252 62.8261 65.8654 0.573866
253 57.4968 59.4353 1.07488
254 63.453 30.0072 1.9509
255 83.8344 33.6601 2.41796
256 64.6473 38.8066 2.47045
257 62.9293 32.075 2.28621
258 77.2669 34.4365 2.18859
259 90.8752 22.1275 2.37282
260 55.5249 26.3597 2.96245
261 88.4867 24.8458 2.25119
262 68.6233 35.5326 2.66648
263 56.2999 41.6226 2.52663
264 57.0815 69.2149 -2.38994
265 61.6002 29.6215 2.00527
266 57.2479 29.9009 2.85839
267 43.559 50.9329 2.0068
268 53.8113 33.6122 2.08934
269 44.3997 71.1983 0.711732
270 90.3126 26.4779 1.78137
271 94.4689 24.5925 1.78306
272 56.9978 53.5357 1.79291
273 55.0849 32.6243 2.02424
274 58.2852 38.5136 1.99691
275 63.8013 31.1245 1.94224
276 57.1562 28.2004 2.73905
277 53.0743 44.4436 1.77964
278 69.3932 21.7297 1.88282
279 64.361 41.5516 2.05137
280 90.7918 25.9168 2.03425
281 63.598 35.7264 2.71721
282 87.963 22.0966 2.22022
283 53.6182 57.2291 1.06579
284 67.2809 24.5548 2.56553
285 51.0762 48.9868 1.29635
286 83.5064 16.6851 2.41485
287 60.7082 32.4572 2.70935
288 60.3615 53.7215 1.78687
289 68.3773 26.0859 2.59281
290 57.386 35.8253 2.047
291 76.7845 26.5875 1.77174
292 62.7476 58.7055 1.49065
293 56.367 37.6775 2.39597
294 92.2312 21.7164 1.97628
295 4.57251 49.3646 0.334232
296 58.0477 46.6285 2.0935
297 68.9753 34.0776 2.52598
298 77.7442 28.6836 2.72439
299 52.1812 53.1337 1.58861
300 59.2369 32.3789 2.71601
301 86.8501 33.7124 2.54666
302 50.597 31.202 2.22345
303 63.6443 34.3659 2.70053
304 70.933 19.8738 2.2287
305 56.0479 73.911 -2.00801
306 55.7804 64.4856 0.780723
307 56.7737 73.8899 -2.58251
308 90.1431 27.364 2.32673
309 56.2239 38.8149 2.09768
310 58.2976 65.6989 0.585275
311 93.5428 17.6871 2.00543
312 60.7587 39.9085 2.55831
313 55.8734 54.481 1.55107
314 83.1191 38.8003 2.55966
315 61.2279 35.6936 2.21769
316 54.7551 46.2611 1.4763
317 88.6194 27.8271 2.28771
318 53.1474 60.1335 1.70111
319 52.1616 53.2667 1.19871
320 52.9366 50.7671 1.9391
321 80.8609 38.07 2.2708
322 54.3055 48.3444 1.90672
323 87.8462 28.1529 2.0948
324 66.3492 19.4802 1.4783
325 69.3929 39.0687 1.78186
326 62.8579 29.7442 1.96505
327 59.9821 35.1041 2.42531
328 58.7297 47.8934 1.71685
329 61.0777 54.4564 1.7205
330 58.0259 53.0603 2.13794
331 64.1491 68.6806 0.809214
332 58.3241 54.7598 1.98868
333 55.8966 46.1911 2.01632
334 85.1587 19.4814 2.61814
335 49.7581 53.6109 1.83514
336 55.1509 49.7623 1.46046
337 84.0081 20.3672 2.62739
338 65.7973 36.9425 2.33982
339 63.7107 35.365 2.73826
340 36.6301 45.5646 2.13271
341 84.7741 26.9438 2.52053
342 85.8576 29.5114 2.36602
343 66.5404 40.308 2.16312
344 65.0599 34.1959 2.04278
345 61.7912 58.184 1.41788
346 80.415 17.4024 2.10057
347 54.4345 23.9908 2.13482
348 80.6394 23.9592 1.74307
349 54.6562 21.335 2.18541
350 61.9009 38.8069 2.25764
351 74.7696 31.6089 2.34726
352 72.5124 25.0368 2.01349
353 59.7309 64.1937 1.17519
354 59.9614 28.9054 2.18152
355 65.6058 28.2667 2.07233
356 56.561 48.4315 2.06868
357 75.1393 60.3347 1.6879
358 90.5883 27.4037 2.38299
359 52.7316 34.5568 2.17303
360 76.2602 41.2324 2.63977
361 50.873 28.4083 2.88152
362 43.5081 48.529 1.85017
363 62.8897 31.2003 2.30281
364 60.02 69.4839 -0.907416
365 58.089 40.345 2.71411
366 52.9454 47.7408 1.73683
367 54.4298 51.3777 1.29755
368 48.3943 34.7895 2.36179
369 59.2612 53.4082 1.68553
370 56.3277 60.897 1.36298
371 84.7731 33.9542 1.92591
372 95.2345 22.9394 2.11759
373 53.6312 49.6055 1.90374
374 55.025 75.988 -2.52879
375 58.2875 42.7826 1.72824
376 95.5874 26.1508 1.69317
377 56.7263 54.8499 2.03216
378 57.2526 38.4257 2.3204
379 52.8245 53.8157 2.12282
380 64.299 31.799 2.60508
381 57.816 22.7813 2.64237
382 45.3508 46.3587 2.13852
383 63.7318 55.7118 1.27867
384 58.0961 44.0639 2.18986
385 62.4786 67.6267 0.520653
386 45.5338 81.1173 0.68669
387 53.7909 27.5358 2.39433
388 69.2978 35.7893 1.93425
389 51.2198 33.1089 2.41845
390 81.482 28.853 2.57592
391 89.0343 26.2469 1.86799
392 50.8357 30.2498 2.1456
393 65.9506 40.5384 2.29022
394 46.3703 48.8531 1.44585
395 90.2771 28.3981 2.43636
396 83.3596 39.8292 1.89413
397 50.1964 57.5001 1.12217
398 57.8431 53.1739 1.31026
399 77.2137 30.2794 2.71884
400 83.9759 22.2557 2.28708
401 60.5448 52.2265 1.27764
402 60.0397 27.9305 2.34802
403 41.5441 44.0708 2.13716
404 60.3803 34.9749 2.36768
405 71.2846 23.8369 2.3058
406 88.2731 12.416 1.78454
407 47.8943 46.8888 1.95142
408 48.1897 39.2389 1.92789
409 56.4171 50.1164 1.48772
410 84.1323 23.7519 1.94328
411 45.5808 56.2632 1.65315
412 70.3709 30.569 2.40217
413 85.3213 23.8167 2.60624
414 64.9921 39.7111 2.72027
415 62.1753 58.2132 1.59645
416 56.9878 45.1699 2.31575
417 81.2448 21.0548 2.16256
418 88.3609 31.3701 2.18614
419 61.9766 54.6523 2.04664
420 55.5014 36.3457 1.99715
421 85.2586 30.9287 2.5088
422 90.2164 25.0655 2.1284
423 55.0843 49.6505 2.1421
424 87.2659 35.9032 2.09521
425 48.8189 43.3781 1.73316
426 54.105 54.908 1.27775
427 52.4076 76.0293 -2.38237
428 61.7036 37.0184 2.52041
429 66.9578 37.0142 2.36192
430 70.3133 37.463 1.83382
431 58.9458 42.8794 2.37739
432 84.3495 35.6973 2.18809
433 55.7882 52.8051 1.86722
434 57.3227 33.8237 2.82186
435 62.8834 68.5597 0.881898
436 73.0597 36.6094 2.88133
437 55.5849 31.4177 2.86032
438 10.8455 14.964 1.3977
439 54.5097 52.4212 1.56591
440 65.3781 26.8596 2.28894
441 87.2696 12.7374 2.33517
442 47.7688 49.5811 1.44215
443 56.8536 26.6746 2.55049
444 60.4999 40.9689 2.73891
445 53.4662 24.6663 2.45599
446 68.407 67.6681 0.956629
447 86.3191 15.9515 2.24848
448 4.52714 41.0284 -0.566236
449 67.074 25.6924 2.47158
450 87.5627 28.4695 2.01403
451 60.4857 29.6546 2.35291
452 53.8097 77.0043 -2.68774
453 66.4805 31.1101 2.51241
454 51.6176 75.3285 -2.24262
455 64.9619 56.3544 1.39555
456 81.2087 20.6431 2.02661
457 91.1162 22.107 2.28254
458 32.8439 43.8629 1.97076
459 66.3229 56.2745 1.85309
460 55.5922 33.1561 2.24309
461 58.3319 61.442 1.17179
462 62.6436 41.3029 2.31067
463 93.185 25.4721 1.79639
464 64.0252 42.5223 2.68602
465 87.7749 26.9051 2.65512
466 66.2435 36.8538 2.50928
467 53.5834 50.6161 2.03178
468 51.0833 33.3299 2.3026
469 74.2801 32.4714 2.85981
470 75.0444 24.0341 2.73995
471 61.9113 38.8433 2.74286
472 62.3302 41.0555 2.12369
473 53.5958 44.8492 2.36913
474 3.07421 19.4273 -2.80771
475 86.8786 14.9094 2.08829
476 77.3723 61.2152 2.20263
477 62.0039 31.2686 1.93778
478 64.631 49.7793 1.62997
479 61.0345 56.7405 1.94913
480 97.9156 18.9674 2.05169
481 58.7058 47.1615 1.80965
482 60.5631 28.1948 2.78499
483 85.4612 28.8992 2.4386
484 49.7768 36.7516 2.64243
485 49.002 29.3285 2.07287
486 69.081 31.4034 2.3579
487 67.6656 37.814 2.65298
488 75.5535 30.6737 2.70491
489 63.4211 54.0703 2.0303
490 61.6006 65.9058 1.0074
491 62.9807 32.0928 2.50338
492 63.4321 44.5532 2.49557
493 60.701 37.7071 2.83273
494 62.9656 30.8893 2.0778
495 55.3772 37.9247 2.43706
496 48.4043 54.4873 2.02482
497 90.9331 33.0617 2.27086
498 69.9423 35.4465 2.36356
499 72.6632 53.207 2.86458
