500
Particles
0 16.8538 8.47965 0.378076
1 50.9895 90.2321 -2.05941
2 91.0486 31.6818 -2.78439
3 94.4638 5.95505 0.437345
4 45.8542 79.12 -0.0957743
5 84.8089 54.7007 -3.04045
6 1.29212 75.7854 -2.42223
7 39.5457 63.788 -1.02306
8 80.0353 26.8067 -2.42608
9 65.3115 34.6151 -0.344556
10 64.8148 78.3311 -2.29294
11 82.3069 84.853 -1.67677
12 60.7543 77.4999 -1.86868
13 20.4008 42.555 3.00445
14 50.7012 46.4127 2.53812
15 74.5075 61.2697 0.9621
16 95.7181 6.77571 0.417125
17 36.8988 35.5689 1.58331
18 49.653 75.3748 -0.136752
19 47.7052 98.1539 -0.188689
20 31.2628 74.8129 -1.94896
21 5.42794 75.7983 -2.73112
22 64.8147 94.2488 -3.2177
23 39.6569 39.9311 2.07384
24 28.5767 4.2984 -2.74279
25 84.2682 74.4608 0.926307
26 77.7437 65.608 1.16943
27 42.4464 61.2913 -0.779195
28 13.173 11.7519 0.829795
29 4.37589 16.4529 -2.11051
30 69.6843 7.82966 0.00680106
31 47.736 6.17833 -1.04412
32 31.4551 71.0619 -1.97803
33 90.6796 27.5045 -2.167
34 26.7107 72.6099 -1.97406
35 14.0838 9.13405 0.832495
36 13.2282 85.6102 2.42903
37 60.9014 54.1117 0.209725
38 95.4057 28.6918 -2.66195
39 49.1693 98.5722 -0.895798
40 94.2252 32.0556 -1.67673
41 22.9048 45.0813 2.98704
42 63.5168 35.2642 -0.767966
43 75.4748 85.4277 -1.15032
44 52.7148 4.1691 -1.05909
45 63.931 39.3795 -0.998567
46 17.7552 13.0985 1.0443
47 9.96391 92.435 2.89933
48 76.9592 26.0767 -2.85627
49 82.7027 69.6675 0.500617
50 87.8014 25.3124 -2.5712
51 19.5511 17.8824 0.0265882
52 97.54 69.5802 0.0196697
53 16.8556 86.2103 2.6724
54 70.7251 80.5221 -2.06276
55 45.8849 61.8303 -0.0408801
56 26.8874 69.9745 -1.79785
57 85.0709 6.2391 -1.64341
58 32.0904 60.2297 -0.871158
59 88.3042 76.8587 0.0936278
60 57.35 57.0842 -0.579809
61 63.8477 30.615 -0.486948
62 13.8985 14.9095 0.709456
63 46.64 87.4241 -0.467293
64 54.8133 89.1241 -2.18595
65 3.42166 60.0991 -1.5339
66 55.7599 78.8605 -0.424275
67 31.7096 9.27722 -3.28982
68 4.36204 57.5501 -1.6198
69 17.9173 22.0188 -1.68514
70 91.0077 76.5677 0.858735
71 25.731 86.0718 -1.04305
72 52.8015 76.9261 -0.427954
73 58.3461 18.2448 -0.998482
74 98.3332 47.2707 3.10178
75 10.1411 34.2704 -1.04696
76 15.855 24.1272 -2.05098
77 52.3429 72.7293 0.579538
78 63.4462 99.2455 -1.56574
79 82.623 44.6166 2.92844
80 13.8375 20.0002 -1.69026
81 58.6676 68.267 -0.75965
82 21.1627 73.3635 -1.23308
83 47.5563 65.8102 0.140018
84 41.9475 35.7022 1.94354
85 18.0716 61.3338 2.09543
86 13.4944 31.3002 -1.50678
87 4.58391 41.8066 1.93031
88 2.13649 68.1137 -1.89075
89 75.385 67.2491 0.728196
90 78.7822 64.9455 0.81375
91 47.7276 5.77119 -0.693975
92 44.4703 61.4426 -0.760618
93 28.4699 62.1637 -1.21148
94 25.5156 91.6912 -1.99119
95 14.0717 13.1778 0.430187
96 77.4199 45.1303 2.21877
97 73.8079 50.9077 2.73803
98 76.5706 68.3368 1.0878
99 89.8997 4.48237 0.00594621
100 1.94619 69.3101 -2.19947
101 51.7434 52.4187 1.16778
102 80.9726 27.3493 -2.71095
103 14.7653 73.9911 2.43339
104 19.7235 9.28816 0.818395
105 78.042 66.1131 1.20731
106 25.1398 72.6376 -1.62958
107 64.4806 21.0803 -2.49116
108 25.886 19.9288 -0.834385
109 72.7871 22.8651 -3.13854
110 76.7812 12.2953 -1.47276
111 77.3994 48.52 2.035
112 89.3397 22.6984 -2.71607
113 34.2968 44.7995 -3.05239
114 72.9536 64.523 0.79509
115 53.434 19.9441 -1.18756
116 61.4413 71.9131 -1.34973
117 74.678 67.0205 1.34488
118 96.365 6.544 0.523163
119 38.5819 53.4271 -2.5707
120 83.2273 59.4901 -3.52898
121 42.2824 97.5808 -1.28038
122 25.6268 91.1044 -1.19213
123 50.5028 67.3229 -0.135387
124 9.70846 49.0544 3.18957
125 0.989461 67.7508 -1.11903
126 50.4658 13.6019 -1.2294
127 2.9178 62.5677 -0.64425
128 28.6194 1.97206 -2.03592
129 20.2657 9.19832 1.23868
130 17.4454 19.9471 -1.14407
131 61.4495 76.3905 -2.21736
132 80.229 82.1905 -1.557
133 79.5639 81.4362 -1.13022
134 91.039 80.3243 0.226712
135 5.1252 76.937 -2.56478
136 12.2942 87.7616 3.1853
137 96.0693 82.145 -0.439939
138 32.1807 98.8809 -1.69613
139 11.8623 21.9021 -2.19623
140 81.2388 29.0189 -2.84257
141 1.16469 68.4511 -1.24391
142 1.64147 72.7106 -2.15824
143 69.3085 38.0322 -0.556631
144 65.647 52.8705 -0.603292
145 65.2899 19.2737 -3.06867
146 15.4774 16.3211 -0.442632
147 92.7006 28.0519 -2.4044
148 16.3533 13.4683 0.813324
149 64.3605 55.7128 -0.318869
150 28.2812 12.7667 1.87648
151 12.6286 11.6195 0.674302
152 38.0414 89.1036 -1.50689
153 17.4893 9.92595 0.475457
154 71.5238 38.196 -0.231583
155 85.3641 94.083 -0.700451
156 77.2601 30.2238 -2.48676
157 54.6369 36.6072 0.163376
158 93.2761 88.621 -0.919011
159 67.6083 76.9708 -1.87354
160 55.3079 9.39061 -1.32871
161 42.5715 2.07402 -0.976741
162 84.6715 29.8897 -2.44847
163 7.4696 43.4101 2.1899
164 8.21427 67.7951 3.09669
165 13.1863 9.00859 0.337161
166 2.5961 57.2642 -1.87384
167 10.046 72.7151 2.52483
168 53.6627 87.2582 -2.72544
169 78.3362 8.245 -1.1704
170 90.0651 25.507 -2.34125
171 82.4164 45.0895 2.68036
172 58.9067 21.039 -1.8534
173 70.5946 31.7044 -0.738005
174 78.9427 54.2325 2.79802
175 46.3339 9.39106 -1.09042
176 70.5736 62.5547 1.20185
177 18.062 62.8714 2.76603
178 42.3015 42.0802 1.53251
179 14.1794 11.5778 0.972723
180 31.9498 49.0138 -2.95221
181 75.8316 34.935 -0.834891
182 29.1863 65.9228 -0.815683
183 51.5153 38.6044 0.0157697
184 84.6547 59.4065 -2.80537
185 21.6414 38.9421 2.99819
186 25.3336 92.5085 -1.9982
187 86.5352 24.5973 -2.58887
188 44.3549 83.7396 -0.507362
189 62.4577 4.68179 -1.14569
190 58.7248 79.5536 -0.801094
191 78.6176 50.0436 2.81078
192 26.0681 98.9793 -2.34246
193 62.8022 27.1336 -0.610956
194 81.7687 0.945175 -1.06694
195 51.9567 71.719 0.0495055
196 93.0264 83.984 -0.750655
197 15.4408 29.3825 -1.52404
198 26.4218 78.1149 -2.00916
199 3.5604 82.1246 2.86491
200 8.96474 71.4439 2.50369
201 46.1394 97.5778 -0.95816
202 43.9752 66.4011 -0.314452
203 22.1672 21.6134 -0.581699
204 89.1933 54.2501 -2.51698
205 65.3131 19.522 -2.38998
206 2.92688 18.0528 -2.23376
207 87.0505 77.7473 0.262814
208 75.0884 62.493 1.34603
209 66.8612 72.266 -2.59656
210 55.8924 53.9413 0.451635
211 60.4024 83.7947 -2.15949
212 79.6689 84.3435 -1.0078
213 16.8747 20.0719 -1.09456
214 48.6971 64.1783 0.216106
215 28.1393 53.6929 -2.7656
216 64.9627 41.4157 -0.944307
217 7.17744 72.7312 2.4909
218 50.5725 35.9802 -0.300693
219 24.934 33.5804 -3.47956
220 13.7804 59.2971 2.43628
221 31.3355 24.5121 -3.01385
222 58.0099 55.9324 -0.223996
223 1.51375 22.0299 -2.52937
224 93.4383 4.34171 1.16684
225 36.4355 61.0709 -1.05589
226 62.0591 35.088 -0.31473
227 80.9812 25.6187 -2.67578
228 20.9356 30.2942 -2.68837
229 34.8297 19.9633 -3.07353
230 16.6558 45.1943 2.69178
231 54.0039 69.1472 0.582315
232 45.0493 2.50066 -1.11148
233 19.6341 48.0064 2.42024
234 89.1592 81.1714 0.519664
235 26.0628 68.4476 -1.6436
236 83.1104 28.2363 -3.29334
237 62.6044 1.43058 -1.08523
238 41.9472 45.4257 2.22246
239 45.565 80.9022 -0.100667
240 65.458 58.5607 -0.227975
241 58.8835 90.2977 -2.58285
242 20.9753 17.278 -0.0544681
243 7.20139 72.9383 3.00579
244 38.2742 97.3199 -1.07068
245 21.9375 16.233 0.509647
246 31.7695 89.559 -1.55867
247 11.2237 53.0758 3.12001
248 53.6916 46.5449 1.74149
249 80.5936 50.5254 2.50422
250 10.2909 33.2336 -0.636523
251 96.5139 24.5639 -1.92323
252 35.5552 65.827 -0.997058
253 25.8836 37.0893 3.03392
254 63.4779 6.01343 -1.29877
255 60.2206 60.1936 0.0733704
256 24.8261 17.5217 -0.528094
257 28.4898 91.44 -0.975513
258 86.7523 26.8015 -2.37311
259 26.9076 73.6855 -1.6899
260 6.39401 80.4447 2.91241
261 33.1367 43.9944 -3.13566
262 69.6257 36.481 -0.109459
263 13.3923 61.7254 2.51165
264 82.9228 16.5161 -2.19984
265 19.8717 48.8129 2.45548
266 11.0699 96.8166 2.76921
267 57.6396 89.133 -2.81154
268 67.856 4.94137 -0.194906
269 95.8379 89.5407 -1.1818
270 25.8978 65.0945 -0.926896
271 26.7687 68.6066 -1.31056
272 19.7054 29.7696 -1.48373
273 91.5639 82.1359 -0.652234
274 10.158 83.068 2.70918
275 35.6475 15.8862 -2.70195
276 77.7067 68.9057 0.799846
277 62.9522 19.382 -2.59803
278 90.9565 20.1025 2.54428
279 38.3415 25.3745 -3.40174
280 80.5193 40.8596 2.29906
281 50.822 13.7283 -1.55595
282 39.3423 37.5014 2.09044
283 96.8189 83.3158 -0.0706427
284 60.9466 91.4477 -2.30919
285 85.9964 46.5822 2.64707
286 9.4991 46.8418 2.23929
287 28.9664 91.6089 -1.37217
288 92.0806 4.44656 0.308541
289 92.8631 12.7986 0.75059
290 67.6997 28.7414 -0.758901
291 51.3354 93.8853 -1.42002
292 76.1896 6.09376 -1.58693
293 13.6925 65.9477 1.68586
294 73.2667 82.7834 -1.34979
295 38.1717 68.2387 -1.43337
296 74.6495 62.6592 0.550933
297 69.1094 35.1394 -0.574252
298 51.9137 7.90834 -0.900623
299 89.2114 75.0386 1.08823
300 15.5554 58.5653 2.05502
301 60.0211 68.4923 -1.73261
302 93.3954 30.3769 -1.89733
303 83.5411 20.8985 -2.55878
304 55.2552 85.3826 -3.01746
305 55.7886 76.3239 -0.234946
306 15.0296 90.8978 2.60461
307 54.9411 5.80801 -0.969852
308 35.702 47.3107 -2.97317
309 6.04381 97.0582 3.03684
310 44.6868 50.5896 -1.70737
311 7.7925 92.4722 2.6909
312 18.7438 14.9355 0.0917485
313 9.51761 13.7945 0.513367
314 99.1897 4.80808 0.51394
315 75.0692 30.0688 -0.733848
316 99.4172 77.831 -0.697043
317 95.2962 71.4985 -0.239931
318 67.2896 61.9464 0.675672
319 87.9781 50.063 2.67307
320 55.1123 68.5931 0.471487
321 10.5823 92.126 2.36825
322 77.9547 49.2059 2.77373
323 83.1863 43.6023 2.31819
324 55.0912 10.8084 -1.08608
325 57.958 36.392 0.0452754
326 88.0409 6.09432 -0.518311
327 10.2079 20.5571 -1.96817
328 76.2839 61.978 1.01075
329 28.7512 72.2984 -1.25027
330 15.2316 17.2031 -0.0958767
331 79.2934 77.416 -1.12393
332 30.9397 72.2468 -1.35598
333 31.0756 51.3677 -2.37515
334 42.1692 87.2446 -1.27165
335 83.6549 48.7396 2.92761
336 11.1172 71.8044 2.45355
337 47.093 77.8258 -0.106036
338 63.8633 36.6825 -0.95593
339 87.604 8.3792 -0.767013
340 52.7497 67.9648 0.274603
341 78.1693 16.466 -2.3631
342 51.6784 69.148 0.370271
343 35.3201 23.1736 -3.1821
344 84.6153 24.1932 -3.25156
345 73.439 67.4973 1.07982
346 22.5863 44.2029 2.57148
347 77.5861 69.3402 1.26886
348 49.2396 80.3199 -0.698356
349 56.9326 78.8477 -0.418158
350 22.9517 12.4739 1.06314
351 70.4619 31.9621 -0.0820781
352 52.7222 2.96554 -0.933564
353 97.6819 47.0488 3.09968
354 99.5951 52.0134 2.05217
355 68.0607 73.1608 -2.66545
356 92.1078 7.72345 0.044182
357 81.899 83.9277 -1.34986
358 36.6391 47.4235 -2.65512
359 77.842 59.9048 1.51122
360 71.5336 41.1144 -0.827141
361 79.2824 54.1641 2.85775
362 77.3076 46.0703 1.96737
363 15.6564 27.9335 -2.10656
364 93.4938 17.2995 2.40186
365 17.4771 11.9705 0.615463
366 4.51806 78.3878 -2.5826
367 68.0652 21.159 -2.83375
368 15.2975 16.4984 -0.496151
369 72.147 67.0593 0.465493
370 70.6937 56.8345 1.53144
371 62.492 69.2447 -1.54692
372 71.7408 81.3513 -1.97457
373 27.7533 49.5087 -2.10123
374 52.317 10.2295 -0.848654
375 18.082 11.6751 0.336757
376 77.3116 19.0742 -2.44214
377 31.8071 3.93138 -2.66879
378 21.5154 14.3472 0.419275
379 9.7413 79.9932 2.69951
380 71.1454 34.8743 -0.466979
381 78.4143 87.5814 -0.998874
382 59.2234 50.0984 0.14143
383 96.2616 6.07849 0.314935
384 96.5892 11.6798 0.722435
385 40.4753 63.6235 -0.533061
386 34.0542 63.4495 -0.0838962
387 14.6175 54.7722 2.51073
388 62.0892 37.2167 -0.822714
389 85.2742 56.6914 -2.54051
390 55.4711 84.8214 -2.24946
391 38.0054 43.9246 2.5203
392 58.3493 11.0743 -1.33756
393 52.9469 34.6336 -0.273216
394 5.94672 74.1092 3.49289
395 32.808 46.1567 -2.62261
396 4.58568 19.9054 -2.48943
397 83.5491 52.253 2.76356
398 63.6799 73.9593 -2.29736
399 32.3342 6.99047 -2.22035
400 95.5785 51.6871 2.22138
401 6.09297 45.124 1.77365
402 18.3174 26.4367 -2.10157
403 55.5352 50.3614 0.63626
404 83.4118 3.40655 -1.53073
405 49.351 86.2115 -0.507074
406 16.0319 43.7595 2.62776
407 0.709552 76.5444 -2.74136
408 26.7748 46.0157 2.66924
409 7.67149 76.2266 2.51574
410 44.7012 83.6736 -0.215487
411 73.1378 65.0271 0.86666
412 15.5097 24.748 -1.57998
413 28.3045 37.0539 2.6445
414 30.031 20.5926 -2.52131
415 78.4738 3.40719 -1.12945
416 89.0955 59.3643 -3.24022
417 99.1886 70.7269 -0.172284
418 59.6609 52.6746 -0.00656288
419 47.9726 95.7765 -0.626635
420 77.8794 61.9735 0.848976
421 50.6675 78.1065 0.00935605
422 29.2308 64.4884 -0.941707
423 24.4069 89.3819 -1.73686
424 71.3442 63.2432 1.24507
425 1.82982 74.8465 -3.23767
426 55.9021 19.1162 -0.680986
427 55.6344 14.2444 -0.456365
428 21.0919 13.7132 1.18593
429 25.9733 14.9779 1.0631
430 38.7987 96.9773 -0.72631
431 23.9404 12.3985 1.04338
432 84.6234 26.6753 -2.84934
433 58.2452 19.9582 -2.04204
434 67.8454 67.4086 -1.72072
435 91.841 24.4994 -2.30485
436 65.0101 35.7526 -0.696982
437 79.529 99.1565 -1.55706
438 46.917 99.0346 -1.41113
439 60.6053 20.4101 -2.54756
440 99.242 54.5286 -2.42191
441 5.48782 69.5612 -2.75747
442 74.0084 47.7535 2.55327
443 44.3029 66.5595 0.15305
444 20.7121 10.995 1.05149
445 62.5342 57.4905 -0.0245076
446 27.5347 41.4738 2.77152
447 10.5481 48.783 3.01448
448 75.4562 60.8223 1.26249
449 61.5585 55.7163 -0.54383
450 49.0576 82.9576 -0.566534
451 12.8682 22.4111 -1.25815
452 55.4609 74.8078 0.471568
453 82.6273 30.9418 -3.21481
454 22.3114 67.8283 -1.74781
455 3.68921 51.052 2.20175
456 45.5852 78.8386 -0.32445
457 41.9406 40.6972 2.12601
458 30.662 74.6744 -2.10888
459 24.9176 88.4812 -1.09501
460 89.7072 58.2125 -3.25773
461 76.4609 68.9149 1.02852
462 25.0371 15.488 0.278256
463 70.2415 19.2383 -3.09589
464 35.6278 25.8661 -3.07177
465 37.278 51.9025 -2.61506
466 66.191 40.5367 -0.190181
467 95.4603 79.4465 -0.516051
468 83.8107 72.8602 -0.119381
469 67.047 34.9115 -0.631856
470 48.4655 73.5273 0.354775
471 27.3799 22.6594 -2.05581
472 25.5866 21.7165 -0.715054
473 13.5673 48.343 3.00483
474 72.5729 61.2691 1.51904
475 19.3801 43.6885 2.14079
476 83.0712 92.1392 -0.345107
477 84.0594 10.5218 -1.65144
478 48.6817 8.12976 -0.74069
479 77.5272 89.4069 -1.92762
480 41.2887 40.779 1.5515
481 80.5179 58.4991 2.09599
482 77.7887 82.3791 -1.52933
483 78.8372 42.9777 2.47786
484 69.3266 3.45847 -0.756586
485 95.3852 27.2119 -1.88606
486 68.0644 33.3035 -0.717357
487 63.3826 40.9115 -0.462054
488 13.295 7.05771 0.537704
489 3.89716 53.8057 -2.91542
490 38.4811 66.8843 -1.11775
491 28.8076 93.6754 -1.32803
492 24.6969 17.8783 -0.42444
493 62.7676 17.4342 -2.36367
494 31.8662 91.334 -1.73255
495 27.2022 7.02991 -2.96236
496 59.5135 69.0422 -1.07347
497 70.4457 57.2934 1.66126
498 33.1353 19.1459 -2.97094
499 28.7902 85.9948 -0.754344
