500
Particles
0 55.3988 90.1775 -1.75004
1 75.9097 87.1568 1.3364
2 71.5136 96.8162 -1.09387
3 14.1002 36.3977 2.68605
4 73.3729 77.3407 1.27041
5 95.0015 92.9691 1.52513
6 85.3385 85.2529 1.19635
7 36.1075 21.3079 -1.72679
8 63.237 85.7298 -2.01655
9 63.382 91.6547 -1.24683
10 87.7707 1.57964 1.32788
11 22.578 90.7159 0.167294
12 85.3674 97.1733 1.27211
13 81.1725 34.4718 -1.84216
14 76.2998 78.1387 1.35048
15 97.0833 0.697345 0.946495
16 19.1698 36.7767 2.45996
17 96.933 26.6087 -2.86665
18 78.3586 85.1794 1.09638
19 70.7486 68.542 0.762698
20 11.5094 38.6662 2.81552
21 89.6823 81.4074 0.482578
22 83.2607 99.3264 1.12097
23 99.1152 29.993 -2.81489
24 30.9773 74.4254 0.136822
25 95.7308 96.7247 1.59867
26 6.51423 98.6094 0.338488
27 38.2741 19.0667 -2.03313
28 51.1751 93.0743 -1.55274
29 1.14918 27.3289 -3.03126
30 78.3985 95.1919 0.776319
31 65.0325 66.0711 -0.233305
32 8.75424 37.3685 2.70788
33 73.5367 91.6381 0.622844
34 2.14402 40.9665 -2.86245
35 51.1921 88.6864 -1.5071
36 23.6 95.4045 1.09367
37 84.991 89.3759 0.797612
38 72.6302 95.0659 -1.03233
39 71.8664 78.253 1.34115
40 74.3787 98.031 -0.129617
41 81.8816 37.2825 -2.26408
42 62.3837 92.4521 -1.98951
43 96.4149 7.49388 1.67373
44 77.4004 90.7343 0.420994
45 65.8886 95.5061 -1.59591
46 55.7054 94.1703 -1.09107
47 84.7081 15.2698 -2.82449
48 61.4082 83.8443 -1.94635
49 94.2829 91.8763 1.09302
50 68.1163 86.5331 -1.47481
51 56.3365 96.4884 -1.07231
52 77.4765 72.7152 0.964847
53 23.7586 90.972 0.575738
54 88.8994 6.45173 1.50087
55 42.9713 22.0765 -1.5133
56 0.699822 39.5923 -2.4457
57 22.5516 13.127 1.01887
58 98.1579 34.9304 -2.44887
59 95.0348 95.1959 1.56941
60 84.0717 89.2346 0.648762
61 59.639 88.1298 -1.13111
62 51.6805 95.3817 -0.747699
63 73.4588 84.9745 0.540093
64 80.7323 89.554 0.800194
65 65.088 50.9741 -2.33255
66 83.8512 94.743 1.24674
67 41.4622 80.8802 -1.6132
68 63.7883 46.0644 -2.69141
69 54.5592 98.9745 -1.42553
70 86.5921 85.8939 1.34058
71 48.3991 51.9845 0.0804624
72 80.3645 90.554 0.77554
73 51.3725 74.0917 -1.37129
74 60.4137 32.9552 -2.42355
75 43.3942 14.5241 0.953556
76 52.1158 -0.235076 -1.06534
77 80.5144 88.1065 1.3925
78 80.2096 92.6056 1.29446
79 83.0322 82.5977 0.808585
80 52.5275 -0.000264446 -0.773639
81 84.8514 91.6813 1.16533
82 4.41802 61.6938 1.20956
83 79.7137 82.822 1.42623
84 1.06088 27.8373 -3.33384
85 26.9939 80.8842 0.527085
86 47.3185 7.10993 -1.24438
87 64.1995 35.0082 -2.74375
88 78.2925 76.3521 0.754015
89 6.45098 97.9863 0.435595
90 10.6064 95.4561 0.0235341
91 64.7328 65.2483 -1.13294
92 41.3991 21.0964 -1.31853
93 97.6181 35.4758 -2.97311
94 53.8568 59.3928 -0.779768
95 53.0327 93.6902 -1.14843
96 84.1756 84.9581 1.41345
97 87.0286 89.3216 1.57117
98 10.7038 96.8037 0.734594
99 13.2428 32.6673 2.35152
100 76.3109 69.9756 1.032
101 80.5966 83.2333 1.00018
102 63.4349 86.5069 -1.19776
103 29.2683 67.049 -0.735258
104 57.4333 90.6325 -1.54634
105 10.8785 95.5463 0.740245
106 0.0377402 42.7528 -3.33804
107 53.8211 78.5026 -2.10976
108 59.4485 95.2154 -1.65634
109 56.8457 81.9618 -2.04163
110 77.1234 96.5539 0.542169
111 85.3733 88.851 0.806358
112 66.1349 85.8277 -1.605
113 92.9242 31.0355 -2.56776
114 94.6501 4.09259 0.965401
115 42.8211 79.361 -1.57297
116 86.2411 92.4453 0.902139
117 99.7886 3.50966 1.62865
118 17.8884 36.3529 2.77742
119 96.8968 35.4212 -2.71866
120 0.926066 99.3939 1.00308
121 63.8827 58.4762 -0.387442
122 53.5533 60.775 -0.0386438
123 78.5914 83.6346 1.08212
124 67.7191 46.365 -2.16919
125 63.0382 51.1071 -1.88857
126 57.6807 70.0203 -1.15908
127 66.8918 47.0189 -1.99462
128 30.6232 75.4789 0.242865
129 57.5528 90.365 -1.11023
130 54.4747 97.3666 -1.46596
131 86.5415 98.6142 1.0824
132 18.7033 91.6474 0.205841
133 16.9167 95.2541 0.188637
134 95.241 92.046 1.26766
135 88.5071 86.1757 0.967171
136 18.5928 2.34131 1.06014
137 89.1939 87.2126 1.14055
138 54.1219 67.0174 -0.776315
139 47.7377 98.6708 -0.847143
140 62.5739 88.5315 -1.66754
141 62.6154 51.9828 -1.74486
142 82.7566 79.5311 1.46116
143 67.3213 95.2255 -1.36547
144 84.8572 91.047 1.17257
145 54.1364 76.7431 -1.93743
146 54.136 96.219 -0.813354
147 71.0138 93.0629 -0.946363
148 55.0797 96.0266 -1.32213
149 85.7724 93.1293 0.921562
150 60.5986 91.5369 -1.30288
151 50.8753 93.568 -1.5734
152 58.6268 52.9648 -1.81832
153 56.2845 91.5276 -0.907134
154 67.9302 94.8901 -1.51324
155 19.7807 97.8859 0.455357
156 64.868 87.1796 -1.42699
157 65.4495 98.404 -1.53389
158 1.59632 94.4607 0.713902
159 90.9816 1.57453 1.21504
160 78.0532 93.3675 1.18822
161 62.8743 63.441 -0.941558
162 66.849 89.1876 -1.5439
163 67.9223 42.4882 -2.61601
164 81.1537 70.5943 0.858887
165 49.278 87.2635 -1.04559
166 63.4723 46.8468 -2.19085
167 93.2023 85.7908 1.13852
168 77.9468 86.3289 0.993201
169 1.58574 10.8082 1.56687
170 71.6362 89.2093 -0.374372
171 84.4906 84.4858 0.704171
172 48.678 78.1683 -1.45414
173 62.7426 88.9588 -1.5847
174 91.132 93.689 1.27299
175 61.0897 67.878 -1.07892
176 92.9676 1.65501 1.82223
177 26.7275 81.9092 -0.0104431
178 1.51124 34.6956 -2.80434
179 52.3903 91.8745 -1.18347
180 91.7546 33.4429 -2.73233
181 66.9897 91.2997 -1.07575
182 0.162425 40.081 -3.02144
183 63.1575 4.72599 -1.46866
184 96.6803 99.7092 1.45195
185 84.8817 23.1668 -3.21123
186 52.2907 60.9939 -0.188581
187 64.6705 86.6968 -1.2175
188 74.5602 82.0727 0.829045
189 80.3831 93.9745 0.414043
190 84.3439 95.5379 1.29429
191 86.8717 90.9202 0.657626
192 28.9661 80.7613 0.138032
193 59.7521 85.5326 -1.98898
194 17.0073 1.33381 0.881888
195 81.1896 86.8541 1.52522
196 97.2784 92.5375 1.11569
197 48.9807 7.1527 -1.14402
198 6.79965 57.7159 1.88505
199 98.185 94.3071 1.33288
200 90.3369 83.1452 0.643331
201 71.1218 75.0121 0.736059
202 74.8496 72.3529 1.4416
203 57.4449 3.15217 -0.827803
204 90.2923 93.3849 1.43963
205 53.9147 77.0292 -1.73292
206 13.2096 18.4918 1.67896
207 98.0625 99.4545 0.696744
208 96.5672 1.79667 1.46903
209 89.1343 98.6124 0.95105
210 81.4931 87.4258 1.2923
211 85.5004 99.1703 1.33324
212 17.2964 94.0103 0.222165
213 55.2585 99.2127 -1.11194
214 77.8177 81.7265 0.958945
215 86.9128 43.3359 -2.11441
216 67.5996 99.4546 -1.53989
217 88.0469 82.6776 1.05527
218 62.9885 0.95654 -1.29381
219 87.8846 17.7514 -2.10279
220 99.2486 88.1722 1.1198
221 62.5975 98.9561 -1.74645
222 84.6113 88.4447 1.09088
223 81.7028 20.5695 -3.00996
224 14.8 33.9355 2.99778
225 33.0959 18.222 -1.8628
226 63.0222 92.6198 -1.97791
227 63.7317 84.4648 -1.59366
228 51.5863 7.68755 -1.56707
229 63.2396 94.3085 -1.34938
230 73.0574 43.1156 -2.72314
231 81.2468 89.591 1.44476
232 65.4996 62.4026 -0.975407
233 25.0493 64.9368 -1.20445
234 96.9523 95.2634 0.905341
235 -0.405138 39.4219 -3.13957
236 63.7818 88.3494 -1.39069
237 81.0669 93.3059 0.486407
238 1.03107 35.3501 -3.25624
239 73.694 81.23 0.636645
240 85.7964 97.475 1.80312
241 80.617 93.3647 1.34051
242 58.2485 96.9035 -1.83195
243 89.8951 84.2424 1.2201
244 60.1759 63.4705 -0.165811
245 59.2895 96.8151 -1.22874
246 57.8964 57.3324 -0.676184
247 70.6017 46.7834 -2.42296
248 77.8708 80.293 1.50178
249 87.7718 92.3282 1.19196
250 41.0219 10.5877 0.368783
251 76.7283 93.957 0.654272
252 35.8331 22.7063 -2.00397
253 87.308 22.5221 -2.57639
254 82.5232 98.7319 1.32427
255 86.2123 92.7327 1.61112
256 61.2441 95.8462 -1.03778
257 56.7258 60.5455 -0.867853
258 67.1938 87.7915 -1.414
259 1.40457 43.6845 -2.47588
260 97.31 92.1251 1.7246
261 92.7935 26.1742 -2.29527
262 66.3015 92.3751 -1.9937
263 22.3099 82.705 0.390704
264 76.1855 90.4883 0.880838
265 27.9592 63.471 -0.516771
266 41.6137 89.9642 -2.05013
267 78.8691 89.6341 0.865646
268 78.1593 98.677 0.896806
269 24.2146 87.3614 -0.162777
270 97.9265 36.6926 -2.4915
271 0.62485 39.8694 -2.61559
272 52.8451 8.13268 -1.23052
273 97.0749 94.5183 1.00016
274 23.0363 82.5917 0.0739187
275 59.2979 89.5173 -1.39227
276 13.0565 96.5573 0.585824
277 50.7646 76.8611 -1.53241
278 72.7302 88.0075 0.9448
279 62.4467 98.7226 -1.91797
280 80.4117 79.4302 0.914622
281 56.1928 70.1655 -1.44968
282 98.6685 30.2015 -2.92968
283 93.5431 89.2025 1.32965
284 82.4235 93.6319 1.20053
285 85.5796 85.1769 1.27451
286 69.5834 46.1139 -1.85187
287 56.0042 58.7657 -0.278867
288 14.6954 34.1437 2.53381
289 75.6926 91.9849 0.792767
290 59.2569 86.8494 -1.10919
291 76.4262 88.6369 0.461361
292 0.979003 10.2368 2.44178
293 23.6535 83.1565 0.580303
294 91.9182 7.29815 1.60408
295 36.9551 24.5646 -2.1113
296 96.4089 1.3983 0.958741
297 64.7328 91.0119 -1.64893
298 77.2722 89.5921 0.740836
299 90.1171 88.5099 1.04749
300 24.1397 79.026 0.260658
301 84.6641 91.2625 1.3211
302 72.8516 96.4384 -1.09423
303 65.2492 81.7912 -1.38815
304 75.9926 84.5854 0.759205
305 82.8555 93.8719 1.59789
306 25.0004 99.9712 0.775432
307 78.969 91.3607 0.49085
308 94.1149 30.629 -2.42479
309 38.7658 92.3726 -1.37828
310 35.8118 16.014 -1.65187
311 83.0286 16.4526 -2.75624
312 56.9347 97.0361 -0.839839
313 48.7823 93.5418 -1.02331
314 22.1896 36.5386 1.94854
315 61.8126 87.3366 -1.38274
316 89.7027 84.4634 1.06039
317 82.6342 81.9825 1.4188
318 91.8526 98.8115 1.6203
319 87.4192 88.083 1.0135
320 83.2157 90.7575 0.993214
321 85.8463 14.9694 -2.69992
322 84.8866 88.2283 1.572
323 81.7423 82.6914 1.26376
324 78.9158 94.4571 0.853836
325 63.8691 94.8611 -1.58635
326 11.5221 32.3482 3.00153
327 46.5749 96.5523 -0.536165
328 96.8393 2.21043 1.653
329 11.1315 37.0104 2.64108
330 53.1306 95.1243 -1.1432
331 18.0713 90.6312 -0.00391851
332 10.9952 37.413 2.22744
333 2.09878 57.0489 1.58957
334 72.1704 78.0838 1.37325
335 87.2919 89.4253 0.84315
336 94.1497 85.0733 0.466307
337 75.4226 79.1819 1.03473
338 64.0295 92.9751 -1.45271
339 10.1058 33.2095 2.42745
340 80.1501 86.5613 0.554908
341 72.1966 85.2269 0.194571
342 78.796 86.4247 1.24183
343 62.416 97.6589 -1.85722
344 66.3538 84.0994 -1.93787
345 95.276 6.4508 1.77157
346 83.174 36.7312 -2.10477
347 12.5626 97.0339 0.198402
348 76.4433 82.2965 0.576737
349 83.0751 94.4361 1.14456
350 59.7397 95.0166 -1.67446
351 64.778 88.3394 -1.34135
352 75.8606 88.4116 1.14221
353 61.4569 30.2987 -2.41744
354 58.1349 49.7181 -1.99706
355 89.3121 1.91328 1.37798
356 12.4169 36.2396 2.98676
357 20.9465 91.5164 0.0760916
358 95.0465 31.1938 -2.35197
359 97.8213 0.327137 0.607728
360 68.6535 98.4147 -2.00088
361 89.3934 95.0467 1.89226
362 84.1108 86.2235 0.771643
363 49.71 4.39406 -1.33241
364 75.849 90.838 0.524791
365 55.8297 93.649 -1.57603
366 89.9871 84.3925 1.05701
367 55.9674 79.5472 -1.61957
368 53.751 94.8922 -0.996418
369 95.9796 4.83314 1.30792
370 88.9689 97.2598 1.53992
371 85.4317 93.5868 0.812306
372 90.5656 6.85091 1.08717
373 87.0979 38.7794 -1.8639
374 78.3623 92.1398 1.21093
375 55.1815 92.1524 -1.15113
376 58.2902 79.3481 -2.29526
377 34.9671 73.3518 -0.206347
378 58.6608 95.5716 -1.53141
379 96.7001 89.6249 1.62296
380 64.1452 91.8073 -1.25267
381 14.8617 98.2546 0.613503
382 82.641 85.7135 0.943091
383 21.8418 35.2022 2.71656
384 4.86743 11.0004 1.87876
385 38.5023 19.5766 -2.08219
386 30.6492 20.9662 -2.02865
387 22.6594 73.985 -0.0619501
388 64.2517 93.5637 -1.16366
389 95.5661 95.4036 0.964974
390 77.8396 87.5188 1.30676
391 96.2072 31.1765 -2.61553
392 78.678 96.7677 1.23962
393 64.1185 96.4683 -1.32785
394 87.2426 84.7217 0.732527
395 93.2861 27.1107 -2.26983
396 87.3867 17.9113 -2.16764
397 90.3963 92.0444 0.777267
398 86.6313 97.265 1.18284
399 39.9242 77.6633 -0.875665
400 77.0018 78.4456 1.2229
401 63.8428 44.9343 -2.13842
402 52.1387 2.61711 -0.847875
403 82.6519 83.7122 0.789647
404 19.6533 11.4945 1.33582
405 76.5461 84.7988 0.838011
406 73.7351 40.5418 2.858
407 87.8189 83.1623 1.05217
408 85.9307 38.1339 -1.67897
409 91.251 86.745 0.726648
410 74.5041 80.5663 1.56747
411 95.7259 3.97988 1.21884
412 51.9031 2.36787 -0.825074
413 94.4086 22.4888 -2.13442
414 61.179 94.0997 -1.87942
415 1.65564 10.046 1.79034
416 95.9765 98.4223 1.58617
417 81.8231 79.1154 0.654232
418 83.774 87.1884 0.828011
419 72.4922 71.2653 0.584045
420 99.1843 1.05418 1.15105
421 79.0491 84.6619 0.64572
422 98.8466 36.5247 -2.57358
423 49.3438 56.1211 -0.282491
424 93.2426 2.9237 0.899947
425 87.7572 81.4142 1.01632
426 44.0228 77.6772 -1.74367
427 77.073 93.3444 0.864164
428 58.3566 94.0492 -1.23227
429 60.9571 93.2703 -1.33955
430 59.8676 63.1101 -0.281464
431 58.9205 92.7737 -1.08028
432 64.243 86.8552 -1.17592
433 45.1165 80.0831 -2.044
434 91.8908 3.42673 0.894965
435 71.9111 89.2519 -0.172804
436 65.3485 92.3233 -1.35026
437 11.3334 1.70987 0.818105
438 69.9968 77.129 1.06812
439 48.2348 78.682 -2.09593
440 59.369 49.0836 -2.04134
441 79.6716 74.4762 1.68802
442 84.1453 87.4922 1.47058
443 56.4406 50.2384 -2.50135
444 58.2679 94.3486 -1.16532
445 85.4298 93.2274 0.63769
446 87.6677 26.7817 -2.85397
447 71.3887 46.6862 -2.11029
448 95.3858 1.20631 1.43871
449 85.3653 91.8755 1.35517
450 78.2646 83.2437 0.686836
451 50.4041 0.5183 -0.597308
452 82.51 92.8783 1.29329
453 65.3753 90.1495 -1.67668
454 95.5629 39.3929 -2.86831
455 61.4936 44.2197 -2.19631
456 74.6503 77.0847 1.23783
457 1.12137 34.5427 -3.35759
458 14.0205 39.385 2.39578
459 49.8394 55.7396 -0.475755
460 95.3809 93.8678 0.94778
461 12.002 95.6968 0.60708
462 61.6575 96.4575 -1.64192
463 57.0989 77.5139 -1.84698
464 60.4072 0.84035 -0.954005
465 96.5195 32.8402 -2.60402
466 66.4605 96.6213 -1.42875
467 87.4956 87.2152 1.17825
468 94.9325 95.5591 1.58789
469 63.3511 91.6653 -1.95504
470 78.7614 83.4751 1.03319
471 60.2331 96.9468 -1.16791
472 60.715 98.1876 -1.78206
473 83.7786 44.7803 -1.93935
474 93.9855 1.09506 0.918615
475 79.5418 37.1533 -1.73264
476 19.04 96.021 0.57812
477 23.2421 15.3459 1.77265
478 63.4985 65.9593 -0.912927
479 0.381957 7.92233 1.43073
480 1.35907 33.6163 -2.81933
481 97.4329 99.9175 1.16369
482 13.9702 96.7766 -0.0585932
483 80.7484 83.3397 1.45714
484 77.3137 96.2613 0.738165
485 73.9931 93.5299 -0.39435
486 64.0874 89.6352 -1.53966
487 67.1713 98.0208 -2.02005
488 44.4428 83.4774 -1.29731
489 61.9981 47.2783 -2.71984
490 36.9964 23.5218 -2.01515
491 55.2554 62.6115 -0.265696
492 60.1975 95.3701 -1.90148
493 57.5491 73.9464 -2.01802
494 57.7964 58.874 -0.451293
495 33.2541 78.2831 0.0063371
496 83.4749 92.3886 1.14011
497 91.5012 97.1465 0.888197
498 61.5388 93.8135 -1.98679
499 51.3654 54.4326 0.300544
