500
Particles
0 45.6939 38.2565 1.30372
1 26.9675 37.7279 1.05651
2 22.1563 44.8388 1.59074
3 61.6822 18.3219 -2.40323
4 28.5142 19.7696 1.51744
5 28.0438 55.5743 1.72008
6 37.6736 34.2089 0.755108
7 96.9609 1.2215 -0.199337
8 55.4418 14.6311 -2.04763
9 58.5312 21.4648 -1.8
10 57.8192 5.90619 -2.7107
11 93.7252 93.5375 -0.0220219
12 63.9666 23.4639 -2.10302
13 46.9207 84.2852 -0.970296
14 30.0041 21.9219 1.72631
15 63.1867 39.6776 -2.67875
16 60.8108 27.4747 -2.04594
17 29.2345 13.358 2.66789
18 30.0763 34.7736 1.48141
19 13.5749 91.8156 -1.34882
20 61.0615 17.0375 -2.1245
21 36.3327 33.7525 1.51587
22 44.193 7.95115 -1.70235
23 31.1802 16.9832 2.50481
24 9.94967 35.6069 -2.26412
25 24.9362 60.25 1.48458
26 29.2612 55.4487 1.07429
27 98.928 89.4953 0.115288
28 44.8204 40.86 1.41657
29 32.0996 15.6916 2.19419
30 24.7674 48.6448 1.3713
31 15.5492 4.52322 0.403301
32 58.6644 11.9339 -1.96326
33 23.6475 43.6741 1.64649
34 45.4713 11.6196 -1.96801
35 38.6774 50.2135 1.18111
36 92.9876 95.6632 0.505646
37 35.6885 40.333 1.23558
38 7.80005 56.9661 0.709101
39 27.1832 18.3 2.19406
40 49.837 4.65432 -2.71676
41 48.263 85.2951 -1.20211
42 52.0026 21.2752 -2.55815
43 89.0123 79.9933 1.87638
44 27.8087 42.3572 1.06196
45 57.9949 26.3073 -2.22473
46 46.2964 22.1004 -1.70675
47 26.9988 8.95254 3.15038
48 48.6 14.991 -2.02537
49 25.9391 55.3563 1.93919
50 59.6856 18.0122 -1.92336
51 46.0367 26.5582 -2.04524
52 8.67286 33.538 -2.04412
53 93.6064 93.3875 0.745914
54 33.1105 22.2566 1.78738
55 26.7823 81.8756 -1.5942
56 36.2509 24.6725 1.70405
57 38.9125 58.3407 0.878734
58 33.5445 27.9143 2.29412
59 25.8638 58.3853 1.41436
60 32.3156 43.2947 0.852611
61 50.4753 18.1612 -2.36811
62 36.1613 52.7669 1.20524
63 26.6108 32.782 1.37078
64 31.8512 40.4024 1.72095
65 27.1221 90.7362 -2.35416
66 34.1346 46.5878 1.28311
67 36.9964 48.3611 1.01232
68 23.7701 86.8363 -1.38816
69 37.6126 53.3046 1.78873
70 36.3567 37.1738 1.09573
71 29.2597 60.5322 1.11612
72 30.3963 42.8497 1.38616
73 41.356 39.1776 1.32144
74 32.7593 54.6046 1.44534
75 54.4021 68.2387 -1.28803
76 36.5099 55.3761 1.06588
77 33.0075 37.807 0.879592
78 26.0336 48.4239 1.27983
79 32.09 30.3071 1.91963
80 34.0189 59.4495 1.25956
81 32.6709 45.9282 1.20138
82 18.6885 83.5035 -1.20861
83 30.7752 27.1947 1.93623
84 28.4492 67.5388 1.14186
85 32.2278 57.9249 1.22246
86 35.8668 61.6842 1.63773
87 21.4906 85.0837 -1.69985
88 5.84267 83.1885 0.00496733
89 31.0887 55.7995 1.73909
90 55.642 65.0278 -1.4807
91 13.77 4.35025 0.487671
92 22.2859 82.5469 -1.60674
93 32.1236 24.2665 1.75735
94 51.6487 11.0572 -1.90051
95 41.6249 44.5496 1.50885
96 32.9142 37.7032 1.46455
97 36.3774 42.1204 1.00569
98 31.9294 55.6577 1.13596
99 62.7095 9.78422 -2.06138
100 10.0252 32.6717 -2.02895
101 29.5751 35.8447 1.2741
102 54.2404 17.4101 -2.5541
103 29.6434 59.4549 1.3636
104 48.0606 19.74 -2.3617
105 53.7204 64.4026 -1.89592
106 36.2561 24.5713 2.06767
107 42.7863 41.1169 0.718397
108 49.8593 24.3511 -2.34221
109 36.7104 27.5565 2.06776
110 66.9009 15.708 -1.88521
111 37.2005 40.2475 1.20443
112 59.6448 16.2961 -2.02084
113 40.5772 34.0953 0.790847
114 66.8741 46.6128 -2.29972
115 38.921 46.5943 1.18093
116 30.2155 49.5235 1.2675
117 27.1721 63.0258 1.54236
118 63.1422 20.9181 -1.93313
119 32.2821 23.1095 2.19393
120 27.4862 60.4372 1.39628
121 55.9339 15.1603 -2.55535
122 49.6707 13.1935 -2.75067
123 27.3821 34.8845 1.5922
124 42.6301 85.6378 -1.22933
125 28.5756 88.8009 -2.41656
126 1.20599 1.76588 0.721293
127 44.5341 85.9682 -0.600996
128 10.3823 36.1041 -2.16986
129 46.3796 34.7349 0.708787
130 46.1257 45.1946 1.27013
131 56.5284 5.13706 -2.29939
132 76.3329 68.2624 -0.3454
133 74.2159 71.2676 -0.540435
134 27.3184 54.5385 1.06541
135 37.9863 39.2716 0.994199
136 31.7721 53.1291 1.89919
137 37.8415 38.9602 1.10931
138 51.9979 12.2125 -2.21748
139 32.1957 63.1976 1.80874
140 54.1517 18.7377 -2.4627
141 28.4459 90.6666 -1.55793
142 31.7704 27.1523 1.43047
143 59.8719 25.7891 -2.15252
144 35.6278 41.7828 1.40637
145 42.8059 37.1131 1.3872
146 47.2989 42.6532 1.34115
147 21.2587 42.568 1.23044
148 44.5275 44.5249 0.879124
149 34.55 46.0191 1.29338
150 52.1477 19.85 -2.53622
151 41.0885 47.8856 1.23667
152 33.15 55.4444 1.4381
153 47.693 21.1456 -2.63428
154 59.6811 27.4137 -2.03905
155 74.9151 71.5106 -0.445841
156 57.0742 17.236 -1.89482
157 52.955 28.2268 -2.51559
158 28.1138 56.7711 1.40342
159 59.8854 37.1608 -2.72939
160 26.3673 47.1591 1.04868
161 2.51659 4.9392 0.209187
162 59.0688 20.3079 -2.14408
163 25.1191 84.9367 -1.79433
164 44.2777 70.6313 -1.22545
165 36.8396 49.8163 1.15527
166 23.8681 87.9451 -1.65148
167 39.2862 42.2309 0.656124
168 30.0846 34.5664 0.999294
169 10.4605 27.7173 -1.9224
170 21.7196 40.5159 1.54199
171 35.0473 34.7523 1.52063
172 41.8554 38.1049 1.41264
173 54.3833 19.8662 -2.14992
174 27.4935 54.312 1.6018
175 8.1209 7.55329 0.936459
176 61.6066 41.3945 -2.12686
177 31.5079 60.5751 1.17549
178 8.55147 29.4939 -1.49669
179 44.3156 40.7278 0.936767
180 40.4718 35.5482 1.30636
181 58.5242 22.0463 -2.52919
182 35.4478 24.8104 1.48219
183 69.0162 13.4176 -1.66327
184 21.5892 63.1654 1.67254
185 71.824 74.5545 -0.32834
186 50.0075 11.8357 -2.08137
187 59.1356 16.643 -2.20301
188 27.1055 28.7241 1.67223
189 26.9115 48.4024 1.94211
190 25.6719 53.1959 1.49148
191 35.6706 43.595 1.02231
192 33.3361 56.5709 0.993939
193 45.6837 17.0941 -2.7749
194 31.868 55.2371 1.92728
195 33.4039 36.2819 1.28241
196 26.9356 55.5754 1.43425
197 37.692 61.9344 1.02925
198 20.7673 80.8858 -1.9714
199 28.2312 55.6125 1.73009
200 37.2269 37.4204 0.697846
201 25.2377 15.9613 2.20472
202 8.07694 34.2469 -1.55259
203 51.273 36.3576 -1.63399
204 26.4119 54.1691 1.53739
205 43.0854 39.6964 0.801359
206 33.0979 61.017 1.61807
207 25.1634 60.5832 1.90215
208 24.3779 63.1895 1.6759
209 64.1111 18.3722 -1.66726
210 30.8344 39.1103 1.24267
211 48.9731 8.07362 -2.29842
212 75.4883 70.222 -0.324266
213 41.7699 50.1723 1.53912
214 28.8883 29.232 1.93557
215 41.787 36.4889 1.05895
216 56.9359 29.8535 -2.21127
217 36.318 33.9891 1.39709
218 51.8926 30.7341 -1.98022
219 30.9229 13.2556 3.05918
220 39.6977 40.233 0.670029
221 51.1973 28.7408 -2.55581
222 34.2768 40.9447 0.734567
223 54.6104 70.451 -1.80349
224 60.9863 16.1138 -1.88864
225 95.624 94.4993 -0.014075
226 55.5735 22.4406 -2.01826
227 50.2876 16.1436 -1.93123
228 39.2862 62.1536 1.44373
229 53.6912 23.2794 -2.18543
230 47.9037 84.6317 -0.508879
231 31.421 41.1843 1.41368
232 12.747 2.70713 0.696996
233 28.9662 60.9199 1.64994
234 27.0985 57.0106 1.89116
235 36.3752 22.1328 1.80413
236 55.5154 17.7723 -1.84509
237 28.5938 47.0144 1.68622
238 33.8665 20.9102 2.16239
239 28.5493 23.7997 1.86224
240 63.6461 22.6771 -1.9771
241 31.0796 44.3317 1.77277
242 50.1237 25.8294 -2.53584
243 37.8302 36.8828 0.793921
244 2.98154 0.798642 0.41401
245 49.8057 26.0417 -2.45018
246 54.9788 9.05608 -2.03126
247 43.9066 87.73 -0.723503
248 30.5012 26.2779 1.75022
249 28.3056 50.976 1.15124
250 93.6148 88.6362 0.548711
251 23.4933 48.4184 1.58768
252 97.1354 0.118246 -0.00540993
253 77.2977 94.5559 0.0543151
254 56.0717 5.40079 -1.98744
255 34.636 46.7362 1.28837
256 51.1108 24.6532 -2.33879
257 53.002 11.1679 -1.99889
258 57.9128 17.9621 -2.30773
259 37.6754 23.893 1.52399
260 28.4027 54.3968 1.64522
261 31.7268 26.2534 2.18833
262 57.1689 23.2182 -2.60232
263 29.9396 66.8874 1.68272
264 24.877 44.1773 1.01656
265 33.0761 57.8845 1.83686
266 30.8512 58.9001 1.88539
267 31.4884 39.6432 1.67379
268 34.485 7.86879 -2.55714
269 93.7 89.9902 0.0866226
270 33.2468 27.8119 1.8562
271 37.8081 24.9319 1.67744
272 40.1421 60.0146 1.11082
273 26.9034 57.6133 1.7141
274 31.8066 63.7857 1.47854
275 51.5032 18.833 -1.93889
276 30.001 54.6343 1.3739
277 41.1338 39.6274 1.34541
278 23.5129 38.5921 1.44488
279 51.5051 28.0384 -1.88442
280 31.8262 25.8562 2.08503
281 51.4301 14.6696 -2.40877
282 33.6408 23.0168 1.6912
283 37.2878 46.9282 0.799925
284 30.3719 47.2105 1.05445
285 36.024 38.0149 1.2596
286 43.5094 86.5666 -1.03947
287 50.2819 10.8302 -1.9483
288 63.6709 14.0945 -1.79643
289 27.4439 42.3055 0.976225
290 44.6621 17.7261 -2.77678
291 28.0963 39.0715 1.46808
292 90.5295 81.1657 1.10949
293 29.5696 64.1009 1.23763
294 34.1929 20.4995 2.42076
295 98.3864 1.49364 -0.117021
296 23.1827 63.2747 1.98847
297 58.4842 20.6667 -2.52819
298 28.3805 40.9662 1.19437
299 38.2605 41.6191 0.70098
300 32.5871 59.4218 1.83009
301 33.8277 44.6015 0.866155
302 11.8309 55.6641 1.18286
303 50.0977 14.3093 -2.35629
304 24.9865 35.3259 1.52559
305 27.942 49.9351 1.41517
306 94.1677 95.5521 0.026903
307 25.8814 46.0637 1.29538
308 32.5531 26.6372 1.51893
309 30.1041 62.3548 1.92182
310 96.6169 92.3252 0.287093
311 50.2706 82.9336 -0.824062
312 48.8883 26.8722 -1.82422
313 40.8111 48.455 1.57849
314 57.0923 38.0663 -2.76604
315 48.829 17.8411 -2.26328
316 38.3575 37.3769 0.998321
317 32.9503 30.001 1.5947
318 62.9927 24.1146 -1.98973
319 33.6543 43.1439 0.867893
320 35.2777 40.0109 1.49739
321 30.3967 12.8266 2.46906
322 36.5029 38.7701 1.22187
323 31.7411 30.6787 1.74626
324 28.172 47.4388 1.64434
325 53.9002 23.6039 -2.10586
326 55.1189 6.85347 -2.4686
327 30.9935 59.9482 1.48026
328 22.9661 64.9469 1.07789
329 59.7429 13.5436 -2.266
330 41.7558 46.353 1.55267
331 75.5976 70.0042 -1.12374
332 59.8064 12.6917 -2.21917
333 17.0357 82.9414 -1.23583
334 28.1187 20.113 1.39884
335 36.4913 42.1144 0.83503
336 37.86 40.203 1.38246
337 28.6318 22.0863 2.28517
338 52.9373 22.146 -1.80526
339 51.8606 8.80258 -2.48077
340 32.1881 35.2205 1.64477
341 27.7341 28.2165 1.66576
342 30.475 35.8582 0.895632
343 54.907 27.6688 -1.83302
344 52.5074 15.1156 -1.86832
345 91.4006 78.457 1.53031
346 49.7671 86.4365 -0.609248
347 29.1714 55.5336 1.7046
348 28.9566 27.9561 1.72844
349 26.6432 50.5874 1.51649
350 50.9051 23.5487 -2.27683
351 56.4107 18.276 -2.11356
352 25.729 38.9649 1.80776
353 56.582 67.5931 -1.16277
354 31.7658 56.9274 1.3999
355 58.1601 7.6075 -2.05966
356 62.1939 10.8169 -2.07218
357 79.1528 73.2561 -0.325748
358 33.9972 29.2033 1.5063
359 27.2831 61.8005 2.00362
360 57.5134 34.2062 -1.82488
361 26.5624 55.447 0.993309
362 33.7498 37.1292 1.53304
363 35.8135 58.5806 1.38971
364 25.2739 43.989 1.64861
365 44.9845 22.3785 -2.03264
366 38.4541 36.5891 0.929958
367 44.0566 39.7407 1.4922
368 46.0328 42.0475 1.40395
369 91.3043 76.5557 1.4747
370 65.0658 26.0142 -2.3699
371 35.1864 46.5047 0.910614
372 35.1896 20.9167 2.15836
373 39.9316 37.6042 1.2332
374 25.0221 46.3608 1.83947
375 43.5048 21.6188 -2.50295
376 37.329 26.8183 2.06232
377 38.7784 45.1191 1.54772
378 45.771 25.625 -2.51419
379 39.2799 42.6469 0.812137
380 54.783 20.3777 -1.94852
381 32.7706 54.2871 1.50445
382 33.9586 34.6092 1.31393
383 12.6508 30.2547 -1.5908
384 27.7177 64.8323 1.4519
385 98.2549 93.6892 0.280295
386 92.1582 95.948 0.359239
387 30.1484 58.8104 1.68256
388 57.7272 22.522 -2.04559
389 25.4539 57.8559 1.36312
390 28.0527 39.1336 1.34992
391 32.2902 26.0375 1.49744
392 1.48535 57.7564 -0.293386
393 53.218 26.0971 -2.61251
394 35.6545 37.1416 1.40323
395 33.7047 30.7668 1.9458
396 30.1263 12.0437 2.38667
397 37.0156 47.0151 1.02544
398 61.7699 5.27434 -2.09402
399 35.3508 48.505 1.67001
400 29.0697 22.9014 1.96844
401 23.4438 86.3541 -1.61178
402 35.2126 58.6592 1.01563
403 33.5057 33.9775 1.47645
404 33.4524 61.3728 1.70707
405 24.0559 39.1273 0.96807
406 44.6766 84.7261 -1.11787
407 35.3254 36.1915 0.680791
408 39.4351 37.24 0.993007
409 40.1506 39.613 0.781539
410 28.6018 23.5222 1.67752
411 68.2782 44.6137 -2.61814
412 37.5953 57.2079 1.04486
413 32.4248 25.9743 1.63456
414 51.344 23.2619 -2.63414
415 90.3115 81.0518 1.62427
416 22.7724 61.1103 1.40191
417 30.8802 25.8424 1.43253
418 32.8045 39.7692 0.862214
419 25.2399 11.7528 2.72903
420 28.1838 61.2057 1.92272
421 27.5094 36.9475 1.34745
422 34.493 25.9832 1.65501
423 38.4614 37.9254 1.25878
424 61.4852 40.4855 -2.52229
425 36.3648 33.3688 1.06518
426 38.5442 44.1793 1.5358
427 24.2098 47.8637 1.32173
428 49.8477 22.3011 -1.90963
429 54.405 22.5001 -1.8556
430 2.84021 4.55036 0.182621
431 44.6843 23.6871 -2.40306
432 57.333 16.4172 -2.78091
433 40.0654 45.2612 0.808857
434 47.4501 9.25758 -2.68646
435 21.5859 42.2432 1.20064
436 59.6795 22.6515 -2.40822
437 29.267 59.8177 1.45803
438 26.6067 15.8925 1.92895
439 41.6568 40.9272 0.633685
440 35.1846 51.2439 0.895861
441 43.3765 74.2748 -1.15906
442 34.6807 37.9829 0.967841
443 30.359 57.9915 1.15874
444 48.7843 24.3385 -2.61243
445 25.1973 52.5921 1.10236
446 46.0149 82.1805 -0.620754
447 47.3596 88.0768 -0.919776
448 66.0472 41.8349 -2.21261
449 31.7066 47.0467 1.34885
450 30.7433 28.5923 2.20673
451 34.4315 58.1196 1.71915
452 26.4977 49.0144 1.4192
453 54.9042 20.4507 -2.11831
454 43.3776 36.6949 0.733003
455 19.6437 90.0067 -1.71363
456 27.415 21.739 2.10292
457 35.5989 20.8871 1.93295
458 60.9761 21.221 -1.97119
459 30.5366 95.9554 -1.33516
460 26.8227 55.4102 1.43248
461 56.6216 64.9223 -1.7469
462 50.3481 25.8483 -1.69177
463 37.382 26.2516 1.92799
464 52.4077 31.0295 -1.68468
465 32.8435 29.2184 1.32233
466 53.9207 25.7651 -2.24861
467 37.2876 39.0375 1.27606
468 25.5352 58.6408 1.29906
469 56.4234 20.5705 -2.70862
470 27.4008 36.2953 1.87355
471 50.9947 25.5294 -2.12603
472 49.5065 27.0727 -2.09964
473 41.6827 37.2079 1.16941
474 63.7904 40.4425 -2.99595
475 46.7119 84.916 -0.664889
476 74.9111 71.1645 -1.00391
477 36.5029 61.5072 1.30543
478 12.2785 5.65138 0.0988507
479 93.7967 78.8491 1.12581
480 34.1855 20.1801 2.25613
481 23.5448 62.0133 1.38993
482 31.794 55.0707 1.58262
483 32.0412 31.7642 1.26079
484 6.73021 60.9171 0.963634
485 10.8133 55.4255 1.35078
486 55.6015 19.1344 -1.867
487 57.4099 29.6899 -2.57783
488 34.8587 51.4503 0.957655
489 22.0349 88.9696 -2.00881
490 97.4021 1.00697 -0.264233
491 52.2371 12.6312 -2.31663
492 48.8863 24.7726 -2.21601
493 47.6649 14.0439 -2.0436
494 54.8876 8.57079 -2.04605
495 27.4781 62.0733 1.71744
496 34.6778 43.5528 1.57604
497 62.1408 37.0437 -2.4442
498 55.587 22.4597 -1.95485
499 30.1308 92.4947 -1.92911
