500
Particles
0 5.88607 62.99 2.39283
1 45.2228 67.0739 2.30881
2 15.3988 100.038 2.90032
3 63.3672 9.31804 1.2775
4 77.1358 70.5869 1.11957
5 10.6971 52.8424 3.27139
6 26.454 90.4117 2.01388
7 77.4261 16.7161 1.2706
8 48.8718 75.8004 1.63177
9 46.586 77.8752 1.86924
10 30.3959 69.8922 2.87508
11 14.9304 96.5918 2.78086
12 17.2498 97.2407 2.45481
13 84.1711 62.1799 1.61248
14 81.4362 74.2805 1.61968
15 94.5709 65.0068 1.7525
16 44.2027 78.9487 1.4807
17 79.9635 88.4692 0.688736
18 76.3348 80.1527 1.75831
19 64.2482 3.86654 1.13799
20 62.1015 10.1015 1.55485
21 7.12465 78.4193 2.74043
22 32.3706 84.0067 1.68493
23 82.942 66.4732 1.08577
24 69.1277 12.6286 1.4104
25 15.6833 71.2869 2.19425
26 8.98342 45.3427 -2.86287
27 0.042491 85.8904 2.23192
28 17.3343 79.7254 2.72203
29 27.8706 3.05725 -2.83304
30 57.3613 21.7973 0.808135
31 26.3005 82.4858 2.44043
32 52.4127 7.93264 1.95668
33 69.4305 18.4735 1.58671
34 21.2372 73.3113 2.30728
35 76.4336 83.6347 1.65177
36 56.7765 28.4585 1.79123
37 31.3373 98.2481 1.72701
38 14.6941 74.3612 2.80881
39 79.9669 67.3838 1.12794
40 23.3461 71.498 2.25753
41 78.1368 67.7871 1.13886
42 39.3628 81.1851 1.62193
43 65.9918 9.59118 1.22965
44 44.0402 69.262 2.06067
45 36.48 75.6551 1.98931
46 22.2644 76.1972 2.84657
47 80.2602 8.45225 1.62405
48 28.8629 76.102 2.31613
49 14.0464 63.5896 2.06443
50 84.9929 84.1237 1.0997
51 34.0257 84.1633 1.68703
52 68.9539 11.5803 1.62369
53 56.6617 28.1303 1.30658
54 80.6211 71.7283 1.98946
55 72.4166 5.1468 1.19904
56 85.0847 73.2797 1.0676
57 27.809 62.0937 2.66261
58 82.6457 76.9678 1.14119
59 15.9198 72.8877 2.59124
60 84.8614 81.6375 1.38964
61 29.6244 72.403 2.19775
62 44.797 73.0937 1.73984
63 46.341 62.0028 2.69346
64 18.4457 91.8444 2.11982
65 77.4068 9.34989 1.6043
66 81.0946 85.1259 0.930632
67 80.7944 84.9296 1.19313
68 76.284 6.52361 1.50841
69 34.2554 65.7725 2.58549
70 27.4615 94.9492 2.09153
71 22.9415 75.1908 2.17174
72 82.4562 81.6215 1.11173
73 32.2034 96.5111 1.9969
74 25.7366 64.6248 2.21889
75 76.8747 14.6006 1.28182
76 29.8135 66.2194 2.05548
77 30.6544 94.4037 2.19976
78 8.47343 40.2319 2.39198
79 84.1886 79.0689 1.32978
80 26.6335 70.3893 2.29734
81 78.9543 83.4661 1.59456
82 57.9065 100.177 2.63238
83 73.6016 76.265 1.90441
84 73.3952 2.35247 1.13699
85 27.475 73.1094 2.08529
86 27.4174 70.6163 2.49422
87 32.8115 92.6631 2.24209
88 72.6522 4.43539 1.33738
89 24.2591 65.6404 2.68525
90 69.9902 12.7707 1.15633
91 25.9114 83.274 2.39598
92 31.6222 90.8622 1.7924
93 76.5799 70.7888 2.00778
94 27.6157 72.6428 2.66064
95 65.4237 4.46949 1.17369
96 8.14961 82.8098 2.76634
97 29.9925 97.8136 2.34874
98 23.2976 65.5105 2.34098
99 31.1743 90.4543 2.04413
100 69.9996 12.2814 1.39115
101 80.4846 80.7591 1.65146
102 32.1281 72.035 2.73241
103 19.892 69.2099 2.25917
104 30.8265 79.4621 2.39497
105 68.3989 13.8266 1.75382
106 82.2076 71.1569 1.75468
107 9.55277 71.8888 2.51245
108 28.9358 80.9172 2.30116
109 91.0244 78.8226 1.01982
110 79.3622 15.9553 1.367
111 33.2029 98.4464 1.74413
112 63.2164 8.29672 1.27127
113 27.28 88.9701 1.78317
114 4.72396 85.7793 2.50937
115 19.85 98.264 2.34021
116 26.7124 61.0604 2.61443
117 22.0061 78.8698 2.34383
118 56.7674 10.9873 1.74093
119 77.9663 73.9021 1.21073
120 13.1002 66.8746 2.60939
121 67.7803 80.5327 2.00327
122 28.6102 76.3149 2.72822
123 66.4295 74.9687 0.447585
124 11.2441 1.24142 3.27629
125 77.6113 4.16127 1.21715
126 40.079 86.2459 2.32859
127 79.5358 64.7719 1.51838
128 70.713 12.5927 1.05367
129 1.58164 86.7786 2.19753
130 16.0703 77.8975 2.14328
131 28.4515 68.5234 2.52899
132 81.0376 4.48664 1.57817
133 79.4349 7.68316 0.979743
134 12.4985 60.1918 2.81091
135 33.2576 96.9659 1.92789
136 24.1354 62.6669 1.99003
137 19.2042 91.5268 2.2902
138 30.6847 73.8468 2.28567
139 17.1827 68.2072 2.4597
140 32.088 70.301 1.9908
141 74.971 5.51934 0.837232
142 75.8969 73.9291 1.90313
143 44.7036 81.9777 2.32051
144 17.0807 92.949 2.39702
145 3.44812 90.8542 2.48027
146 11.6888 71.858 2.37626
147 67.296 18.7119 1.50239
148 32.6945 96.0028 1.71987
149 78.6431 83.5484 1.0721
150 34.0504 73.9117 2.66005
151 57.1545 7.28469 1.24584
152 26.1576 64.1405 2.82777
153 31.0003 80.8656 2.48604
154 43.208 79.7306 2.19175
155 81.1138 9.15619 0.911344
156 51.6973 75.6844 1.54421
157 43.317 89.9818 2.07706
158 8.55334 47.086 -3.14666
159 47.8739 86.2555 2.15512
160 65.4486 20.2024 1.38147
161 45.8818 86.0061 1.52598
162 77.6603 84.6379 0.783142
163 71.5433 2.59183 1.31367
164 77.0213 11.5927 1.33169
165 73.6167 81.7224 1.55669
166 72.0015 3.40902 0.928425
167 35.5283 99.3156 1.73765
168 84.6763 80.2955 0.972562
169 76.8687 9.72917 1.14272
170 61.4439 61.8835 -3.16541
171 24.6242 89.6018 2.31136
172 6.51209 66.5335 2.24942
173 32.7638 69.8136 2.53858
174 7.22972 45.2472 3.12037
175 80.2646 1.58 0.90569
176 23.4487 7.42243 -2.95743
177 19.8901 67.6297 2.80113
178 69.6432 11.6801 1.71514
179 19.6815 81.8493 2.66961
180 26.4072 90.7145 2.15016
181 48.7329 80.1896 1.96798
182 88.9746 73.9609 1.51398
183 6.82001 62.803 2.50739
184 31.2329 90.4331 1.7042
185 77.0732 9.59224 0.940235
186 32.2547 78.8486 2.38453
187 59.6088 8.74821 1.20236
188 65.7041 70.5553 0.432413
189 12.0697 97.8831 2.47125
190 8.68764 48.5955 -2.70419
191 21.2241 95.5084 1.87554
192 22.7651 61.4266 2.30072
193 33.2438 86.7682 2.13746
194 24.5426 68.7573 2.95712
195 20.3203 90.0308 2.61955
196 16.8589 66.0786 1.87472
197 27.4687 68.9588 2.09552
198 29.5917 90.0906 2.24049
199 11.5649 55.4378 3.16472
200 30.5905 93.3615 2.0303
201 29.8033 0.386912 -2.52983
202 67.6563 13.0188 1.10868
203 49.5026 88.1013 1.81441
204 7.97919 45.4323 -2.99584
205 35.5728 98.2361 1.95082
206 23.5313 69.6882 2.38224
207 17.6612 75.2086 2.32929
208 69.2331 0.324185 -0.195874
209 57.1301 10.2741 1.49148
210 83.2966 82.0169 0.828115
211 29.1932 76.3824 1.9512
212 80.2738 6.56805 1.16949
213 57.2373 5.31686 1.39657
214 61.8851 68.8602 0.740833
215 11.0022 75.3721 1.98261
216 39.2427 81.3327 1.67794
217 18.8854 87.016 1.7951
218 85.0728 99.6284 0.930662
219 80.8543 89.6274 1.37562
220 32.1723 97.4965 1.85027
221 35.5029 86.7265 2.48583
222 31.1279 97.9368 2.44046
223 73.2924 14.9402 1.47402
224 60.751 10.2444 1.19212
225 20.0584 98.672 2.09769
226 44.6097 77.5804 2.24514
227 31.9707 79.6743 2.39094
228 28.8479 70.6285 2.48498
229 30.0996 70.6316 2.48103
230 83.0733 63.8396 1.53795
231 86.6117 80.4842 1.76516
232 30.7646 87.3211 2.16836
233 24.2689 75.6743 2.07074
234 16.0515 67.215 2.78327
235 84.2543 70.8579 1.23103
236 43.5487 76.0949 1.68478
237 15.2154 99.9047 2.69833
238 85.0957 72.8969 1.21449
239 76.0287 73.4238 1.39477
240 13.1141 91.7671 2.4066
241 48.6987 74.6186 2.16297
242 37.9841 85.4404 1.68811
243 30.2853 92.173 1.86615
244 46.5497 86.5638 1.71639
245 33.0764 83.2397 2.05835
246 29.3804 72.1725 2.17555
247 80.6182 40.763 -0.62377
248 78.033 73.9166 1.40595
249 24.8932 64.0362 2.57124
250 97.7821 84.6596 2.43239
251 7.31165 94.6753 2.68455
252 74.3304 15.6686 1.59261
253 60.6953 11.5541 0.978824
254 28.8652 68.9278 2.87667
255 78.8414 83.2449 1.63269
256 37.9736 83.6127 2.20034
257 28.7069 71.6827 2.71663
258 51.8529 79.439 1.88854
259 87.3247 72.4184 1.36261
260 10.6224 50.8486 3.10561
261 79.0394 75.392 0.980691
262 37.3904 77.5368 2.17934
263 28.5767 85.4849 2.02375
264 64.8484 19.2044 1.56291
265 26.5111 68.1069 2.74854
266 19.3505 65.0945 2.41495
267 14.7427 91.6197 2.0932
268 16.9251 70.4898 2.0548
269 97.8879 85.952 3.13374
270 85.2555 76.8552 0.977439
271 88.3992 75.1815 1.44423
272 52.2479 3.77401 1.49796
273 18.6581 70.1383 2.49163
274 25.4899 79.5454 2.77779
275 28.1389 69.3062 2.25884
276 18.6715 62.5176 2.00045
277 28.2041 88.4619 2.30375
278 42.5379 63.3629 1.8315
279 37.0516 85.6104 1.85924
280 87.6434 76.9043 1.01715
281 30.5291 76.1324 2.54763
282 80.2035 73.347 1.9612
283 40.5095 2.46505 -2.41952
284 34.26 63.7989 2.34474
285 27.3505 93.5217 2.26291
286 74.2984 66.417 2.11379
287 27.2752 72.5559 2.07081
288 67.9288 4.97416 1.35647
289 36.533 67.0767 2.5381
290 25.5083 77.0323 1.97744
291 50.0376 70.9957 2.12227
292 77.4952 8.46221 1.16888
293 23.224 78.2996 2.63991
294 87.8048 72.6202 1.15569
295 1.07487 79.9082 2.30624
296 33.7385 91.7464 2.26531
297 40.9646 78.4553 2.38082
298 55.0883 74.266 2.36829
299 30.0776 98.9278 1.77951
300 23.7083 70.8153 2.18095
301 81.8718 83.5306 0.982054
302 12.6065 66.7093 2.54907
303 29.2493 73.6011 2.58047
304 45.6096 63.3052 2.80684
305 12.068 96.5547 3.07902
306 64.5554 15.3566 1.54807
307 13.6519 97.0637 2.47187
308 78.9196 77.9165 1.53717
309 24.4839 80.4346 2.00001
310 67.6501 16.7559 1.24805
311 88.5813 68.3249 1.17982
312 31.7143 83.1562 2.11639
313 60.5503 6.27078 1.73243
314 81.6922 87.7197 0.959362
315 30.8135 78.3711 1.86234
316 31.058 90.9412 1.97459
317 85.5177 78.4205 0.844431
318 19.483 98.7402 2.11786
319 28.3358 97.773 1.831
320 30.2282 97.2983 2.15858
321 80.049 86.6758 1.23779
322 33.3465 95.2422 2.60849
323 82.0708 79.0862 1.07281
324 43.347 5.61863 -2.5261
325 39.3699 81.5411 2.13777
326 27.1684 67.6954 2.66183
327 24.8979 74.0094 1.94536
328 37.4678 94.4039 2.01045
329 66.5541 5.76633 1.14026
330 59.8223 4.97913 1.98411
331 73.7684 18.494 1.34992
332 62.4286 6.27099 1.91833
333 31.3742 91.2697 2.56789
334 78.6053 69.6958 1.55955
335 22.6984 96.6717 2.22124
336 34.0751 97.1251 2.01267
337 77.8648 71.7001 1.35909
338 35.828 79.3816 2.14408
339 28.9379 73.7134 2.49257
340 1.71442 64.0753 2.88021
341 75.4308 76.8901 1.66104
342 80.3434 79.9471 1.34307
343 40.3746 85.1121 1.83228
344 32.0854 74.5133 2.77735
345 72.1603 9.1265 1.58731
346 77.3111 67.8532 1.89783
347 10.8572 51.2992 3.54
348 65.8122 70.8006 0.731053
349 7.66008 41.0895 3.52569
350 33.196 82.0549 2.306
351 48.0106 75.6945 2.20828
352 45.8325 68.8577 2.56119
353 72.8329 13.8281 1.13238
354 22.0444 63.844 2.50671
355 30.1986 66.2211 2.14029
356 33.8801 93.6596 2.09574
357 80.5067 10.9758 0.761322
358 86.449 77.7269 1.04122
359 17.6676 72.8276 2.18079
360 77.6583 89.0581 1.44472
361 10.2357 60.5662 2.29652
362 10.8673 85.0407 3.0482
363 27.4791 69.7859 2.78056
364 70.351 19.3722 1.36657
365 29.4787 84.1307 2.05063
366 29.0528 92.2606 2.27543
367 32.3939 96.7328 2.16899
368 9.86977 68.9647 2.30698
369 63.3552 5.2416 1.67527
370 60.2589 12.7409 1.20017
371 78.1523 82.4207 1.5309
372 89.4235 73.8509 1.31216
373 29.6959 94.4155 1.65789
374 8.54546 94.4983 2.79395
375 32.7285 87.9439 2.24177
376 92.7101 76.8207 1.45542
377 54.7275 6.51196 1.07491
378 24.241 78.6893 2.75115
379 33.4609 0.674316 1.92988
380 31.2408 72.075 2.26801
381 12.584 45.2311 -2.86582
382 17.8533 88.0209 2.49046
383 73.1736 6.82729 1.27962
384 31.0377 87.8178 2.30976
385 74.2136 17.1157 0.84436
386 58.4059 26.5159 1.30763
387 15.9131 63.0301 2.10783
388 39.2804 78.0206 2.17429
389 14.7071 70.4514 2.43727
390 73.8873 78.4326 1.75381
391 81.1839 77.0425 1.75949
392 14.9106 68.124 2.1151
393 39.202 85.0107 1.93489
394 18.8252 91.1904 1.89244
395 85.5144 78.5205 1.11174
396 81.9627 88.3498 1.18625
397 16.3347 94.8435 2.48668
398 61.1681 5.15794 1.83958
399 50.2265 73.7814 1.82283
400 76.0233 72.348 1.28152
401 63.5224 3.7173 1.11366
402 23.6662 64.1838 2.20322
403 9.74553 78.8198 3.06624
404 26.2376 74.1051 2.58375
405 44.8013 67.3703 2.71797
406 81.8885 61.3443 1.94165
407 23.4039 90.8551 2.39972
408 9.87079 74.0902 2.71991
409 38.1707 96.6079 2.38783
410 78.1136 74.7989 1.47944
411 9.48817 89.889 2.38882
412 35.3636 69.5896 2.21826
413 76.6966 74.7237 1.23791
414 37.3922 83.6662 2.22295
415 74.5014 8.58873 1.16791
416 32.3856 90.6537 2.11518
417 74.6105 72.1139 2.04959
418 84.5475 81.9909 1.01116
419 71.6367 5.42047 1.14111
420 23.2954 77.3646 2.40737
421 80.0198 81.3489 0.95538
422 84.7069 75.4744 1.14439
423 32.2215 95.0341 2.38336
424 83.0616 85.8651 1.37125
425 23.5681 86.9025 1.75556
426 42.9404 1.07836 -2.71278
427 4.99386 92.3575 3.04137
428 29.4498 78.2264 2.72083
429 37.1196 79.9939 1.7078
430 44.6037 82.7082 1.52466
431 31.4406 86.4568 2.39857
432 79.6202 84.3262 1.35757
433 41.5478 98.8795 3.08174
434 22.7391 72.8638 1.87453
435 73.9793 17.7179 1.49235
436 48.3865 81.8152 1.42363
437 17.5988 67.243 2.68301
438 24.8243 4.41208 -2.97386
439 32.9273 98.8375 2.45808
440 31.973 66.2904 2.83379
441 80.5299 61.8317 1.08298
442 22.9599 93.84 2.6943
443 15.8554 59.0391 2.49426
444 32.5178 85.1063 1.7868
445 8.43723 49.5808 -2.75831
446 79.1694 17.8058 1.08148
447 82.4021 65.7895 1.17788
448 93.6101 76.4979 1.26354
449 34.4326 65.4167 2.44709
450 77.5092 78.56 1.5006
451 23.0272 66.3552 2.56136
452 7.25081 94.7471 2.61508
453 32.4133 70.3479 2.86966
454 3.42126 88.4628 2.49779
455 74.0511 7.67403 1.51454
456 71.8772 71.0375 1.70366
457 84.8135 72.6804 0.903494
458 95.8485 72.7138 1.38307
459 78.3208 7.1761 0.903786
460 18.8072 69.7769 2.56045
461 66.9778 12.6862 1.36885
462 34.9347 85.2066 2.12067
463 88.6657 76.2422 1.20407
464 36.6504 86.8253 1.62485
465 78.7565 77.3555 1.41079
466 37.5772 80.4735 2.50175
467 34.0523 97.4902 2.05996
468 13.3695 68.7832 1.85976
469 50.0222 78.0869 2.23924
470 48.1298 67.6785 2.16937
471 29.0689 79.7609 2.59135
472 35.2813 85.4105 2.29104
473 31.4123 90.4114 2.63567
474 24.3636 39.027 1.24647
475 83.5227 64.1688 1.69549
476 80.6969 11.9968 1.385
477 29.5704 71.9907 2.01973
478 74.4643 0.16486 -0.147726
479 70.6489 7.95437 1.67697
480 93.0704 67.906 1.68204
481 34.4166 92.4651 2.22343
482 21.6821 62.1918 1.93953
483 77.8689 78.9827 1.26504
484 11.8741 72.7383 2.04509
485 8.10707 61.1236 2.64193
486 34.3418 70.5869 2.38491
487 38.3374 81.2059 2.37635
488 48.4668 74.1211 1.74328
489 70.6162 5.58188 1.6733
490 76.6532 15.1998 1.05608
491 27.8917 70.9246 2.11972
492 35.8387 88.4098 2.19681
493 31.1981 80.503 2.11361
494 27.2835 68.4552 2.07794
495 22.7524 78.324 2.67653
496 17.8263 95.529 2.01217
497 85.598 82.3138 0.892454
498 40.0986 78.4795 2.13958
499 83.2379 1.64963 1.04865
