500
Particles
0 99.587 67.5295 2.30065
1 40.2899 73.0168 2.76848
2 9.06338 3.51555 2.35658
3 62.5007 16.6851 1.68088
4 78.2566 78.1074 1.25333
5 3.60816 50.3312 -2.25195
6 21.8994 96.5547 2.48741
7 78.1457 24.2798 2.0108
8 48.344 83.31 1.33787
9 43.6372 84.911 2.27881
10 24.4264 74.5874 2.82181
11 7.59849 98.9158 2.58948
12 10.454 1.01433 2.27312
13 83.5435 69.9793 1.55798
14 83.2038 81.7866 0.907239
15 94.3431 72.5986 1.25881
16 39.6001 85.2883 2.46266
17 82.3219 95.6671 0.746361
18 77.2744 87.7565 1.62368
19 60.8942 10.3667 2.20474
20 61.4119 17.5983 2.40891
21 1.43395 83.4153 2.04362
22 27.2384 89.5117 2.64112
23 83.3583 74.1913 1.41656
24 70.0416 20.1732 1.5603
25 10.9806 77.3687 2.69744
26 2.32992 41.8666 -2.73903
27 93.5392 89.1651 1.83383
28 12.3435 85.4282 2.60485
29 21.969 6.58824 1.81865
30 58.6878 27.8693 1.91342
31 21.2098 88.1106 1.84459
32 50.0587 15.2983 2.30035
33 69.1707 26.1978 1.26371
34 15.4821 78.4041 2.45813
35 76.9474 91.305 1.06525
36 60.3185 35.2436 1.51854
37 28.1224 4.97177 2.6572
38 9.84213 80.4162 2.88245
39 82.4103 74.7621 1.11751
40 17.6016 76.6047 2.61421
41 79.9204 75.2964 1.73755
42 35.277 87.5771 2.30523
43 65.8805 17.0798 1.55407
44 41.2245 76.4281 2.08424
45 32.0071 81.9294 1.96251
46 17.4263 82.0803 2.06092
47 84.5833 14.8782 0.812065
48 23.4073 81.28 2.73502
49 7.11519 66.8276 3.10248
50 87.5285 91.3828 1.14936
51 29.2463 90.2851 2.32562
52 69.8086 19.1759 1.76021
53 60.4909 34.8533 0.872905
54 82.7297 79.0109 1.53009
55 72.9046 12.9198 1.77355
56 87.4352 80.5605 1.23831
57 22.2859 67.3518 2.38435
58 85.1431 84.2621 1.49093
59 11.0997 78.6171 2.61892
60 86.6639 89.0849 1.37802
61 23.7686 77.2022 2.88864
62 43.0168 80.5946 1.88629
63 40.8834 67.4808 2.46092
64 12.1264 95.5373 2.48614
65 80.423 16.2975 1.72073
66 82.7753 92.6673 1.56653
67 83.6169 92.2065 1.40446
68 79.6741 13.4535 1.36391
69 27.9754 70.3243 2.05948
70 22.806 1.12261 1.89191
71 17.9564 81.0782 2.46236
72 84.5216 88.8669 0.973954
73 28.105 2.96801 1.90872
74 20.4092 70.0647 2.05878
75 79.2419 21.9037 1.49457
76 24.2031 71.2546 2.13172
77 27.0895 1.1742 1.79554
78 2.58415 36.1464 -3.4587
79 86.6717 86.4217 1.43079
80 21.4121 76.1797 2.43439
81 81.3809 90.8385 0.898396
82 64.7279 0.527997 -0.944662
83 74.2238 83.9659 1.42513
84 73.9353 10.0062 1.73587
85 21.7996 78.4273 2.40104
86 21.9676 75.9652 2.24118
87 29.2694 99.5235 1.65477
88 74.4702 11.8795 1.53746
89 17.9634 69.7504 3.02105
90 70.5175 20.3457 1.5744
91 20.7261 88.8207 2.48994
92 27.6192 97.4716 2.41013
93 78.0032 78.3006 1.46498
94 21.9557 77.8001 2.28997
95 61.5809 10.9697 1.92167
96 3.3284 87.875 2.64063
97 25.9596 3.90238 2.03528
98 17.6452 70.6468 2.42558
99 26.8882 96.7533 2.39344
100 69.9609 19.813 1.73596
101 82.046 88.2504 0.767278
102 26.0779 76.8906 2.29111
103 14.0312 74.155 2.65109
104 25.0054 84.5904 2.32426
105 70.0747 21.2882 1.95868
106 83.6416 78.8529 1.22053
107 4.62247 77.6587 2.24127
108 23.3754 86.2588 2.21283
109 92.9145 86.2036 1.53328
110 82.0176 22.9879 1.75167
111 30.1098 5.33739 2.48333
112 61.4455 15.6192 2.41956
113 23.0306 95.2871 2.32402
114 0.085857 90.526 2.1686
115 13.6294 2.89921 2.28529
116 20.786 65.8933 2.70597
117 17.3483 85.207 2.42719
118 54.5687 18.1935 2.0524
119 79.6779 81.342 1.22222
120 7.23232 71.6976 2.93502
121 60.5782 80.3782 -3.01459
122 22.8051 81.3905 2.69451
123 72.7213 78.8 1.59139
124 5.1156 2.65352 3.13657
125 81.6388 10.726 1.03568
126 35.7491 92.6146 1.80385
127 79.953 72.4052 1.25348
128 71.6913 20.005 1.97738
129 95.5221 90.9475 2.02993
130 11.0053 83.6032 2.24186
131 23.618 74.6971 2.35176
132 83.0462 12.0412 1.20868
133 83.0704 14.4611 1.05118
134 6.25452 64.6763 2.40141
135 27.8915 2.53841 2.56166
136 17.809 67.093 2.28313
137 12.8986 95.5122 2.84088
138 24.8709 78.6814 2.92931
139 12.2089 73.9568 1.9686
140 26.6113 75.7476 2.05397
141 77.4696 12.7902 0.921263
142 77.6498 81.4844 1.41032
143 43.8522 89.7416 1.37652
144 9.72252 95.0131 3.34511
145 96.4751 93.9898 2.85647
146 6.35997 77.4257 2.0197
147 66.7074 26.2136 1.11541
148 29.1762 2.63342 1.94331
149 80.5157 91.0561 1.31479
150 28.2241 78.876 2.08032
151 54.17 13.9631 2.15627
152 20.4222 69.229 2.32305
153 24.6726 85.534 2.44759
154 40.0531 86.7832 1.63017
155 84.1181 16.1914 1.08167
156 51.5099 83.2659 1.99299
157 42.5792 97.5356 2.18508
158 1.31212 44.43 -2.7753
159 46.1125 93.7064 1.36172
160 64.3213 27.9799 1.60374
161 45.2376 93.7303 2.18685
162 79.972 91.9156 1.46295
163 73.9676 9.77402 1.47772
164 80.7791 18.2133 1.06138
165 74.8663 89.2325 1.07744
166 73.0005 11.0992 1.66385
167 31.2939 5.55964 2.30255
168 86.4325 87.8161 1.49142
169 80.241 16.5323 1.6586
170 55.9306 57.4631 -2.77532
171 19.4253 95.4728 2.01414
172 1.62544 72.3159 1.68198
173 27.2907 75.0474 2.25643
174 -0.0120925 42.3275 -3.01444
175 82.6962 8.87159 1.21682
176 16.5837 8.12956 2.12757
177 14.0196 72.6302 2.10381
178 69.9842 19.1339 1.7023
179 14.181 87.2384 2.65315
180 21.4977 96.4992 1.76451
181 46.6165 87.6778 1.72123
182 90.7304 81.5393 1.43037
183 1.43101 68.1177 2.67394
184 27.6272 97.1261 1.92737
185 80.1421 16.636 1.19741
186 26.602 83.9024 2.59203
187 57.7867 15.8377 1.98632
188 72.8084 73.1104 0.903659
189 4.7661 0.184965 2.7732
190 2.12112 44.72 -2.76066
191 15.1481 100.286 1.90888
192 16.3463 65.774 2.72755
193 29.0234 93.078 2.33452
194 19.0679 74.1373 2.28894
195 13.6369 93.6038 3.14822
196 10.664 70.8465 2.25698
197 21.5849 73.8884 2.88025
198 25.2532 96.4189 2.39364
199 4.41104 52.563 -2.90987
200 27.5712 100.224 2.52425
201 23.9122 4.64237 2.26421
202 67.5874 20.4383 1.73222
203 47.7644 95.5272 1.38258
204 1.15283 41.5638 -2.48987
205 31.2908 4.41782 2.13449
206 17.8874 74.8243 2.7008
207 11.8454 80.4115 2.47579
208 70.7149 7.8485 1.62728
209 55.1772 17.3794 2.58737
210 84.7776 89.6884 1.56374
211 23.7007 81.5168 2.26226
212 83.4218 13.483 1.04813
213 54.9247 12.0492 2.28498
214 68.8298 71.4864 0.719948
215 6.18809 81.1339 2.67414
216 34.8872 87.7219 2.13892
217 12.3329 90.4546 2.90519
218 91.9216 1.91125 0.24234
219 84.5817 96.4849 0.926825
220 28.057 4.08229 2.44099
221 31.0926 92.8011 2.6094
222 26.8773 4.24228 2.58123
223 74.6169 22.5561 1.44578
224 58.7269 17.2363 1.63874
225 14.4833 4.02052 2.31571
226 41.0593 84.2721 2.39887
227 26.732 85.4658 2.22156
228 23.5258 76.0323 1.97034
229 24.1263 75.6574 2.52186
230 83.2266 71.5578 1.96695
231 89.3698 87.602 1.25951
232 27.005 93.9871 2.13528
233 18.9727 81.2901 1.93092
234 10.4678 72.4913 2.42848
235 85.1424 78.4374 0.855372
236 39.1681 82.5019 2.01969
237 8.40567 1.73057 2.50558
238 87.6428 80.2018 1.53373
239 76.7822 81.0801 1.28361
240 6.13498 94.8589 3.09853
241 49.6143 82.2964 1.50649
242 32.3045 90.8867 2.52163
243 25.702 98.5169 2.43486
244 44.6737 94.0348 2.29688
245 28.874 89.6614 2.13059
246 24.0052 77.7792 2.87423
247 87.4891 37.015 -0.138558
248 80.0085 81.3474 1.19239
249 18.6859 68.3976 3.01904
250 92.6907 89.0381 1.3152
251 0.713592 98.4319 3.05285
252 76.7685 23.0047 1.1239
253 58.3276 18.6104 1.5282
254 22.7183 73.3503 2.83327
255 80.5011 90.678 0.785487
256 33.1829 89.667 2.15905
257 22.9958 76.8394 2.5236
258 50.0658 86.966 2.22115
259 89.0155 79.8769 0.835866
260 3.80912 47.4168 -2.37221
261 80.7404 82.881 1.02482
262 32.791 83.762 1.91074
263 24.2535 91.7327 1.81979
264 65.3161 26.9384 1.56004
265 20.56 72.9639 2.71724
266 13.672 70.3699 2.82068
267 8.04097 95.1247 2.67245
268 10.9737 75.5287 2.73127
269 92.4942 90.2014 2.07099
270 88.0811 83.9699 0.899136
271 90.4479 82.7242 1.18162
272 50.5003 11.2038 2.06483
273 12.9415 75.3984 2.4516
274 20.6309 85.3966 2.74467
275 22.4262 74.4277 2.27639
276 12.5081 67.1933 2.34273
277 24.8524 95.3393 1.85695
278 36.7287 68.3023 2.09165
279 32.3771 91.6294 2.36636
280 89.642 84.2668 1.07449
281 25.5193 81.8394 2.07946
282 82.2968 80.7183 1.49746
283 34.4862 4.96316 2.32199
284 28.8526 69.0187 2.47683
285 22.9083 99.8041 2.25313
286 76.4636 73.8089 1.09419
287 22.0099 78.1574 2.12466
288 65.1033 11.9571 2.73102
289 31.3701 72.404 2.16478
290 20.2768 82.5635 2.85821
291 49.5356 78.5025 1.5516
292 81.6292 14.8188 0.850635
293 18.2647 84.1179 2.05342
294 89.4591 80.055 1.6725
295 99.9877 83.4021 1.23546
296 29.7465 98.277 1.70403
297 36.3444 84.6209 2.51553
298 54.4951 81.4743 1.83592
299 25.2113 4.92027 1.82854
300 17.9454 75.8983 2.89745
301 83.4994 91.0076 1.23758
302 7.27301 72.0671 1.91842
303 23.9931 79.272 2.46377
304 41.1559 69.6607 2.86579
305 4.96297 99.776 2.40515
306 63.5777 23.1013 1.73197
307 6.55526 99.5087 3.04068
308 80.4697 85.2301 1.29894
309 19.6551 86.173 2.74443
310 67.4391 24.3831 2.13324
311 88.8698 75.9193 1.13497
312 27.1324 89.2642 1.94114
313 57.2233 13.0247 2.31277
314 84.2648 94.9334 1.01725
315 24.8675 83.0308 2.80118
316 26.6403 97.1868 2.06395
317 88.3337 85.6343 1.59305
318 13.3505 3.28469 2.63385
319 25.0654 4.76057 1.81138
320 26.6508 3.82591 2.75506
321 82.5866 93.9205 0.977142
322 29.2294 1.60477 2.68692
323 84.4031 86.249 0.801848
324 37.4451 6.52777 2.0263
325 35.5488 88.0467 1.7361
326 22.2468 73.696 2.86801
327 19.8225 79.8547 2.40948
328 33.4431 0.832556 2.50233
329 64.2437 12.9831 1.88982
330 57.251 11.8004 2.11357
331 74.1594 26.3242 1.25483
332 59.5331 13.2165 2.5882
333 27.2135 97.8175 1.95417
334 81.6268 76.9016 0.869494
335 16.7584 1.49299 2.46453
336 30.3839 3.95218 2.28742
337 79.6927 79.2194 0.942183
338 32.6228 86.4301 1.84427
339 22.8143 78.2635 2.30909
340 97.2713 68.7829 1.53615
341 76.534 84.4136 1.36391
342 82.7983 87.0127 0.865252
343 35.8799 91.4214 2.4163
344 26.5191 79.8535 2.83233
345 74.0284 16.4942 0.974425
346 79.9094 75.0766 0.936559
347 3.79573 48.4049 -2.61365
348 72.6233 73.9687 0.858548
349 0.635769 38.0763 -3.21667
350 28.4107 88.1065 2.41756
351 46.7099 83.3956 1.89508
352 41.6459 75.0797 2.82189
353 73.4029 21.6446 1.4426
354 15.4199 67.8836 2.85318
355 24.4241 71.3159 2.52621
356 30.094 100.265 1.93305
357 83.815 17.7369 1.01439
358 88.9497 84.9324 1.31163
359 12.1573 78.1371 1.95456
360 80.2617 96.3978 0.669607
361 4.62234 65.959 2.17171
362 5.56165 89.0116 2.39413
363 22.524 75.7288 2.23161
364 70.4025 27.0218 1.78157
365 24.4211 89.9906 2.51554
366 24.5843 98.5799 2.30237
367 28.6817 3.37112 2.57825
368 4.0603 73.8316 2.58984
369 60.0654 11.8988 2.56963
370 58.791 20.1158 2.14495
371 79.555 90.01 1.64519
372 92.4412 80.8691 1.0775
373 25.7038 1.10906 2.2558
374 1.50191 97.6208 2.37926
375 28.3063 94.1897 2.56654
376 95.1252 84.0894 0.976283
377 52.5706 13.5686 2.09276
378 18.8362 84.0855 2.31411
379 28.3133 6.17509 1.864
380 24.8374 76.4161 2.16421
381 5.44038 42.803 -3.36948
382 11.3052 91.4195 3.12966
383 75.4693 14.2129 0.905025
384 26.1189 93.8606 2.50864
385 75.1141 24.7967 1.49411
386 61.3619 33.5023 0.977022
387 9.22005 66.8805 2.76019
388 35.3528 84.5797 1.79573
389 9.37077 75.9911 2.35551
390 74.7588 85.923 1.2019
391 83.4924 84.3373 1.29388
392 9.04434 73.2296 2.3673
393 35.5276 91.5751 2.2959
394 12.2379 94.2595 3.37966
395 88.2424 85.5855 1.50303
396 85.3924 95.1927 0.816577
397 9.42504 97.3803 3.07849
398 57.5568 11.4365 2.59772
399 49.8591 81.1545 1.76204
400 77.4628 79.9678 1.73547
401 60.5892 10.5734 2.55728
402 17.9962 69.4849 2.55074
403 4.93499 84.3034 1.9734
404 20.6349 79.45 2.67047
405 40.6547 73.7749 2.37426
406 81.7423 68.9898 1.62502
407 18.9896 97.2264 2.17507
408 4.52735 79.3794 2.04912
409 34.1315 3.15418 2.38629
410 79.6455 82.2739 1.5709
411 3.63407 94.8487 2.98323
412 29.422 74.408 2.72398
413 77.9824 82.2543 1.53367
414 33.2499 90.1498 2.02814
415 77.1049 15.7416 1.43447
416 27.783 96.8241 2.25697
417 75.9244 79.6732 1.22842
418 86.3507 89.5044 1.55927
419 73.0409 12.9279 1.13722
420 18.1403 82.7968 1.91549
421 82.6135 88.6579 1.14498
422 87.0205 82.7599 1.37344
423 27.8645 1.32793 2.73561
424 84.8341 93.3911 1.43814
425 18.7082 92.903 2.40436
426 37.1664 2.91173 2.30716
427 98.1128 95.4642 2.78804
428 23.4139 82.9791 2.38426
429 32.1321 85.8024 2.01885
430 41.128 89.6551 2.33068
431 27.8355 93.1414 1.70542
432 81.2068 91.8336 1.3137
433 35.4694 3.2768 2.55884
434 17.3132 78.1993 2.04553
435 74.8816 25.189 2.16298
436 46.6072 89.2681 1.76002
437 11.9949 72.4567 2.61686
438 18.0147 6.35042 1.86471
439 29.2029 5.47748 2.23457
440 26.4598 71.6427 2.34547
441 80.7106 69.4737 1.60654
442 17.9799 99.7735 2.37734
443 9.36307 62.7668 3.05134
444 27.7671 91.2055 1.97359
445 1.36364 46.9258 -2.2515
446 80.9251 25.1742 1.10158
447 83.3575 73.4339 1.41458
448 94.7728 84.0297 1.91871
449 28.8017 70.9565 2.27742
450 80.3097 85.7721 1.09231
451 17.4648 71.7044 2.12344
452 0.120584 97.8916 2.68169
453 26.5163 75.1417 2.07183
454 96.7774 92.0963 1.85836
455 76.4742 14.9234 1.55306
456 74.0095 78.179 1.57218
457 86.0099 80.2867 1.7779
458 97.4778 79.8394 1.5985
459 81.6211 14.2177 1.45783
460 13.16 75.0043 2.65095
461 66.2387 20.3888 1.80245
462 30.9581 91.6832 1.86661
463 91.2913 83.2743 0.868838
464 32.4288 93.1401 2.50688
465 81.8834 84.5367 1.08851
466 33.0301 86.687 1.90622
467 30.1213 3.82357 2.20863
468 8.62105 74.7147 2.31806
469 48.5549 85.6066 1.74731
470 43.8919 73.9041 2.47142
471 23.0329 84.5184 2.02633
472 31.1333 91.9946 2.5517
473 27.0399 96.6771 2.35947
474 18.5129 42.7708 -3.10865
475 84.0449 71.9655 1.9504
476 85.1256 18.4055 1.02298
477 23.3466 76.7325 2.33915
478 76.9421 7.18238 1.48282
479 71.9745 15.3522 0.9185
480 92.4263 75.4191 0.891369
481 31.093 99.5569 2.24722
482 15.7762 67.2048 2.82575
483 78.6611 86.6276 0.910115
484 6.69326 78.5235 2.01715
485 2.34372 66.0003 2.2481
486 28.0724 75.0916 2.35232
487 33.7975 87.4546 2.29217
488 47.5155 81.8239 2.13982
489 72.2712 13.0078 1.05486
490 79.3686 22.5708 1.13664
491 22.6222 76.5066 2.60975
492 31.2145 94.6371 2.45538
493 25.356 85.2987 2.66882
494 20.5561 72.2707 2.83649
495 17.3503 83.6469 2.8512
496 10.6364 97.9112 3.19513
497 87.8219 89.5096 1.63732
498 35.6652 84.7502 2.14944
499 86.2094 8.72729 1.63501
