500
Particles
0 54.5765 71.2283 1.25704
1 27.1266 72.1774 1.67464
2 21.1952 79.4636 1.60589
3 50.8411 85.8395 -0.949918
4 21.8601 54.1326 1.98864
5 23.5315 89.3445 2.79799
6 46.2353 67.9949 1.93392
7 25.8944 19.2716 1.67021
8 37.6267 87.7143 2.7562
9 39.6317 92.8294 -2.59423
10 32.2037 91.1149 2.84527
11 18.9015 14.565 1.91903
12 50.4001 91.2597 -1.5935
13 77.2922 71.8121 0.377852
14 23.1492 56.1196 1.48398
15 37.3153 17.7198 -1.41453
16 38.8059 2.78673 -2.78839
17 20.7743 45.8363 2.2878
18 30.5157 69.618 1.90333
19 95.4065 94.5522 1.4129
20 51.2682 84.8385 -0.646419
21 44.2281 67.4399 1.81722
22 25.3481 96.4271 2.70662
23 28.7668 51.3102 2.00969
24 83.3104 19.8758 2.80389
25 19.2443 94.3618 2.07075
26 24.5349 88.5451 2.81322
27 17.0627 7.17249 1.98823
28 54.8794 73.9734 1.50373
29 24.3011 48.1213 2.0383
30 23.1058 82.9498 2.09244
31 22.1038 99.1165 1.91154
32 51.5472 82.0342 -0.108264
33 24.3942 78.3002 2.07778
34 25.0036 96.3599 2.89865
35 40.5065 84.7448 2.1308
36 16.4676 18.2792 1.2842
37 44.8504 74.1341 1.45191
38 7.80879 88.3181 1.92252
39 21.4131 52.067 1.20279
40 26.9694 93.2813 2.68532
41 80.0251 76.2823 -0.258673
42 32.9808 94.4863 3.11928
43 84.3286 11.1223 3.00209
44 28.9632 77.0688 1.57603
45 37.0013 0.215313 -3.14152
46 25.4871 99.929 3.05086
47 2.75251 18.0784 -0.539894
48 28.3682 95.8861 2.59747
49 20.2069 89.0734 2.69135
50 45.4834 86.3771 -2.10526
51 27.6362 0.683877 3.22402
52 81.7922 16.6434 3.12094
53 16.6867 17.2897 1.55323
54 30.0635 57.0567 1.42236
55 12.0755 98.2095 1.76525
56 31.6695 59.0406 1.9532
57 32.0939 88.7813 2.93347
58 30.607 62.5993 1.97564
59 15.9093 91.9577 2.32078
60 39.0218 77.5864 0.887561
61 31.543 93.971 2.6949
62 36.657 85.9146 2.89772
63 25.5702 67.7328 1.15359
64 41.2881 73.8476 1.25213
65 10.7013 100.021 1.25951
66 40.3634 81.2284 1.30224
67 41.8427 82.9658 1.55891
68 6.56059 96.8923 2.19618
69 35.968 86.4874 2.15526
70 45.4415 70.9368 1.60504
71 22.5442 94.1128 2.16223
72 38.8624 76.4081 1.51279
73 49.2694 72.9487 1.90851
74 29.1682 87.4734 1.8612
75 62.7622 35.4517 -0.785681
76 32.5867 87.9347 2.37136
77 44.1441 70.9996 1.04873
78 22.9381 83.1969 1.51163
79 31.1183 65.0151 1.26723
80 28.2598 90.6374 1.97303
81 39.3262 80.3107 1.51231
82 98.8165 92.2238 1.02363
83 25.9144 61.8443 1.9877
84 19.2318 99.6027 1.87062
85 26.6531 90.4525 2.76467
86 29.1317 91.0079 2.68673
87 -0.119924 92.3185 1.83307
88 95.1374 94.4103 1.64231
89 27.5199 89.0103 2.71328
90 62.3314 31.3521 -0.928505
91 20.4227 99.4175 2.82859
92 0.53326 91.6148 2.36421
93 27.9233 59.0299 1.31188
94 29.5765 93.7616 2.13749
95 52.3751 77.7692 1.05949
96 40.6028 71.4113 1.75105
97 46.4617 75.3251 1.19638
98 26.1134 88.3403 2.20233
99 58.8075 79.6918 0.0437655
100 83.0974 16.5039 3.02151
101 33.2546 70.3904 1.61148
102 33.5355 92.8846 2.84303
103 23.8586 92.8564 2.58973
104 29.1105 97.2485 2.15399
105 59.2724 30.9806 -1.52011
106 32.3986 59.5837 1.90003
107 54.3303 73.5778 1.60825
108 28.3534 0.196494 3.03449
109 34.7144 62.1088 1.63867
110 77.252 92.1195 0.0583211
111 46.2187 73.2712 1.61165
112 52.1557 83.557 -0.432123
113 48.936 67.9437 1.60007
114 42.4649 27.5608 -1.20924
115 46.2976 80.5933 0.610479
116 29.1288 83.5566 2.41121
117 18.7839 96.304 1.91933
118 49.2467 89.2652 -1.7597
119 29.1231 57.8632 1.653
120 19.6759 93.8605 2.34685
121 39.8571 87.2498 2.17023
122 28.2496 94.1776 2.639
123 28.7096 69.1642 1.34657
124 72.36 72.084 -0.24244
125 10.6215 97.8897 2.1784
126 33.1559 8.73676 -1.74604
127 75.5932 74.3253 -0.242408
128 82.8895 20.1998 3.34539
129 54.8469 67.7353 1.60266
130 57.8363 77.3617 0.885249
131 31.2534 91.3746 2.39126
132 4.51503 49.2577 -0.725838
133 4.07054 54.8898 -0.860709
134 20.487 87.8769 2.32386
135 49.3514 72.3996 1.4414
136 27.9792 86.8574 1.89269
137 46.842 72.5499 1.30052
138 30.598 93.1072 2.73038
139 22.9239 95.2581 2.47603
140 34.6146 93.1091 3.35501
141 12.4923 99.4379 1.06534
142 29.7018 62.1186 1.73816
143 38.8005 -0.233648 -2.60967
144 44.5358 75.667 1.03174
145 53.0956 69.8678 1.91688
146 56.7585 75.8389 0.45847
147 19.7873 76.9364 2.00528
148 57.1389 77.2215 1.17466
149 39.8649 80.328 1.24243
150 34.1119 93.135 3.01128
151 51.0714 80.1607 0.639878
152 30.7159 87.9495 2.69295
153 27.68 98.0271 3.13768
154 38.8834 1.39182 -3.12642
155 5.2411 55.4247 -1.17229
156 41.0192 87.7443 2.39167
157 31.7341 1.73973 -3.06947
158 23.184 90.0184 2.37306
159 34.9329 14.383 -1.31382
160 23.4732 81.7005 1.30152
161 33.4454 10.0158 -1.01902
162 43.2889 89.7916 -2.66584
163 7.14153 95.3808 1.62601
164 73.8696 60.8436 -0.146329
165 40.6307 84.339 2.54159
166 2.81751 95.2569 2.38431
167 49.9349 75.2552 1.67676
168 32.0765 68.7038 1.38619
169 87.5388 15.7922 2.71233
170 23.5608 74.9221 1.84976
171 45.7691 67.8324 1.49338
172 53.4977 70.8714 1.68171
173 35.3472 92.0899 2.44674
174 22.7438 88.4044 2.16571
175 20.6393 0.48653 3.12927
176 36.0695 18.5509 -1.47596
177 24.8366 92.6535 2.81839
178 86.6764 15.6394 2.39835
179 54.2933 73.6177 1.74355
180 49.2313 69.2959 2.01007
181 39.4095 94.3762 -2.82259
182 33.4368 59.6135 1.85586
183 62.7163 81.8128 -0.633659
184 4.259 92.011 1.89509
185 1.10054 56.6392 -0.420166
186 29.4625 94.6285 2.10797
187 50.706 84.0552 -0.689253
188 23.5279 62.5844 2.17835
189 24.6092 83.259 2.01692
190 21.4277 87.5939 2.71351
191 43.9085 77.4272 1.36607
192 29.0486 89.5194 1.99166
193 24.0344 99.1472 2.02565
194 26.3426 88.9586 1.89715
195 43.706 69.5746 1.42452
196 21.6633 90.1466 2.60957
197 29.7948 91.5399 2.33282
198 0.0905493 91.8857 1.69366
199 22.6668 89.407 2.75745
200 46.6169 70.8574 1.81392
201 19.3725 48.8112 2.21335
202 81.2714 18.2704 2.74019
203 33.5675 12.4149 -1.73526
204 24.7291 88.4523 2.75696
205 50.7639 73.4442 1.81811
206 26.5833 93.3092 2.75566
207 17.8295 94.4864 1.86
208 8.64278 93.9235 1.55286
209 53.2237 85.904 -1.09386
210 35.0927 73.4684 1.25566
211 27.2893 94.1292 2.19476
212 4.2638 51.1 -1.01516
213 55.0675 80.1613 -0.0472771
214 24.5386 63.7622 1.77241
215 51.5021 69.6049 1.61345
216 35.7043 3.55879 -2.82278
217 46.1358 66.9618 1.93876
218 30.3849 4.57392 -3.528
219 22.4361 45.5018 1.79814
220 48.7669 73.7191 1.265
221 29.1866 2.38265 3.17153
222 43.9921 74.6996 1.30311
223 59.5664 37.4111 -1.49697
224 52.1726 84.144 -0.688417
225 20.1554 15.3267 1.25069
226 37.6685 93.3997 3.30331
227 29.3053 95.3294 2.71448
228 30.5172 90.2968 2.9733
229 34.3768 96.3894 2.88403
230 77.8686 73.6128 0.270704
231 40.1175 74.9597 1.22195
232 20.6153 99.3868 2.39198
233 23.3082 94.2745 2.24931
234 19.9691 90.604 2.49639
235 32.2248 56.5305 2.21323
236 36.345 89.4632 3.04686
237 25.8806 82.1344 2.06623
238 28.4327 55.0429 2.24356
239 23.316 58.1454 1.90844
240 47.6546 91.7903 -2.06461
241 32.5482 79.1691 1.67371
242 30.275 -0.0139314 3.56877
243 48.1618 69.9532 1.10152
244 34.1894 9.82032 -0.913615
245 28.684 100.24 2.32887
246 31.19 93.1248 2.60696
247 74.8174 77.8162 0.0840167
248 27.2625 60.5912 1.80885
249 26.7499 85.5707 1.89012
250 14.0309 9.61707 0.83486
251 21.0504 82.6298 1.80985
252 24.5184 17.7601 1.28741
253 82.2462 15.0845 3.14026
254 30.8745 90.6631 2.65068
255 40.6697 81.1487 2.01033
256 31.5337 98.3769 2.6666
257 31.2833 93.4949 2.60064
258 39.8323 89.1706 2.72702
259 35.3657 58.9503 1.95726
260 24.1638 88.7688 2.0394
261 29.0405 61.2475 1.93609
262 36.1161 96.7339 3.45414
263 20.9113 98.1052 2.1021
264 23.3094 78.7068 2.15623
265 28.7514 90.3669 2.9534
266 25.4578 91.7813 2.25513
267 40.8113 73.3784 0.955193
268 22.8639 97.4982 2.49555
269 15.1513 8.92333 1.20937
270 31.2579 62.3351 1.19991
271 33.8318 59.0172 2.00044
272 54.4146 80.2713 -0.110512
273 20.9982 91.7989 2.37064
274 23.862 95.9156 2.89458
275 32.4459 93.8986 2.33213
276 25.0503 89.061 1.97019
277 52.927 72.3761 1.26689
278 25.9832 72.9222 1.31354
279 30.6648 0.851378 3.45071
280 29.6001 60.539 1.53226
281 30.8124 94.7219 2.36153
282 28.4067 57.5695 2.14237
283 47.2654 80.2311 0.600984
284 31.592 81.9253 2.42202
285 46.1048 71.4734 1.56883
286 74.2818 76.6065 -0.305623
287 28.6894 93.7586 3.03512
288 60.0545 81.5874 -0.5888
289 27.4321 77.0226 1.50765
290 25.2705 97.3413 2.23535
291 28.4464 73.6409 1.78424
292 87.6732 13.439 2.40076
293 23.1418 97.0439 2.31068
294 30.1196 55.3707 2.02765
295 29.5607 13.6264 -0.688913
296 7.2808 92.8346 1.99866
297 36.7768 95.5044 2.60078
298 31.4131 75.4883 2.18699
299 46.2877 75.8283 1.55255
300 26.497 91.8922 2.87897
301 40.7952 78.541 1.59266
302 10.4662 85.429 1.5862
303 30.0537 94.5949 2.6408
304 26.216 69.8183 1.6736
305 23.8988 84.3872 2.27958
306 19.6627 16.0114 1.38376
307 23.5162 80.8733 1.66752
308 30.6318 61.6937 1.55019
309 21.7219 95.7632 2.04489
310 21.1554 14.8433 1.49689
311 81.8593 72.3965 -0.143774
312 27.8355 0.0858579 3.49475
313 52.5253 80.136 0.193378
314 33.0315 14.4181 -1.5797
315 28.8044 96.9933 2.805
316 49.3643 70.4269 1.48424
317 30.9097 64.6713 1.47301
318 49.6983 92.4527 -2.02974
319 44.3882 76.4048 1.27546
320 46.8117 73.0805 1.64167
321 21.1764 45.0685 2.41831
322 47.7732 71.5818 1.97778
323 29.8775 65.277 1.4781
324 27.954 81.868 1.66564
325 34.8809 96.5477 2.70742
326 31.2122 91.2944 2.74074
327 25.4633 92.9863 2.91183
328 4.49963 92.8745 2.13146
329 55.2408 81.9471 -0.130651
330 51.314 79.1585 0.822804
331 97.3122 50.6788 -1.86361
332 54.5469 81.458 0.237919
333 96.2127 91.186 1.38014
334 23.7048 54.1851 1.57712
335 46.0387 75.615 1.77758
336 48.093 73.2772 1.68743
337 25.0829 56.5655 1.50347
338 33.0757 96.4117 3.09992
339 29.4223 93.4353 2.63779
340 39.0239 69.4783 1.32854
341 24.496 62.176 1.77171
342 34.4416 70.0237 1.63209
343 33.5672 1.35863 -3.42753
344 31.9812 93.3838 2.83843
345 86.0352 9.68241 3.06268
346 81.6394 77.1009 -0.178564
347 23.8552 89.67 2.0948
348 23.9777 62.0169 2.02226
349 22.6786 84.899 1.75207
350 29.5215 99.506 2.96022
351 40.0175 88.9768 2.5621
352 27.6312 73.4714 1.45768
353 62.3543 33.5699 -1.59443
354 28.0847 90.1002 2.66286
355 33.7395 89.6581 2.63058
356 57.968 80.392 -0.0780063
357 8.32381 58.4107 -1.10044
358 32.4041 64.183 1.73027
359 20.3072 95.8953 2.06277
360 37.2061 9.69803 -1.46435
361 18.6614 89.3431 2.47223
362 42.742 71.1363 1.33712
363 29.9427 90.3642 2.45193
364 23.8897 78.9216 2.20772
365 24.8698 0.395269 2.31634
366 47.6612 69.8815 1.97899
367 49.96 74.2336 1.69327
368 56.7683 74.97 1.34206
369 86.2185 6.9194 -3.21457
370 53.5036 94.5165 -2.08935
371 40.8953 81.0779 1.56755
372 32.6961 55.4321 1.96234
373 48.4456 71.7097 1.61981
374 23.5827 81.2696 1.65417
375 22.6691 0.778762 2.79796
376 36.7674 61.7818 1.27727
377 50.0966 78.2741 1.44487
378 25.2786 0.21904 2.92641
379 49.121 76.0954 1.25434
380 33.4194 94.7315 2.77287
381 27.0137 87.4503 1.95602
382 43.9783 68.0428 1.32138
383 90.7692 25.6281 2.29103
384 19.4067 97.4431 2.77643
385 23.194 14.6155 1.1301
386 15.6 18.0218 2.08635
387 23.6473 92.1214 2.0237
388 36.5266 96.1072 2.83677
389 17.3271 92.0052 1.98757
390 32.0156 73.2347 1.53738
391 29.615 60.9014 1.7617
392 2.63123 82.1738 2.54776
393 32.4228 0.475935 -3.28863
394 44.7539 70.6428 1.39381
395 33.3535 65.6009 1.44702
396 22.4922 43.6798 2.26967
397 45.6465 81.1602 1.10651
398 55.5135 79.8992 -0.150462
399 37.8536 83.249 1.67266
400 24.4994 57.5315 1.54192
401 4.52815 95.4976 2.05754
402 29.3719 91.6454 2.21027
403 41.7588 67.9614 1.16214
404 26.7497 93.2866 2.61257
405 25.8034 73.3662 1.64648
406 75.2093 73.5251 -0.268372
407 45.09 69.7707 1.00833
408 50.7017 70.1579 1.74922
409 49.9151 72.7951 1.98718
410 23.1688 57.7172 1.54997
411 43.5214 26.4812 -0.800119
412 35.8477 87.6855 3.07552
413 28.4629 60.6149 2.03195
414 30.9684 97.8835 3.11931
415 85.8502 12.9255 2.85239
416 6.83464 91.2719 2.48582
417 26.1171 60.1159 2.21953
418 37.7796 74.4063 1.65018
419 94.1019 24.1832 2.53631
420 20.9118 94.8694 2.01917
421 31.2144 70.6689 2.07627
422 30.997 60.6092 1.7342
423 47.2927 71.5354 1.24076
424 35.9248 17.1897 -1.93052
425 46.0307 66.5487 1.27535
426 48.8524 77.9499 1.35954
427 18.187 82.1907 1.6662
428 29.4138 97.6839 2.25654
429 34.4146 96.8682 2.77675
430 34.9286 10.0027 -0.930696
431 24.1371 0.618767 3.1884
432 43.6333 85.8775 3.08725
433 52.8052 77.7577 0.453977
434 25.7266 95.1678 2.89344
435 21.143 77.1653 2.10956
436 39.0125 95.3978 3.46359
437 23.8028 93.5774 2.33368
438 21.2304 49.6235 1.58559
439 49.3094 74.7952 1.77447
440 31.1122 85.168 1.83115
441 73.1364 70.7782 0.168095
442 44.957 71.2507 1.26605
443 26.605 90.6132 2.04353
444 27.2817 99.7656 3.21642
445 21.0496 86.6638 2.62847
446 75.891 69.815 -0.220136
447 78.2218 76.5453 -0.0673544
448 36.7509 23.4247 -2.21416
449 30.3525 81.444 2.27591
450 29.1537 63.7235 1.88395
451 28.327 90.6715 2.18522
452 20.8164 83.5326 2.31357
453 35.0646 93.6341 2.7015
454 53.6768 68.9611 1.21319
455 99.5149 96.1789 1.43389
456 19.3669 55.4138 1.7906
457 31.5454 55.7117 1.92434
458 46.2863 89.5905 -2.26618
459 16.9449 3.54174 2.40379
460 21.1165 89.6849 2.07994
461 61.726 31.4765 -0.679562
462 29.075 99.9605 3.17292
463 34.0279 61.1631 1.71083
464 31.7876 4.66948 -3.06974
465 29.757 63.8886 1.62198
466 34.2998 99.4329 2.87526
467 47.6502 72.3548 1.32887
468 17.735 92.4471 2.76887
469 39.5424 91.2033 2.78624
470 27.8595 70.6238 1.84888
471 29.82 -0.0398919 3.37207
472 28.7584 0.832046 3.17951
473 50.3791 70.7163 1.86033
474 37.1329 18.5505 -1.84377
475 76.9989 73.1542 0.040181
476 6.54501 57.9808 -0.571643
477 29.2542 91.9376 2.25172
478 20.0764 0.906845 2.48983
479 89.6644 10.0584 2.97416
480 32.2049 54.403 1.43899
481 7.82685 92.4292 2.16568
482 28.1857 88.4772 2.07597
483 29.6699 66.7898 1.53723
484 1.24272 87.4864 1.69319
485 10.3295 84.4153 1.94443
486 36.8193 92.436 3.0035
487 35.1006 3.8988 -2.97546
488 38.3247 85.3116 2.65762
489 3.25626 95.601 1.95407
490 25.6067 17.8912 1.68342
491 31.5914 93.0812 2.63346
492 27.8076 0.282375 2.59617
493 27.5818 96.0833 2.3404
494 30.8164 92.4034 2.71922
495 20.9739 95.2466 1.85992
496 43.9237 77.2722 1.24184
497 36.9876 14.2474 -1.09185
498 36.365 94.5297 2.94533
499 15.4673 2.03802 2.22957
