500
Particles
0 82.1545 98.0599 2.12379
1 10.6057 83.5766 -2.37644
2 93.0051 34.7816 1.57126
3 58.5712 52.7797 2.08597
4 78.2584 13.8497 1.83829
5 90.1984 61.8344 1.36924
6 94.3399 19.7465 1.90834
7 74.0263 59.8677 2.00719
8 45.1531 18.9117 2.4768
9 31.5183 14.1561 -2.65047
10 0.13499 2.10566 2.16608
11 90.0749 27.0927 2.64508
12 94.2679 32.1095 1.60128
13 80.7279 2.09057 2.1999
14 82.1496 17.5635 1.62183
15 82.2299 5.54117 2.49709
16 12.8521 9.69689 2.06285
17 83.0836 31.1413 1.59001
18 78.37 24.0953 1.5454
19 41.1519 40.5961 2.07489
20 57.4266 53.9549 1.38935
21 92.6064 17.7407 1.75283
22 98.5436 11.599 2.34936
23 81.2912 9.555 2.52326
24 65.5675 56.4458 2.30378
25 86.5772 4.38534 2.04974
26 88.9256 56.9415 2.09579
27 89.7826 25.2019 2.13099
28 92.9797 15.3058 1.68504
29 97.5366 32.3708 1.94447
30 53.038 58.4098 2.10049
31 93.7223 11.9926 2.36311
32 33.8594 46.7684 2.37346
33 65.6777 62.3986 2.19758
34 88.5197 2.83398 2.26765
35 76.8352 27.298 2.39441
36 55.3752 62.9598 2.20133
37 0.539851 29.6646 2.27839
38 89.0717 10.5672 1.84434
39 81.8069 10.3338 1.75509
40 91.6229 2.44332 1.88065
41 80.44 10.3106 1.88128
42 4.11811 5.76351 2.50724
43 60.8505 53.6173 1.98735
44 12.138 85.7743 -3.19355
45 4.25474 4.91565 2.34863
46 91.4842 7.99769 2.55421
47 87.8055 51.5559 1.81129
48 96.6487 6.36714 2.05328
49 84.232 93.8368 2.64965
50 86.526 27.9583 2.18451
51 1.00265 13.8064 2.4303
52 62.8055 55.3457 1.63822
53 57.2299 63.3518 1.94876
54 82.3207 14.6798 2.28478
55 78.0171 49.0482 1.10617
56 84.134 16.5332 2.28746
57 98.4863 95.1685 1.94448
58 84.5022 20.1831 2.36668
59 86.8959 5.58547 2.59065
60 86.6431 24.732 2.30417
61 97.7797 3.58815 1.98685
62 43.7446 15.3939 2.53736
63 13.5767 75.5816 -2.68808
64 91.5789 22.8242 2.22483
65 84.219 53.0434 1.06655
66 83.2452 28.4503 1.95119
67 86.1152 28.4862 2.2607
68 86.3174 49.5735 1.17154
69 2.31179 96.2766 2.19929
70 94.8622 23.8687 2.04184
71 91.839 7.14234 2.49326
72 84.6321 25.563 2.0005
73 -0.266819 26.247 2.3191
74 97.8215 98.9798 2.44385
75 73.8848 56.692 1.80351
76 0.367514 98.8453 2.53519
77 98.2768 23.4477 1.84869
78 98.053 34.3665 2.28288
79 85.5719 22.5011 1.9437
80 96.7683 3.64157 1.85499
81 81.377 26.8026 2.17736
82 63.2152 27.2297 0.148737
83 74.0896 19.3933 1.79093
84 77.6908 46.6149 1.43014
85 97.2756 5.56033 1.68282
86 98.1216 2.89247 1.95849
87 1.15751 22.9768 2.1879
88 79.5855 48.055 0.919728
89 95.3543 98.1842 1.76994
90 62.6381 56.5151 1.76741
91 92.67 12.0335 2.49914
92 98.8506 20.1909 2.59151
93 75.7544 14.6028 1.48206
94 96.9305 4.78076 2.45607
95 45.8583 43.7978 1.99834
96 92.4946 22.0424 2.26252
97 96.2833 25.7257 2.0534
98 94.1707 98.4787 2.40319
99 97.8086 19.1091 2.09212
100 67.0092 56.6435 2.2814
101 81.5757 24.3652 2.06913
102 0.17075 3.01862 2.29179
103 87.689 99.7249 1.82858
104 97.8668 9.13511 1.65893
105 64.4928 57.9959 1.54674
106 83.3793 14.7451 2.43496
107 84.9469 7.09379 2.78255
108 96.0048 10.4735 2.21083
109 87.9036 21.7787 2.36083
110 76.2276 58.3072 1.59714
111 1.97059 28.9606 2.08361
112 57.268 51.8664 2.17169
113 94.7388 18.6125 2.1353
114 89.6707 25.2742 2.25889
115 93.695 30.8924 1.8413
116 97.1455 94.348 2.21797
117 89.7068 9.19028 2.34866
118 48.1083 53.7979 1.81177
119 79.0674 17.6159 2.09448
120 85.4705 0.992056 2.84171
121 81.2005 70.1241 -0.157833
122 95.8038 6.15375 1.95423
123 72.6009 14.4598 2.21772
124 90.4712 33.0676 1.51062
125 89.3424 45.074 2.06734
126 10.1474 16.5225 1.77002
127 77.2398 5.65282 2.065
128 65.8195 55.951 1.88329
129 87.8819 26.7352 2.46976
130 89.1436 12.434 2.31961
131 -0.415851 1.88996 2.73674
132 92.8498 46.7004 1.51548
133 91.447 50.4772 1.15431
134 83.0725 91.5968 1.88034
135 98.7351 24.5135 2.4294
136 96.8453 96.9599 1.49023
137 92.909 22.1039 2.21278
138 98.2936 4.613 1.70892
139 87.6177 0.822337 2.13516
140 3.5319 4.26053 2.2214
141 82.7716 48.9184 1.06641
142 76.5815 17.7176 1.66989
143 34.0944 23.303 1.51026
144 91.4035 22.5089 1.81397
145 87.7486 29.1813 1.64136
146 85.116 5.87079 2.24651
147 63.1636 62.1185 2.13207
148 1.14067 26.4833 2.21612
149 78.6625 27.0701 2.08685
150 2.38357 4.93179 2.93184
151 36.6262 45.6906 2.14827
152 98.3834 98.9148 1.77261
153 96.9887 9.76556 1.78938
154 16.6525 10.1599 2.65589
155 88.5625 52.4865 1.77496
156 48.8521 18.9371 2.33593
157 31.0613 31.3227 1.74005
158 88.0014 58.4102 1.65411
159 34.7176 26.9976 2.00328
160 61.2584 64.0769 1.98888
161 35.6975 28.3323 1.53338
162 80.2022 27.8588 1.42735
163 79.5295 45.5524 0.926777
164 85.3381 54.2979 1.67817
165 74.0963 25.0765 1.81135
166 79.3934 47.1523 1.15539
167 2.76289 28.2407 2.23732
168 85.0912 23.575 2.3287
169 85.1612 52.8635 1.19366
170 42.1821 70.7431 -2.14218
171 94.4266 20.4877 1.69487
172 82.4955 2.41929 2.68802
173 2.66302 1.91856 2.24506
174 86.8362 57.9111 1.93731
175 92.2272 42.349 1.54244
176 94.2332 34.7309 2.17716
177 90.0858 99.9898 2.40787
178 64.6794 54.7917 2.09531
179 90.8215 14.2262 2.36001
180 94.7488 20.2976 2.05785
181 38.4091 22.1764 1.79383
182 86.8549 17.5628 2.19431
183 80.0078 96.0825 2.1593
184 98.2085 19.2209 2.29785
185 87.7352 52.578 1.1571
186 99.2891 7.71966 1.94547
187 51.3353 50.9233 2.18699
188 74.341 5.4497 1.89465
189 90.4133 30.5582 1.6746
190 89.0496 57.644 1.38475
191 95.0721 28.2377 2.51205
192 92.6024 93.5847 1.88656
193 -0.412033 15.4354 2.77499
194 95.048 1.76837 2.50685
195 92.7329 20.1633 2.37826
196 86.2068 97.9062 1.99247
197 98.6659 2.76795 1.90775
198 96.974 19.7866 1.79088
199 6.15265 65.2519 1.21715
200 98.3124 22.3183 2.26466
201 97.1549 29.2653 1.73037
202 61.0704 56.3511 2.14992
203 36.2474 29.1569 1.23985
204 89.0019 55.921 1.86393
205 2.8624 27.5642 2.82286
206 92.6803 1.8755 1.92031
207 88.2045 7.51699 2.73422
208 71.41 29.0423 2.75783
209 48.4362 52.6204 2.5581
210 85.9437 26.1482 2.06332
211 98.1139 7.35294 1.72988
212 90.7433 48.8257 1.28769
213 38.1368 44.3337 1.97981
214 73.4136 2.61989 2.5993
215 87.616 11.773 1.80367
216 3.88387 6.83526 2.19063
217 92.4092 19.2317 1.81976
218 86.0356 36.194 1.69692
219 84.6541 32.0829 1.49411
220 -0.338431 26.9661 2.84709
221 4.12504 18.2546 2.54013
222 98.4507 27.5494 1.84864
223 68.3913 58.8631 1.75856
224 55.8298 53.0331 1.56199
225 94.3829 31.9652 1.91607
226 15.5323 6.50054 2.339
227 98.9225 8.84559 2.0878
228 99.3995 3.65886 2.23895
229 -0.313606 3.30222 2.25576
230 79.3366 4.586 2.07423
231 87.979 24.085 1.76002
232 97.869 16.2862 2.47892
233 90.8145 5.35666 2.32767
234 86.0623 99.8385 2.03476
235 83.6257 14.8 2.41238
236 13.5666 4.68534 2.67956
237 92.6723 33.0465 2.47032
238 84.922 16.2222 2.26297
239 75.4737 16.9661 2.2729
240 90.1483 24.7156 2.49334
241 48.8278 17.9508 2.47707
242 1.68677 10.6608 2.38294
243 97.8475 21.8905 1.72196
244 35.3772 28.8799 1.76601
245 -0.15004 12.6661 2.6007
246 99.2661 5.34529 2.8219
247 87.6407 56.1062 2.02477
248 80.1543 17.3659 2.27926
249 95.8093 96.8411 1.6168
250 87.8172 25.2023 2.26184
251 88.6917 31.6524 2.0993
252 72.2248 58.9224 1.77669
253 54.3923 54.5898 2.10465
254 99.3829 1.27405 2.12685
255 81.2775 26.9069 1.91708
256 2.28396 9.73268 2.08968
257 97.9601 3.41403 1.99907
258 48.4379 23.0537 1.93925
259 84.2204 15.8469 2.10579
260 92.2868 60.1215 1.16287
261 79.4348 19.064 1.96724
262 3.86521 5.02078 2.72939
263 96.8196 15.3118 2.05628
264 62.4379 62.9861 2.07907
265 97.4477 1.32019 2.51823
266 88.8 96.8623 1.84886
267 90.3481 23.9571 2.33784
268 85.6245 1.99428 2.78661
269 88.4333 27.0782 1.73178
270 85.685 19.4686 2.38973
271 86.6832 18.3221 1.49819
272 34.1333 42.8717 1.8325
273 88.3597 2.23757 2.29445
274 92.917 9.67441 2.19497
275 99.4481 3.31529 2.09606
276 88.7424 94.1353 1.91527
277 97.3449 18.9955 1.58392
278 4.95916 84.5108 2.40586
279 1.10008 10.7944 2.7325
280 87.1015 20.0793 1.43888
281 98.8427 7.29743 2.46744
282 81.0987 16.8403 2.17664
283 7.81962 30.2394 2.75837
284 5.2391 97.3456 1.97591
285 95.4886 23.012 1.68831
286 77.2236 8.84049 1.97275
287 96.5521 4.64173 1.68783
288 52.9222 45.165 2.20231
289 5.31251 97.8872 2.31642
290 92.4091 6.45247 2.03723
291 64.8415 91.1422 0.493736
292 88.9458 50.7312 1.12131
293 90.8294 8.29114 2.7856
294 86.1543 15.6679 1.8434
295 91.1784 17.5139 2.16074
296 2.43741 22.2795 2.73539
297 7.40856 6.44797 2.95685
298 53.213 17.4465 1.69419
299 97.5925 29.3018 2.15682
300 91.4101 1.70611 2.33544
301 85.2116 26.4496 2.37392
302 84.2362 99.814 2.20775
303 99.3299 6.33354 2.19448
304 10.5759 78.0004 -2.19208
305 90.1053 30.23 2.4444
306 58.9545 59.1293 1.46789
307 92.5119 30.3132 2.16187
308 79.6046 21.2257 1.97026
309 91.0886 9.42047 2.47712
310 61.2044 60.615 1.94073
311 84.9628 11.1288 2.48009
312 98.6149 12.6059 1.72757
313 38.8226 44.7538 2.53371
314 83.6358 30.2848 2.1757
315 98.5131 8.91886 2.60357
316 96.9037 18.6681 2.47387
317 86.8176 21.5788 1.83022
318 92.8727 31.0302 1.96899
319 98.0986 29.0949 1.66657
320 98.2387 26.5213 2.35012
321 83.117 30.1706 1.4933
322 1.74948 25.1129 2.00562
323 84.4247 22.0357 2.07735
324 14.7716 30.8992 2.13658
325 5.12931 8.63892 2.7391
326 98.2316 1.11422 2.45005
327 91.658 4.01717 2.04637
328 6.40974 26.0093 2.54476
329 55.5348 48.3984 1.55486
330 39.0458 43.6555 1.58787
331 69.8784 62.8597 1.40695
332 41.6175 45.1137 1.85528
333 98.693 20.9976 1.82714
334 80.7795 12.0704 1.75475
335 94.537 27.5008 2.32974
336 2.66941 28.1256 2.74197
337 77.9039 14.8429 1.7519
338 4.04889 7.86962 2.30206
339 96.9765 4.44809 2.08064
340 81.0318 100.22 2.55753
341 76.8058 20.8627 1.54372
342 82.9876 22.9731 1.6623
343 3.03186 7.87945 2.08374
344 0.534875 5.43761 2.75038
345 76.0028 53.0956 1.59055
346 80.2807 10.7767 2.48117
347 90.307 61.1719 1.64454
348 74.8929 7.20404 2.63142
349 88.9161 55.4952 1.37469
350 99.0237 9.53365 2.45257
351 40.679 18.6394 2.29679
352 13.0358 84.4673 -2.96154
353 67.817 57.9928 1.56256
354 91.1608 94.7893 2.20421
355 0.584394 99.1499 2.20196
356 2.34586 24.0019 2.81616
357 88.1994 54.1828 1.3943
358 86.8068 20.3079 2.2527
359 87.131 4.43283 2.52551
360 81.0164 31.5743 2.35856
361 83.2634 93.5361 2.46969
362 91.3721 20.4616 2.51354
363 99.0818 3.66523 1.56906
364 67.4266 63.6227 1.3381
365 94.4552 12.2455 2.57843
366 96.4207 21.5851 1.75047
367 0.506335 27.1207 2.54338
368 81.9575 2.65259 2.17658
369 42.4295 43.3001 2.653
370 55.4582 56.0308 1.67937
371 81.324 26.2502 2.28423
372 87.5771 15.4552 2.34026
373 97.6825 24.1927 2.16243
374 87.8935 29.4427 1.84875
375 99.56 17.63 2.59484
376 89.9144 19.7895 2.26952
377 34.467 45.3384 2.31806
378 92.6717 8.97815 1.93857
379 0.146672 29.8567 2.58542
380 99.2782 2.9318 1.98384
381 1.77761 35.4289 2.40616
382 93.5294 20.5299 1.67184
383 80.3441 50.5665 1.15758
384 97.0594 16.2935 1.94311
385 71.7795 60.7398 2.18784
386 55.9393 61.7369 1.54345
387 84.7163 93.8274 2.1834
388 5.60509 5.01472 2.2028
389 86.8174 4.32328 2.05503
390 72.7702 21.8438 1.93189
391 82.7711 20.484 1.66203
392 85.3023 1.12536 2.15634
393 4.2438 10.7322 2.74545
394 92.9292 22.4819 1.94868
395 87.7152 21.3765 1.49538
396 85.3318 30.9039 1.76339
397 91.2252 25.5568 2.35975
398 39.4511 43.1132 2.54348
399 50.1523 17.1923 1.83641
400 76.4519 15.8516 2.29693
401 44.3466 42.4166 1.84946
402 96.2781 98.8537 1.6848
403 92.7233 18.3927 1.90176
404 94.8203 5.5723 2.12646
405 11.0911 83.6149 -2.59356
406 79.6429 1.5747 2.58651
407 94.8234 22.728 2.3795
408 86.7854 11.1924 1.78049
409 6.8196 27.4589 2.37095
410 79.2789 18.4307 2.47899
411 90.869 26.9257 2.15022
412 4.71353 1.57571 2.2349
413 76.8978 18.0539 2.01468
414 2.80607 10.0055 2.85192
415 82.9539 51.6822 1.55449
416 98.1761 18.948 2.18574
417 75.8565 16.1105 1.55818
418 87.7978 26.1334 1.64365
419 76.644 49.7071 1.03654
420 89.8282 5.77996 2.7916
421 85.6092 24.8361 1.62341
422 83.9426 18.479 2.39435
423 99.3901 24.1429 1.82041
424 83.2659 29.9317 1.98439
425 93.1666 15.8433 2.14662
426 10.1211 26.1601 2.6646
427 87.3393 29.7136 2.39745
428 95.6436 6.84135 1.87904
429 1.7614 5.58081 2.55298
430 33.5909 24.5039 1.11164
431 99.5373 16.5849 2.02137
432 80.4966 27.4262 1.63356
433 8.29745 26.9983 2.68226
434 91.6533 4.4549 1.77467
435 71.1877 61.076 1.53961
436 36.9883 23.7913 1.84244
437 86.8887 99.6745 2.01393
438 96.6136 33.9359 2.28061
439 0.944095 29.1143 2.67075
440 1.1156 98.3294 2.69333
441 77.299 2.25999 1.82209
442 94.6422 26.1861 2.03053
443 6.15808 70.5013 0.329203
444 98.9253 13.7781 2.13966
445 86.7625 60.4023 1.32068
446 75.3711 60.4446 2.06721
447 80.4551 8.19626 2.24984
448 89.067 19.6695 2.11977
449 4.966 99.1301 1.77236
450 80.7834 22.404 1.6518
451 93.8484 99.3411 1.56776
452 87.5087 31.0194 1.50611
453 2.22951 2.11426 1.98106
454 89.2701 27.7357 2.14398
455 81.4372 51.6693 1.49685
456 75.367 13.9191 1.72021
457 83.2425 15.6842 2.23617
458 88.0969 13.9938 2.48296
459 90.2373 50.199 1.14746
460 88.1102 1.65558 2.02502
461 59.3252 56.0938 1.67162
462 -0.236835 11.5845 2.62574
463 87.5686 18.9222 1.88292
464 7.05541 19.799 2.51358
465 81.775 20.4974 1.469
466 2.93736 6.88246 2.14419
467 2.21518 26.9522 2.68226
468 84.1423 1.91801 2.18482
469 40.5216 19.8941 2.38557
470 13.4162 81.8137 -2.68466
471 94.6362 7.56558 2.17304
472 0.537998 13.0098 2.58141
473 97.8562 18.8003 1.79131
474 9.64027 61.5201 1.25688
475 81.2078 5.31134 2.09376
476 87.5161 54.6768 1.91988
477 98.901 3.46933 2.04034
478 75.2489 31.9558 2.68573
479 74.5631 52.0376 2.12163
480 85.3594 11.0366 1.79269
481 5.16429 24.7271 2.23846
482 92.4323 95.4307 2.12654
483 78.521 23.1102 1.95896
484 86.0024 7.45537 1.82936
485 80.2455 94.0969 1.94037
486 3.68493 2.78212 2.81248
487 3.36202 7.5576 2.3959
488 47.2247 17.4943 2.72068
489 74.6258 49.7125 1.97123
490 75.064 57.5539 1.9017
491 98.3913 3.86685 1.56467
492 2.92177 18.3 2.21371
493 97.7028 9.21426 2.49565
494 97.444 100.37 1.65444
495 90.6887 8.93626 1.98796
496 91.994 25.1055 2.31084
497 85.8643 26.0042 1.60451
498 5.54764 4.73639 2.38769
499 94.4042 38.3756 1.26086
