500
Particles
0 67.7795 12.9561 2.20085
1 92.066 84.0118 1.63999
2 82.686 51.9611 2.43761
3 54.9119 72.8774 2.23642
4 67.4432 31.2032 1.76856
5 91.9354 81.8403 1.74884
6 84.0187 37.4146 1.81916
7 69.9904 80.3418 1.6803
8 40.7627 36.8789 1.43576
9 16.9053 0.725243 -2.94579
10 86.5294 17.2872 2.66366
11 78.0092 43.5226 1.48567
12 84.031 49.7292 1.81617
13 66.4903 16.7761 2.71599
14 71.889 35.2612 2.08217
15 67.5914 20.0346 2.652
16 99.0104 24.1248 1.64557
17 72.2306 48.5008 2.06522
18 68.7358 42.2272 1.93648
19 33.0534 59.2914 1.79031
20 55.5879 74.422 1.58695
21 81.3735 34.947 2.58787
22 85.0164 27.4076 2.47463
23 67.8269 24.7291 1.89415
24 64.4503 76.8354 1.5216
25 73.7701 20.6476 2.1618
26 94.5257 76.417 1.85582
27 77.9925 41.801 2.42133
28 81.5515 32.7969 2.15693
29 85.7362 48.9551 2.32319
30 47.3814 77.5842 1.87386
31 80.9938 28.3066 2.20798
32 24.5704 64.8797 2.03427
33 62.7366 82.48 2.0962
34 74.6252 18.1792 2.62791
35 65.0487 43.545 2.53496
36 55.7263 83.4143 1.8095
37 87.1349 45.3024 2.37731
38 76.8019 26.9904 2.72239
39 67.8753 25.3753 2.00945
40 79.4955 19.2744 2.16085
41 65.1943 24.0845 2.62455
42 89.1426 19.7335 2.59623
43 58.0365 73.9168 1.30713
44 92.9484 85.5352 1.59271
45 92.0811 21.4626 2.48462
46 78.624 24.2245 2.57385
47 91.483 71.8401 1.37327
48 83.9792 22.0133 2.43479
49 69.7719 7.79892 2.33172
50 75.3259 45.322 2.36057
51 88.3104 29.5987 2.18053
52 60.8427 75.6785 2.01491
53 59.0312 83.7831 2.12116
54 72.16 32.3388 2.18733
55 76.65 69.7097 1.79947
56 74.3593 34.9096 1.87586
57 87.8388 12.0396 2.19682
58 74.4279 38.163 1.68334
59 72.1408 19.9021 2.27564
60 74.8178 41.6671 1.62478
61 83.9949 18.428 2.69129
62 38.1698 32.165 1.61604
63 17.7448 58.0871 -1.36688
64 79.865 39.7367 2.10867
65 89.6059 72.9068 1.24523
66 72.1094 45.4115 1.46915
67 74.3564 45.1193 1.43456
68 91.7839 69.3768 1.0387
69 94.2463 14.6491 2.15693
70 82.202 39.9161 2.30575
71 78.0433 22.4182 2.08033
72 72.8362 42.3051 2.02339
73 88.3381 43.4263 2.24066
74 85.4253 15.4002 2.3559
75 71.7746 76.7675 1.39031
76 87.6811 15.0109 2.46967
77 85.7178 39.7537 2.55597
78 88.9802 52.5121 1.6488
79 74.0776 39.4542 1.6964
80 84.9523 20.388 2.33053
81 72.508 45.3437 1.53584
82 60.9026 44.2617 2.20547
83 63.2251 36.5403 2.23563
84 75.8909 67.1728 1.95057
85 85.0835 21.8665 2.85334
86 85.3119 18.9289 2.93777
87 89.83 39.9189 2.45927
88 78.8839 68.4937 1.6755
89 83.5053 14.7177 2.39236
90 63.0943 77.0521 1.58639
91 80.6676 28.6874 2.53351
92 87.0401 37.0253 2.04622
93 62.9664 30.6987 2.18796
94 84.8243 21.177 2.28686
95 38.6912 62.6854 1.58633
96 81.272 39.1181 1.64344
97 83.2164 41.5352 2.46423
98 81.7656 14.5578 2.96602
99 86.8443 36.5727 2.22507
100 64.6382 76.867 1.5223
101 70.8398 41.8096 1.71369
102 86.8082 18.4846 2.61176
103 74.285 15.5526 2.24208
104 85.5471 25.6166 2.03177
105 63.09 78.1577 1.85379
106 72.9876 32.5765 2.08838
107 70.5942 21.6386 1.75684
108 82.2715 26.0928 2.62465
109 76.5994 38.824 2.42758
110 73.714 78.2078 2.20145
111 90.295 44.9841 1.75847
112 56.2701 72.309 1.6443
113 83.5894 35.5417 2.4357
114 79.9328 43.3164 1.87948
115 83.1615 47.7996 1.7876
116 86.5564 11.6611 2.11821
117 77.0605 25.1773 2.67229
118 43.1265 72.5862 1.06533
119 68.6801 35.2585 2.46018
120 72.1867 16.8733 2.03561
121 84.2228 81.8282 2.36943
122 82.9563 22.21 1.94962
123 60.3417 30.9399 1.7465
124 79.2176 50.334 2.02403
125 92.5039 65.3544 1.32672
126 97.1271 27.4025 1.59439
127 61.0641 18.1438 2.38247
128 63.2092 76.2468 1.95646
129 76.043 43.4272 2.02706
130 78.1867 29.9677 1.96171
131 87.0195 17.8837 2.10381
132 99.6683 66.0008 0.671482
133 98.0878 69.7941 1.20762
134 67.2515 94.9949 -3.0349
135 86.832 41.1738 1.78163
136 85.0794 13.5323 2.408
137 81.2676 38.8487 2.23975
138 87.1318 21.4295 2.23499
139 73.9517 16.2127 1.89828
140 89.1991 19.0379 2.86773
141 82.8034 69.1953 1.40307
142 64.6129 34.4923 2.16478
143 34.8478 43.4036 2.01931
144 80.4497 40.0288 2.05811
145 75.8431 45.9082 1.67696
146 70.9781 20.6282 1.94126
147 62.8131 82.3656 2.0241
148 88.3608 42.2138 2.48676
149 67.8661 44.7065 1.94825
150 87.1813 18.9118 2.43038
151 27.0902 63.6641 2.00369
152 86.8699 15.6244 2.26977
153 85.4924 26.678 1.84535
154 0.393211 21.833 3.02062
155 94.8927 72.0742 1.62065
156 44.6034 36.9259 0.907479
157 24.0654 46.0468 0.0259501
158 94.5737 77.9228 1.06352
159 34.865 47.0547 1.53005
160 61.4707 84.3949 1.96636
161 36.6367 47.9493 1.78911
162 68.4725 44.745 2.36066
163 77.0873 65.6626 1.84256
164 91.3769 74.0711 1.27052
165 64.3547 43.1554 2.32733
166 78.0982 67.5446 1.65487
167 91.3108 43.965 1.611
168 74.7208 41.3914 1.92419
169 88.2188 73.3924 1.58436
170 31.0878 67.8542 2.08962
171 82.2184 36.9717 2.22139
172 68.4531 17.1988 1.95774
173 89.0376 17.0926 2.66577
174 92.3717 77.7546 1.8401
175 94.7802 62.6197 1.783
176 82.5522 51.9104 2.31735
177 76.5976 15.3803 2.10839
178 61.7695 75.0337 1.73863
179 80.1164 31.8586 1.72977
180 83.4948 37.783 2.04005
181 35.8099 42.5455 1.91283
182 75.1916 34.6403 2.42477
183 63.9623 9.28576 2.05723
184 87.4388 37.0893 1.78046
185 94.2557 72.1778 0.912808
186 86.9172 24.4025 2.31365
187 45.7326 70.1797 1.43346
188 57.6067 17.6997 2.16636
189 79.7334 48.4294 1.64512
190 93.9416 77.632 1.48849
191 82.763 44.6231 2.29097
192 83.2838 10.5777 2.44406
193 89.5003 33.2353 2.43412
194 81.3108 17.3893 2.50301
195 81.7412 37.5201 2.44615
196 71.8288 12.7527 1.95198
197 85.6716 18.6796 2.98418
198 86.2036 37.0365 2.4644
199 13.4182 50.3054 -2.26455
200 86.6742 38.9219 2.27755
201 85.9611 46.4512 1.8552
202 60.5511 76.8175 2.00104
203 38.7847 48.9784 2.33402
204 95.8967 75.3564 1.78062
205 91.0956 43.3191 2.38698
206 80.0216 17.8718 2.84184
207 74.8112 23.2104 1.98989
208 62.2835 47.3347 2.11099
209 43.5791 71.2184 1.35101
210 75.1123 43.598 1.78802
211 85.7282 24.0346 1.96117
212 94.4931 69.0793 1.0633
213 27.2302 61.2083 2.26831
214 57.9906 15.2858 2.92998
215 74.1954 27.4285 2.45319
216 90.8318 22.6903 2.34103
217 80.5216 36.1192 1.71351
218 74.0746 53.0658 2.29815
219 72.905 48.9054 1.73842
220 87.4595 43.4231 2.46971
221 90.5805 32.7508 2.061
222 87.6725 44.914 2.01823
223 66.5139 79.3854 1.64056
224 53.2327 73.3963 1.53543
225 84.2935 50.0968 2.05996
226 0.61197 20.5349 3.02656
227 88.2041 26.8115 2.63651
228 86.4855 19.5491 2.69323
229 89.1816 20.8548 2.34648
230 64.4842 18.6486 1.92194
231 76.9525 41.3128 1.47923
232 86.7417 33.5148 2.43376
233 77.399 20.9422 2.0349
234 74.0126 16.8804 2.50483
235 72.7878 32.2714 2.57566
236 99.0698 18.4643 2.276
237 81.5089 50.3689 1.88009
238 74.7556 33.9836 1.9812
239 65.4428 34.8569 2.41652
240 78.8165 42.031 2.23105
241 42.9138 35.4516 1.39506
242 88.921 26.5576 2.40434
243 86.3355 38.909 2.41776
244 36.2397 48.9913 1.4663
245 87.0564 28.4041 2.67977
246 87.1823 21.9043 2.45584
247 93.1047 75.8125 1.93212
248 69.655 35.1654 1.83181
249 83.0755 12.8213 2.9447
250 77.1691 42.8259 1.79502
251 77.4988 48.9243 2.3086
252 68.6933 79.0901 1.98086
253 49.5126 74.4695 1.90204
254 87.3618 17.4863 2.99835
255 70.0454 44.3144 1.58235
256 88.8597 25.4128 2.81225
257 83.9422 18.0501 2.97819
258 43.4621 40.731 1.07612
259 72.3441 32.1844 1.61067
260 97.1059 79.7166 1.36066
261 68.8806 36.2473 2.14556
262 89.6521 19.5455 2.29025
263 85.2626 32.0438 2.56296
264 63.5612 83.3461 1.71658
265 85.6371 17.9231 2.09109
266 76.4086 13.0321 2.14078
267 79.6792 41.5111 2.05488
268 70.6066 16.0665 1.71105
269 77.226 44.3224 2.04002
270 74.9265 36.7907 2.54113
271 75.2651 35.1613 2.26098
272 25.3011 60.6513 2.5646
273 74.1493 17.464 2.56582
274 80.2386 26.2125 1.85638
275 87.497 20.1024 2.23184
276 78.1559 10.8321 2.39853
277 86.5552 36.4553 2.12074
278 87.7956 84.8092 2.72526
279 88.9583 27.2535 2.19961
280 76.8199 38.0724 2.12847
281 86.185 23.1095 2.62521
282 70.5552 34.2404 1.89068
283 94.3066 43.4521 1.60297
284 98.799 15.2488 2.5228
285 84.6681 40.5834 1.7
286 60.9646 20.905 2.38785
287 84.4699 20.9741 2.97449
288 41.4745 58.4921 2.30575
289 95.707 15.7016 2.189
290 78.9976 22.0547 2.83613
291 64.3678 5.93971 1.86746
292 95.4747 70.4092 0.946572
293 77.0615 23.688 2.1074
294 75.0321 32.6238 2.48034
295 79.9095 34.9035 2.00155
296 90.1991 37.793 2.47444
297 96.8171 22.7598 2.30529
298 49.4713 36.0668 1.67636
299 85.7022 45.9178 2.32682
300 79.9217 18.443 2.16903
301 74.1574 43.7804 2.34186
302 70.5259 15.3546 2.56079
303 86.579 22.1444 2.08828
304 14.2325 61.0403 -0.764101
305 78.9177 47.5517 1.89831
306 59.3454 79.4734 2.18521
307 82.7676 48.3819 2.04092
308 69.7971 39.287 2.30682
309 77.204 24.4748 2.73119
310 63.9352 81.2146 1.79372
311 70.4988 25.9623 2.1654
312 86.8669 29.1965 2.1594
313 29.8499 63.0453 1.78141
314 73.0935 47.8967 1.95353
315 86.3501 25.3472 2.33649
316 85.7191 35.8283 1.6449
317 74.4497 38.0137 2.1468
318 82.3073 48.6432 1.84803
319 86.2901 45.9401 1.9614
320 86.8052 43.4293 1.97554
321 71.81 47.6382 1.74334
322 89.117 40.2953 2.41161
323 72.116 38.7004 1.60416
324 10.7371 45.9152 0.641257
325 91.9978 23.8556 2.5652
326 85.2151 17.1672 2.48947
327 77.7687 19.4244 2.66482
328 93.432 40.4463 2.12299
329 53.7457 68.8403 1.92074
330 28.9784 61.4402 2.44297
331 68.7741 83.4116 1.58453
332 32.3718 63.394 2.00287
333 88.168 38.6074 2.54592
334 66.6094 27.0755 2.28655
335 83.8297 45.1159 2.03784
336 90.1607 43.2817 1.70091
337 66.7278 32.0262 1.80444
338 91.7228 23.9766 1.98091
339 83.4744 19.8968 2.68689
340 66.4783 15.0022 2.39117
341 65.5342 38.0931 1.92151
342 73.4985 41.0798 2.41858
343 89.5001 23.3127 2.01207
344 88.0923 21.4974 2.35525
345 73.2029 73.3432 1.29542
346 66.1913 25.4309 1.73719
347 96.1243 80.3054 1.11103
348 58.5724 19.7988 2.41146
349 93.4149 75.3318 1.4141
350 86.5849 25.2529 2.66056
351 35.8209 38.089 1.20227
352 95.2911 83.2701 2.26169
353 65.4584 78.3781 1.83895
354 81.0441 12.0822 2.23636
355 87.2683 14.7884 2.40696
356 90.9215 40.1475 1.59157
357 92.0889 74.1732 1.32519
358 76.1162 37.6688 1.81972
359 73.9852 20.4922 2.4793
360 70.282 49.0055 1.83213
361 68.6845 7.7224 2.46061
362 79.0293 36.7218 2.52359
363 85.495 19.1393 2.61397
364 66.649 83.6823 1.97913
365 82.056 28.8089 2.69441
366 84.0475 38.183 2.43176
367 88.7656 43.7218 1.85212
368 68.5568 18.3316 2.06884
369 34.547 62.1501 1.83474
370 52.1543 76.3447 2.3733
371 71.6625 44.085 1.44386
372 77.6403 33.0469 1.80003
373 86.7053 41.5936 1.83353
374 76.6322 46.6827 2.05275
375 88.4411 35.0073 2.60069
376 80.0644 38.1298 2.11801
377 25.3541 63.239 1.84972
378 80.0713 25.2591 2.48384
379 88.3871 46.2925 1.55352
380 87.636 19.4529 2.69409
381 8.63676 50.0112 1.08888
382 81.9962 37.4414 2.57855
383 79.284 71.1726 1.59635
384 85.2866 33.047 1.79522
385 67.5987 80.7009 2.11507
386 55.8009 82.4567 1.25561
387 70.1894 8.19945 2.10864
388 92.7475 20.9743 2.00575
389 73.4956 20.1169 2.41494
390 63.2085 40.0692 1.79332
391 71.7621 37.7229 1.65366
392 73.2177 17.6474 1.75088
393 90.6461 25.6419 2.45638
394 81.1987 39.1464 1.84946
395 76.6447 38.9642 1.96673
396 74.6501 48.436 2.07048
397 78.651 41.8073 2.01526
398 30.0608 61.4625 1.95211
399 46.0593 35.8365 0.700204
400 64.7264 32.5859 2.12654
401 37.8247 61.7214 2.36604
402 83.2998 14.6025 2.86952
403 83.6078 36.7468 1.75626
404 81.4846 21.3457 2.65475
405 93.452 83.4831 1.69451
406 63.2753 13.9958 2.24084
407 84.3383 40.772 1.97002
408 75.0714 28.0613 1.78427
409 93.2991 42.6484 2.33038
410 67.7672 35.709 2.02926
411 79.8849 44.3642 1.98178
412 90.5414 16.6593 2.52246
413 67.0906 36.0521 2.01598
414 89.4394 25.1223 2.05763
415 86.466 71.6633 1.60251
416 88.9843 37.3919 1.70259
417 64.1608 32.6646 2.35279
418 76.197 43.3714 1.60859
419 74.9801 70.1204 1.25714
420 75.8005 20.8034 2.02623
421 75.1737 42.377 1.43433
422 72.6257 35.6906 2.41
423 86.9025 40.4456 2.50358
424 72.3955 47.5448 2.46734
425 81.224 32.7744 2.49019
426 1.33237 39.8252 1.23633
427 76.298 47.1629 2.36424
428 82.7842 22.861 1.98828
429 87.8904 20.7551 2.32461
430 32.8269 44.9842 1.57357
431 88.9967 34.3527 1.64978
432 70.4373 45.3717 1.90324
433 96.7354 42.0183 2.37013
434 79.4425 20.6413 2.37303
435 67.8417 81.3195 1.66861
436 37.1169 44.1113 1.92154
437 73.2565 14.8429 1.9801
438 87.1464 51.6089 1.85269
439 89.3162 45.4723 1.56166
440 89.1454 14.9177 2.24315
441 61.3167 15.0234 2.57785
442 82.6011 42.6866 2.30587
443 12.4049 52.9026 -2.23207
444 87.3929 30.8371 2.04818
445 90.3799 80.2599 1.67711
446 72.7902 80.0747 1.50951
447 65.3759 22.1994 2.64997
448 79.0835 37.6283 1.97341
449 93.6277 16.1822 1.87392
450 69.0696 39.42 1.98748
451 81.3179 15.5558 2.04365
452 76.3294 48.4882 2.3913
453 87.6708 16.7712 2.4731
454 78.2743 44.8783 1.78353
455 82.0269 71.9717 1.38899
456 63.0477 30.0855 1.83391
457 73.9341 34.0825 2.53421
458 77.0911 31.2519 1.71775
459 95.1857 70.2542 1.80544
460 75.6107 17.5871 2.06855
461 59.0795 76.7224 1.23463
462 87.8474 28.1516 2.00399
463 77.3347 36.7235 2.34966
464 94.0524 32.6367 2.23121
465 70.3934 37.6946 2.18946
466 89.4473 22.4375 2.84546
467 90.8506 43.3436 2.23846
468 69.7472 16.4023 2.04946
469 38.6401 39.7737 1.10837
470 1.027 81.7271 0.995825
471 80.4135 22.6502 2.42038
472 88.8488 29.7272 2.51311
473 86.9739 36.4208 2.11559
474 15.5697 48.5252 -2.5785
475 66.6754 19.7046 2.39507
476 93.6903 74.2481 1.89213
477 86.44 19.5228 2.65921
478 65.6625 49.375 2.42101
479 71.9652 72.2407 1.81923
480 73.9576 28.0931 2.05368
481 93.1681 39.7384 1.42701
482 82.4308 12.9835 2.12095
483 67.7005 40.5121 2.05023
484 70.1115 20.8027 2.56018
485 66.0444 9.24371 2.35837
486 90.0515 18.4613 2.1573
487 89.8492 23.0632 2.63218
488 40.6503 34.389 1.17174
489 72.5352 70.389 1.24855
490 72.2889 77.637 2.07024
491 84.7023 19.4295 2.6782
492 88.7916 31.8105 2.57005
493 85.2498 25.7934 2.46761
494 84.453 16.066 2.8573
495 77.7627 24.9971 2.32844
496 79.46 41.1447 2.23339
497 75.0566 43.2866 2.15259
498 91.1634 19.7057 2.69908
499 85.3306 56.4993 2.08046
