500
Particles
0 60.7339 18.8962 2.48691
1 91.1204 93.1077 1.64915
2 77.6188 59.4597 2.37216
3 55.8644 81.8744 1.31962
4 62.7977 38.8806 2.1477
5 90.261 90.6006 2.20759
6 77.7614 44.1242 2.16773
7 67.8974 88.9053 2.54976
8 45.1279 44.6152 1.35923
9 14.9872 99.5385 -0.198224
10 79.8711 23.3387 2.58814
11 74.1996 51.7656 1.74322
12 79.8222 57.8409 2.3618
13 61.2218 24.2159 2.92736
14 65.5131 41.7525 2.48265
15 62.1419 27.4017 2.02973
16 96.3603 32.9277 2.31962
17 69.3662 57.0091 2.07971
18 65.262 50.4211 2.53304
19 30.1183 67.9238 1.94962
20 55.6152 83.5653 1.6606
21 76.0828 42.3184 1.92067
22 78.8642 34.2705 2.29674
23 61.7399 31.4571 2.14537
24 61.7607 85.2977 2.26077
25 68.2501 27.838 2.10028
26 94.5018 85.5562 1.75082
27 73.3212 49.475 2.6861
28 75.5332 39.6267 1.76431
29 80.6576 56.5143 1.70895
30 45.6105 86.5027 2.01323
31 75.0726 35.2754 2.59085
32 23.5308 73.8047 1.03088
33 59.5476 91.0352 1.41012
34 69.0327 25.3119 2.36138
35 61.1392 51.8382 2.39527
36 54.7502 92.4021 1.90622
37 82.5865 53.1837 1.88257
38 70.3911 33.3477 1.97373
39 62.2023 32.3034 1.8265
40 72.8141 25.2384 2.43635
41 59.9906 31.6974 2.4925
42 81.5691 24.848 2.09943
43 57.2101 82.8896 2.08463
44 91.8895 94.6167 1.82513
45 85.4831 27.6323 2.56897
46 71.2927 29.3889 2.77769
47 91.6936 80.7791 1.55438
48 77.5809 28.3276 2.77755
49 64.2124 15.1431 2.30442
50 70.6992 53.1597 2.49585
51 81.8695 35.9428 1.78837
52 57.7366 84.4959 1.76341
53 56.7825 92.6193 1.42439
54 66.0715 39.0612 2.45145
55 75.8746 78.7908 1.92666
56 67.9736 41.5603 2.6026
57 80.6095 17.5932 2.62021
58 68.7171 45.2352 2.51751
59 66.0307 26.7206 2.30851
60 70.3522 49.662 1.97404
61 77.1091 24.4116 2.47217
62 44.2352 38.7003 0.915878
63 23.351 50.8985 -1.10646
64 74.1437 46.869 2.03144
65 89.1146 81.8464 2.25726
66 67.7717 53.4848 2.05223
67 69.7466 52.936 1.78317
68 92.5596 78.3025 1.63237
69 89.7322 22.4966 2.91236
70 76.698 47.094 1.79727
71 70.9427 28.0598 2.13826
72 67.5425 49.6561 2.13072
73 83.7865 51.2265 1.62428
74 78.1881 21.0987 2.37755
75 69.7714 85.5203 2.11229
76 80.8972 21.0527 1.96674
77 79.848 46.6771 2.63501
78 84.4925 60.5339 1.85388
79 68.8828 46.8991 2.20205
80 78.1648 26.4935 2.69636
81 68.9702 53.8743 1.91545
82 55.4466 51.6031 2.45166
83 59.2276 44.5814 1.51745
84 74.7337 76.062 2.1076
85 77.8422 27.509 2.03709
86 77.9121 24.3288 2.24956
87 85.0185 47.7735 2.04537
88 77.8847 77.4922 2.25958
89 76.9342 21.0017 2.76602
90 60.1737 85.6186 2.07531
91 74.2319 35.0836 2.53238
92 81.1203 43.9565 2.28192
93 58.1985 38.3015 2.02019
94 77.7575 26.6887 2.65524
95 34.7501 70.9131 2.14535
96 75.7639 46.4282 1.86927
97 78.3686 49.1699 2.46414
98 74.681 20.4076 2.5414
99 80.1046 42.8379 1.94795
100 61.0673 85.3958 1.7838
101 66.3699 49.6565 1.88006
102 79.4439 23.9004 2.50655
103 68.9017 22.9301 2.33783
104 78.3466 31.2865 2.73237
105 59.6426 86.6783 2.10093
106 66.4251 38.8021 2.55352
107 64.7835 28.7193 2.45309
108 76.2918 32.9084 1.86125
109 71.2135 46.2016 2.56087
110 72.5039 87.0893 2.54001
111 85.8692 52.9428 2.27571
112 55.9938 81.5081 2.19983
113 76.5207 41.5517 2.17238
114 75.5998 51.3259 1.80748
115 78.5265 55.8391 2.00074
116 80.3419 18.3757 2.26822
117 70.7479 31.8622 1.98792
118 45.2922 81.5171 1.04744
119 63.3819 42.666 2.69376
120 65.7912 23.1197 2.95258
121 80.4427 89.4432 1.00113
122 76.0796 28.2625 2.54981
123 56.5723 39.0671 1.80495
124 75.8065 58.9156 2.24769
125 92.3558 74.4149 2.17707
126 93.7031 35.8576 2.29997
127 55.0873 25.1347 1.88621
128 60.815 85.1927 2.01585
129 71.7332 51.5619 2.35129
130 71.0403 35.4962 2.71728
131 79.5425 22.8924 2.59069
132 7.87798 68.6666 1.30578
133 98.5638 78.7816 1.31127
134 59.3458 97.4749 1.71044
135 81.1377 48.345 2.51544
136 78.0036 19.2266 2.13812
137 75.6812 46.073 2.04313
138 80.1626 27.3095 2.05187
139 68.1484 23.2945 2.02494
140 82.0919 24.7173 2.67662
141 82.5814 78.3859 1.61694
142 59.969 42.2854 1.65953
143 31.5695 51.2297 1.93893
144 75.9346 47.8359 2.59697
145 71.7845 54.1626 1.92036
146 64.5028 27.1829 2.28578
147 60.8046 91.365 1.46469
148 83.5534 49.7765 1.68691
149 64.2242 53.001 2.12883
150 80.1794 24.801 2.80937
151 25.4046 72.5249 1.67287
152 79.6643 21.34 2.45071
153 79.5856 33.6675 2.10734
154 96.2143 29.2928 2.40724
155 96.0532 81.0616 1.41512
156 50.1871 44.1101 1.16504
157 22.9561 39.2949 -2.6948
158 92.5587 86.7906 2.21694
159 31.5011 55.4444 1.85358
160 58.827 93.2055 1.99362
161 34.2105 56.5728 1.48054
162 63.9246 52.7411 1.84842
163 75.8695 74.5796 2.01987
164 90.009 83.0052 1.80488
165 60.4917 51.3477 1.86698
166 77.104 76.6319 1.4554
167 86.5635 51.6393 1.86684
168 69.2347 48.6056 2.69722
169 86.5333 82.2223 2.19064
170 30.4718 76.4926 1.17826
171 75.1414 42.8558 2.62435
172 61.8336 23.5338 2.65902
173 82.4021 23.3782 2.24714
174 91.1423 86.5493 2.27337
175 94.7292 71.4641 1.70179
176 78.2145 60.0079 1.92826
177 70.3068 21.8745 2.57212
178 58.9116 83.6716 1.97365
179 74.5108 38.9808 2.72164
180 77.5677 44.7445 1.82922
181 33.8487 51.3588 1.68431
182 68.909 41.2319 2.53497
183 57.114 15.2127 2.36181
184 82.3268 44.7553 1.86831
185 93.7658 81.3406 1.89388
186 80.8847 31.3432 2.42532
187 47.6638 78.8219 1.06724
188 50.6166 23.6417 2.52673
189 75.1802 56.3078 1.63803
190 92.7824 86.5572 1.59347
191 78.5233 52.6083 1.67694
192 76.2397 16.2896 2.67961
193 82.3802 39.0287 2.69297
194 73.9629 22.7514 2.77799
195 76.681 45.0625 2.14353
196 65.5977 19.2245 1.9174
197 78.1404 23.9477 2.50004
198 79.8299 43.5202 2.20944
199 8.33866 43.0609 -1.52041
200 80.4593 45.4747 2.12315
201 81.0927 54.0811 2.16639
202 58.029 85.6226 1.92493
203 35.7687 57.4724 1.40806
204 95.39 84.2694 1.49623
205 85.8022 50.7234 1.8015
206 73.2625 23.8305 1.93764
207 68.5923 29.7911 2.78556
208 57.6638 55.1838 2.47496
209 45.6943 80.0778 0.864726
210 70.7648 51.533 2.18672
211 78.7246 29.8438 1.95799
212 95.4678 78.0181 1.94851
213 25.8066 70.0933 1.32537
214 51.9893 22.0171 2.45875
215 68.6736 34.7413 2.52807
216 84.7665 29.5662 2.07768
217 75.1781 43.5284 1.75078
218 71.1389 61.8032 2.25435
219 69.448 57.4727 2.29935
220 82.7491 51.3172 2.25517
221 85.2091 40.0992 1.70831
222 82.0373 52.211 2.59418
223 64.6028 88.2977 2.38967
224 53.9638 82.3405 1.92896
225 79.1785 57.7474 2.39446
226 0.465473 26.2426 1.01171
227 81.9141 33.352 2.5535
228 79.7681 25.6678 2.43848
229 83.0706 27.6528 2.57594
230 59.5115 26.2828 1.91775
231 71.6429 48.8511 1.83406
232 80.3293 39.9547 2.58107
233 70.7005 27.126 2.49634
234 67.5412 23.2991 2.411
235 67.0502 39.2848 1.85693
236 94.1713 26.1755 1.98476
237 77.026 58.257 1.89705
238 70.0808 41.7284 1.86879
239 60.6335 42.5297 2.05472
240 74.2725 50.0541 2.31931
241 48.7084 42.4858 0.922017
242 82.4915 33.112 2.59873
243 81.0563 46.5463 2.36061
244 33.7203 57.5956 1.89566
245 81.0708 35.2789 1.98738
246 79.9953 27.5004 2.03068
247 92.6439 84.8707 1.92781
248 64.0125 42.2887 2.46752
249 76.7142 19.6158 2.64267
250 71.9734 50.36 2.2737
251 73.6584 57.3049 2.17318
252 65.7336 87.7207 2.00757
253 50.5086 83.4988 1.15066
254 80.0071 22.8795 2.34312
255 66.0219 52.4562 1.74333
256 82.2643 31.1766 1.72931
257 76.7459 23.4193 2.34393
258 48.5705 48.3212 0.603731
259 66.8378 39.484 2.109
260 94.6618 88.6588 2.21967
261 63.9988 43.8534 1.6977
262 82.8782 25.7019 2.19951
263 79.3599 39.1388 2.04709
264 60.5832 91.8808 1.33396
265 78.6981 23.6246 2.82362
266 70.7495 20.2035 2.60523
267 75.0317 49.3771 1.98168
268 65.7716 23.4234 2.76985
269 72.3432 51.932 1.67837
270 69.4415 44.0974 2.54096
271 68.8928 41.7538 2.02635
272 24.2915 69.1847 1.85552
273 68.4479 24.5325 2.6453
274 73.1093 31.8807 2.48894
275 80.2372 25.6684 2.36986
276 72.3491 17.7642 2.27469
277 80.4653 43.1976 2.14449
278 83.6091 92.5286 1.77759
279 82.9967 34.2677 2.08897
280 72.0617 45.8556 1.97889
281 80.031 29.7026 1.8583
282 64.8499 41.4838 2.31973
283 88.999 50.8832 1.84846
284 93.1547 22.4343 2.38118
285 79.7129 48.2022 2.04666
286 55.7669 28.5 2.18432
287 77.2855 26.7301 2.32294
288 42.0839 66.1939 0.0198355
289 90.109 22.9763 2.33214
290 72.1424 28.1759 2.33427
291 57.8648 12.3661 2.84233
292 95.2453 79.5571 1.85944
293 70.1264 29.5174 1.90763
294 69.089 39.6126 2.47722
295 74.5597 42.4479 1.95094
296 83.8124 44.293 2.46107
297 93.4826 31.4658 1.71586
298 54.7332 43.252 1.30032
299 80.2723 53.4305 2.18326
300 73.254 24.7198 2.24819
301 69.5621 51.6982 2.41539
302 64.2882 21.9438 2.66298
303 80.0381 28.4941 2.71897
304 20.1846 54.2535 -0.587465
305 74.964 55.773 1.89442
306 56.5406 88.0821 2.13871
307 77.7174 55.85 2.08063
308 64.3299 46.6218 1.98083
309 71.1006 31.1762 2.04726
310 61.2139 89.86 2.08695
311 64.9699 33.2324 1.78223
312 81.1483 36.3603 1.792
313 27.5605 71.9191 1.70536
314 69.086 55.97 2.64395
315 80.3649 32.0492 2.68945
316 79.4684 42.4738 2.72331
317 68.5589 45.0819 2.52566
318 78.569 56.916 2.02091
319 81.53 53.7288 2.31024
320 82.1257 51.2824 1.75183
321 69.3007 56.4034 2.12593
322 84.4673 48.223 1.82497
323 67.6635 46.2855 1.84489
324 7.4116 38.9606 -1.1544
325 85.4664 30.0478 2.53741
326 78.1765 23.1778 2.45559
327 70.5374 24.8898 2.1397
328 88.602 48.1439 1.93898
329 54.3779 78.0028 1.29819
330 26.2534 70.0714 1.86632
331 66.0175 92.0994 2.0647
332 30.5463 72.1479 1.41657
333 82.2521 45.6501 2.52916
334 61.0478 34.2785 2.26657
335 79.1404 52.8285 2.12274
336 85.6948 51.2228 2.01581
337 61.8511 39.8099 2.0217
338 86.1095 31.2594 2.47058
339 76.3849 25.6225 2.06043
340 60.6626 21.9343 2.10103
341 60.5486 45.542 2.10598
342 68.9026 49.1517 1.87647
343 82.4989 28.9921 2.67732
344 81.0732 27.2764 2.39775
345 71.3836 82.3004 1.58049
346 60.9115 32.9241 2.15262
347 95.6647 89.1529 2.14366
348 52.2771 26.4336 2.70063
349 92.5342 84.4475 2.10802
350 79.7793 31.3815 2.49394
351 34.4191 46.886 1.98396
352 94.7012 92.106 2.10707
353 62.2442 86.9068 1.76911
354 74.3495 18.422 2.5028
355 80.6106 20.8933 2.11667
356 85.44 47.3284 2.55901
357 91.2294 83.0774 1.7861
358 70.7689 44.9449 2.36332
359 67.5891 26.999 2.5297
360 65.7848 57.1653 2.29251
361 63.2033 15.0433 2.67555
362 73.2482 43.793 1.85503
363 78.9576 25.5851 2.26578
364 63.479 92.3091 1.84318
365 75.5196 35.3925 1.95324
366 77.6485 44.753 2.09088
367 84.3299 51.7683 1.62263
368 62.947 25.5056 2.67849
369 31.263 70.7696 1.74015
370 53.2983 85.4826 1.77799
371 67.6566 52.0673 1.8901
372 70.9814 39.5865 2.26952
373 80.8049 48.6429 2.41497
374 71.6208 54.2178 1.77233
375 83.8586 43.0816 2.37169
376 73.4219 44.4217 2.51031
377 23.8129 71.8868 1.29855
378 73.2102 31.2676 1.92344
379 84.2565 54.2803 1.93798
380 80.4808 24.9488 2.60359
381 3.90357 42.3591 -1.55755
382 76.0139 44.25 2.23641
383 79.8471 80.198 1.76128
384 78.3775 38.855 2.57576
385 65.3089 89.3626 1.88749
386 53.5942 91.2608 1.61598
387 63.7749 14.6922 2.79388
388 86.1431 27.389 2.19352
389 67.8983 27.3204 2.13337
390 58.3921 47.7363 2.05472
391 66.6809 45.2707 1.86069
392 68.1878 25.3494 2.11665
393 85.0897 32.649 2.03927
394 76.7035 47.0428 1.85427
395 70.4619 45.7407 2.55196
396 70.939 56.7386 2.08478
397 73.2968 49.1569 2.28346
398 26.6653 69.705 1.89732
399 52.2879 42.7226 1.01744
400 60.3406 40.4981 2.357
401 35.0784 70.2802 1.35134
402 75.6738 19.7248 2.15729
403 77.3137 43.2063 2.66092
404 74.7535 27.3729 2.10614
405 92.4519 92.3991 2.02071
406 55.9736 19.6689 2.75019
407 78.3818 47.7554 2.01372
408 68.8587 34.786 1.88197
409 88.0446 50.1447 1.80388
410 62.9397 43.2535 2.5521
411 73.8372 51.1347 2.54745
412 83.368 22.2181 2.4867
413 61.8236 43.4486 1.72883
414 83.3598 32.1345 2.25458
415 86.7485 80.7706 1.76658
416 82.9261 44.1186 2.48903
417 60.0465 40.8213 1.5286
418 72.9314 52.0244 1.88991
419 73.4146 78.9426 2.19446
420 68.7146 26.6721 2.44083
421 70.138 49.9714 2.62042
422 66.6364 42.5524 2.41227
423 82.3199 48.2618 1.92969
424 70.0051 56.247 1.80538
425 74.1395 38.7024 2.69583
426 0.563531 40.0996 -1.63941
427 72.2401 55.2388 1.8307
428 76.1465 29.0662 1.98949
429 80.4392 26.0102 2.5852
430 30.3034 53.2434 1.75849
431 82.9031 41.2249 2.16353
432 66.9809 53.8188 1.94592
433 90.5002 48.5455 2.6046
434 72.9663 26.8688 1.90482
435 64.8047 89.9567 2.00915
436 34.4863 52.6557 1.58111
437 67.6363 21.9306 2.74452
438 82.3952 59.4444 2.12285
439 84.9285 53.5062 2.30386
440 82.5853 21.2832 2.49814
441 54.2193 20.748 1.91996
442 77.5436 50.1978 2.34673
443 6.63771 45.9997 -1.81017
444 81.0437 37.2545 2.36806
445 88.3223 89.0214 2.44128
446 70.2111 88.6471 1.91192
447 59.6449 29.2839 2.43712
448 73.6192 44.8543 2.40536
449 86.8477 22.4949 2.54065
450 63.8558 46.9429 2.12741
451 74.6397 21.7077 2.55806
452 72.2242 56.5463 2.12391
453 80.1061 21.8528 2.62034
454 73.718 52.6762 2.44629
455 82.1894 81.007 1.76082
456 59.0738 38.1327 1.62472
457 67.946 41.0345 2.31286
458 70.9582 38.0185 2.68942
459 96.3036 79.1637 1.27776
460 69.7435 24.5556 2.10262
461 57.9555 85.8085 1.59959
462 81.5276 34.6707 2.56809
463 71.368 43.7046 2.25664
464 89.0989 40.0833 1.43887
465 65.1863 45.1546 2.40607
466 83.2348 28.9774 2.13347
467 85.5843 50.816 1.76931
468 63.8958 23.4073 2.08095
469 37.1894 48.6872 1.42597
470 9.62084 81.0732 -0.122719
471 73.4095 28.3808 2.27891
472 82.803 36.6571 2.37452
473 80.8864 43.2265 1.76845
474 12.1132 41.2493 -1.03399
475 60.5931 26.623 2.19775
476 92.2029 83.226 2.25678
477 80.3662 26.2888 1.95583
478 60.7178 57.1253 2.12579
479 70.0095 80.8219 2.11042
480 67.8154 34.7214 2.68732
481 88.0064 47.303 1.79185
482 76.1276 19.5779 2.60093
483 63.6824 48.698 2.23166
484 63.675 27.1339 2.2754
485 59.3909 15.5001 2.4348
486 83.0345 24.2362 2.69762
487 82.5032 28.5621 2.02354
488 46.6967 41.2342 0.557364
489 71.6431 79.4817 1.88554
490 70.3013 86.3493 2.57219
491 77.4266 24.9585 2.78566
492 83.3867 39.1325 1.99522
493 78.695 32.1951 2.53644
494 77.0948 21.4163 1.97056
495 70.7743 30.8777 2.22274
496 74.2198 48.5914 2.59351
497 71.0352 51.5534 1.81047
498 84.2623 25.4803 2.20407
499 81.7816 64.3981 1.52211
