500
Particles
0 2.5678 36.0878 1.69203
1 77.0052 72.948 1.20445
2 60.1892 43.6865 1.58437
3 53.1036 63.7662 2.16091
4 95.0798 90.7919 2.27102
5 81.5667 71.3079 1.93789
6 18.8241 7.57308 2.60733
7 65.8402 71.0539 1.25174
8 87.7905 99.2556 2.12304
9 47.012 48.0353 1.25555
10 18.5702 86.3576 2.26106
11 16.2748 16.5305 2.09497
12 73.0058 42.9626 1.91028
13 84.3437 60.5157 2.82876
14 96.5799 92.6656 2.62753
15 87.8852 69.312 2.31307
16 53.8132 99.2438 2.04046
17 13.0381 22.5823 2.19353
18 2.09189 9.92393 2.35593
19 97.1407 12.3598 2.60087
20 57.4716 65.9144 1.29887
21 16.4038 5.61298 2.63199
22 18.28 97.7363 1.91006
23 92.2659 81.6587 2.83059
24 58.6679 67.2193 1.70069
25 2.16593 83.9982 2.85458
26 97.6174 33.8136 1.59899
27 11.9059 10.9751 2.53932
28 14.2395 1.42018 2.24956
29 83.3627 40.412 1.35245
30 56.2924 38.8943 1.32316
31 16.1367 99.5744 2.12938
32 93.0899 40.6974 1.69508
33 46.5601 73.5173 2.28396
34 0.62516 78.1768 2.72796
35 2.04129 15.5138 2.10165
36 30.1833 66.5384 2.64721
37 82.4429 39.1052 1.38136
38 3.75486 89.3701 2.49254
39 94.6245 84.6898 2.03141
40 97.5505 68.3964 2.38552
41 87.5334 77.333 1.83504
42 22.4382 89.1951 2.08869
43 56.6858 65.4029 1.33936
44 80.6126 72.9835 1.98159
45 29.1412 94.926 1.86835
46 1.25835 82.3231 2.57629
47 77.5757 61.8014 2.37678
48 15.4178 89.5576 2.58403
49 97.8341 27.1917 1.87212
50 7.29459 12.7377 2.70189
51 23.9468 0.501271 2.06042
52 55.6564 67.746 1.77737
53 33.1379 65.385 2.63479
54 97.4364 90.17 2.02242
55 62.7209 62.6828 1.18319
56 97.5326 89.4449 2.63178
57 18.499 79.0268 1.99663
58 4.69481 3.83951 2.89632
59 91.1111 68.3646 2.10425
60 6.81368 8.46502 2.48785
61 16.207 87.53 2.41257
62 83.354 78.2935 2.40653
63 94.3601 14.6492 1.94881
64 12.543 8.16642 2.47025
65 77.4275 62.2994 2.40026
66 3.65891 12.7167 2.90396
67 7.36526 13.8508 2.48309
68 81.0956 57.4688 2.12845
69 29.5076 71.0366 -2.05734
70 15.9757 9.58091 3.02261
71 4.25333 84.9835 2.43083
72 3.32066 8.64328 2.31565
73 79.7546 36.2341 1.30701
74 21.4946 87.1492 2.34806
75 63.7869 67.6399 1.78102
76 21.4365 85.3049 2.83902
77 20.1989 10.8577 2.30753
78 87.8205 41.9679 1.66582
79 5.25055 5.48081 2.4064
80 16.9113 88.662 2.68511
81 7.57873 15.1662 2.83354
82 98.2314 10.5957 2.51244
83 98.6551 5.71003 2.57934
84 61.3325 60.1872 1.44715
85 18.8721 91.8613 2.49496
86 18.473 88.6768 2.87294
87 86.0607 33.4778 1.73808
88 64.5645 61.5487 1.47822
89 16.0568 83.9182 2.39045
90 57.2793 67.9809 2.00675
91 15.5953 99.8813 2.45256
92 21.9294 7.23822 2.90621
93 91.1901 89.1781 2.62402
94 14.8874 88.5232 2.4775
95 51.1678 40.044 0.988952
96 15.0449 7.93381 2.29586
97 20.9408 14.3307 2.83555
98 3.58371 68.9435 2.77924
99 18.8867 5.26986 2.0798
100 61.1912 69.2237 2.00629
101 5.16081 11.6441 2.1986
102 18.1996 86.3745 2.51707
103 93.6163 64.9912 2.52095
104 16.9354 93.8991 2.3403
105 57.3895 70.5112 1.26408
106 97.7447 90.1567 2.65653
107 96.0173 80.4372 1.96615
108 18.8409 99.0454 1.88775
109 5.38518 3.06921 2.5234
110 65.954 68.5528 1.56693
111 87.6946 38.4934 1.78225
112 53.8813 63.3703 1.97943
113 14.9088 3.90083 2.28034
114 12.7179 12.8216 2.82788
115 60.509 40.264 1.22103
116 19.254 79.8578 2.5379
117 4.65351 88.9544 2.63904
118 68.1491 30.2151 1.04883
119 94.4694 92.6886 2.78759
120 88.9765 59.0082 2.86829
121 74.106 71.4043 0.911118
122 8.15592 83.4205 2.18875
123 90.8097 88.5042 2.32589
124 61.2505 43.8647 2.12408
125 89.3269 42.2329 1.27619
126 53.4193 0.555108 1.78982
127 83.2807 63.3885 2.30621
128 64.2735 66.9947 1.04556
129 4.90295 8.2896 2.86022
130 6.4487 92.4936 2.85272
131 20.5428 86.5606 2.697
132 91.3992 40.6928 1.18515
133 98.0199 22.3315 1.89297
134 70.7856 75.4838 -0.65261
135 79.8834 80.2307 2.76723
136 16.781 82.0515 2.59554
137 16.0387 8.98669 2.91493
138 20.7145 90.837 2.63911
139 90.369 57.3219 3.0326
140 21.5025 86.8942 2.91635
141 91.0949 12.5958 1.64313
142 -0.370082 3.98699 2.71217
143 99.2065 20.9323 2.63366
144 15.5433 10.4045 2.27258
145 8.66594 15.2101 2.24789
146 95.4174 78.7434 2.30542
147 50.7365 74.4584 2.19402
148 83.0011 35.2007 1.56776
149 2.92331 15.2274 2.22916
150 19.9231 88.3201 2.48118
151 97.9919 34.8027 1.09355
152 17.2033 81.9271 2.78743
153 19.9876 98.0735 2.50977
154 53.2161 95.3429 1.1946
155 95.4348 22.4208 2.64078
156 95.5527 5.18222 2.17093
157 85.0589 72.6028 2.28509
158 98.5229 32.4179 1.68424
159 49.3497 36.5468 1.09839
160 32.9237 66.465 2.47241
161 53.3463 37.4437 0.681464
162 1.9224 13.4903 2.49634
163 81.8245 47.4138 -0.0275068
164 77.7884 63.0746 1.79844
165 98.9036 9.59962 2.56792
166 62.9447 60.1311 1.82201
167 88.1686 37.4523 1.80701
168 6.45845 8.48458 2.75981
169 73.6335 65.4058 1.82228
170 54.4882 44.8344 0.946058
171 17.8074 8.63462 2.14356
172 87.6304 66.2315 2.28321
173 23.0258 87.3485 2.43284
174 77.4019 69.2473 1.98753
175 92.5892 40.7422 1.07831
176 62.7988 45.7044 2.01677
177 5.02915 47.944 -1.28642
178 55.267 66.132 1.34486
179 14.0014 1.53789 2.57763
180 17.9065 6.89357 2.68491
181 1.63213 21.3434 2.73634
182 6.62258 0.721209 2.18345
183 96.2934 26.4214 2.44139
184 26.9266 10.8559 2.34805
185 79.8449 61.2248 2.67084
186 21.4936 95.5096 2.14178
187 57.0497 44.2306 1.97327
188 84.0395 69.6208 1.75208
189 29.745 27.1958 0.533515
190 79.0122 66.9194 2.31001
191 90.0413 8.78415 2.41505
192 2.75999 60.5482 2.89019
193 23.2742 2.84192 2.54924
194 0.542507 67.0743 3.46408
195 11.4691 3.31149 2.46272
196 89.7005 55.4529 2.37458
197 15.7692 85.3311 2.00604
198 24.941 10.298 2.72598
199 51.8951 45.3941 0.890395
200 23.8006 11.421 2.87897
201 71.0394 38.7664 1.22806
202 58.394 68.8526 1.94985
203 53.2196 39.321 1.12058
204 97.0485 31.2617 1.82479
205 87.6141 36.353 1.47977
206 97.4398 66.3291 2.19219
207 98.7963 82.6453 2.72235
208 -0.409469 17.4163 2.99245
209 56.9149 43.1189 1.13251
210 7.25973 11.8762 2.48166
211 21.0612 95.3402 2.14415
212 95.488 21.6402 2.21031
213 92.4858 35.8939 1.53064
214 82.6216 66.8417 2.6171
215 -0.12458 86.9636 2.60251
216 25.6947 94.251 2.10578
217 12.5028 3.20229 2.24418
218 68.8607 29.8739 0.240838
219 12.8946 23.7573 2.38438
220 82.6884 37.3587 1.16759
221 29.3807 6.87387 2.19619
222 82.0952 37.3598 1.16586
223 61.7577 69.9207 1.09658
224 46.0419 63.2454 2.89607
225 65.2457 43.6285 1.46332
226 46.2798 39.746 1.42932
227 24.0784 98.7794 2.63895
228 18.8549 88.5142 2.90438
229 25.6954 94.0062 1.67914
230 86.9548 69.331 2.18768
231 9.35932 9.50594 2.0227
232 21.7734 4.08901 2.63848
233 1.03021 79.962 2.63045
234 93.0928 67.6405 2.56729
235 97.2904 89.3159 2.13927
236 52.1849 95.2768 1.82377
237 61.3052 42.9032 1.2329
238 8.66575 3.21814 2.16857
239 1.2816 5.3035 2.06726
240 10.451 8.70258 2.72002
241 89.2685 97.803 1.8328
242 22.5645 97.0062 2.06676
243 24.1071 12.4765 2.28529
244 52.383 37.1353 1.11477
245 23.2504 0.583266 2.03736
246 19.9721 91.3855 2.69435
247 80.0128 64.4664 2.3824
248 92.4459 89.4568 2.31304
249 5.0245 66.7954 2.77539
250 7.26906 9.07296 2.91447
251 25.9806 27.7056 1.08369
252 59.1882 71.7048 1.36793
253 37.545 57.8136 -2.35017
254 19.3492 85.9202 2.53128
255 1.85241 10.5372 2.70162
256 22.1496 94.6104 2.42534
257 15.0443 84.773 1.94533
258 94.7688 8.43212 2.50906
259 96.8032 89.3936 2.11116
260 3.48307 27.525 2.19789
261 1.10644 1.51363 2.46072
262 24.641 90.7416 2.24786
263 21.9015 4.06299 2.67684
264 52.1267 76.4534 2.47103
265 15.827 84.8652 1.96067
266 4.54101 35.6873 1.87502
267 11.5295 8.30386 2.98606
268 88.5584 57.0747 3.118
269 10.3859 13.3751 2.68024
270 5.39961 2.77479 2.26251
271 -0.323996 93.592 2.29691
272 91.4071 35.5568 0.973206
273 92.238 64.6052 2.5777
274 8.37307 89.9389 2.32394
275 19.8859 88.9846 2.39659
276 3.0004 30.8592 1.86899
277 22.0051 7.41459 2.70198
278 72.5294 71.6587 1.61987
279 22.5131 97.5945 2.09407
280 12.2697 8.01775 2.84652
281 18.3274 91.3712 2.28995
282 97.0576 92.7779 2.7486
283 91.4935 34.9956 1.45202
284 37.1124 84.9972 -3.22003
285 18.8146 10.2401 2.57011
286 85.3458 74.6502 1.80637
287 17.3779 90.2272 2.51334
288 51.311 30.0791 2.61925
289 28.989 71.1999 -1.55453
290 6.0273 84.9489 2.07771
291 93.7941 21.9367 2.0106
292 92.6756 21.0335 2.41892
293 -0.0766799 80.5374 2.68141
294 3.45644 94.807 2.93675
295 15.1968 4.78186 2.19446
296 28.2748 9.82324 2.27617
297 51.5493 97.8018 1.82159
298 97.9488 6.67952 2.88499
299 66.6034 38.7969 1.76638
300 9.8879 84.9588 2.73371
301 5.94114 11.2131 2.23079
302 87.4242 58.0764 3.30593
303 19.0059 91.4355 2.50423
304 94.7585 17.1379 2.51475
305 29.0071 26.9907 1.27387
306 45.7617 69.6681 2.63734
307 63.3703 41.1251 1.5193
308 99.4176 3.61731 2.78931
309 4.28258 87.1098 2.45699
310 55.3312 72.988 2.31737
311 94.8536 82.9265 2.78785
312 22.5399 1.37157 2.16129
313 92.7458 36.7792 1.4998
314 5.34528 15.1522 2.63278
315 22.1331 96.7573 2.39535
316 22.6648 7.74196 2.44547
317 2.97699 2.54789 2.85945
318 62.8862 41.5802 1.9887
319 79.4381 38.982 0.970905
320 84.0849 37.485 1.50512
321 7.59973 17.9723 2.1307
322 80.5817 33.9059 1.33974
323 5.08972 6.09632 2.22863
324 48.7946 42.8791 1.01043
325 27.1545 94.239 2.12175
326 16.6542 85.7484 2.88391
327 2.94381 78.97 2.28821
328 88.5866 33.8496 1.75607
329 89.3636 44.5053 1.13629
330 92.7209 34.7643 1.47115
331 54.5346 75.1424 2.67689
332 52.7032 43.2797 0.864954
333 28.9152 13.6266 2.30895
334 92.8667 84.7127 2.84824
335 64.5953 37.3302 1.63794
336 85.597 36.2359 0.980289
337 94.7064 91.6764 2.54232
338 28.25 96.0826 1.6228
339 12.4089 85.831 2.72207
340 84.6108 58.6066 2.90974
341 99.1414 4.92914 2.62615
342 8.30755 11.9594 2.93677
343 26.0549 95.5979 2.61477
344 22.5312 91.9086 2.71282
345 62.2688 64.8782 1.44814
346 93.0784 84.2882 1.88237
347 5.70078 27.9562 1.93313
348 84.1145 76.7964 2.12035
349 79.8467 62.9347 2.40617
350 18.4581 94.2398 2.28205
351 97.6961 17.247 2.68995
352 81.1393 71.508 1.72333
353 61.6325 68.8533 1.40371
354 1.36851 63.0456 2.76056
355 20.6724 84.35 2.20561
356 87.0192 32.1908 1.17436
357 79.1022 63.2414 2.53167
358 9.3938 6.19926 2.74035
359 99.0429 80.4568 2.32927
360 3.31899 17.4194 2.88296
361 2.84733 33.7867 2.36268
362 11.5635 4.36434 2.89048
363 18.6638 89.3635 2.58375
364 56.4619 73.3667 2.42187
365 19.5989 2.19792 2.25743
366 21.4679 10.8836 2.0667
367 89.1018 36.741 0.911026
368 87.1839 64.7572 1.9593
369 95.8285 35.715 1.07483
370 42.7078 65.8321 2.90005
371 4.14782 11.8116 2.36935
372 10.2858 1.26371 2.46285
373 57.3162 8.4721 -0.815384
374 7.86181 13.5553 2.43811
375 29.819 10.7156 2.64742
376 10.503 4.53795 2.79489
377 92.641 38.2035 1.76289
378 6.60565 87.26 2.08286
379 85.6875 40.055 1.4752
380 18.5002 86.6937 2.29304
381 48.9061 44.2946 0.716275
382 18.4458 9.63391 3.04281
383 68.2749 64.2211 1.11625
384 20.4531 3.79569 1.98301
385 65.871 70.5269 1.56867
386 30.7157 63.4831 2.17764
387 97.8117 25.9141 2.40878
388 27.5159 92.2693 1.93336
389 98.5083 79.8121 2.1245
390 96.3858 7.61562 2.92164
391 3.95033 4.83304 2.8847
392 1.00614 80.2532 2.13335
393 26.7017 97.5446 1.9829
394 17.3536 9.88381 2.9
395 7.445 5.24371 2.2709
396 11.7993 21.2459 2.63746
397 8.54046 6.20869 2.18197
398 92.528 35.2271 1.28511
399 89.6682 94.4984 2.67131
400 93.006 93.04 2.55291
401 50.3476 41.1875 1.26109
402 1.4058 64.014 2.96692
403 18.4238 8.19954 2.0977
404 10.8433 87.2212 2.10483
405 79.8874 72.4342 2.31324
406 84.0879 63.854 2.0374
407 21.4832 12.8174 2.69317
408 1.79517 88.7503 2.8167
409 88.8792 35.8025 0.928299
410 94.9978 95.5065 2.43666
411 9.76661 11.0316 2.83426
412 19.6138 81.8096 2.80766
413 99.3458 3.80511 1.96215
414 26.4608 98.0758 1.85362
415 75.4859 64.0847 1.83253
416 23.298 7.27937 2.70916
417 94.3804 94.0208 2.06222
418 10.5879 13.1261 2.74414
419 63.3488 62.6025 1.16445
420 97.9015 77.3106 2.87332
421 9.04478 11.4075 2.82301
422 97.7226 94.2191 2.54935
423 53.985 24.8423 1.93351
424 11.8645 20.4166 2.29185
425 16.0889 2.95901 2.32212
426 6.10764 31.7422 1.9339
427 10.7542 16.9183 2.45552
428 13.8172 90.0957 2.77776
429 20.2566 89.3348 2.67512
430 99.5332 22.9832 1.99111
431 27.3004 7.08605 2.72852
432 5.11994 15.4414 2.72159
433 93.7182 32.5314 0.905091
434 5.30276 81.1388 2.29474
435 59.4316 73.8315 1.49779
436 3.80107 22.3645 1.89067
437 90.5439 57.4883 3.05162
438 85.0397 42.3889 1.33795
439 87.8356 38.4064 1.3573
440 21.1339 83.8898 2.52518
441 82.2657 62.808 2.42886
442 13.5324 8.53115 2.13979
443 50.0533 46.5642 1.19663
444 23.0467 2.75455 1.96518
445 76.3584 69.0962 1.66431
446 64.7836 69.9459 0.97146
447 90.5847 80.5293 2.4415
448 13.2602 6.59646 2.84187
449 27.873 70.3444 -1.91452
450 1.68171 6.957 2.06576
451 0.527827 64.7199 3.52719
452 15.108 22.7881 2.95596
453 18.2594 83.6387 2.87085
454 18.5261 19.7074 2.79427
455 73.7572 64.9099 1.47889
456 90.9738 88.3202 2.70932
457 -0.000665052 92.9592 2.74481
458 4.59809 92.5752 2.31251
459 81.8704 58.8738 2.10588
460 0.345566 76.6684 2.15297
461 44.2646 65.721 2.91928
462 23.4288 0.541708 1.83329
463 7.88397 3.31847 2.1895
464 41.0219 1.25757 -0.261943
465 2.45325 5.66402 2.0116
466 24.1095 93.5879 2.38066
467 87.2713 36.9934 1.34697
468 88.6586 63.6566 2.0483
469 0.642894 19.7309 2.51411
470 1.98504 25.3995 2.55586
471 7.91285 86.0145 2.51996
472 24.0203 1.11689 2.57527
473 23.7244 8.43661 2.86042
474 52.0228 45.8008 1.36037
475 84.3566 64.9517 2.68525
476 80.4676 62.6034 1.92948
477 22.7663 92.1034 2.64445
478 2.32781 17.9496 2.97144
479 61.1138 64.1397 1.91246
480 96.0122 82.67 2.7683
481 86.2703 30.6661 1.30798
482 2.69748 66.2786 3.1404
483 99.0156 6.37932 2.26144
484 94.7784 78.8337 2.8194
485 2.16802 32.7155 1.49425
486 23.5638 88.5904 2.34734
487 21.8801 91.7776 1.93849
488 90.2218 96.6983 2.11086
489 58.9284 63.3612 1.83146
490 68.0966 66.831 1.15291
491 14.1345 85.2576 2.69628
492 24.3766 4.19065 2.22955
493 18.2965 95.1419 2.2766
494 3.05017 66.3019 2.79124
495 99.1187 81.1934 2.26589
496 13.7857 10.8385 2.04386
497 9.47766 13.4594 2.86648
498 23.4674 87.5959 1.91016
499 87.0547 43.481 1.13268
