500
Particles
0 99.2968 69.9541 1.68316
1 38.3374 74.3456 2.17393
2 6.73566 4.34074 2.63352
3 61.2033 18.7339 2.52037
4 78.5173 80.5116 1.33627
5 1.3911 49.3017 -2.89965
6 20.3689 98.3944 2.34363
7 78.8174 26.5855 1.22971
8 48.2642 85.7177 1.41406
9 43.3665 87.3205 1.90926
10 22.5304 75.9366 2.37483
11 5.2691 99.1194 3.3653
12 9.36699 3.24625 2.10146
13 84.6774 72.1681 1.37558
14 83.5649 84.154 1.56815
15 94.6115 74.9098 2.04012
16 38.8141 87.5458 1.40607
17 83.7295 97.7046 0.742423
18 78.1213 90.0643 1.10871
19 59.4873 12.3025 1.88466
20 60.302 19.7289 2.26198
21 0.128061 85.3675 2.18134
22 25.6792 91.3381 2.41113
23 83.8848 76.5877 1.48082
24 69.1398 22.47 2.00692
25 9.36225 79.1717 2.60155
26 0.0574917 41.2045 -2.53853
27 93.0546 91.5612 1.92557
28 10.5437 87.1462 2.56105
29 21.1794 8.84497 1.57905
30 58.3963 30.2515 1.57943
31 19.4002 89.6701 2.2378
32 49.0267 17.4952 1.79351
33 69.1021 28.5512 1.10528
34 14.0236 80.3956 2.39975
35 77.6066 93.6875 1.48769
36 60.9619 37.576 1.07284
37 26.8136 7.07186 1.99519
38 8.24148 82.2817 2.02395
39 82.4822 77.212 1.25977
40 15.6181 78.0123 2.16354
41 80.9184 77.5658 1.03257
42 33.9597 89.6317 2.10293
43 65.152 19.4267 2.21876
44 39.2961 77.7594 2.03332
45 30.863 84.0191 1.8052
46 15.681 83.8201 2.16397
47 85.4452 17.1701 1.174
48 21.2081 82.185 2.88861
49 4.84341 67.7361 2.85824
50 88.0089 93.799 1.28836
51 27.3189 91.7939 2.5767
52 69.182 21.539 2.10995
53 61.295 37.1092 1.57836
54 83.3993 81.2336 0.867053
55 73.0431 15.3326 1.57359
56 87.857 82.9333 0.874399
57 20.4644 68.8897 2.64421
58 86.2305 86.3455 0.637212
59 9.52773 80.3492 1.94059
60 88.0331 91.1412 1.01744
61 21.8605 78.7066 2.12373
62 42.6821 83.0406 1.81607
63 39.4032 69.3943 1.92802
64 9.71449 95.3883 3.17014
65 81.5253 18.5245 1.24614
66 83.888 94.7999 1.09032
67 84.8087 94.3462 1.04856
68 80.4161 15.7782 1.13946
69 26.154 71.9906 2.26093
70 21.5589 3.19022 1.82476
71 15.9883 82.4837 2.47515
72 85.1228 91.2643 1.3249
73 26.5445 4.88533 2.16557
74 18.6409 71.7953 2.26055
75 79.9463 24.2274 1.26289
76 22.5346 72.9021 2.10492
77 25.8451 3.18381 2.57921
78 0.201552 36.8072 -3.15972
79 87.4765 88.6858 1.55546
80 19.2862 77.3201 2.36597
81 82.3161 92.9653 1.23415
82 66.1806 100.29 0.683995
83 74.249 86.4142 1.68793
84 73.8756 12.3938 1.77491
85 19.7299 79.6339 2.8565
86 19.9843 77.3126 2.7028
87 28.0463 1.65377 2.03661
88 74.865 14.2677 1.72771
89 16.028 71.1706 2.03885
90 69.7625 22.5852 1.87116
91 18.5277 89.9489 2.68887
92 26.1772 99.4353 2.29416
93 77.9051 80.7006 1.17662
94 20.2901 79.4786 2.84428
95 60.0784 12.9082 2.23552
96 2.65547 90.1924 1.48045
97 24.1582 5.61578 2.27186
98 15.6056 71.9066 2.21762
99 24.801 98.0723 2.35156
100 69.8351 22.2033 1.36696
101 82.8894 90.5465 1.29533
102 24.0254 78.1501 2.51482
103 11.9345 75.3078 2.09755
104 23.4084 86.3644 1.92031
105 69.5013 23.6827 2.13701
106 84.8599 80.9994 1.35794
107 3.17533 79.5114 2.17493
108 22.0215 88.2883 2.15065
109 93.4171 88.5258 1.72123
110 82.5186 25.3568 1.33878
111 28.8057 7.39824 2.45456
112 60.2457 17.7724 1.88761
113 21.9286 97.4735 2.20131
114 98.8449 92.6062 1.98258
115 12.4823 4.93507 1.85429
116 18.7841 67.3687 2.61822
117 15.6583 86.9175 2.84565
118 53.8554 20.5335 1.65735
119 80.6798 83.5952 0.860267
120 5.60333 73.5513 2.1357
121 58.1579 80.164 -2.69246
122 21.385 83.309 2.80601
123 73.1377 81.2239 1.61432
124 2.72748 2.69915 3.16347
125 83.2004 12.6083 1.07462
126 33.7585 94.0543 2.3394
127 80.4686 74.7649 1.35536
128 71.5364 22.375 1.60037
129 94.4476 93.0528 1.93351
130 9.0266 84.9085 2.19581
131 21.6667 76.1542 2.7777
132 84.4939 14.0257 1.20063
133 84.17 16.5968 1.04442
134 4.00058 65.6253 2.91618
135 26.2464 4.17952 1.78006
136 15.8573 68.395 2.30992
137 10.6009 96.3293 2.99522
138 22.8502 80.0122 2.67592
139 10.1741 75.3733 2.38547
140 24.6344 77.054 2.12207
141 78.1439 15.0558 1.52193
142 78.1809 83.8304 1.14423
143 42.8347 91.9498 2.20949
144 7.34524 95.4828 3.07563
145 95.3264 96.0954 2.25887
146 4.61289 79.1189 2.62044
147 66.7951 28.6781 1.48313
148 27.5773 4.46736 2.22041
149 81.5341 93.2616 1.2198
150 26.2046 80.2366 2.28425
151 52.9573 16.0941 1.88099
152 18.7784 71.0853 2.21553
153 22.8133 87.0113 2.40468
154 39.424 89.1318 1.63192
155 84.8699 18.3582 0.786242
156 50.8884 85.6821 1.76387
157 41.1466 99.3677 2.77441
158 99.1674 43.1672 -2.57062
159 44.8048 95.792 2.18461
160 64.1759 30.3636 2.05403
161 43.5442 95.5159 2.45219
162 80.796 94.115 0.821678
163 73.5706 12.051 2.16147
164 81.6802 20.4925 1.27094
165 76.2447 91.2917 1.11834
166 73.1198 13.5021 1.1915
167 29.5475 7.25807 2.10606
168 87.2287 90.0662 0.855684
169 80.6426 18.9353 1.60451
170 54.0663 55.9826 -2.25179
171 17.8533 97.3347 2.08809
172 99.4638 73.5295 2.67013
173 25.197 76.3349 2.52641
174 97.6223 41.7303 -3.21755
175 84.3136 10.7192 0.985001
176 15.4258 10.3009 1.75888
177 11.633 73.3125 2.81529
178 69.2707 21.4748 1.82676
179 12.0303 88.2525 2.17418
180 19.8522 98.2152 2.30069
181 46.6164 90.1357 1.23628
182 90.7784 84.026 1.59662
183 99.3912 69.2919 3.01956
184 26.1541 98.9351 2.10358
185 81.0993 18.8206 1.20409
186 25.2724 85.8808 2.40336
187 56.3243 17.7687 2.1435
188 74.4464 74.843 1.30636
189 2.42741 -0.127022 3.43857
190 -0.0208781 43.6703 -2.86314
191 13.8251 2.33868 2.17887
192 14.1291 66.7609 2.35623
193 27.1238 94.5281 2.7716
194 17.5956 76.0543 2.15294
195 11.4057 94.4337 2.39355
196 8.56117 72.0489 2.52924
197 19.5911 75.348 2.46317
198 23.6214 98.1 2.84192
199 2.43332 51.4263 -2.10177
200 26.0694 2.12842 2.14509
201 22.6567 6.70303 1.94264
202 67.2293 22.7945 1.41397
203 46.7009 97.6771 2.43307
204 98.7575 41.2149 -2.72233
205 29.685 6.22045 1.96594
206 16.0743 76.455 2.34825
207 10.317 82.1291 2.76963
208 70.0808 10.1491 1.6132
209 53.9417 19.5307 2.26967
210 85.6855 91.9711 1.32226
211 22.2135 83.4359 1.92331
212 84.5634 15.5703 1.52333
213 53.9107 14.2626 2.10416
214 70.9205 72.6937 0.546606
215 4.35739 82.7228 2.1972
216 33.584 89.7568 2.46287
217 9.86221 90.6121 3.20828
218 92.6988 4.1561 1.49812
219 85.3584 98.7902 0.87167
220 27.1976 6.39273 2.00097
221 29.361 94.4569 2.00943
222 25.276 6.03838 2.09078
223 74.2689 24.9913 1.72492
224 57.4062 19.2392 2.13483
225 13.381 6.03794 2.43877
226 41.0429 86.6712 1.19971
227 25.5222 87.6061 2.13332
228 21.3079 77.1013 2.49701
229 22.5047 77.4693 1.98212
230 83.7543 73.9213 1.05964
231 89.9554 89.9162 1.58438
232 25.1004 95.464 2.54408
233 17.4521 83.1632 2.14697
234 8.64614 74.0019 2.64166
235 85.7428 80.8221 1.35721
236 38.414 84.6983 2.13664
237 6.08333 2.49605 2.84713
238 88.6683 82.4447 1.12616
239 76.6412 83.5368 1.79412
240 3.75405 95.4503 3.02574
241 49.1771 84.6667 2.01787
242 30.8284 92.7458 2.20199
243 24.1978 0.48213 2.2967
244 43.2313 95.8353 2.62197
245 27.215 91.3641 2.54752
246 22.1374 79.2363 2.03005
247 89.1664 35.3578 -1.08089
248 80.7941 83.6673 1.38587
249 16.7387 69.9126 2.44098
250 92.5434 91.4393 1.33669
251 98.5244 99.3659 2.55382
252 76.8638 25.484 1.65711
253 57.4861 20.8548 1.67067
254 20.7798 74.8243 2.78576
255 81.1558 93.0074 0.813084
256 31.6471 91.6277 2.20073
257 20.9854 78.1428 2.44182
258 49.7967 89.3909 1.96913
259 89.5131 82.2109 1.14629
260 1.76202 46.1931 -2.77393
261 82.0272 84.9273 1.34497
262 31.4983 85.6722 2.58025
263 22.5401 93.4792 2.52297
264 65.3115 29.3693 1.85832
265 18.9647 74.672 2.08347
266 11.4582 71.4337 2.7702
267 5.76393 95.9649 2.59426
268 9.36921 77.3407 1.97376
269 92.1373 92.6036 1.67895
270 89.1584 86.1956 1.00796
271 91.0774 85.0778 1.15379
272 49.9885 13.5598 1.59174
273 11.1762 76.9764 1.90669
274 19.2096 87.3477 2.58914
275 21.0291 76.3203 2.18971
276 10.0955 67.5332 3.16552
277 23.1442 96.9965 2.29751
278 35.2703 70.0294 2.40902
279 30.8927 93.5501 2.64985
280 90.2593 86.6742 1.29775
281 23.5177 83.2437 2.77845
282 83.4888 82.8242 0.92707
283 32.8455 6.83425 2.36044
284 27.481 71.1023 2.12443
285 21.5374 1.68344 2.77308
286 76.7751 76.1534 0.791268
287 20.1439 79.6715 2.20163
288 63.7042 13.8992 2.33087
289 29.5398 73.9593 2.24681
290 18.2113 83.8483 2.60062
291 49.1191 80.9404 1.70428
292 82.774 16.9437 0.820859
293 16.8848 86.0419 2.02085
294 90.2895 82.3844 1.10159
295 99.795 85.6912 1.23331
296 28.4165 0.314854 2.46998
297 35.3489 86.8304 1.62563
298 53.2155 83.5792 1.85121
299 23.7518 6.89036 2.27956
300 16.1036 77.4832 2.36634
301 84.8625 93.0233 0.719467
302 5.28402 73.4151 2.53783
303 22.1925 80.9065 2.71964
304 39.5161 71.3635 2.80146
305 2.57884 0.140414 3.1205
306 63.4707 25.5141 1.28227
307 4.14152 99.8611 3.18337
308 81.4745 87.4616 1.28879
309 17.6109 87.3544 2.84717
310 67.078 26.7805 1.64141
311 89.3896 78.301 1.57405
312 25.2097 90.7331 1.97915
313 55.722 14.9095 2.15596
314 85.7205 96.9258 0.943865
315 23.0642 84.7379 2.306
316 24.8456 98.6492 2.58302
317 89.2084 87.9431 1.12794
318 11.9279 5.21581 1.78302
319 23.5975 6.6619 2.59249
320 24.6545 5.2542 2.15565
321 83.7531 96.0592 1.15573
322 28.139 3.73788 2.4402
323 85.8326 88.2082 1.36197
324 36.2511 8.68633 2.0199
325 34.169 90.0491 2.20624
326 20.2942 75.15 2.30602
327 18.0669 81.4903 2.45576
328 31.9079 2.71998 1.9843
329 62.9795 15.0631 2.2094
330 55.4888 13.476 2.2842
331 74.6725 28.7254 1.31773
332 58.1036 15.1542 1.93154
333 25.4797 99.3804 2.69521
334 81.9729 79.2444 1.02641
335 15.0113 3.11532 2.67251
336 28.9183 5.80992 2.42823
337 80.2316 81.5867 1.12899
338 31.653 88.6716 2.19394
339 21.1217 79.9654 1.95904
340 97.1265 71.1836 1.51971
341 77.1897 86.7531 1.57654
342 83.8568 89.186 1.24205
343 33.8774 92.8384 2.70833
344 24.3531 81.0096 2.34222
345 73.7136 18.9037 1.49317
346 80.315 77.4751 1.0362
347 1.95061 46.9786 -2.91241
348 73.5277 76.2036 1.1373
349 98.1573 38.1181 3.09739
350 27.0278 90.1011 2.50667
351 46.3133 85.6896 1.53194
352 39.7104 76.3746 2.16183
353 73.2748 24.0352 1.40457
354 13.1354 68.7014 2.36465
355 22.6885 72.8771 2.93016
356 28.6838 2.23544 2.05277
357 84.8212 19.9719 1.13063
358 89.7687 87.1795 1.00291
359 10.0237 79.2708 2.45332
360 81.6525 98.3119 0.786932
361 2.49288 66.8842 3.22681
362 4.41893 91.1051 2.03894
363 20.665 77.2171 2.57266
364 70.1099 29.3679 1.9227
365 22.5477 91.5601 2.07376
366 22.5676 99.9579 2.80403
367 27.1238 5.27076 2.29094
368 2.01444 75.1071 2.75778
369 58.7203 13.9953 2.01851
370 57.9009 22.4159 2.07776
371 81.2952 91.7748 0.675221
372 93.576 83.0669 1.26321
373 24.2408 2.97723 2.06311
374 99.1979 98.3025 2.92898
375 26.4296 95.7113 2.64775
376 95.9903 86.2926 0.944853
377 51.3792 15.6575 2.12984
378 17.0444 85.7634 2.47806
379 27.2441 8.39404 2.31956
380 22.6403 77.5738 2.45468
381 3.2746 41.6729 -2.3638
382 8.97527 92.1261 2.8554
383 75.3514 16.6393 1.73778
384 24.6472 95.6635 2.44466
385 74.9929 27.2544 1.6858
386 62.4914 35.6331 1.04352
387 6.79268 67.3851 2.88545
388 34.3616 86.7587 2.44548
389 7.63266 77.6394 1.98371
390 75.4339 88.2472 1.23696
391 84.7397 86.4636 1.20827
392 7.40054 74.9661 2.04635
393 33.6735 92.9869 2.73925
394 9.84482 94.5492 3.068
395 89.327 87.7938 1.22986
396 86.4052 97.2427 1.59134
397 7.03798 98.0857 3.02441
398 56.0149 13.1817 1.86084
399 48.8452 83.404 1.89138
400 77.9939 82.3152 0.840346
401 58.8006 12.1639 2.40297
402 16.1629 71.0313 2.07192
403 3.94816 86.5511 1.71371
404 18.6702 80.8658 2.89439
405 38.5774 74.8557 2.33814
406 82.6804 71.3004 1.17688
407 17.6401 99.206 2.51497
408 3.28689 81.5318 2.0021
409 32.7537 5.19049 2.16766
410 80.7919 84.4315 0.892382
411 1.22248 95.3347 3.0404
412 27.2529 75.5906 2.78643
413 78.4654 84.6228 1.33352
414 31.7939 92.0669 2.47512
415 77.6513 18.1537 1.30677
416 26.0381 98.5311 2.27344
417 76.5689 82.0275 1.04688
418 87.1851 91.8153 1.55265
419 73.6155 15.3083 1.08475
420 16.4921 84.6041 2.41253
421 83.4989 90.8913 1.52083
422 88.145 84.8826 0.911523
423 26.4827 3.3044 2.29739
424 86.1363 95.3964 0.816734
425 17.1058 94.6538 2.18146
426 36.1525 5.07127 2.40248
427 96.7075 97.478 2.03404
428 21.5082 84.3939 2.32684
429 30.7074 87.6601 2.54563
430 40.0812 91.8992 2.05858
431 25.9399 94.6654 2.80359
432 82.2034 94.0931 1.22138
433 34.3466 5.47967 2.1328
434 15.752 80.0147 1.9866
435 74.5503 27.6204 1.95958
436 45.7934 91.5046 2.16863
437 10.5167 74.4461 1.98914
438 17.8851 8.80965 1.30504
439 27.5878 7.33071 2.36164
440 24.4534 73.0727 2.765
441 81.3695 71.7826 1.21526
442 16.7763 1.87307 2.14738
443 7.07985 63.7217 2.7802
444 26.3673 93.2176 2.0603
445 99.0912 46.2468 -3.0602
446 81.0625 27.5471 1.96335
447 83.9644 75.8046 1.21769
448 95.3408 86.3587 1.21118
449 27.6081 73.1435 2.14056
450 81.4315 87.9295 1.41457
451 15.3979 73.0495 2.45438
452 98.1791 99.4218 2.37192
453 24.3655 76.2372 2.97601
454 96.6632 94.5635 1.50291
455 77.1494 17.247 0.929382
456 74.3593 80.5177 1.04
457 86.8328 82.4885 0.771988
458 98.2556 82.1529 1.58457
459 82.6317 16.3847 1.13716
460 11.2546 76.5068 2.50269
461 66.0582 22.7275 2.17119
462 28.8533 92.9743 2.62455
463 92.5338 85.4068 0.769728
464 30.8564 94.8088 2.78167
465 83.0009 86.6471 1.351
466 32.0787 88.9079 2.45076
467 28.6527 5.73023 2.10734
468 6.70479 76.1866 2.83061
469 48.0264 87.9287 1.31774
470 41.7227 75.038 2.76226
471 21.2435 86.1483 2.30868
472 29.7955 94.0166 1.94309
473 25.1381 98.2098 2.46798
474 16.0779 43.1454 -3.5329
475 84.0784 74.4167 1.7004
476 85.9695 20.6663 0.790935
477 21.3872 78.0754 2.53206
478 76.8414 9.60119 1.25284
479 72.1882 17.792 1.17485
480 93.0312 77.6705 1.61179
481 29.9482 1.56125 2.50244
482 13.8335 68.7387 2.20344
483 79.2652 88.9411 1.29888
484 4.71973 79.9198 2.73126
485 0.881943 67.8633 2.59864
486 26.2215 76.6417 2.62152
487 32.2473 89.3547 2.57591
488 47.2811 84.1609 1.21029
489 72.4765 15.3668 1.3435
490 79.8728 24.9145 1.72716
491 20.8648 78.1252 2.62017
492 29.061 95.7972 2.27542
493 23.685 87.0474 2.28057
494 18.632 73.711 2.3009
495 15.5364 85.352 2.33038
496 8.24092 98.5384 2.71983
497 88.7795 91.7186 0.917762
498 34.3355 86.7303 2.31266
499 87.6306 10.7533 0.854046
