500
Particles
0 55.52 85.8434 -1.52435
1 79.1074 90.0279 0.67803
2 74.9158 96.4057 0.54632
3 10.4989 38.8073 2.3984
4 75.4594 80.9474 0.797256
5 95.91 97.1656 0.905123
6 87.9209 88.7319 0.487755
7 37.1755 17.0799 -1.301
8 63.9632 81.4877 -1.16397
9 64.3785 87.4355 -1.09721
10 88.9803 5.63519 1.96885
11 26.7157 91.9803 0.778805
12 87.714 0.766328 0.946088
13 80.0277 30.2732 -1.55962
14 79.3536 81.2661 0.951694
15 98.7742 4.65734 1.1649
16 16.6983 40.3876 2.34029
17 93.2914 24.2709 -2.92542
18 80.9667 88.6736 0.544019
19 72.1985 72.4702 1.20009
20 7.64879 40.7592 2.60914
21 92.3403 84.7688 1.16609
22 84.1549 3.56625 1.5015
23 95.5078 27.723 -2.70241
24 34.5874 72.7055 -1.3456
25 97.259 0.783921 1.61275
26 10.5001 100.204 0.655918
27 39.6415 14.9277 -1.2985
28 51.6477 88.6821 -1.49783
29 97.5376 26.3315 -2.00988
30 81.6152 98.1062 1.19515
31 69.1831 64.621 -0.254337
32 5.40841 40.1397 2.32664
33 77.1142 94.0112 0.929944
34 100.341 39.0847 0.0631767
35 50.3099 84.4813 -2.20142
36 27.4544 97.2656 0.616916
37 87.7211 92.6768 1.17031
38 76.4091 97.3008 0.571792
39 74.8187 81.1906 0.450203
40 77.341 1.09129 1.3547
41 79.3127 33.7379 -2.01816
42 63.1514 88.1651 -1.84549
43 96.9708 11.7299 1.70119
44 79.97 94.2609 1.05422
45 66.4907 91.3388 -0.972433
46 57.0511 89.9762 -1.28056
47 81.1043 12.7104 -2.11015
48 61.2731 79.4489 -1.05709
49 95.3179 96.121 1.17397
50 68.7691 82.2904 -1.07489
51 58.0501 92.4385 -0.881714
52 79.6387 76.2539 0.411846
53 27.8616 92.077 0.35416
54 90.3666 10.379 1.75638
55 45.7203 19.3157 -1.05815
56 97.005 37.3695 -2.6728
57 23.72 17.3364 1.36073
58 94.2453 32.9986 -2.93399
59 96.6144 99.3653 1.00732
60 86.2881 93.0062 1.42067
61 60.6556 83.8667 -1.01612
62 52.6181 91.2163 -1.11279
63 76.2039 88.2899 0.492718
64 83.1742 93.0549 1.28147
65 62.8213 47.2972 -2.37237
66 86.5055 97.9453 0.811863
67 42.2855 76.894 -1.00734
68 61.8682 42.2144 -1.97822
69 55.7757 94.885 -1.09627
70 89.1207 89.3873 0.939817
71 51.7232 49.1715 -1.25593
72 83.0757 93.9093 0.668259
73 50.2794 70.0073 -1.22301
74 56.1899 31.6751 -2.4095
75 47.0466 15.7733 -0.360327
76 53.2518 95.5235 -1.32413
77 83.1182 91.6581 1.22522
78 82.3317 96.286 1.2968
79 84.9193 86.5242 1.36665
80 54.0617 96.2493 -1.50354
81 87.0186 95.3105 0.747392
82 4.35584 65.9648 1.44604
83 82.5236 86.0676 0.806504
84 0.0649481 27.366 -1.72693
85 31.1822 81.9593 0.21796
86 49.9811 3.78246 -1.21384
87 60.566 32.7279 -2.36692
88 81.1091 79.655 1.23089
89 10.5238 99.3519 0.163681
90 14.5258 97.4618 0.451724
91 68.6703 63.4655 -0.0770089
92 43.6335 17.5965 -1.17083
93 93.7514 33.425 -2.27187
94 58.1241 58.8514 -0.710183
95 53.4288 89.2889 -1.71107
96 86.6324 88.5342 1.10333
97 89.6704 92.7813 1.15961
98 14.3962 99.116 0.771321
99 9.68429 35.2215 2.43084
100 79.2676 73.2191 0.544238
101 82.5912 86.9967 1.46567
102 63.3637 82.0956 -1.18281
103 31.2464 63.1947 -0.97627
104 58.0694 86.3308 -1.46523
105 14.6997 97.6211 0.315242
106 96.1294 40.6982 -2.77196
107 54.0802 74.1599 -1.89125
108 59.8824 90.9177 -1.32204
109 56.9436 77.5801 -1.90249
110 79.5289 100.232 1.26239
111 88.0145 92.3501 0.921457
112 67.1251 81.548 -1.60208
113 88.911 29.2395 -2.72954
114 96.2104 8.09671 1.65968
115 43.0045 75.0752 -1.74994
116 88.506 96.2134 0.89226
117 0.547689 7.60769 1.1142
118 14.4461 38.9068 2.89838
119 93.0211 33.4424 -2.74468
120 1.65057 3.6065 1.83083
121 67.819 56.8908 -0.321886
122 57.9711 60.6891 -0.0676521
123 80.4922 87.4226 1.14403
124 66.1418 42.3308 -2.08689
125 60.8753 47.3762 -1.66715
126 60.8724 67.0433 -0.281603
127 64.5819 43.5527 -1.96032
128 33.9 73.0056 -1.44436
129 57.8719 86.1273 -1.88666
130 55.6351 93.1726 -1.7321
131 87.6238 2.87022 1.0933
132 23.0276 92.6123 0.455524
133 21.0282 96.5759 0.414937
134 95.9568 96.2749 1.64444
135 90.705 89.8697 1.07334
136 22.1125 2.86143 -0.456423
137 91.9356 90.4027 1.47184
138 57.5135 64.3553 -0.504472
139 49.1148 94.5896 -1.56095
140 62.7108 84.236 -1.34867
141 60.2198 48.4388 -1.90356
142 84.9163 83.2513 1.03094
143 68.7683 91.0912 -1.14019
144 87.8796 94.1403 0.974835
145 53.6714 72.4005 -1.49805
146 55.6582 92.1391 -1.28193
147 75.0301 93.15 0.492965
148 56.1282 91.9787 -0.863251
149 88.3952 96.3936 0.490781
150 60.7408 87.1291 -1.40556
151 52.4953 89.4892 -1.03039
152 56.6078 49.2535 -2.13745
153 56.8773 87.2747 -1.38465
154 69.8401 90.9063 -0.945535
155 23.1948 0.597937 0.405267
156 64.9075 82.811 -1.4501
157 65.9022 94.0561 -1.31434
158 2.65906 98.5585 1.37905
159 92.5679 5.69629 0.972698
160 80.9432 96.5699 0.715955
161 66.746 61.3101 -0.52454
162 67.9547 85.1463 -0.898148
163 65.4447 38.9023 -2.36617
164 83.8222 74.0577 0.688127
165 48.2995 83.2308 -2.48898
166 60.7505 43.3767 -2.27051
167 95.4747 89.5208 0.738784
168 79.9598 90.0873 1.2398
169 99.5704 14.5098 2.17568
170 75.0808 91.9336 0.851587
171 86.8063 88.2709 0.855373
172 48.696 73.8743 -1.79076
173 62.6491 84.6253 -1.70749
174 92.6539 97.8364 1.11596
175 64.8712 65.7892 0.0585254
176 93.8073 5.82341 1.22745
177 30.8278 83.1058 -0.0370618
178 100.373 33.3762 0.443248
179 53.3322 87.6112 -1.14638
180 88.011 31.3916 -2.73913
181 67.6091 86.9585 -1.64268
182 96.2464 38.5577 -2.38384
183 65.5028 1.06659 -1.06935
184 97.1192 4.05936 1.36984
185 81.1105 21.066 -2.62851
186 56.6372 60.7907 -0.00914627
187 64.8334 82.3373 -1.2161
188 76.5081 85.9876 1.27913
189 83.1566 97.4189 0.710559
190 87.102 98.8262 1.13623
191 89.5472 94.3011 0.595221
192 33.2256 81.3667 0.49129
193 59.2696 81.1027 -1.81297
194 20.7406 2.48782 -0.446818
195 83.5931 90.4363 1.4003
196 98.5324 96.6993 1.07932
197 51.7289 3.78356 -0.488319
198 6.72338 61.8435 0.968491
199 99.3584 98.4581 0.945039
200 93.001 86.6402 0.767713
201 72.7286 79.0328 0.793942
202 77.202 75.9701 0.919081
203 60.2613 -0.165249 -0.739931
204 92.1221 97.2692 1.5358
205 53.2489 72.762 -1.6081
206 15.8641 19.8684 -0.647792
207 98.7071 3.74564 1.31444
208 98.6438 5.6484 0.831564
209 90.0345 2.82932 1.27772
210 84.3519 90.637 0.7182
211 86.5248 3.38817 1.15481
212 21.5893 95.0217 0.341986
213 56.0435 95.0023 -1.4468
214 80.3097 85.3291 0.952848
215 83.5984 40.7885 -3.1591
216 67.8477 95.0557 -1.17071
217 90.3612 86.3975 1.14531
218 64.3459 96.808 -1.5555
219 85.0983 14.4257 -2.60005
220 0.358331 92.3672 0.937449
221 63.8681 94.8953 -0.799413
222 87.0357 91.997 0.417521
223 77.5986 19.1516 -2.60399
224 11.0302 36.303 2.58116
225 34.012 14.0464 -1.02473
226 64.0293 88.3675 -1.23108
227 63.6438 80.1204 -1.94076
228 54.6101 4.6316 -1.02462
229 64.2763 90.2208 -1.77271
230 71.1486 39.3342 -2.21955
231 83.8847 93.0012 0.785439
232 69.5165 60.6692 -0.461835
233 26.0915 60.7095 -1.49467
234 97.812 99.528 1.16665
235 95.5874 37.7921 -2.81881
236 64.0724 83.9493 -1.38264
237 84.2533 96.3058 1.25393
238 97.1222 33.4527 -2.38281
239 76.1691 84.6287 0.703387
240 87.5328 1.47383 1.25958
241 83.2731 96.7423 0.596681
242 59.6536 92.7138 -1.2387
243 91.8791 88.1739 0.82319
244 64.065 61.5119 -0.865302
245 59.9353 92.5208 -1.09477
246 62.0558 56.0478 0.0749702
247 68.3342 42.9396 -2.14742
248 80.6904 83.5738 0.923146
249 89.7315 96.1661 1.15135
250 44.1704 12.471 -0.61536
251 79.6341 97.2196 1.02051
252 36.9133 18.5164 -1.68192
253 83.7149 20.3067 -2.01263
254 84.2692 2.71676 1.07661
255 88.7416 96.2693 0.885544
256 62.041 91.6093 -1.76466
257 60.7201 59.1063 -0.767555
258 67.4856 83.3728 -1.42977
259 97.6851 41.6728 -2.49299
260 97.4598 96.3334 1.66776
261 89.2353 23.6552 -2.152
262 67.6774 88.3102 -1.32445
263 26.047 84.6888 0.577627
264 78.8686 93.8657 0.704422
265 29.4933 59.4739 -1.63758
266 39.7336 86.0984 -2.51732
267 81.4308 93.1283 0.714208
268 79.6697 2.72985 1.53738
269 28.17 89.2322 0.478625
270 93.9015 35.0972 -2.6895
271 96.6638 38.0314 -2.9631
272 54.8425 4.29622 -0.446762
273 98.2587 98.6579 1.1434
274 27.0339 84.0851 -0.106229
275 60.3551 85.2666 -1.46813
276 16.7821 98.8779 0.723252
277 50.2452 72.7819 -1.15767
278 76.5509 90.0787 0.534145
279 63.6296 94.7062 -0.855179
280 83.0493 82.9006 0.906156
281 59.0644 66.8057 -1.03036
282 94.7051 28.2987 -2.63346
283 95.2295 93.2337 1.65711
284 84.9318 97.1767 0.892536
285 87.9651 88.8451 0.481282
286 68.0419 42.2184 -1.82334
287 59.8632 56.7385 -0.603055
288 11.2787 36.8472 2.46628
289 78.8963 94.8532 0.946124
290 59.6527 82.609 -1.19498
291 79.6394 91.6596 0.477894
292 99.9127 14.2792 1.43927
293 27.7176 84.5242 0.481409
294 92.6547 11.5339 1.71188
295 37.9631 20.3952 -1.11654
296 97.8656 5.39047 1.62852
297 65.8021 86.811 -1.59293
298 80.3549 92.6923 0.85839
299 92.8525 91.8171 1.04655
300 28.3535 80.0215 -0.103385
301 86.6819 94.909 0.637156
302 76.4071 98.18 0.922887
303 64.713 77.5737 -1.83818
304 78.6506 87.9701 1.00626
305 85.2031 97.5424 1.32048
306 29.2381 0.630796 0.0424729
307 82.0783 94.3055 0.692633
308 90.2337 28.7257 -2.8711
309 37.2973 88.2963 -1.82969
310 36.8338 11.6913 -1.4188
311 79.1661 14.5185 -2.92382
312 58.4998 93.0453 -1.06089
313 50.0995 89.3759 -1.50561
314 19.181 39.753 2.50844
315 61.3157 82.8933 -1.6832
316 91.622 88.4552 1.21338
317 84.6255 85.7822 0.617795
318 91.8907 3.12553 1.85487
319 89.1242 92.1227 1.31535
320 85.89 94.0897 0.557859
321 82.648 12.3201 -2.81264
322 88.1914 91.152 1.1573
323 84.2323 86.305 0.934118
324 81.1852 98.2271 1.23083
325 64.5683 90.5844 -1.78925
326 7.6862 34.2834 2.08495
327 47.999 92.6056 -1.38156
328 98.6175 6.15616 0.869791
329 7.19086 38.9961 2.94759
330 54.3026 90.9083 -1.39862
331 22.4378 91.0096 0.180022
332 7.81711 40.4836 2.19129
333 2.80519 61.4028 1.04116
334 74.8249 81.4458 1.11181
335 89.7726 92.7022 0.51954
336 96.6134 88.6355 1.01697
337 77.8335 82.8397 0.893211
338 63.9825 88.7357 -1.70091
339 6.37548 35.4062 2.68801
340 82.899 89.8631 1.28477
341 75.6932 87.7144 0.558428
342 81.0744 90.097 1.33745
343 64.0585 93.6732 -1.5904
344 66.9547 79.8098 -1.52512
345 95.997 10.7099 1.70169
346 81.6314 32.526 -1.73277
347 16.0735 99.7007 0.532992
348 79.2231 85.5893 1.14627
349 85.3932 97.898 1.18854
350 60.7053 90.7793 -1.39879
351 65.6951 84.1046 -1.4217
352 78.7255 91.5879 1.02756
353 57.4212 28.9168 -2.85089
354 55.4953 46.4825 -1.30065
355 89.6518 6.27013 1.73261
356 8.55633 38.1102 2.85995
357 25.2175 92.4149 0.145631
358 91.4443 28.7362 -2.19166
359 99.7053 4.27299 0.809406
360 70.1045 94.2873 -1.50597
361 90.9203 99.1032 0.672547
362 87.0327 89.2262 0.559075
363 52.908 1.44178 -0.800499
364 79.1307 93.8019 0.467767
365 56.3454 89.3321 -0.891765
366 92.4605 87.9544 1.21071
367 55.5775 75.2705 -1.14195
368 54.1356 90.6462 -0.900585
369 97.4818 8.80746 1.56352
370 90.7948 1.17012 1.19873
371 88.093 97.0637 0.552634
372 92.501 10.827 0.912509
373 85.6265 34.6725 -2.35296
374 81.2102 95.306 1.01231
375 56.159 87.8537 -1.26545
376 58.0552 75.0661 -1.69393
377 38.4049 70.6232 -1.05485
378 60.3659 91.4573 -1.41213
379 97.8441 93.8364 1.33984
380 64.2194 87.5423 -1.1467
381 18.9447 99.7463 0.584359
382 85.4028 89.0331 0.978286
383 18.9756 38.591 2.30412
384 2.31578 14.4344 2.48113
385 40.2795 15.7364 -1.40625
386 31.4386 16.6671 -1.17669
387 26.5912 75.8668 0.740544
388 65.5882 89.4004 -1.01531
389 97.2404 99.4475 1.07246
390 80.3718 90.9687 0.986147
391 92.437 28.9096 -2.62797
392 81.5052 100.039 0.936792
393 65.393 92.3993 -0.858217
394 89.7906 88.2708 0.835236
395 89.8391 24.4145 -2.44262
396 83.8153 15.4289 -2.44165
397 92.0482 95.9729 1.44469
398 87.5498 1.46094 1.49295
399 40.5883 73.5354 -0.981727
400 79.823 81.8013 1.0559
401 61.917 41.0683 -1.7707
402 55.5084 -0.0324001 -1.08499
403 84.6641 87.4558 1.20347
404 21.3526 15.3177 1.4581
405 79.1973 88.175 0.499869
406 70.9675 37.5588 -1.88505
407 89.9063 87.0111 1.34387
408 83.8967 34.3551 -1.77164
409 94.0925 90.0545 1.24845
410 77.8223 83.406 0.372968
411 96.943 8.07978 1.29837
412 55.1645 99.5446 -0.604862
413 91.0814 19.9153 -3.08167
414 62.0777 89.9022 -0.956049
415 -0.155496 13.9153 2.18316
416 96.4939 2.66585 0.910175
417 83.9205 82.9142 1.29947
418 86.3151 90.623 1.08128
419 74.1904 75.2498 1.28284
420 0.721841 5.15228 1.13326
421 81.2715 88.3146 1.37208
422 95.2528 34.062 -2.71511
423 53.1678 54.1846 -0.242254
424 94.4331 6.90558 1.80364
425 90.1436 85.0081 1.21421
426 45.1018 73.4766 -1.49162
427 80.0211 96.4576 1.09735
428 59.1256 89.8139 -1.5793
429 60.8385 88.8944 -1.30943
430 63.6754 61.0082 -0.278284
431 59.6253 88.6943 -1.70914
432 64.6492 82.5201 -1.81946
433 46.0364 76.0643 -0.864927
434 92.5631 7.63473 1.12972
435 75.2886 92.0854 1.01488
436 66.4319 88.062 -1.43618
437 15.0949 3.77763 0.819476
438 72.7386 80.5715 0.608612
439 48.9889 74.3475 -1.40837
440 57.1672 45.3621 -1.83246
441 82.3962 77.8945 0.565629
442 86.9159 90.8621 0.767422
443 54.1816 46.6324 -1.75589
444 59.2618 90.0645 -1.13605
445 87.4116 97.1293 1.1535
446 84.0422 24.3295 -2.02786
447 69.4876 42.8059 -1.99855
448 96.0818 5.5394 1.30104
449 86.7559 96.0684 1.21341
450 80.5388 86.8891 0.581506
451 51.7478 96.7217 -1.66411
452 84.5773 96.7024 0.700726
453 65.778 85.8723 -0.984775
454 91.5725 37.5963 -2.36638
455 58.7168 40.8118 -2.00661
456 77.4372 80.4791 0.867739
457 97.1757 33.4528 -2.39886
458 10.4476 41.8878 2.84927
459 53.7114 53.7309 -0.317254
460 96.3901 98.0704 0.915465
461 15.8855 97.7038 0.377797
462 62.4018 92.2445 -0.975646
463 57.0571 73.2589 -1.04418
464 62.6849 97.0356 -1.05437
465 92.6581 31.0605 -2.63229
466 67.5563 92.3369 -1.38075
467 89.8819 90.7975 1.41076
468 95.3675 99.9337 1.66729
469 63.4501 87.2374 -1.4915
470 80.9379 87.106 1.43547
471 60.7517 92.6856 -1.16639
472 61.1969 93.9165 -1.07493
473 80.6189 41.838 -2.61411
474 95.4673 5.12901 1.6059
475 78.3948 33.0684 -1.33362
476 22.9418 97.8982 0.659615
477 23.9945 19.692 1.60815
478 67.4264 64.1577 -0.681054
479 99.2263 12.0038 2.10297
480 97.4496 32.2924 -2.42438
481 98.7063 4.05618 1.60769
482 17.7882 98.7864 1.00907
483 83.8412 86.5032 1.00989
484 80.5705 99.1438 0.606031
485 76.9763 96.6194 1.10768
486 64.7777 85.3799 -1.35846
487 67.905 93.7556 -0.798907
488 45.4246 79.3704 -0.955602
489 59.8754 43.4615 -1.78285
490 38.1982 19.4757 -1.75643
491 59.5149 61.6369 0.0291512
492 60.7119 91.0535 -1.40254
493 58.3685 69.5949 -1.43913
494 61.8338 57.2996 -0.387459
495 36.4852 76.3928 -1.63228
496 86.6746 95.4029 1.03995
497 93.0012 1.21857 1.66212
498 62.5584 89.7021 -0.918041
499 54.8566 52.0915 -0.96315
