500
Particles
0 52.4149 26.1544 2.11141
1 90.4083 3.89366 1.9801
2 73.4479 69.6514 2.39506
3 59.2094 92.4671 1.45212
4 56.4115 47.6262 2.51227
5 91.2593 1.59508 1.71747
6 70.7665 52.7339 2.52852
7 66.3384 99.4892 1.74109
8 44.4943 53.4929 2.13865
9 25.8573 0.6316 0.699875
10 71.8434 30.9319 2.72925
11 67.2554 60.4729 2.43681
12 76.1784 68.4003 2.36252
13 52.0672 30.3205 2.24116
14 59.1857 50.877 2.00194
15 53.3963 34.001 2.40679
16 89.9071 41.6977 2.41916
17 62.8172 65.8634 2.61398
18 59.018 59.4597 2.88307
19 26.227 78.2415 2.00685
20 58.924 93.9515 1.12062
21 68.7815 50.7279 2.11753
22 70.8028 41.8533 2.06736
23 53.0994 38.4178 2.68492
24 61.776 95.7381 1.18235
25 59.5877 34.6354 2.0894
26 92.7287 96.019 1.27133
27 66.8144 58.4923 2.08333
28 67.8385 47.6291 2.18021
29 77.0532 67.0386 1.86503
30 46.962 97.4804 1.24244
31 67.3104 43.0357 1.91328
32 19.8208 84.2477 1.89052
33 58.7957 2.13998 1.55457
34 60.2695 31.9156 2.68445
35 54.9164 60.8209 1.92722
36 54.5303 3.38307 1.72457
37 78.9413 63.6956 1.71765
38 61.4629 39.8302 2.59787
39 54.6551 40.1687 2.03027
40 64.1119 31.8109 1.90175
41 52.1505 39.011 2.43562
42 73.1914 32.322 2.15407
43 60.1275 93.479 1.39056
44 91.5867 5.61306 1.76518
45 77.3446 35.2043 2.43991
46 62.1867 35.8914 2.37189
47 89.2329 91.3962 1.84562
48 68.3162 34.7081 2.71593
49 56.9332 23.4587 2.34402
50 64.4126 62.3496 1.89044
51 74.9495 44.65 2.6458
52 59.3153 95.3476 1.08058
53 55.3444 3.53902 1.87949
54 59.4395 47.7804 1.89185
55 72.3998 89.0324 1.83779
56 61.809 50.753 2.30026
57 72.6289 25.1756 2.92617
58 62.2759 54.1726 2.34948
59 57.463 33.7938 2.12999
60 63.721 58.5487 2.48141
61 68.5912 31.3184 1.97929
62 44.2283 46.6804 1.87419
63 30.1654 56.1427 1.90325
64 67.7123 55.7657 2.11585
65 88.004 92.6576 0.869278
66 60.5894 61.7945 2.74492
67 61.5767 60.3228 2.36769
68 90.6607 89.0892 1.47873
69 81.3602 29.8727 2.22612
70 69.2293 55.2753 2.02784
71 62.052 34.5771 2.51636
72 61.0088 58.4701 2.79707
73 79.8474 61.6192 1.49041
74 69.662 28.1575 2.48032
75 67.1148 95.891 1.4294
76 72.416 28.3875 2.10768
77 72.0603 54.5452 2.09844
78 81.1854 70.5482 2.04987
79 62.5493 56.0376 1.91674
80 70.1668 34.0934 2.41622
81 62.3708 62.4077 2.03434
82 47.5577 59.1956 3.05303
83 53.4786 53.968 2.19816
84 70.9773 86.5035 1.88218
85 69.7167 35.0824 2.659
86 69.193 31.0551 2.67548
87 81.3441 58.197 1.75635
88 73.9527 87.7222 1.66761
89 68.7525 28.3698 2.16938
90 61.7958 96.4438 1.01857
91 66.6615 43.2308 2.51312
92 73.6829 52.1246 2.18997
93 53.3626 48.3068 2.31178
94 69.4847 34.1346 2.74395
95 30.6832 81.1108 1.65206
96 68.7733 54.8113 1.81011
97 71.2188 57.5203 1.90099
98 65.4152 26.4542 2.01102
99 72.1335 50.5086 2.76709
100 61.2587 96.1488 1.28782
101 59.3538 57.9027 2.13919
102 70.5077 30.3432 2.48895
103 60.5255 30.0471 2.64757
104 70.4198 38.9446 2.41305
105 60.0357 97.692 1.00496
106 59.6671 47.325 1.90917
107 56.5095 36.2376 2.34302
108 69.4672 41.6333 2.50137
109 63.8955 54.3288 1.95596
110 69.253 97.1149 1.34659
111 82.5603 63.3883 1.65714
112 59.2033 91.6937 1.2636
113 68.9857 49.7888 2.359
114 68.1011 59.4265 2.61096
115 73.9439 65.7863 2.04843
116 72.4351 25.8398 2.64234
117 61.605 38.3468 2.58443
118 43.3128 91.9057 2.58847
119 56.4329 51.4933 1.91658
120 57.2751 29.9043 1.9999
121 76.3238 98.4733 2.7835
122 66.513 34.0503 2.73537
123 52.023 48.7386 2.16742
124 71.2694 69.0359 1.80808
125 89.5892 85.054 1.23225
126 87.5504 44.7401 2.19467
127 47.2066 33.2369 2.12097
128 61.9781 96.0219 1.09649
129 64.6367 60.0011 2.24805
130 62.8066 42.8486 2.69853
131 71.7361 30.7396 2.62771
132 5.81671 77.6179 2.72747
133 95.5709 89.246 1.11755
134 59.7046 8.06971 1.68931
135 74.5514 57.2336 1.96421
136 70.0225 26.8606 2.03293
137 68.6874 54.8753 2.19164
138 71.651 34.3695 2.66072
139 59.2844 29.7494 2.46931
140 73.6963 31.5699 2.06143
141 78.799 88.5867 1.8164
142 54.7594 51.7237 1.63469
143 28.5191 61.7671 1.53109
144 68.1733 55.6559 2.37321
145 64.9129 62.8586 1.87605
146 55.8154 33.2221 2.21319
147 59.8649 2.28452 1.49241
148 79.4944 59.813 1.39682
149 57.8169 62.1023 1.94712
150 71.2625 31.2876 2.00498
151 21.9666 82.8674 2.04451
152 70.2958 27.2321 2.14132
153 71.6375 41.4363 2.28549
154 90.3879 38.5607 2.07736
155 94.0627 91.6314 0.927599
156 48.8997 54.0198 2.28372
157 16.2633 33.969 -1.68742
158 91.61 97.6144 1.76118
159 28.7993 66.1744 2.08361
160 58.2504 4.30392 1.93269
161 32.7028 67.4861 2.12857
162 57.874 62.0265 2.04616
163 72.9894 85.2224 1.34548
164 87.9611 93.8218 1.64124
165 54.0333 60.0684 2.48897
166 72.2768 86.6703 1.93472
167 82.7121 61.9929 1.58084
168 62.4129 57.1554 2.27777
169 84.2555 92.8221 1.12161
170 29.6737 87.4351 1.27625
171 68.7139 51.9281 2.34451
172 54.6056 31.832 2.0065
173 73.4174 29.5433 2.21652
174 90.4835 97.5116 1.53791
175 93.3637 81.995 1.24615
176 73.9911 70.396 2.34909
177 61.3109 28.1661 2.33329
178 61.5069 94.5209 1.01257
179 68.0271 47.8905 2.74678
180 70.1182 53.0352 2.41026
181 29.8448 61.553 1.43981
182 62.1708 49.9547 2.13423
183 49.3283 22.6766 2.27457
184 76.0229 53.8096 2.4071
185 92.1711 92.2719 1.39121
186 72.3209 38.3532 2.61436
187 46.1383 89.3508 2.20178
188 44.3622 32.9204 2.36706
189 69.0836 65.532 2.6557
190 91.1065 97.1606 1.41805
191 72.5546 61.9039 1.81115
192 67.7535 23.2726 2.87521
193 75.6286 47.6229 2.15754
194 64.615 28.729 2.19191
195 68.5404 52.7402 2.6972
196 57.229 26.463 2.5017
197 69.1165 30.4638 2.71171
198 73.1394 52.2544 2.05138
199 11.1883 32.6496 -1.29068
200 73.6235 54.2937 2.05778
201 77.034 64.2069 2.29446
202 60.5377 96.3848 0.985556
203 34.4168 68.476 1.16837
204 93.9447 94.9683 1.15081
205 82.711 61.3616 1.67385
206 64.1831 30.1297 2.12163
207 59.9305 36.6305 2.24818
208 49.4598 62.5276 2.54942
209 43.3202 90.666 2.63031
210 64.286 60.436 2.49684
211 71.6053 38.2172 2.28573
212 92.3207 88.5923 1.18859
213 21.9598 80.3724 2.33796
214 44.8047 30.2208 2.78078
215 60.8871 42.671 2.41451
216 78.3442 38.6022 2.30066
217 67.8691 51.8446 2.33838
218 67.1938 71.7677 1.25266
219 63.3868 66.8331 1.83873
220 79.5065 62.1363 1.77317
221 78.4881 48.8298 2.45436
222 77.6979 62.4277 1.983
223 64.4092 99.0532 1.67481
224 57.0682 93.0081 0.960194
225 75.4333 68.0433 2.00086
226 7.50308 26.0622 -1.30618
227 74.5386 41.5205 2.23809
228 70.6205 31.871 2.78306
229 74.85 35.0954 2.35323
230 51.3399 33.5234 2.48998
231 64.61 57.2966 2.367
232 73.2977 48.3332 2.06407
233 61.9845 34.089 2.73889
234 60.1132 31.637 2.08542
235 60.3544 48.1029 2.01324
236 84.7297 32.3917 2.42669
237 72.5784 68.4756 2.40097
238 63.3683 50.6219 2.3196
239 55.4198 52.4889 2.41701
240 66.5412 57.9537 2.37543
241 46.7599 51.8869 2.31319
242 74.2746 40.5719 2.24306
243 73.4578 54.5013 2.25874
244 31.5417 68.4342 1.85162
245 74.3787 44.2397 1.99027
246 72.2722 35.3929 2.30405
247 91.4455 95.5694 1.08701
248 57.5152 51.2687 2.05179
249 67.5882 25.6499 2.19081
250 64.0109 58.1517 1.88345
251 67.8434 66.5278 2.39499
252 63.5967 98.1215 1.84982
253 53.3344 94.1214 1.3911
254 71.5217 29.9493 2.6628
255 58.6717 60.873 2.28131
256 74.9289 39.4341 2.52506
257 67.3708 29.3003 2.25686
258 47.4236 57.4263 2.09379
259 59.9321 48.0141 2.1041
260 93.6017 99.0793 1.55107
261 56.5155 52.1217 2.412
262 75.0704 33.7992 2.37499
263 72.0679 47.3568 2.81431
264 59.442 2.93414 1.48613
265 69.7467 30.1589 2.65642
266 62.0267 27.1817 2.12906
267 67.7148 57.6365 2.20163
268 57.1541 30.3782 2.08258
269 64.8902 60.0974 2.15149
270 62.4687 52.5028 2.78098
271 61.9877 50.2792 2.4065
272 19.6237 79.1195 2.21774
273 59.4827 31.0612 2.48795
274 64.7594 39.1772 2.40261
275 72.2767 33.1675 2.3197
276 63.322 23.7549 2.61667
277 74.5691 52.3934 1.92095
278 79.5997 99.8194 0.0432871
279 74.3496 41.4571 2.6062
280 65.3179 54.6475 2.36359
281 71.4062 36.7333 2.07854
282 58.4802 50.4482 2.42114
283 84.5187 60.9822 1.83742
284 84.4963 29.1454 2.08128
285 72.5558 56.3629 2.55561
286 48.9462 37.2278 2.09584
287 69.7732 34.7747 2.0838
288 51.7746 69.8858 0.131404
289 81.7973 30.2275 2.05175
290 63.6083 35.1296 2.53031
291 49.6054 19.8877 2.1604
292 92.9132 90.0839 1.68346
293 61.6953 36.3021 2.10878
294 62.2144 48.1634 2.12121
295 67.2486 50.492 2.73726
296 77.8189 53.6803 2.52075
297 88.9501 41.461 1.52816
298 50.8389 53.5915 1.93439
299 76.5627 63.8198 2.16061
300 64.3161 31.0576 2.4233
301 62.2958 60.1279 2.80294
302 55.874 29.0882 2.08592
303 72.0134 35.9744 2.1537
304 27.3546 57.6719 1.62731
305 68.991 64.9027 2.45281
306 58.3515 98.8819 1.12138
307 74.0292 66.4625 1.98419
308 58.17 55.8396 2.59953
309 62.2138 37.9834 2.87206
310 60.602 0.588665 1.78486
311 57.2151 41.1228 2.35356
312 73.4696 44.355 2.45707
313 22.0079 81.4944 1.70321
314 61.8214 64.3331 2.16852
315 73.2623 40.3577 2.1584
316 72.1379 50.4804 2.02241
317 62.6099 54.5546 2.09933
318 74.9882 67.3206 1.51587
319 77.0103 63.9609 1.9077
320 78.5323 61.6875 2.1862
321 62.5354 64.9804 2.00347
322 80.1775 58.454 2.06348
323 61.5585 55.3577 2.28757
324 10.1901 28.41 -1.65638
325 77.4503 37.496 2.53735
326 69.5794 30.1903 2.10645
327 62.2781 32.0275 1.85448
328 84.6256 58.4515 1.46933
329 56.3129 88.819 1.12127
330 22.4738 80.3331 2.1584
331 64.0897 3.09579 2.04794
332 28.7412 83.1516 1.78951
333 75.863 54.7394 1.99939
334 54.2979 42.7757 2.27314
335 75.668 63.5013 2.09821
336 81.2889 61.1871 1.41077
337 56.0062 49.0374 2.56002
338 79.13 39.7286 2.46138
339 67.1993 32.0657 2.32972
340 53.105 29.8845 2.07111
341 55.4906 55.3905 2.30526
342 61.7549 57.5803 2.02491
343 75.9528 37.9863 1.79578
344 72.4225 34.3525 2.76524
345 67.8901 92.6205 1.28357
346 53.6742 40.8096 2.12458
347 95.7725 99.8986 1.36106
348 45.529 35.3943 2.12897
349 91.3246 94.9503 0.826543
350 71.3224 38.6219 2.47505
351 32.4601 57.525 1.81654
352 93.5653 3.04662 2.23617
353 62.676 97.9396 1.50053
354 66.4401 26.2257 2.27533
355 71.3212 27.0504 2.83398
356 81.6503 57.6192 1.60439
357 90.1278 93.9551 1.03258
358 64.6306 54.2609 1.83987
359 59.0174 33.887 2.13501
360 59.07 66.1049 1.78781
361 55.1905 22.5617 2.77805
362 65.7863 51.7498 2.51913
363 70.7719 32.98 2.74799
364 61.9509 3.28905 2.00845
365 69.2108 44.4382 2.18253
366 71.5635 54.0456 1.87072
367 81.2132 62.2644 1.46343
368 54.0831 32.071 2.19843
369 26.2671 80.6148 2.0896
370 56.7115 96.1033 1.27403
371 60.7307 60.725 2.12865
372 64.7664 48.6463 1.86887
373 73.6806 57.1806 2.23095
374 64.4431 62.4103 2.13633
375 77.2285 51.9194 2.4934
376 66.0272 52.615 2.53129
377 19.8792 82.1923 2.48828
378 64.5756 37.7915 2.67458
379 80.7107 64.7669 2.21147
380 71.9095 32.0716 2.55207
381 6.81937 31.6909 -1.11556
382 69.0171 52.8834 2.68053
383 75.1487 90.0736 1.42982
384 71.5891 47.5823 2.39319
385 64.6886 100.038 1.19465
386 53.8845 1.25261 2.1384
387 56.4545 22.9027 2.30091
388 78.0544 35.0724 2.59392
389 59.4511 34.1817 1.91935
390 52.9372 57.5357 2.20602
391 60.886 54.7526 2.69255
392 59.8493 32.5045 2.02667
393 78.205 41.319 2.31875
394 69.2982 55.1069 2.71577
395 64.7793 55.1423 2.02109
396 64.1362 65.4276 2.01273
397 66.2846 57.5931 2.57392
398 22.5016 79.9765 2.08708
399 50.4833 52.9266 2.36916
400 55.4026 50.4211 2.12531
401 32.0956 80.9848 1.71806
402 66.3628 25.3506 2.07626
403 70.0975 51.528 2.60678
404 66.0659 34.453 2.53993
405 91.0758 3.44057 1.62855
406 48.4567 27.7396 2.25419
407 71.554 56.1531 2.03854
408 60.4698 41.5751 2.84685
409 84.4548 60.5946 2.17094
410 57.0879 52.5648 2.54842
411 67.0005 59.8842 2.56807
412 74.8891 29.2857 2.44882
413 56.0641 52.7269 2.60191
414 75.5592 39.719 2.45523
415 86.017 91.7084 1.03068
416 75.5456 52.0255 2.55985
417 54.7231 50.4097 2.52934
418 66.3577 60.9251 2.66661
419 70.3002 89.5889 1.51545
420 60.589 33.9715 2.05601
421 64.7063 59.4459 2.55443
422 60.4653 51.9437 2.23515
423 76.9035 58.0838 2.26423
424 63.3822 64.9201 2.19973
425 67.4306 47.5003 2.18367
426 2.48094 29.4673 -1.40138
427 65.2789 63.9921 2.56606
428 69.615 37.9862 2.68618
429 72.8477 33.9099 1.95449
430 25.9668 63.5816 2.33629
431 76.2618 49.9714 2.32586
432 60.0523 62.3328 2.11336
433 85.7096 58.3925 2.3662
434 64.9973 34.5207 2.69957
435 63.6646 0.670232 1.77304
436 30.9541 63.1044 1.43461
437 59.6421 29.6213 2.89281
438 78.475 69.8301 1.69275
439 80.8452 63.6016 1.90343
440 75.0187 29.3974 2.20701
441 46.3487 28.371 2.20415
442 69.2161 57.5869 2.04401
443 8.84159 35.5457 -1.86364
444 73.9626 45.7075 1.92642
445 83.0703 98.3968 -3.2443
446 67.1853 98.871 1.38466
447 51.2846 36.4361 2.49006
448 66.9756 53.726 2.04741
449 78.9119 30.0452 2.04775
450 57.5254 56.0585 1.95533
451 65.4629 27.8599 2.12204
452 65.5587 65.4503 2.15309
453 71.2802 28.4992 2.40133
454 67.9466 62.3006 2.38029
455 80.5047 92.019 1.72864
456 53.4336 47.6119 1.90307
457 61.9209 50.3167 1.82591
458 63.5695 46.129 2.26628
459 93.3018 89.678 1.09876
460 61.7798 32.2525 2.49753
461 58.3025 96.9868 1.32053
462 73.7186 42.7104 2.69385
463 64.1451 52.1825 2.10424
464 82.8626 48.8018 2.69022
465 58.0429 53.662 2.23129
466 75.4071 36.8303 2.51018
467 82.1982 61.4483 1.58575
468 55.315 30.4026 2.03188
469 34.3611 58.376 2.5185
470 17.4143 73.7646 -0.360977
471 66.0505 36.6545 2.46548
472 75.3458 44.9174 2.1005
473 74.455 52.1932 2.39292
474 13.5295 31.1096 -1.14381
475 51.3814 32.8659 1.86945
476 90.1031 93.7723 0.980505
477 73.1013 34.6878 2.67452
478 53.278 65.2381 2.862
479 66.9064 91.5013 1.79809
480 58.4552 40.7194 2.33492
481 83.6161 57.2727 1.56676
482 66.7773 25.7427 2.62151
483 56.9534 57.3427 2.77475
484 54.6007 33.3649 2.36707
485 50.8839 22.7974 2.3374
486 75.3711 32.0646 2.27148
487 74.8657 36.577 1.92598
488 46.2223 50.1843 1.62508
489 68.5198 90.0008 1.32455
490 68.2375 96.5216 1.39309
491 68.3934 31.5677 2.20672
492 77.1939 48.4441 2.19162
493 70.2429 39.2315 2.18166
494 67.5304 26.9208 2.55844
495 61.7405 37.287 2.3806
496 68.0314 57.5184 2.70765
497 64.0328 60.4076 2.181
498 76.1058 32.6682 2.20354
499 76.8646 74.3012 1.95143
