500
Particles
0 5.73564 46.4361 0.723884
1 71.781 81.8473 2.72578
2 62.8361 54.3573 1.73602
3 53.817 74.3769 1.23266
4 87.451 98.9491 1.7612
5 75.2158 79.7834 1.96103
6 11.6018 16.0239 2.31545
7 66.2487 81.8998 1.79534
8 81.6143 7.36906 2.95491
9 48.9911 58.9908 2.06174
10 9.76998 92.6661 2.99943
11 10.385 25.3566 1.73464
12 72.6884 53.6609 1.56655
13 76.1751 67.6942 1.85338
14 88.5143 99.9779 2.77947
15 80.6965 77.8316 2.45317
16 47.0042 7.44368 2.68283
17 5.77268 30.4638 2.29879
18 93.0776 16.3632 2.70874
19 88.1835 18.4135 2.38944
20 58.7874 76.9082 1.41379
21 6.94672 11.2738 2.4492
22 10.9138 5.70808 2.45978
23 84.4983 89.4391 2.08401
24 59.1275 78.0337 2.13162
25 92.9969 90.2944 2.68258
26 98.1088 44.8318 1.99931
27 3.99908 18.5662 2.43119
28 4.69633 6.30742 3.35213
29 86.6792 50.99 1.48175
30 58.9497 49.2931 1.83578
31 7.43344 6.03685 3.19059
32 96.5649 51.211 1.16448
33 42.8295 83.2148 1.97958
34 93.2334 86.2395 2.37244
35 93.9732 23.1514 2.05661
36 21.8759 59.6658 -1.7675
37 85.1618 49.5979 0.855392
38 94.9451 96.1104 2.27413
39 86.6136 92.263 2.026
40 89.5345 75.9345 2.49829
41 78.8217 84.0822 2.51152
42 13.7788 96.2737 2.13525
43 56.9691 76.2505 2.06047
44 75.0391 81.8694 2.29422
45 23.9603 4.75247 2.13872
46 92.524 89.1696 2.91116
47 71.0145 70.587 1.96481
48 6.73226 96.1135 2.93776
49 92.1019 36.5659 2.10223
50 99.0227 19.78 1.98435
51 15.6969 7.8648 2.24769
52 55.6724 78.694 1.77156
53 24.6762 59.7938 -1.78787
54 89.5098 97.792 2.19527
55 64.9999 73.3484 2.08081
56 89.5982 96.9339 2.07214
57 9.20712 84.7415 2.12594
58 96.2641 10.6295 2.10542
59 84.9583 77.5477 2.49053
60 98.4936 15.7288 2.35682
61 7.3342 93.7646 3.1064
62 74.7595 85.0939 2.54887
63 85.3417 21.0136 2.74562
64 3.66616 14.3842 3.13786
65 71.6747 71.5511 1.61572
66 95.2202 19.9803 2.76738
67 98.6433 20.4211 2.84334
68 74.0025 65.4741 1.50188
69 22.0915 63.0319 -1.48089
70 8.02056 17.1244 2.45999
71 95.0477 91.2756 2.82878
72 95.352 16.1617 2.0829
73 81.6124 47.1794 1.65704
74 12.0801 93.2373 2.58063
75 64.3414 78.3555 1.60092
76 11.7776 90.526 2.73178
77 11.9582 18.1174 2.18751
78 90.765 52.6633 1.45342
79 97.5118 13.5794 2.38138
80 7.85028 94.6291 2.15989
81 99.5193 22.5385 2.31513
82 88.8329 16.0903 2.52653
83 89.7853 11.9002 1.99269
84 64.499 70.4634 1.71272
85 10.5235 99.2871 2.05667
86 9.46157 94.6573 2.16078
87 87.1886 44.2557 1.72058
88 66.8794 72.0112 1.44696
89 7.15751 90.1153 2.59057
90 58.0249 78.8828 2.226
91 7.10802 6.64615 3.14579
92 13.9788 14.8951 2.11483
93 83.8721 97.1615 2.06565
94 5.95078 94.7776 3.06756
95 55.7336 49.6042 1.54392
96 7.21956 15.7208 2.15851
97 13.6714 22.6145 2.70986
98 97.7682 78.3666 1.49993
99 10.4469 12.3145 2.71419
100 61.7491 80.1786 2.05506
101 96.6214 18.697 2.60833
102 8.81566 92.2216 2.78518
103 87.3471 73.817 1.68544
104 8.24436 0.780278 2.59775
105 57.6203 81.5412 1.68639
106 89.8574 97.8496 2.42156
107 87.8827 87.7674 2.42921
108 10.4689 6.17345 2.48003
109 97.0276 10.3658 2.42657
110 65.8003 79.4636 1.79308
111 89.7745 49.4675 1.29317
112 54.318 74.1196 1.29781
113 6.11812 10.5252 2.40761
114 4.99975 20.5673 2.48166
115 63.2618 50.9745 1.27859
116 9.85575 85.376 2.88603
117 96.2807 96.3216 2.48204
118 74.2842 39.2511 0.937669
119 86.9638 0.50952 3.01887
120 81.6769 66.7087 2.21542
121 70.4598 80.9511 2.64167
122 99.7059 89.8996 2.19312
123 83.8364 97.0451 2.21887
124 63.2587 54.6883 0.949488
125 92.4892 52.6581 1.47039
126 47.8722 9.78558 2.47494
127 76.0993 71.71 2.55569
128 63.5572 78.1687 1.64636
129 96.3737 15.3312 2.37168
130 97.7639 99.122 2.55062
131 11.6917 93.3382 2.12754
132 94.6195 51.362 1.52833
133 91.0033 30.7345 2.66126
134 69.6958 85.5097 1.81761
135 71.987 87.8523 2.20132
136 7.22223 87.3812 2.48099
137 7.26278 15.6195 2.12298
138 11.6656 97.2608 2.32954
139 82.6655 64.6822 2.4396
140 12.152 92.8872 2.2929
141 82.7129 19.3714 3.2308
142 91.3159 11.0832 2.56989
143 91.256 28.8837 2.49042
144 7.42362 17.8112 2.52812
145 99.2265 21.1096 2.91031
146 87.2054 86.3413 2.29652
147 46.4608 84.532 1.25781
148 84.4305 46.0713 1.54399
149 94.8297 22.9105 2.30844
150 11.1645 94.9441 2.23722
151 98.3718 46.0529 1.88713
152 8.35294 88.3867 2.43423
153 11.9651 5.58772 2.45839
154 43.9409 0.208476 3.44801
155 85.8354 28.1523 2.87317
156 86.1602 11.1155 2.58569
157 78.0743 80.8023 1.90771
158 1.23563 43.0454 1.21133
159 53.9747 45.9798 1.65513
160 24.6602 60.8752 -1.52119
161 57.4087 47.0599 1.59746
162 92.7625 19.7237 2.24832
163 87.3612 56.3638 1.37804
164 70.9972 71.6024 1.81154
165 90.0196 16.1316 2.54068
166 66.0854 70.4843 1.99217
167 89.4523 48.5501 1.42821
168 98.215 15.8633 2.25684
169 68.9008 75.2554 1.47572
170 58.6613 54.6987 1.3185
171 9.4246 15.7718 2.20548
172 79.9491 74.218 2.4434
173 13.7732 93.2564 2.29737
174 72.5152 78.8929 2.0822
175 94.7389 51.4727 1.73311
176 65.1292 56.5194 1.328
177 6.86149 50.8401 1.53089
178 56.4329 76.8525 1.68632
179 4.49651 6.81939 3.12734
180 9.18843 13.971 2.90921
181 94.0681 29.2006 2.60487
182 97.9147 7.48832 2.34225
183 90.9528 36.0479 2.591
184 18.879 18.6853 2.42563
185 73.5837 70.102 1.52746
186 14.2357 3.70128 2.09673
187 60.6746 54.4791 1.5486
188 76.7648 77.7982 2.61388
189 39.0906 31.7538 -0.273804
190 72.6361 75.5937 1.55331
191 81.2949 15.3234 2.32933
192 5.41991 63.6336 -0.158101
193 14.5438 9.77948 2.61338
194 91.9243 73.871 2.01308
195 2.44774 9.57291 2.3868
196 82.4413 63.1443 2.0545
197 6.30756 91.0562 2.91068
198 17.4469 18.3022 2.48153
199 55.8093 55.2518 1.76237
200 17.252 20.088 2.59458
201 70.9873 49.1856 1.08404
202 57.6632 79.9399 1.65617
203 57.9838 49.0349 1.19578
204 97.9222 41.9628 1.33327
205 88.8251 47.2417 1.46147
206 89.9261 74.2536 1.96114
207 91.0553 90.4113 2.68558
208 90.2729 23.1933 2.96877
209 59.2268 53.8517 1.16306
210 99.2179 19.4636 2.95779
211 12.8477 2.89664 2.43119
212 87.4523 29.007 2.26659
213 94.92 46.609 1.06034
214 74.8475 74.6348 1.83177
215 91.1752 93.7511 2.65173
216 19.5144 3.03552 2.87191
217 3.53918 9.47748 2.41035
218 75.1988 38.9605 0.864327
219 5.44248 31.685 1.64447
220 85.4869 48.1845 0.948177
221 20.3484 13.1159 2.49014
222 85.0109 47.9389 1.67527
223 61.5554 80.7674 2.10725
224 35.8544 64.8481 -2.34747
225 67.6945 54.335 1.43581
226 51.0735 49.5242 0.935067
227 15.6285 5.69662 2.25265
228 8.98963 93.4532 2.82107
229 18.4761 2.17171 2.08833
230 80.4925 78.359 2.13406
231 0.396996 15.5786 2.50794
232 12.8989 10.5149 2.88442
233 91.9587 86.0429 2.87339
234 85.7884 76.1185 2.41109
235 89.5836 97.3417 2.21363
236 43.1423 98.1511 -2.19322
237 62.7863 53.9769 1.48492
238 99.1718 8.92783 2.49458
239 93.2432 12.6986 2.22237
240 2.48805 15.8565 3.10291
241 82.2467 5.99524 3.15899
242 14.7258 4.68709 2.48138
243 16.1944 20.1267 2.55028
244 57.0965 46.8468 1.6727
245 14.9486 7.6629 2.7542
246 12.6144 99.7399 2.38766
247 72.9391 73.0965 2.37444
248 83.6573 96.0232 2.32817
249 0.230119 74.8585 1.83199
250 98.9798 16.1082 2.67584
251 35.3668 32.7088 -0.340643
252 58.5521 82.4622 1.87843
253 28.3285 56.125 2.4834
254 10.1648 92.2519 2.8905
255 93.2345 17.4236 2.50508
256 14.2543 2.24042 2.77501
257 6.11475 91.1168 2.22983
258 85.1309 14.0708 2.15224
259 87.9548 95.9486 1.79098
260 5.87508 37.8136 0.514229
261 93.5427 9.52003 2.42413
262 16.579 98.5203 2.27643
263 12.9253 10.6271 2.33714
264 48.8547 87.0191 1.46501
265 6.67547 90.6774 2.56394
266 7.75172 45.4905 0.496022
267 3.69721 16.009 2.26614
268 81.1104 64.796 2.22952
269 1.96533 20.2954 2.97127
270 96.9124 9.58576 2.07679
271 92.1651 1.4839 2.21351
272 93.2466 46.498 1.21761
273 85.0962 72.9621 2.33104
274 99.0008 96.1676 2.67746
275 11.0487 95.7698 2.315
276 6.02818 41.1422 0.956238
277 15.0533 15.9407 2.37808
278 69.421 81.4942 2.15302
279 14.9353 5.51098 2.91572
280 3.47425 14.4834 3.10678
281 9.7228 98.1552 2.19788
282 89.329 0.426425 2.90342
283 92.9475 45.8192 1.05698
284 39.9795 79.0058 0.310486
285 11.8496 18.785 1.90635
286 77.0721 81.9323 2.49874
287 8.04995 96.1681 2.93994
288 48.0376 39.9913 2.35177
289 21.8815 63.0784 -2.38028
290 97.0738 91.3363 2.4981
291 85.293 28.6627 1.95465
292 83.8195 27.3973 2.14132
293 92.3842 88.6577 2.6988
294 96.0972 2.95596 2.4354
295 5.51039 10.1729 2.90478
296 20.1704 17.2313 2.00295
297 44.6773 5.86738 2.1922
298 89.2131 13.7335 2.53118
299 67.6661 49.7344 1.76799
300 1.69221 92.2557 2.27165
301 97.5615 18.2783 2.41701
302 80.4376 66.37 2.5407
303 10.0049 98.2526 2.25903
304 85.6374 23.496 2.7406
305 38.066 32.4312 0.117173
306 35.591 73.803 2.93835
307 66.3929 51.4813 0.853971
308 91.1484 11.0623 2.52828
309 95.7186 93.9717 2.04417
310 54.977 83.6894 1.8839
311 85.7302 89.3189 2.97071
312 14.1919 8.93764 2.5756
313 94.579 47.6315 0.904187
314 96.9698 22.2525 2.34969
315 14.9702 5.04421 2.10793
316 13.6178 14.3129 2.28484
317 94.8843 10.0427 2.8209
318 65.2525 52.384 1.61323
319 82.3839 49.5639 0.968945
320 86.4692 48.3335 1.71979
321 99.4755 25.1498 2.4887
322 82.9353 44.7691 1.39779
323 96.6993 13.3268 2.80204
324 53.8687 52.5797 0.843912
325 20.8028 3.03875 1.8941
326 7.0233 91.4974 2.70544
327 93.901 84.8385 3.24475
328 91.1586 44.5223 1.04111
329 93.4455 54.7965 1.16341
330 94.2517 45.7479 1.72768
331 52.383 85.7907 1.40045
332 56.8307 53.3053 1.26508
333 21.1782 21.2989 2.43222
334 84.9816 92.5548 2.16428
335 67.0943 48.0434 1.27129
336 88.5835 46.8562 0.92025
337 86.5328 99.0004 1.76063
338 21.2938 4.52315 2.27616
339 3.74856 92.6332 2.27686
340 77.3724 66.8936 2.28924
341 90.784 12.2697 2.45129
342 -0.198045 18.9893 2.72891
343 19.7112 4.38565 2.50952
344 14.3756 99.511 2.36589
345 65.439 75.1732 1.81303
346 84.8101 91.5249 2.64007
347 7.15874 38.3026 0.650387
348 76.1108 84.3056 2.29479
349 72.436 71.1596 2.10197
350 10.633 1.85654 2.42756
351 89.0752 23.9839 3.08129
352 75.0431 80.2113 1.83057
353 61.4036 79.5388 2.00236
354 92.7427 69.7889 1.77483
355 11.0974 89.7485 2.26574
356 88.0435 43.2804 0.973587
357 72.688 72.3466 2.20021
358 0.495521 12.6397 2.55949
359 90.1932 86.9696 2.69346
360 93.9389 23.621 2.7253
361 4.75829 43.6959 0.786663
362 1.89857 9.51337 2.46614
363 9.35822 95.573 2.81981
364 54.4685 84.3297 1.4749
365 11.3203 9.7488 2.32921
366 13.8667 18.8828 2.52867
367 90.7809 47.5626 0.933109
368 78.2239 71.6141 2.47734
369 96.8426 46.7392 0.904688
370 32.6165 68.7442 -2.38655
371 95.7267 18.8216 2.61248
372 0.964397 7.27098 3.11793
373 65.2232 3.03266 -0.0340669
374 99.3298 20.4525 2.72
375 21.2017 17.5993 2.07321
376 2.07744 11.4269 2.37888
377 94.5504 48.8495 1.59131
378 97.7444 93.8497 2.40589
379 88.8827 50.6054 1.02593
380 9.51201 92.9989 2.53414
381 53.6972 54.0126 1.41886
382 11.0203 17.8841 2.14284
383 67.8686 75.1559 1.72531
384 11.3142 10.1048 2.80917
385 67.0657 81.3518 1.59081
386 22.0444 57.9144 -2.25918
387 91.539 34.7497 2.66174
388 19.9249 100.23 2.02887
389 90.9538 87.6906 2.54264
390 87.6465 14.1114 2.07244
391 95.6854 12.2033 2.39368
392 92.6979 87.1604 2.87516
393 19.1344 5.12273 2.05449
394 9.85102 17.8618 2.06178
395 98.5753 11.5751 2.64343
396 4.84587 29.5974 1.60394
397 99.1507 11.9144 2.1768
398 94.7471 45.9947 1.71514
399 82.1308 2.31343 2.85362
400 85.4119 0.990966 2.45917
401 55.6057 50.4588 1.26703
402 91.8639 69.4496 2.72545
403 10.6061 16.032 2.84949
404 2.30779 94.1646 2.98694
405 73.215 80.4498 2.56749
406 76.3296 71.6503 2.2981
407 13.8025 20.8245 2.6524
408 93.8172 96.5351 2.7657
409 90.8309 46.5909 1.35413
410 86.0647 1.89306 2.6312
411 1.73089 18.4511 2.90336
412 10.6086 88.1307 2.42114
413 90.701 10.4957 2.35797
414 18.5924 5.57186 2.28325
415 69.6162 73.4937 1.53834
416 15.4457 14.8102 2.80215
417 86.8862 1.70845 2.2607
418 2.66633 20.8175 2.3435
419 65.2888 73.3648 1.53285
420 89.8332 84.6985 2.3485
421 1.56873 19.5253 3.04751
422 90.2448 2.35716 2.29496
423 46.9513 32.2283 2.3876
424 3.95522 28.0113 1.97087
425 6.68023 8.7992 3.035
426 7.9719 41.8774 0.431287
427 1.8449 23.4516 2.88199
428 3.84682 94.9282 2.61315
429 11.7093 96.0955 2.52413
430 92.9923 31.9454 2.305
431 19.0839 14.1753 2.02328
432 96.4853 22.2994 2.33133
433 95.3882 43.2183 1.55136
434 96.197 86.7738 3.10944
435 57.3036 84.5047 1.71458
436 97.2733 29.6635 2.0808
437 82.6832 64.3593 2.80726
438 87.7743 52.8734 1.7402
439 91.2386 48.9316 1.75451
440 12.2067 90.257 2.96002
441 74.4024 70.5007 1.67011
442 5.01745 15.5756 2.58222
443 54.8 56.3723 1.0233
444 13.8878 9.20691 2.44389
445 71.7669 78.0652 2.3793
446 65.0149 80.8889 1.8244
447 82.3965 87.7891 2.53755
448 3.94869 12.5981 2.63785
449 20.0651 62.5972 -1.97659
450 92.9706 13.7622 2.19471
451 92.3785 71.7447 1.92666
452 7.5453 30.6409 1.65303
453 9.06206 89.521 2.15676
454 13.1593 28.8413 1.89985
455 69.2194 74.8567 1.60528
456 84.1417 97.1604 2.63926
457 92.754 1.16789 2.51509
458 96.6574 100.163 2.65859
459 74.9501 66.935 2.17497
460 92.5318 84.3018 3.0545
461 34.0862 68.0672 -2.41175
462 15.3036 7.97774 2.53864
463 99.0831 9.68665 2.40614
464 41.7591 3.0125 3.20901
465 94.3424 13.2181 2.62695
466 17.5821 2.44823 2.16768
467 88.4394 47.9618 1.15724
468 81.7141 72.1906 1.90187
469 94.088 28.7468 2.42017
470 96.5151 35.2534 2.12765
471 99.3063 92.6528 2.20285
472 15.0016 7.86967 2.4302
473 15.0221 15.1696 2.30203
474 56.7592 55.7646 1.24924
475 77.5253 73.4071 1.81368
476 72.9425 70.2516 2.05276
477 15.8524 0.727134 2.53296
478 94.3368 25.4956 2.25062
479 63.9901 74.4847 1.98142
480 88.2193 90.4813 2.76576
481 86.1663 41.7387 1.79218
482 96.133 74.6419 1.95306
483 89.9231 12.8461 2.4964
484 87.0358 86.6265 2.60692
485 5.93267 42.6466 0.625327
486 14.3479 94.8904 2.41893
487 13.4031 98.6714 2.88333
488 82.7399 4.25023 2.75739
489 62.8004 73.0964 1.79358
490 67.3142 77.652 2.29991
491 4.8604 91.4578 2.33401
492 16.478 11.9585 2.0579
493 9.49065 1.81224 2.30651
494 97.2555 75.6013 2.12583
495 91.288 88.8165 2.29378
496 5.91611 18.1601 2.74808
497 1.03039 20.4031 2.41441
498 14.0632 93.3946 2.76708
499 90.6936 53.8471 1.7163
