500
Particles
0 43.8559 30.8803 2.9367
1 91.1423 12.4725 0.63189
2 69.4252 78.2142 1.34529
3 63.9958 0.853347 0.786153
4 50.8483 55.4725 2.24716
5 92.5972 9.78275 1.04734
6 65.4791 60.8397 2.11553
7 68.9623 8.67387 1.21244
8 38.4381 60.9026 1.6788
9 34.0137 4.91812 0.527449
10 65.1461 37.694 1.98016
11 60.5617 67.3777 2.73768
12 72.8111 77.2065 1.6138
13 43.9379 35.4045 2.94516
14 53.1742 58.2494 2.47535
15 46.5341 40.7346 2.17544
16 82.2197 46.6504 3.39277
17 57.3947 73.5453 2.22102
18 52.5812 66.5772 2.79307
19 22.1542 86.8857 1.83341
20 64.0942 2.03416 0.718124
21 63.2702 58.649 2.22825
22 63.366 48.1054 2.55777
23 46.3282 45.1907 2.06793
24 66.3454 4.12107 0.857131
25 54.083 42.6729 2.63462
26 95.7523 5.20078 1.47806
27 61.3387 66.3231 2.56937
28 62.2426 55.5539 2.23702
29 73.7777 75.9343 1.67072
30 52.923 4.43834 0.742403
31 61.8662 50.971 2.027
32 15.0224 92.4458 2.60963
33 60.6043 11.305 0.931081
34 54.2162 39.2259 2.68415
35 48.1942 67.7984 2.33237
36 55.1594 13.0525 1.36337
37 77.1738 73.0755 1.56407
38 55.6107 47.2746 2.26153
39 48.8022 47.7492 2.41183
40 57.0476 38.1834 2.67338
41 44.8574 45.3871 2.32112
42 65.9131 38.3996 2.44587
43 64.6427 1.80405 1.10759
44 92.1388 14.7972 0.846175
45 71.1943 42.6233 2.12831
46 55.3578 42.7004 2.08151
47 90.681 0.832579 1.2644
48 61.0866 40.9416 2.5416
49 50.48 30.3567 2.43932
50 58.1413 69.229 1.88442
51 68.146 51.4742 2.07216
52 63.3949 4.08456 0.844236
53 57.2527 12.8172 1.55393
54 53.3774 55.2686 2.14955
55 70.7137 98.3388 1.28295
56 55.2462 57.7989 2.23695
57 65.7681 31.8612 2.32207
58 55.3616 60.9697 2.46195
59 50.4679 40.3556 2.6597
60 57.776 66.0675 2.39702
61 62.2158 38.3803 2.07217
62 40.4036 54.8378 2.34789
63 30.3232 65.5912 1.48799
64 61.6034 63.2393 1.91534
65 89.7616 1.84013 1.43184
66 53.8259 68.588 2.55594
67 55.1062 67.5437 2.15019
68 94.5188 97.6508 1.03613
69 75.7198 37.6915 2.00353
70 62.914 62.4927 2.04045
71 55.1923 41.2816 2.3997
72 53.6882 64.7727 2.78157
73 77.7336 70.8549 2.22376
74 63.3562 35.4035 2.59058
75 70.172 4.97144 0.794949
76 65.9058 35.5815 2.77849
77 65.3946 61.5951 1.80767
78 77.5617 79.2462 1.33894
79 56.3668 63.3885 2.65227
80 63.1579 40.6275 2.39654
81 55.4258 68.9855 2.67278
82 39.9831 64.8701 2.27075
83 47.9552 61.6404 2.66163
84 68.8055 95.9383 1.62186
85 63.245 42.2862 2.44895
86 63.4903 38.8668 2.84786
87 80.1847 67.7649 1.59724
88 71.6506 96.9995 1.52096
89 62.6558 35.8218 2.3914
90 65.3912 5.26333 1.26715
91 61.1524 51.2169 1.93319
92 67.8554 59.6362 2.54494
93 47.1561 55.7413 2.58274
94 62.9379 40.9341 1.89374
95 25.7735 89.3128 2.25929
96 62.3352 61.9382 2.06478
97 65.7651 65.3949 2.37631
98 59.7321 34.2414 2.19858
99 66.2443 57.9547 1.82865
100 65.4672 4.45792 1.59725
101 53.208 65.3386 2.08163
102 63.4462 36.8397 2.73851
103 53.7946 36.9173 2.29892
104 63.3787 45.4349 2.79603
105 63.6453 6.50897 0.709204
106 53.671 55.0107 2.14494
107 49.6092 43.0278 2.3497
108 63.6973 49.3345 2.5171
109 56.9268 60.9665 2.2811
110 71.9299 6.19519 1.09395
111 82.7188 73.0173 1.14477
112 63.8731 99.9954 1.39048
113 63.2763 57.5632 2.15812
114 61.4274 66.3181 2.53969
115 70.4179 74.3352 1.56109
116 65.4476 32.457 2.18746
117 54.4861 44.8449 2.81724
118 37.7697 99.7496 1.98284
119 50.7741 59.213 1.86943
120 50.5185 36.8544 2.5067
121 77.7632 7.28187 1.37275
122 59.1854 40.1668 2.15792
123 47.8659 57.4249 2.02739
124 67.5365 77.684 1.60209
125 94.2922 93.2159 0.77038
126 79.2776 49.566 2.91847
127 39.0883 37.8079 3.2552
128 66.8092 4.35798 1.59451
129 57.4106 66.3516 2.41635
130 57.2906 50.7038 2.55911
131 64.3296 36.6718 2.0837
132 0.09862 84.4005 1.45316
133 99.1229 98.2587 1.49794
134 59.0757 17.5387 2.38023
135 70.9644 66.1637 2.28089
136 63.0618 33.4372 2.27813
137 61.7765 61.5354 2.23513
138 64.8242 40.9018 2.82823
139 52.4063 36.264 2.86824
140 67.0389 38.3822 2.03231
141 77.4049 98.1162 2.34968
142 49.9189 60.0742 1.7547
143 30.3699 71.2193 1.20852
144 62.6026 63.4518 2.27193
145 57.914 69.5034 2.54025
146 49.9131 40.8661 2.18723
147 63.1948 11.3125 1.56223
148 77.7025 69.2458 1.93761
149 51.1538 69.2354 1.8474
150 64.8079 38.6137 2.50407
151 18.3732 91.606 1.84029
152 64.0372 34.5983 1.89521
153 65.3884 48.7489 2.20737
154 83.2514 44.4454 3.35323
155 97.3441 0.633801 1.74361
156 42.0154 60.5557 1.65182
157 23.0741 34.7971 0.523264
158 94.9856 6.53152 1.08536
159 30.2399 75.4268 1.8242
160 59.3499 13.8135 1.85977
161 31.6273 76.9593 1.32139
162 51.1642 68.7075 2.63767
163 71.0919 94.5627 1.4546
164 91.3469 2.80746 1.01778
165 47.646 67.0715 2.21553
166 70.3046 95.9485 1.39055
167 82.9737 71.55 1.61871
168 56.4046 64.5948 2.7293
169 85.5728 2.34546 1.11115
170 25.4218 95.1956 2.34593
171 63.3169 60.0071 2.10861
172 47.957 38.6066 1.96375
173 66.2553 36.091 2.51183
174 93.6106 6.42862 1.66205
175 0.781606 86.584 1.44294
176 70.0783 79.0685 1.63744
177 54.0863 34.5659 2.36573
178 65.2715 3.33225 1.44139
179 61.8813 55.3214 2.31777
180 64.2937 60.3284 1.85482
181 32.1478 71.0577 1.10001
182 57.1178 58.2444 1.89227
183 41.2836 27.4153 3.13956
184 69.9789 61.2249 2.6526
185 94.8219 1.61861 1.47137
186 65.3378 44.8842 2.46806
187 39.8432 96.2474 2.42888
188 35.6617 37.1327 2.69819
189 63.0178 72.8264 1.81137
190 94.2914 6.07781 1.54517
191 69.1293 70.5544 1.75521
192 60.5447 29.6896 2.55981
193 69.625 55.132 2.12186
194 58.4463 36.1687 2.06893
195 61.343 59.3726 2.55493
196 50.5251 33.1593 2.91472
197 62.0263 36.9165 2.80166
198 67.241 59.8335 2.35475
199 11.4221 23.1882 -2.15323
200 67.7873 61.8709 2.18471
201 73.8908 73.214 1.92683
202 64.0359 5.19816 1.42778
203 34.085 78.0902 1.21691
204 97.6767 3.55244 1.31595
205 81.3764 70.7823 2.11693
206 57.2127 36.5603 2.29098
207 53.1027 43.3315 1.93443
208 42.7018 68.5322 2.58964
209 36.2071 96.6881 2.03447
210 57.5179 67.3274 1.91847
211 64.715 44.8047 2.79196
212 95.9822 97.3341 1.61954
213 16.7353 88.3437 2.42729
214 36.0857 34.2833 2.62731
215 54.8365 50.0535 2.62264
216 71.4174 45.3628 2.47559
217 61.1786 58.5856 2.20436
218 63.6937 80.6779 1.61003
219 57.2732 74.1542 2.51145
220 76.8329 71.2778 1.50077
221 72.0688 55.9497 1.95575
222 75.7055 71.8041 1.8205
223 67.0621 8.25924 1.03119
224 60.6151 1.9082 1.32036
225 72.4063 77.0697 1.61157
226 6.99278 16.8291 -2.42966
227 68.2268 48.9493 2.07532
228 63.9402 38.864 2.09928
229 68.148 41.9939 2.41631
230 44.481 39.986 2.72406
231 59.3966 65.512 2.14496
232 66.5557 55.2496 2.56793
233 54.9578 40.583 2.40406
234 53.3979 38.6042 2.39547
235 54.7664 55.8443 2.20354
236 78.6482 39.9716 2.1634
237 68.6589 77.0332 1.51174
238 57.2538 58.079 2.54092
239 50.5499 60.8965 1.91992
240 61.0903 66.0228 1.91509
241 41.5987 60.0224 1.90774
242 67.5418 47.3969 2.50869
243 67.7899 62.2697 2.30158
244 30.8165 77.8413 1.18198
245 67.5609 51.0784 2.27257
246 65.6302 42.2349 2.48562
247 94.4285 4.61227 1.58594
248 51.7216 58.9591 2.63568
249 61.1778 32.8704 2.75762
250 57.5652 65.363 2.08107
251 61.9281 73.8491 1.82987
252 65.3515 7.67891 1.54558
253 57.2051 2.80726 1.14709
254 64.7102 36.6083 2.28104
255 52.269 67.7447 2.28878
256 68.283 46.2336 1.97931
257 60.9798 36.2774 2.07777
258 40.6618 63.8561 2.63849
259 53.8021 55.3722 2.42425
260 97.6512 7.86301 1.40752
261 51.7691 60.4239 1.83899
262 68.4774 40.9573 2.10999
263 65.667 54.5731 2.09402
264 60.7126 12.6275 1.58023
265 62.7373 36.8529 2.14307
266 54.4633 33.0572 2.75527
267 61.4147 64.9143 2.43136
268 50.8787 37.4454 2.33719
269 58.9881 67.7009 2.16966
270 56.6077 60.0473 2.06394
271 56.3512 58.0444 2.06018
272 15.1371 87.4177 2.52706
273 52.1828 37.2356 2.72405
274 58.3761 46.4004 2.27258
275 64.9433 39.383 2.37942
276 56.532 30.5857 2.61347
277 68.7556 59.9272 1.99207
278 79.8752 8.45486 1.69424
279 66.9679 47.6206 2.18771
280 59.5623 62.3006 2.05579
281 63.7228 42.4972 2.41756
282 53.1353 58.4047 2.27819
283 84.5551 70.5846 1.94949
284 78.9337 36.7601 1.56385
285 66.1822 63.6104 2.47398
286 41.9324 43.6615 2.00896
287 62.843 41.4305 2.00027
288 44.9836 76.6022 1.97749
289 75.467 37.3012 2.23184
290 57.196 42.4396 2.29389
291 42.077 23.7742 3.04494
292 96.0714 99.1764 1.29829
293 54.5798 42.7953 2.68461
294 56.5626 55.8329 2.48006
295 61.5365 58.1786 2.56958
296 72.4805 61.5142 2.36776
297 81.7818 47.572 2.91733
298 47.3319 62.6729 1.80289
299 73.5695 72.758 2.07716
300 58.458 38.6309 2.53524
301 55.8342 67.456 1.88159
302 49.5875 36.3896 2.63501
303 64.9936 42.4506 2.15531
304 30.3249 66.9286 1.20239
305 62.0514 71.7468 2.56167
306 61.7952 7.97003 1.03076
307 70.2544 74.8539 1.67043
308 52.1447 63.2249 2.19806
309 56.0057 45.2844 2.61218
310 62.9249 9.71611 1.74625
311 50.7598 48.1783 2.56872
312 67.2297 51.7172 2.38457
313 17.8842 90.1392 2.42558
314 54.9967 70.8094 2.66805
315 66.0306 46.5969 2.71612
316 65.9198 57.5497 1.88038
317 55.5255 61.3185 2.6896
318 70.8628 75.7172 1.68376
319 73.804 72.8949 1.31616
320 75.6989 70.8764 2.21172
321 56.0205 72.0911 2.23646
322 78.4052 67.8498 1.80052
323 55.1476 62.4071 2.16586
324 10.5093 18.9527 -1.96797
325 71.2722 44.899 2.51351
326 62.5461 36.6374 2.48597
327 55.8425 38.9996 2.04594
328 84.4034 68.0534 1.64341
329 60.7139 97.2713 1.20529
330 18.4433 88.9321 1.99926
331 65.1865 12.8285 1.59874
332 25.2436 91.8899 1.69858
333 69.9192 62.1348 2.39605
334 48.038 49.7396 1.86406
335 72.0443 72.2394 1.27404
336 79.1435 70.5279 1.49269
337 50.8412 57.1696 1.80317
338 73.1088 47.1007 2.52034
339 59.9853 38.3635 2.77334
340 45.2 35.4187 2.74705
341 50.1269 63.4016 2.01134
342 55.4168 64.691 1.84571
343 69.9347 45.3241 2.73746
344 65.5459 40.943 2.18744
345 69.7568 1.91703 0.539856
346 47.1133 47.6892 2.38666
347 99.282 8.54874 0.798425
348 37.3397 39.9466 2.48164
349 94.8527 3.80166 1.42751
350 64.9176 45.7978 2.52584
351 32.6637 67.3268 1.48452
352 94.6563 11.7049 0.701731
353 66.5942 6.83666 1.49303
354 59.7847 33.319 2.09576
355 65.0374 34.3791 2.41111
356 81.0032 67.0838 1.63601
357 94.0261 2.74066 1.16168
358 59.0745 62.1714 1.9967
359 52.8071 41.1369 2.33808
360 52.1159 72.7513 2.24764
361 48.8618 29.6913 2.2541
362 59.605 59.0148 2.51014
363 63.9993 39.7469 2.5169
364 64.6961 12.5079 1.1568
365 63.2855 51.6483 1.79836
366 66.3524 62.0443 1.94762
367 79.8887 71.7391 1.98548
368 47.4841 38.9725 2.07966
369 21.5729 89.0639 2.35896
370 60.4115 4.7485 1.57492
371 54.6862 68.2042 2.33392
372 58.9153 56.261 2.3433
373 68.9164 65.5089 2.05675
374 58.8975 70.3354 2.27165
375 71.0981 59.0826 2.17634
376 60.139 60.4451 2.49311
377 16.5918 91.2685 2.25712
378 57.4121 44.0573 2.71945
379 78.642 74.075 1.32405
380 64.8769 38.7586 2.20224
381 7.23896 22.4113 -2.02931
382 62.149 59.8231 2.08979
383 72.6892 99.4069 1.57059
384 65.1518 54.7601 2.39234
385 68.5 8.98066 0.985696
386 53.533 10.6574 1.3203
387 50.0022 29.8289 1.99322
388 71.6282 42.1566 2.13926
389 53.2569 41.6548 2.61641
390 46.9127 65.0896 1.80406
391 54.6379 61.9241 2.64978
392 53.9358 40.1176 2.02778
393 71.2329 48.0146 2.58467
394 63.5865 62.6814 2.54517
395 58.6924 62.4561 1.98319
396 57.781 72.6088 2.25854
397 60.0171 64.9863 2.08828
398 18.4969 88.6528 2.51748
399 45.4897 61.0527 2.23347
400 49.1502 57.4372 2.43074
401 27.2608 89.4429 2.15723
402 59.4679 31.7536 2.66958
403 64.0845 59.2144 2.46445
404 59.4111 41.3373 2.6933
405 92.0521 12.1185 1.04427
406 40.4724 33.2718 2.67519
407 66.0852 64.0688 1.87948
408 54.8708 49.3896 2.33705
409 85.0232 70.2656 1.1533
410 50.8679 59.9568 2.13883
411 60.1987 66.8271 2.42417
412 67.3983 35.394 2.663
413 50.4158 60.3915 2.17026
414 69.319 47.1063 2.78503
415 85.8523 1.03126 1.60807
416 68.2355 58.5535 2.23125
417 49.3978 58.2497 1.91763
418 59.9643 67.9682 2.19177
419 69.5793 99.0632 1.72892
420 53.1608 40.1377 2.72521
421 58.3242 66.2647 1.97435
422 54.0717 59.1307 2.21618
423 75.0818 67.4528 1.46157
424 57.703 72.5936 2.62573
425 62.1273 55.4514 1.79555
426 0.74422 20.0441 -1.62477
427 58.057 70.2732 2.08881
428 62.8827 44.8376 2.15738
429 66.1577 40.6123 1.87958
430 27.3044 72.8754 1.51308
431 69.9429 57.2017 2.82103
432 53.1868 69.2088 2.61427
433 85.334 67.9147 1.31071
434 57.5 40.3805 2.75828
435 66.0645 10.1082 1.14386
436 33.1294 72.3573 1.69354
437 52.6837 36.0833 2.04921
438 74.6309 78.5848 1.25269
439 78.6689 73.0096 1.53111
440 67.3074 35.4398 2.55518
441 38.0078 33.169 2.92544
442 62.319 64.4108 2.50303
443 9.10899 26.0846 -1.95005
444 67.0382 52.365 2.71674
445 86.7249 6.22843 1.76699
446 70.2101 8.03603 1.14079
447 44.2037 42.7005 1.98635
448 60.8815 61.0602 2.70155
449 72.8543 37.5092 2.17776
450 51.6497 63.5709 2.70183
451 58.486 34.3681 2.61437
452 60.0635 73.3673 2.15294
453 64.2868 35.1084 2.1988
454 61.6106 69.6586 2.28846
455 82.1504 1.49723 1.37744
456 48.3454 55.8595 2.09229
457 56.1031 57.9647 2.51321
458 57.719 53.7643 2.14731
459 96.7548 98.7261 1.35806
460 55.4699 39.5251 2.08452
461 62.0514 5.72173 0.780629
462 67.3907 50.0213 2.63763
463 57.7018 59.1835 2.74699
464 75.7353 54.9524 2.19128
465 51.9734 61.123 2.07014
466 68.9799 43.93 2.34628
467 80.7213 71.036 1.70159
468 48.5442 37.1604 2.61628
469 34.419 67.7362 1.23188
470 25.7696 77.2382 1.50237
471 59.5688 43.7908 2.51558
472 68.7158 51.7746 2.39488
473 68.253 59.4518 2.78286
474 14.0482 21.8237 -2.18572
475 44.1149 39.4298 2.54463
476 94.0984 2.62533 1.34436
477 66.7841 41.9504 2.68245
478 46.2119 71.8485 2.49277
479 68.3249 0.951728 0.860392
480 51.9002 47.7447 1.79311
481 81.932 66.7295 2.12778
482 60.063 32.4932 2.51985
483 50.3809 64.391 2.12839
484 47.7619 40.0561 2.5672
485 43.1159 28.1464 2.57419
486 69.0002 39.291 1.85794
487 67.4685 42.707 1.93721
488 40.5214 58.0106 1.7101
489 67.619 99.4564 1.87894
490 71.852 5.10742 0.575105
491 61.0038 37.9007 2.59585
492 70.7775 55.3307 2.45808
493 63.2823 45.9363 2.7128
494 60.4553 33.4701 2.50383
495 54.9116 44.1886 2.12853
496 61.1889 64.2875 2.59541
497 57.7207 67.7669 1.90922
498 69.1454 39.19 1.98323
499 73.0732 83.2132 1.77964
