500
Particles
0 48.5639 34.8132 -2.06901
1 17.6824 23.7554 0.703325
2 13.2272 31.4226 0.875919
3 71.8388 32.0888 -1.71285
4 18.021 9.15777 0.479482
5 26.4598 38.5657 1.10443
6 25.9599 21.4801 0.7147
7 80.4041 1.67248 0.214652
8 63.8058 29.8975 -2.17229
9 67.4919 35.9935 -1.51835
10 66.7179 20.2402 -1.73891
11 76.5804 91.6976 -0.0566559
12 74.9049 36.5226 -2.38825
13 41.7579 99.4033 -2.22599
14 20.6244 11.3093 0.325806
15 78.4896 46.9022 -2.67982
16 72.4358 40.2098 -1.79435
17 44.358 17.6558 -2.57508
18 20.5518 21.3963 0.364013
19 8.11524 0.0029668 -0.114019
20 70.7861 31.1826 -1.51989
21 27.081 19.9755 0.872898
22 54.0956 21.711 -2.16792
23 46.2573 19.735 -2.86492
24 13.7534 52.2355 -2.21615
25 24.0199 43.2142 1.18139
26 29.183 38.2185 0.905518
27 81.9411 86.8351 -0.763042
28 46.9219 37.0677 -1.48723
29 47.4323 19.0203 -2.73902
30 18.2673 33.803 0.661541
31 2.33021 93.9237 0.569752
32 67.5707 26.7565 -1.63805
33 14.5248 29.9471 0.388113
34 55.5852 25.5549 -2.28432
35 39.6097 36.7633 -2.59542
36 75.9518 93.6819 0.475218
37 26.2603 26.3736 0.208666
38 96.4446 44.186 0.632735
39 15.8999 10.708 0.361089
40 58.8769 19.1078 -2.31353
41 42.4498 -0.324631 -1.90573
42 60.3833 36.1824 -1.75775
43 90.2884 63.2614 1.91115
44 18.0834 29.0539 0.710942
45 68.0726 40.3739 -2.54581
46 52.6217 38.1658 -1.46529
47 42.8264 13.795 -3.01249
48 58.5941 29.0348 -2.56436
49 26.6421 37.9841 1.27589
50 68.8838 32.5576 -1.65854
51 54.9928 41.2113 -1.83289
52 12.8885 50.0412 -2.15366
53 76.6985 90.9043 0.147151
54 47.5647 21.8472 -2.91484
55 37.4195 94.6082 -2.3043
56 49.2662 27.1338 -2.73033
57 38.7995 55.1192 -0.811618
58 45.2903 23.4169 -2.47061
59 25.9708 41.1283 1.66445
60 22.9673 29.1453 0.330714
61 59.955 32.2373 -2.30647
62 41.5648 40.6406 -2.06752
63 16.7286 19.7983 0.32369
64 21.7471 26.756 0.287726
65 32.0382 7.15343 -2.20615
66 24.8361 32.4054 0.0734335
67 34.7439 32.3376 2.31737
68 32.4247 0.728257 -2.19147
69 45.2053 45.1308 -2.53818
70 26.2419 23.9839 0.0370373
71 31.1692 43.8088 1.46723
72 20.7396 29.204 0.0325754
73 40.3446 26.3322 -3.17187
74 32.6807 37.3485 1.24966
75 55.9357 85.4966 -1.10327
76 41.9821 45.4707 -2.50953
77 22.9106 24.3996 0.453102
78 18.5836 33.409 0.560354
79 24.0174 17.9669 0.704847
80 40.6326 46.8819 -2.61538
81 23.1587 32.2662 0.512182
82 27.7998 96.3153 -2.71641
83 23.8875 15.1496 0.391337
84 27.1281 51.2825 2.43568
85 35.3213 40.9483 2.57248
86 37.1211 57.2866 -0.679738
87 31.4913 97.599 -2.95059
88 8.35866 87.1246 -2.73937
89 29.9266 38.5332 1.06553
90 55.9206 82.3966 -0.925598
91 1.5972 93.0567 1.15495
92 33.298 94.7604 -2.98604
93 45.7317 23.091 -2.63572
94 61.236 25.2071 -2.02973
95 44.7681 38.5188 -1.85585
96 22.1091 24.7723 -0.0212305
97 26.7245 28.1963 0.234395
98 30.714 38.5877 1.42615
99 70.695 25.0282 -1.85141
100 14.3007 49.2983 -1.40207
101 19.164 22.8779 0.84368
102 64.327 31.3648 -2.45469
103 32.4271 42.3289 2.12164
104 56.1462 34.7538 -2.19168
105 56.0319 81.3594 -1.76853
106 48.8274 28.0703 -2.7721
107 44.6412 31.617 -2.3964
108 57.7958 39.692 -1.93063
109 50.0493 30.8213 -2.29361
110 76.1043 30.109 -2.14751
111 26.5764 26.5095 0.215122
112 67.8944 31.3776 -2.30291
113 39.6812 22.4365 -3.1997
114 81.3619 54.5886 -3.38574
115 36.1456 30.6938 1.96457
116 22.3942 34.685 0.343176
117 27.8826 45.9012 1.66717
118 72.665 35.4208 -1.7992
119 45.7299 22.5095 -2.53002
120 28.6561 43.6186 1.58241
121 67.1599 28.283 -1.99698
122 59.8648 26.7655 -2.40657
123 18.0344 21.4746 0.195414
124 37.5235 0.600039 -1.78003
125 34.3711 4.83121 -1.55497
126 89.9496 90.79 1.22634
127 36.5528 0.701038 -2.06614
128 14.2969 52.8139 -2.06513
129 50.2185 35.4088 -2.22879
130 48.2077 43.0905 -1.47653
131 66.6796 18.9748 -2.27577
132 66.4192 82.1942 -0.63777
133 63.901 84.6959 -1.19106
134 27.9576 37.3409 0.936278
135 28.3461 24.985 0.953582
136 33.0947 35.8191 1.70602
137 28.0213 25.1591 0.797163
138 61.3992 26.9322 -2.19238
139 36.0889 46.5284 -3.42234
140 63.5807 33.1833 -1.98446
141 32.6134 7.0249 -2.13007
142 24.9534 13.8872 0.220557
143 69.9193 39.8136 -1.80587
144 26.4526 27.8607 0.731493
145 43.2467 27.723 -2.88231
146 49.7737 40.7907 -2.02089
147 11.6094 29.3481 0.532548
148 47.4044 41.1973 -1.98163
149 25.2096 32.045 0.723885
150 59.5402 35.2017 -1.95161
151 42.5399 39.5483 -2.02426
152 33.2301 38.31 1.77816
153 56.97 35.732 -2.14462
154 70.5029 40.8481 -2.55564
155 65.7523 86.245 -0.790844
156 66.3574 31.7361 -2.34977
157 61.9132 42.9636 -2.27109
158 29.3619 39.5535 1.67837
159 74.8635 44.9774 -2.6182
160 17.5381 32.7409 0.0758628
161 96.6373 92.0398 1.50888
162 68.7144 34.6748 -2.4347
163 34.4322 99.1756 -2.63206
164 34.9047 78.3066 0.196792
165 39.2101 35.3193 -2.57963
166 30.8002 3.27818 -1.83519
167 30.4633 27.2084 1.14797
168 20.27 21.5763 0.435528
169 12.4957 44.9157 -1.23921
170 12.2133 27.4126 0.946186
171 25.0116 21.4651 0.219017
172 41.777 27.3228 -2.87468
173 65.1154 33.5032 -2.14846
174 25.2199 37.483 1.43824
175 96.3772 95.8347 1.21858
176 76.6436 48.662 -3.11882
177 32.9157 43.7913 2.51617
178 11.7201 46.3314 -1.56857
179 46.4501 37.0396 -1.93221
180 39.0425 22.7692 -2.96167
181 68.0789 36.3278 -2.16088
182 48.403 27.2101 -2.6918
183 78.0923 27.1443 -3.23107
184 23.0428 46.1435 1.53732
185 62.0559 88.2373 -1.19044
186 60.5857 25.5217 -2.0903
187 68.2747 31.1907 -2.03926
188 17.628 16.1596 0.977559
189 20.0566 33.909 0.450592
190 21.4006 37.2574 0.337019
191 26.4361 29.5357 0.216714
192 36.4868 39.984 2.91781
193 56.0395 30.8853 -2.59959
194 32.6063 38.2708 1.44821
195 23.5189 22.6326 0.6891
196 28.1619 38.3142 1.69804
197 37.6816 57.6914 -1.09008
198 30.3303 93.363 -3.26655
199 29.3547 38.4551 1.37729
200 28.3881 22.8523 0.923545
201 12.9037 9.11304 0.59276
202 11.1896 51.2088 -2.14734
203 62.0943 49.7292 -2.19383
204 25.3426 37.1153 1.31863
205 42.6736 27.4837 -2.57108
206 35.5058 53.4756 -1.35214
207 26.5867 43.57 1.14569
208 23.8605 46.1627 2.02611
209 72.7937 33.0571 -1.59086
210 22.2707 25.0201 0.449825
211 59.3799 21.6722 -1.9032
212 66.1667 84.2574 -0.7579
213 46.2971 45.1978 -2.00408
214 20.6204 16.9664 0.13768
215 41.4845 25.2207 -3.21631
216 67.2645 43.5554 -2.65029
217 26.7731 20.3875 0.73538
218 60.706 45.5343 -1.95094
219 47.4426 17.1357 -2.70094
220 34.1302 24.3625 0.907032
221 60.4737 43.3689 -2.22825
222 24.0662 27.0083 0.853186
223 57.5767 87.3318 -1.55601
224 71.43 30.0348 -2.33194
225 78.1901 92.0694 -0.452503
226 64.2639 37.4277 -1.89434
227 60.3824 30.0153 -2.352
228 38.7129 59.0661 -0.784841
229 61.2705 38.8911 -2.33473
230 41.0201 98.5124 -2.18141
231 21.8168 27.5881 0.651189
232 100.01 92.2754 1.18828
233 30.1528 43.814 1.56175
234 27.812 39.7491 1.37523
235 49.8268 25.8587 -2.09169
236 64.0664 32.4905 -1.52975
237 21.2634 32.5407 0.884797
238 48.4965 22.5527 -2.45501
239 19.222 12.9962 0.0979279
240 74.3777 36.1491 -1.79883
241 21.7263 31.0564 0.600071
242 57.8445 41.2556 -1.62214
243 27.0727 23.5331 0.294032
244 92.9461 88.769 1.14179
245 58.5495 40.9258 -1.95035
246 64.1933 23.5175 -2.64725
247 38.0417 2.48454 -1.57846
248 20.8833 14.862 -0.00667369
249 23.8957 34.8697 0.756492
250 77.5637 84.3897 -0.676423
251 16.2548 33.5008 0.727439
252 80.5925 1.30646 -0.305984
253 60.7049 95.9136 0.0399865
254 65.96 19.5012 -2.04667
255 24.3899 33.007 0.213411
256 59.5119 39.6828 -1.58574
257 63.4235 24.9873 -2.55077
258 67.5275 32.3287 -1.93617
259 50.3392 27.4992 -2.74164
260 28.5891 37.1158 0.943679
261 40.0701 17.0822 -2.89411
262 67.5794 37.1361 -2.09123
263 31.1007 49.7119 2.22115
264 15.6997 30.0074 0.352575
265 34.2271 40.5342 2.08506
266 36.4199 42.7078 2.20822
267 20.2525 27.3344 0.0422207
268 49.8886 15.5885 -2.67823
269 76.6518 86.9555 -0.733312
270 45.2609 24.3292 -2.46529
271 49.7834 28.5672 -2.83201
272 41.0087 58.0272 -0.956238
273 27.2362 40.355 1.66134
274 32.6484 46.473 1.68335
275 59.5355 34.1811 -1.74994
276 30.9752 37.4225 1.12454
277 39.9422 26.3877 -2.58145
278 15.059 24.3128 0.443178
279 59.3541 43.3098 -2.17729
280 25.5914 11.8255 -0.230717
281 62.3469 28.2836 -2.35111
282 46.6564 22.1718 -2.33695
283 29.5033 31.7822 0.563868
284 21.9404 32.767 0.606412
285 24.7659 25.3917 0.646796
286 37.4922 1.44298 -1.99888
287 61.2129 23.9681 -2.45308
288 72.2285 29.0686 -2.33069
289 17.6973 29.0034 0.250917
290 54.5948 32.1369 -2.33617
291 18.5413 25.3509 0.537584
292 91.446 64.5298 1.19191
293 31.4651 47.0315 1.68513
294 48.494 21.8223 -2.86941
295 81.833 4.22614 0.0481757
296 24.3541 46.2272 1.25284
297 67.2927 35.548 -1.6206
298 19.1192 26.9106 0.294014
299 29.5564 27.0277 0.567359
300 33.0115 42.2913 2.38478
301 24.3132 30.7899 0.922953
302 0.121521 43.7984 1.39496
303 60.2836 28.4923 -2.45188
304 17.306 21.0849 0.0661179
305 20.9563 35.0199 0.758113
306 76.8117 94.9595 -0.231505
307 18.1739 31.6318 0.272866
308 41.6859 19.9038 -2.98924
309 34.3189 45.9168 2.92434
310 79.4736 89.6306 -0.420116
311 44.8911 98.1063 -2.02927
312 56.2933 42.3439 -1.9661
313 41.8059 39.1074 -2.26242
314 72.4617 45.4027 -2.58008
315 58.9151 31.8307 -1.69402
316 27.5959 24.0232 0.581545
317 25.3029 17.1828 0.708669
318 73.6609 37.3035 -2.36467
319 24.6655 28.5239 0.912787
320 25.0862 27.15 0.67497
321 46.5917 17.0418 -2.51682
322 25.9858 25.1863 0.592455
323 23.0825 18.1025 0.822328
324 20.264 32.5907 0.720928
325 62.4912 38.6961 -2.43263
326 64.2553 21.5606 -2.30873
327 36.7026 44.1591 3.19419
328 22.3433 48.1015 1.34207
329 69.6409 27.8684 -2.0182
330 45.3111 40.5963 -2.37504
331 66.5265 83.7916 -0.658606
332 68.7814 27.5522 -2.36343
333 27.1216 93.7712 -3.27868
334 16.0628 11.0673 1.10929
335 26.0161 28.8107 0.628624
336 32.3373 23.789 0.916336
337 19.3963 11.9402 0.234734
338 61.5197 37.1703 -2.44404
339 62.5626 22.2921 -2.74639
340 21.1717 22.8586 0.869124
341 18.4465 16.0471 0.161995
342 20.3183 22.6707 0.427518
343 63.5691 42.7636 -2.14083
344 62.2107 29.4794 -1.98141
345 91.5298 61.6217 1.46599
346 41.6146 1.19739 -2.25581
347 30.673 38.3533 1.16463
348 20.1255 15.6793 0.708685
349 19.7267 35.7149 0.743185
350 58.8962 38.8748 -1.53073
351 66.0946 32.565 -1.83982
352 15.7309 26.6297 0.326875
353 57.3574 84.7936 -1.15005
354 32.3011 39.7116 1.72545
355 66.0246 22.8762 -2.44924
356 70.9348 25.7313 -1.84225
357 71.3573 85.4412 -0.548588
358 42.5311 21.7165 -2.94414
359 27.8904 44.6014 1.40744
360 71.1132 44.841 -2.51077
361 24.476 38.5303 1.068
362 23.786 23.5246 0.685777
363 39.8604 53.4097 -1.13171
364 15.4124 30.0017 0.61564
365 52.8958 37.6531 -1.71493
366 29.3408 22.4857 0.644834
367 45.3449 31.2538 -2.34336
368 48.6146 39.6677 -1.87297
369 92.8936 59.8766 0.956826
370 76.5224 38.5448 -2.05433
371 25.6291 32.6496 0.673348
372 49.3566 22.0562 -2.79973
373 38.4702 23.3595 3.40512
374 17.0045 32.273 0.234195
375 51.7079 36.713 -1.56518
376 49.494 30.0095 -2.2338
377 33.7122 29.1885 2.47292
378 55.0146 40.1124 -2.35411
379 34.6183 26.4884 1.69346
380 62.412 35.9132 -2.10217
381 32.4701 37.303 1.6208
382 24.0171 21.6492 0.667721
383 14.8657 47.2593 -1.92707
384 28.1914 48.0572 1.38352
385 81.3802 90.3397 0.0370837
386 74.9065 95.064 0.506697
387 33.4965 41.8286 2.27965
388 65.9687 37.8448 -1.74376
389 26.3921 40.7017 1.47615
390 18.1759 26.0828 0.716799
391 44.0257 21.0963 -2.61705
392 92.2168 48.3013 1.58049
393 61.6383 40.901 -1.60104
394 26.0564 23.1293 -0.0136222
395 40.7451 20.2306 -3.43632
396 45.6282 17.3218 -3.00274
397 28.5731 32.3234 0.772945
398 69.6203 20.4543 -2.22305
399 34.4576 31.3603 2.18871
400 22.2632 11.0155 0.342615
401 32.8501 0.21369 -2.14574
402 40.5932 50.9214 -1.61888
403 23.3202 20.3882 0.570362
404 35.485 53.5616 -0.786697
405 14.8581 25.0271 0.895696
406 39.0341 98.9035 -2.58373
407 25.4348 22.655 0.300639
408 36.6502 21.6082 2.96103
409 31.2175 24.8515 1.0193
410 20.2978 12.0785 0.57446
411 82.1688 53.3733 -3.37599
412 42.2595 49.1231 -2.12634
413 41.8525 17.9398 -3.12107
414 60.4578 38.1347 -1.77257
415 91.0157 64.5194 1.91891
416 23.0687 44.1151 1.39012
417 24.7294 13.3312 0.0471427
418 23.1715 25.826 0.0371913
419 14.2533 5.09093 0.870487
420 29.2636 44.0653 1.46636
421 18.4754 23.3386 0.985755
422 47 25.6271 -2.21726
423 34.9256 21.989 1.71152
424 76.3999 48.2892 -3.36118
425 26.3747 20.6643 -0.0849701
426 37.1675 28.6876 2.46768
427 16.2277 33.2811 0.238462
428 56.7014 38.2288 -1.78083
429 62.5518 37.6962 -2.06651
430 94.5896 91.0718 1.04896
431 54.2785 37.8444 -1.97257
432 66.1379 31.0687 -1.6387
433 38.0736 30.3951 3.26947
434 58.4043 22.3809 -2.7306
435 12.1126 28.4549 0.663687
436 68.8514 37.33 -2.37335
437 30.3683 42.65 2.07519
438 14.2775 9.02139 0.45888
439 40.1344 28.1216 -2.56089
440 33.3276 34.2872 1.39853
441 33.6139 80.9155 -0.381028
442 23.8633 25.213 0.44975
443 31.4611 40.7973 1.87704
444 58.1972 38.9145 -1.56626
445 21.2128 36.6208 0.351316
446 41.4065 97.0555 -2.76392
447 40.6511 2.34177 -2.37729
448 80.3098 49.3605 -2.87757
449 23.1291 32.664 0.695161
450 22.4743 17.0391 0.363184
451 41.0553 46.4676 -2.4339
452 20.7554 33.5554 0.889611
453 64.6672 34.628 -1.69651
454 44.8389 26.9694 -3.11191
455 25.7161 4.53651 -1.68166
456 17.7588 11.8544 0.157389
457 49.2991 23.4716 -2.24219
458 70.7471 35.4567 -2.16227
459 33.863 11.5278 -1.91402
460 27.5208 38.0564 1.30345
461 57.26 82.2006 -1.18122
462 58.8375 40.8387 -1.47776
463 49.7065 30.6026 -2.20873
464 61.8896 45.4108 -2.42023
465 43.3235 22.1897 -3.05426
466 63.1584 40.5006 -2.49968
467 26.8474 25.5333 0.450467
468 25.3197 41.5518 1.51773
469 65.1763 35.6803 -1.743
470 18.1615 22.6541 0.88562
471 58.3318 41.2063 -2.27044
472 57.2128 42.4379 -2.01322
473 38.9698 24.5696 -2.97949
474 78.52 47.4802 -3.40385
475 40.6415 0.0143854 -1.94839
476 65.1579 84.9744 -0.960428
477 37.0372 56.8102 -0.999179
478 99.5687 94.941 0.994706
479 93.4503 62.4023 1.24812
480 48.793 22.055 -2.65742
481 24.6122 44.8678 1.49945
482 31.7554 37.8428 1.26727
483 22.4291 19.4987 0.69691
484 97.6416 46.7426 0.687701
485 99.4397 43.0533 0.810785
486 64.0017 34.267 -2.35379
487 68.749 42.7861 -2.48795
488 36.4534 34.6523 2.71604
489 29.8715 3.54129 -2.54485
490 81.8432 3.84215 0.454413
491 63.1269 26.0044 -2.09508
492 58.1186 39.2763 -2.02186
493 58.7465 27.1974 -2.55789
494 63.356 23.3752 -2.55056
495 30.8869 45.1006 2.17563
496 24.4311 30.0652 0.29912
497 77.5483 44.226 -2.75843
498 63.0642 38.24 -1.70631
499 33.7937 9.43884 -2.44428
