500
Particles
0 51.5019 97.3812 -0.815542
1 72.9308 80.1237 0.909831
2 72.0917 4.79711 -1.98137
3 18.3218 30.1395 1.47905
4 71.2809 69.5998 0.995278
5 91.9445 85.4079 0.986054
6 83.5633 77.2315 1.79212
7 37.7586 29.2182 -1.83853
8 65.1369 93.7386 -1.50892
9 64.3377 -0.285433 -1.06409
10 86.1546 93.6151 0.937515
11 15.0439 88.1768 -0.421237
12 82.8138 89.4511 1.19721
13 85.2248 41.6932 -2.555
14 74.5102 70.1568 0.944867
15 94.151 92.947 1.12911
16 21.8286 29.2971 1.73904
17 4.46354 29.6808 -3.15705
18 76.1651 77.5245 1.22207
19 63.1571 65.3819 -0.276847
20 16.8625 42.5948 -1.68788
21 86.6579 74.0509 0.904842
22 82.8052 91.2995 1.5696
23 6.5108 33.5666 -2.97805
24 23.348 76.9256 -0.483069
25 94.5542 88.5231 1.51701
26 99.3289 95.6804 1.59915
27 39.8416 27.1227 -1.45009
28 47.2953 -0.213245 -0.928532
29 8.73259 30.545 -2.85321
30 75.8957 95.0082 -2.08666
31 60.2713 72.6452 -1.24412
32 13.1467 41.4384 -2.49698
33 72.1598 97.0465 -2.44635
34 9.23688 45.0594 -2.72984
35 48.011 96.0488 -1.12415
36 17.0616 91.343 0.316303
37 81.857 81.7915 0.932313
38 75.5426 1.7358 -1.80164
39 67.9716 71.0525 0.678154
40 74.8165 5.59221 -1.76242
41 87.1871 43.4551 -2.84063
42 62.9078 0.437948 -1.81074
43 93.5596 99.8816 1.0655
44 72.8798 84.2953 1.46676
45 65.2951 3.7557 -1.07964
46 51.5053 1.12398 -0.514875
47 92.4043 14.6182 2.47032
48 63.0216 91.8773 -1.71985
49 92.0648 84.0208 1.54171
50 68.5853 94.6805 -2.18481
51 53.2609 4.07805 -1.40848
52 74.0361 65.2019 1.35561
53 16.2318 88.1828 -0.171188
54 86.9348 98.5719 1.22081
55 43.318 30.3059 -1.61777
56 7.81269 43.5001 -2.56276
57 18.3568 6.62025 1.01659
58 5.72232 38.446 -3.15677
59 93.3831 87.1048 1.25165
60 80.9214 81.7079 1.66623
61 60.3602 96.0314 -1.69632
62 47.5416 2.34462 -1.35521
63 70.5795 77.6314 0.856499
64 76.8264 82.3922 1.06017
65 71.4216 54.9855 -3.00769
66 81.094 87.0707 1.05383
67 38.8617 88.5799 -0.0921775
68 70.8589 50.412 -2.32286
69 50.9214 6.42579 -0.974786
70 83.5279 78.3707 1.12098
71 40.6973 54.4122 -0.330424
72 77.4471 82.9165 1.64833
73 52.6985 81.9306 -1.4667
74 66.9094 38.041 -2.13614
75 36.0351 12.1134 -0.344667
76 47.0648 6.39155 -0.807041
77 78.2804 80.3187 1.66599
78 77.2747 85.1091 1.7968
79 80.7357 74.8875 0.91985
80 48.2662 6.95287 -0.427081
81 82.0271 84.0361 0.833314
82 0.746673 57.2458 3.34443
83 77.4681 74.9662 1.28159
84 8.72733 30.7207 -2.50088
85 18.8558 81.7334 0.109809
86 42.8512 13.5279 -0.541835
87 70.3554 40.0502 -2.95217
88 75.79 68.6214 1.55561
89 99.6771 94.8932 1.16838
90 2.90781 92.901 0.367952
91 60.0051 71.8024 -1.48651
92 42.2421 29.3645 -2.07448
93 5.01155 38.9929 -2.64448
94 46.3834 62.8643 -0.36265
95 48.8485 0.940532 -1.12234
96 81.5277 77.1492 1.00351
97 84.662 81.454 1.06174
98 3.14212 93.7953 0.213745
99 16.3045 26.2587 1.62315
100 72.2069 63.0469 1.86823
101 78.1635 75.4202 1.00424
102 64.3569 94.552 -1.75639
103 22.3728 71.202 0.120137
104 53.9931 98.0884 -0.915781
105 3.23805 92.8112 -0.0179265
106 7.1641 46.339 -2.4735
107 54.7703 86.6347 -1.18293
108 58.3451 3.39379 -1.53707
109 59.2422 89.8963 -1.50441
110 80.1755 0.0758753 -2.08855
111 82.0136 81.5486 1.66249
112 68.4017 93.703 -1.83747
113 0.114708 34.9676 -3.24855
114 92.2366 96.3013 1.03904
115 41.9181 87.5193 -1.41843
116 83.412 84.8118 1.19427
117 97.2674 95.7641 1.37484
118 20.877 29.2813 1.17366
119 3.86444 39.8036 -2.98579
120 97.9486 91.8795 1.66893
121 58.5134 64.5335 -0.87278
122 45.4541 62.2319 -0.140084
123 77.3045 75.6186 1.1029
124 74.8511 49.3076 -2.50138
125 69.186 56.1664 -3.12731
126 55.9933 78.001 -1.47351
127 74.033 50.4412 -3.20731
128 22.8309 77.7262 -0.233137
129 54.1278 97.697 -0.764569
130 51.2438 4.95583 -0.935263
131 84.8563 90.7228 1.48017
132 11.215 89.4676 -0.346866
133 9.21342 92.3623 0.273996
134 93.0125 84.0844 1.22276
135 85.7091 78.5103 1.37622
136 12.7068 99.5973 -0.406256
137 86.5624 79.2774 0.988897
138 47.3256 70.1815 0.542993
139 43.1363 4.2602 -0.800688
140 64.5239 96.2825 -1.54674
141 68.7679 56.993 -3.00675
142 80.6276 71.7506 1.34782
143 67.1151 3.37131 -1.49349
144 82.5052 83.3039 1.13876
145 55.711 84.8813 -1.42665
146 49.2798 2.89431 -1.38461
147 72.9013 0.244528 -1.72761
148 51.5342 3.28067 -1.04167
149 84.0418 85.0546 1.80037
150 60.9268 -0.328529 -1.0536
151 46.6589 0.401065 -1.23671
152 59.917 60.6986 -1.25995
153 52.8036 98.8773 -0.702467
154 68.2732 2.9429 -2.02583
155 12.493 94.8973 -0.444067
156 65.4686 95.4676 -1.34787
157 64.5732 6.63173 -1.50021
158 97.9705 87.1123 1.28631
159 88.3549 93.8196 0.893074
160 74.3579 86.0343 1.53269
161 56.1426 68.2756 -0.894535
162 68.5909 97.017 -1.83725
163 75.4253 44.1466 -3.31794
164 79.3322 62.7226 1.25121
165 45.4489 94.5877 -0.954962
166 69.431 52.1015 -2.84111
167 90.0522 78.2592 0.894432
168 75.1158 78.601 1.30764
169 100.297 2.81467 0.650721
170 71.1558 96.3886 -1.52509
171 80.9224 77.156 1.51189
172 48.7747 86.1822 -1.90594
173 64.5476 96.7959 -1.91755
174 89.1128 85.8202 1.26999
175 57.0869 75.1092 -1.54541
176 91.0718 93.8577 1.35301
177 18.675 82.3272 -0.569193
178 9.41117 36.8849 -2.48421
179 47.7134 98.5076 -1.15735
180 98.4187 37.9488 -2.8111
181 67.8601 99.1728 -1.38796
182 8.00819 42.009 -2.30697
183 64.1302 12.6424 -1.06549
184 95.0879 91.7661 1.38991
185 92.6909 21.2516 -3.28385
186 44.8488 63.6885 -0.060336
187 66.9701 94.4635 -1.64823
188 72.0384 74.3131 0.796894
189 77.0364 86.6926 0.957762
190 81.3629 87.8987 1.22864
191 84.6056 83.1246 1.16201
192 20.9385 82.219 -0.244383
193 60.2525 93.7427 -2.23374
194 10.2481 98.0207 -0.311374
195 79.2304 79.1123 1.25173
196 94.928 84.6169 0.861648
197 44.2058 13.3159 -0.461243
198 10.6053 52.636 3.08922
199 95.7548 86.3149 1.20211
200 87.2846 75.4658 1.03365
201 66.759 67.9596 0.327422
202 70.3069 65.5125 1.47861
203 57.2166 11.1976 -1.38207
204 89.4105 85.0773 1.65346
205 54.9009 85.1325 -2.13406
206 11.2035 10.6803 1.35424
207 95.506 91.6119 0.949259
208 94.4036 94.0401 1.29136
209 87.3959 90.738 1.46278
210 78.6551 79.5564 1.55499
211 83.8704 91.1049 1.0172
212 9.53329 91.6189 0.466243
213 51.115 6.39471 -0.874164
214 75.9215 73.7768 1.74425
215 91.406 49.8772 -2.56111
216 67.6457 7.61355 -2.09741
217 85.066 74.9981 1.01098
218 62.5813 9.16372 -1.07613
219 95.2264 17.6214 3.0691
220 97.8204 80.1362 1.2573
221 59.9336 6.58433 -1.22368
222 81.0709 81.3629 1.26434
223 89.2338 19.3012 2.301
224 17.7139 27.5566 1.56834
225 34.7847 26.2611 -1.41696
226 62.7799 0.713969 -1.65353
227 65.6689 92.3444 -2.02291
228 47.4522 14.1177 -0.0754496
229 61.9668 2.55332 -0.849309
230 80.9368 44.6966 -2.48177
231 78.5357 81.9636 0.817995
232 60.0593 68.7164 -1.17233
233 18.3981 68.9457 -0.187487
234 95.0009 87.3021 1.58814
235 7.00487 42.6593 -2.69545
236 65.3991 96.3386 -1.87296
237 77.484 86.0348 1.21993
238 8.59752 37.7369 -2.38846
239 71.6215 73.5233 1.35054
240 85.595 89.1396 1.78211
241 78.3424 85.4738 1.50565
242 55.7237 4.5151 -0.915332
243 86.1186 77.0158 1.52569
244 52.267 65.7746 -0.104013
245 56.4378 4.20296 -0.734194
246 50.6042 60.3945 0.0166768
247 78.0031 48.947 -2.40424
248 76.2044 72.2328 1.60699
249 85.9039 84.3171 1.68274
250 33.609 9.15668 -0.274008
251 74.6459 96.3185 -1.92698
252 36.3053 30.7582 -1.58267
253 95.2626 21.742 -2.65437
254 79.5192 91.0838 1.09573
255 83.6119 85.0533 1.25465
256 58.3167 3.27001 -1.29978
257 48.7784 62.4238 0.0912316
258 67.2873 95.9569 -1.36224
259 8.68398 46.7628 -2.38224
260 95.5816 84.3352 1.26597
261 -0.0237192 30.0541 -2.20988
262 67.9868 0.397578 -1.74065
263 14.1646 82.1782 -0.422028
264 71.33 88.4261 0.881607
265 20.6328 67.4312 -0.246348
266 38.116 96.0598 -0.631835
267 75.2667 82.1772 1.71326
268 81.5576 97.9862 2.2072
269 16.3156 86.1828 -0.417364
270 4.82508 41.0225 -2.28379
271 8.28478 42.4544 -2.8572
272 47.5497 13.4803 -0.0868365
273 94.9586 86.5781 1.2252
274 14.9499 82.8911 0.44003
275 60.4781 97.4683 -2.17061
276 5.66652 92.9826 0.852419
277 51.3651 84.9684 -1.99369
278 70.0697 91.8679 -2.1449
279 60.8006 6.60614 -1.34129
280 77.7587 71.5999 1.13181
281 54.7963 78.1817 -1.78423
282 5.88383 33.9449 -3.22384
283 90.8476 81.6499 1.0271
284 80.2477 85.7717 1.34212
285 82.1873 77.7294 1.29177
286 77.1377 47.7295 -3.40072
287 48.3018 61.6038 -0.0625042
288 17.7013 27.356 1.92741
289 72.4059 93.4945 -1.85334
290 60.006 94.9883 -1.90004
291 72.6531 81.5429 1.47394
292 99.752 2.92932 0.589955
293 15.6119 82.4845 -0.0522779
294 89.7675 99.4361 0.875087
295 38.4934 32.6619 -1.84265
296 94.8276 93.4468 1.4118
297 65.3234 99.0419 -1.22621
298 71.9138 83.8802 1.35534
299 86.2718 81.4031 1.05106
300 16.0296 78.6222 0.324345
301 81.7787 83.55 1.17814
302 73.888 4.14241 -1.63261
303 66.7365 89.7439 -1.93475
304 74.1173 76.8483 1.07249
305 81.0333 86.0266 0.826387
306 19.4129 94.4397 -0.289086
307 74.2494 84.6853 1.03751
308 1.28724 34.7048 -2.68585
309 34.0236 97.8703 -0.0595663
310 36.9081 24.1442 -0.929098
311 90.668 15.8815 2.36969
312 53.5135 4.32787 -1.51515
313 42.8339 99.2204 -0.822236
314 25.1388 29.2201 1.57951
315 62.2839 95.4833 -2.05198
316 86.3157 76.9287 1.51357
317 80.6035 74.0582 0.931529
318 89.9974 90.96 1.70983
319 84.9279 80.4105 0.875666
320 79.1682 83.5666 1.6047
321 93.2764 13.9462 2.43276
322 82.7937 80.3529 1.09277
323 79.8591 74.8009 1.6488
324 74.7639 87.4239 0.865306
325 62.0513 2.78722 -1.50659
326 14.156 25.782 1.22432
327 40.5713 1.26025 -0.909937
328 95.0194 94.1456 1.0209
329 15.6574 40.4812 -2.19576
330 48.6455 1.99127 -0.928352
331 10.9063 87.4031 0.0816125
332 16.9795 40.2941 -2.48949
333 0.727387 50.6875 0.0702244
334 69.4216 70.3572 0.92967
335 85.3068 81.5726 1.57996
336 89.8926 78.3909 0.909888
337 72.2531 71.7586 1.47202
338 63.0765 1.29775 -1.84939
339 13.5084 27.1336 1.21078
340 77.516 79.2436 1.68705
341 69.3215 87.4195 1.3194
342 76.8354 78.4631 1.68295
343 61.5653 5.72659 -1.19563
344 67.0894 92.2834 -1.74321
345 93.613 98.6307 1.2805
346 87.5065 43.807 -1.96193
347 5.14719 93.4693 0.347325
348 74.5238 74.4817 1.16911
349 79.6819 86.8312 1.68054
350 58.0661 2.87227 -0.876306
351 65.3431 96.4285 -2.03362
352 71.0101 81.9685 0.973935
353 67.4707 35.5529 -2.75876
354 64.8579 53.9323 -3.13808
355 88.3845 93.7503 0.791119
356 16.9104 31.135 1.30399
357 13.428 89.1486 -0.194279
358 1.80722 35.7732 -3.10526
359 94.8957 92.847 1.48792
360 69.3068 6.55907 -1.88986
361 87.3624 87.3468 1.37526
362 81.1792 78.6856 1.7225
363 45.371 11.2096 -0.60847
364 72.546 92.4481 -2.29622
365 52.2188 0.934541 -0.895124
366 86.8278 76.8112 0.915999
367 57.6299 87.4317 -1.58297
368 49.4145 1.44874 -0.618956
369 93.7702 96.9453 1.43891
370 88.0868 89.139 1.70525
371 82.5711 85.9984 0.90816
372 88.174 98.8684 1.57655
373 90.9612 46.027 -2.46805
374 72.8586 86.306 1.62391
375 52.1126 -0.213939 -1.20463
376 61.5063 87.0097 -1.96335
377 27.5623 76.3599 -0.631276
378 55.9699 3.18244 -1.00412
379 93.9785 82.0222 1.68488
380 65.0767 -0.0476286 -1.23857
381 7.40738 95.2214 0.0935527
382 79.5782 78.2434 1.63539
383 24.0552 28.0722 1.0343
384 3.55643 3.35283 1.14212
385 38.898 27.7598 -1.5278
386 31.3383 29.0445 -1.08304
387 14.6743 75.4928 -0.405875
388 64.3398 1.74977 -0.969444
389 92.9975 87.5526 1.10511
390 75.0472 79.926 1.37607
391 3.29227 35.4187 -2.58562
392 78.6357 93.8836 1.46359
393 62.9294 4.62154 -1.36881
394 84.4443 77.0455 1.74996
395 -0.0641476 31.8772 -3.03719
396 94.8225 17.5794 2.55625
397 88.1216 84.3939 1.55576
398 84.6254 89.381 1.07291
399 38.0218 85.5514 0.151854
400 75.3551 70.5068 1.18367
401 71.1175 48.5892 -3.25401
402 47.6262 9.43927 -0.707582
403 79.2188 76.2894 1.05345
404 15.7369 5.02616 0.219046
405 73.8407 77.1851 1.07202
406 80.8399 43.8156 -3.20533
407 84.5879 75.6506 1.13196
408 90.3818 45.0651 -2.19596
409 88.2387 79.2607 0.896962
410 71.4355 73.132 0.99335
411 93.1553 96.0131 0.881772
412 46.7331 8.92785 -0.794034
413 -0.474332 25.7046 3.01115
414 59.8646 2.05446 -1.69353
415 0.501122 2.45111 1.6776
416 94.2058 90.4473 1.1595
417 80.0877 71.1813 1.58615
418 81.5175 79.3679 1.23946
419 66.9161 65.5999 -0.121614
420 98.0926 93.0567 1.18197
421 77.1054 76.9893 1.05094
422 5.77258 40.8646 -2.83101
423 41.455 57.9569 -0.692949
424 90.8871 95.2726 1.08528
425 83.7394 74.2327 1.40971
426 43.7262 85.8254 -1.80513
427 72.0628 87.305 1.61915
428 55.5907 1.77141 -0.719391
429 59.3623 1.20085 -1.31595
430 51.8965 65.0644 -0.0916828
431 57.8851 0.761438 -1.57889
432 65.6572 94.9077 -2.09253
433 44.3036 88.311 -1.33014
434 89.9179 95.5659 0.776514
435 70.5799 95.4826 -1.94704
436 65.9786 0.383203 -2.03205
437 4.01763 98.8251 -0.336049
438 66.0817 69.959 0.621381
439 49.1356 86.5884 -1.39955
440 65.6011 54.0687 -3.2082
441 77.5825 66.5708 1.24476
442 81.181 79.9586 1.51759
443 61.614 56.3736 -2.48992
444 55.7722 1.82091 -1.21903
445 83.5981 85.274 0.822349
446 95.7133 28.6734 2.92318
447 78.8232 48.0723 -3.0966
448 93.0478 93.2898 1.08236
449 82.9705 83.8862 1.0941
450 74.7111 76.0179 1.63117
451 45.7805 7.00714 -1.07077
452 79.8642 85.004 1.65262
453 67.4562 98.1045 -1.83283
454 1.47106 44.7077 -2.57837
455 68.3332 48.4682 -2.86333
456 71.4502 69.4805 0.823113
457 8.98526 36.7886 -2.29399
458 18.6086 42.4466 -2.55503
459 41.8891 57.6494 -0.296685
460 92.4176 86.2994 1.33057
461 4.57418 92.1972 0.355771
462 59.5162 4.0865 -0.723545
463 58.8261 85.4537 -1.87997
464 59.2382 8.93473 -1.11651
465 3.1352 37.5938 -2.62856
466 65.5289 4.74611 -1.93625
467 84.6334 79.6866 1.48379
468 93.4684 87.5633 1.61564
469 64.6715 -0.238425 -1.806
470 76.7358 75.6168 0.854201
471 58.6114 4.77951 -0.672534
472 58.6836 6.06775 -0.907269
473 88.3801 51.5186 -2.74318
474 91.505 93.2507 1.18852
475 84.4199 43.7292 -2.3095
476 11.3097 94.1101 -0.319879
477 18.0908 9.41099 1.04978
478 59.5246 73.092 -1.08702
479 98.0404 0.607337 1.50145
480 9.11346 36.0135 -2.59556
481 95.1431 91.9946 1.50775
482 6.63919 93.7044 0.20661
483 78.8063 75.3376 1.26718
484 80.0618 97.61 2.18429
485 75.7841 99.4391 -2.40968
486 65.3238 97.6566 -1.57819
487 65.6992 5.92907 -1.43245
488 42.6256 91.2238 -1.46947
489 68.9824 50.7034 -3.19261
490 38.644 31.6253 -1.74485
491 47.2775 64.1219 -0.443234
492 57.834 2.96843 -1.256
493 57.9468 81.9375 -1.59573
494 50.0592 61.2563 -0.0896363
495 25.6095 80.1229 -0.443702
496 81.3876 84.5361 1.47391
497 89.615 89.1956 1.11562
498 60.9111 1.65159 -1.51332
499 43.3187 55.628 -0.378359
