500
Particles
0 50.5159 44.4028 -2.36248
1 9.07832 19.6665 0.772887
2 5.94377 25.327 0.597508
3 76.2055 40.4837 -2.35679
4 8.75844 6.71308 0.458918
5 22.1058 29.8457 1.44899
6 17.3099 17.0923 0.0327712
7 70.9664 1.4329 0.379701
8 66.1402 39.1533 -2.02794
9 69.9129 45.2773 -1.85003
10 71.7241 28.3739 -2.28415
11 67.5182 94.202 0.0827596
12 83.0396 39.8374 2.84412
13 46.9055 7.62672 -2.50116
14 11.6482 7.75374 0.0550697
15 87.7636 44.1976 2.08251
16 80.2538 44.7949 3.18026
17 53.4415 20.45 -3.17149
18 12.1213 16.5709 0.195804
19 5.28697 95.2297 1.06589
20 74.0266 40.0888 -2.48302
21 18.4117 16.3002 0.761281
22 62.4176 25.8337 -3.07502
23 55.4859 22.4543 -3.18186
24 10.371 60.2928 -1.20397
25 21.5903 33.996 0.790833
26 26.8899 28.9331 1.87648
27 72.5878 89.531 -0.657045
28 49.7435 46.383 -1.55504
29 56.7114 21.5819 -2.98755
30 10.0074 29.0959 0.6932
31 97.8287 85.4805 1.79646
32 71.6579 35.3933 -2.14581
33 6.61582 24.501 0.957466
34 62.283 32.1634 -2.50665
35 43.4934 45.46 -1.91857
36 67.6471 97.0814 -0.125271
37 17.8894 22.0791 0.474325
38 93.2115 35.2729 1.83123
39 6.76594 8.60306 -0.248079
40 65.3523 25.0998 -2.54257
41 46.9918 8.15322 -2.02687
42 63.3938 45.1957 -1.88857
43 92.7542 53.9562 1.35962
44 9.89355 23.8824 0.588625
45 72.5035 48.9192 -1.8826
46 54.6797 47.5116 -1.78369
47 51.7904 16.4723 -2.93777
48 63.2091 37.2393 -1.80188
49 22.0509 29.2837 1.40538
50 73.1185 41.156 -2.26214
51 57.2714 50.6468 -1.71605
52 8.31221 57.7421 -0.345724
53 68.0295 93.9431 -0.18242
54 57.2313 23.4749 -3.09811
55 44.9352 0.714791 -2.47126
56 57.7281 31.9655 -2.65912
57 32.3922 57.6197 1.05188
58 54.5542 25.6395 -2.53278
59 22.2411 32.1817 1.11264
60 14.9955 23.6813 0.896536
61 63.2533 41.2291 -1.64858
62 46.125 49.2624 -2.07141
63 8.35957 14.9148 0.0754846
64 13.3619 22.0186 0.461124
65 39.3902 13.2563 -2.46144
66 16.5963 27.5161 0.656636
67 42.6473 34.9136 -2.37412
68 37.6001 8.72812 -2.50201
69 50.4793 53.1085 -2.36946
70 17.8455 19.4995 0.0271927
71 31.9659 34.4189 1.35534
72 12.774 24.2413 0.767547
73 49.9029 28.1195 -2.2591
74 29.8131 28.063 2.06855
75 53.2924 94.7897 -1.35196
76 47.174 53.5721 -1.72723
77 14.7733 19.4037 0.545963
78 11.1749 27.2574 0.480631
79 15.1418 14.1534 0.4204
80 46.195 54.383 -2.42142
81 14.9552 27.365 0.0660767
82 33.9716 90.1475 1.71774
83 15.6542 10.4081 -0.167329
84 29.5889 42.4419 1.83911
85 40.3139 47.6588 -2.40299
86 36.2378 65.4786 -2.0247
87 37.2027 4.99616 -2.38952
88 13.6638 94.3074 -1.27162
89 27.6266 29.368 1.22275
90 52.3065 91.1732 -1.79196
91 98.1445 84.4631 1.22699
92 38.0004 2.37185 -1.89126
93 55.0759 25.4958 -2.6067
94 67.1354 32.8385 -2.60117
95 47.8837 47.7536 -2.26164
96 13.5582 20.6618 0.125835
97 18.3932 23.3095 0.192546
98 28.0069 29.3642 1.22646
99 75.2406 33.3775 -2.67986
100 9.11791 56.4715 -0.729674
101 10.5805 18.4393 0.304477
102 67.7918 40.1665 -1.93247
103 35.2662 33.472 1.99268
104 58.5773 44.0981 -1.50547
105 53.8994 90.3896 -0.804974
106 56.7319 33.205 -2.32438
107 53.1957 36.0402 -2.52049
108 60.2015 48.8128 -1.36097
109 57.4326 37.1135 -2.48529
110 82.0352 37.2758 2.56533
111 18.3621 21.6505 0.576635
112 72.0687 39.8398 -1.96845
113 49.3309 23.2889 -2.95408
114 88.3679 48.3623 2.07647
115 43.9369 33.8143 -2.16717
116 14.2912 29.4704 0.24388
117 27.615 36.2646 1.58831
118 78.834 41.823 2.84299
119 54.8845 25.3105 -2.50473
120 28.9308 33.9237 1.60344
121 71.551 37.0162 -2.25811
122 66.1498 33.9409 -2.12288
123 9.45242 17.3566 0.622523
124 42.3407 8.73864 -2.48224
125 40.7502 11.7756 -1.96239
126 86.9516 81.716 1.32355
127 41.7108 8.87975 -2.21113
128 10.486 61.1645 -1.13139
129 52.7705 44.4748 -1.78339
130 51.8885 51.7475 -1.57818
131 71.5959 27.1108 -2.40522
132 61.0141 90.191 -0.746218
133 58.3993 92.513 -0.829784
134 23.9558 28.4156 0.724095
135 20.3703 19.9638 0.792673
136 32.5546 26.2276 1.44241
137 20.291 19.4203 0.116709
138 66.5032 34.9804 -2.2187
139 42.6511 53.1246 -1.90906
140 66.6263 42.342 -2.15916
141 39.6313 13.2498 -2.38929
142 16.9191 8.59187 0.848267
143 73.1849 48.7956 -2.12049
144 18.2762 22.7732 0.088589
145 51.6005 32.1079 -2.49001
146 53.4779 49.5979 -1.93387
147 3.76812 23.7634 0.498534
148 50.6379 50.2064 -2.11237
149 17.4536 26.3721 0.0920334
150 61.6346 44.6364 -1.81062
151 46.1411 48.4705 -1.92269
152 33.6362 28.8638 2.20148
153 58.9537 44.9466 -2.15055
154 75.4457 48.8996 -1.17769
155 60.1675 94.039 -1.06439
156 69.8306 40.5473 -1.68118
157 64.1992 52.2467 -1.48966
158 26.9989 30.3473 1.1284
159 84.0995 44.2607 2.98015
160 9.83638 27.1309 0.770478
161 92.5188 83.3802 1.52802
162 73.0767 43.2093 -2.2693
163 40.2074 6.59681 -2.03443
164 25.4647 79.5679 -0.483936
165 43.8669 43.6613 -2.13171
166 36.3181 10.8119 -1.94969
167 22.6847 21.5987 0.0522103
168 11.2089 18.1009 0.659173
169 6.81201 51.8928 -0.774902
170 4.3161 22.0243 0.302347
171 16.2901 17.5067 0.0217458
172 50.1509 31.6635 -2.73297
173 67.946 42.8382 -1.35181
174 18.7924 30.2753 0.580725
175 91.7749 87.203 1.52241
176 85.5228 45.078 2.57376
177 38.1294 49.6497 -2.66061
178 6.00559 53.3666 -0.938526
179 48.7651 46.2805 -2.04571
180 48.6433 23.9793 -3.07958
181 73.0618 44.4915 -2.34413
182 56.133 32.8502 -2.53046
183 84.967 21.2264 2.67677
184 21.4802 36.8934 0.424807
185 57.0412 96.6007 -1.19401
186 66.605 32.9911 -1.93447
187 71.4322 40.2357 -2.35073
188 8.41309 13.1973 0.321298
189 12.6566 27.8252 0.56089
190 13.3379 31.9711 0.144518
191 17.7324 25.3646 0.583146
192 41.3341 47.3642 -1.93777
193 60.2069 39.4253 -2.40611
194 31.0704 29.028 1.39064
195 14.7663 18.7678 -0.00947451
196 24.6644 29.2853 1.50576
197 37.5581 65.8053 -2.11747
198 35.8233 86.1422 1.48796
199 25.8416 29.4045 1.85799
200 19.8592 18.3917 0.675222
201 4.24256 5.31802 -0.0465168
202 7.25056 59.2903 -1.30294
203 63.8078 58.7582 -1.73606
204 19.5904 29.3261 1.05792
205 51.1462 32.0925 -2.96564
206 28.9869 55.1857 0.883515
207 25.712 34.0806 1.29565
208 21.4941 37.2508 0.96744
209 79.5927 39.2758 3.1634
210 14.0542 20.0207 0.905074
211 65.4554 28.7579 -2.87327
212 60.2639 91.9494 -0.721741
213 51.7782 53.1876 -1.64423
214 11.8142 12.9519 0.619054
215 50.7275 28.0425 -3.03966
216 70.7242 52.6501 -1.25827
217 17.9033 16.6721 0.0216098
218 62.6836 54.6767 -1.71403
219 56.3332 20.654 -3.20918
220 29.6497 16.66 0.0954927
221 62.0417 52.6681 -1.89346
222 15.8601 21.9967 0.870956
223 53.8121 95.9843 -1.27853
224 77.2193 37.7287 -2.03144
225 69.4887 95.0434 0.147204
226 67.0724 46.4116 -2.12257
227 65.7059 38.1614 -1.65493
228 38.5966 67.1842 -2.60062
229 63.3427 48.2288 -1.94479
230 46.08 6.53949 -2.69815
231 13.7508 22.4607 0.677217
232 97.1167 83.1043 1.051
233 31.3579 34.5451 1.79732
234 25.896 30.5146 1.40916
235 57.8219 30.8042 -2.91612
236 66.5866 41.736 -2.00087
237 13.3778 27.1849 0.470448
238 57.9675 24.5969 -2.47903
239 10.7553 9.40346 0.327674
240 82.0487 40.2654 2.90829
241 13.2028 26.4442 0.810733
242 59.7392 50.5765 -2.28775
243 18.041 20.0126 0.71494
244 89.7447 79.6491 1.59086
245 60.7498 50.2368 -1.38092
246 70.1042 31.2408 -2.49646
247 43.436 10.469 -2.81207
248 12.3171 10.9218 0.449261
249 16.2211 28.9712 0.83591
250 70.9371 81.4115 -0.508861
251 8.5624 27.9295 0.909439
252 71.0847 1.56314 0.319334
253 52.3438 99.8511 0.0363429
254 70.6769 27.721 -2.33789
255 16.4309 27.9286 -0.0199117
256 60.7994 49.1854 -1.59787
257 69.2367 32.6777 -2.60813
258 70.6875 41.2054 -1.77013
259 57.7286 33.6314 -2.60342
260 24.3301 28.6395 0.980863
261 49.2927 19.0663 -2.67802
262 70.3937 46.2017 -1.47486
263 37.4491 54.8171 -2.30702
264 7.74715 24.549 0.694984
265 35.1908 31.2476 1.47445
266 41.881 49.1683 -1.93438
267 12.4258 21.9012 0.977881
268 58.8091 18.7285 -2.60362
269 67.813 90.2458 -0.653824
270 54.5018 26.8686 -2.88028
271 58.1431 33.2826 -2.99723
272 41.0939 65.8207 -2.59261
273 24.9281 31.1291 1.39665
274 38.3579 52.52 -2.45897
275 62.4753 43.2009 -1.71328
276 29.5391 27.8055 2.07418
277 48.4792 31.1445 -2.27474
278 6.54091 19.9698 0.842323
279 61.3318 52.492 -1.94053
280 16.8918 7.83627 0.293067
281 67.9978 36.0306 -1.80007
282 55.6612 25.366 -3.1663
283 21.813 25.7582 0.390407
284 13.9293 27.6323 0.167303
285 16.6884 20.2013 0.651664
286 42.9351 9.46619 -2.07885
287 66.6579 31.9164 -2.71317
288 77.1672 37.0636 -2.2264
289 9.50764 24.1309 0.584477
290 59.6767 40.4109 -2.46965
291 10.2437 20.3385 0.919166
292 93.8736 55.4174 2.19886
293 36.2892 51.6748 -1.87983
294 57.9401 23.0933 -2.6829
295 72.4379 4.27539 0.375384
296 21.5461 36.982 0.614993
297 70.4743 44.5186 -2.01334
298 10.8234 22.3852 0.489303
299 21.1903 22.4224 0.242121
300 38.9918 45.5852 -2.06383
301 16.215 25.5262 0.0357186
302 96.7684 34.7962 1.35901
303 66.2774 35.6808 -1.83301
304 8.8285 16.5534 0.143919
305 13.1805 29.3036 0.335452
306 67.9298 97.4352 -0.17216
307 10.7747 25.4588 0.888266
308 50.7696 22.8249 -2.52164
309 40.8187 52.0874 -2.40438
310 70.7992 93.6911 0.0270662
311 49.7072 6.43539 -2.69812
312 58.5249 51.7317 -1.36958
313 45.3369 48.0351 -2.10681
314 81.2423 46.1428 2.57256
315 62.4636 40.626 -1.54374
316 18.8977 20.0441 0.545888
317 17.0043 12.5602 0.744455
318 81.8076 41.8604 2.63094
319 16.5578 23.8626 0.786664
320 16.6201 22.7919 0.0321624
321 55.7251 19.4002 -2.99263
322 17.5677 20.7835 0.956536
323 14.5081 13.8628 0.628871
324 12.0733 27.297 0.0904688
325 65.1061 47.9318 -2.01936
326 69.7635 29.4012 -2.6867
327 42.0935 51.7437 -1.69981
328 20.0263 39.2919 0.642366
329 74.0163 36.4729 -1.89928
330 49.2534 49.1782 -2.24964
331 60.8167 91.3152 -1.5915
332 72.1223 36.5388 -1.70478
333 32.2268 86.6602 1.9586
334 7.27653 7.9234 0.0418359
335 18.0194 23.3815 0.291373
336 24.4676 18.3322 0.978051
337 10.4313 8.80183 9.92654e-05
338 64.6087 46.1785 -2.19586
339 68.294 29.9575 -2.53952
340 12.7682 18.1522 0.981324
341 9.56611 12.4993 -0.0316923
342 11.6257 18.3719 0.440576
343 66.193 51.8228 -2.29791
344 67.1329 37.6466 -2.21943
345 93.0979 52.2485 1.38663
346 47.823 8.64197 -2.0439
347 29.8243 28.7856 1.23089
348 11.4195 11.3305 0.169057
349 11.6608 30.3219 0.886926
350 61.1303 48.125 -1.60791
351 69.035 41.7621 -1.73542
352 7.34656 22.1972 1.00053
353 54.7361 94.1126 -1.25821
354 32.3376 30.18 1.895
355 72.1373 30.2121 -2.64871
356 74.3642 34.5599 -1.90177
357 64.2535 91.8352 -0.490299
358 51.8946 23.2784 -2.92584
359 26.1217 35.1401 1.50825
360 76.496 52.5215 -1.92711
361 17.8514 31.6375 1.16026
362 15.5601 19.0365 0.264769
363 38.8902 62.2013 -2.42333
364 7.06448 25.4631 0.174699
365 54.6725 47.137 -1.6474
366 20.5767 18.4497 0.472363
367 53.0682 36.8564 -3.01556
368 51.3074 48.8223 -2.28224
369 94.3824 50.5162 1.99158
370 85.011 40.9377 2.54505
371 17.4084 27.5171 0.238661
372 58.5743 24.6855 -3.046
373 47.6774 25.5885 -3.2739
374 8.76852 27.1911 0.474736
375 54.7147 45.8798 -1.86992
376 56.8204 36.3612 -2.45284
377 42.023 29.9326 -2.2342
378 57.8176 49.2193 -1.45357
379 28.8201 19.9784 0.5699
380 65.3575 45.1328 -1.78147
381 30.5027 28.0271 1.80919
382 15.3698 17.4376 0.0139719
383 10.0262 54.4941 -0.361252
384 28.3328 38.4403 1.79152
385 72.1912 92.776 -0.605093
386 66.3773 97.6422 -0.099585
387 38.8397 45.5895 -2.22098
388 69.0609 46.8801 -1.9006
389 24.9516 31.1739 1.64197
390 9.75114 21.748 0.697247
391 53.2794 23.6505 -3.28278
392 90.451 39.0775 1.29158
393 64.4624 50.0731 -2.02993
394 16.9644 19.7953 0.666335
395 50.104 21.6847 -2.90088
396 54.9115 19.755 -2.52755
397 20.8752 26.5271 0.88187
398 73.9254 28.8694 -2.55937
399 42.8374 32.3412 -2.05531
400 13.755 6.87311 0.685231
401 38.7172 7.98001 -2.72135
402 42.5891 60.3136 -1.87608
403 14.5844 16.395 0.511327
404 29.3938 54.3151 1.04987
405 6.90881 19.5317 0.702103
406 44.652 6.64866 -2.59571
407 16.7949 18.1958 0.912117
408 45.9373 23.2836 -2.90189
409 22.7322 20.2499 0.379279
410 11.3247 9.18355 0.0875
411 90.0703 48.2473 2.45724
412 46.5032 57.6345 -2.00228
413 51.312 19.5072 -2.97653
414 62.174 47.5796 -1.73956
415 92.8709 55.2802 1.79983
416 19.628 35.5705 0.700622
417 15.5728 10.211 0.118753
418 14.5937 21.6789 0.818928
419 8.10095 98.8046 0.955108
420 27.8695 34.5495 1.88818
421 10.5049 17.9835 0.280134
422 56.0201 28.9416 -2.43107
423 40.2939 20.0351 -2.11025
424 85.3293 45.5454 2.74945
425 18.0083 16.0309 0.125295
426 45.8002 31.713 -2.35651
427 8.4128 27.6369 0.900385
428 58.3944 47.6812 -1.78749
429 65.5592 46.8897 -1.77836
430 91.2462 82.1434 1.78902
431 57.1518 46.9288 -2.30264
432 69.0548 40.1478 -1.54141
433 46.4448 34.4401 -2.09417
434 64.758 29.3461 -2.80046
435 4.05217 23.0881 1.13948
436 72.1401 46.2808 -1.80078
437 28.7439 33.2913 1.86655
438 5.39798 6.42637 0.180093
439 48.3931 33.0414 -2.92614
440 33.9465 25.1295 2.25128
441 24.1203 81.9514 -0.416429
442 14.9715 21.3855 0.281901
443 30.8861 31.1418 1.48445
444 61.4203 47.8744 -1.79421
445 13.8098 30.6049 0.882212
446 47.5548 4.32318 -2.35725
447 45.944 10.3839 -2.21652
448 88.5383 45.2937 2.13758
449 15.3203 27.1242 0.798485
450 13.6253 13.553 0.401695
451 45.5719 54.9158 -2.53425
452 12.2546 28.9129 0.353716
453 68.3171 43.3993 -1.79356
454 53.3568 31.3417 -3.02144
455 31.8821 11.7718 -2.4646
456 9.25235 8.16552 0.104025
457 57.8569 27.9227 -2.89379
458 76.9814 42.5046 -2.21974
459 41.0079 18.0914 -2.50354
460 23.7139 29.3951 0.822935
461 54.0765 90.8909 -1.31141
462 60.3995 50.1966 -2.05623
463 57.7599 35.7985 -2.68375
464 64.2681 54.6437 -1.27362
465 52.9379 23.2987 -2.65634
466 66.1105 49.7282 -1.95756
467 18.1781 21.1877 0.127891
468 21.2042 32.9014 1.0882
469 68.1093 44.8477 -1.35778
470 9.65585 17.9504 0.555099
471 60.9115 50.5066 -1.48166
472 59.5155 51.8646 -1.86913
473 48.0058 27.7128 -2.93047
474 87.4924 44.3278 2.4877
475 45.6797 8.17461 -2.17743
476 59.9398 93.0657 -1.13791
477 31.2412 59.3354 0.721157
478 94.8695 86.6305 0.957862
479 95.8092 53.0781 2.01493
480 57.8317 25.3147 -3.09413
481 22.6669 35.7712 1.17913
482 29.8606 28.4429 2.04803
483 13.3877 16.1284 0.191258
484 93.4245 38.0329 1.07914
485 96.6209 33.9854 1.40663
486 67.3828 43.0393 -2.19558
487 73.0647 51.3711 -1.91557
488 42.3957 39.189 -2.79665
489 36.0406 10.883 -2.69192
490 72.2778 3.02986 0.23327
491 68.6159 33.8405 -2.5493
492 59.4665 48.7116 -1.43858
493 64.3247 35.0035 -2.10068
494 68.7282 31.353 -2.45066
495 36.2267 44.1581 -1.90748
496 16.2557 25.0438 0.811535
497 86.5441 41.326 2.59858
498 65.6846 47.5724 -1.83383
499 40.9296 15.5905 -1.82151
