500
Particles
0 20.9339 9.16911 -0.555816
1 50.9782 85.9356 -1.48037
2 87.8116 28.7831 -2.60863
3 98.3116 7.46994 0.544338
4 49.9608 77.5136 -0.580087
5 81.1827 56.3495 1.82308
6 98.0959 73.1463 -2.1589
7 41.7447 60.0656 -1.13447
8 76.8752 23.9665 -2.4286
9 68.6243 31.6843 -0.932187
10 66.0077 74.3196 -0.752382
11 85.0301 81.4824 -0.464247
12 63.2474 73.9781 -0.998659
13 16.0608 42.3555 3.08559
14 52.1253 50.2081 0.2852
15 76.6851 65.0305 1.24529
16 99.6433 8.71855 0.458038
17 33.6263 38.5197 2.4021
18 53.7797 74.253 -0.682054
19 48.9654 94.0335 -1.51267
20 30.9345 70.4873 -1.63475
21 1.3358 74.3069 -2.45926
22 61.7298 91.2328 -2.44958
23 36.5527 42.7744 2.57998
24 26.1373 0.839048 -1.73068
25 88.5284 74.0928 -0.386767
26 79.1383 69.8552 1.27335
27 44.9102 57.6678 -0.934012
28 17.3556 12.0502 -0.154097
29 1.59287 13.2837 -2.76075
30 73.0698 5.02684 -0.730673
31 49.2447 2.31085 -1.71561
32 31.3996 66.5881 -1.49362
33 87.001 25.3742 -2.82158
34 26.8126 68.1888 -1.37602
35 18.3936 9.35425 -0.527183
36 8.892 86.348 2.80029
37 64.7411 54.6475 0.808064
38 92.4801 25.5087 -2.48425
39 50.4288 94.3835 -1.0482
40 91.9624 28.562 -2.88851
41 18.5443 45.6757 2.70942
42 66.6478 32.4601 -0.703313
43 75.3374 81.1187 -1.83809
44 55.5267 0.769609 -0.984414
45 67.198 36.3857 -0.828399
46 22.0641 14.1824 0.126414
47 5.7075 92.636 3.06353
48 74.4072 22.4935 -2.46955
49 86.8916 68.4004 -0.539667
50 83.8164 23.5133 -2.88671
51 23.8452 16.9981 -0.471373
52 98.7203 67.9868 -2.98694
53 12.7363 87.6732 2.99362
54 70.2368 76.1272 -1.55028
55 48.964 59.4247 -1.38062
56 27.0281 65.6469 -1.18688
57 88.1927 3.33423 -0.478265
58 32.7807 56.0854 -1.88308
59 92.4119 76.1902 -0.756544
60 61.7076 56.9964 0.245006
61 66.9035 27.8271 -1.49539
62 18.0211 15.0864 -0.434764
63 49.2287 84.2831 -1.14033
64 53.7027 85.2213 -1.1168
65 4.00729 55.7632 -1.86732
66 59.4814 76.7466 -0.643332
67 29.3453 7.49863 -1.9578
68 3.00894 53.6316 -2.62542
69 21.119 19.1013 -0.486815
70 95.0152 75.5605 -0.794468
71 25.7917 81.8428 -1.35138
72 56.6939 75.2753 -0.14852
73 56.3474 14.3324 -2.27115
74 94.3174 48.8306 3.12772
75 11.6916 30.2878 -1.4805
76 18.8093 21.2865 -0.299611
77 56.5252 72.8005 -0.641312
78 60.5145 96.2926 -2.58469
79 78.5704 46.2107 2.73706
80 16.7611 17.2283 -0.623401
81 61.4265 64.7812 -0.869149
82 21.5717 68.9978 -1.76244
83 51.8986 65.8308 0.211981
84 38.4864 37.9975 3.03131
85 14.7986 64.1559 2.67719
86 14.4433 27.0206 -1.52901
87 2.06257 45.1115 3.04751
88 99.0069 65.3589 -2.98275
89 77.9161 70.655 0.678609
90 81.0917 68.6159 0.669031
91 49.2109 1.83085 -1.73129
92 47.8541 58.8091 -0.912452
93 28.5505 57.9884 -1.76732
94 27.4636 87.7255 -0.974333
95 18.2301 13.2501 0.274508
96 74.1659 47.7047 3.07045
97 70.4071 53.2959 1.98979
98 78.405 72.2355 1.32138
99 94.3156 4.40965 -0.378502
100 0.0397486 65.7189 -2.85446
101 55.4086 54.726 0.562536
102 77.6998 24.8002 -2.00232
103 10.5119 74.1704 -3.05758
104 23.9578 10.0113 0.0166526
105 80.2411 69.7386 0.451933
106 25.1028 68.345 -1.18448
107 61.4977 17.8242 -2.33379
108 29.9875 18.3366 -0.297314
109 69.4459 20.5755 -1.83004
110 75.6089 8.1532 -2.00525
111 74.1319 51.3179 2.14614
112 84.9558 22.0387 -2.65671
113 30.109 44.2714 2.65348
114 74.4621 68.5671 0.686651
115 51.8191 16.0519 -2.33776
116 62.5375 67.7793 -0.633959
117 76.7278 70.8294 0.532791
118 0.582103 7.53189 0.664683
119 34.4979 51.9069 -2.94347
120 81.2234 63.2705 2.01304
121 43.6711 93.6794 -1.74659
122 26.8382 87.058 -1.49986
123 54.7224 66.4924 -0.0368129
124 6.11302 51.1519 2.67035
125 98.7254 64.1708 -2.48531
126 52.9731 10.0942 -0.686384
127 4.51327 58.4547 -1.17883
128 25.33 99.0379 -2.3902
129 24.3527 9.80285 -0.195279
130 21.3154 17.8991 -0.223624
131 63.9646 72.9782 -0.79565
132 81.8774 78.2072 -1.09465
133 81.1267 77.4781 -1.07846
134 95.1187 78.8446 -0.596643
135 0.805548 76.2817 -2.8832
136 8.24408 89.3761 2.54741
137 99.0094 79.0923 -1.34739
138 34.3986 95.3682 -0.466796
139 13.0985 18.2053 -0.814482
140 77.8705 26.4274 -2.45974
141 98.4384 65.4861 -2.81581
142 98.2657 69.9016 -2.21075
143 71.953 34.8721 -1.26267
144 68.8979 53.9182 1.24192
145 62.5121 15.7822 -2.011
146 19.7211 15.7612 -0.591013
147 89.6426 24.8633 -2.35915
148 20.5564 13.7255 -0.180322
149 68.4693 56.3962 0.997356
150 31.8972 13.2372 0.0801953
151 16.5528 12.6812 -0.376997
152 41.937 87.0851 -0.303707
153 21.7736 9.83893 -0.463202
154 74.351 34.8002 -1.04266
155 86.4066 90.0214 -1.47507
156 74.8975 26.715 -1.84867
157 58.8623 35.9034 -0.483847
158 96.1931 85.6431 -0.659625
159 66.8259 73.0176 -0.913128
160 57.5689 5.66622 -1.16085
161 43.2527 97.8508 -1.66476
162 81.7771 26.7446 -1.9091
163 5.78201 47.4003 2.35138
164 4.61785 65.7334 -2.60898
165 17.3628 9.92225 0.0864104
166 1.29442 53.3361 -2.56875
167 5.81753 72.8309 -2.79811
168 53.6019 83.3787 -1.39558
169 80.1651 4.29224 -1.46434
170 85.9577 24.2624 -2.95231
171 78.7732 47.4131 2.74735
172 57.2287 16.9531 -2.21156
173 72.7984 28.3122 -1.3429
174 76.3333 57.6461 2.30508
175 47.5526 5.53686 -0.836756
176 72.893 66.1367 0.890279
177 14.5893 65.5141 2.70929
178 38.5912 44.5229 2.37459
179 18.3484 12.1486 0.21129
180 27.8716 47.899 -3.43922
181 76.2516 30.5513 -1.33613
182 29.5899 61.5998 -1.36166
183 55.8467 37.6763 -0.184912
184 82.3466 62.5555 1.69357
185 17.4209 38.1684 -2.7929
186 26.7877 88.5065 -1.24425
187 82.4358 23.4141 -2.27371
188 48.342 81.92 -0.428101
189 62.7322 0.304697 -1.24605
190 61.3524 76.0276 -0.46312
191 75.7105 53.2207 1.96829
192 22.1968 96.9773 -2.25673
193 66.3483 24.9508 -0.897818
194 83.4101 96.8552 -1.50924
195 56.173 71.2622 -0.597792
196 96.308 81.1665 -0.392189
197 15.2997 24.9887 -1.49494
198 26.2869 73.7047 -1.68951
199 99.3413 82.8287 -2.6888
200 4.60896 71.6272 -3.10599
201 47.6289 93.5176 -1.22169
202 48.1476 67.3847 0.550788
203 26.1685 20.0646 -0.760534
204 84.9752 54.8995 2.6339
205 62.1567 16.5454 -2.36104
206 99.5785 15.1526 -2.43251
207 91.3214 77.4561 -0.106228
208 77.4979 66.2197 0.740898
209 66.8083 68.1296 -0.909892
210 60.0773 55.2984 0.0842717
211 62.9435 80.534 -0.827343
212 81.4842 80.4305 -1.03464
213 20.3498 17.814 -0.266836
214 52.7454 63.0321 -0.108615
215 23.9914 52.8087 -3.06347
216 68.6676 39.0018 -0.803163
217 2.89821 72.4238 -2.85706
218 54.914 35.6953 -0.0466451
219 20.6474 34.3171 -3.04688
220 10.1281 61.625 2.58017
221 31.432 21.5096 -0.943014
222 62.0929 56.6193 0.278998
223 98.3746 19.3965 -3.2534
224 97.4334 5.89092 -0.107832
225 38.7922 57.465 -0.726709
226 65.437 32.3807 -0.723037
227 77.6135 23.0188 -2.28441
228 19.2886 26.2333 -1.51651
229 33.6448 17.6602 -0.501219
230 12.3114 45.67 2.69319
231 58.4084 68.7839 -0.226141
232 46.2512 98.3082 -1.39543
233 15.6716 49.6549 2.81484
234 93.3836 79.9326 -0.00582884
235 26.3439 64.1027 -1.11956
236 79.7583 25.9097 -1.94619
237 60.597 97.8205 -2.26476
238 38.3928 47.728 2.37685
239 49.5764 79.3432 -0.693981
240 68.7154 61.1545 1.08539
241 56.5622 86.6939 -1.35983
242 25.3704 17.1892 0.0771586
243 2.8374 73.0577 -2.98779
244 39.2804 93.1073 -1.46885
245 26.1352 16.0097 0.0860779
246 33.2546 85.4084 -0.716922
247 7.4295 54.9682 2.60575
248 56.1601 49.457 0.445845
249 77.5335 53.7471 2.58168
250 11.4875 29.0745 -1.56692
251 93.8039 21.6627 -3.02675
252 37.6144 62.094 -0.819135
253 21.5471 36.824 -3.40975
254 64.745 1.84357 -1.33137
255 64.1332 60.5919 0.77907
256 29.004 16.8883 -0.769812
257 30.2146 87.4203 -0.973608
258 82.8053 24.8184 -2.51635
259 27.264 69.395 -1.05704
260 2.05158 79.9671 -2.70912
261 28.8674 42.8845 -2.60129
262 71.9868 32.9219 -1.19228
263 9.81245 64.2006 2.67994
264 80.022 13.2673 -2.27147
265 15.8438 50.4797 3.0524
266 7.88175 99.1933 1.58966
267 55.961 85.5457 -1.20507
268 71.109 2.21151 -0.162007
269 99.2313 86.8154 -0.642115
270 26.3927 60.7838 -1.93524
271 27.0279 64.2242 -1.75392
272 18.8216 25.533 -1.44026
273 95.3948 80.2851 -0.54066
274 5.88899 82.3056 -2.58767
275 34.2612 13.9318 -0.736877
276 80.3791 72.3785 0.695705
277 60.2512 15.9364 -2.469
278 86.7667 19.536 -2.51679
279 34.7864 24.9391 -1.49917
280 76.4977 42.4391 2.77389
281 52.7513 10.1018 -0.746959
282 35.8267 40.0789 2.77268
283 99.9096 80.321 -0.971198
284 58.2541 88.3209 -1.7084
285 81.8859 48.0621 2.80234
286 6.84136 50.3387 2.53595
287 30.6955 87.798 -0.8657
288 96.2598 5.50065 0.592839
289 93.1427 16.7977 2.51075
290 70.1217 25.4323 -1.65799
291 51.2181 89.5667 -1.71291
292 78.7449 2.63115 -0.85211
293 11.1036 69.3443 2.66512
294 73.5947 78.4066 -1.97753
295 40.2625 64.3505 -0.921225
296 76.8822 66.3822 1.18987
297 70.9567 31.2454 -1.38097
298 54.4667 4.39291 -1.36765
299 93.0538 74.8774 -0.702818
300 12.0303 61.036 2.786
301 61.5126 64.4353 -0.68322
302 90.6564 27.1492 -2.77698
303 79.3235 19.7104 -2.74014
304 54.4163 81.4736 -1.51061
305 59.6547 74.6137 -1.09822
306 11.0738 92.5244 3.04144
307 56.8922 2.08028 -1.3471
308 31.6282 46.2995 -2.69844
309 2.76904 99.6615 1.94323
310 42.4951 49.9866 2.11493
311 3.45862 92.9348 3.01196
312 23.0047 15.2571 -0.12244
313 13.6153 14.2581 -0.0440381
314 2.44684 7.75721 0.922574
315 74.5552 25.9573 -2.13985
316 98.8699 75.3449 -1.35523
317 95.9852 69.1183 -2.79945
318 69.9148 65.1072 1.37378
319 83.8317 51.1816 2.89105
320 59.2742 67.4842 -0.532223
321 6.14763 91.6556 3.22699
322 73.9932 51.0426 2.81532
323 79.1602 45.1243 2.7794
324 57.2246 6.96073 -0.651539
325 61.9458 34.5269 -0.330887
326 92.0845 4.54249 -0.585893
327 11.8461 17.2596 -0.160009
328 77.6742 66.1702 1.06018
329 28.7571 68.0182 -1.22412
330 19.4793 16.2899 -0.442248
331 81.9879 75.0908 -0.00677341
332 31.4309 67.9569 -1.12655
333 27.2141 49.5941 -3.02101
334 45.4856 84.5704 -1.20306
335 80.1123 50.8291 2.15931
336 7.01601 72.5255 -2.85549
337 51.1914 76.6759 -0.583348
338 66.7776 33.484 -0.92481
339 91.6332 6.8245 0.0926666
340 56.7494 68.5153 -0.727091
341 75.8738 12.804 -2.43354
342 55.6036 69.4786 -0.687906
343 33.3083 21.2886 -1.01425
344 80.7754 22.0714 -2.54045
345 74.9127 71.5326 0.672358
346 18.443 44.8494 3.01686
347 79.413 73.2057 1.27626
348 52.8907 78.2042 -0.954939
349 60.6154 76.544 -0.893725
350 27.1702 12.902 -0.423825
351 72.4086 28.119 -1.8748
352 55.5736 -0.350353 -0.829252
353 93.643 48.6026 2.90672
354 96.0267 54.4237 2.48211
355 68.5633 69.6903 -0.965649
356 96.4807 8.29791 -0.0170474
357 83.5052 80.0845 -0.858888
358 32.4499 46.6389 -3.13807
359 78.5036 64.2255 1.65215
360 74.296 37.7527 -1.02614
361 76.4889 57.2026 1.60193
362 73.9868 48.7902 2.4731
363 16.3583 23.6721 -1.12732
364 90.3319 19.1619 2.93512
365 21.6958 13.1447 0.00183421
366 0.429364 77.201 -2.59016
367 64.5365 18.73 -2.60529
368 19.6223 15.7347 -0.227008
369 74.1738 70.8082 1.37316
370 72.8252 60.4065 1.73798
371 63.3 65.0246 -1.75237
372 71.5078 77.0022 -1.62155
373 23.5804 48.1833 -2.41466
374 55.0452 6.79865 -1.07538
375 22.2184 12.851 -0.393811
376 74.7545 15.6142 -1.93935
377 28.7271 1.01752 -1.49972
378 25.6201 14.8554 -0.493857
379 5.42627 79.802 -2.4008
380 73.5544 31.2557 -0.996156
381 79.8907 83.5436 -1.3427
382 63.4762 50.9358 0.298859
383 100.303 7.74287 0.561977
384 97.7986 14.9841 -3.46991
385 42.5544 59.8533 -1.39794
386 35.331 59.5752 -1.36775
387 10.8335 56.8575 2.45563
388 65.065 34.0842 -1.29612
389 81.5224 58.7564 2.32098
390 55.0516 81.1468 -1.19379
391 33.9015 45.0159 2.99672
392 60.0175 7.11915 -1.05236
393 57.1011 33.238 -0.324881
394 1.71486 73.4303 -3.2199
395 28.9089 44.4171 -2.61086
396 1.43457 16.8608 -2.16341
397 79.8487 54.3563 2.09619
398 63.81 69.815 -1.17893
399 29.7773 4.06109 -1.2111
400 92.0592 54.0467 2.16566
401 3.33874 47.6706 3.42444
402 18.4435 22.2332 -1.13598
403 59.1995 52.5385 0.107778
404 86.096 0.261038 -0.368791
405 50.818 82.2539 -1.05001
406 11.7095 44.0232 2.64423
407 97.6705 73.8835 -1.97688
408 22.4528 46.3096 -3.49819
409 3.36434 75.388 -2.92642
410 48.7129 82.0764 -0.837245
411 74.8636 68.9505 1.31213
412 17.4598 21.1382 -0.577507
413 23.9624 37.5782 -3.16757
414 31.7656 17.9997 -0.436826
415 80.6418 99.5358 -0.986399
416 85.5654 61.1618 2.03121
417 98.8551 68.5254 -2.49958
418 63.8288 53.5201 0.317162
419 48.8378 91.5216 -1.18325
420 79.5576 66.0044 0.851368
421 54.4208 76.2708 -0.938058
422 29.2757 60.1418 -1.31727
423 25.1152 85.0815 -1.78269
424 73.4135 67.0203 0.956563
425 98.4143 72.556 -2.16089
426 54.3819 15.1981 -1.79351
427 56.9689 10.1644 -0.781022
428 25.2682 13.8904 -0.659346
429 30.1695 14.791 -0.436249
430 40.4646 92.963 -1.53088
431 28.075 12.5927 -0.150399
432 81.183 23.9308 -2.08562
433 56.1113 16.1707 -1.7225
434 70.4633 69.6891 1.03198
435 88.0334 22.6515 -3.08466
436 67.9112 32.5028 -0.793467
437 81.6562 95.7044 -1.06565
438 47.8776 94.8585 -1.91447
439 57.6718 17.2207 -2.59344
440 96.3695 57.8003 2.31552
441 1.29101 68.3729 -2.93857
442 71.0813 50.741 1.96512
443 48.3035 68.237 0.817333
444 24.9311 12.117 0.141805
445 66.4422 58.4961 0.573732
446 23.2476 41.6963 -2.98241
447 7.57916 51.8649 2.94178
448 76.746 64.983 1.40019
449 65.7786 56.9091 0.427796
450 52.4202 80.6185 -0.455909
451 15.5609 19.2115 -0.609099
452 59.4115 73.2419 -0.430443
453 79.6273 28.3217 -1.51642
454 22.3244 63.5037 -1.44362
455 0.654047 48.7551 -2.54906
456 49.4359 76.8945 -0.821574
457 38.9907 43.5061 2.77062
458 31.5223 70.4958 -1.24581
459 25.4897 84.1401 -1.38459
460 85.8897 59.336 2.43392
461 78.379 72.7474 0.819969
462 29.0916 15.8522 0.0430088
463 66.5164 16.9019 -2.43962
464 32.1613 24.9561 -1.45798
465 33.3479 50.2664 -2.55319
466 68.5056 36.8227 -1.2614
467 97.4012 75.9715 -1.40651
468 88.0229 72.8902 -0.0179633
469 69.8809 31.7596 -0.585721
470 52.6857 73.6318 -0.655478
471 29.7253 19.8056 -0.652215
472 29.0742 19.3259 -0.891404
473 10.5112 51.3016 2.56084
474 74.8616 64.9906 0.831117
475 15.2207 45.1715 2.43072
476 84.6091 88.5306 -1.50254
477 87.1995 7.59798 -0.373379
478 50.6813 4.27446 -0.93747
479 77.4088 85.037 -1.73094
480 38.0899 43.694 2.74365
481 80.054 62.604 1.25945
482 79.5932 78.599 -0.534639
483 75.3839 45.3123 3.18149
484 72.9432 0.912644 -0.373574
485 93.2184 23.5479 -2.86859
486 70.3071 29.655 -1.51876
487 66.2705 37.6062 -0.695037
488 17.2966 8.50995 -0.335397
489 1.44291 50.4841 -3.07092
490 40.6666 63.1875 -1.01032
491 31.0259 89.9487 -0.963996
492 29.0937 17.253 -0.119731
493 60.4454 13.8368 -2.56276
494 34.1262 87.495 -0.894905
495 25.0298 4.09005 -1.70292
496 61.7512 65.4254 -1.25113
497 72.812 60.6221 1.62171
498 33.1504 17.6119 -0.382817
499 28.1518 81.7606 -1.41163
