500
Particles
0 34.4 41.0879 2.53298
1 65.1331 37.5815 2.20381
2 43.8093 77.4676 2.47737
3 59.2808 73.0644 1.03789
4 79.7934 34.681 2.0488
5 41.4998 35.8002 2.98723
6 44.8259 60.2413 1.46712
7 70.1303 81.6523 1.28897
8 65.0615 43.6693 1.87158
9 65.3855 46.6521 1.79549
10 54.342 42.8757 2.70501
11 44.0597 75.2987 2.58167
12 44.1239 72.8637 2.71378
13 85.4755 26.6662 1.02174
14 81.7271 38.0289 1.376
15 92.3712 30.0443 1.60819
16 60.9434 46.8123 2.06488
17 73.5325 54.2777 1.52467
18 77.235 44.3225 1.60846
19 59.617 67.9445 1.17803
20 59.3426 73.801 1.45133
21 35.1365 58.3217 2.07168
22 51.4654 53.1084 1.47626
23 85.2797 31.0348 1.84107
24 62.3942 76.9388 1.28068
25 40.3044 44.5442 2.22418
26 40.7722 31.0715 2.72675
27 32.5933 71.1743 2.76271
28 41.3673 52.2625 1.81125
29 18.4702 26.3465 -0.303792
30 54.3289 87.9769 0.602168
31 46.9604 52.7326 2.32543
32 55.2571 72.5693 1.95289
33 63.6457 82.765 1.34839
34 45.718 46.6453 2.10175
35 74.0976 49.0622 1.49371
36 53.271 94.8999 0.867882
37 48.653 67.1035 2.1254
38 40.1308 48.8896 2.69158
39 81.0374 31.4231 1.31184
40 48.2483 44.6959 2.3674
41 78.5094 31.6852 1.42687
42 58.4025 50.377 1.83692
43 62.3414 73.6252 1.12639
44 62.5438 38.4537 1.98441
45 57.6303 45.9941 2.68065
46 45.1544 48.0937 2.45653
47 75.5642 72.4912 0.996651
48 51.0026 47.3769 1.84052
49 41.526 39.8274 2.55608
50 81.3593 48.9528 2.2745
51 52.3751 53.075 2.18714
52 64.6959 75.5015 1.20339
53 52.6698 94.9004 0.524076
54 83.1314 35.4385 1.56473
55 64.869 69.6342 1.43321
56 84.8245 37.4532 2.1458
57 50.3412 34.2215 2.85571
58 83.0216 41.3095 1.50987
59 40.3674 46.4051 2.24166
60 80.0087 46.971 1.63352
61 53.391 45.1614 2.1497
62 61.9552 41.5165 1.92846
63 62.7176 31.6075 1.28197
64 42.5716 64.9987 2.2047
65 70.1416 73.7961 1.54167
66 77.9374 50.1 1.57337
67 78.0597 49.6323 1.409
68 67.2618 70.9524 1.72828
69 57.9393 38.143 2.13357
70 46.8744 64.4345 1.90803
71 46.1475 47.0085 1.84957
72 79.3373 45.9566 1.87771
73 51.6715 66.5852 2.22329
74 49.3548 37.2958 2.15935
75 70.6161 78.7328 1.04266
76 53.5259 38.3387 2.07308
77 49.1178 64.1692 2.23462
78 41.3468 28.4098 2.86297
79 84.1888 43.032 1.98264
80 50.2134 42.8603 1.72042
81 76.3618 48.3024 2.03963
82 58.9765 64.9462 1.58985
83 78.4481 40.3223 1.2976
84 66.3251 66.5857 0.98863
85 50.9834 45.326 2.36028
86 51.6736 43.4991 2.03017
87 52.5557 62.2692 1.44961
88 64.4874 69.0696 0.9551
89 47.5855 38.0633 2.74994
90 62.7367 77.2513 1.05341
91 47.8733 54.8726 2.0114
92 50.2985 60.2771 1.80336
93 77.4642 34.7475 1.67692
94 52.3729 46.2728 1.79364
95 59.6905 68.7668 1.33687
96 36.9494 62.8207 2.16478
97 49.1205 67.6093 1.40431
98 47.6603 38.6692 2.01165
99 50.5232 60.623 2.19384
100 65.8453 75.8347 0.88365
101 81.211 45.6983 1.75414
102 56.0003 44.6498 2.00325
103 45.1883 43.0325 1.88114
104 52.9764 50.6659 2.48515
105 62.2798 78.3863 1.40118
106 80.6185 35.0739 1.46244
107 35.7795 47.4354 2.66228
108 51.0271 51.7548 2.19591
109 89.9562 42.6783 1.59953
110 75.1294 79.6798 1.5863
111 50.1901 66.2056 1.39847
112 59.1741 72.6091 1.94708
113 44.1718 57.927 1.95565
114 36.6466 69.1476 2.90477
115 46.0363 72.653 2.64467
116 48.9994 32.5776 2.78511
117 45.261 51.1779 2.03144
118 55.7319 74.9216 1.49287
119 82.8437 37.5995 1.84641
120 40.6059 43.1842 1.98352
121 70.5906 46.3707 1.80218
122 51.7292 48.1248 1.87114
123 72.1282 40.155 2.07763
124 2.26837 97.8154 -0.39223
125 68.5664 69.1884 1.03616
126 59.8484 55.9081 2.1548
127 80.6728 28.7613 1.25712
128 64.5224 76.8838 1.0026
129 35.6261 74.9226 2.42903
130 40.8396 52.0337 2.51605
131 51.872 40.6597 1.76308
132 69.7093 70.5032 1.02745
133 70.4735 72.4821 1.58358
134 40.6311 37.1825 2.2989
135 50.902 64.913 1.50723
136 47.138 35.4182 2.46717
137 42.9919 65.3351 1.78995
138 53.9756 45.9741 1.96369
139 43.7364 43.4353 1.8787
140 55.6162 42.5697 2.39986
141 67.3034 70.5941 0.791365
142 78.5155 37.7022 1.62944
143 62.5807 50.5438 2.56708
144 43.2914 68.1595 2.51296
145 35.2343 73.8342 2.95651
146 38.3729 47.1725 2.33673
147 61.0823 83.0961 1.2577
148 51.2682 64.9246 2.0626
149 77.1752 48.1122 1.65553
150 57.5075 46.2101 2.71663
151 56.2652 71.1366 1.37843
152 49.9686 36.6548 2.3994
153 50.9117 50.6493 1.77418
154 61.9712 48.5791 2.13649
155 74.9153 73.3614 1.69927
156 69.7608 44.4939 1.43403
157 59.9019 58.1556 2.17911
158 40.4931 33.2018 2.43416
159 66.056 55.7077 1.65129
160 63.135 84.1809 0.852843
161 61.6985 53.3692 2.51666
162 75.1973 49.4262 1.55905
163 63.2451 67.468 1.82179
164 69.455 76.2062 0.83662
165 72.9953 47.0221 1.65526
166 64.2953 67.8047 1.45987
167 54.0001 68.5297 1.72799
168 82.9208 44.7489 2.21472
169 68.6796 74.3756 1.69579
170 68.4059 31.3565 2.05184
171 45.5817 60.8244 2.01174
172 34.6547 44.5369 2.80685
173 57.3455 42.5943 1.74636
174 40.1815 32.3031 2.9209
175 69.3956 67.9909 1.16478
176 16.629 31.1505 0.103833
177 44.9133 41.1864 2.19403
178 65.1196 75.6957 1.34756
179 42.6894 54.0199 2.43178
180 45.5881 60.2567 2.12358
181 66.2291 48.7142 1.9958
182 86.2489 37.915 1.88598
183 35.4065 40.9005 2.3685
184 51.155 60.466 2.23309
185 70.2326 74.0564 0.934625
186 54.1031 50.0099 2.50381
187 58.3119 72.387 1.98815
188 70.5816 36.4561 2.00341
189 41.6069 76.9395 3.14938
190 40.7965 33.7189 2.39656
191 46.4273 69.7296 1.95168
192 47.2054 35.589 2.85495
193 52.2943 56.0197 1.92497
194 50.0766 42.7477 2.18782
195 41.5603 61.8242 1.43067
196 43.8161 41.8741 1.9361
197 50.1694 40.1454 2.50853
198 49.2811 60.1774 2.08773
199 41.2009 35.5964 2.60893
200 50.7166 63.7979 2.31817
201 19.5652 24.4535 0.139812
202 62.3062 77.0179 1.67008
203 67.1594 57.6434 1.95746
204 41.1598 31.5268 2.87738
205 53.1518 66.6258 2.04644
206 47.8712 42.7359 1.92628
207 41.6914 48.2471 2.76148
208 62.2545 65.6859 1.10529
209 56.78 74.0202 1.9217
210 82.2836 47.0148 1.98787
211 52.0631 48.3786 1.71909
212 70.4622 71.6744 1.55229
213 56.7966 69.2387 1.55756
214 68.6932 35.0948 1.54674
215 37.2152 50.5905 2.79102
216 59.3824 51.6081 2.3147
217 41.4621 59.6576 1.67312
218 73.7018 66.8891 1.23456
219 75.4504 54.8296 2.20424
220 50.9536 66.5423 2.11712
221 54.4019 55.861 2.1548
222 49.6032 67.3208 1.7215
223 65.4789 79.7575 1.69238
224 59.4449 73.7726 1.06992
225 48.1357 76.5906 2.68176
226 61.4896 45.4258 1.86222
227 53.7483 50.5308 2.23061
228 53.2435 44.0627 2.46897
229 53.9986 43.0245 2.67637
230 85.007 28.2139 1.94049
231 85.4334 45.2817 2.2558
232 51.2064 58.0714 1.82968
233 46.3827 46.6933 2.30842
234 42.2255 42.1079 1.91428
235 84.5807 35.1413 2.04525
236 60.43 43.7148 2.03688
237 43.0466 77.4235 2.92198
238 85.6135 36.5553 1.41878
239 79.0449 36.9634 1.74358
240 41.9194 70.0322 1.87656
241 64.1628 42.0162 1.94431
242 56.0089 54.5218 1.83784
243 50.5105 62.945 1.38675
244 64.2819 55.0378 1.9243
245 52.2207 53.0215 2.08922
246 54.3591 45.5577 1.73546
247 79.9975 22.4998 0.948009
248 80.8097 37.934 1.568
249 47.4592 35.4049 2.10901
250 31.5096 72.8199 3.00085
251 37.6779 75.101 2.58087
252 67.3699 80.44 1.42831
253 59.4224 75.1973 1.92147
254 52.271 41.2939 2.45317
255 75.9347 47.4683 1.91378
256 55.9011 52.0696 2.31494
257 53.1162 44.521 2.51213
258 69.1507 47.9933 1.57898
259 84.6808 36.5253 1.42795
260 42.0848 35.1714 2.38374
261 82.0762 39.1436 1.94083
262 57.6621 47.1472 2.61934
263 48.3506 54.9802 2.15296
264 60.3552 83.3599 0.932818
265 50.3803 40.623 2.44791
266 44.8026 39.1593 1.96889
267 40.3936 66.4282 1.64117
268 42.9936 45.2623 2.70625
269 31.7865 73.0634 2.80986
270 84.8944 40.9807 1.61219
271 87.5847 38.7194 2.13848
272 55.6546 69.3099 1.78555
273 43.7146 43.429 1.97334
274 48.0359 50.5977 2.201
275 54.0502 43.5055 1.98294
276 44.8208 37.7755 2.76297
277 47.9571 59.2974 1.86366
278 59.4245 33.0992 1.36753
279 56.05 54.983 1.65378
280 86.1937 40.9572 1.90542
281 53.5753 47.8388 2.23892
282 83.3863 37.1405 1.49043
283 51.9004 72.9732 1.57753
284 57.9575 36.8439 1.91548
285 48.0388 64.2406 2.06973
286 76.6806 30.5319 1.74396
287 50.8348 44.6393 2.24446
288 61.8905 69.5579 1.49695
289 58.4032 37.9926 2.34804
290 47.3208 47.6568 1.85352
291 67.7942 39.4837 2.18959
292 66.4344 73.8683 0.796487
293 46.4359 50.0227 1.86905
294 87.2068 36.6732 2.20743
295 15.7698 59.3829 2.25684
296 53.3421 61.5755 1.74043
297 58.9311 46.3509 1.80613
298 69.1116 41.4383 2.0759
299 50.0172 68.7409 1.96476
300 48.3862 43.7748 2.40702
301 79.6331 47.7644 1.9737
302 39.0617 41.7452 2.00093
303 52.4204 45.4561 2.46783
304 62.3841 33.0161 2.0244
305 41.3892 74.9547 2.93262
306 59.1607 79.5131 0.882751
307 42.1118 75.5792 2.82625
308 83.6774 41.7472 1.84836
309 46.8792 51.5404 2.12389
310 62.7004 80.7023 1.53645
311 87.5559 32.3566 1.84792
312 51.3089 52.6253 2.13475
313 56.9301 70.0845 1.322
314 77.1204 53.2251 2.0607
315 52.2924 48.76 1.6431
316 50.4198 61.5166 2.1143
317 83.3317 42.6076 2.17616
318 45.7011 73.6765 2.62307
319 49.4594 68.8191 1.48007
320 49.8906 66.2353 1.90889
321 74.5448 52.3008 1.87774
322 51.7203 64.1169 1.59483
323 81.946 42.9006 2.13031
324 54.1301 22.7469 -2.68132
325 59.6449 51.4676 1.97202
326 52.2651 41.2343 2.43143
327 49.7728 47.0996 1.98735
328 55.0212 63.1066 1.67031
329 61.5653 70.0664 1.18917
330 58.4723 69.1383 1.61475
331 68.6296 83.1474 1.29237
332 59.1754 70.5562 1.02481
333 51.6124 61.4874 2.17072
334 78.7201 33.4799 1.36346
335 45.5072 68.7115 2.0347
336 50.9692 65.1031 2.15838
337 79.7336 35.2459 1.32242
338 56.8137 50.1041 1.94147
339 52.8227 46.5997 1.99361
340 23.1246 53.6716 2.68613
341 77.0488 40.7407 2.23979
342 80.5974 44.2251 1.34348
343 58.7434 54.1236 1.78342
344 54.5201 46.0442 2.4376
345 65.1068 73.4723 1.45035
346 75.2206 31.7748 1.7128
347 41.718 33.1276 2.13892
348 71.6308 36.568 1.50486
349 41.4634 29.9393 2.89683
350 52.766 51.8338 1.98973
351 66.3681 44.5484 2.36042
352 63.3493 37.896 2.32188
353 65.4417 78.7765 0.942109
354 46.9046 38.0428 2.58492
355 54.5705 39.4695 2.27557
356 53.5993 63.845 2.13596
357 75.8586 75.3309 1.44419
358 85.6514 42.3317 1.30464
359 42.0174 46.0255 1.81524
360 70.8318 55.5594 1.41717
361 37.7307 37.1545 2.40549
362 38.1204 63.3643 2.05463
363 52.661 43.2072 2.70626
364 65.5947 83.9628 1.7708
365 49.7472 53.7072 1.61767
366 48.8362 62.9576 1.49101
367 51.6379 66.6947 2.28786
368 36.0877 44.6619 2.1047
369 60.4932 69.1073 1.17652
370 58.327 76.3671 1.47021
371 77.437 47.6519 2.07959
372 88.769 37.3586 1.82481
373 49.991 64.7964 2.22608
374 39.621 76.2433 3.02492
375 52.6564 57.7955 1.78919
376 90.7527 40.7106 1.59024
377 55.873 70.5955 1.92516
378 47.1825 50.5384 2.29381
379 50.2068 69.3243 2.3246
380 54.7347 44.3796 2.12025
381 44.4718 31.5216 2.85782
382 41.6141 61.3331 2.2203
383 66.8414 71.2082 1.11522
384 51.8413 58.5642 1.34166
385 66.7771 82.3082 1.09004
386 54.1003 93.1153 1.13069
387 41.8288 37.8307 2.89358
388 60.3755 48.8258 2.17412
389 39.6844 43.9886 2.50493
390 74.256 42.7681 2.22622
391 84.0569 40.7277 2.14569
392 39.6754 41.5895 2.04094
393 56.8703 53.6207 2.50141
394 42.4875 64.3454 1.93618
395 84.7731 43.0256 1.76664
396 76.3612 53.2348 2.37394
397 44.8952 72.2129 2.21836
398 57.8993 68.9814 1.95369
399 68.2883 42.752 2.12051
400 77.3057 36.132 1.42143
401 60.2504 68.1456 1.30902
402 46.4167 36.2147 2.49041
403 36.5537 58.4465 2.03516
404 50.4176 47.1082 1.77533
405 63.2827 37.3031 1.82492
406 83.1558 25.7493 1.62995
407 45.1179 62.4107 1.55851
408 36.3502 49.8982 2.3891
409 56.1737 66.0232 1.33327
410 78.9604 38.3749 1.2655
411 39.5575 70.7058 2.52147
412 59.9843 42.5827 2.56782
413 80.279 38.4945 2.0587
414 56.3069 52.9401 2.4029
415 66.5155 73.2968 1.15593
416 52.2688 60.4485 1.62792
417 76.0703 35.9557 1.33278
418 83.0378 46.3497 1.40855
419 62.4124 70.6351 1.53221
420 45.459 48.3944 2.6305
421 78.5683 45.4973 1.81239
422 84.7227 39.3264 1.30048
423 51.5765 64.8648 1.36854
424 81.3581 50.4514 2.36167
425 42.7963 58.0688 2.27777
426 53.8556 70.7893 1.59893
427 37.3296 75.9697 2.46958
428 51.9449 49.6363 2.19923
429 56.6427 49.2072 2.63075
430 62.0504 51.2675 2.28565
431 53.0091 57.6603 1.95513
432 76.6951 49.2572 2.0334
433 54.4132 68.676 1.79434
434 46.1406 45.1778 2.03874
435 68.3709 82.5233 1.38451
436 64.5531 49.8441 2.3706
437 43.2877 41.5698 2.61002
438 17.3499 27.4512 -0.0525428
439 51.0705 67.9763 1.63128
440 55.1618 38.4746 2.67557
441 82.2991 26.4087 1.61255
442 44.0549 64.7902 1.81694
443 43.3503 34.9122 2.91839
444 51.472 54.1247 1.63758
445 39.7711 32.7171 2.87082
446 72.1305 82.4748 1.13605
447 80.708 30.1358 1.37943
448 11.2238 49.0861 2.36964
449 56.8252 37.3555 2.36104
450 79.8801 42.3338 2.21189
451 49.0305 40.717 2.43988
452 39.0191 78.2136 2.46604
453 55.5778 42.402 2.52072
454 36.1529 74.011 2.6136
455 67.2508 71.8977 1.55523
456 74.8053 34.9736 1.26458
457 84.7925 36.5962 1.58403
458 19.9844 53.0991 2.2361
459 69.8665 71.7751 1.15399
460 43.4751 43.3641 2.34222
461 61.051 76.991 1.4115
462 54.3347 54.8199 1.98654
463 87.2723 39.5941 1.29395
464 55.8822 56.2133 2.00451
465 81.5684 41.0694 1.823
466 57.541 49.8391 2.58357
467 51.796 66.2258 1.4971
468 40.6927 44.9282 1.98137
469 65.6023 45.5756 2.25254
470 65.5851 36.6407 2.15237
471 51.7806 51.1305 2.37009
472 53.6537 54.5049 2.05293
473 49.5087 59.9669 1.52965
474 4.71435 19.8134 -1.04548
475 81.5456 28.419 1.28846
476 77.5922 76.0462 0.945111
477 52.5264 43.9317 2.16191
478 65.2967 65.5497 1.16818
479 63.3048 72.2918 0.949848
480 91.4246 32.6241 1.64789
481 53.7394 62.0758 2.23848
482 46.921 36.5388 2.85681
483 78.8922 43.0881 1.52934
484 38.6842 48.1571 2.17905
485 36.3001 38.8689 2.92028
486 58.9962 43.662 1.90449
487 58.0507 50.5866 2.6052
488 65.8808 42.9576 1.87938
489 64.2874 69.778 1.71739
490 67.6501 80.2054 1.06519
491 52.847 44.3197 1.9986
492 56.0527 58.1102 1.48868
493 51.5582 50.4852 2.02056
494 52.1547 42.3767 1.81308
495 44.7543 49.4577 2.14399
496 43.6367 69.4444 2.66596
497 84.595 47.5128 1.63628
498 60.2691 48.0207 2.74011
499 72.261 68.38 1.69332
