500
Particles
0 62.1844 93.904 1.01591
1 16.6433 93.2796 2.64629
2 1.53167 91.0014 3.02941
3 61.3657 3.43736 1.99327
4 15.7298 76.3208 2.40583
5 1.77255 99.4803 3.02012
6 50.0056 91.3935 0.960375
7 30.1179 42.6041 1.72138
8 19.497 2.32431 2.19667
9 19.7057 5.31872 2.3664
10 10.6157 1.44486 3.0001
11 18.461 38.3515 1.10418
12 57.0649 5.5851 1.56118
13 1.17363 69.0399 0.0961059
14 18.1203 79.0156 2.31688
15 23.0062 14.7478 1.88091
16 16.9637 7.02629 2.23487
17 6.66833 61.8383 3.41711
18 22.7555 91.6377 2.16654
19 84.0094 12.3861 2.93185
20 60.7724 4.11842 1.3321
21 45.3076 91.4826 1.42068
22 4.34976 7.96195 3.08582
23 19.6616 72.8565 1.61132
24 66.3414 11.9475 -2.13238
25 97.8078 4.15714 3.06779
26 2.79151 99.0832 2.93782
27 19.7828 30.4579 1.43073
28 63.7802 95.1795 1.14007
29 11.7658 66.5241 2.95696
30 3.11336 94.3995 3.1306
31 0.711551 9.22731 2.64658
32 61.7228 2.20109 1.66327
33 3.85224 88.1352 2.79017
34 3.63443 7.22987 3.10996
35 23.2702 1.62459 2.89481
36 12.5559 41.6328 1.75027
37 50.5935 97.2912 1.3898
38 93.0767 4.0488 2.87239
39 11.7483 72.9425 1.66197
40 6.1357 5.29695 2.95688
41 3.3288 75.9258 -0.245843
42 12.8759 7.25623 2.41263
43 65.4329 4.76255 2.96461
44 17.247 97.369 2.11547
45 14.2747 6.4144 2.83935
46 3.08199 8.55121 3.12651
47 -0.00410157 27.234 -1.98302
48 6.19381 5.50104 3.07312
49 99.3366 0.434148 3.26907
50 29.8385 3.23712 2.05728
51 5.96611 10.7986 2.35316
52 63.2816 9.2301 -2.13348
53 12.5637 40.2188 1.59416
54 22.8616 79.3159 2.10581
55 95.7384 14.094 3.00081
56 25.1582 81.4792 1.95201
57 10.5333 98.8864 2.38265
58 22.6511 85.2645 1.9388
59 95.8347 4.67971 2.88043
60 26.32 97.1573 1.81882
61 10.9592 6.07988 2.35593
62 18.6664 1.44263 2.71372
63 14.5514 88.6993 2.40689
64 46.4227 96.1191 1.1074
65 94.0906 16.2631 2.53296
66 25.9381 100.184 2.07931
67 26.8793 1.42876 2.77816
68 92.4361 13.834 2.58154
69 15.6352 99.5775 2.78137
70 48.3859 94.5949 1.36377
71 1.74568 4.88605 3.12669
72 27.8028 96.9576 2.58208
73 53.6134 96.6313 1.66834
74 8.14455 98.8733 2.81965
75 66.924 17.3955 -1.62758
76 11.0336 98.3079 3.06353
77 48.339 94.56 1.44041
78 2.84539 95.7047 2.6011
79 25.1198 87.8321 1.79674
80 7.63167 2.93501 2.78027
81 24.4864 99.0003 1.84158
82 87.8807 9.49828 2.96956
83 20.018 84.7827 1.95903
84 98.8657 11.9546 3.29394
85 5.72346 2.08413 2.87247
86 7.51633 1.64107 2.75573
87 88.6549 9.7396 3.37871
88 84.5436 12.0163 3.38921
89 6.11742 99.4696 2.68204
90 64.8163 14.1539 -1.54166
91 97.9962 7.80719 2.91785
92 88.7075 9.02358 3.3998
93 21.3939 81.6643 2.58376
94 8.16341 3.96636 2.92645
95 60.6356 99.0362 0.79197
96 43.7516 94.8967 1.4571
97 52.7394 98.5178 1.01506
98 5.34311 99.3565 2.33511
99 70.0164 96.7532 1.36262
100 65.3641 9.58025 -1.45398
101 24.5333 92.4507 2.18195
102 12.0521 3.8342 2.85538
103 2.05467 2.9522 3.07694
104 7.7186 7.90878 2.47291
105 61.8654 14.1183 -2.08089
106 25.195 82.155 1.8604
107 61.9862 95.5879 0.759545
108 6.11069 8.90585 3.06075
109 28.0469 84.7986 2.56732
110 70.821 76.0621 -1.8102
111 51.2418 96.5908 1.19151
112 61.7593 3.47997 1.26683
113 52.9901 91.6348 1.02431
114 41.6884 4.49404 -0.685621
115 52.9267 3.71807 1.13957
116 9.30524 96.4402 2.62506
117 97.8233 6.28602 2.98736
118 58.1219 5.10673 1.48267
119 21.3412 79.9423 2.34019
120 99.1425 4.81586 2.60606
121 21.6629 2.40562 2.52034
122 6.44495 4.71517 2.18688
123 19.2925 90.4971 2.56248
124 95.5597 68.2719 -0.152786
125 94.8536 13.3671 3.36804
126 13.1786 11.5386 2.72695
127 99.3974 72.8401 0.508257
128 65.0833 12.319 -2.05423
129 61.7696 90.7144 1.0306
130 67.9659 95.9197 1.44904
131 10.0944 2.11557 3.05113
132 98.4027 30.3738 -2.16147
133 98.0441 35.9142 -2.11271
134 99.3164 99.1084 2.28525
135 54.2427 95.4434 1.27431
136 7.35075 99.2592 2.32141
137 50.7872 96.1931 1.08469
138 10.0159 4.94481 2.07862
139 1.04658 4.59749 2.704
140 13.5291 4.61448 2.44443
141 95.6906 14.1483 3.28712
142 23.1009 84.9254 2.06623
143 17.2199 7.72277 2.20413
144 48.8871 99.2843 1.19863
145 60.0249 92.7249 1.25721
146 67.3412 95.6294 1.68436
147 1.03799 87.5798 2.77456
148 66.4897 97.6759 1.13518
149 25.5831 99.1426 1.82536
150 13.7061 5.59555 2.83547
151 60.8862 0.993966 1.60464
152 9.67173 99.3042 2.18144
153 5.49168 8.0055 2.82329
154 16.9242 7.07958 2.82548
155 0.559738 37.2743 -1.93478
156 22.9969 2.49019 2.31375
157 10.5164 11.6126 2.29689
158 0.891018 98.572 3.00863
159 18.0305 13.278 1.98222
160 3.71199 92.081 3.04066
161 14.8141 10.8403 2.30423
162 26.0451 4.51413 1.9746
163 92.0079 11.6462 2.53205
164 73.3092 39.1268 -2.36218
165 23.4401 0.549847 2.07205
166 88.0998 11.0604 3.21326
167 56.4559 98.6105 1.02178
168 24.5938 90.7667 2.32283
169 69.6896 9.79169 -2.4891
170 5.62881 86.204 3.49373
171 49.8918 91.3368 1.80751
172 58.726 94.1417 0.966882
173 15.0152 4.50033 2.08546
174 1.28126 98.5954 2.98647
175 -0.189695 12.3278 2.27474
176 20.3494 15.9132 1.90506
177 3.79018 4.06199 3.01071
178 67.6761 11.0552 -1.58192
179 62.9831 95.5161 1.03809
180 53.2045 92.4184 1.21758
181 19.4402 6.43492 2.56666
182 26.3005 81.9458 1.7672
183 76.1054 99.4741 1.17693
184 92.3751 9.44249 3.33753
185 95.3332 37.5713 -2.51038
186 8.49579 6.33372 2.78756
187 62.5516 2.53975 1.44672
188 17.6276 85.5484 2.23115
189 3.6884 92.6056 3.20006
190 0.74688 99.1281 2.40087
191 48.9724 0.614605 1.17081
192 6.98634 99.5159 2.80152
193 2.66663 10.0637 2.56674
194 5.2732 0.735656 2.6369
195 47.2814 92.9852 1.12444
196 1.01593 1.37728 2.67649
197 8.77363 3.15512 2.68818
198 88.0066 8.67649 2.87478
199 2.11573 1.24181 3.17291
200 50.7724 94.5054 1.03768
201 5.55013 66.3853 2.47832
202 64.2581 10.6679 -1.50645
203 16.3543 12.7315 2.01217
204 2.71615 97.7165 3.06817
205 55.6969 96.6494 0.806981
206 5.32809 3.86591 3.14568
207 97.5193 6.43163 2.78531
208 93.9563 10.3822 3.05706
209 61.8313 4.89669 1.46769
210 26.7917 95.3568 2.49556
211 6.42907 5.77246 2.8928
212 97.8737 31.3065 -2.04459
213 66.1626 100.038 1.34543
214 17.1864 86.2626 1.97328
215 56.6165 92.8887 1.4526
216 14.1208 9.39726 2.22066
217 47.2473 91.0928 1.1689
218 9.15192 15.3173 2.34113
219 8.21604 62.1738 3.41343
220 53.7404 97.1972 1.23694
221 7.8049 12.314 2.60548
222 50.4822 97.7144 0.845764
223 62.084 21.738 -2.80882
224 62.8748 3.9142 1.85899
225 17.7953 38.9583 1.86406
226 17.0231 4.95969 2.89292
227 8.4512 7.21099 2.21329
228 9.61054 2.20653 3.03437
229 12.8816 6.57203 2.92678
230 1.55144 71.6201 0.403087
231 31.3827 96.7151 2.0726
232 99.2194 9.77888 2.84141
233 1.58137 4.3489 2.6696
234 99.396 2.08824 3.40529
235 24.0164 78.7474 2.17039
236 17.0025 3.60816 2.73252
237 5.17129 92.3269 3.12412
238 22.9814 78.1014 1.80022
239 19.0497 81.097 2.51452
240 46.7603 1.06825 0.186897
241 18.6169 98.5956 2.10163
242 8.07534 8.72617 2.71804
243 53.3291 93.412 1.30423
244 16.5259 10.7506 2.65986
245 6.96871 10.0452 2.3252
246 10.2026 4.55504 2.33935
247 98.0626 78.2373 0.758928
248 21.2341 83.105 2.00974
249 6.57851 97.5919 2.33646
250 16.9352 33.5224 0.945512
251 0.218696 92.9033 2.83716
252 26.9721 41.3979 1.51384
253 63.2654 8.09154 -2.22233
254 10.0292 2.44722 2.29297
255 25.1959 99.1317 2.40798
256 10.1999 9.56391 2.39651
257 9.77986 4.43901 2.41131
258 20.7251 2.88031 2.57612
259 26.2486 80.7419 2.49307
260 3.23375 99.6946 2.9163
261 24.1229 83.9682 1.69728
262 14.7251 7.54032 2.68747
263 0.0981834 9.46542 2.46077
264 3.13453 87.4033 3.17828
265 7.23524 0.661734 2.84424
266 4.42504 2.50247 2.59702
267 45.3684 96.9977 1.28134
268 1.20144 6.99389 2.69429
269 18.9088 32.6853 1.06617
270 25.3595 85.5081 1.7658
271 27.2151 81.6184 2.27306
272 65.4376 100.008 1.07614
273 -0.0737677 2.3145 2.97922
274 2.52491 6.45219 2.56901
275 11.0068 4.91743 2.8948
276 4.4272 1.21827 2.33609
277 59.087 95.478 0.731204
278 14.444 93.1342 2.36173
279 9.05661 11.0939 2.43793
280 23.5715 83.327 1.88644
281 9.16099 5.44441 2.22991
282 23.1465 80.2825 2.54892
283 52.839 3.07943 1.59006
284 13.9467 97.4892 2.56914
285 50.1291 94.8601 1.28974
286 98.1021 75.8806 0.0852218
287 7.79756 5.37875 2.51752
288 70.3393 100.273 1.5724
289 14.0132 96.6923 2.53082
290 3.54296 7.08625 2.80824
291 18.8469 94.5089 1.71185
292 68.2634 7.00226 -2.37504
293 1.27485 6.74873 2.64105
294 23.3879 78.037 2.25848
295 11.5735 15.2165 2.97419
296 94.1022 9.91834 3.45443
297 15.9444 7.1116 2.83305
298 20.7441 96.7041 2.58472
299 51.6735 99.088 1.53221
300 5.50572 3.6608 3.10678
301 27.0478 97.6861 2.24646
302 96.0249 1.92896 2.97599
303 9.38278 5.98497 2.3035
304 15.2393 90.941 2.23613
305 2.60182 93.8265 2.83945
306 16.512 39.517 1.97055
307 3.83612 91.5447 2.7212
308 24.1071 84.3671 1.85052
309 1.44119 8.59453 3.01073
310 20.2339 38.7211 1.41925
311 5.56636 71.8508 0.209089
312 5.96893 9.59034 2.51192
313 62.2215 0.593509 1.04937
314 16.4532 14.0724 2.02263
315 7.17622 6.92926 2.14731
316 53.5838 93.6884 1.59616
317 24.325 87.4623 2.28188
318 56.0323 6.36331 2.13727
319 49.5402 99.634 0.847282
320 52.2975 96.2239 0.876862
321 7.85796 60.6654 -2.92104
322 53.6792 94.7522 0.817419
323 24.6448 88.2772 1.86355
324 7.98765 94.7151 2.83363
325 13.9412 8.12421 2.14267
326 9.14931 0.78517 2.15397
327 5.22244 5.78881 2.22594
328 91.1626 9.49031 3.08467
329 66.6395 0.719105 0.573531
330 61.6408 99.5864 0.810019
331 88.0449 52.6445 2.41517
332 64.4477 1.53029 1.53498
333 84.2226 7.48579 3.37615
334 17.7334 76.8026 2.00454
335 49.6393 99.1688 0.78555
336 53.3405 96.0642 1.7615
337 18.8433 79.2461 2.19552
338 12.6412 8.64712 2.40673
339 8.56983 4.83506 2.81108
340 43.1005 92.7281 1.61255
341 19.2912 85.0414 2.74875
342 25.3495 91.8925 2.01182
343 11.4457 9.3666 2.27359
344 11.34 4.88681 2.68966
345 66.6281 4.34034 -2.94611
346 5.32617 77.2199 -0.238594
347 2.18038 99.5899 2.35193
348 18.3586 84.9917 1.9898
349 2.04483 96.1909 2.85927
350 7.41408 9.17388 2.93344
351 21.1829 4.24625 2.02605
352 16.4008 94.1692 2.00202
353 64.6689 17.1007 -1.55835
354 6.35435 0.560448 2.59841
355 11.7055 99.1012 2.63495
356 69.4676 97.7916 1.01106
357 1.68461 39.0228 -2.16968
358 26.5101 86.7301 2.38174
359 99.0276 5.81986 3.16382
360 20.5354 10.0591 2.21538
361 97.5087 0.828983 2.92044
362 46.2259 94.6353 1.43788
363 9.21915 2.45901 2.33134
364 4.19388 89.9022 2.5613
365 3.42949 11.1816 2.64254
366 50.392 93.8766 1.4769
367 55.6983 97.4939 1.60418
368 66.7817 95.2721 0.819277
369 70.0698 100.257 1.13198
370 59.8399 7.65862 1.61138
371 26.7827 99.4219 2.37212
372 25.1865 77.79 2.37313
373 51.3665 95.3591 1.65378
374 2.98315 91.1747 2.79514
375 1.2801 11.3486 3.00885
376 29.1955 83.6087 2.33426
377 58.5475 100.336 1.01663
378 2.92542 8.62022 3.21272
379 53.7797 99.2982 1.51211
380 11.7408 4.4735 3.05051
381 5.31575 96.9524 2.29448
382 47.0344 91.9652 1.42507
383 71.9333 17.1061 -1.66292
384 98.1088 7.59891 2.50503
385 23.6259 38.1636 1.37391
386 11.9791 40.837 1.57723
387 1.56215 1.09314 3.18773
388 15.0868 6.9682 2.73559
389 96.985 3.41186 2.74903
390 23.2446 95.3541 2.14093
391 23.0449 83.9259 2.02693
392 96.4678 0.397196 2.87319
393 10.4617 9.45485 2.19378
394 47.9711 94.5897 0.981117
395 26.5401 88.2832 2.39839
396 9.32782 59.566 -3.11647
397 50.216 4.16289 0.837764
398 64.7448 99.8775 0.809236
399 21.831 0.618283 2.22466
400 18.8191 80.281 2.24396
401 89.9375 12.5012 3.34107
402 7.21903 0.529972 2.48626
403 46.7195 90.9516 0.971235
404 5.87669 5.0851 3.00276
405 16.4223 94.2953 2.672
406 99.1964 71.192 -0.0449732
407 48.6845 93.4486 1.23678
408 56.9196 93.2227 0.940339
409 54.4591 96.0353 0.809989
410 16.1085 80.2727 1.72815
411 43.6101 4.05768 -1.0571
412 15.7796 0.833931 2.9853
413 21.4624 82.8845 2.71802
414 10.2705 10.2533 2.53949
415 66.7938 4.15055 -2.21207
416 94.5995 9.05693 3.30847
417 18.6215 82.3806 2.39282
418 28.2054 95.2846 1.6547
419 75.131 17.8992 -1.18206
420 -0.147205 5.16902 2.56414
421 24.3267 93.4867 1.64099
422 24.478 83.0862 2.25397
423 52.5415 95.093 1.6814
424 19.8825 14.8807 2.3424
425 48.9737 90.2277 1.23614
426 54.6049 0.963392 2.04549
427 98.5356 94.3084 2.95659
428 8.5494 8.85241 2.40485
429 13.025 7.70542 2.24707
430 16.0491 8.56713 2.92734
431 2.44209 10.5942 2.30815
432 25.8912 1.33891 1.91751
433 61.5139 99.1386 1.44819
434 4.39275 6.04309 2.33525
435 2.9325 88.5523 2.49485
436 18.0493 6.23047 2.63783
437 1.90497 3.19722 2.75048
438 9.56557 68.6369 2.84683
439 54.2878 98.1323 1.01696
440 12.1345 99.8972 2.29277
441 97.0041 70.3826 0.260226
442 48.6381 94.9901 1.58288
443 4.61189 99.7875 2.77552
444 5.3499 9.13505 3.02913
445 0.0339964 97.2402 2.73899
446 99.4763 65.4308 -0.698956
447 1.92669 74.5016 0.4227
448 27.1122 20.4357 1.81696
449 13.5519 98.0081 2.07862
450 21.7951 86.1483 1.91346
451 7.20528 1.6947 2.71904
452 1.38684 95.8516 2.85187
453 14.0474 5.21221 2.66394
454 59.2765 92.2207 1.48025
455 87.9978 14.264 3.03608
456 11.1332 76.6694 1.67008
457 23.0318 78.0062 2.5357
458 32.1922 3.73574 1.7705
459 98.0292 17.1076 2.22326
460 -0.0137986 1.05404 2.78076
461 65.2479 12.573 -1.91621
462 7.32287 10.0453 2.49094
463 26.2829 83.1567 2.61767
464 9.06458 12.2224 2.85557
465 24.5312 86.8244 2.46371
466 12.3889 8.14176 2.40536
467 51.9203 96.0969 1.03686
468 97.3349 3.99325 2.95583
469 20.3042 5.02255 2.01838
470 17.6529 91.5367 2.55921
471 7.67082 8.98472 2.88477
472 6.92672 10.223 2.70764
473 55.8344 93.9558 1.31108
474 23.87 15.7144 2.66052
475 0.945972 71.2057 -0.242907
476 3.14507 38.5705 -2.12707
477 7.33892 1.82136 3.13783
478 -0.329158 12.4918 2.47745
479 70.0385 5.7731 -2.24234
480 24.8342 76.6686 2.22786
481 94.9466 9.07804 2.95052
482 7.39101 99.9647 3.03209
483 21.939 88.8935 1.71141
484 91.5276 3.11413 2.66079
485 95.4245 1.50605 2.92017
486 15.7525 3.70087 2.22654
487 13.1752 8.9624 2.64127
488 21.4629 2.6085 2.34426
489 90.4369 13.4065 2.78135
490 27.3925 40.9894 2.01532
491 11.3536 5.9496 2.34139
492 6.94831 11.6208 2.30355
493 6.68937 8.21439 2.5528
494 9.90297 3.53438 2.14934
495 0.0370182 6.78028 2.99244
496 48.0711 0.860087 1.34959
497 21.1229 12.4932 2.10522
498 15.8605 6.33818 2.04782
499 0.0017021 18.9507 2.1354
