500
Particles
0 54.6395 65.126 1.82695
1 27.7594 66.0335 1.69665
2 22.0927 73.1633 1.41704
3 50.7096 91.9661 -1.84593
4 23.2006 48.0028 1.43907
5 27.2708 84.4679 2.12451
6 46.1771 61.824 1.33254
7 22.8319 13.9451 0.559344
8 42.5233 89.091 -2.19873
9 44.4717 96.5978 -2.32465
10 37.5545 87.648 2.79739
11 17.2695 8.56862 1.07355
12 51.4527 97.5592 -1.47387
13 70.9993 72.3151 0.196495
14 24.8332 50.2146 1.51471
15 41.7683 20.8394 -2.72973
16 44.452 4.47603 -2.05265
17 24.5907 40.7541 2.06377
18 30.7444 63.2658 1.65917
19 98.3229 89.5252 2.00693
20 51.1174 90.7752 -1.33245
21 44.0308 61.3003 1.06702
22 29.8021 91.9597 2.13607
23 29.3578 45.3785 1.57018
24 88.8547 18.6759 -2.80785
25 21.9085 88.7925 1.46398
26 28.5767 83.9745 2.1966
27 18.243 1.04686 2.06048
28 53.5189 67.9693 1.25237
29 28.1896 43.2103 1.57064
30 24.0029 76.7661 1.25655
31 27.1048 95.341 2.93074
32 48.0336 86.1006 -1.05977
33 24.8658 72.1115 1.69142
34 29.2641 91.9789 2.88384
35 41.0579 78.8229 1.8687
36 13.9715 12.7151 1.10271
37 44.2438 67.9297 1.16358
38 10.4571 82.5158 1.92409
39 22.8338 46.0166 1.46011
40 31.9421 89.4253 2.20435
41 73.8825 76.602 0.141228
42 38.9918 95.3122 -2.02296
43 88.3878 7.99157 1.30108
44 30.125 70.8599 1.81825
45 42.7581 2.29159 -2.61271
46 31.3513 98.0459 -2.48493
47 1.32267 18.387 3.11183
48 33.623 92.3631 2.56747
49 23.2678 83.737 1.23485
50 47.7247 92.2136 -1.24361
51 32.797 1.5151 -2.71876
52 87.9135 16.1907 -2.65157
53 14.6865 11.5049 1.15119
54 31.7835 51.0606 2.11978
55 14.4398 92.535 2.36529
56 33.3015 53.004 1.34885
57 36.951 84.8467 2.85095
58 31.5012 56.4264 1.30136
59 19.0799 86.5521 2.19292
60 37.4819 71.604 1.09847
61 37.5388 93.1804 -3.21498
62 39.433 81.0084 2.24036
63 25.671 61.5785 1.90511
64 39.9369 67.8991 1.69348
65 11.2955 93.8949 2.40467
66 39.263 74.9661 1.49488
67 41.499 76.7788 1.21513
68 9.07246 91.2361 1.77287
69 39.4812 81.631 2.32544
70 43.7835 64.7814 1.84434
71 26.2987 89.1101 2.03852
72 37.4711 70.4451 1.38232
73 49.5138 66.683 1.68503
74 33.5463 83.1714 1.76899
75 59.1705 40.4734 -1.60753
76 36.5427 83.0788 2.60243
77 42.6184 64.8778 1.62624
78 24.0256 76.9495 1.39067
79 31.061 58.8541 2.00611
80 32.8342 86.4753 1.98543
81 38.6329 74.0491 1.69565
82 0.850267 86.6274 2.21733
83 27.2586 55.7078 1.97578
84 22.8196 94.5381 2.23875
85 30.7023 85.9044 2.43578
86 33.6701 86.9123 2.73822
87 4.41099 88.0751 1.82355
88 97.1407 88.59 1.81047
89 31.5743 84.3176 2.2976
90 59.0752 36.5579 -1.37106
91 25.21 95.8047 2.14716
92 4.90227 87.1014 2.49015
93 29.7038 53.049 1.81084
94 34.6763 90.3532 2.43456
95 49.7763 72.0153 1.65686
96 40.3966 65.2339 1.77459
97 45.5653 69.2288 1.15707
98 30.5886 83.9063 2.53965
99 54.7272 83.0965 -1.57081
100 89.3296 15.32 3.46297
101 34.343 64.2355 1.55598
102 39.5474 92.566 -2.47315
103 27.8908 88.0962 1.8871
104 34.7464 95.1061 -2.54201
105 56.8854 36.5319 -2.00845
106 33.5335 53.377 2.13378
107 54.0263 67.274 0.927646
108 34.1828 0.0368437 -2.56628
109 35.4764 56.0485 1.96922
110 70.927 92.0739 -0.55841
111 46.1888 66.9903 0.984782
112 50.4237 89.4205 -1.88005
113 48.2638 61.785 1.44912
114 42.19 33.7393 -1.84228
115 44.2392 74.8729 1.4164
116 31.3258 77.7948 2.34932
117 22.4146 91.2599 1.53499
118 50.2882 95.4175 -1.64286
119 30.206 51.6543 2.10836
120 23.3455 88.8644 2.15643
121 44.4298 89.3962 -1.5842
122 33.5482 90.9162 2.44799
123 29.1503 62.9666 1.70211
124 66.2149 73.4347 -0.308794
125 12.301 91.8613 2.48695
126 28.7945 10.3062 0.158755
127 69.3337 75.3654 -0.296441
128 88.7087 19.4544 -2.49419
129 54.2342 61.5809 1.65217
130 55.2175 72.2764 1.42386
131 36.2699 87.6026 2.52311
132 0.356067 53.723 -1.2309
133 0.210477 59.7748 -1.34857
134 23.356 82.3652 1.30153
135 48.5554 66.1746 1.32933
136 31.3839 81.7002 2.19093
137 46.5565 66.2634 1.19367
138 36.231 90.3306 2.20712
139 27.7448 91.1215 1.88964
140 40.691 93.6292 -2.15709
141 14.0437 93.6396 1.66164
142 30.4624 55.9001 1.39256
143 44.4322 2.23215 -2.88279
144 42.2604 69.8421 1.72061
145 53.6728 63.6353 0.999295
146 55.8587 69.8865 1.28534
147 20.8207 70.7558 1.32609
148 54.1676 71.5963 1.35599
149 38.461 74.3314 1.53248
150 40.2995 93.7548 -2.25299
151 47.273 75.8026 1.51216
152 34.7059 83.2696 2.31014
153 33.464 96.1877 -2.51789
154 44.5828 3.22758 -2.10692
155 1.1421 60.1239 -0.251073
156 45.0499 91.2247 -1.88682
157 37.6805 3.89802 -2.70886
158 27.1518 85.2243 1.83032
159 38.2749 18.9171 -2.84274
160 24.2658 75.5094 1.9755
161 29.9675 13.7322 0.131113
162 47.0806 94.5945 -1.90591
163 10.0214 89.7768 1.57961
164 67.6363 61.6612 -0.301997
165 40.7306 78.3589 1.48254
166 6.90075 90.5431 2.13122
167 49.5355 69.1551 0.997075
168 33.0163 62.6283 1.96868
169 92.6634 12.2233 1.42647
170 22.9498 68.7973 1.60233
171 45.3488 61.568 1.40949
172 52.681 64.7332 0.980356
173 40.7771 94.3741 -2.64245
174 25.0744 82.6775 2.09742
175 26.7227 99.6385 2.70568
176 40.8385 21.9841 -2.72865
177 29.6281 88.9172 1.78882
178 92.107 13.601 1.99704
179 54.0669 67.2896 1.851
180 48.7345 63.1916 1.67576
181 44.5324 97.1746 -1.97222
182 34.9892 53.643 1.97405
183 60.6987 87.0718 -1.57271
184 8.07883 86.9353 2.4041
185 96.8611 60.9012 -0.668864
186 34.1772 90.6414 2.89414
187 49.8439 90.1169 -1.85919
188 25.1358 56.496 1.04486
189 25.6648 77.0747 1.34733
190 23.4606 82.0132 1.79632
191 41.7337 71.559 1.64933
192 33.0515 84.7662 1.97039
193 28.929 95.2466 2.96427
194 29.6818 83.7331 2.18385
195 42.6466 63.3592 1.18225
196 23.8558 84.3218 1.17169
197 34.5261 87.5026 1.9769
198 3.52982 86.7517 2.35062
199 25.9415 84.1531 1.31284
200 46.8894 64.5837 1.34811
201 22.8415 43.6243 1.96231
202 87.2889 17.3435 -3.21979
203 34.0963 18.0291 -2.60308
204 27.5211 82.9482 1.38983
205 50.9287 67.2462 1.72611
206 31.0996 88.9336 2.80491
207 20.4018 88.7733 2.34436
208 11.6751 88.44 2.51956
209 52.5289 92.1535 -1.22431
210 35.2305 67.1849 1.86925
211 32.1073 90.1822 2.24803
212 100.272 55.8228 -0.680055
213 49.8815 77.5165 0.948956
214 24.9412 57.4958 1.87917
215 51.5662 63.3088 1.83852
216 41.0706 6.30931 -2.93227
217 45.6988 60.7587 1.52258
218 36.1345 6.91653 -2.18108
219 25.8343 40.2287 1.58402
220 48.0467 67.4804 1.50921
221 34.5176 5.33984 -2.97676
222 41.818 68.7651 1.3029
223 57.0986 42.5566 -1.77905
224 51.0324 90.0462 -1.3894
225 18.0554 9.60057 0.481532
226 42.5789 97.0071 -2.58901
227 35.1073 93.2287 3.08743
228 35.4082 86.5915 1.98782
229 40.2468 97.6159 -2.12676
230 71.7903 73.8763 -0.265839
231 37.9819 68.9811 1.52131
232 25.2752 95.5074 2.97174
233 27.3232 89.4244 1.85084
234 23.0167 85.292 2.16697
235 33.3416 50.4715 1.31164
236 41.4358 92.4852 -2.32306
237 26.489 75.8581 1.66849
238 29.0202 48.9118 1.22397
239 24.0977 51.9991 1.74651
240 49.9288 97.573 -1.56726
241 33.9142 72.9552 2.07774
242 36.1608 0.864154 -2.07527
243 47.8279 63.793 1.12017
244 29.4408 12.1388 0.341571
245 33.8865 2.16272 -2.3495
246 36.581 89.9121 2.53469
247 68.6642 78.2013 -0.0681248
248 28.4381 54.5031 1.12663
249 29.2743 79.8333 1.73981
250 14.2629 3.5842 1.86413
251 21.6819 76.4874 1.73973
252 21.6115 12.3752 0.210591
253 87.9675 12.8773 1.98466
254 36.1231 87.338 2.81905
255 39.0036 75.2213 1.11929
256 37.0699 -0.135646 -2.68126
257 36.2119 89.7045 2.98426
258 44.3789 92.531 -1.75543
259 36.6718 52.8653 1.43566
260 26.7559 83.0269 1.83326
261 30.1372 55.0241 1.1805
262 41.5181 99.008 -2.18285
263 25.1595 93.548 2.70554
264 24.3262 72.4853 1.93993
265 33.0762 86.0952 2.18684
266 29.5433 87.1582 2.27786
267 39.4027 67.4241 0.890596
268 27.3861 93.1604 2.727
269 15.4587 2.7108 1.60652
270 31.627 56.0525 1.89381
271 34.6764 52.8677 1.20882
272 48.4501 81.3068 -1.20667
273 23.6451 86.1991 1.48848
274 28.2862 91.6086 2.56686
275 38.3974 93.1487 -2.71318
276 27.9143 83.5364 1.34626
277 52.383 66.0975 1.35286
278 26.4268 66.8131 2.00863
279 36.3947 3.61197 -2.59499
280 30.4079 54.2637 1.57052
281 36.3277 91.8303 2.53263
282 29.8261 51.4438 1.36507
283 44.9207 74.6099 1.81686
284 33.281 75.9401 1.52972
285 45.5694 65.2024 1.91576
286 68.033 76.9667 -0.274525
287 33.3458 89.6774 2.7101
288 56.9873 86.7217 -1.65549
289 28.0008 70.7982 1.8542
290 30.6538 94.2319 3.0839
291 30.1716 67.6337 1.74164
292 92.2418 9.60916 1.17743
293 27.0512 92.073 2.45367
294 30.6293 49.033 1.82427
295 25.1474 10.2301 0.3405
296 10.1097 87.2183 2.18103
297 42.0477 97.1437 -1.82049
298 31.588 69.1789 1.47259
299 45.8282 69.5972 0.945775
300 31.1909 87.7745 2.33767
301 39.9492 72.2582 0.900634
302 13.1914 79.8698 1.73672
303 35.6014 91.5793 2.80968
304 26.8942 63.6937 1.81243
305 24.4341 78.217 1.8727
306 17.5004 10.0882 0.92963
307 23.7197 74.6577 1.54689
308 31.6548 55.4988 1.58944
309 25.0997 90.5188 1.96056
310 18.7971 9.18976 1.36317
311 75.618 72.4657 -0.181259
312 33.5397 2.51619 -2.5189
313 48.4607 76.1481 1.76168
314 34.9676 19.9837 -2.18045
315 34.2983 93.962 2.90065
316 48.4884 64.2461 1.19794
317 31.1857 58.4279 2.1852
318 50.9191 98.5205 -1.75132
319 42.8119 70.4025 1.48525
320 45.5473 67.0221 1.11959
321 24.6446 39.8573 2.48198
322 47.6337 65.3478 1.36609
323 30.1633 59.0432 1.64184
324 29.4323 75.8324 2.24681
325 40.3165 98.2789 -2.19388
326 36.4551 87.7775 2.66944
327 29.7811 88.7135 1.97415
328 7.7318 87.6326 1.97766
329 52.0094 86.2962 -1.67233
330 47.3366 74.5788 1.69774
331 99.8716 56.1896 -1.40415
332 51.2007 86.049 -1.69826
333 98.175 85.4681 2.26437
334 24.2596 47.942 1.40852
335 43.9922 69.7373 1.61091
336 46.8726 67.1504 1.06221
337 25.1718 50.4178 2.04832
338 38.8915 97.0072 -2.67945
339 34.4016 89.6443 2.06048
340 38.7133 63.2128 1.2999
341 24.781 55.9602 1.0232
342 35.7213 63.8031 1.64337
343 39.0195 4.00245 -2.1542
344 37.8913 91.732 -3.12427
345 90.501 6.73091 1.37151
346 75.3569 76.9956 -0.125358
347 27.0097 84.3574 1.75743
348 24.7109 55.8747 1.37634
349 24.1053 78.9569 2.09016
350 35.6297 99.3862 -2.25025
351 44.571 91.9705 -1.73082
352 28.5783 67.1847 1.95595
353 59.8962 39.2373 -1.72756
354 32.2727 85.5174 2.51818
355 39.7028 88.2347 2.59946
356 54.0898 84.1475 -1.61147
357 4.09164 63.0352 -0.823486
358 32.7064 57.84 2.1842
359 23.5319 90.4422 1.93315
360 38.0684 14.7238 -3.00898
361 20.2175 83.449 1.3424
362 41.4512 65.0194 1.15083
363 34.3405 85.8601 1.94053
364 24.7449 72.7539 1.82992
365 30.5137 97.7986 -2.85268
366 47.6953 63.6275 1.41675
367 50.4291 67.9729 1.71669
368 55.3996 68.9853 1.21966
369 89.5173 3.75 0.895397
370 54.0349 0.316313 -1.50779
371 40.2546 74.8289 1.36555
372 32.7518 49.2409 2.05793
373 47.6261 65.4078 1.39658
374 23.6664 74.9187 1.61179
375 28.1717 97.8692 -2.65121
376 36.2871 55.6349 1.44591
377 47.5423 72.7301 0.921105
378 31.0275 1.70702 -2.89379
379 47.4813 70.0357 1.1958
380 39.3656 96.1932 -2.75214
381 30.9287 82.7492 2.13178
382 43.1122 61.9121 1.88984
383 95.523 21.7525 1.66723
384 23.6098 92.8122 2.2923
385 21.3127 8.52267 1.0874
386 13.6006 12.4577 0.736122
387 27.6806 87.5363 2.12366
388 41.9065 98.7545 -2.57704
389 19.325 86.0111 1.93223
390 33.0631 67.1632 2.28065
391 30.5418 54.5833 2.13998
392 7.60999 78.2227 2.15172
393 38.0151 1.1892 -2.1101
394 44.1875 64.3754 1.84055
395 33.9351 59.4307 1.26936
396 26.3435 38.7152 1.69779
397 43.4157 75.2759 1.23958
398 50.3456 81.9826 -1.15861
399 37.4725 77.0061 1.93928
400 25.7119 51.3902 1.73705
401 8.06121 90.3126 1.8996
402 33.3205 86.7546 1.9005
403 41.0552 61.7429 1.67113
404 31.4205 89.2518 2.74094
405 27.1806 67.2223 2.33951
406 68.9393 73.9265 -0.265242
407 44.4137 63.4942 1.72933
408 50.2451 63.9101 1.0934
409 49.9892 66.5531 1.78672
410 24.517 51.6235 1.13584
411 43.5777 32.4987 -1.71326
412 41.361 84.5683 2.43419
413 29.0363 54.3582 1.82546
414 36.7816 98.3709 -2.07424
415 90.7542 9.42086 1.30123
416 10.8986 86.4311 1.50951
417 27.2865 54.0874 1.82171
418 37.8689 68.0525 1.18485
419 99.4531 20.7943 2.69166
420 24.576 89.8035 2.0422
421 33.2302 64.7736 2.02944
422 31.6118 54.359 2.05996
423 46.7613 65.2964 1.83569
424 39.7708 21.839 -2.57144
425 45.3472 60.3308 1.6126
426 47.1237 71.9203 1.46961
427 20.0042 76.1475 1.43178
428 35.403 97.7558 -2.45355
429 40.332 97.5428 -2.35632
430 30.1926 12.5676 0.34809
431 30.1445 99.3318 -3.22446
432 46.8166 90.0646 -1.40988
433 49.4906 72.5767 1.65282
434 30.6285 91.2687 2.41378
435 21.9723 70.9289 1.84969
436 43.9798 98.6522 -1.92128
437 27.7748 88.672 1.85756
438 23.5679 43.7513 2.28894
439 49.5967 68.48 1.5789
440 34.4238 80.047 1.95553
441 66.8117 70.0918 -0.319332
442 43.5725 65.131 1.79253
443 30.6976 86.0805 2.47784
444 33.5281 -0.203 -2.02492
445 22.59 81.0986 1.69919
446 69.6 70.4545 -0.227081
447 72.1301 78.0457 0.303756
448 42.4016 25.6912 -2.49688
449 32.6357 75.7617 1.78346
450 29.9993 57.4588 1.52725
451 32.7919 86.3211 1.95185
452 21.6621 77.4136 1.53528
453 40.3993 95.8412 -2.58276
454 54.4398 62.6698 1.75841
455 1.93943 90.8335 2.3325
456 21.5428 49.5996 2.11112
457 32.961 49.5288 1.58626
458 48.5704 95.3073 -1.9926
459 20.8193 98.8912 2.06904
460 23.3539 83.992 1.87381
461 58.6158 36.4905 -1.34594
462 34.8143 1.43443 -2.78717
463 34.852 54.934 1.29721
464 37.356 7.18395 -2.39114
465 30.5704 57.7769 1.90295
466 39.8969 0.775055 -2.94906
467 46.8351 66.1215 1.20854
468 19.7728 86.6658 1.44674
469 43.8827 94.8048 -1.68695
470 29.1447 64.5414 2.26719
471 35.3528 1.48067 -2.6634
472 34.3417 2.80986 -2.05591
473 50.3769 64.5338 1.69867
474 41.8878 21.7904 -2.72539
475 70.8566 73.9198 0.400653
476 2.00687 62.2837 0.0297568
477 33.6216 87.4611 2.04625
478 24.9039 96.9588 2.17218
479 93.7473 7.147 1.89564
480 32.372 48.1455 2.07017
481 10.6483 86.8905 2.1878
482 31.9332 83.5398 2.38993
483 31.4895 60.6407 1.59587
484 5.57842 83.2675 1.63098
485 13.1729 79.0325 1.40368
486 42.5125 93.6704 -1.7919
487 40.9873 6.02535 -2.16541
488 40.2779 79.4518 1.27213
489 6.53048 90.2804 1.83008
490 22.8237 12.3464 0.198435
491 37.1093 90.049 2.59073
492 33.3557 0.60394 -2.20078
493 32.7745 92.5179 2.25777
494 36.2152 89.4027 2.33833
495 24.9918 90.4176 2.31796
496 41.9248 71.268 0.873178
497 40.6001 17.9804 -2.45513
498 41.5502 97.3893 -1.99291
499 18.5874 96.5546 2.67533
