500
Particles
0 73.607 7.14928 2.25276
1 98.6246 81.6246 -2.97102
2 86.5926 44.8429 2.09747
3 56.0017 64.9715 1.52242
4 72.6173 24.8843 2.33136
5 92.4474 73.8735 1.6014
6 87.9322 30.2021 2.56538
7 71.7226 72.3818 1.48723
8 38.6327 29.1164 1.82335
9 24.2191 4.20474 -2.30692
10 92.6214 12.0161 2.19038
11 82.2372 36.8285 2.53079
12 87.4415 42.2392 1.77753
13 71.6982 10.4536 2.51159
14 76.9679 28.8542 2.7024
15 73.0784 14.0179 2.88918
16 3.67108 17.9362 2.02087
17 76.2388 41.5025 1.91436
18 72.8384 35.1572 2.16305
19 37.3571 52.3017 1.65619
20 56.5124 66.3868 1.31284
21 86.8999 28.7796 1.99667
22 90.4528 21.2889 2.67299
23 73.4058 18.8285 2.41849
24 63.9803 68.7546 1.71084
25 78.4452 13.7683 2.39043
26 92.648 68.5877 0.980702
27 81.8882 34.9047 2.55821
28 86.5374 26.1652 1.96055
29 89.748 41.8877 2.45447
30 48.3521 69.9403 1.68082
31 86.2345 22.1357 2.59018
32 29.6054 58.5154 2.24305
33 65.0431 74.6554 1.31515
34 79.8448 11.9443 2.60639
35 71.4547 38.2794 1.95158
36 54.9863 75.4906 1.43877
37 91.8366 38.5345 2.07774
38 81.8803 20.6466 2.77991
39 73.7811 19.9056 2.4051
40 84.2198 12.4914 2.31425
41 71.2808 18.7542 2.21377
42 95.1264 14.0188 2.29159
43 58.922 65.7868 1.24723
44 99.497 84.5027 3.21274
45 96.2368 14.368 2.23098
46 83.6158 17.7236 2.31578
47 89.9456 63.7713 0.946836
48 90.0792 16.6392 2.51798
49 75.3892 2.21529 2.78422
50 80.0375 38.622 2.22877
51 93.8765 23.6946 2.28075
52 60.4256 67.5866 1.83768
53 58.7567 75.7564 1.38091
54 77.7741 26.3484 2.13888
55 77.6047 61.514 1.18909
56 78.1092 27.517 2.33039
57 93.2819 6.07412 1.96523
58 78.6722 31.057 2.58541
59 77.5542 13.8597 2.16092
60 79.6968 35.2041 2.09066
61 90.4252 13.3851 1.83538
62 35.7511 25.0012 2.46374
63 13.9307 65.3352 -1.10594
64 84.6519 33.0655 2.20848
65 87.434 65.0852 1.14362
66 76.9543 39.0274 1.91451
67 78.0307 37.9344 2.08735
68 89.1392 61.7062 1.04095
69 98.0348 7.29182 1.75457
70 87.2288 33.5578 2.40786
71 83.5453 16.4392 1.85857
72 77.3242 35.6573 2.3859
73 92.0862 36.2024 2.27206
74 91.2884 9.53816 2.18994
75 73.6448 68.7964 1.63593
76 93.0118 8.84221 2.16779
77 90.4648 33.2224 2.35393
78 91.8635 44.9691 2.59295
79 79.3615 33.4696 1.86297
80 90.3142 14.2652 2.37979
81 76.2074 38.2118 1.82144
82 64.7301 37.0933 2.21234
83 68.5097 30.3072 1.92355
84 76.7758 58.9762 1.9886
85 90.8034 16.089 1.93678
86 91.0095 13.146 2.36417
87 93.4191 32.6013 2.05242
88 78.5529 60.3058 1.53436
89 89.0727 8.82817 2.51492
90 62.1854 69.025 1.1114
91 85.1308 21.9564 2.00565
92 91.0028 29.8995 1.97474
93 68.9585 25.0913 2.33439
94 90.1503 14.983 2.54183
95 42.1808 55.552 1.91853
96 85.0509 32.0357 2.15303
97 87.5514 34.6483 2.65511
98 87.8761 9.22725 2.01452
99 91.2461 29.6579 1.83599
100 63.8521 68.7181 1.72323
101 75.5101 35.1989 2.39933
102 93.0725 13.0954 1.99395
103 78.9726 8.85433 2.62584
104 91.2447 19.5953 1.80787
105 62.3996 70.3355 1.28361
106 78.1716 26.1335 2.51061
107 75.9478 15.6648 2.47744
108 87.751 19.8596 2.48911
109 81.2203 32.0695 2.4112
110 76.4633 70.632 1.22927
111 92.9886 37.1917 1.74354
112 56.5746 64.1872 2.26541
113 88.4508 28.9905 2.63109
114 83.4909 36.1425 1.85614
115 85.8036 40.14 1.9726
116 92.175 5.76929 1.96559
117 82.2072 18.9968 2.78674
118 42.4793 64.6356 1.45583
119 73.454 28.7379 1.94352
120 76.7275 10.159 2.01068
121 87.3544 75.1601 2.27275
122 88.2918 16.0416 1.83403
123 65.8278 24.7757 2.55038
124 83.7091 43.418 1.89537
125 91.0961 57.2645 1.19807
126 100.345 20.3132 -0.45369
127 68.5015 14.5348 2.24491
128 63.1186 68.1208 1.48433
129 80.1728 36.5353 1.97787
130 82.9495 23.361 2.23082
131 92.8225 12.2247 1.79811
132 96.0369 58.6525 0.710735
133 94.6757 62.2995 1.07995
134 74.0249 99.2171 3.08839
135 90.6324 33.939 2.51585
136 90.2758 7.44217 2.19799
137 85.7416 31.9803 2.71346
138 92.2702 15.0592 2.29659
139 78.7391 9.68609 2.77813
140 94.9802 13.2376 2.48238
141 83.4841 61.3646 1.3082
142 70.1447 28.5444 2.39219
143 36.2247 35.3913 2.07296
144 84.2491 32.805 2.15316
145 80.6793 39.4901 2.64149
146 76.4444 14.7623 2.3464
147 64.4177 74.3303 1.11081
148 92.6021 35.4086 2.2166
149 72.4574 37.893 2.02249
150 93.2937 13.446 2.35365
151 32.1448 57.3306 1.70652
152 92.8397 10.1282 1.99919
153 90.8974 20.6681 2.29838
154 7.80296 19.054 2.12677
155 92.1851 64.5236 1.57972
156 42.3007 29.4987 1.4956
157 22.1028 39.5957 2.20381
158 92.1325 70.1179 1.20996
159 36.8456 39.1495 1.28485
160 62.4766 76.3238 1.17084
161 38.9706 40.1805 1.3079
162 73.9517 38.6031 2.37807
163 78.3265 57.4335 2.09935
164 88.6728 66.2484 0.864772
165 68.8751 36.3366 2.22214
166 79.2131 59.4503 1.54341
167 93.7596 36.2252 1.95307
168 78.9138 34.4236 1.79403
169 87.4979 65.1044 1.25346
170 35.6969 61.0467 -1.23879
171 86.7546 30.38 1.92001
172 72.9632 10.4879 2.87779
173 94.5449 11.2243 2.46557
174 90.9586 69.9346 1.2137
175 93.7632 54.5602 1.55926
176 87.9854 45.5971 1.7841
177 81.4687 8.97475 1.93625
178 62.2765 66.8461 1.97528
179 84.3337 24.8514 2.20938
180 88.1341 30.9264 1.84762
181 36.8199 34.4069 1.50587
182 80.314 28.147 2.28734
183 70.2755 3.88217 2.87437
184 92.0528 30.2602 1.92811
185 91.1897 64.6315 1.70129
186 92.0631 17.9301 2.28146
187 45.453 61.9195 1.66384
188 64.7419 13.7211 2.16105
189 83.9616 41.3271 2.62592
190 92.0041 69.6872 1.84474
191 86.6605 37.4727 2.208
192 88.6247 4.29313 2.09263
193 93.7088 26.2219 1.70462
194 87.5648 11.8443 2.18017
195 85.9585 30.6249 1.76829
196 77.4182 6.6885 2.4424
197 91.4637 12.9787 1.81633
198 90.2521 30.09 1.7287
199 12.9733 57.9798 -1.38354
200 90.7541 32.106 1.61553
201 89.639 39.3537 2.26999
202 60.5711 68.734 1.26305
203 40.1742 41.0132 1.18346
204 93.6801 67.6837 1.11714
205 93.7448 35.5758 2.5058
206 86.0349 12.4122 1.93032
207 80.1213 17.0811 2.05318
208 66.4968 40.3891 2.64027
209 41.9549 63.2221 2.34834
210 79.2137 36.5722 2.14866
211 91.0975 17.7186 1.99266
212 92.4432 61.1709 1.47144
213 33.3249 55.7669 2.45926
214 64.8654 11.4194 2.12639
215 79.7725 21.4883 2.41177
216 95.6337 15.993 2.29343
217 84.9948 29.4128 2.53892
218 78.2729 45.95 1.87742
219 77.7035 42.3693 2.54373
220 91.0956 36.0771 2.04904
221 95.7232 26.2863 2.26957
222 90.9131 37.4329 2.05342
223 67.6385 71.3407 1.25563
224 54.5927 65.4256 1.90367
225 87.8457 42.5907 2.09937
226 7.05532 15.8705 2.18527
227 92.5266 19.7328 2.03539
228 92.1915 13.782 2.26477
229 94.6274 14.7871 2.00227
230 70.3498 13.1354 2.02116
231 80.8623 34.2697 2.35138
232 91.4524 26.8823 1.79944
233 82.4352 14.7875 1.95933
234 79.0251 10.3987 2.01267
235 77.5006 25.6197 1.81033
236 4.91798 13.1864 1.71419
237 85.999 43.5146 2.43196
238 79.2185 27.1327 2.55602
239 69.8257 28.0448 2.44259
240 83.0918 34.9336 2.59749
241 41.5552 27.9971 2.18082
242 94.3305 20.5205 2.54117
243 89.9987 31.59 2.1278
244 38.6554 41.0555 1.55962
245 93.0836 22.8973 2.67199
246 92.7687 15.9607 1.88681
247 91.2828 68.0236 1.44187
248 74.5158 28.5392 1.98522
249 88.695 6.92627 2.64889
250 81.4484 36.1221 2.10568
251 81.7481 41.8842 2.43736
252 71.4701 71.4082 1.8458
253 51.8555 66.6709 2.0717
254 93.8005 12.3866 2.08602
255 74.2799 37.3318 2.6624
256 94.3923 19.4601 2.08126
257 90.1768 12.9368 2.34037
258 41.5529 32.9659 1.69739
259 78.3048 26.8425 2.52381
260 95.5582 71.9961 0.994363
261 74.4168 30.1035 2.48265
262 94.872 13.4501 1.81665
263 90.4545 25.7425 1.92861
264 63.9172 75.2549 1.49149
265 90.8895 11.8407 1.92027
266 81.6149 6.75775 2.17721
267 82.8727 33.9352 2.43154
268 76.1733 10.2876 2.02974
269 81.1839 37.1122 2.33416
270 80.0457 30.5301 2.3671
271 80.9089 29.1557 2.38519
272 29.737 54.192 2.28438
273 79.9805 11.526 2.14347
274 84.8284 19.3939 2.26806
275 93.0247 14.0847 1.79105
276 83.4408 4.8021 2.33364
277 90.6991 29.4091 1.84761
278 95.0749 82.5368 -2.76769
279 94.4101 21.0432 2.12274
280 81.7847 31.4178 2.21867
281 92.2272 17.4922 2.64742
282 75.5295 27.8085 2.48975
283 97.1735 36.0227 1.63927
284 0.497545 8.61305 2.27603
285 88.5441 33.3822 1.91174
286 67.9799 16.6466 2.15829
287 90.6875 15.7783 2.30408
288 49.4685 56.7991 2.37351
289 99.191 8.22673 2.51808
290 84.7371 16.184 1.87821
291 69.0894 100.356 2.05505
292 92.9414 62.6214 1.38019
293 81.8251 17.0172 2.48995
294 80.2712 26.4817 1.96314
295 84.9568 28.3727 2.09224
296 93.9015 30.6726 1.68092
297 0.615682 15.5193 2.19354
298 49.9495 28.4175 1.54359
299 89.7443 38.9881 2.49693
300 84.9078 12.0643 1.83901
301 78.808 37.0947 2.08162
302 75.7051 8.95842 2.60515
303 91.9979 16.1267 2.50919
304 10.3051 68.4596 -0.388523
305 83.1334 40.6011 1.95855
306 59.0686 71.5289 1.40757
307 85.7132 40.6836 2.05915
308 74.6977 32.6995 2.7734
309 83.1427 18.7893 2.78762
310 63.1761 73.048 1.89603
311 76.0599 19.9423 2.73953
312 92.7665 23.6298 2.34071
313 34.9839 56.7251 1.8583
314 77.3145 40.8433 2.25019
315 92.0196 19.4801 2.41422
316 89.8019 28.8936 2.51244
317 79.266 31.5001 2.39969
318 86.204 41.4555 2.17593
319 90.1277 38.8685 2.25385
320 90.1604 36.0359 1.91905
321 76.6147 40.9327 2.14242
322 92.664 33.0605 2.23935
323 77.2772 32.4269 1.99444
324 6.61763 38.9563 1.33302
325 96.4524 17.1255 1.75333
326 91.0239 11.3904 2.54022
327 83.1529 13.1429 2.37346
328 95.9806 32.6425 2.32944
329 54.0073 60.5972 1.91172
330 33.4083 54.8336 2.56034
331 69.0452 75.3112 1.42747
332 37.0209 56.7081 2.09017
333 91.6145 31.2031 2.39595
334 72.6535 21.737 2.60016
335 87.7519 37.9439 2.32826
336 92.8513 35.637 2.5061
337 72.0634 25.9045 2.48528
338 95.9002 16.9376 1.84246
339 89.7177 14.4429 2.5919
340 72.2524 9.21874 2.05334
341 70.6545 31.7249 2.1151
342 77.7565 34.1618 2.51847
343 94.6453 17.0162 2.32479
344 93.5682 15.4295 2.73207
345 74.6705 65.3522 1.9212
346 72.1055 20.0368 2.71467
347 95.1408 72.4472 1.51071
348 65.0131 14.8578 2.73684
349 91.6836 67.4268 1.68727
350 93.4842 20.5812 2.15474
351 35.7605 29.9865 1.88489
352 1.38187 80.8443 3.43478
353 65.8138 70.2946 1.02861
354 86.4465 5.97632 2.37097
355 93.2646 9.22971 2.58469
356 93.4074 32.211 2.11799
357 90.0136 66.3344 0.990876
358 80.9982 31.0889 2.08657
359 78.9728 13.8908 1.93457
360 75.2252 42.5 1.73763
361 75.1263 2.84499 2.51833
362 83.8637 30.2649 2.69726
363 90.9089 13.0317 2.39616
364 67.8265 75.8154 1.95451
365 86.9703 22.2088 2.24382
366 88.4547 31.3301 2.18413
367 92.7106 36.6897 1.94886
368 73.5931 11.9543 2.49761
369 38.6103 55.019 2.50667
370 54.2183 68.4403 2.01584
371 75.8218 37.4955 2.14166
372 82.5915 26.6491 1.73546
373 90.2552 34.1407 2.12133
374 80.7273 39.6318 2.35486
375 93.6284 28.5603 1.76079
376 84.2499 31.0325 2.31679
377 30.7406 57.0555 2.13456
378 85.1191 18.9247 1.9061
379 91.0316 38.5604 2.67352
380 92.6785 13.3492 2.14259
381 2.55259 45.3188 0.981366
382 86.6601 30.8491 2.07528
383 80.8316 63.1489 1.19177
384 90.8449 27.1922 2.18305
385 68.9141 72.8335 1.73248
386 55.2497 74.2338 1.10265
387 76.3668 3.11789 2.26511
388 97.3287 14.2264 1.90314
389 78.8002 13.9029 2.75898
390 68.128 33.509 2.07235
391 76.6173 31.3457 2.36689
392 77.2111 10.5608 1.93743
393 95.6598 19.3887 2.19347
394 85.0437 31.9931 2.17502
395 81.1181 32.2038 1.9991
396 79.055 41.5457 1.78808
397 82.5958 34.6818 2.45058
398 35.1727 55.0582 1.80189
399 44.7327 28.4369 2.04631
400 70.7297 26.8863 2.23589
401 41.3547 54.358 1.57067
402 88.6961 8.61486 2.66324
403 87.5326 29.6286 1.95477
404 86.9085 15.2383 2.1347
405 99.0851 80.8667 -3.20621
406 70.5772 10.1512 2.29053
407 87.648 33.0994 2.14635
408 79.5847 21.3978 2.40152
409 97.0673 35.3504 2.35252
410 72.7741 29.1142 1.91873
411 84.6499 37.6262 1.7857
412 96.048 10.6425 2.22457
413 71.9439 29.4399 2.14678
414 94.2622 18.6885 2.51623
415 86.3505 63.5229 0.825561
416 92.712 30.1742 2.04294
417 70.2525 27.0493 2.58061
418 80.9018 36.7368 2.19835
419 75.581 61.9484 1.50191
420 81.2328 14.5849 2.40508
421 78.9741 35.3264 2.36527
422 77.1029 28.9684 2.04794
423 90.9832 33.2511 2.57989
424 76.8945 40.7451 2.24853
425 86.1384 26.2673 2.11719
426 2.2814 33.6978 1.51516
427 81.1714 40.4733 1.92325
428 88.1296 16.7167 1.86415
429 93.4842 14.6843 2.71873
430 34.8377 36.9819 1.24745
431 93.0683 27.2349 2.1411
432 74.9547 38.4766 2.54287
433 98.7019 34.1087 1.7464
434 84.8318 14.6141 2.55502
435 68.9523 73.2127 1.33682
436 37.9586 36.0028 1.75092
437 78.5826 8.7345 1.9545
438 90.6318 44.3941 2.15657
439 92.3574 37.9948 1.87778
440 94.6837 9.01799 1.86619
441 68.2634 10.5922 2.25975
442 86.2697 35.3921 1.88465
443 12.5327 61.0829 -0.693691
444 92.4717 24.4276 2.48392
445 89.5175 72.2971 1.92481
446 75.4966 72.5669 1.11429
447 71.4833 16.8359 2.86735
448 83.4859 30.8283 2.09174
449 97.9779 9.46149 2.08418
450 74.3885 33.1683 2.37152
451 86.8895 9.58961 2.07901
452 80.8648 41.5125 2.60114
453 93.1645 10.707 2.43144
454 82.48 38.2402 2.37892
455 82.6506 64.0323 1.85291
456 68.2445 23.9779 1.81654
457 78.6722 27.3881 2.12807
458 81.8912 24.794 1.73529
459 93.0466 62.5115 1.54479
460 79.8511 10.5962 1.9046
461 59.6081 68.5984 1.14898
462 93.6866 22.3797 2.12587
463 81.6773 29.8175 2.31829
464 98.3373 26.0838 1.96331
465 75.2791 31.0521 2.2412
466 95.2539 16.672 2.53417
467 93.3089 35.5947 2.52267
468 74.6279 9.89532 2.15128
469 38.2063 31.7761 1.6191
470 1.76815 78.5878 -3.17155
471 86.4298 17.0334 2.43857
472 93.7389 23.1296 2.62783
473 90.6699 29.0047 1.85897
474 15.3658 56.0864 -1.21201
475 72.5868 14.1385 2.32789
476 91.6109 66.4703 1.00038
477 92.597 14.2159 2.23106
478 70.7691 43.0541 1.93595
479 73.564 64.0906 1.0626
480 79.0332 21.8318 1.7029
481 96.1027 32.0535 1.5933
482 88.155 7.23902 1.93511
483 72.3292 33.8899 2.38884
484 76.0073 15.1503 2.74201
485 71.9603 3.5043 2.78611
486 95.7404 12.4336 2.52739
487 94.9193 16.8043 2.41934
488 38.8885 26.8964 2.33281
489 73.0181 62.176 1.85184
490 74.6106 69.7982 1.55427
491 91.0746 14.0965 2.21926
492 93.8261 25.7621 1.8014
493 90.4694 19.4585 2.75978
494 90.4386 10.5146 1.96079
495 82.7383 18.4092 2.78406
496 83.4412 34.1769 2.54658
497 78.5072 35.9597 2.7002
498 96.8844 13.8399 2.50189
499 89.8548 49.7291 1.51528
