500
Particles
0 44.838 36.5204 0.952248
1 26.3639 35.869 1.23109
2 21.874 43.0001 1.72014
3 63.0821 19.6923 -2.07238
4 28.84 17.8265 1.68939
5 28.2818 53.6354 1.34689
6 36.7396 32.4863 1.61919
7 95.134 0.879408 0.0725923
8 56.5091 16.2713 -1.98444
9 59.6125 22.9631 -2.56272
10 59.2078 7.28477 -2.59959
11 91.8877 92.9677 0.00019757
12 65.0142 25.1329 -2.80123
13 45.7379 85.833 -0.565331
14 30.1395 19.9402 1.91673
15 65.0769 40.2773 -2.53325
16 62.2937 28.6683 -2.37863
17 30.7682 12.2357 2.59064
18 30.0836 32.8225 1.70355
19 13.6826 93.762 -2.07956
20 62.1544 18.6784 -1.65988
21 36.0317 31.8418 0.786292
22 45.022 9.72183 -2.42238
23 32.599 15.6418 2.02617
24 10.3284 37.4017 -1.51438
25 24.4399 58.3308 1.42167
26 29.0219 53.5717 1.57542
27 96.9358 89.352 0.129985
28 43.7563 39.2456 0.981807
29 33.6255 14.4912 2.48151
30 24.2962 46.7057 1.40508
31 13.8139 3.7256 0.349506
32 59.7571 13.5793 -2.58224
33 23.0544 41.8809 1.38052
34 46.3964 13.3861 -1.88826
35 37.7164 48.4855 1.2854
36 91.1972 95.0409 -0.326379
37 35.2276 38.404 1.21059
38 6.67275 55.3531 1.54352
39 27.6852 16.4191 1.53421
40 51.2865 5.86039 -2.09459
41 47.412 87.0982 -0.652387
42 53.1955 22.8017 -2.48337
43 88.9806 78.0347 1.33652
44 27.1863 40.5006 1.35369
45 59.5032 27.5778 -2.12449
46 47.1651 23.7679 -1.70429
47 28.9794 8.83434 2.73113
48 50.0876 16.238 -1.79175
49 26.4727 53.5082 1.71725
50 61.1283 19.2506 -2.0527
51 47.1716 28.1598 -1.56923
52 9.26626 35.4168 -1.36163
53 91.843 92.9848 -0.0734044
54 33.9467 20.5127 2.0976
55 27.8437 83.3781 -2.30105
56 36.8315 22.8391 2.34231
57 38.3477 56.5709 1.48526
58 34.5456 26.2516 1.48068
59 25.7139 56.4884 2.01858
60 31.592 41.4984 1.44081
61 51.7127 19.6036 -2.65702
62 35.5006 50.8982 1.59781
63 26.5772 30.8267 1.93745
64 31.155 38.6365 1.52213
65 28.2613 92.3515 -1.88187
66 33.9735 44.6619 0.863903
67 36.047 46.6307 0.854274
68 23.6815 88.7756 -1.23365
69 37.9954 51.3601 1.54012
70 35.9292 35.3756 1.57856
71 28.7428 58.7409 1.87851
72 29.9894 40.9407 1.36314
73 40.1895 37.6353 0.944245
74 32.2073 52.6944 1.55872
75 54.5322 70.1512 -1.96485
76 36.1284 53.4816 1.3084
77 32.4243 35.9645 0.96378
78 25.626 46.4946 1.45367
79 32.7266 28.5058 1.80992
80 33.8407 57.5206 1.56278
81 32.192 44.045 1.74857
82 18.8083 85.3903 -2.02598
83 31.1621 25.3053 2.02857
84 28.1563 65.6009 1.52749
85 31.8806 56.051 1.62749
86 35.8426 59.7264 1.69929
87 21.6652 87.0677 -1.51983
88 3.88169 83.0587 0.235243
89 30.7094 53.8899 1.68969
90 55.669 67.0212 -1.52559
91 11.8512 3.95502 0.177742
92 22.8491 84.3856 -2.02393
93 33.0164 22.5256 2.49137
94 52.6231 12.6897 -2.58225
95 41.0049 42.6831 0.638947
96 32.0218 35.9649 1.44699
97 35.5991 40.2884 1.2261
98 31.3231 53.8252 1.49547
99 63.6578 11.5307 -1.82826
100 10.658 34.485 -2.32253
101 29.1994 33.902 0.80494
102 55.7288 18.7042 -1.71332
103 29.6204 57.4706 1.79922
104 49.6005 21.0116 -1.58963
105 54.038 66.352 -2.00063
106 37.1883 22.8023 2.28517
107 41.7853 39.4877 0.866038
108 50.5303 26.1709 -2.09688
109 37.5849 25.8019 1.99681
110 67.131 17.6681 -1.79237
111 36.0361 38.6624 0.871904
112 60.8488 17.8761 -2.25182
113 39.4582 32.5668 1.17547
114 68.0649 48.1867 -2.67992
115 38.32 44.7544 1.15353
116 30.1014 47.5846 1.50934
117 26.8673 61.0688 1.63847
118 64.3424 22.3863 -1.7638
119 33.3332 21.46 2.42851
120 27.7078 58.4945 1.1756
121 57.4346 16.3879 -2.05258
122 51.0173 14.5666 -2.67743
123 27.4649 32.8958 1.42722
124 41.2014 86.9101 -0.688192
125 29.228 90.599 -2.35126
126 99.4189 1.13123 0.277989
127 43.5368 87.6129 -0.222639
128 10.8699 37.9266 -1.76372
129 45.3477 33.0705 0.529806
130 44.9358 43.6461 1.50066
131 58.1993 6.15922 -2.60858
132 75.0348 69.6749 -0.709666
133 72.5621 72.3108 -0.639282
134 27.5471 52.6942 1.16022
135 37.4523 37.4165 1.02375
136 32.1696 51.2405 1.05627
137 36.6791 37.3752 1.28311
138 53.1139 13.8247 -1.84751
139 32.2438 61.2715 1.82774
140 55.3773 20.1764 -1.67257
141 29.2 92.3859 -1.83426
142 32.2075 25.2685 2.18978
143 61.1912 27.2629 -2.37555
144 35.0901 39.8679 1.24354
145 41.987 35.3493 0.87697
146 45.9599 41.3277 0.955328
147 20.281 40.8728 1.39025
148 43.3654 42.9216 0.974083
149 34.0598 44.1187 1.11713
150 53.357 21.3314 -2.11379
151 40.3729 46.0846 1.00692
152 32.5346 53.5547 1.48043
153 49.1582 22.4096 -2.23147
154 61.2438 28.5073 -2.3937
155 73.4867 72.813 -0.684733
156 58.4507 18.5547 -2.25392
157 53.8146 29.8957 -1.65966
158 27.6596 54.8436 1.60892
159 61.608 38.1138 -3.03352
160 25.9617 45.2364 1.03428
161 0.552609 4.78131 -0.0628402
162 60.3563 21.7991 -2.34638
163 25.7718 86.7428 -2.19702
164 44.3316 72.5566 -1.70649
165 36.136 48.0461 1.58617
166 23.8803 89.8805 -1.79243
167 38.022 40.7232 1.47608
168 29.6572 32.7059 1.35417
169 10.8539 29.6428 -2.15278
170 21.7693 38.5331 1.13944
171 34.6666 32.8728 0.999832
172 41.2332 36.2477 1.1737
173 55.8007 21.2279 -1.93352
174 27.5142 52.3902 1.35538
175 6.40131 6.89743 0.469112
176 63.0815 42.6211 -2.37152
177 30.7209 58.7434 1.27277
178 8.29602 31.4654 -2.03884
179 43.2132 39.2145 0.551584
180 39.7544 33.7727 0.741819
181 60.1123 23.2356 -2.44897
182 35.9901 23.0195 2.27458
183 69.1449 15.397 -2.09392
184 21.7449 61.2807 1.53225
185 70.0516 75.4143 -1.09797
186 51.2564 13.1891 -2.28937
187 60.3476 18.1017 -2.24444
188 27.7173 26.9012 1.48314
189 27.065 46.5566 1.8246
190 25.716 51.2729 1.62405
191 35.1948 41.6993 0.972786
192 32.9113 54.6988 1.06131
193 47.0753 18.3957 -2.47379
194 31.8597 53.2808 1.74512
195 33.1958 34.33 0.874594
196 26.7549 53.6559 1.7637
197 37.1941 60.042 1.34046
198 20.7597 82.8291 -1.82549
199 27.9073 53.6752 1.43865
200 36.1201 35.7888 1.09379
201 25.9187 14.1408 1.32455
202 8.2883 36.22 -1.88147
203 52.1105 38.0906 -2.41388
204 26.5895 52.2259 1.55837
205 42.171 37.9935 0.773677
206 33.595 59.0974 1.23834
207 25.1841 58.6273 1.70726
208 24.2028 61.2208 1.49739
209 64.9925 20.1122 -1.87681
210 30.7163 37.1387 1.03092
211 50.468 9.37084 -2.27152
212 73.992 71.4331 -0.4675
213 41.3617 48.2755 1.50707
214 29.0803 27.3409 1.61852
215 40.838 34.7386 0.712284
216 57.8603 31.5891 -2.09783
217 35.9972 32.0347 0.977467
218 52.2203 32.6413 -2.08249
219 32.7756 12.6246 3.29498
220 38.9653 38.4784 1.51422
221 52.4523 30.1667 -2.46354
222 33.2875 39.2955 1.34269
223 54.8797 72.3306 -1.69105
224 62.0639 17.6955 -2.15799
225 93.7336 93.9597 0.337988
226 56.4536 24.1882 -2.14751
227 51.4967 17.6006 -1.8904
228 39.0992 60.2496 1.4753
229 55.0555 24.7229 -1.69801
230 46.2465 85.7203 -0.488576
231 31.1527 39.2272 0.761463
232 11.1294 1.63277 0.326103
233 29.0405 58.982 1.26764
234 27.3221 55.0567 2.01772
235 37.2206 20.3857 2.28665
236 56.552 19.3666 -2.46473
237 28.6748 45.0663 1.94508
238 35.1313 19.4055 2.3463
239 29.1077 21.9271 1.41918
240 64.6274 24.4018 -2.52545
241 31.2073 42.3653 1.21863
242 51.2571 27.3421 -2.45941
243 36.8998 35.1779 1.56884
244 1.15203 99.9937 0.576028
245 51.1727 27.4745 -1.98702
246 56.2609 10.3818 -2.4253
247 42.6358 89.0994 -1.18277
248 30.5352 24.3076 2.10729
249 28.0426 49.0335 1.44543
250 91.9483 87.6544 -0.261061
251 23.2461 46.4893 1.6868
252 95.399 99.65 0.18141
253 75.3447 94.6424 -0.789663
254 57.4711 6.63532 -2.39324
255 33.8067 44.9495 0.806322
256 52.0583 26.2621 -2.19948
257 54.4373 12.4745 -2.63095
258 59.3159 19.374 -2.5404
259 37.9389 21.9232 2.57768
260 28.7607 52.4666 2.02139
261 32.4944 24.459 1.49433
262 58.5778 24.6 -2.37667
263 30.0451 64.9148 2.0876
264 24.2455 42.2982 1.87645
265 33.1428 55.9594 1.62443
266 31.3785 56.9768 1.58476
267 31.1648 37.6967 1.37087
268 36.2272 8.82403 3.2615
269 91.7783 89.5341 0.209299
270 33.9366 26.0709 1.62843
271 38.3703 23.069 2.38224
272 39.5138 58.1274 1.19934
273 27.0165 55.6668 1.47256
274 31.3501 61.8478 1.21084
275 52.6575 20.3716 -1.80004
276 29.9144 52.6877 1.5319
277 40.2364 37.9176 0.877666
278 23.3606 36.7063 1.22154
279 52.7167 29.5614 -1.91136
280 32.2829 23.956 1.52735
281 52.5169 16.2945 -2.2532
282 33.952 21.0735 2.44219
283 36.2687 45.3153 1.52096
284 29.7679 45.433 1.61279
285 35.0481 36.3003 1.28298
286 42.5126 88.2535 -0.63066
287 51.1793 12.5308 -2.15227
288 64.1857 16.0238 -2.11072
289 26.7224 40.5711 1.2177
290 46.2171 18.9237 -1.86603
291 27.7419 37.134 0.837418
292 90.008 79.2947 2.20101
293 29.3793 62.1347 2.05579
294 35.5488 19.0382 1.96134
295 96.4674 1.3649 0.0324406
296 23.3649 61.3503 1.68543
297 59.8652 22.0676 -2.44127
298 28.0258 39.0453 1.3571
299 37.365 39.9552 1.2473
300 32.5918 57.4515 0.991761
301 33.5038 42.7321 1.31195
302 10.9493 53.9159 1.01867
303 51.481 15.7292 -2.0512
304 25.4973 33.4374 1.63334
305 27.398 48.0271 1.79812
306 92.2121 95.8598 0.371055
307 25.2737 44.1612 1.46248
308 33.164 24.7861 1.39903
309 30.3669 60.41 1.9777
310 94.7214 91.8107 0.25036
311 49.2509 84.6303 -1.27997
312 49.5839 28.6215 -1.75179
313 40.2778 46.6041 0.707989
314 58.7902 39.0432 -2.44837
315 50.3154 19.145 -2.27203
316 37.2026 35.7554 1.36788
317 33.138 28.0171 1.99191
318 64.4621 25.3366 -2.7138
319 32.8885 41.368 1.36014
320 34.6548 38.2415 1.50754
321 32.2137 12.0657 3.19557
322 35.999 36.8469 0.882419
323 31.8451 28.7856 1.12617
324 27.8177 45.5427 1.26999
325 54.6928 25.4017 -1.94365
326 56.4953 8.27702 -2.23463
327 31.0829 57.9942 1.70969
328 22.7106 63.0315 1.86657
329 61.2146 14.869 -1.95544
330 41.4412 44.4001 1.34815
331 74.0012 70.9853 -0.208513
332 61.0518 14.256 -1.8592
333 16.85 84.8623 -1.81584
334 28.001 18.1246 1.38049
335 35.7938 40.4029 0.686553
336 36.9254 38.4874 1.4926
337 29.4129 20.2988 2.01847
338 53.731 23.9211 -2.45744
339 53.346 9.97869 -2.02612
340 31.726 33.3515 0.816213
341 27.9061 26.2356 1.43235
342 30.165 34.06 1.62119
343 55.7402 29.4646 -1.76823
344 53.3892 16.8962 -1.76774
345 91.2205 76.5112 1.48421
346 48.4059 87.8 -0.828419
347 29.3804 53.6653 1.24188
348 28.9799 25.9835 1.38089
349 26.6589 48.6033 1.85509
350 51.8964 25.2662 -2.35797
351 57.8103 19.6627 -2.64708
352 26.2118 37.0335 1.71019
353 56.4973 69.5233 -1.67729
354 31.7136 55.0238 1.66035
355 59.4203 9.11347 -2.02025
356 62.8507 12.6788 -2.39312
357 78.6427 74.7594 -1.73672
358 34.39 27.2888 1.51639
359 27.4074 59.9291 1.14096
360 58.6756 35.7313 -2.24974
361 26.3133 53.6084 1.3397
362 33.5048 35.1797 1.30986
363 35.3931 56.6765 1.53214
364 24.7665 42.1314 1.05562
365 46.1434 23.9824 -1.70948
366 37.6106 34.8357 1.2855
367 42.9399 38.2204 1.13157
368 45.302 40.2086 1.26898
369 91.1027 74.6014 1.50864
370 66.7322 27.0158 -2.40838
371 34.4697 44.7678 0.766793
372 36.0744 19.1819 2.04982
373 39.1613 35.853 0.921957
374 25.2992 44.387 1.07712
375 44.6439 23.1801 -2.36848
376 37.8702 24.9223 1.79946
377 38.1045 43.3322 1.36347
378 46.9393 27.1429 -2.40165
379 38.6929 40.8131 1.58076
380 55.7332 22.1077 -2.59285
381 32.2199 52.4543 1.55056
382 33.5419 32.6792 1.38414
383 13.0124 32.21 -1.75384
384 27.3129 63.0405 1.46963
385 96.3866 93.2888 0.0217797
386 90.2742 95.691 0.335623
387 30.278 56.8615 1.52206
388 58.8892 24.0611 -2.05539
389 25.5453 55.9312 2.08762
390 27.627 37.2331 1.69467
391 32.4892 24.1776 2.34897
392 99.6366 58.5059 -0.222599
393 54.5723 27.4399 -1.7558
394 34.9537 35.4183 1.49746
395 33.9942 28.8065 1.90109
396 31.7352 10.8954 3.28016
397 36.1026 45.3302 0.817696
398 63.1694 6.59909 -2.12621
399 35.3087 46.58 1.59433
400 29.9298 21.1296 1.85454
401 23.7291 88.2564 -2.00578
402 34.5287 56.8652 1.87203
403 32.8944 32.1524 0.977698
404 33.6501 59.4071 1.82712
405 23.2213 37.3963 1.0091
406 43.5772 86.387 -0.722694
407 34.1643 34.6301 1.53912
408 38.8055 35.3788 1.35935
409 39.0894 38.0293 1.43387
410 29.1561 21.6786 2.37156
411 69.8971 45.7141 -2.56408
412 36.9674 55.3349 1.81637
413 33.0037 24.1522 2.01268
414 52.5062 24.7355 -1.96754
415 90.0537 79.1695 1.44558
416 22.7263 59.2398 1.61991
417 31.0152 23.8848 1.94977
418 32.0938 37.9928 1.00147
419 26.4572 10.2665 2.64989
420 28.5616 59.263 1.39276
421 27.4493 34.9674 1.69733
422 35.3303 24.2159 1.59451
423 37.8797 36.1441 1.42207
424 62.7807 41.9651 -2.86393
425 35.987 31.4707 1.17169
426 38.1286 42.3105 1.01274
427 24.0543 45.9945 1.0836
428 50.8632 23.9152 -1.84122
429 55.1644 24.309 -2.18275
430 0.98012 3.96842 0.293533
431 45.6951 25.3479 -2.35844
432 58.5098 17.8891 -2.65878
433 39.0104 43.6187 1.04883
434 49.0779 10.35 -2.06844
435 20.8897 40.5005 1.57999
436 60.7589 24.1949 -1.97258
437 29.3382 57.8445 1.53039
438 26.9544 13.9648 1.39667
439 40.5967 39.2891 0.782784
440 34.9088 49.3705 1.55457
441 42.8803 76.1915 -1.60851
442 33.961 36.1514 1.06605
443 29.9656 56.06 1.66951
444 49.9777 25.8603 -2.29815
445 24.9282 50.6885 1.33881
446 44.6889 83.6537 -0.439219
447 46.2202 89.6782 -1.12804
448 67.6893 42.8611 -2.25608
449 31.2132 45.1317 1.61887
450 31.5588 26.8739 1.4481
451 34.1951 56.1616 1.4267
452 26.6167 47.0692 1.52462
453 55.6246 22.2987 -2.48773
454 42.213 35.1642 1.20949
455 19.4397 91.931 -1.37839
456 28.0827 19.9331 2.16078
457 36.5553 19.1978 2.22962
458 62.2064 22.7237 -1.89865
459 30.2872 97.8867 -2.16075
460 26.7009 53.5189 1.58385
461 57.1658 66.7983 -2.09395
462 51.3168 27.4767 -2.20306
463 38.3008 24.5195 2.46417
464 53.3588 32.7093 -1.89374
465 33.1635 27.3188 1.74649
466 54.7456 27.5497 -2.21012
467 36.0981 37.4883 0.810484
468 25.2058 56.7694 1.30649
469 57.4647 22.1531 -1.98991
470 27.0462 34.4078 1.6252
471 52.2118 27.099 -1.54127
472 50.084 28.9373 -1.61547
473 40.7085 35.5006 0.642728
474 65.2742 41.5465 -2.72151
475 45.2761 86.2663 -1.00817
476 73.2277 72.0812 -0.617741
477 36.0418 59.6513 1.75311
478 10.3958 5.17608 0.499715
479 93.0816 77.0604 2.24848
480 35.4939 18.693 2.7465
481 23.6884 60.0549 1.35974
482 31.4546 53.116 1.46741
483 32.2656 29.8624 1.26675
484 6.08285 59.0686 1.40619
485 10.2144 53.5587 1.19879
486 56.5921 20.8021 -2.35769
487 58.65 31.1474 -2.35617
488 34.5657 49.5659 1.52303
489 21.926 90.8781 -1.72414
490 95.5272 0.711342 0.658076
491 53.6756 13.9442 -1.81894
492 50.2265 26.2455 -2.31331
493 48.8527 15.5633 -2.69769
494 56.3386 9.82971 -2.42435
495 27.4388 60.0934 1.50016
496 34.402 41.579 0.78964
497 63.8055 38.0677 -2.24053
498 56.3609 24.2532 -1.81733
499 30.5467 94.4335 -2.14495
