500
Particles
0 55.0249 73.5926 1.24233
1 27.2112 74.5815 1.24042
2 20.4927 81.7285 1.59132
3 52.9393 84.7197 -0.185538
4 21.8639 56.4987 1.79681
5 21.5439 90.7506 2.13835
6 46.5156 70.4122 1.44033
7 26.3234 21.6933 1.15459
8 35.3704 88.6122 2.96601
9 37.2665 93.3098 2.83341
10 29.9747 91.96 3.18028
11 19.3875 16.9793 1.34884
12 50.0041 88.846 -1.86388
13 79.762 71.8805 -0.000432563
14 23.4036 58.5854 1.52853
15 37.0183 15.3064 -1.78012
16 36.3523 3.13475 -3.31353
17 20.2291 48.2035 1.78609
18 31.0175 72.0214 1.31788
19 95.0396 96.836 2.03202
20 53.557 84.8221 0.371653
21 43.7884 69.8933 1.6051
22 23.2991 97.719 2.39825
23 28.0666 53.6048 2.01478
24 81.0125 20.7671 2.57617
25 17.4697 96.0382 2.35832
26 22.7055 90.084 2.43765
27 17.5296 9.48949 2.02338
28 56.406 75.8834 0.869265
29 23.3855 50.3828 1.6496
30 22.1593 85.2112 2.13633
31 20.239 0.535631 2.90325
32 53.8652 82.4375 0.328284
33 23.6561 80.5374 2.11431
34 23.0394 97.8413 2.62029
35 38.4881 86.1725 2.32823
36 16.5731 20.694 1.20306
37 45.3406 76.4499 1.13286
38 6.83788 90.5399 2.25385
39 20.5002 54.3343 1.71613
40 25.2129 94.9621 2.65733
41 82.3904 76.3467 -0.175244
42 30.8773 95.6065 2.56008
43 81.9667 11.6814 2.88663
44 29.0813 79.5074 1.56414
45 34.5276 0.496758 -3.3919
46 23.1856 0.79645 2.60005
47 5.22746 18.1238 0.0487094
48 26.1528 96.856 2.97396
49 18.2863 90.4862 2.70586
50 43.2253 86.9602 2.39773
51 25.2705 0.996634 2.51417
52 79.4951 17.4676 2.82867
53 16.5806 19.6563 1.91794
54 29.5475 59.3968 2.12614
55 11.652 0.639278 1.92395
56 31.1867 61.351 1.32387
57 30.0632 89.9004 2.95246
58 29.578 64.8077 2.11699
59 14.2257 93.5268 2.82201
60 38.8022 79.8854 1.82802
61 29.5339 95.2288 3.1935
62 34.4252 86.9598 2.66966
63 25.3637 70.0752 2.00383
64 41.7991 76.1895 1.35589
65 9.16965 1.98468 2.10894
66 39.1035 83.2333 2.29122
67 40.0538 84.5573 2.91306
68 5.6283 99.0781 1.48963
69 33.9336 87.7641 2.45568
70 45.2923 73.3671 1.7799
71 20.6675 95.5414 2.09683
72 38.9443 78.7455 2.04917
73 49.5874 75.388 1.55431
74 27.2628 88.8807 3.04265
75 64.0202 33.454 -0.47902
76 30.4503 89.1125 2.40037
77 44.2527 73.362 1.25009
78 21.547 85.1358 1.91112
79 31.0574 67.3075 1.23631
80 26.2202 91.9177 2.76103
81 37.8874 82.2448 2.15603
82 98.8035 94.663 1.53554
83 26.4937 64.2569 1.53148
84 17.4323 1.20759 2.31779
85 24.9268 92.0618 2.31743
86 27.1881 92.3717 2.85942
87 100.009 94.7683 1.32416
88 95.0217 96.8092 1.37042
89 25.5738 90.3474 2.89806
90 63.2707 29.1255 -1.28701
91 18.3924 0.800893 2.64258
92 99.8926 93.9771 1.49184
93 27.4328 61.3951 2.12223
94 27.6105 95.0157 2.15603
95 53.9544 79.5322 0.638275
96 40.568 73.8564 1.68986
97 46.9521 77.708 1.34561
98 24.4709 90.0954 2.79447
99 61.2337 79.2189 0.0120576
100 80.7358 17.1639 2.80666
101 32.673 72.7617 1.44277
102 31.1441 93.4134 2.6925
103 22.0153 94.3746 2.09739
104 26.8978 98.2147 2.8013
105 60.2729 28.7864 -0.962793
106 32.2872 61.9339 1.75858
107 55.7328 75.6006 0.971106
108 25.9683 0.504554 3.28577
109 34.5985 64.3981 1.18835
110 79.2387 90.7814 -0.77262
111 46.3513 75.6751 1.04917
112 54.4928 83.708 0.378332
113 49.1288 70.3801 1.33377
114 43.6771 25.4513 -0.985494
115 46.7851 82.9845 1.30807
116 27.804 85.4481 2.68703
117 17.2649 98.0395 2.79114
118 50.0734 86.9791 -1.60163
119 28.7171 60.2245 2.034
120 18.4477 95.9713 2.43546
121 37.751 88.3379 2.72266
122 26.0477 95.2546 2.55946
123 28.8162 71.6092 1.6769
124 74.5854 71.0757 -0.712423
125 9.82882 100.165 2.12232
126 32.3539 6.67263 -2.7389
127 77.9907 74.4021 -0.0683092
128 80.5576 20.8865 3.0307
129 55.2952 70.1531 1.28805
130 60.2472 77.7715 0.428125
131 29.1962 92.5998 2.75082
132 6.18607 47.468 -1.05413
133 6.10389 53.5478 -0.838173
134 18.6035 89.4114 2.08865
135 49.2007 74.7736 1.52948
136 26.1322 88.4625 2.77569
137 47.0989 74.9 1.05058
138 28.4253 94.1567 2.91415
139 21.0154 96.7937 2.4333
140 32.2196 93.5882 2.94561
141 11.9238 1.78948 1.98853
142 28.8985 64.4151 2.06607
143 36.4419 0.118182 -3.0105
144 44.6233 78.0661 1.83678
145 53.6703 72.1844 1.40244
146 59.1651 76.3074 0.110981
147 19.5916 79.3944 1.60058
148 59.2639 78.2291 0.834859
149 38.7473 82.4475 1.85906
150 31.794 93.7629 2.93326
151 53.1511 81.4829 0.761771
152 28.6882 89.157 2.78559
153 25.3428 98.7132 2.94833
154 36.4901 1.44467 -2.80092
155 7.31777 54.3064 -0.213222
156 38.8448 88.7541 2.52162
157 29.3601 1.43101 3.08815
158 21.2269 91.4026 2.84619
159 35.5005 11.9927 -1.26954
160 23.0361 84.1237 1.84079
161 33.5027 7.57835 -1.65431
162 40.9402 89.4791 3.24865
163 6.19016 97.5646 2.06214
164 75.5159 59.1105 -1.24106
165 38.9213 85.9282 2.30173
166 1.86757 97.4017 1.39704
167 50.354 77.6819 1.52655
168 31.7917 71.0323 1.92546
169 85.2583 16.4973 2.91221
170 23.3747 77.3021 1.2937
171 45.4974 70.2939 1.73631
172 53.4849 73.3264 1.70725
173 33.157 92.9486 3.32105
174 21.0985 90.2436 2.18164
175 18.5483 1.67059 2.92178
176 35.7976 16.1986 -2.0546
177 22.9822 94.1514 2.5096
178 84.4876 16.5719 2.54172
179 55.2118 75.9145 1.41022
180 48.4301 71.6509 1.98766
181 37.0433 94.5715 3.05362
182 32.6121 61.9125 2.10678
183 65.1014 81.8691 0.0713328
184 3.74256 94.4349 1.7928
185 2.98474 55.2477 -0.2802
186 27.3989 95.7926 2.25751
187 52.9452 83.7014 0.745182
188 23.3325 65.0039 1.7572
189 23.5492 85.4422 2.41287
190 19.4576 89.0129 2.80686
191 44.1022 79.8104 1.22054
192 27.1088 90.9613 2.80076
193 21.8563 100.201 2.57321
194 24.1781 90.1731 2.58647
195 43.7034 72.0051 1.25117
196 20.0982 91.933 2.49445
197 27.694 92.8173 2.76017
198 99.3003 94.1464 1.82524
199 21.0975 91.2413 2.25326
200 46.5653 73.2221 1.80866
201 18.3505 51.0714 2.04934
202 79.0697 18.7725 2.51641
203 33.675 9.95524 -1.70484
204 22.6712 89.8186 2.85104
205 50.4719 75.8745 1.71071
206 24.7128 94.7265 2.86976
207 16.125 96.2227 2.42513
208 7.76135 96.1645 2.24444
209 55.3404 84.9732 0.317084
210 34.9833 75.7995 1.2117
211 25.2859 95.4768 2.95959
212 5.97185 49.4361 -1.11255
213 57.2977 81.0772 0.529974
214 24.4843 66.0913 1.89973
215 51.8101 72.0388 1.36342
216 33.3611 3.39288 -3.05783
217 45.9558 69.4369 1.40981
218 27.9861 5.21978 2.86364
219 21.2554 47.5177 2.38943
220 49.3145 76.0623 1.3952
221 26.8316 2.50763 2.56424
222 44.5964 77.0914 1.63674
223 61.1161 35.6228 -0.531165
224 54.5386 84.3557 0.509894
225 20.6787 17.7151 1.13641
226 35.2818 93.8035 3.16002
227 27.4113 96.7978 2.33634
228 28.4131 91.4052 3.0216
229 31.9611 96.8326 3.06978
230 80.3143 73.862 -0.132239
231 40.3023 77.3876 1.63206
232 18.5953 0.661327 2.75022
233 21.3154 95.637 2.71515
234 18.0997 92.1194 3.00449
235 31.4755 58.7743 1.49979
236 34.1238 90.4002 3.01329
237 24.9502 84.3735 2.19136
238 28.3778 57.4239 2.10746
239 23.417 60.487 1.08643
240 46.5213 89.6733 -2.12808
241 31.673 81.4728 2.04387
242 27.8529 0.226956 3.14171
243 48.0866 72.3534 1.17221
244 34.6084 7.54417 -1.91233
245 26.3506 0.641841 2.51718
246 28.7998 93.7199 3.1771
247 77.287 77.5834 -0.176301
248 26.6855 62.8723 2.09556
249 25.5394 87.6507 2.29638
250 14.5483 11.9124 0.926558
251 20.1315 84.8643 1.98285
252 25.0119 20.085 1.04105
253 79.8695 15.5754 2.86345
254 28.5764 91.506 2.4887
255 39.6485 83.0653 2.40109
256 29.1593 99.0731 2.81705
257 28.9847 94.4337 2.70001
258 37.5941 89.9712 2.53518
259 35.1918 61.406 1.89602
260 22.5589 90.5647 2.28312
261 29.1481 63.6578 1.24085
262 33.7365 97.4577 2.87326
263 19.0593 99.6903 2.76311
264 22.5543 81.0035 1.74026
265 26.7324 91.6213 2.7631
266 23.5378 93.3043 2.08406
267 40.9091 75.8542 1.7387
268 20.7545 98.5997 2.84017
269 16.2341 11.0871 1.17124
270 30.5967 64.6612 1.47187
271 33.3734 61.3318 1.96874
272 56.7168 81.0697 0.602124
273 19.2767 93.5315 2.15357
274 21.7071 96.9853 3.00606
275 30.2879 94.8428 3.1649
276 23.0885 90.5222 2.60759
277 53.5635 74.6191 0.967269
278 26.0876 75.2945 1.6419
279 28.2575 1.40144 2.89166
280 29.3627 62.8933 1.48536
281 28.5811 95.8172 2.57026
282 28.213 59.9246 1.45039
283 48.2919 82.4526 1.37361
284 30.6528 84.0562 2.68067
285 46.3061 73.867 1.29931
286 76.6818 76.3001 -0.0658339
287 26.5832 94.7705 2.42499
288 62.5128 81.6063 -0.294763
289 26.7508 79.3571 1.78778
290 23.3262 98.7271 2.89335
291 29.1119 76.0034 1.02459
292 85.3193 13.794 3.49197
293 21.1351 98.2599 2.95427
294 29.2403 57.6368 1.92227
295 29.9642 11.3107 -1.6515
296 6.55465 95.0733 1.41712
297 34.4173 96.1175 3.1786
298 31.0917 77.8707 1.67623
299 46.442 78.24 1.26325
300 24.5555 93.2465 3.0601
301 40.3944 80.9646 1.8018
302 9.43782 87.6535 1.90054
303 28.2299 96.198 2.24045
304 25.6988 72.2444 1.85783
305 22.5 86.3741 2.25331
306 20.0909 18.4316 1.55672
307 22.6841 83.1903 2.16887
308 30.1796 64.0533 1.82055
309 19.6541 96.9646 2.97535
310 21.7635 17.2635 1.44214
311 84.252 72.2153 -0.548787
312 25.6067 0.794951 2.62136
313 54.872 80.8404 0.56019
314 33.0098 12.0899 -1.89614
315 26.5139 97.8728 2.92965
316 49.5751 72.8103 1.05613
317 30.6398 67.0789 1.76356
318 49.4691 90.0482 -1.32511
319 44.6976 78.8202 1.78624
320 46.4985 75.5236 1.60456
321 20.5203 47.393 2.30025
322 47.5856 74.0078 1.9837
323 29.5015 67.7049 1.88434
324 26.5664 83.875 2.41999
325 32.5806 97.2115 2.44361
326 28.8904 91.9945 2.8577
327 23.3255 94.0874 2.98283
328 3.75515 95.154 1.53887
329 57.6688 81.8773 0.173188
330 53.4855 80.1448 0.174882
331 95.4894 49.1534 -2.61293
332 56.8348 81.9597 0.348784
333 96.4508 93.5 1.25284
334 23.258 56.5601 1.37251
335 46.3324 78.0518 1.38431
336 47.594 75.6698 1.81549
337 24.66 58.9732 1.38031
338 30.8466 97.4052 2.57426
339 27.0783 94.1641 2.46885
340 39.0798 71.7973 1.90339
341 24.2575 64.6093 1.51822
342 34.5647 72.416 1.73702
343 31.2007 1.89722 2.83474
344 29.8317 94.2907 3.11014
345 83.6474 9.56151 3.31693
346 83.9616 77.8949 0.252193
347 21.865 91.1645 2.64055
348 23.981 64.4802 1.68372
349 21.3857 86.9531 2.37313
350 27.2367 0.495986 2.8289
351 37.98 90.3351 2.59505
352 27.091 75.888 1.6751
353 63.2858 31.3823 -1.41744
354 25.9988 91.2243 2.99501
355 31.6183 90.792 2.81673
356 60.3298 80.4441 -0.168186
357 9.54024 56.3078 -1.15279
358 32.8506 66.5516 1.33526
359 18.8454 97.8054 2.05148
360 37.3317 7.31936 -1.63497
361 16.5963 90.6335 2.45343
362 43.2776 73.5224 1.32304
363 27.8735 91.7293 2.568
364 23.5762 81.3182 1.87147
365 22.6611 1.463 2.5477
366 47.6002 72.2486 1.55855
367 50.0339 76.5654 1.84187
368 58.8164 76.3628 0.394126
369 83.8569 7.21262 3.25203
370 53.4104 92.0883 -1.95047
371 40.497 83.1411 2.57744
372 31.8282 57.6799 1.70173
373 48.15 74.0653 1.96612
374 22.7124 83.4479 2.36824
375 20.4984 1.77594 2.69784
376 36.9096 64.2117 1.8506
377 51.9067 79.8362 0.590756
378 22.9185 0.669639 3.16899
379 49.4927 78.4046 0.976819
380 30.9612 94.9978 3.081
381 25.3773 89.3026 2.0255
382 43.6246 70.4619 1.57693
383 88.3183 25.8675 3.24275
384 17.5787 98.9967 2.78875
385 23.3889 17.0677 1.30215
386 15.7921 20.4312 1.251
387 21.7351 93.5131 2.22293
388 34.0514 96.3432 2.89461
389 15.6684 93.7158 2.8144
390 32.0987 75.6796 1.65811
391 29.3726 63.3749 1.68446
392 1.18271 84.0811 1.73998
393 30.0812 0.688879 2.99373
394 45.1157 73.1044 1.42839
395 33.5224 67.9954 2.05812
396 21.2221 45.7634 1.82359
397 45.9566 83.5119 1.80437
398 57.8932 80.0786 0.38285
399 36.6889 85.4025 2.24071
400 24.5434 59.9618 1.4584
401 3.58455 97.6737 1.44434
402 27.1752 92.4595 2.99234
403 41.9348 70.3733 1.25548
404 24.953 94.8258 2.93471
405 26.3119 75.7212 1.2918
406 77.6417 73.3066 0.0124366
407 44.9986 72.2107 1.83378
408 50.6986 72.5767 1.70303
409 50.0814 75.2172 1.82795
410 22.687 60.0309 1.86458
411 44.5589 24.2699 -1.42651
412 33.6267 88.7004 2.68936
413 27.7662 62.8908 1.28917
414 28.8229 98.9913 2.84076
415 83.3645 12.7027 3.17282
416 5.95057 93.4803 1.60398
417 25.7514 62.4826 1.91927
418 37.7059 76.8488 1.34177
419 91.7454 24.9219 2.94719
420 18.9485 96.3529 2.16519
421 31.2029 73.0847 1.26995
422 30.9102 63.03 1.29957
423 47.8993 73.9037 1.58522
424 35.634 14.8014 -1.72966
425 46.0084 68.993 1.66578
426 49.8192 80.222 1.25079
427 16.9795 84.2767 2.1493
428 27.435 99.1118 2.6291
429 31.968 97.3169 2.84225
430 35.004 7.61078 -1.83092
431 22.013 1.78728 2.64777
432 41.4129 86.8251 2.6459
433 54.8086 79.1659 0.856941
434 23.502 96.2213 2.43824
435 20.7643 79.6018 1.48259
436 36.6099 95.5885 2.94422
437 21.9255 95.1555 2.17419
438 20.9636 52.046 1.6368
439 50.0553 77.0635 0.868976
440 29.5118 86.9281 2.0038
441 75.5308 70.4048 -0.319882
442 45.2675 73.685 1.69873
443 24.6137 91.7112 3.06097
444 25.1208 0.668793 2.68251
445 19.4652 88.4855 2.18525
446 78.1421 69.0633 0.23461
447 80.6293 76.5891 -0.431533
448 35.6246 21.2512 -2.1708
449 29.7846 83.8015 2.18731
450 28.7512 66.012 1.33484
451 26.5237 92.242 2.47028
452 20.4301 85.9904 1.73687
453 32.889 94.6048 2.494
454 54.0045 71.3473 0.964436
455 99.4129 98.6257 1.66189
456 18.6108 57.705 1.38597
457 31.2993 58.1072 2.01304
458 44.9666 87.6766 -2.93848
459 15.7894 5.70168 1.7293
460 19.0425 90.9018 2.85937
461 63.2333 29.567 -0.664095
462 26.7507 0.41013 3.30553
463 33.7514 63.5578 1.95137
464 29.4035 4.92236 -3.52313
465 29.6775 66.2809 1.62097
466 31.8713 99.6435 3.10921
467 47.6799 74.7612 1.2814
468 15.8037 93.8596 2.64043
469 37.3384 91.8985 2.88242
470 27.8293 72.9904 1.7977
471 27.5745 0.908547 2.66158
472 26.3369 0.958301 3.37618
473 50.2266 73.1428 1.78768
474 37.7628 16.2147 -1.17466
475 79.383 72.8516 0.0398217
476 8.0736 56.0607 -1.16708
477 27.2096 93.3174 2.6658
478 18.423 2.68741 2.09526
479 87.4418 10.1596 -2.69198
480 31.5213 56.6316 2.1834
481 7.55076 94.9037 1.53252
482 26.561 90.1172 2.86868
483 29.9888 69.1501 1.15658
484 1.41399 89.8944 1.46393
485 9.31666 86.6346 1.95135
486 34.4418 92.8708 2.93478
487 32.9569 3.1359 -2.36397
488 36.4382 86.8227 2.20231
489 2.63073 97.8611 1.47895
490 25.623 20.3369 1.39914
491 29.4171 94.214 2.91883
492 25.5055 0.763492 2.47317
493 25.6278 97.6227 2.4014
494 29.0418 93.9629 2.2338
495 18.7561 96.2664 3.02863
496 44.3284 79.6707 1.18902
497 36.7618 11.8431 -1.2046
498 34.0231 94.8708 3.08658
499 14.2276 4.1227 2.29165
