500
Particles
0 22.3162 8.69598 -0.292916
1 51.3586 84.4961 -1.17501
2 86.6462 27.8479 -2.3893
3 99.602 8.17756 0.504543
4 50.8113 76.4482 -1.18116
5 80.3927 57.5591 2.1527
6 97.5774 71.8775 -1.35608
7 42.5895 58.8719 -1.27408
8 76.2267 22.6498 -1.90772
9 69.1616 30.2903 -1.2232
10 66.9505 73.229 -0.793831
11 86.0921 80.4863 -1.02361
12 64.2856 73.0408 -0.224084
13 14.7151 42.9639 2.56268
14 53.5542 50.645 0.31951
15 76.9953 66.4731 1.10338
16 1.12631 8.79723 -0.00566819
17 32.1445 38.6306 3.1977
18 54.79 73.2101 -1.09073
19 48.7391 92.5996 -1.98815
20 30.8711 68.9934 -1.57208
21 -0.127059 74.0463 -3.03194
22 61.7273 89.9038 -1.19241
23 35.1978 43.2874 2.62348
24 25.6322 99.4662 -2.12024
25 89.7597 73.3 -0.610562
26 80.0087 71.0044 0.631224
27 45.8237 56.5218 -1.20259
28 18.8309 12.2085 -0.0977961
29 1.54254 12.3877 -0.118102
30 73.6948 3.68765 -1.17801
31 49.8102 0.921683 -1.17251
32 31.2249 65.1019 -1.74887
33 85.7776 24.521 -2.53647
34 27.1424 66.7787 -1.55255
35 19.6436 8.63875 -0.728904
36 7.96411 87.4895 1.9829
37 65.7331 55.7392 0.85537
38 91.1992 24.7813 -2.78591
39 50.9133 93.0277 -0.989275
40 90.6543 28.1129 -3.13284
41 17.1281 46.0688 2.91848
42 67.182 31.1143 -1.40913
43 75.4783 79.6877 -1.46293
44 56.2474 99.4659 -1.0542
45 68.143 35.2335 -0.722374
46 23.5451 14.1742 0.0498134
47 4.43211 93.4011 2.45329
48 73.752 21.2362 -2.4931
49 88.3502 68.1606 -0.0323654
50 82.6204 22.6933 -2.38961
51 25.2268 16.6695 -0.682268
52 97.9067 66.7539 -2.09728
53 11.3096 88.1122 2.85618
54 70.5905 74.7357 -0.93227
55 49.5573 58.1352 -0.705071
56 27.254 64.1984 -1.63809
57 89.6538 3.48554 0.155443
58 32.3567 54.7076 -1.85752
59 93.4547 75.154 -0.839114
60 63.052 57.6524 0.519948
61 67.305 26.4034 -1.39519
62 19.426 14.9021 -0.60581
63 50.2171 83.1983 -1.12624
64 54.3847 83.928 -0.957805
65 2.55482 55.4007 -2.98489
66 60.735 76.1092 -0.975443
67 29.4631 6.0415 -1.26951
68 1.61166 53.2459 -3.22021
69 22.2361 18.1203 -0.533041
70 95.6055 74.3118 -1.60318
71 25.8413 80.3976 -1.91823
72 58.1151 74.8713 -0.14424
73 55.8566 13.0142 -1.49598
74 92.8376 48.7163 -3.26409
75 11.7279 28.816 -1.81104
76 19.8655 20.3354 -0.953898
77 57.7215 71.9578 -0.577187
78 59.5885 95.2273 -1.79401
79 77.2579 46.8737 2.77415
80 18.0912 16.5743 -0.270892
81 62.4276 63.6806 -1.00774
82 21.2433 67.5501 -1.82637
83 53.2717 66.319 0.462598
84 37.0234 38.3018 2.98761
85 13.3384 64.4451 2.82745
86 14.5664 25.5556 -1.58516
87 0.65279 44.6802 -2.71711
88 97.7805 64.546 -2.60096
89 78.9992 71.6231 0.856506
90 81.9886 69.7236 0.956051
91 50.1625 0.72994 -0.511236
92 48.5754 57.5083 -1.23066
93 28.0344 56.6575 -2.26403
94 28.1245 86.4718 -1.51386
95 19.5148 12.5422 -0.663075
96 73.2426 48.8061 1.92325
97 69.8851 54.6989 1.974
98 79.3405 73.2957 0.901981
99 95.7924 4.47166 -0.0614216
100 98.6156 65.3211 -2.721
101 56.7067 55.4336 0.715712
102 76.594 23.8753 -2.71092
103 9.01758 74.1983 -3.06449
104 25.4133 10.3483 0.321619
105 81.0844 70.9499 0.733521
106 25.6283 66.9829 -0.908938
107 60.5944 16.6779 -2.00615
108 31.3587 17.7564 -0.553495
109 69.2619 19.1169 -1.9557
110 75.6733 6.76529 -1.51039
111 73.5585 52.687 1.81316
112 83.8045 21.0838 -2.43632
113 28.64 44.5356 2.82533
114 75.1666 69.8713 1.20571
115 51.1907 14.6953 -2.09388
116 63.2707 66.546 -0.630854
117 77.8366 71.8032 0.59779
118 1.76398 8.45252 0.708363
119 33.3532 51.1302 -2.85988
120 81.666 64.6117 1.06178
121 43.7702 92.1827 -1.49443
122 27.2712 85.7205 -0.751613
123 56.0005 65.9235 -0.726495
124 4.69732 51.6302 2.70425
125 97.4423 63.4718 -2.40053
126 53.5287 8.75933 -1.51588
127 3.37542 58.0457 -3.3727
128 24.0938 98.1941 -2.45141
129 25.7834 9.50158 -0.371563
130 22.7925 17.7635 -0.155194
131 65.0818 71.9907 -0.721379
132 83.2194 77.5536 -0.511826
133 82.5619 77.1115 -0.0783876
134 96.0246 77.6538 -1.01399
135 99.3793 76.0189 -3.21338
136 7.12056 90.3535 2.44161
137 99.5473 77.7282 -0.975771
138 35.4601 94.4075 -1.03151
139 14.3422 17.5112 -0.0988241
140 77.222 25.1546 -1.70113
141 97.1643 64.7567 -2.66076
142 97.4209 68.6714 -2.03183
143 72.4821 33.5063 -1.26196
144 69.3882 55.271 1.09692
145 61.2534 14.9679 -2.61233
146 21.0867 15.2194 -0.59851
147 88.2183 24.5118 -3.03227
148 21.9976 13.5151 0.101446
149 69.067 57.7559 1.10018
150 33.3149 12.9774 0.0762778
151 17.9811 12.2299 -0.272717
152 43.0954 86.1774 -0.908896
153 23.2485 9.89733 0.206858
154 74.9325 33.4539 -1.27493
155 85.706 88.7445 -2.21725
156 74.5362 25.3537 -1.67013
157 60.3113 35.5815 -0.352844
158 96.9695 84.3746 -0.971262
159 67.859 72.0476 -0.390393
160 58.0717 4.29812 -0.882666
161 43.0668 96.3859 -1.60828
162 80.7351 25.7064 -2.10388
163 4.29585 47.5995 3.0464
164 3.26789 65.1453 -2.51726
165 18.8305 9.72076 -0.356189
166 0.124546 52.4858 -2.68406
167 4.34941 72.9927 -3.39479
168 54.0265 82.087 -0.624811
169 80.3644 2.81259 -1.31572
170 84.599 23.6675 -2.92802
171 77.5795 48.2389 2.29092
172 56.035 16.0934 -2.5925
173 73.1649 26.9369 -1.76827
174 75.5223 58.836 2.23133
175 48.3435 4.35101 -0.677954
176 73.7626 67.2681 0.597162
177 13.213 66.0064 2.48261
178 37.441 45.4761 2.4585
179 19.7146 11.6759 -0.443184
180 26.5402 47.9684 2.80293
181 76.6295 29.2176 -0.945987
182 29.3077 60.1673 -1.91921
183 57.139 36.9815 -0.197724
184 81.9751 63.8112 1.11731
185 15.9855 38.058 2.93743
186 27.4609 87.1944 -1.0373
187 81.5316 22.2359 -2.03775
188 49.3488 80.8448 -1.02828
189 62.3662 98.9613 -2.38129
190 62.5696 75.2148 -0.450853
191 74.7212 54.3186 2.37851
192 20.9613 96.1719 -2.71975
193 67.032 23.7411 -0.70716
194 84.3803 95.7437 -0.634864
195 57.2257 70.2492 -0.444547
196 97.1107 79.9929 -1.22042
197 15.7956 23.6812 -0.848473
198 26.9792 72.5068 -0.545226
199 99.8353 81.4786 -1.56267
200 3.18558 71.197 -2.76377
201 47.7778 92.076 -1.10478
202 49.5751 67.7747 0.454962
203 27.4641 19.4816 0.0338922
204 83.791 55.8029 2.65666
205 61.0631 15.5996 -2.11304
206 98.1784 14.7225 -3.14216
207 92.59 76.6577 -0.532648
208 78.3358 67.3687 1.34813
209 68.1874 67.7127 -0.0267579
210 61.487 55.6665 -0.0319748
211 64.0368 79.5171 -0.82311
212 82.0777 79.0698 -0.975881
213 21.5842 16.9618 -0.607118
214 54.1892 62.9821 0.137439
215 22.5372 52.6816 3.09173
216 69.8822 38.1492 -0.407959
217 1.61779 71.7947 -3.11968
218 56.3231 35.201 -0.203296
219 19.2349 33.8132 -2.8082
220 9.20122 62.6708 2.10337
221 32.7661 20.8311 -0.381378
222 63.3463 57.2845 0.477079
223 97.0129 19.2634 -2.54229
224 98.9101 6.07418 0.290231
225 39.1241 56.0481 -1.53143
226 66.4163 31.3841 -1.32327
227 76.7372 21.8681 -1.98975
228 19.6237 24.8181 -0.993998
229 34.9635 17.046 -0.689419
230 11.0175 46.3886 2.44984
231 59.6175 67.9757 -0.710128
232 46.5228 96.8621 -1.2657
233 14.4076 50.4095 2.87382
234 94.5426 79.1034 -0.583359
235 26.8941 62.7575 -0.979266
236 78.6088 24.9892 -2.71962
237 59.9955 96.725 -1.34731
238 37.0105 48.3033 2.74539
239 50.6482 78.328 -1.00142
240 69.4398 62.4613 1.15656
241 56.9979 85.3655 -1.13712
242 26.8006 16.7427 -0.370158
243 1.40724 72.971 -2.66499
244 39.362 91.6719 -1.34226
245 27.5881 15.7387 -0.190377
246 34.7077 85.0835 -0.116885
247 5.95074 55.0855 2.99119
248 57.6158 49.7628 0.383331
249 76.9109 55.1005 2.09859
250 11.2218 27.602 -1.77992
251 92.43 21.103 -2.54517
252 38.3751 60.9019 -0.695813
253 20.1122 36.7341 -2.67506
254 64.6116 0.360082 -1.61948
255 65.5817 60.5913 -0.342893
256 30.332 16.2257 -0.470226
257 31.3928 86.4958 -0.661562
258 81.6927 23.9066 -2.83706
259 27.8299 68.0646 -1.01071
260 0.661362 79.5413 -2.95354
261 27.489 42.4476 -2.48291
262 72.4159 31.564 -1.35358
263 8.63328 64.9761 3.04895
264 78.7295 12.5112 -2.69341
265 14.3765 50.7464 2.95229
266 8.47378 0.0240995 -0.269584
267 56.3272 84.1262 -1.25068
268 72.2916 1.30134 -0.696043
269 99.3236 85.3367 -1.29047
270 26.3827 59.3452 -1.51642
271 27.4778 62.853 -1.59495
272 19.4604 24.1855 -0.98693
273 96.3331 79.1224 -0.798668
274 4.50782 81.8628 -3.12921
275 35.6141 13.3518 -0.154456
276 81.5711 73.0997 0.0374175
277 59.2091 14.8687 -2.21241
278 85.6866 18.569 -2.28473
279 35.371 23.5927 -0.867293
280 75.1194 42.8677 2.79023
281 53.5823 8.86061 -0.917589
282 34.4979 40.6466 2.35751
283 0.24067 79.0412 -2.01856
284 58.1622 86.8821 -1.8455
285 80.4956 48.5655 2.98117
286 5.36185 50.482 3.23263
287 31.775 86.7817 -0.556654
288 97.644 5.70131 0.221849
289 91.6738 17.0715 -3.3708
290 70.3941 24.001 -1.72268
291 52.0073 88.3088 -0.871514
292 78.9528 1.15035 -1.542
293 9.7406 69.6565 3.3614
294 72.9517 77.0743 -2.14735
295 40.8864 63.1252 -1.46865
296 77.7693 67.5459 1.19849
297 71.2772 29.7824 -1.31382
298 54.7405 2.9246 -1.49878
299 93.6517 73.5481 -1.21863
300 11.0339 62.1391 2.43404
301 62.4091 63.2676 -1.00706
302 89.414 26.4219 -2.97465
303 78.0267 19.0368 -2.76866
304 54.8248 80.0459 -1.36847
305 60.8186 73.7187 -0.865939
306 9.74142 93.0498 2.77809
307 57.5816 0.799328 -1.41434
308 30.1286 46.282 3.17649
309 3.36383 100.457 1.26763
310 42.1177 51.427 1.91395
311 2.19989 93.7237 2.38477
312 24.2986 14.5273 -0.317256
313 14.9179 13.5512 -0.672846
314 3.7291 8.52186 0.675092
315 73.8792 24.6706 -1.82342
316 98.6833 73.9676 -2.08186
317 95.2297 67.8247 -2.02774
318 71.157 65.9157 0.369747
319 82.6402 52.0377 2.2611
320 60.2544 66.3546 -0.834153
321 4.6803 91.8123 3.20165
322 72.8401 51.9575 2.47375
323 78.02 46.0391 2.24873
324 58.0654 5.75833 -1.13651
325 63.1733 33.7354 -0.266823
326 93.5365 4.35409 0.0709671
327 13.2499 16.735 -0.418904
328 78.7058 67.2278 0.920846
329 28.9219 66.6078 -1.07621
330 20.9071 15.908 -0.456054
331 83.4522 75.0924 -0.308322
332 31.7115 66.5226 -1.14944
333 25.764 49.9614 2.98913
334 46.3156 83.4175 -0.481881
335 78.9883 51.7221 2.37007
336 5.63551 71.9711 -2.63999
337 51.8556 75.3323 -1.16855
338 67.6691 32.3667 -1.11413
339 93.1095 6.59453 -0.0473512
340 58.1798 68.1735 -0.150209
341 75.3709 11.4456 -2.29381
342 56.8999 69.0041 -0.929649
343 34.312 20.2721 -0.823544
344 79.5576 21.2262 -2.70625
345 75.975 72.4971 0.399286
346 17.2705 45.7812 2.49584
347 80.7004 73.9672 0.634532
348 54.0412 77.3205 -0.520951
349 61.9294 75.9131 -0.774247
350 28.5214 12.5299 -0.337373
351 72.5906 26.7461 -0.936415
352 55.6564 98.1687 -1.55718
353 92.2235 48.83 -3.0963
354 95.0741 55.5296 2.56428
355 69.8876 69.4036 0.400286
356 97.8609 8.66458 0.126783
357 84.4868 78.9951 -0.990634
358 30.9883 46.4677 3.14571
359 79.0822 65.5692 1.41163
360 74.4555 36.295 -1.70949
361 76.4786 58.6881 1.43416
362 72.8843 49.7685 2.15898
363 16.8355 22.3398 -1.46472
364 88.9611 18.5624 -2.71741
365 22.9813 12.3972 -0.391556
366 99.4429 76.6424 -1.60177
367 63.2302 18.0168 -2.6457
368 20.9653 15.0856 -0.304426
369 75.2973 71.6933 0.278755
370 73.0835 61.8454 1.2482
371 64.3666 64.022 -0.816549
372 71.1189 75.5738 -2.05559
373 22.1188 48.4291 3.18
374 55.5359 5.39793 -1.31746
375 23.68 12.5396 -0.139623
376 73.8366 14.5344 -1.84937
377 28.4968 -0.449263 -1.88963
378 27.0852 14.6789 0.114395
379 4.18136 79.0226 -2.58061
380 74.1274 29.9506 -1.60973
381 80.6223 82.2372 -1.01353
382 64.8112 51.4352 0.423549
383 1.66646 8.18242 0.574567
384 96.4269 15.2079 -3.36404
385 43.0999 58.4728 -1.19702
386 35.4996 58.1264 -1.71208
387 9.95987 58.0604 2.38462
388 66.0269 32.9451 -0.913104
389 80.5888 59.9166 2.07739
390 55.2991 79.6822 -1.33329
391 32.4725 45.4308 2.98595
392 61.1725 6.20093 -0.615486
393 58.5004 32.7053 -0.360977
394 0.379338 72.8149 -2.85014
395 27.5628 43.9676 -2.59564
396 0.416334 15.8627 -2.23186
397 78.7584 55.3673 2.35772
398 65.0197 68.9396 -0.501784
399 29.9837 2.59927 -1.25612
400 91.3622 55.3107 1.93961
401 1.9102 47.6685 -2.72081
402 19.3633 21.0845 -1.17183
403 60.5332 53.2176 0.505944
404 87.5742 0.137962 0.11105
405 51.9633 81.3003 -0.665877
406 10.2328 44.2573 2.9127
407 97.042 72.5448 -2.24309
408 21.0061 46.5209 3.30396
409 2.06217 74.7532 -2.40564
410 49.331 80.7275 -1.06492
411 75.886 70.0133 0.687412
412 18.3468 19.9634 -0.988411
413 22.4821 37.6617 -3.14674
414 32.7249 16.86 -0.974632
415 81.3695 98.2469 -0.826995
416 84.9709 62.3259 1.30897
417 97.7313 67.5978 -2.15058
418 65.1691 53.8471 0.805742
419 49.1465 90.1208 -1.47625
420 80.0882 67.3263 0.768825
421 55.171 74.9794 -1.17674
422 29.2584 58.661 -1.35648
423 25.7688 83.7315 -1.10849
424 73.9821 68.3916 1.18127
425 98.0079 71.237 -2.4486
426 53.5128 13.9793 -2.17843
427 57.6094 8.82927 -1.20352
428 26.6961 13.6212 -0.236639
429 31.3448 13.863 -0.742893
430 39.8697 91.6121 -2.04935
431 29.4736 12.4627 -0.578929
432 80.1002 23.034 -1.98608
433 54.9318 15.2651 -2.60654
434 71.7358 70.3812 0.660084
435 86.9571 21.7057 -2.25803
436 68.526 31.196 -1.15225
437 82.0878 94.2826 -1.30346
438 48.0768 93.4243 -1.05646
439 56.5411 16.3833 -2.79564
440 95.3964 58.825 1.86251
441 -0.019902 67.7727 -2.89516
442 70.3424 52.0265 2.30742
443 49.583 68.7667 0.0981258
444 26.3944 11.9428 -0.272774
445 67.6944 59.2587 0.293909
446 21.8128 41.3497 -3.15808
447 6.16881 52.0741 3.44592
448 77.6924 66.1212 1.06135
449 66.9465 57.7752 0.575755
450 53.432 79.5573 -0.541119
451 16.7345 18.2996 -0.482961
452 60.801 72.7906 -0.128753
453 78.7456 27.1555 -2.3969
454 22.9173 62.1358 -1.06429
455 99.2315 48.3903 -2.66359
456 50.2054 75.6142 -1.03344
457 37.5644 43.853 3.17795
458 31.9567 69.0677 -1.38426
459 25.4819 82.6612 -1.6034
460 85.1365 60.6038 2.36187
461 79.6646 73.4348 0.19486
462 30.4667 15.2947 -0.22032
463 65.3643 16.0115 -2.1467
464 32.3761 23.478 -1.40247
465 31.9157 49.9322 -2.69093
466 69.2508 35.5798 -1.20633
467 96.9895 74.5516 -2.0494
468 89.0614 71.8698 -1.12044
469 70.4308 30.3644 -1.18662
470 54.0102 72.9754 -0.583856
471 30.9808 18.9969 -0.590166
472 30.3343 18.5281 -0.462795
473 9.23881 51.9736 3.04586
474 75.4282 66.2774 1.44945
475 13.9083 45.7808 2.6064
476 83.9223 87.2377 -2.33816
477 88.672 7.5156 -0.308518
478 51.4525 3.11308 -0.605138
479 78.0348 83.7251 -0.897957
480 36.7286 44.2273 2.55563
481 80.7772 63.9025 1.21231
482 80.6049 77.7848 -0.19473
483 74.1515 45.9061 2.58106
484 73.8526 -0.253466 -0.949425
485 91.7432 23.3263 -3.10987
486 71.1398 28.4112 -0.889954
487 67.4365 36.7238 -0.890571
488 18.6698 8.08149 -0.670104
489 0.0181486 50.0153 -2.81872
490 41.0572 61.7965 -0.934545
491 32.3045 89.2432 -0.346069
492 30.5062 16.8159 -0.438144
493 59.6334 12.5903 -2.33002
494 35.3849 86.7015 -0.666244
495 24.8211 2.65592 -1.62152
496 62.6356 64.2418 -0.793069
497 73.3366 61.9925 0.978791
498 34.4214 16.8584 -0.327692
499 27.9179 80.2802 -1.67233
