500
Particles
0 19.4173 43.221 -2.50379
1 91.9642 42.2639 1.66677
2 66.0034 7.32369 1.48531
3 67.8869 30.1819 1.63198
4 27.8706 73.8444 2.50883
5 94.3518 38.5205 1.83637
6 47.3232 83.6039 2.66206
7 77.46 37.0627 1.83422
8 19.9522 81.8146 2.62166
9 40.5635 28.5733 1.48663
10 44.9754 59.6348 2.21933
11 43.2487 91.6951 2.59993
12 71.7625 6.56341 1.43255
13 19.9141 50.0395 2.94916
14 29.0935 75.6672 2.56887
15 21.5582 55.2878 3.23677
16 64.8599 69.5737 1.94438
17 38.022 95.9283 2.20561
18 31.3339 87.1377 1.99429
19 3.73465 99.253 0.177569
20 68.9617 30.9819 1.28812
21 45.1365 82.2011 2.05747
22 42.5539 69.4422 2.00071
23 21.7178 59.939 2.54217
24 71.4302 33.0052 1.87647
25 31.4136 60.598 2.45902
26 4.44728 33.0964 0.560131
27 40.8803 87.7481 2.62664
28 44.1515 79.099 2.06429
29 74.3027 4.87381 1.67395
30 46.9329 16.3649 -1.92267
31 41.6691 72.5436 2.27621
32 89.6006 6.45702 2.30478
33 62.643 40.3572 2.39475
34 31.1965 57.3417 2.35437
35 30.1729 91.419 2.51136
36 56.0294 42.174 2.46185
37 75.8736 2.65928 1.37278
38 31.0295 63.4477 2.19904
39 24.0105 62.322 3.11512
40 30.7135 51.7723 2.804
41 19.9796 59.2431 3.37474
42 45.8242 60.3073 2.90325
43 69.1227 30.838 1.39961
44 97.2686 43.7955 1.91896
45 53.265 66.2616 2.89605
46 31.2663 59.8648 2.90131
47 87.5858 27.4766 2.29874
48 39.8176 61.1767 2.40217
49 23.315 37.0715 -2.8152
50 38.2926 91.1647 2.18184
51 51.0397 75.5519 1.88536
52 66.8939 32.9068 1.48129
53 59.2332 41.6527 1.92212
54 30.51 74.1513 2.48932
55 71.8709 27.5807 1.62444
56 31.5888 74.6905 2.97621
57 44.7101 52.7529 2.39424
58 34.145 81.6203 2.24941
59 25.1012 54.1128 3.17099
60 37.3026 87.2631 2.76021
61 42.1746 60.3794 1.94124
62 16.5564 62.5339 2.44221
63 20.5745 91.5607 2.27874
64 41.8908 85.0985 2.31397
65 88.981 28.6524 2.69151
66 33.3552 89.8109 2.21026
67 36.9473 90.9857 2.56033
68 93.209 24.7765 2.58725
69 59.4565 62.1952 2.27097
70 43.6681 84.8098 2.29625
71 31.6381 59.1915 2.13703
72 34.2194 87.1952 2.04709
73 74.3113 99.9644 1.80161
74 44.684 58.5782 2.02207
75 76.9466 33.4149 1.98147
76 46.0882 57.7128 2.3028
77 47.8279 85.4158 2.13657
78 77.8131 7.25436 0.766633
79 35.3297 84.105 2.34872
80 42.1388 61.5958 2.1462
81 36.519 91.7804 2.86511
82 21.6093 86.7857 2.78814
83 26.6271 81.8365 2.26376
84 70.9256 25.6197 1.82366
85 42.9555 63.7302 2.69894
86 42.8444 60.4676 2.00868
87 81.8808 97.2305 1.70322
88 73.9715 26.4373 1.5733
89 41.07 56.3599 2.62257
90 70.7391 33.6578 2.04034
91 42.7681 73.9844 1.90256
92 49.9094 82.7241 2.64871
93 23.6009 73.0185 2.32421
94 41.1303 61.4879 2.2901
95 32.2314 8.66349 0.283763
96 45.6736 86.2325 2.69014
97 48.2036 89.3082 1.97584
98 36.8852 53.1349 2.77888
99 47.1579 80.9563 2.78933
100 70.4895 33.5778 1.82314
101 34.218 88.2789 2.8513
102 43.0989 58.7521 2.43976
103 28.1803 51.1626 2.58721
104 43.2698 66.9284 1.84131
105 68.4428 35.521 1.98058
106 31.3154 73.6864 3.00985
107 24.5369 57.8341 2.88565
108 45.4984 72.8508 2.14198
109 34.5712 80.5548 2.3478
110 78.1164 34.5676 1.54424
111 83.5377 2.26418 1.39305
112 66.1667 28.8586 1.81566
113 44.6068 80.6281 2.36917
114 41.3727 88.4133 2.65083
115 65.7215 3.64263 1.38304
116 44.9775 53.8766 2.19937
117 31.571 63.5304 2.28729
118 49.1139 1.24879 0.243799
119 27.7364 77.2717 2.32752
120 24.4095 48.8822 3.26729
121 82.319 36.0158 1.88028
122 35.6429 58.239 2.85686
123 24.304 73.6447 3.0313
124 65.8501 6.9677 1.32092
125 86.814 7.50128 2.61531
126 62.7673 71.7003 2.11899
127 17.7947 53.8516 3.44425
128 73.6398 32.1839 2.18197
129 36.0266 87.0308 2.60233
130 33.2686 67.1284 3.01105
131 44.8077 58.876 2.12471
132 86.6198 5.08453 2.15025
133 19.6841 6.43705 0.129493
134 62.466 46.132 2.04397
135 63.6745 93.1752 0.837721
136 42.1352 54.4782 2.8328
137 44.7943 85.4656 2.3307
138 45.4085 63.2588 2.78324
139 26.4334 50.3345 3.01824
140 45.6773 58.6307 2.88484
141 97.5102 8.92774 -1.41297
142 28.7397 80.44 2.72043
143 25.65 99.3956 2.04193
144 44.6711 87.0443 2.21459
145 37.3873 91.3537 2.56215
146 24.6916 56.3896 3.06729
147 64.5473 40.3623 1.84543
148 76.0075 99.0544 1.52949
149 32.1966 91.852 2.55979
150 44.2986 60.28 2.11724
151 -0.0820397 2.88742 3.35949
152 42.4173 54.8461 2.40936
153 45.5092 70.683 2.69093
154 66.0949 66.9504 2.23063
155 12.0721 24.7103 0.347667
156 23.3952 82.559 2.19382
157 13.5647 57.3687 2.35821
158 4.69975 34.691 1.2854
159 32.8311 4.58922 0.912874
160 59.8012 42.4429 2.55447
161 34.7764 6.45823 1.16645
162 31.6088 90.8821 1.90193
163 75.8436 22.0154 1.90364
164 88.6797 28.7224 2.02664
165 25.6138 86.8573 2.37167
166 71.9893 25.1236 1.7574
167 84.5752 0.587576 1.73184
168 36.761 86.8812 1.97464
169 84.1774 30.4654 2.43984
170 33.1674 16.421 0.751453
171 45.4268 83.5959 2.17719
172 22.4538 53.5887 3.44161
173 47.7537 59.2962 2.43345
174 91.1662 35.25 2.18379
175 88.1345 5.95434 2.54078
176 66.5981 8.64293 1.80314
177 28.4418 48.9586 3.06822
178 69.0365 32.0663 1.99864
179 42.7271 78.1191 2.74235
180 47.1596 84.2362 1.98839
181 28.1437 99.6491 2.2516
182 34.6798 77.3238 2.79507
183 14.7443 36.6325 -2.89353
184 54.4835 85.5931 2.30963
185 92.3732 28.2408 2.37916
186 46.4033 67.8695 1.78516
187 37.931 19.6639 0.868918
188 14.8698 55.7248 3.19597
189 46.0681 96.9251 1.83867
190 92.1587 33.4788 2.07009
191 62.7627 99.1775 1.19079
192 36.8652 47.6366 2.23719
193 51.0875 78.2815 2.67431
194 35.2502 54.2938 2.09414
195 42.2744 82.4289 2.30059
196 26.0371 48.3573 2.44473
197 39.5662 56.5554 2.25259
198 51.899 84.8612 2.10058
199 27.8179 19.3512 -0.349988
200 51.2786 86.2341 2.35456
201 70.893 1.95223 0.860468
202 69.9659 33.9104 1.32664
203 39.1537 6.33755 1.71532
204 4.95382 32.0768 1.40891
205 82.3489 100.385 1.72039
206 31.9869 52.4062 2.87814
207 29.1252 60.9607 2.42192
208 28.3889 93.8936 2.55807
209 36.1027 18.4853 0.663544
210 36.5846 88.77 2.60509
211 46.1176 68.1966 2.4371
212 12.2425 20.5291 0.288133
213 92.1894 2.15129 2.88461
214 14.7624 53.3711 2.6976
215 28.8743 63.8145 2.51484
216 51.9719 67.8807 2.56585
217 42.0722 81.1503 2.52272
218 46.3308 1.45683 1.04082
219 38.3158 97.0731 2.12648
220 76.0942 0.949702 0.784609
221 54.4449 79.4809 2.44197
222 73.8104 1.43891 1.46981
223 74.396 36.7412 1.65381
224 63.0167 30.558 1.87726
225 68.6503 6.58992 1.92167
226 27.6304 9.25159 0.949338
227 49.6702 72.1159 2.43064
228 44.1766 61.2147 2.08475
229 50.3604 65.9718 1.87433
230 19.7825 54.6395 2.60133
231 39.6978 87.5855 2.52482
232 49.0909 78.7185 2.79459
233 30.7234 57.6408 2.25395
234 27.4203 52.6534 2.56007
235 30.3915 72.3417 3.05572
236 63.3073 65.1277 1.86709
237 67.5775 6.60954 1.09402
238 36.9583 79.399 2.4025
239 29.5045 81.427 2.31927
240 41.4176 87.9521 2.33554
241 21.7709 80.6018 2.02061
242 48.2702 70.0477 1.87193
243 49.8179 85.4443 2.49662
244 35.0581 6.03892 1.33638
245 49.4188 74.216 2.37093
246 46.2951 65.0835 2.20196
247 92.1825 31.4995 2.80922
248 26.7262 75.2372 3.11769
249 39.0738 53.1051 2.35745
250 37.5289 87.2558 1.9835
251 44.494 97.5107 1.97408
252 69.8847 36.7797 2.09967
253 57.8866 31.394 1.76489
254 43.8983 57.9316 2.9395
255 31.6676 88.7641 1.89695
256 47.9591 68.1714 2.41793
257 40.2897 57.4123 2.0671
258 22.901 85.0857 2.13058
259 30.0014 73.0499 2.76747
260 22.3281 8.09338 0.296605
261 28.513 79.0912 2.83262
262 47.6468 61.9619 1.90071
263 48.7448 78.5116 2.46452
264 63.2173 41.377 2.00856
265 41.5442 57.9105 2.32979
266 26.7387 40.515 -3.36495
267 41.9979 86.9582 2.68928
268 24.8111 49.5393 2.81006
269 38.7868 89.3619 2.93225
270 33.5585 78.4141 2.54406
271 32.7195 76.1811 3.15727
272 90.4893 1.26313 3.12333
273 26.7137 51.1413 3.15167
274 34.0767 63.1361 2.84634
275 46.3901 62.4515 2.18291
276 27.982 36.4667 -2.71332
277 51.2742 83.8172 2.25599
278 83.0588 37.1929 2.02301
279 49.005 70.9227 1.76155
280 41.7653 86.01 2.72919
281 43.9142 64.3642 1.94658
282 30.2384 76.229 2.94893
283 87.8729 99.8197 1.15544
284 64.7563 62.3559 2.40722
285 49.1728 87.7356 2.21505
286 17.8899 58.0406 2.56423
287 41.744 62.437 2.11838
288 37.1804 1.84411 1.8601
289 60.0013 62.1843 2.51592
290 32.5549 58.7461 2.11285
291 14.8922 32.7748 -2.60168
292 8.58866 25.0705 0.712186
293 29.4953 58.3646 2.36373
294 33.382 73.9594 2.45106
295 44.547 82.1064 2.32189
296 56.6913 86.1076 2.43183
297 64.3735 68.981 1.8654
298 26.8927 83.7652 2.31651
299 70.2904 2.10497 1.55276
300 35.9816 58.0843 2.81183
301 36.1463 89.568 2.72368
302 23.6252 49.4958 2.53591
303 44.4363 64.0937 2.04979
304 20.9755 93.5105 1.96096
305 46.9775 97.2189 2.30141
306 63.8709 37.4288 1.68584
307 67.0974 4.3975 1.60492
308 29.2415 82.1559 2.37577
309 30.9424 61.0831 2.2706
310 68.1469 39.0141 1.52451
311 24.7645 62.1429 3.07581
312 48.7054 74.8373 2.08833
313 91.5182 2.80002 2.61519
314 34.5683 91.5891 2.67479
315 47.7111 69.9303 1.72363
316 49.661 81.8424 2.68291
317 31.8532 79.0693 2.89906
318 65.4203 4.787 1.95907
319 72.3392 2.43334 1.08824
320 76.1097 0.953611 1.61593
321 36.1729 94.0063 2.53279
322 76.5285 97.4466 1.492
323 34.3607 83.4173 2.17307
324 28.5859 12.8487 0.898314
325 51.6883 67.0322 2.61166
326 41.5019 57.9688 2.19137
327 31.8057 55.7226 2.8419
328 85.396 97.7635 1.66769
329 79.214 9.76356 1.36773
330 92.439 1.58059 3.22386
331 69.3515 42.1275 1.50749
332 31.2706 13.5987 0.489522
333 54.5911 86.9244 2.78791
334 24.4303 66.0567 2.28948
335 69.0274 0.786421 0.958169
336 78.4862 100.06 1.75468
337 27.8799 75.522 2.96852
338 54.6229 69.7739 2.79314
339 37.935 58.5377 2.21256
340 19.4321 47.2949 -3.16366
341 28.9183 83.1217 2.62306
342 36.9162 87.7042 2.63064
343 52.0374 68.9928 2.58474
344 46.0518 63.4742 2.0565
345 75.158 30.4963 2.00955
346 21.9377 61.7647 2.56166
347 23.4028 7.37936 0.299405
348 16.4366 59.0677 3.06737
349 92.6105 30.6095 2.93546
350 45.2023 67.9722 1.98823
351 24.8781 93.7714 2.67227
352 97.611 40.6613 1.47115
353 74.1165 34.8403 2.21661
354 36.298 51.3351 2.7206
355 45.2939 56.3694 2.31383
356 80.8337 96.5357 2.0724
357 91.4338 29.7656 2.14513
358 40.6867 85.7322 2.33298
359 28.45 57.7235 2.85594
360 31.7773 94.1556 2.21625
361 23.5767 39.5396 -3.0189
362 40.8709 81.9683 2.20974
363 44.8025 62.6878 2.69216
364 72.5663 40.911 1.74435
365 46.2269 75.8905 2.33763
366 48.8534 85.802 2.77921
367 82.4269 1.32537 1.78314
368 21.9823 52.1288 3.11426
369 95.7487 2.48684 2.47017
370 61.3635 33.9521 2.29129
371 34.7925 90.1546 2.02942
372 38.8024 77.9307 2.3251
373 53.724 90.1785 1.95379
374 37.5162 91.0572 2.69829
375 55.9357 84.67 2.66483
376 40.6797 82.8878 2.22934
377 90.7942 4.67205 2.18609
378 33.3948 61.3565 2.11115
379 78.0451 3.48975 0.929895
380 44.7203 60.3639 2.12761
381 25.0305 17.6056 -0.386465
382 46.0056 84.507 2.55574
383 75.2874 27.9893 2.2303
384 47.8204 78.4498 1.77234
385 76.9209 36.6554 2.24168
386 57.7985 39.2952 2.50044
387 23.2511 35.4133 -3.21728
388 53.1076 65.325 2.22716
389 28.6979 58.1093 2.22202
390 24.9428 84.1111 2.15145
391 33.375 82.1384 2.91543
392 30.0339 57.4505 2.20539
393 52.3826 70.9178 2.40495
394 46.8241 87.2803 2.43714
395 38.0826 84.0157 2.07937
396 37.9938 94.7399 1.94518
397 40.7093 87.2798 1.99465
398 92.3014 2.06996 2.84363
399 23.0725 79.0205 3.00209
400 26.6046 76.9726 2.18664
401 32.3838 9.35838 1.101
402 35.5355 49.4287 2.26927
403 46.5734 83.157 2.16607
404 36.3889 60.026 2.70651
405 94.7536 40.9877 1.21068
406 17.957 50.1231 2.83742
407 48.9207 88.3429 2.28942
408 30.3028 65.6901 2.93023
409 85.0368 99.7907 1.80721
410 27.7167 78.3924 2.49645
411 40.1282 88.8436 2.7947
412 44.7978 54.7939 2.37455
413 27.703 79.575 2.32103
414 50.9086 70.2442 2.12839
415 85.215 28.6981 1.62652
416 50.8191 82.2172 2.22415
417 26.4963 76.5203 2.25162
418 39.7045 89.6857 2.24291
419 73.5564 27.8393 1.77142
420 27.6107 55.2599 3.17496
421 38.8749 89.0717 2.45925
422 30.194 76.7171 2.96959
423 73.2448 97.0022 1.61438
424 39.7155 96.263 1.87986
425 43.9941 78.261 2.49553
426 23.0044 11.6433 -0.0722758
427 38.2363 92.2889 2.34706
428 40.1709 64.0004 2.05091
429 46.3706 62.4858 1.98787
430 22.6203 1.30495 1.62173
431 54.3799 81.4023 2.86545
432 34.1599 91.6247 2.36121
433 87.904 96.9387 0.958077
434 33.4939 57.1795 3.00068
435 72.654 39.3928 1.29382
436 29.6705 0.629294 2.37195
437 27.2051 50.5859 2.85069
438 75.2754 7.54915 0.885914
439 79.6218 2.81007 1.44985
440 47.5697 57.6683 2.74371
441 15.8755 49.8924 2.65297
442 44.2656 87.6832 2.47446
443 26.4033 21.5583 0.396312
444 48.2619 75.3531 2.3388
445 86.8711 34.1354 2.12032
446 77.6226 36.2947 1.37107
447 19.9572 58.3492 2.74268
448 43.0396 84.6724 2.27885
449 58.4917 63.1646 2.25676
450 30.3684 84.2227 2.91005
451 34.7369 52.013 2.93695
452 40.7647 95.9321 2.28738
453 43.208 56.0749 2.27321
454 44.1457 93.6367 2.47631
455 83.0333 30.0377 1.7798
456 24.5277 73.4473 3.11039
457 33.6694 76.8315 2.79565
458 35.9795 73.3285 2.25226
459 93.8093 26.3309 2.40668
460 29.7514 54.3508 2.27837
461 64.3729 34.3327 2.34086
462 49.5584 73.8288 2.2696
463 37.2656 80.5819 2.21143
464 56.4344 76.9035 2.56401
465 30.4018 81.6721 2.55689
466 48.8153 65.9149 2.04818
467 80.2318 0.903023 1.51443
468 23.4283 52.3131 2.63028
469 27.1951 95.0715 2.4977
470 24.1117 4.35016 0.900671
471 35.0125 60.4303 2.62651
472 51.4943 75.8202 2.02889
473 51.3172 83.6574 2.33109
474 29.2073 18.168 0.0905168
475 19.3251 53.7041 3.2631
476 92.5575 29.8168 2.00859
477 47.9207 65.1926 2.05846
478 30.8866 96.763 1.74695
479 73.2681 29.5749 2.04073
480 26.1968 61.6171 2.79041
481 80.9695 96.1675 1.64964
482 36.9939 50.9739 2.13887
483 26.9021 81.8762 2.83009
484 23.3906 56.3455 3.22623
485 17.2033 39.4225 -2.55926
486 50.2523 62.5498 2.00268
487 46.5052 63.9229 2.28581
488 22.5401 79.849 2.27529
489 71.0491 28.5545 1.52687
490 79.3651 33.0289 1.55199
491 39.2689 58.0537 2.58871
492 51.439 78.0939 2.67904
493 43.8178 68.2161 2.67316
494 37.5615 52.1667 2.61618
495 29.3288 59.2768 2.80955
496 41.837 86.6307 2.65199
497 38.8128 90.6967 2.5987
498 48.7125 60.613 2.64992
499 78.6261 8.84718 1.12372
