500
Particles
0 52.0864 25.7749 2.52395
1 78.0531 17.8948 1.87911
2 60.5699 76.9391 -2.67654
3 59.5833 49.6091 1.49623
4 90.6663 14.5963 2.05199
5 61.025 22.4148 2.83556
6 52.0828 37.9011 1.35043
7 62.3299 61.7029 2.04578
8 79.1821 25.1783 2.44156
9 79.539 28.3244 2.32185
10 71.0805 26.4347 2.29589
11 47.694 66.2013 -0.478553
12 51.1523 51.3732 1.58834
13 94.4208 6.57276 2.59263
14 91.5979 17.0648 2.46702
15 6.10494 23.9518 -2.10726
16 75.793 28.7122 2.43574
17 86.5047 35.6283 2.64456
18 89.1875 24.0315 2.74705
19 60.2463 44.6823 1.52271
20 55.8696 50.6928 1.60298
21 43.3824 37.6947 2.34902
22 65.3993 34.593 2.46245
23 95.5723 11.2331 3.12082
24 58.0769 54.1276 1.90391
25 59.2808 30.2816 2.69702
26 60.8867 18.7307 2.07671
27 37.9755 61.7243 0.831714
28 55.4957 33.9732 1.62266
29 8.7894 7.21699 1.05211
30 61.6904 84.7424 -2.40691
31 62.2683 34.8472 2.18438
32 55.94 49.1217 1.27476
33 62.7255 74.9285 -2.24688
34 62.6325 30.3128 2.67207
35 86.7533 29.8437 2.73709
36 37.6698 79.1646 0.790534
37 53.1287 44.066 1.24552
38 55.3941 30.8443 2.41555
39 91.8057 12.1928 2.50972
40 65.7348 29.4975 2.6493
41 89.6968 11.8587 2.46809
42 72.8394 31.7345 2.36247
43 60.2625 50.68 1.45024
44 77.855 20.6956 2.61078
45 73.9065 28.9906 2.94275
46 63.715 33.5856 2.84576
47 79.5842 52.654 2.16399
48 66.6923 30.3863 2.46988
49 59.5351 24.5278 2.44536
50 94.5896 29.9652 2.36851
51 67.0496 35.2614 2.55324
52 59.3563 52.5675 1.544
53 38.3044 77.4946 0.514686
54 94.2866 15.8073 2.68666
55 64.9794 46.0688 1.70827
56 95.4572 17.3726 2.39698
57 69.5122 21.0169 2.96411
58 93.2615 21.2831 2.52956
59 57.4953 30.3957 2.73116
60 92.4367 27.6723 2.39206
61 70.4028 29.2274 2.57149
62 77.8964 24.3782 2.84285
63 75.6741 12.1655 2.15015
64 48.9931 42.6036 1.76922
65 67.2169 50.6293 1.96708
66 89.8573 30.0979 2.95104
67 90.5701 30.132 2.35605
68 65.9149 47.8967 1.64363
69 74.679 21.8165 2.58614
70 50.2539 41.0986 2.04575
71 62.6016 30.3297 2.24286
72 90.6196 25.7146 2.82537
73 54.2624 43.3588 2.01985
74 67.733 22.6555 3.04566
75 62.9436 57.462 2.07941
76 70.5291 21.8924 2.35794
77 52.4399 41.0325 1.81096
78 61.4986 16.3347 1.88403
79 94.2915 22.3767 2.53141
80 66.3953 26.2224 2.99188
81 89.8375 29.4968 2.40522
82 59.9603 41.4016 1.8575
83 89.298 20.0713 2.1476
84 67.3963 43.4884 1.68183
85 66.5013 27.8764 2.39261
86 67.5549 26.2447 2.14737
87 57.9132 39.0356 1.39246
88 62.3745 45.627 1.48317
89 65.066 22.5879 2.63873
90 59.0008 54.0805 1.95379
91 60.3519 35.2941 1.97111
92 57.3985 37.7465 1.89075
93 88.5498 15.1883 2.69358
94 68.8742 29.7545 2.98785
95 59.4549 45.0654 1.2022
96 43.4106 40.7984 2.21558
97 53.0288 44.6835 1.76488
98 64.8783 22.4341 2.88446
99 57.8993 38.243 1.87387
100 61.2484 52.912 1.5434
101 91.6636 25.054 2.44296
102 71.6981 27.6427 2.12471
103 62.4888 27.794 2.29678
104 68.2169 32.9136 2.04685
105 56.8542 55.5944 1.2331
106 92.531 15.7042 2.22622
107 52.6697 30.813 1.90873
108 66.0721 33.6365 2.82858
109 99.6086 22.3775 2.3753
110 81.7275 60.1206 1.89964
111 53.9138 43.0979 1.29939
112 57.2159 49.2108 1.51028
113 53.1439 36.5726 1.62275
114 42.72 47.265 1.48141
115 51.5191 50.1889 1.22225
116 67.8765 18.6434 2.6623
117 60.385 33.7142 2.10846
118 55.4511 51.2577 1.84035
119 92.9411 16.917 2.11866
120 58.3415 28.0476 2.77426
121 84.0894 28.0046 2.55102
122 67.8118 30.7688 2.13203
123 85.0622 21.197 3.02368
124 89.7791 97.8499 -3.0966
125 65.4062 45.8536 1.8164
126 74.4108 37.7418 2.87389
127 91.1692 8.81836 2.78473
128 60.285 54.0027 1.28533
129 57.5028 79.5224 -2.68248
130 56.0915 34.3073 2.13286
131 68.5118 24.1977 2.14519
132 69.0246 47.2088 2.00844
133 68.8521 49.082 1.5597
134 59.1441 22.9745 2.62621
135 55.8446 41.8369 1.59605
136 66.5089 22.2485 2.41978
137 49.2999 42.6177 1.62432
138 68.9967 28.1844 2.89619
139 61.0606 27.9661 1.94983
140 72.1272 26.0503 2.42636
141 66.2408 47.7096 2.04734
142 91.289 18.8721 2.33297
143 76.8859 31.7644 2.51214
144 49.4505 45.6797 1.97511
145 57.1993 79.5542 -2.49511
146 55.6226 31.3041 2.53799
147 60.7686 73.2981 -2.52392
148 56.8806 42.1441 2.10763
149 89.4065 28.5603 2.48983
150 73.4976 29.2072 2.41473
151 58.3818 47.647 1.3322
152 68.2898 21.8294 2.67693
153 65.3329 32.3867 2.44825
154 77.2493 30.7433 2.26301
155 71.224 50.8029 1.54357
156 83.9756 26.7426 2.40672
157 72.9428 39.2848 2.33707
158 59.8867 20.4256 2.21497
159 78.3677 36.255 2.40862
160 64.7912 77.394 -2.39606
161 74.6969 34.3837 2.91921
162 88.6792 30.9095 2.50042
163 63.2881 44.0905 1.35615
164 64.321 53.9219 1.49778
165 86.7507 28.4984 2.36353
166 63.5659 44.5935 1.29756
167 57.1002 45.3956 1.94712
168 91.1717 23.3751 2.17582
169 63.238 51.871 1.43471
170 78.4756 10.6722 2.42975
171 50.9591 37.9191 1.726
172 51.1677 28.2338 2.41337
173 73.8239 26.3793 2.5962
174 60.4743 20.6183 2.16237
175 68.4837 44.7969 1.94576
176 100.396 28.1542 -0.322677
177 62.7022 26.1322 2.98879
178 59.9951 53.1339 1.84304
179 55.1762 34.3621 2.47198
180 53.9233 37.9223 2.10613
181 79.9607 30.1771 2.88992
182 97.1489 17.8426 2.09541
183 54.2296 26.766 2.2457
184 59.2748 38.2461 1.41727
185 67.1177 51.2896 2.11688
186 69.4523 32.3009 3.00916
187 57.364 48.8083 1.26703
188 85.6493 18.681 2.74023
189 61.8535 80.2273 -2.13429
190 60.1308 20.8597 2.51266
191 50.7061 47.0473 1.50306
192 65.4125 20.8835 2.77839
193 63.636 35.5414 2.40198
194 65.485 25.3173 2.2621
195 47.4542 38.9814 1.41043
196 61.1349 26.3175 2.35416
197 67.3215 24.4984 2.66832
198 57.6189 37.97 1.9524
199 60.0179 21.6102 2.69502
200 55.5541 40.8583 1.7053
201 8.55434 4.7201 1.0129
202 60.1387 53.5389 1.31989
203 78.64 37.8472 2.18842
204 61.7168 20.0551 2.23873
205 56.4912 43.0873 1.55436
206 64.759 26.7852 2.98419
207 58.8363 32.2961 1.80186
208 62.6095 42.2393 2.03132
209 56.7887 50.6569 1.1324
210 92.3657 26.3467 2.91379
211 66.83 30.4785 2.8838
212 68.7559 48.517 1.21433
213 59.2848 45.7949 1.81661
214 82.7167 16.4055 2.22139
215 52.8072 33.3413 2.13366
216 74.145 33.8648 2.79319
217 48.2513 37.2822 1.81826
218 81.1291 48.9849 2.94215
219 87.996 35.7338 2.93428
220 54.9649 43.3508 1.79956
221 68.0927 37.2046 2.61692
222 53.6949 44.23 1.6701
223 57.4848 57.9849 1.19896
224 59.0805 50.1397 1.6497
225 49.7327 65.8433 -0.379815
226 77.227 28.9415 2.4439
227 69.6092 33.0984 2.1712
228 69.4248 26.8002 2.60414
229 71.6113 28.1218 2.33829
230 95.869 9.04902 2.24377
231 95.5657 25.2292 2.06965
232 61.9882 37.2868 2.02959
233 62.3918 29.7458 2.48146
234 59.534 26.5278 2.69175
235 95.7394 15.3486 2.69801
236 76.4144 26.861 2.49326
237 63.1429 79.9405 -2.22874
238 95.6252 15.8431 2.22427
239 89.2547 16.9028 2.22796
240 46.3798 46.9549 1.7232
241 80.3828 25.2926 2.54928
242 69.9094 36.0166 2.47538
243 55.6023 39.8088 1.4848
244 77.2738 35.6242 2.72826
245 67.0458 34.7562 2.32578
246 70.1199 28.1191 2.10082
247 90.8384 3.41168 2.09281
248 90.5852 17.9283 2.05198
249 66.6094 21.6462 3.04336
250 35.8898 64.1467 0.957715
251 59.1131 79.214 -2.73589
252 57.0807 60.8892 1.47369
253 57.166 51.8454 1.89046
254 69.6543 25.5772 3.04147
255 89.1941 28.2444 2.12835
256 70.1787 33.4159 3.03027
257 69.2106 27.4951 2.39133
258 82.8476 29.0524 3.00283
259 96.1704 16.6916 2.56772
260 61.9329 22.0249 3.00879
261 92.4295 18.0863 2.81694
262 74.0534 30.0621 2.30382
263 61.5672 35.9724 1.79325
264 62.3002 74.8287 -1.89388
265 67.1054 24.2771 2.92557
266 63.8331 25.6896 3.03125
267 44.8901 43.2874 1.33191
268 60.2089 29.2389 2.59504
269 38.9884 65.7213 0.840876
270 95.0989 20.6243 2.9145
271 98.8705 18.4946 2.66504
272 58.0584 45.8204 1.93668
273 61.3961 28.1384 2.43215
274 63.7269 33.0379 2.34695
275 68.8833 25.2819 2.74158
276 63.9054 24.416 2.11615
277 56.1085 37.3968 2.20239
278 74.0083 15.5149 1.82567
279 70.5368 36.9884 2.53884
280 95.6577 20.0882 2.93973
281 69.3904 30.6483 2.88515
282 92.8353 16.0416 2.2367
283 54.3154 49.5836 1.19299
284 72.7886 19.2644 2.82868
285 50.9248 41.2472 1.86927
286 88.8625 11.4692 2.2859
287 66.4827 27.1907 2.38255
288 61.4259 46.1641 1.40873
289 74.3803 21.1591 2.57944
290 63.4946 31.1681 2.57058
291 80.8661 20.136 1.98904
292 63.3916 51.0216 2.11873
293 62.0893 32.5662 1.90593
294 96.8962 15.846 2.12347
295 97.6446 48.8131 -0.0394619
296 60.195 39.1433 1.61106
297 75.1623 29.6192 2.04156
298 83.2298 23.4335 2.26588
299 53.4729 45.4175 1.52509
300 65.1152 27.3098 2.63217
301 92.2498 27.9947 2.97907
302 56.5359 26.5433 2.19253
303 68.9398 28.9061 2.5196
304 75.4462 13.3871 2.79256
305 61.6869 79.1075 -2.63288
306 49.0119 65.9769 0.22823
307 62.2268 79.1487 -2.63481
308 94.4572 21.0162 2.2846
309 62.1004 33.8392 2.4937
310 51.8497 65.5919 -0.380701
311 99.0297 12.4862 2.14069
312 66.0937 34.4722 2.72113
313 56.4843 46.7465 1.70347
314 88.8974 33.783 2.48067
315 66.8171 30.6163 2.80108
316 56.2731 38.9263 1.43476
317 93.4142 22.0006 2.30098
318 52.8502 52.4026 1.14584
319 52.823 45.5264 2.03552
320 53.6655 43.1306 1.62552
321 87.0601 33.5048 3.05307
322 55.306 40.6525 1.97766
323 92.1288 21.6546 2.15421
324 67.5749 12.6984 1.98457
325 74.0377 32.906 2.12026
326 68.5115 24.32 2.67422
327 65.2704 29.6248 2.27777
328 59.7127 40.2511 1.40557
329 60.8064 46.7838 1.63773
330 58.7703 45.5477 1.31678
331 61.87 69.1742 -2.18231
332 58.3053 47.1466 1.40431
333 57.6233 38.7418 1.39884
334 90.2504 13.7283 2.88128
335 50.379 45.9386 1.96181
336 55.8916 42.0524 1.64956
337 89.3546 14.9177 2.31172
338 71.7128 31.9801 2.25347
339 69.6368 30.5161 2.19664
340 40.3075 38.7185 1.9368
341 89.4949 20.833 2.50854
342 90.9506 23.692 2.49893
343 72.0644 34.9692 2.12388
344 70.9192 29.28 2.4209
345 61.792 50.5943 1.65824
346 85.9608 12.0516 2.52203
347 61.1077 20.2678 3.02107
348 85.741 18.2612 2.32162
349 61.1775 17.2378 2.17361
350 67.7098 33.8436 2.66668
351 81.0736 27.213 2.73933
352 77.7982 19.5006 1.90383
353 58.3677 56.6147 1.67005
354 65.8054 23.953 2.40834
355 71.1545 22.8552 2.35451
356 58.1375 40.8996 2.17304
357 80.8672 55.4958 2.60006
358 95.0844 21.2228 2.89919
359 58.6652 29.6374 2.50133
360 81.5113 35.6226 2.71422
361 57.155 24.067 2.16732
362 45.7524 41.2094 2.33338
363 68.1721 25.5476 2.44021
364 64.4237 75.137 -2.10603
365 63.2366 34.7115 2.77811
366 52.9992 40.0496 1.66362
367 55.2284 43.6781 2.05672
368 53.4348 28.994 2.0378
369 59.6169 45.7853 1.39834
370 55.7411 53.4028 1.24445
371 90.5716 29.1154 2.21057
372 -0.00875359 16.9858 2.12959
373 54.1901 41.9598 1.45764
374 61.5128 80.2257 -2.59358
375 62.4488 36.3546 1.75336
376 -0.120646 20.0027 2.418
377 57.2421 47.2016 1.96236
378 63.2883 33.5862 2.74003
379 53.6376 46.1399 1.88715
380 70.8261 27.6604 2.72128
381 63.9554 18.1271 2.44574
382 47.4774 38.8567 1.61258
383 63.3647 47.9784 1.33071
384 61.7273 37.2306 1.97283
385 55.174 65.5235 0.0450351
386 38.8724 77.3059 1.19174
387 60.8954 24.3561 2.34854
388 74.6386 30.3943 2.39835
389 57.0546 28.0083 2.04373
390 86.0815 22.9795 2.4034
391 93.3929 19.8136 2.12199
392 56.5694 25.0818 2.14124
393 71.5121 35.3214 2.25205
394 46.603 41.0795 1.76333
395 94.6689 22.0894 2.49615
396 88.794 34.3636 2.96883
397 49.8257 49.8837 1.25929
398 57.7211 45.6075 1.64013
399 83.1735 25.5292 2.67342
400 88.2673 15.7585 2.60302
401 61.0908 44.6002 1.68672
402 66.4612 23.7122 2.53239
403 44.3442 36.9486 2.22248
404 66.1073 29.8299 2.78849
405 76.687 18.2694 1.97761
406 93.406 6.97389 2.18184
407 49.9256 39.4917 1.44345
408 52.2164 32.9514 2.5292
409 57.5344 42.5828 1.28128
410 89.1247 17.9229 2.85499
411 45.9246 48.5671 1.77813
412 75.8757 25.1478 2.91899
413 90.889 18.6371 2.8079
414 70.8223 34.587 2.37447
415 62.3262 50.5049 1.45105
416 59.2886 37.9419 1.64206
417 86.7642 15.7039 2.04755
418 93.5442 25.9026 2.62371
419 63.2076 47.0956 1.69968
420 61.2922 31.4931 2.1365
421 89.967 24.8235 2.4584
422 94.5075 19.0159 2.58521
423 56.2002 42.1399 1.767
424 93.5035 31.6018 3.14006
425 50.7977 35.8002 2.08092
426 54.8653 47.3884 1.98342
427 58.3273 80.9944 -2.85421
428 68.1668 32.8726 2.96662
429 72.7202 31.9555 2.53133
430 75.5348 31.8206 2.35665
431 63.7589 36.7531 2.11946
432 90.0569 30.6285 2.87732
433 56.5021 44.9903 1.25211
434 63.8376 29.5422 2.67017
435 63.0148 73.1361 -1.68591
436 78.8425 31.6092 2.26153
437 61.6602 26.5121 2.81111
438 8.99139 7.66341 0.750039
439 55.0979 44.6444 2.17101
440 70.2516 20.9608 2.28339
441 92.3369 6.72044 2.29575
442 49.1528 41.9974 1.31891
443 63.8583 23.4863 2.48865
444 66.0345 35.8144 2.28949
445 60.2545 20.9744 2.78677
446 68.4547 69.6481 -1.6808
447 91.9206 10.723 2.37595
448 2.23951 39.1044 2.74529
449 73.3127 21.0851 2.07465
450 91.9617 22.3232 2.77789
451 66.883 25.3538 2.68711
452 59.8367 81.7214 -2.27771
453 72.6087 26.3099 2.31522
454 57.3996 80.2696 -2.90646
455 65.8351 48.7258 1.55957
456 85.916 14.4949 2.52605
457 96.034 16.0841 2.91124
458 36.8975 37.3588 1.85247
459 66.8081 48.48 1.46701
460 61.7309 28.3207 2.6424
461 58.0254 53.828 1.6632
462 68.3925 36.2254 2.3472
463 97.4631 19.136 2.01278
464 69.7421 37.516 2.87798
465 93.6486 21.9416 2.38002
466 71.4845 31.1849 2.27302
467 54.2008 42.999 1.31929
468 56.4007 27.6881 2.34037
469 81.3604 29.2592 2.83307
470 80.3477 18.6113 2.2326
471 67.5553 33.5664 2.06127
472 68.0512 35.9411 2.76857
473 55.7894 37.6449 1.56711
474 7.48658 24.9911 -1.65389
475 91.4507 8.70167 2.76893
476 82.741 55.6897 2.61247
477 66.7267 25.1804 3.02108
478 65.2283 42.0144 2.32257
479 60.7854 49.2295 1.78742
480 0.400527 16.0451 1.90993
481 60.8376 39.7985 1.8275
482 67.2611 24.337 2.12243
483 90.1584 22.8823 2.00851
484 55.4046 31.3354 2.0993
485 55.0609 24.8733 2.6709
486 74.649 26.2245 2.77294
487 72.895 32.1713 2.52813
488 81.9967 26.6152 2.51482
489 64.3655 46.5317 1.97338
490 56.9189 59.9856 1.73764
491 69.38 27.7535 2.50043
492 68.4923 38.7338 2.84216
493 67.375 33.6973 2.57414
494 68.4692 25.5918 3.06671
495 60.9985 32.6979 2.04027
496 49.1454 46.9094 1.12887
497 95.9552 27.3548 3.17417
498 75.1036 29.6809 2.38173
499 80.0315 50.5751 2.79189
