500
Particles
0 57.1437 68.3045 -1.97163
1 89.0632 4.6284 1.25915
2 87.1577 9.36156 0.480809
3 94.7899 46.8232 2.58648
4 88.1615 92.7982 1.24812
5 5.45508 11.7904 0.983469
6 97.0248 3.78995 1.67471
7 46.4312 1.87405 -0.287553
8 65.6546 63.8774 -1.75106
9 67.2213 69.9774 -1.20921
10 88.9094 22.5265 2.209
11 43.2233 98.7042 0.492886
12 92.2416 17.7663 1.58117
13 69.1626 17.4664 -2.53503
14 91.2157 94.529 1.22675
15 99.1453 22.5977 1.54394
16 0.088624 47.0241 2.73525
17 78.3139 19.4704 2.5542
18 91.7201 2.89796 1.1016
19 86.0574 81.3907 0.956475
20 92.0411 48.2855 2.84062
21 0.436578 0.308245 0.662904
22 85.8927 19.717 2.31328
23 80.4958 21.8752 3.28067
24 25.0189 62.0548 3.10048
25 3.71665 17.1077 1.19899
26 23.2096 11.4486 0.936962
27 50.6951 1.00477 -0.668773
28 52.7901 70.9391 -1.43933
29 81.4457 22.3362 2.68164
30 92.9457 11.5763 1.23621
31 85.6395 65.8289 0.520275
32 89.4167 47.2511 3.1879
33 88.2189 7.97415 0.840938
34 85.8439 33.7436 2.9867
35 48.6073 68.6409 -1.18793
36 43.1271 99.7212 -0.282493
37 98.8798 6.37666 1.37805
38 86.6775 11.5705 0.981458
39 87.1599 94.0488 0.761597
40 86.0388 15.9535 1.09271
41 68.4689 20.3352 -2.96815
42 63.8655 70.1079 -1.49157
43 96.7569 29.4854 1.50086
44 90.2193 8.82211 1.40532
45 70.0209 73.7592 -1.26805
46 58.2855 72.1868 -1.33757
47 76.377 15.2717 -2.51627
48 63.7491 61.6314 -1.70807
49 5.06009 11.0297 0.811947
50 73.9737 65.403 -1.49966
51 61.6228 75.1635 -1.34655
52 96.7652 78.6047 -0.327242
53 43.9128 99.2585 -0.137662
54 82.1011 21.8618 2.75141
55 59.9968 15.5991 1.31382
56 81.4386 30.3678 2.60986
57 26.3181 34.5521 1.40839
58 79.4376 25.1769 3.4292
59 4.41567 14.7641 0.599138
60 96.9331 7.11984 1.07606
61 62.4592 66.2511 -1.3402
62 51.8719 73.2819 -1.15353
63 88.4568 1.13138 1.42194
64 94.6469 6.41664 1.47397
65 57.3702 30.4251 -2.31662
66 99.1293 9.91275 0.821864
67 42.2294 58.9673 -1.88195
68 54.9633 26.2332 -2.38356
69 54.4173 77.2906 -1.48433
70 98.6662 4.19221 1.13684
71 47.5968 33.6212 -2.44321
72 95.0682 7.30606 0.748396
73 49.7599 52.1838 -1.61951
74 46.0816 18.3934 -2.21259
75 60.5315 9.21825 2.32489
76 52.9591 77.9157 -1.95622
77 93.4386 6.34914 1.08669
78 92.8931 10.7713 0.625792
79 94.3493 1.53613 1.41001
80 51.4492 78.6921 -1.59776
81 96.7943 10.3084 1.1925
82 20.4656 72.6029 0.0734379
83 93.9768 99.4178 1.38023
84 12.2268 28.5568 -0.0248371
85 42.6055 70.4286 -1.61008
86 47.3823 86.9716 -1.68061
87 56.3754 19.6602 -1.76769
88 93.9897 91.2957 0.857332
89 21.5566 12.6718 1.13306
90 31.9456 98.7232 0.114677
91 85.2584 64.6768 0.272657
92 56.7701 13.9337 1.17246
93 79.8815 25.6891 3.12794
94 74.3245 52.0952 -0.454608
95 52.7863 71.6213 -1.64744
96 95.7995 3.74939 0.914004
97 99.2825 7.87299 1.4435
98 28.8537 9.34449 0.861919
99 94.1491 42.5264 2.42347
100 96.0714 76.7262 -0.176408
101 91.5276 2.65392 0.853296
102 67.5749 64.6045 -1.41449
103 37.4381 46.6061 -1.37107
104 59.4529 68.884 -1.33108
105 31.8189 98.3376 0.212722
106 80.4732 33.0407 3.28046
107 58.4452 57.138 -1.50367
108 63.4536 73.5836 -1.7161
109 61.1916 60.5765 -0.931715
110 88.9139 15.0827 0.856683
111 99.5983 5.76599 1.08948
112 70.9192 64.5333 -1.64301
113 73.9336 21.8867 -3.41084
114 97.8192 25.8361 1.21741
115 44.4808 57.4479 -1.5845
116 97.418 11.5171 0.920088
117 12.2488 20.5253 0.794171
118 98.786 47.0892 2.40433
119 79.5389 25.6143 3.01575
120 13.0158 16.8435 0.806349
121 84.9451 52.3874 -0.744347
122 73.4161 52.1978 -0.592752
123 90.3241 2.10535 1.56265
124 60.068 26.222 -1.76973
125 56.9095 30.3334 -2.65371
126 77.1081 61.766 0.15446
127 59.2366 26.9023 -2.50842
128 24.513 63.3286 3.37058
129 58.7979 68.4284 -1.25032
130 57.0826 75.5425 -1.66587
131 89.5558 20.2317 2.04286
132 39.2078 99.1699 -0.235286
133 36.8224 1.21584 -0.51963
134 6.34668 10.8124 0.414403
135 1.55376 4.02356 1.11757
136 38.3378 8.14994 0.193592
137 1.02978 5.04679 1.3925
138 72.5055 54.7998 -0.266883
139 48.3448 77.1581 -1.43297
140 65.2993 66.7432 -1.37522
141 55.1325 31.9487 -2.28701
142 96.2392 96.9111 0.458241
143 71.9751 73.5845 -1.48036
144 100.013 6.87611 0.887117
145 54.7758 54.8257 -0.79371
146 57.0956 74.2214 -1.4944
147 86.6767 6.35347 1.33876
148 56.2207 74.4078 -1.56193
149 100.108 9.63251 0.966366
150 62.5742 69.4392 -1.67905
151 51.8821 71.894 -1.37427
152 50.7023 33.4787 -2.21672
153 59.903 69.8943 -1.49786
154 73.4887 73.6921 -1.64765
155 38.8966 2.16665 -0.626062
156 66.3016 65.2206 -1.89504
157 69.0899 76.5766 -1.50981
158 13.0595 11.0318 0.562738
159 95.7263 23.2527 1.49447
160 91.5354 10.6262 0.547704
161 83.8222 60.8643 0.957627
162 71.61 67.8166 -1.76535
163 59.6809 22.7316 -1.75118
164 0.938274 77.1288 0.246727
165 47.3765 66.8935 -1.23631
166 54.6009 26.5145 -1.63024
167 5.10805 4.51788 0.958185
168 91.4733 3.64292 0.66642
169 97.9165 31.8238 1.5718
170 86.9257 5.26631 0.559069
171 96.2775 3.37208 1.33444
172 50.6108 56.1784 -1.61356
173 65.2525 67.3295 -1.96321
174 1.45053 13.1758 0.932384
175 81.8082 66.3337 0.398658
176 96.162 23.3346 1.58695
177 41.7929 72.1146 -1.42477
178 4.30817 38.2609 2.51443
179 54.5019 70.352 -1.13894
180 72.891 23.1985 -2.98811
181 70.1121 69.2587 -1.61461
182 80.3792 31.6923 3.42017
183 81.0087 6.44231 -0.158037
184 2.43052 20.8723 0.661473
185 68.7483 9.94189 -3.57512
186 72.61 52.8533 -0.718618
187 68.3747 64.7947 -1.10825
188 88.3195 99.0162 1.20209
189 94.4958 11.0918 1.51572
190 96.6993 13.8237 1.38372
191 99.4523 8.72703 1.3803
192 45.0581 70.8539 -1.14581
193 61.0859 63.3811 -1.58806
194 36.2264 10.194 0.728824
195 94.9093 4.0214 0.783876
196 9.07236 10.653 0.430886
197 49.7255 86.9433 -1.53216
198 22.6872 68.8705 0.355621
199 11.0804 11.4637 0.638612
200 1.98959 1.44112 1.11814
201 84.4373 92.5908 0.662251
202 94.1735 78.9701 -0.231101
203 62.5268 83.1283 -1.1596
204 2.80811 11.2419 1.14073
205 53.0782 55.1508 -1.35183
206 21.988 32.7708 2.12022
207 8.61621 18.032 1.04913
208 1.93343 22.8428 0.925698
209 92.5876 20.3018 1.4101
210 93.9253 5.85259 1.1053
211 85.978 20.0789 2.49246
212 37.7464 99.2567 -0.32356
213 57.8416 77.6287 -1.27
214 91.3255 98.9724 0.886643
215 75.1538 27.7523 -2.92923
216 71.2933 77.4513 -1.36438
217 98.6541 2.12606 1.20229
218 65.6632 79.3639 -1.16937
219 81.0497 19.443 3.16063
220 12.0627 2.83538 1.07648
221 65.5842 77.5483 -1.66586
222 97.4205 6.03838 0.742146
223 65.083 9.11355 2.77612
224 95.6561 44.9919 2.97386
225 44.9438 0.316842 -0.997553
226 66.2734 70.7911 -1.95231
227 66.0063 62.6326 -1.11748
228 50.6695 87.9659 -2.16714
229 67.2155 72.7583 -1.82194
230 64.7816 22.7245 -2.36486
231 94.7443 6.95874 0.919239
232 85.8611 62.4425 0.747655
233 34.458 45.2821 -1.33166
234 9.37103 13.221 1.16798
235 81.8134 28.7146 3.42527
236 66.6193 66.4035 -1.74276
237 96.1015 9.6526 1.19555
238 82.8012 25.0376 3.16788
239 89.7457 95.7968 1.29968
240 91.673 18.7521 1.4006
241 94.5945 10.4362 0.865203
242 62.5061 75.423 -1.46412
243 0.103327 3.56175 1.73554
244 80.9407 59.0557 0.935235
245 61.8861 75.0622 -1.15918
246 77.8907 48.4468 -0.199138
247 62.2232 26.5719 -2.49399
248 92.511 96.53 0.471
249 99.9968 10.3569 0.764535
250 53.9021 98.5684 -0.999899
251 90.6096 11.0654 0.771738
252 46.5079 3.82917 -0.912193
253 69.269 10.8883 -3.11259
254 87.4847 19.7798 2.06196
255 99.4532 10.1523 1.06061
256 63.4006 74.0249 -1.96783
257 76.6016 51.0745 -0.940733
258 70.6982 65.8246 -1.52733
259 82.2483 33.848 3.2355
260 6.79938 11.2593 1.05427
261 74.0578 18.0707 -3.62888
262 70.3407 70.9595 -1.70687
263 39.9763 77.398 -1.1773
264 89.3349 7.94377 1.2392
265 37.9171 44.0379 -1.6777
266 44.9346 72.8384 -1.96925
267 92.8189 6.83439 1.20828
268 83.211 17.6168 2.79695
269 43.9631 96.5462 0.529454
270 79.113 26.6526 3.151
271 81.8893 29.4515 2.82426
272 52.0723 87.6737 -2.23368
273 8.55312 12.7118 0.445113
274 40.0963 75.3911 -1.37822
275 62.4879 67.7728 -1.17543
276 31.2756 8.4178 0.993764
277 49.3181 54.9906 -1.75516
278 87.7034 3.67298 0.662263
279 65.4631 77.0782 -1.23928
280 94.938 96.1781 0.545674
281 73.7991 57.2661 -0.954835
282 80.1048 21.9773 3.19738
283 3.97393 8.49441 1.15984
284 95.5479 11.3246 0.799809
285 98.1648 3.42764 1.00774
286 61.9271 25.5584 -1.93923
287 75.4635 48.7507 -0.109964
288 95.8105 45.0169 2.50695
289 90.0989 8.79937 1.13049
290 60.3036 64.9229 -1.33504
291 91.0378 4.93053 0.870143
292 97.7861 31.8164 1.25808
293 39.9857 74.7516 -1.53648
294 82.5742 22.8327 2.73038
295 47.9233 6.56505 -0.425593
296 1.67576 22.5105 0.868627
297 68.9046 69.4603 -1.28039
298 91.4138 6.54146 1.10331
299 3.49702 5.77898 0.61797
300 40.3551 69.017 -1.57559
301 98.0455 8.59508 0.936157
302 87.6658 12.1148 0.724021
303 67.4417 59.8173 -1.31267
304 89.3941 1.85708 1.36631
305 95.6968 11.8101 0.553091
306 43.5597 1.96375 -0.254917
307 92.373 8.62748 0.780603
308 75.7734 22.0581 3.1423
309 43.8297 75.1639 -1.1088
310 47.4159 100.021 0.482298
311 73.2455 13.5655 -2.87356
312 62.0534 76.3171 -1.61646
313 50.2345 71.7286 -1.46015
314 3.0148 46.3458 2.97948
315 63.6127 65.4695 -1.3245
316 1.25241 3.53658 1.20807
317 96.3712 99.2104 0.707046
318 92.8714 20.7868 2.0559
319 99.1927 6.24596 1.51355
320 98.2655 6.5065 0.875233
321 80.7477 18.573 2.59051
322 98.5837 5.34553 1.2555
323 94.8808 100.239 0.818115
324 93.0202 11.6929 0.792343
325 66.58 72.9538 -1.9371
326 90.703 38.2115 3.19229
327 47.1975 75.2372 -1.94718
328 1.7918 23.2628 0.644662
329 91.3085 46.1786 2.42633
330 53.7247 73.4104 -1.8684
331 38.4095 98.6384 0.24726
332 91.0882 46.5911 2.41484
333 18.2443 69.5244 0.435076
334 86.9163 94.0206 1.23724
335 99.9075 6.87197 1.35582
336 7.58982 1.51933 1.27906
337 89.5033 96.0289 0.857349
338 65.8524 70.9242 -1.30189
339 89.4901 36.9647 2.58208
340 92.7781 4.33035 1.41107
341 88.3083 0.309457 0.634665
342 91.6115 4.37069 1.156
343 67.9673 76.4903 -1.09797
344 68.321 62.0391 -1.39539
345 96.9273 28.48 1.30508
346 69.2161 20.898 -3.138
347 31.3342 8.78429 0.447234
348 91.2796 98.4775 0.577688
349 95.6853 12.4109 1.47637
350 62.591 73.189 -1.42817
351 69.0865 66.6946 -1.90422
352 89.4877 5.40046 0.685084
353 48.9891 14.4445 -2.23437
354 49.2869 30.8687 -1.8419
355 90.3827 23.832 1.44285
356 91.68 43.9276 2.79137
357 41.3683 100.043 0.418034
358 76.5382 22.1142 2.67448
359 10.7412 17.9747 1.0223
360 74.5287 77.1385 -1.34102
361 1.46773 13.2639 1.0231
362 96.4017 4.04329 1.29185
363 50.7375 84.0106 -2.33231
364 90.2296 7.55231 0.530746
365 58.4934 71.7431 -1.61544
366 1.27222 3.28804 1.3099
367 59.2288 58.0341 -0.778204
368 54.692 73.3112 -1.53119
369 99.6015 26.3002 1.302
370 95.5312 18.5241 1.59517
371 98.8903 10.9402 1.38342
372 83.4195 23.3971 2.56401
373 72.1302 24.5837 -3.0099
374 91.0018 9.9866 1.47744
375 57.2822 70.3886 -1.68138
376 61.796 57.6215 -1.60439
377 39.4144 52.7781 -0.958445
378 61.5601 73.8107 -1.78508
379 10.4709 5.73783 0.432897
380 66.5717 70.0587 -1.92676
381 34.4146 8.35731 0.635129
382 96.0188 3.02237 1.13381
383 3.24302 46.6451 2.69734
384 10.9601 24.3635 0.187025
385 48.9711 0.676629 -0.404382
386 43.2376 4.87801 -0.294664
387 41.0572 69.13 -0.806689
388 68.8027 71.781 -1.64432
389 9.09396 12.6337 0.317851
390 90.4757 5.59432 1.28236
391 78.3644 22.4185 2.95133
392 90.4105 15.024 0.925175
393 66.56 74.8556 -1.94442
394 97.6974 4.13005 1.66205
395 74.6664 18.7869 3.59626
396 79.5911 18.8042 3.30731
397 2.17042 10.3465 1.08028
398 89.0793 18.9227 1.8917
399 42.2415 56.0717 -1.87044
400 92.2032 94.4941 1.00761
401 56.4546 24.6569 -1.86542
402 52.4561 83.179 -2.39344
403 94.2629 2.48634 0.884008
404 24.0311 32.1809 2.05522
405 88.604 3.41343 0.560866
406 64.7907 21.3311 -2.45315
407 98.1482 2.56966 0.86276
408 70.2423 24.3731 -3.25904
409 3.95116 4.75086 1.21974
410 90.3059 95.6264 0.705029
411 99.074 25.3975 1.37266
412 52.0673 82.1971 -1.64213
413 76.3077 18.3617 3.41758
414 64.3741 72.5957 -1.60944
415 96.5662 31.403 1.60161
416 0.281757 19.9573 1.53114
417 94.5627 97.2635 1.22359
418 96.4898 4.88784 1.29961
419 89.0971 83.2641 1.1176
420 12.0202 18.734 1.5608
421 91.0152 3.15579 1.02034
422 80.3038 26.4244 2.61959
423 54.0888 40.2096 -2.43548
424 95.7766 24.3641 1.8019
425 0.473535 99.4725 0.877265
426 46.974 55.8382 -1.8296
427 90.2065 10.9951 0.500169
428 61.0059 72.2515 -1.06215
429 65.2982 71.7549 -1.11657
430 81.387 60.9686 0.37361
431 61.4031 71.2427 -1.69233
432 67.3253 64.9048 -1.4113
433 47.4912 58.3755 -1.36879
434 86.3395 22.8562 2.43015
435 86.4056 5.93967 0.810628
436 70.0527 70.7827 -1.06715
437 29.5463 13.3309 1.19245
438 84.3313 93.9066 1.03202
439 48.8432 56.7546 -1.0494
440 51.6786 29.021 -2.05139
441 99.5302 80.8473 0.295879
442 96.0244 6.20889 1.29373
443 47.3048 31.1645 -2.45451
444 62.7178 72.8453 -1.38276
445 98.1006 11.4908 0.683407
446 69.7612 14.0886 -3.08407
447 64.9304 26.0157 -2.26641
448 98.7697 23.2698 1.53422
449 97.6703 9.88249 1.05084
450 92.5583 100.218 0.720967
451 50.2959 79.1898 -2.12526
452 95.2113 11.006 0.740558
453 67.8974 68.1455 -1.19731
454 76.9954 28.7296 3.36982
455 51.7458 24.8971 -2.10621
456 89.3976 93.3846 1.20609
457 82.5129 26.0367 3.17461
458 95.6213 49.6671 2.4332
459 52.9565 39.402 -2.52148
460 6.08932 12.3025 0.400643
461 33.1462 97.5832 -0.125618
462 64.0952 74.6237 -1.79476
463 63.7172 56.8667 -1.39209
464 65.2084 79.4527 -1.7448
465 77.7621 23.2338 3.16813
466 68.651 74.5465 -1.50591
467 0.659747 4.78428 0.698497
468 3.94916 15.0085 1.05289
469 66.0239 69.6009 -1.12312
470 91.159 1.69958 0.611907
471 63.7956 75.1875 -1.11928
472 63.5172 76.6295 -1.71846
473 71.953 29.2889 -3.19119
474 98.3968 22.4038 1.82109
475 67.254 20.23 -2.16837
476 38.9473 1.30169 -0.583361
477 25.1558 37.1716 1.31305
478 84.041 65.2877 0.438884
479 99.2698 29.1558 0.96215
480 82.8271 25.4814 2.53429
481 3.75016 20.7417 0.725938
482 32.8392 7.81428 0.92918
483 94.0842 1.06783 0.694255
484 89.1469 14.3559 0.824863
485 87.0947 11.2551 1.26279
486 67.6243 67.8767 -1.55548
487 70.9738 76.5214 -1.2128
488 44.4976 62.0405 -1.28531
489 54.0386 26.8498 -2.5023
490 47.5464 4.68729 -0.343744
491 75.4706 53.5019 -0.863005
492 62.3809 73.3977 -1.72739
493 69.806 57.191 -0.455195
494 76.6585 47.6715 -0.756895
495 38.0067 60.4389 -2.03152
496 97.2573 9.58634 1.26651
497 96.2622 18.6137 0.968535
498 65.932 72.4013 -1.19554
499 53.687 36.9712 -3.00552
