500
Particles
0 61.3094 17.4211 2.80778
1 88.2549 11.0472 2.98953
2 70.3266 84.7811 -2.50772
3 61.5126 37.2636 1.21157
4 99.7056 6.44224 2.15777
5 70.9261 14.9852 2.44879
6 53.1066 25.4925 2.03926
7 59.1999 50.6163 0.957371
8 89.664 18.6236 2.51688
9 89.796 21.2876 2.59716
10 80.3482 17.8752 2.72087
11 35.3794 66.0401 0.663963
12 52.3046 38.8433 1.63217
13 1.5817 97.1242 2.45397
14 0.0152309 8.0465 2.24146
15 7.44858 35.9176 -1.89037
16 86.3261 22.1501 2.66088
17 97.7025 33.4251 -2.16435
18 98.4483 15.6627 2.31492
19 63.7788 32.8384 1.61478
20 56.6401 38.1087 1.37088
21 46.3727 25.6762 1.99558
22 75.3563 26.8741 2.93634
23 3.57259 2.16275 2.01849
24 60.0367 41.7121 1.93827
25 68.2582 21.6858 2.48583
26 70.952 11.571 2.78943
27 26.1817 57.9848 -0.161487
28 60.1387 22.4222 2.54044
29 8.6499 97.9813 2.30896
30 71.6911 91.9811 -2.36745
31 71.5975 26.6421 2.1247
32 56.9492 36.5749 2.02043
33 72.7223 82.1576 -3.03523
34 72.9337 23.3 2.88431
35 96.6961 22.7258 2.69329
36 30.5063 69.1189 0.957001
37 53.59 31.5554 1.36192
38 64.2465 21.9404 2.53551
39 1.1696 4.1239 2.00879
40 77.1209 24.1437 2.01872
41 98.7968 3.26826 2.28781
42 83.1282 24.4678 2.12616
43 60.1275 37.9823 1.43111
44 88.1196 13.8905 2.4464
45 83.5397 21.3215 2.58537
46 74.0103 26.735 2.4679
47 83.7442 41.9675 2.11724
48 77.0121 23.3066 2.59698
49 69.3555 17.0833 2.21054
50 4.34731 24.4908 2.89194
51 77.445 28.9715 1.97192
52 59.1284 40.0541 1.82113
53 29.2955 68.8056 0.650181
54 3.06191 7.01556 1.95524
55 69.5462 34.3619 1.69806
56 4.79502 9.0994 1.85711
57 79.4791 14.005 2.45875
58 0.347287 11.1272 2.37291
59 65.8451 21.0975 2.25203
60 2.63845 20.7374 2.25775
61 80.9497 22.4702 2.20363
62 87.9081 16.7205 2.39567
63 86.2921 5.72443 3.15311
64 50.5197 30.2758 1.95492
65 69.3631 38.4086 1.43743
66 0.242969 22.9193 2.67117
67 0.936011 23.0534 2.70207
68 68.6607 35.7471 1.59735
69 85.0776 15.2479 2.59257
70 51.4948 28.7432 2.09675
71 71.9765 22.1186 2.20083
72 0.948906 18.7856 2.85495
73 55.3125 30.9394 1.35221
74 78.4966 16.2596 2.17723
75 63.2617 45.4088 1.3029
76 80.4972 14.4768 2.97548
77 53.3997 28.4933 1.45716
78 71.2711 9.14829 2.64457
79 2.08152 12.9219 1.87516
80 76.8091 19.5288 2.54201
81 -0.0619803 22.0467 2.14755
82 63.8949 29.7459 2.32034
83 98.2779 11.3963 2.4304
84 71.156 31.6359 1.99349
85 76.7674 20.7255 2.25181
86 77.4985 18.6777 2.61341
87 62.909 27.7793 1.85718
88 64.4027 33.402 1.89207
89 75.1324 15.3956 2.30348
90 58.9998 41.6847 1.88806
91 68.989 26.3206 2.34008
92 63.0144 26.6098 1.84817
93 98.3232 7.3845 2.13697
94 78.9578 22.3659 2.20199
95 60.287 32.7172 2.05742
96 46.0797 28.5788 1.47246
97 54.2797 32.2141 1.53124
98 75.2452 15.6901 2.54237
99 61.9843 26.5418 2.17324
100 61.3336 40.4945 1.62954
101 1.0614 16.9783 2.36211
102 81.5208 19.9181 2.35929
103 71.8224 19.4486 2.98136
104 78.9308 26.4108 2.33634
105 56.4486 43.1663 1.48882
106 1.83868 7.54034 1.88621
107 59.1345 20.3996 1.8916
108 76.7716 27.3295 2.7623
109 7.09289 12.1895 1.91826
110 86.4285 48.9408 0.904343
111 53.8399 30.6314 1.15999
112 58.4962 36.7686 1.3707
113 56.327 24.5762 1.51631
114 44.1374 34.7435 1.38537
115 52.4773 37.9946 1.79489
116 78.5988 12.6564 2.65593
117 69.4081 25.1678 1.97668
118 56.0364 38.7609 1.95594
119 1.62863 8.22536 1.83174
120 68.5369 20.7125 2.40545
121 93.1339 19.9221 2.92672
122 77.9349 23.8556 2.29061
123 94.799 13.3255 2.61833
124 98.7262 93.3603 1.58827
125 68.5059 33.8213 1.96135
126 84.5876 30.5744 2.01678
127 99.6273 99.7848 2.11961
128 62.0684 41.8334 1.62984
129 67.7458 86.5534 -1.91214
130 62.0716 23.2798 2.55108
131 78.709 16.9691 2.79021
132 73.913 35.6742 2.00259
133 73.2954 37.6253 2.23505
134 69.3339 15.896 2.99188
135 57.0457 29.4192 1.18287
136 77.3046 16.1009 2.23144
137 51.8093 30.2495 1.37611
138 79.489 21.3157 2.38659
139 70.4681 20.0386 2.57969
140 81.6943 17.8105 2.18996
141 69.8009 35.8934 2.14079
142 0.692934 10.6459 2.16381
143 86.8397 24.2632 2.09197
144 51.0899 33.3979 1.12208
145 66.5356 87.9318 -2.55413
146 62.6381 20.8538 2.10986
147 70.6725 80.7912 -2.52686
148 60.5437 30.2308 1.95433
149 -0.197284 21.6749 2.10613
150 84.1831 22.8127 2.92006
151 58.6575 35.1184 1.47144
152 78.4265 14.5854 2.52405
153 75.7206 25.2983 2.56782
154 86.5353 22.6031 2.33732
155 75.8734 39.1955 2.00178
156 94.251 19.5028 2.10146
157 82.772 31.6666 2.74861
158 70.2993 13.7322 2.56867
159 87.9625 28.5349 2.85189
160 72.6594 87.0618 -2.29709
161 84.7847 27.0169 2.98904
162 99.4139 24.662 2.53574
163 67.8459 32.5354 2.20238
164 66.4764 41.6009 2.04667
165 96.5702 20.7869 1.92937
166 65.3143 32.3335 1.9448
167 57.4458 32.8817 1.64549
168 -0.129736 14.4356 2.75713
169 63.4228 39.4797 1.62307
170 88.6848 3.8963 2.92171
171 52.8484 25.6581 1.7549
172 58.9065 18.4865 2.49851
173 83.4237 18.3148 2.76369
174 70.4139 13.1879 2.91209
175 72.5656 33.2546 2.33553
176 3.4149 33.862 -2.08975
177 73.399 20.2073 2.38528
178 62.5756 40.9706 1.53391
179 60.4658 23.175 2.19338
180 55.77 25.7021 2.07723
181 89.9054 22.9318 2.87892
182 5.72508 9.17366 2.1672
183 63.1231 17.9957 2.95139
184 65.7838 27.665 2.75993
185 71.4932 39.5061 1.90162
186 79.4773 24.8874 2.95221
187 58.4184 36.2146 1.94096
188 95.0359 10.7481 2.40386
189 71.5797 88.1213 -2.02187
190 70.2587 14.075 2.65599
191 52.5047 34.578 1.65769
192 76.5486 15.2842 2.25618
193 73.4326 27.7554 1.99953
194 75.3792 17.7688 2.0828
195 50.8645 26.9826 2.03657
196 71.9396 19.8715 2.3806
197 78.0683 18.041 2.961
198 61.8837 26.4205 1.82343
199 71.1787 16.0873 3.16816
200 55.8512 28.4289 1.34661
201 7.93892 96.075 2.66036
202 60.5211 41.1497 1.20335
203 87.7476 29.4173 2.41271
204 71.83 12.6957 2.55569
205 57.9084 30.7306 1.1537
206 74.8466 19.9771 2.44292
207 68.2461 24.2006 2.87902
208 67.5106 30.6873 1.93829
209 57.1449 38.2087 1.76104
210 2.32484 18.8547 2.14209
211 77.3439 23.8565 2.85027
212 72.8073 37.0395 1.82265
213 61.0904 33.3094 1.39128
214 91.6329 7.8772 2.92119
215 56.9666 21.637 2.13477
216 84.1134 26.4736 2.20798
217 50.8205 25.124 1.51305
218 84.9753 38.4182 2.18604
219 99.3252 34.2531 -2.7468
220 56.6284 31.1379 1.12246
221 78.3056 29.8176 2.22483
222 55.2 31.7317 1.20321
223 56.8322 45.5822 1.26668
224 59.8805 37.6061 1.24662
225 37.3473 64.9751 0.684069
226 86.5256 20.585 2.8137
227 79.12 25.2111 2.41998
228 80.0128 19.9326 2.23102
229 81.5066 20.9963 2.61943
230 2.66665 99.0767 2.21021
231 6.27297 19.7097 2.95687
232 70.1845 27.7151 2.5719
233 72.8087 23.1876 2.69254
234 70.2113 19.7554 2.48071
235 4.38572 6.75519 2.58562
236 86.6005 19.547 2.99742
237 72.6423 87.9566 -2.43911
238 4.10863 6.83634 2.3443
239 97.7366 7.90335 2.68755
240 48.4185 34.7424 1.94337
241 90.2744 17.3506 2.633
242 79.6898 28.3224 2.89403
243 56.7642 27.3443 1.85276
244 87.3959 28.2315 1.99758
245 77.0933 27.4968 2.75113
246 79.4795 20.1667 2.57803
247 88.5517 97.515 2.37338
248 99.3633 9.31001 2.09505
249 77.0073 14.9579 2.24895
250 24.1846 60.3244 0.518212
251 69.3109 86.4941 -2.77236
252 55.9267 48.7122 1.47084
253 58.3763 39.3431 1.95962
254 79.9441 18.6631 2.6638
255 98.9349 20.3631 2.37274
256 80.5692 26.474 2.33451
257 79.3095 20.15 2.17629
258 92.3025 21.0666 2.27086
259 5.17636 8.06464 1.74567
260 72.9019 16.2152 2.65644
261 1.24737 9.30611 1.91981
262 83.7499 22.4563 2.2509
263 70.9439 27.6909 2.71205
264 71.6771 82.649 -2.9854
265 77.4987 17.3999 2.06602
266 73.7855 18.1555 3.03468
267 46.6922 31.0263 1.86734
268 70.7973 22.7738 2.03478
269 27.6254 60.4461 0.406365
270 3.27884 11.6436 2.72564
271 6.68558 8.84461 2.53325
272 59.6936 33.351 1.16993
273 71.1898 20.3855 2.25969
274 73.8214 25.8017 2.03596
275 79.7162 18.9544 2.17855
276 74.5762 18.2065 2.77334
277 59.6465 25.5115 1.40017
278 84.7053 9.42875 2.69454
279 80.4795 29.536 2.1408
280 3.61752 10.8335 2.03897
281 79.988 24.0793 2.31812
282 2.22967 7.65898 1.88008
283 53.9171 37.1232 1.21896
284 83.7305 13.1753 2.59885
285 53.3143 28.9428 1.84222
286 97.6416 2.92425 2.24222
287 77.4996 21.1144 2.21354
288 62.9339 33.8001 1.75397
289 84.4101 14.0963 2.7824
290 73.77 24.1624 2.75457
291 90.86 13.323 2.65475
292 64.1835 38.677 1.90004
293 71.5623 24.2587 2.2599
294 4.89335 6.24994 1.74854
295 89.8679 40.8524 1.30742
296 66.655 28.7388 2.14351
297 85.2367 22.3086 2.91929
298 93.5166 16.5927 2.15445
299 55.0494 33.0065 1.88801
300 75.6505 20.5006 2.66451
301 2.10135 20.5346 2.06289
302 65.4826 17.8512 2.72999
303 79.3712 22.1278 2.32104
304 86.3768 8.01495 2.64964
305 71.2107 87.1105 -2.49292
306 36.6881 64.6751 0.071296
307 72.4228 86.0689 -2.31124
308 2.53924 11.6 2.46238
309 72.4599 26.7559 2.11427
310 39.4202 64.3516 0.534903
311 4.55125 1.39286 1.83846
312 76.1111 26.8513 2.46628
313 58.7008 34.5846 1.16193
314 99.5488 27.634 1.94956
315 77.3897 23.8715 2.32424
316 57.6413 26.5476 1.48438
317 1.97984 13.0167 2.67797
318 54.5327 40.0899 1.80362
319 54.3889 33.4268 1.22288
320 54.2621 30.86 1.75063
321 98.9618 31.5206 -2.23145
322 57.4239 28.3598 1.18969
323 0.597253 12.5256 2.01786
324 78.4417 7.82156 2.95278
325 83.7866 25.1398 2.75632
326 79.2826 17.7534 2.46092
327 74.9586 21.8022 2.19228
328 64.8784 29.1148 2.57921
329 62.5911 34.589 1.85868
330 59.3929 33.2736 1.15784
331 71.3143 76.913 -3.1033
332 59.7129 34.7547 1.78394
333 62.2359 27.3172 2.56626
334 99.8611 6.02349 1.77799
335 51.6049 33.4692 1.7402
336 56.5055 29.6192 1.25464
337 98.0455 6.46264 2.45575
338 81.7606 24.3637 2.39954
339 79.6845 23.3975 2.92397
340 43.9984 26.951 1.62235
341 98.1371 11.5316 2.38442
342 -0.0818628 15.1872 2.66364
343 82.4702 27.8553 2.62731
344 81.1496 21.9218 2.30183
345 63.4142 38.2282 1.79227
346 96.0176 4.6323 2.89064
347 70.5538 12.4161 3.32373
348 94.9844 9.86175 2.59088
349 70.8414 9.96376 2.67734
350 77.9652 26.6244 2.36766
351 91.8117 20.9056 2.61834
352 88.0256 12.624 2.17765
353 58.6078 44.3057 1.41595
354 76.4616 17.3674 2.80883
355 81.5617 15.8005 2.7475
356 61.3253 28.9066 1.65537
357 85.638 44.2486 1.38324
358 4.56574 13.0771 1.96667
359 68.1736 21.5608 2.604
360 91.5019 28.048 2.07492
361 67.4239 17.1201 2.5474
362 48.0437 28.9102 1.60717
363 78.6274 18.3756 2.12957
364 73.4443 83.8103 -2.95838
365 73.3909 27.5986 2.55619
366 54.3814 27.7696 1.85274
367 57.909 31.5267 1.44061
368 62.5024 20.7898 2.58976
369 61.5446 33.4191 2.02457
370 55.7916 40.9981 1.7098
371 0.60897 21.9972 1.98262
372 6.68849 6.53467 2.63898
373 55.1686 29.5952 1.44296
374 70.8298 88.3517 -2.73498
375 71.1714 27.5499 2.53486
376 7.52398 10.0451 2.569
377 57.3573 34.7522 1.53734
378 73.5596 26.2772 2.12901
379 55.1236 33.6851 1.84773
380 81.1391 20.6135 2.43613
381 74.064 11.217 2.62332
382 49.7084 26.4448 2.14951
383 64.6302 35.7259 1.87122
384 70.0089 27.8453 2.72222
385 43.4289 63.2272 0.812717
386 30.614 68.2397 0.45111
387 71.1904 17.5428 3.04198
388 85.0746 23.539 2.34845
389 66.017 19.2851 2.67821
390 95.4816 14.8179 2.47569
391 1.49132 10.4943 2.28599
392 66.973 17.945 2.29801
393 82.0522 28.6789 2.87548
394 49.6318 28.8921 1.98091
395 2.60844 12.6242 2.71696
396 -0.337836 31.923 -2.37264
397 51.228 37.569 1.99126
398 59.7363 33.1078 1.39857
399 92.8341 17.4372 2.15073
400 97.5754 7.54852 2.1181
401 65.7407 32.9781 1.68882
402 76.8594 17.0283 2.07685
403 48.5037 25.138 1.32133
404 76.1453 22.3346 2.06964
405 87.4168 11.9291 2.43719
406 99.5596 96.3673 2.22446
407 51.9632 27.4116 1.26178
408 58.1186 22.2294 2.18095
409 57.8623 30.2028 1.58333
410 97.7403 8.88344 2.71994
411 47.6052 36.3916 1.57128
412 86.1305 17.9581 2.00874
413 -0.154615 9.80306 2.52459
414 80.7301 27.4566 2.83395
415 63.6752 38.1176 1.51655
416 65.7104 27.3383 2.39549
417 96.1188 7.43154 2.26545
418 3.29153 18.5107 2.2116
419 65.378 34.8689 1.23114
420 70.8455 23.7073 2.12058
421 98.1665 15.4805 2.64897
422 2.28635 9.12608 2.5396
423 56.9293 29.5028 1.5667
424 1.97737 31.8268 -2.03521
425 53.222 23.6562 1.24595
426 55.5667 34.9349 1.35091
427 67.8764 88.9752 -2.01204
428 78.4632 25.8268 2.78633
429 83.0319 24.7528 2.28532
430 85.8003 24.6631 2.63981
431 73.4632 29.0831 2.59812
432 -0.165764 22.821 2.87353
433 57.8219 32.4217 1.64786
434 74.6297 23.2983 2.22161
435 71.83 81.553 -3.00638
436 88.5146 23.7618 2.46526
437 72.2638 20.034 2.50198
438 7.44182 98.3462 2.06992
439 56.2598 32.2885 1.25413
440 80.8082 14.5666 2.14222
441 99.1994 96.3561 1.99273
442 50.3841 29.5039 1.7149
443 74.4205 16.6446 3.02852
444 76.6174 29.1233 2.34706
445 70.5624 14.2106 2.55599
446 77.5902 75.3103 -2.79697
447 0.286848 1.82582 1.85814
448 8.51068 43.0587 -2.76105
449 83.6578 14.4984 2.37973
450 0.496878 13.1086 2.41878
451 77.679 19.1986 2.18231
452 70.2366 89.0892 -2.01588
453 82.6463 18.9851 2.31002
454 66.5368 88.5563 -2.10094
455 67.0226 36.2771 1.57792
456 94.6237 5.70421 2.89203
457 4.01804 6.75953 2.32545
458 30.4786 29.2252 1.0307
459 71.3689 36.9787 1.91446
460 71.4676 20.4133 2.96329
461 59.5257 41.4407 1.61588
462 78.2701 28.6221 2.8245
463 6.30327 10.3737 2.27286
464 80.9214 31.8167 2.64319
465 2.14747 12.9896 1.91851
466 81.8439 24.4561 2.68887
467 55.2397 30.6333 1.78564
468 66.6349 20.3787 2.28969
469 90.8092 21.4722 2.62962
470 90.3256 11.2127 2.55676
471 78.0048 26.6494 2.54015
472 78.5992 29.2098 2.02164
473 59.0397 25.765 1.8619
474 8.19653 37.3462 -1.6816
475 0.0460719 99.8297 1.72938
476 87.535 44.8326 1.34865
477 76.9746 17.9555 2.26684
478 71.059 31.0722 2.38319
479 62.1902 36.8551 2.00454
480 6.7332 5.61595 1.75249
481 67.2653 29.1488 2.61742
482 77.2836 17.0263 2.67462
483 98.3746 13.5034 2.28916
484 63.8749 21.9835 2.39121
485 65.2245 17.6176 3.0824
486 85.1524 19.5469 2.42144
487 83.5106 25.702 2.33256
488 92.7534 20.3788 2.66688
489 67.581 34.4888 1.87755
490 55.5879 47.7363 1.11164
491 79.809 20.7407 2.50959
492 78.6066 31.4733 2.66945
493 77.3297 26.1604 2.64704
494 78.969 19.0457 2.36169
495 70.0003 24.0743 2.51012
496 51.1947 34.789 1.57262
497 3.48694 30.7464 -2.20207
498 85.4498 22.4509 2.77844
499 83.9665 40.0277 2.28266
