500
Particles
0 57.6863 84.3314 0.913157
1 22.2798 84.6415 2.48423
2 11.796 88.1249 3.18881
3 58.94 93.3723 1.20304
4 21.2564 67.4678 2.11073
5 11.4065 95.4214 2.5952
6 46.7104 81.4949 1.26483
7 29.7208 32.215 1.20464
8 26.3231 94.5351 2.16046
9 27.7718 98.5594 2.89397
10 20.2005 97.0386 2.65254
11 17.6161 27.8082 1.87446
12 54.6809 95.5946 1.45405
13 90.7511 70.5129 -0.167115
14 23.2277 69.7546 1.77055
15 31.3343 8.83561 3.16006
16 26.0419 1.53978 3.08803
17 16.6057 58.6147 2.58962
18 27.1485 82.0735 2.07244
19 93.1949 7.61734 1.86498
20 58.9759 93.8622 0.846809
21 43.8123 80.9576 0.987927
22 14.1911 3.91995 2.8659
23 24.9613 64.0461 2.11869
24 71.5278 20.6258 -1.83169
25 8.12192 1.81729 2.13539
26 12.5858 94.7842 2.95857
27 18.9161 20.0632 1.43169
28 61.4011 85.0659 1.09907
29 20.766 60.9879 2.28625
30 13.0402 91.6228 2.74793
31 10.1882 5.16623 2.56139
32 58.7333 91.9017 1.58768
33 14.2062 86.2092 3.04375
34 13.3107 2.96915 2.3721
35 29.7882 93.2328 2.31226
36 14.6942 31.1889 2.13859
37 47.9698 86.9824 1.79733
38 2.69328 100.271 2.45027
39 18.1192 64.8489 2.12532
40 15.5991 0.577161 2.47699
41 93.302 75.4081 -0.594566
42 21.6434 1.47324 3.06116
43 71.3137 12.6589 -3.24365
44 23.4861 88.8942 2.16359
45 23.7635 1.65844 2.76015
46 12.8749 4.50669 2.71885
47 7.39507 26.775 2.17533
48 15.88 1.17921 2.42146
49 8.87871 96.2112 2.78582
50 34.5442 93.7175 2.40687
51 15.1267 5.38832 2.77215
52 69.9719 17.4437 -2.25272
53 13.5879 29.8582 1.89474
54 28.5352 70.4872 1.59682
55 5.29257 9.68365 2.6475
56 30.657 72.4477 1.60618
57 20.1295 94.5825 2.24294
58 27.0076 75.7199 1.81725
59 5.37934 99.9383 2.5816
60 31.2655 87.8871 2.30944
61 19.9268 0.463355 2.16018
62 25.5653 93.3785 3.01145
63 20.5239 79.9999 2.0615
64 40.6402 87.1756 1.83601
65 3.14929 11.2539 2.55337
66 31.3812 91.2477 2.15643
67 32.553 92.5869 1.82194
68 2.19737 9.54879 2.10666
69 24.2491 93.3587 2.33813
70 46.0171 84.3612 1.1832
71 11.4521 1.53272 2.16736
72 33.3595 88.0447 2.41076
73 51.4153 86.3651 1.19795
74 17.6129 94.2287 2.35823
75 71.7207 26.3526 -1.45378
76 20.8296 94.4508 2.81045
77 45.1689 84.3505 1.09988
78 12.6583 91.5404 2.23678
79 29.6041 78.2251 1.58823
80 16.6364 97.4153 2.48581
81 30.2805 90.317 2.35852
82 97.4102 5.17198 2.11699
83 24.0991 74.9268 1.62227
84 8.51259 7.80871 2.55637
85 15.1665 97.4477 3.13515
86 17.1157 97.1688 2.29177
87 98.1347 5.30267 2.11172
88 93.8647 7.36191 2.19081
89 15.4019 94.5238 2.78774
90 70.226 22.9078 -1.69612
91 8.41052 5.30288 2.66504
92 98.04 4.17691 2.50936
93 25.9303 72.2637 2.14405
94 17.377 98.9132 2.5011
95 59.1036 88.9198 1.39992
96 40.7485 84.8256 1.34851
97 49.113 88.7483 1.15805
98 15.0938 95.5019 2.96222
99 68.2568 86.5062 1.4944
100 70.7109 18.3924 -2.62057
101 28.9127 83.0701 1.94457
102 21.5694 98.9561 2.58738
103 11.9397 99.0212 3.07505
104 16.8452 2.8021 2.58846
105 67.4844 22.5184 -2.37654
106 30.1991 72.7698 1.70682
107 59.1643 85.7002 1.57417
108 15.6292 4.59511 3.01524
109 32.1894 75.164 2.18736
110 78.3662 82.5808 -3.15069
111 47.5816 86.5869 1.7854
112 60.1552 93.0734 0.821914
113 50.3398 81.4893 1.13756
114 42.0275 14.594 -1.77429
115 50.8041 93.4229 1.40396
116 18.955 91.8486 2.27919
117 7.73284 3.4614 2.89059
118 55.8874 95.0619 1.58464
119 27.0282 71.075 1.63222
120 9.33623 2.24755 2.30906
121 29.2694 95.4132 2.32057
122 16.3846 0.933913 3.00498
123 25.0484 81.7079 2.16802
124 85.3207 68.3878 -0.642151
125 4.49192 9.71925 2.3462
126 22.3873 6.4854 2.30843
127 88.958 72.9607 -0.284998
128 70.7438 20.9761 -2.45888
129 57.9612 80.8736 1.193
130 65.8138 85.7275 1.88404
131 19.5123 97.6495 2.87273
132 5.58749 37.3023 -2.86766
133 4.81148 43.7393 -2.42679
134 9.05142 94.8818 3.13107
135 51.0875 85.4752 1.85655
136 16.6752 94.2158 2.74804
137 48.3653 85.8346 1.6283
138 18.8894 99.3962 2.63278
139 11.0891 1.30898 2.32482
140 22.3885 98.6641 2.55079
141 4.97269 10.3751 1.82846
142 27.0523 75.2019 1.57168
143 25.9185 1.73502 2.73782
144 45.8921 89.1145 1.45514
145 56.6626 82.8437 1.00416
146 64.6529 85.359 1.9829
147 11.4952 86.4733 2.73693
148 64.7641 87.2519 1.18189
149 31.1837 90.4507 1.79505
150 22.5 99.6364 2.93037
151 58.5409 90.6705 0.836058
152 19.1911 94.6063 3.04449
153 15.2321 3.64365 3.04648
154 25.8711 1.52686 2.2885
155 8.05502 44.5228 -2.43226
156 29.8742 95.1338 2.09664
157 19.3993 5.74638 2.69591
158 11.0541 95.6182 3.05983
159 26.712 7.40748 3.16601
160 13.9766 89.4754 2.8551
161 23.9208 5.56793 3.05682
162 32.616 96.3362 1.84031
163 1.60197 7.17178 2.69635
164 77.8405 48.6501 -1.846
165 29.8662 92.0958 1.99004
166 97.8678 7.55053 1.98893
167 52.7248 88.5475 1.58858
168 29.4815 81.6321 2.24983
169 74.9909 18.7226 -2.7497
170 15.7156 84.7713 2.98489
171 46.559 81.3257 1.85497
172 54.3885 84.4008 1.60969
173 23.4661 98.19 2.28491
174 11.4645 95.3625 3.11042
175 8.90968 6.75463 2.99275
176 28.6474 10.2444 2.59257
177 13.6302 99.918 2.89785
178 74.7003 18.5012 -2.16143
179 59.6585 85.6494 1.42966
180 49.4223 82.5388 1.29129
181 27.6412 100.045 2.64303
182 30.9711 72.7043 2.1615
183 72.6291 89.4083 1.15787
184 1.84752 5.042 2.12375
185 1.89429 46.0488 -2.77213
186 17.8545 1.45825 2.55105
187 59.1648 92.5744 1.27873
188 21.9322 75.9394 2.18439
189 14.0509 91.0854 2.88533
190 10.3175 94.9658 2.87579
191 45.7038 90.531 1.32103
192 16.9061 95.6339 2.57045
193 12.0378 4.99021 2.88566
194 14.7898 95.8971 3.15813
195 44.4868 82.9599 1.69634
196 11.0659 98.2447 3.10396
197 18.355 98.6629 2.14066
198 97.5127 4.14926 2.10874
199 11.7813 97.1264 3.12488
200 47.8002 84.38 1.30362
201 14.749 61.35 2.38964
202 69.6738 19.5838 -2.58265
203 24.6097 6.38887 2.96178
204 12.8657 94.611 2.82938
205 52.1999 86.692 1.72869
206 14.7993 99.2128 2.74206
207 7.5483 3.31385 2.97598
208 3.54348 5.75094 2.28283
209 60.3328 94.4324 1.33942
210 31.123 85.8385 2.2614
211 15.7982 1.09107 2.203
212 4.75332 39.162 -2.8126
213 63.4007 89.7715 1.15204
214 22.1536 76.8725 1.99327
215 53.4748 82.7909 0.958743
216 22.6775 3.46869 3.09704
217 46.145 80.5102 1.77449
218 18.1471 10.0702 2.94429
219 17.5214 57.652 2.6244
220 51.023 86.8528 0.935625
221 16.8513 7.04058 3.12165
222 46.8251 87.762 1.07827
223 69.0683 28.7302 -1.41778
224 60.2079 93.6413 1.71979
225 18.192 28.4275 2.04437
226 25.7006 98.9973 2.2353
227 17.9023 2.39344 2.81693
228 18.6809 96.6859 3.06499
229 21.4412 0.430526 2.88672
230 91.3294 72.6045 0.0114248
231 36.4172 87.4882 2.56353
232 9.06522 6.04581 2.48956
233 11.7145 1.38937 2.90993
234 9.53007 99.1649 2.89335
235 29.2274 69.6276 1.93381
236 24.9139 96.6021 2.51967
237 15.5202 90.4082 2.49909
238 26.7479 68.2623 2.18397
239 23.7656 71.6342 2.20519
240 41.0922 96.9058 2.18226
241 24.1254 89.5768 1.97438
242 17.8554 4.36484 2.86711
243 50.1633 83.311 1.381
244 25.4264 5.15312 2.84002
245 16.2911 5.14099 2.58149
246 19.1689 98.7776 2.66791
247 87.9446 76.7134 0.49979
248 26.2516 73.9284 1.5967
249 16.0314 93.2592 3.15833
250 15.6736 22.9152 1.20178
251 10.4197 89.9708 3.09854
252 27.4667 31.0168 1.1627
253 69.2782 16.4352 -2.78747
254 18.63 96.4296 3.08296
255 31.9507 90.9012 1.8722
256 19.3001 4.10679 2.73948
257 19.0474 99.0167 2.81118
258 28.5299 95.7437 2.24095
259 32.2093 71.9264 2.14911
260 13.2156 96.3615 2.44505
261 29.2933 74.6588 1.54349
262 23.4543 1.42298 2.634
263 9.74943 5.29912 2.54524
264 13.8611 87.5517 3.19668
265 16.7089 96.1239 3.15474
266 14.0102 98.3484 2.85044
267 42.041 86.9095 1.70999
268 11.0162 3.74881 2.84961
269 18.5077 22.0168 1.06369
270 29.0091 75.4711 1.56858
271 32.0985 72.3129 1.98143
272 63.5083 89.5694 1.19103
273 9.86256 98.9968 2.21544
274 12.3749 2.64109 2.1216
275 20.0429 99.1782 2.88378
276 13.6443 96.038 3.02873
277 56.0842 85.3537 1.66437
278 21.2373 85.1989 1.79445
279 18.5438 6.40465 2.79845
280 28.304 73.8656 2.03577
281 18.5032 0.295566 2.7327
282 27.1581 70.5814 1.96554
283 51.2511 92.9844 1.16883
284 22.4136 91.3473 2.04194
285 46.4938 85.0125 1.34498
286 87.6715 75.484 -0.211735
287 16.7763 99.79 2.81454
288 68.6838 90.0153 1.74632
289 21.1019 88.9256 2.31852
290 13.6885 3.97179 2.46666
291 24.4775 85.9387 1.97619
292 74.74 14.8717 -2.57645
293 11.1263 3.49541 2.82197
294 28.6013 68.7196 1.85345
295 20.8412 10.3146 2.49452
296 3.29244 5.15398 2.9052
297 24.6433 0.975636 2.55502
298 25.9864 87.6095 2.2173
299 49.0011 88.8422 1.29095
300 14.9757 98.911 2.4583
301 33.0991 88.9589 2.65546
302 5.36162 97.3221 2.80179
303 18.1606 0.3315 3.09146
304 21.616 82.3944 2.245
305 13.0836 92.1351 3.05677
306 17.9728 29.1196 1.75509
307 14.3393 90.1723 3.0859
308 28.7073 74.8571 1.49936
309 10.9499 3.93977 2.22615
310 21.5572 28.2148 1.5925
311 95.1782 70.3934 -0.145426
312 15.8453 5.73115 3.01903
313 59.3284 90.467 1.77707
314 24.7358 7.98923 2.89613
315 16.4228 2.11824 2.19128
316 50.1831 83.779 1.71269
317 28.9658 78.0674 2.22116
318 54.229 96.6344 0.649354
319 45.5128 89.9331 1.46161
320 48.784 86.2134 1.16072
321 17.6666 57.561 2.84395
322 49.8148 84.8682 1.42462
323 28.5792 78.6037 2.12316
324 18.02 91.0433 2.30542
325 22.7764 2.36503 2.18751
326 18.7896 96.8054 2.98864
327 14.5843 0.815134 2.83896
328 0.492396 5.24455 2.8067
329 63.4646 90.8543 0.985624
330 58.3664 89.6439 1.44499
331 90.116 42.9172 2.59859
332 62.0505 91.2173 1.01157
333 93.8986 3.29841 2.08658
334 22.8046 67.555 1.70624
335 46.4187 89.1563 1.76192
336 48.8708 86.5633 0.910645
337 23.6398 69.7984 2.02225
338 21.2688 2.47596 2.67817
339 17.4766 99.251 2.4521
340 40.2255 82.6109 0.851188
341 23.3788 75.6371 2.2238
342 29.831 82.147 1.83549
343 20.4834 3.9353 2.88552
344 19.942 98.7398 2.75378
345 72.8813 12.132 -3.1674
346 94.9543 77.2489 -0.514691
347 12.1694 96.3826 2.25839
348 22.12 75.2307 2.00074
349 12.097 92.6245 2.91663
350 17.0396 4.86878 2.64018
351 29.7624 98.0543 2.16032
352 22.5518 85.7318 1.97214
353 70.833 25.3131 -1.88742
354 16.0996 96.1092 2.3608
355 21.1656 94.7148 2.8069
356 67.0078 88.0394 1.69769
357 9.55535 46.0171 -2.46612
358 31.2574 77.3486 2.21304
359 9.28022 3.14082 2.10749
360 28.6277 3.40944 3.31799
361 7.34077 96.6337 2.37872
362 43.0437 84.5191 1.13367
363 18.4995 97.3159 2.87771
364 14.3815 87.4929 2.64249
365 12.8351 6.30608 2.91622
366 48.3096 83.3994 1.27459
367 52.5246 87.248 1.6334
368 63.9195 85.1865 1.80672
369 72.8099 8.12744 -2.5144
370 58.7677 97.6204 0.936537
371 32.2196 90.3974 2.45191
372 30.3525 68.5424 1.47228
373 49.7365 84.9388 1.41121
374 13.2978 89.0772 2.48182
375 10.8914 7.04781 2.80118
376 35.0249 74.9285 2.25808
377 55.9606 90.0956 1.48517
378 12.9058 5.40368 2.77131
379 51.3921 89.1044 1.19042
380 20.887 99.1413 2.3441
381 15.3104 93.8116 2.95182
382 44.9876 81.4718 0.955982
383 78.9419 23.088 -1.8931
384 8.35424 4.99715 2.60147
385 25.1626 28.0193 1.32271
386 12.8615 30.588 1.95567
387 11.9018 98.6069 2.33421
388 24.0814 1.4706 2.7709
389 6.91217 0.484417 2.3185
390 27.6716 85.775 2.58607
391 27.8534 74.3776 1.68722
392 2.04501 92.8833 2.07914
393 19.6927 4.15059 2.27487
394 45.5781 84.1568 1.83122
395 30.8048 78.7256 2.28213
396 19.3405 56.4754 2.20311
397 47.1736 94.3057 1.38759
398 62.5366 89.6718 1.33044
399 27.4832 91.7231 2.34019
400 23.6721 70.7265 1.98452
401 99.1447 7.67018 1.80442
402 17.0361 96.67 3.12765
403 42.1482 81.3012 1.669
404 15.3034 0.450852 2.42563
405 22.1943 85.6944 2.18546
406 88.6314 71.6656 0.0401644
407 45.9884 83.2419 1.21577
408 53.1641 83.3264 1.1939
409 51.3451 86.0651 1.54523
410 20.9817 70.8892 2.22375
411 42.4629 14.0093 -1.64931
412 24.05 94.4685 2.78521
413 27.2032 73.8369 2.12605
414 19.226 4.81313 2.82027
415 72.3842 12.1524 -2.86766
416 3.72886 3.8173 2.57166
417 23.8877 73.2929 2.29302
418 33.3335 86.366 2.71468
419 82.5424 22.8372 -2.24105
420 10.0855 2.95496 2.66384
421 27.1497 83.267 1.78601
422 29.5752 73.8974 2.2131
423 49.4828 84.9134 1.07161
424 28.201 8.35323 3.37043
425 46.1714 79.9706 1.0442
426 53.0448 90.7525 1.21438
427 8.10353 90.1714 2.58063
428 17.7869 4.12601 2.80083
429 21.8988 2.06428 2.9753
430 25.5743 4.19827 3.27509
431 12.3788 7.04916 2.12657
432 32.2198 93.0123 2.74046
433 58.4326 89.0241 1.75686
434 14.0038 1.64472 3.13315
435 13.4718 87.1987 2.62373
436 26.8611 0.253697 2.66234
437 11.997 100.013 2.77995
438 18.3079 62.5283 2.10657
439 51.7554 87.9595 1.83684
440 20.5617 93.3223 2.52628
441 86.5111 69.8507 0.207464
442 46.7343 84.6692 1.30521
443 14.8395 96.7112 2.56786
444 15.0916 5.17326 2.59413
445 9.80431 93.484 3.20344
446 89.0652 67.713 -0.301194
447 91.4998 74.8377 -0.446948
448 35.2775 14.6065 2.44507
449 22.0398 91.5727 2.15167
450 25.7082 76.5332 1.96935
451 16.7274 97.14 2.45089
452 11.3721 92.1349 2.46358
453 23.5829 0.533901 2.17875
454 57.158 81.9279 1.48124
455 97.1008 9.42271 1.98394
456 16.8767 68.1487 1.90254
457 28.0482 68.8191 1.48606
458 36.6246 94.3518 1.62431
459 7.46248 13.095 2.26292
460 9.63359 96.5232 2.47487
461 69.475 22.1855 -2.0296
462 17.0346 5.82441 2.79411
463 32.2641 74.3518 1.78774
464 18.7761 7.8191 2.71419
465 28.5722 77.2132 1.59685
466 21.6529 3.09485 3.08103
467 49.4542 85.7426 1.40012
468 7.51024 0.820937 2.55666
469 27.9248 97.689 2.2107
470 23.6404 83.0146 1.58196
471 17.6263 5.00712 3.02083
472 16.6087 6.04194 2.72229
473 53.3504 83.8597 1.66823
474 32.42 10.4664 3.28252
475 90.3042 70.9992 -0.400566
476 10.6674 45.8088 -1.68439
477 16.8313 97.3977 2.96781
478 9.82752 9.29022 2.12035
479 76.9019 12.2815 -2.62448
480 30.1011 67.4459 1.50552
481 4.82314 4.968 2.44651
482 16.805 94.8334 2.98503
483 26.5108 79.471 1.64188
484 0.313496 99.6853 2.55207
485 3.83368 95.3057 3.05114
486 24.4419 97.4729 2.61023
487 22.1055 3.33666 2.68687
488 28.3805 94.4687 2.47701
489 99.518 8.00865 2.66068
490 28.6505 30.8057 0.846528
491 19.8832 99.9695 2.61402
492 15.8087 6.12446 2.64416
493 16.231 3.51341 2.46845
494 19.1819 98.7805 2.28365
495 9.83944 2.69348 2.8285
496 44.9784 90.7131 0.984567
497 29.5592 6.36351 3.37336
498 24.5088 100.404 2.16918
499 7.32349 12.751 1.72024
