500
Particles
0 92.9787 75.5368 1.79791
1 31.9935 80.1984 2.58206
2 0.613106 9.91453 1.52576
3 59.528 27.0987 2.22186
4 81.1645 88.5092 1.95483
5 94.7357 44.3736 -2.11526
6 14.0268 4.29115 2.49527
7 80.6529 35.1177 0.931986
8 49.5457 94.1625 1.83724
9 42.5392 96.0047 2.03728
10 16.8185 82.4737 2.31095
11 98.8378 2.83342 2.5131
12 4.84159 10.4942 1.9307
13 90.0269 78.8484 0.976219
14 85.9728 92.3215 1.59298
15 92.2622 82.6687 1.05076
16 32.5288 93.2256 2.97743
17 86.1703 6.01004 1.09333
18 78.3933 98.4254 2.2778
19 53.2258 18.2999 2.52131
20 59.6616 28.1933 1.3185
21 99.1516 93.6723 1.32693
22 18.8951 96.4593 2.75955
23 86.6996 84.8004 1.42562
24 67.8216 30.9881 1.94506
25 3.69909 85.4032 2.13613
26 93.7971 35.3264 -2.26088
27 93.1141 99.957 2.33583
28 4.1313 92.939 2.52602
29 15.3002 15.1382 2.0992
30 56.5076 37.7314 3.00087
31 12.7114 95.2394 2.89052
32 44.0661 24.598 2.22963
33 69.7443 36.869 1.15591
34 7.10465 85.3782 2.69296
35 78.2796 2.16883 1.69711
36 55.2998 43.2454 2.74597
37 20.6681 13.2376 2.59757
38 3.4213 89.4357 2.04038
39 86.4335 84.8142 1.72397
40 9.3642 83.7316 2.25861
41 84.4583 85.2067 1.74576
42 26.8568 94.0194 3.11424
43 63.3719 27.7703 2.12548
44 32.6828 83.2523 2.41628
45 24.0976 88.827 2.85302
46 9.34644 89.8361 2.75059
47 87.4003 25.6498 1.46386
48 14.8497 88.046 2.79244
49 99.0073 73.6741 2.83643
50 88.7445 2.36024 1.71067
51 21.0095 97.4986 2.37417
52 67.4616 30.0761 2.05127
53 56.6567 43.6884 2.58998
54 85.8131 89.3469 1.25373
55 73.2672 24.0086 1.67002
56 89.288 91.5095 1.59024
57 14.0398 74.4778 2.18633
58 87.7107 94.7714 1.313
59 3.22302 86.1412 2.77525
60 88.7881 99.3692 1.90642
61 15.3309 84.2631 2.17914
62 41.4974 91.2957 1.6076
63 32.2986 74.0949 2.68929
64 1.98887 99.231 2.69313
65 83.0705 27.1456 1.38108
66 85.3881 3.23798 0.972007
67 86.8295 2.78081 1.36001
68 83.1936 23.995 0.942652
69 19.7024 77.7019 2.74974
70 15.3086 9.08638 2.52035
71 10.2363 88.9644 1.96039
72 86.1309 99.8385 1.27179
73 20.1684 10.661 2.44573
74 11.7496 77.0066 2.3801
75 82.3789 32.6319 1.48322
76 16.5135 79.1377 2.74157
77 19.8878 9.27347 2.70583
78 99.9109 30.5432 -1.00488
79 88.4111 96.9647 1.42202
80 13.4824 83.7485 1.94323
81 83.2851 1.5996 1.38523
82 68.1836 5.93397 2.28899
83 74.5021 94.4476 1.71995
84 74.4203 21.1281 1.28054
85 13.6477 85.7143 2.77683
86 13.6397 82.9923 2.79949
87 21.9375 7.67271 2.06733
88 75.9723 22.7243 1.05353
89 9.45842 76.7198 1.86144
90 68.0449 31.0572 2.06861
91 11.2297 94.8142 2.36164
92 19.6767 4.93055 2.19393
93 78.2034 89.2102 2.07032
94 13.6413 85.1627 1.92934
95 55.4043 20.0621 2.01037
96 98.4296 97.2337 1.60865
97 17.122 10.5912 2.90538
98 10.1 78.5896 2.04206
99 18.4869 3.99006 2.41035
100 69.0848 30.8396 2.05241
101 83.9394 99.2627 1.46312
102 18.1114 84.1817 1.80018
103 5.68747 81.2111 2.77758
104 16.6839 91.5262 2.3181
105 68.2273 32.3814 1.92343
106 86.1788 89.5513 1.78539
107 96.1135 84.3706 2.09333
108 15.0825 93.5699 2.77968
109 92.6824 96.8812 2.30792
110 83.292 33.8763 1.78326
111 22.6855 13.553 2.90652
112 57.9043 26.0251 1.5443
113 14.9995 2.76024 3.01545
114 95.9198 0.481761 2.44194
115 8.67093 12.543 1.98265
116 12.794 73.841 2.07405
117 9.13155 92.5063 2.0508
118 50.9235 28.7657 1.94058
119 82.2865 91.9735 1.82757
120 99.57 79.5413 2.38887
121 55.7485 72.7515 -0.834265
122 14.1555 88.2064 2.83677
123 74.3665 89.3504 2.03117
124 96.308 8.0631 2.03547
125 84.0926 21.1811 1.81768
126 27.7986 100.034 2.32714
127 85.1785 81.9783 0.787884
128 69.7695 30.904 1.79542
129 92.7314 1.4533 1.85259
130 2.82491 90.8932 2.81852
131 15.0773 81.7404 2.03817
132 86.6666 22.3975 1.10315
133 86.3682 25.167 1.406
134 97.3654 70.6392 2.69914
135 20.3399 10.2762 2.92015
136 9.91862 74.611 2.07074
137 2.41235 98.7088 2.60087
138 16.5804 86.1298 2.51983
139 4.08222 81.4067 2.53998
140 19.4721 83.9134 1.86887
141 79.7836 23.3788 2.00375
142 79.4677 92.3329 1.98674
143 38.5244 99.4517 2.09818
144 99.3914 98.1742 2.14834
145 92.0554 3.79929 1.60661
146 97.64 83.9891 2.65689
147 66.5981 36.9223 1.77396
148 21.1692 10.3529 2.46682
149 81.8406 1.6835 1.68989
150 20.4325 86.5904 1.86598
151 48.1162 23.1682 1.9218
152 13.0553 77.8292 2.44462
153 15.9293 92.3583 2.39353
154 34.5203 96.163 2.40348
155 86.5306 26.8087 1.58171
156 52.2055 93.9464 0.993381
157 36.3805 6.22078 2.09768
158 93.5766 36.983 -1.72389
159 39.5987 2.73544 2.02464
160 64.0355 38.6918 1.73007
161 39.0426 3.02045 2.08351
162 81.8669 2.70175 1.6068
163 75.3808 20.577 1.09489
164 84.3478 28.6357 1.91943
165 76.1067 99.782 1.60238
166 74.3972 21.9874 1.21978
167 23.3748 12.8476 2.77287
168 88.4071 98.4684 1.81627
169 83.1954 27.2743 1.20176
170 46.2756 56.1274 2.54433
171 12.0973 3.37129 3.09197
172 93.5828 79.6894 2.22236
173 19.8662 83.0506 2.06292
174 91.6581 35.6713 -2.44099
175 84.3317 19.373 1.52082
176 10.3437 17.0928 2.14493
177 6.86854 80.621 1.99456
178 67.35 29.8195 1.76696
179 5.93035 94.4407 1.91179
180 13.8201 4.30561 2.54855
181 46.7984 98.6828 1.2818
182 92.4624 92.5243 1.34347
183 92.5949 74.2978 2.46744
184 18.865 3.54307 2.60722
185 83.7486 27.0322 1.29275
186 19.1078 91.5095 2.01431
187 53.3782 25.7864 1.574
188 77.3162 82.194 1.89618
189 96.2554 5.4013 1.70789
190 94.3287 37.2956 -2.20398
191 10.3689 10.4129 1.60848
192 8.37613 73.0889 2.76167
193 20.8211 0.698996 2.19134
194 11.3324 82.0605 2.29581
195 4.06104 98.4003 2.21614
196 2.54675 77.9649 2.84601
197 13.3325 81.4733 2.25094
198 16.7321 3.30834 3.05922
199 2.28934 48.9143 -0.50595
200 19.6344 7.83893 2.54534
201 16.158 12.4799 2.41504
202 66.371 31.4067 1.86733
203 41.3605 4.21924 1.86804
204 93.7171 34.4724 -1.87589
205 23.8837 12.6286 2.22562
206 10.1623 82.9744 2.59945
207 3.94031 87.8281 1.96547
208 70.3827 18.9112 1.72656
209 50.5195 27.4412 1.79139
210 86.3679 0.619363 2.02852
211 15.1998 88.3075 2.87508
212 86.7714 23.7991 1.13877
213 49.062 21.0975 1.90084
214 73.7311 80.0811 1.47255
215 99.2249 89.4269 2.83125
216 26.9079 95.048 3.08752
217 3.195 95.9065 1.79003
218 88.6957 11.307 2.42008
219 88.3729 6.92754 1.4904
220 20.6353 12.1449 2.29424
221 22.6717 99.8326 2.61813
222 19.4149 12.0852 2.61439
223 72.41 33.47 1.71153
224 55.0296 27.5162 1.83849
225 9.27451 13.5891 1.71195
226 37.7628 94.6506 2.34474
227 18.4985 92.5966 2.8019
228 15.5108 83.585 2.00022
229 16.5135 83.6802 2.22747
230 88.5071 80.9083 1.56672
231 90.7583 98.4698 1.68836
232 18.3092 0.718537 2.99607
233 10.489 88.2274 2.76596
234 2.00502 79.5699 2.7134
235 87.326 89.2405 1.05084
236 31.9499 89.7031 2.70944
237 0.305793 8.62153 1.61891
238 89.4517 91.065 1.64378
239 78.5003 91.8641 1.71016
240 98.4786 100.334 2.06802
241 49.6306 92.8251 1.12111
242 23.8428 97.6688 2.30339
243 17.9702 6.31955 2.18362
244 39.6857 3.75652 1.44317
245 20.7346 97.0841 2.11578
246 16.6212 86.0768 2.26529
247 89.7411 30.8247 2.16574
248 82.7887 92.0968 1.98941
249 10.3799 75.6817 2.02324
250 92.8885 99.8417 1.59902
251 93.2248 6.19633 2.55075
252 77.6569 34.162 1.48242
253 55.3579 29.2403 1.53879
254 13.9142 80.0726 2.81905
255 83.1644 1.27595 1.73267
256 24.7726 96.8323 2.49534
257 14.8634 84.2899 2.32052
258 51.0869 97.6573 1.24941
259 89.8883 90.6587 1.83934
260 95.5217 40.639 -1.75537
261 82.5013 93.505 2.1354
262 24.5757 90.2974 2.84069
263 16.0772 99.2618 2.53457
264 64.1447 37.4477 1.16034
265 13.2581 81.0843 2.33031
266 4.59911 76.5136 2.48763
267 98.6653 99.8502 2.50844
268 2.74371 82.8581 2.55492
269 92.3946 1.31731 1.84938
270 90.2925 94.6256 1.67755
271 91.3339 93.2636 1.93653
272 44.6211 19.9996 1.96802
273 5.63449 83.2325 2.7767
274 12.5055 92.9356 2.32054
275 15.3257 82.6506 2.50147
276 3.86195 73.4621 1.97155
277 16.4971 2.53891 2.81272
278 27.7658 74.0331 3.05505
279 24.1352 99.0334 2.81637
280 91.281 95.0686 1.58328
281 17.4457 89.2601 2.78988
282 85.476 91.3117 1.63128
283 27.9416 13.8328 2.65175
284 22.1453 77.9088 2.42525
285 15.3302 7.59361 2.36189
286 79.5577 84.1179 1.90444
287 13.8203 85.6899 2.41948
288 58.0387 20.5233 2.30809
289 24.0826 80.3908 1.84327
290 11.0862 88.796 2.27941
291 49.9064 89.4606 1.07618
292 85.0773 25.2171 1.12184
293 10.3754 91.7204 2.35691
294 91.7775 90.9923 1.22401
295 99.513 94.4669 1.70608
296 23.6327 7.55694 1.95723
297 28.6299 91.915 3.25275
298 54.8574 91.9485 1.0293
299 17.8912 13.0373 2.04152
300 9.25867 82.7779 2.28454
301 86.7609 1.23822 1.47515
302 98.4408 78.533 2.81219
303 16.5175 87.4525 1.87559
304 32.3434 76.3361 2.45742
305 95.91 5.54164 2.13468
306 61.9398 34.0037 1.95524
307 98.0562 5.14563 2.10759
308 82.4753 95.8784 1.81016
309 10.8616 92.8055 1.98214
310 66.3286 35.3958 1.51221
311 90.1397 86.9018 1.22836
312 18.6127 96.3282 2.68776
313 50.524 21.9273 2.49175
314 87.5774 5.19919 1.58324
315 16.4563 90.3456 2.26398
316 18.0799 3.9153 3.03879
317 90.8279 96.3765 1.5703
318 7.7903 12.6218 2.27271
319 16.9902 12.1672 2.60184
320 18.6303 11.309 2.05385
321 85.822 4.45734 1.17143
322 22.2574 10.1526 2.5417
323 87.0927 96.6401 1.85788
324 32.9017 16.3943 2.38239
325 27.0099 94.7542 2.82565
326 13.431 80.4848 2.47584
327 11.3135 86.9114 2.66098
328 26.6343 9.4565 2.64997
329 59.2317 22.8827 1.95257
330 50.5566 20.621 2.09505
331 74.5166 37.368 1.30366
332 52.4735 21.7444 2.58598
333 18.7625 5.06897 2.81726
334 85.1485 87.2694 1.37537
335 11.5105 10.8858 1.48145
336 23.0925 12.2268 2.03948
337 82.0351 89.9838 1.69061
338 25.7304 94.6418 2.35113
339 14.5643 85.5792 2.72151
340 92.0433 77.829 1.65782
341 76.8802 95.1374 2.24055
342 85.3415 97.5137 1.8045
343 26.8404 97.7725 2.73392
344 18.9092 87.74 1.87277
345 74.7732 27.4729 1.25318
346 83.3196 85.4901 1.27765
347 94.7225 42.5536 -2.5111
348 76.4237 83.4112 1.87588
349 92.0779 32.3896 -2.86266
350 20.9872 96.055 1.98003
351 46.734 94.3263 1.43241
352 33.2087 82.1708 2.87557
353 71.3459 32.3985 1.94579
354 7.29751 74.9555 2.70771
355 16.4953 78.843 2.18978
356 22.8187 8.45616 2.64867
357 87.2251 28.2755 1.27565
358 91.421 95.4786 1.49789
359 3.65469 84.9476 2.0158
360 84.0462 6.3864 1.63921
361 95.1067 71.2331 2.66006
362 99.1316 96.9056 1.69401
363 14.5884 83.5152 2.1909
364 70.2746 37.9109 1.38427
365 15.8453 97.2404 2.51717
366 15.8105 5.16098 3.0034
367 21.4597 11.8535 2.62453
368 96.1794 81.8021 2.03994
369 53.6232 20.628 2.69402
370 56.1694 30.5596 1.19727
371 81.9384 100.445 1.39986
372 95.0579 91.3117 1.64632
373 17.6157 8.48553 2.58285
374 93.4309 4.52218 2.38098
375 19.6958 1.27835 2.8264
376 94.9491 94.6903 2.10962
377 46.0892 22.5709 2.22
378 10.2519 90.7673 2.91611
379 20.4307 13.841 2.7122
380 16.813 83.8375 2.33699
381 4.351 35.0085 -1.24658
382 1.94605 96.7229 2.10794
383 77.2341 25.1521 1.50002
384 18.1505 1.32908 2.9089
385 75.2984 35.5946 1.38099
386 57.4894 42.3148 2.95977
387 0.188756 72.8742 2.37031
388 27.0519 90.9953 2.9597
389 1.09657 83.2111 2.84258
390 75.5851 96.5444 1.74263
391 86.3085 94.9638 1.51589
392 1.39331 81.2185 2.3566
393 26.7439 98.3796 2.62314
394 2.31438 99.1359 2.37705
395 90.2523 96.1433 1.52516
396 88.1724 5.3346 1.30833
397 99.444 1.30383 1.68553
398 51.0129 20.1624 1.87325
399 50.9779 91.6585 1.20807
400 78.9707 90.8909 1.22005
401 53.0576 18.6575 1.80342
402 9.84379 76.9545 2.45685
403 99.305 93.7678 1.89353
404 12.4282 86.7612 2.78511
405 32.3099 80.7694 2.24243
406 87.0777 77.9086 1.52231
407 12.1718 5.83065 1.97713
408 97.9051 88.0148 1.91828
409 27.4223 11.9074 2.60365
410 82.1569 92.6674 1.98513
411 97.4369 2.01577 1.86238
412 21.8011 82.2901 2.43691
413 78.4926 92.8466 2.10867
414 25.3222 97.5176 2.50219
415 81.1599 26.0973 1.58004
416 19.1286 3.82376 2.10078
417 76.715 90.6028 1.35922
418 88.1278 100.396 1.67763
419 74.1453 23.8996 1.09488
420 10.0411 90.0246 2.94251
421 85.215 99.196 1.88984
422 88.7123 93.3262 1.91607
423 20.2931 9.18038 2.15923
424 87.0831 4.09035 1.07598
425 10.3183 99.7158 2.22065
426 31.5943 12.433 2.86155
427 91.7522 4.36294 2.24825
428 14.7583 89.7266 2.67505
429 23.6752 92.4642 3.12528
430 36.865 99.9833 1.44905
431 19.6743 0.576472 2.51907
432 83.2333 2.69148 1.12969
433 29.0335 12.1054 2.63233
434 9.83617 86.3339 2.73628
435 75.8212 35.9677 0.970286
436 44.973 99.8244 1.58933
437 4.26146 80.4171 2.29152
438 13.1673 15.9878 1.68679
439 21.0506 12.7529 2.92126
440 18.2838 79.1433 2.40591
441 85.8023 79.3402 1.14312
442 11.9519 8.87953 2.53137
443 0.327169 69.1047 2.30946
444 19.6582 98.3789 1.77526
445 92.0624 41.542 -1.99142
446 83.7616 35.8672 1.19064
447 87.3163 83.673 1.40143
448 95.2989 94.8346 1.91486
449 22.2485 79.8677 2.56182
450 82.7132 96.48 1.2402
451 8.85383 78.5252 2.7394
452 92.1883 5.65304 1.90189
453 17.8345 82.0231 2.69592
454 93.9419 2.54643 1.7933
455 78.5659 25.7015 1.93998
456 75.6044 88.9926 2.05638
457 88.0073 91.091 1.8503
458 98.1565 90.6988 2.18687
459 84.4335 24.7967 1.20661
460 5.79849 83.0039 2.00274
461 64.6671 31.2303 2.01869
462 21.9127 97.9999 2.00332
463 92.3199 93.7068 2.24354
464 24.8645 1.05094 2.35347
465 84.1269 95.0265 2.07575
466 25.2777 94.0052 2.26978
467 22.2379 11.5161 2.63869
468 -0.38897 81.2937 2.54876
469 47.5987 96.5184 1.53039
470 35.4025 81.0792 2.11844
471 14.0747 90.9872 2.57204
472 22.2183 98.442 2.79247
473 17.8272 2.91094 2.56124
474 7.75897 43.7898 2.64558
475 89.1939 81.3688 0.860282
476 88.2805 28.8361 1.79385
477 15.301 84.094 2.39978
478 79.3797 17.789 1.50381
479 72.504 26.5178 1.33727
480 92.0867 86.04 1.84465
481 24.4279 8.14043 2.77036
482 7.14337 74.0812 1.95893
483 79.1206 97.5049 1.57505
484 97.763 84.6286 2.75779
485 93.7668 72.6134 1.85532
486 21.2849 83.8667 1.97839
487 25.2279 94.0315 2.74525
488 48.6429 92.7892 1.53875
489 72.6869 24.2036 1.50056
490 82.1761 33.2661 1.30389
491 14.9113 84.4933 2.33278
492 22.7519 1.7375 2.47132
493 17.4414 93.0448 2.03957
494 12.4391 79.6533 2.03812
495 8.57113 90.2999 2.16673
496 0.277951 1.60236 2.34344
497 89.569 100.254 1.92726
498 27.6781 91.5971 2.761
499 89.7184 19.2989 1.60148
