500
Particles
0 56.2637 83.1514 -1.08448
1 80.2563 92.6846 1.15575
2 77.1232 98.369 0.596623
3 7.83322 39.9774 3.0522
4 77.7831 82.5773 0.846594
5 97.0867 99.7232 0.711285
6 88.9169 91.4932 1.28249
7 38.1694 14.3414 -0.742046
8 64.1677 78.5842 -1.28298
9 65.0103 84.585 -1.55087
10 89.3807 8.57577 1.19991
11 29.437 93.0584 -0.00860819
12 88.8966 3.32701 1.60282
13 79.6655 27.6151 -2.45198
14 81.6 83.1192 0.800754
15 98.6577 7.61811 1.63434
16 14.1221 41.7257 2.96411
17 90.7762 22.7336 -2.48164
18 82.3272 91.2693 1.20147
19 74.597 74.0541 0.179917
20 5.29483 42.5568 2.47955
21 93.268 87.5013 0.682162
22 85.3786 6.15629 1.7616
23 93.3551 25.782 -2.86777
24 34.6668 69.8194 -1.50842
25 97.3944 3.71581 1.1915
26 13.0871 0.434208 0.928918
27 40.9541 12.461 -0.796652
28 51.7149 85.7574 -1.81807
29 94.9738 25.0449 -2.98
30 83.1687 0.532467 1.16498
31 71.7568 63.2108 -0.133714
32 2.73138 41.1772 3.18321
33 79.438 95.8645 0.480319
34 98.5783 39.5834 -3.17523
35 49.8336 81.5565 -1.80109
36 30.1058 98.5585 0.726059
37 89.6235 94.9206 0.717204
38 78.5644 99.2416 0.444047
39 76.7705 83.3193 0.530691
40 79.0384 3.17433 1.52994
41 78.5407 30.9846 -1.6719
42 62.9735 85.1987 -1.63523
43 97.3636 14.643 1.68858
44 81.873 96.4388 1.34285
45 67.5343 88.5592 -1.02238
46 57.292 87.033 -1.50492
47 79.271 10.5191 -2.52603
48 61.7547 76.5503 -1.26806
49 96.5262 98.7654 1.0033
50 69.8763 79.5873 -1.44075
51 59.1781 89.7471 -0.876823
52 81.9759 77.9725 0.768352
53 30.3304 93.549 0.091026
54 90.8018 13.2793 1.74246
55 48.1944 17.7292 -0.280107
56 94.4907 36.0848 -2.93939
57 23.4031 20.261 1.95495
58 91.9701 31.1227 -2.55932
59 97.5208 2.08331 0.720348
60 88.2027 95.1422 0.572721
61 60.7372 81.0658 -1.58061
62 52.5572 88.2684 -1.77237
63 77.8476 90.7589 1.04384
64 84.9111 95.3388 0.753851
65 62.1776 44.51 -1.32216
66 88.7024 99.7873 1.36954
67 42.6682 73.9768 -1.45823
68 60.7742 39.547 -1.98891
69 55.9456 92.0066 -1.72725
70 90.4787 91.919 1.61947
71 52.3801 46.3658 -1.4523
72 85.4215 95.6833 0.555699
73 50.4549 67.2057 -2.09381
74 53.5696 30.351 -2.55023
75 49.483 14.0954 -0.46376
76 54.0457 92.7046 -1.55022
77 84.5523 94.1792 1.36088
78 84.3919 98.3888 0.568696
79 86.4965 88.8687 0.550852
80 54.301 93.3498 -1.58732
81 88.4009 97.8499 1.119
82 6.9884 67.1866 0.530122
83 84.3756 88.2472 0.673651
84 0.451793 27.0124 -0.503799
85 34.0608 81.3702 -0.174531
86 51.1082 1.14475 -1.24623
87 57.979 31.6692 -3.27673
88 83.1852 81.6191 0.53682
89 13.0416 0.76166 0.820253
90 17.0897 98.6806 0.0258188
91 71.3156 62.2867 0.0210462
92 45.8516 15.6868 -0.738507
93 91.725 31.4543 -1.9365
94 60.5923 57.3645 -0.835805
95 53.358 86.4705 -1.96043
96 87.7949 91.145 1.56562
97 91.1325 95.2713 1.43948
98 17.0351 0.414449 0.589335
99 7.38312 36.8766 2.66326
100 81.6957 74.9316 0.797072
101 83.9111 89.6495 1.03851
102 63.9786 79.2495 -1.26613
103 32.8385 60.7159 -0.996635
104 58.4453 83.5207 -1.40818
105 17.2399 98.9662 -0.0393214
106 93.5633 39.3981 -2.34076
107 53.9166 71.2184 -1.52937
108 60.7404 88.1364 -0.862715
109 56.4123 74.7113 -1.92956
110 81.4615 2.32455 1.38458
111 89.2316 94.9924 1.21608
112 67.4813 78.7721 -1.69135
113 86.2626 27.926 -2.49111
114 96.0668 11.0754 1.65297
115 43.7539 72.2566 -1.58904
116 89.2866 99.1016 1.3975
117 1.97372 10.1561 0.587028
118 12.0464 40.4711 2.79427
119 91.3428 31.0309 -1.94602
120 3.22384 6.02255 1.20342
121 70.3932 55.4972 -0.489307
122 60.7446 59.7737 -0.297685
123 82.3295 89.6446 0.581926
124 64.786 39.7274 -2.05291
125 60.7995 44.5944 -1.16829
126 63.242 65.512 -0.9847
127 63.6914 40.8141 -1.81549
128 34.6143 70.3328 -1.60676
129 58.1061 83.2557 -1.6276
130 56.2654 90.339 -1.54311
131 88.7661 5.5301 0.820744
132 25.6491 93.8082 0.276561
133 23.6901 97.624 0.569115
134 97.3384 98.9031 1.11196
135 92.4194 92.2605 1.01029
136 24.8901 2.13031 0.326706
137 93.2501 92.9379 1.36121
138 60.1149 63.0756 -0.168449
139 49.5221 91.7576 -1.42435
140 63.2684 81.4223 -1.08427
141 60.3042 45.512 -1.80443
142 86.8856 85.4655 1.04849
143 69.767 88.39 -1.36419
144 89.5554 96.5665 0.830453
145 53.5834 69.4653 -1.34693
146 56.3215 89.3513 -1.34112
147 76.675 95.5803 0.749164
148 56.7971 89.1745 -1.47505
149 90.2726 98.6148 0.64598
150 60.574 84.1679 -1.82746
151 53.2171 86.7236 -1.98012
152 56.9331 46.3137 -1.63264
153 57.9064 84.5722 -1.07997
154 70.7147 88.1878 -1.70339
155 25.6782 100.317 0.708975
156 64.9239 79.8839 -1.49601
157 67.1016 91.475 -0.806655
158 2.44758 0.559654 1.16371
159 93.5517 8.41269 1.2069
160 83.1219 98.5434 0.665535
161 69.5096 60.2498 -0.236853
162 68.9973 82.4743 -1.09948
163 63.9442 36.4069 -2.0432
164 86.4233 75.2729 -0.0102402
165 47.7598 80.4058 -2.02643
166 60.0076 40.5218 -1.96512
167 96.8274 92.0106 1.55303
168 81.9158 92.1908 1.05112
169 99.3627 17.2293 1.0648
170 76.9738 94.1948 0.998082
171 88.392 90.7044 1.38077
172 48.3926 70.9748 -1.58485
173 63.1257 81.8425 -0.973712
174 93.6289 0.561743 0.976435
175 67.518 64.5711 -0.338196
176 94.4492 8.63897 1.02038
177 33.7104 82.8692 -0.141581
178 -0.101977 31.9158 -2.75322
179 54.0168 84.8993 -2.00618
180 85.5773 29.8695 -2.49406
181 68.2837 84.2018 -1.30023
182 93.783 37.0472 -2.39294
183 67.9489 100.155 0.369048
184 98.1059 6.74161 1.11561
185 78.7092 19.9107 -3.46437
186 59.1462 59.3111 -0.37218
187 65.5924 79.4775 -1.18158
188 78.5678 87.9127 0.52269
189 85.1599 99.5365 0.933104
190 88.3429 1.32566 1.42632
191 91.0866 96.7191 0.774218
192 35.6133 81.3749 -1.28056
193 59.7233 78.2201 -1.22593
194 23.3441 2.28124 0.695555
195 85.0813 92.9748 0.967462
196 99.1252 99.609 1.4763
197 53.0035 1.10783 -1.05342
198 9.09572 63.2504 0.663088
199 0.551281 0.959133 0.737038
200 94.6027 88.8829 1.29618
201 74.6346 81.1287 0.368057
202 79.8147 77.0264 0.0112411
203 61.5381 97.2133 -1.06904
204 93.8239 99.5807 0.581453
205 53.7505 69.9436 -1.26489
206 17.9725 19.6072 1.02699
207 99.7737 6.43714 1.5836
208 99.3536 8.396 1.1109
209 90.8607 5.62034 0.846751
210 85.7076 93.2868 0.949432
211 87.7256 5.92101 1.14457
212 24.2032 95.9369 -0.15421
213 57.0583 92.3162 -1.47198
214 81.4099 88.048 1.11905
215 81.7605 38.7715 -1.74979
216 68.8347 92.2482 -1.22582
217 91.9509 88.8011 0.904702
218 65.7144 94.3242 -1.44089
219 83.9252 11.8201 -1.50851
220 0.0500854 95.2747 2.00666
221 65.1703 92.3118 -1.35177
222 88.6185 94.3574 1.06395
223 74.7185 18.463 -2.65923
224 8.59715 37.9127 2.73917
225 35.6155 11.6283 -0.935773
226 64.8033 85.6356 -0.990179
227 63.9427 77.2489 -1.13799
228 55.5373 1.82242 -1.40061
229 65.4624 87.5578 -0.798542
230 70.2308 36.5759 -1.81761
231 85.5697 95.3741 1.04485
232 72.1772 59.6552 -0.874275
233 27.7579 58.4545 -0.465748
234 99.378 2.01285 1.04377
235 93.1573 36.1233 -2.61824
236 65.0998 81.2607 -1.06368
237 86.2531 98.371 0.602442
238 94.7416 31.8191 -2.38547
239 78.4113 86.4192 0.839209
240 88.9514 4.06713 1.20476
241 84.6112 99.3104 1.13301
242 60.8139 90.0304 -0.985578
243 93.2081 90.7016 1.67505
244 66.8557 60.8491 -0.0986649
245 61.0747 89.9225 -0.741447
246 64.1773 54.1602 -1.08453
247 67.0966 40.442 -1.37305
248 82.3337 85.8289 0.532288
249 91.3914 98.5214 0.549612
250 46.7484 10.9978 -0.819968
251 81.4593 99.4942 0.664377
252 37.9969 15.811 -1
253 81.1964 18.7099 -2.69134
254 85.6682 5.28856 1.055
255 90.2551 98.6338 1.4952
256 62.7642 88.8 -1.05862
257 63.2652 57.9352 -0.208973
258 68.3356 80.6299 -1.22067
259 94.8743 40.7818 -2.67535
260 98.0684 99.1917 1.14638
261 86.9441 21.9567 -2.26623
262 68.5035 85.5871 -1.0498
263 28.8077 84.5619 -0.554438
264 80.7392 96.0107 0.798172
265 31.6188 57.5893 -0.411995
266 38.0158 83.9105 -1.5551
267 83.1259 95.4171 1.41184
268 80.8966 5.27909 0.873887
269 30.8702 90.3824 0.0959879
270 91.4398 33.5918 -2.72187
271 94.4634 36.1674 -2.00561
272 55.726 1.48268 -1.63102
273 99.1316 1.44664 1.47031
274 29.7806 83.8677 -0.276179
275 60.8426 82.358 -1.38465
276 19.3069 -0.100236 -0.220347
277 50.1873 69.9251 -1.74061
278 78.0848 92.51 0.699337
279 64.299 91.9421 -1.50556
280 85.1773 84.9676 0.719151
281 61.3206 64.9307 -0.608757
282 92.3306 26.6204 -2.13016
283 96.2201 96.0005 1.38672
284 86.3272 99.6729 0.957057
285 89.3943 91.3752 1.35075
286 66.6719 39.6586 -1.9198
287 62.3664 55.2877 -0.443824
288 8.64838 38.1769 2.66832
289 81.0536 96.9037 0.768299
290 59.7196 79.6759 -1.24739
291 80.9623 94.171 0.493914
292 99.3424 17.2033 1.75893
293 30.6699 84.5265 0.0109842
294 92.4767 14.4639 1.48692
295 38.5429 17.6318 -1.35536
296 98.3302 8.26493 1.12737
297 66.4277 83.992 -1.22699
298 81.9732 95.0921 0.832401
299 94.059 94.4595 1.31395
300 31.244 79.7344 0.094014
301 88.3918 97.3091 0.713551
302 78.3365 0.404659 0.55385
303 64.71 74.7104 -1.38732
304 80.871 89.8758 0.59769
305 87.1466 99.6836 1.21958
306 32.1541 0.419477 0.299757
307 83.2506 96.9313 0.740535
308 88.0117 26.8979 -2.36395
309 35.5513 86.333 -1.28932
310 38.2485 9.14255 -0.813335
311 77.8473 11.951 -1.74808
312 59.9676 90.598 -0.751195
313 50.2326 86.533 -1.5469
314 16.3939 40.5471 2.54351
315 61.3831 80.0276 -1.78598
316 93.7 90.5588 1.07441
317 86.3709 88.0492 0.503835
318 92.8205 5.84272 1.45319
319 90.1498 94.8235 1.32493
320 87.5241 96.4004 0.854226
321 81.5754 9.62226 -1.55876
322 89.6272 93.5261 1.46708
323 85.5777 88.8403 0.713941
324 82.9621 0.471782 0.695162
325 65.5711 87.847 -0.994751
326 5.21705 35.921 2.34036
327 48.4748 89.9267 -1.35207
328 99.1454 8.99028 1.17122
329 4.99745 40.8054 2.35623
330 54.2151 87.9531 -1.76463
331 25.2013 91.6639 0.775575
332 5.19493 41.7515 2.9025
333 5.44213 62.6995 0.463624
334 77.4095 82.8196 0.461939
335 91.5007 94.8839 1.62083
336 97.9356 91.2645 0.94641
337 79.5136 85.1676 0.472989
338 64.399 85.7934 -1.60389
339 3.9956 36.8943 2.26234
340 84.4174 92.312 1.39539
341 77.8397 89.6675 0.869619
342 82.3094 92.6576 1.29669
343 65.6227 91.3041 -1.22119
344 67.178 76.9263 -1.01101
345 95.9987 13.5818 1.31052
346 80.742 29.8338 -2.28855
347 18.4379 1.22614 0.861552
348 80.5731 88.1648 1.15843
349 87.0749 100.27 0.834153
350 60.9689 87.8765 -1.41292
351 66.2898 81.3161 -1.02433
352 80.5219 93.7735 0.669061
353 55.1717 27.0512 -2.8951
354 55.277 43.5905 -1.68213
355 90.1484 8.98084 1.91466
356 5.62961 38.6539 3.11507
357 27.8298 93.5588 0.703809
358 89.1729 26.8232 -2.53648
359 1.12659 6.85973 0.884574
360 70.7188 91.4872 -1.7441
361 92.7089 1.39902 1.17854
362 88.6743 91.5942 0.677451
363 53.7595 98.6041 -1.14286
364 81.2359 95.8924 0.883736
365 56.7916 86.5053 -0.986351
366 93.5267 90.6168 1.60304
367 55.9732 72.4191 -1.80171
368 54.684 87.8884 -1.10534
369 97.9828 11.6371 1.76196
370 91.7128 3.92748 0.90272
371 89.6606 99.4664 1.10937
372 92.0433 13.6851 1.15155
373 84.1673 32.2105 -2.34269
374 83.1738 97.4106 0.575499
375 56.7599 85.1443 -1.9362
376 58.0238 72.1179 -1.59297
377 39.0056 67.7816 -1.06197
378 61.1743 88.663 -1.63666
379 98.9277 96.428 0.675957
380 64.9075 84.727 -1.46766
381 21.5445 1.1716 0.446479
382 86.743 91.5065 1.57403
383 16.4732 40.0536 2.43512
384 1.08964 17.0637 1.48787
385 41.251 13.0967 -0.841866
386 32.8825 14.0744 -1.16773
387 29.4124 75.7103 -0.647541
388 66.6975 86.6812 -1.39537
389 98.853 1.9388 1.03427
390 82.4477 93.0104 1.23775
391 90.0521 27.3579 -2.41462
392 83.1656 2.26003 1.307
393 66.4583 89.6741 -1.56054
394 90.6926 91.0128 1.64369
395 87.4972 22.6332 -2.13826
396 82.4992 12.8461 -1.62697
397 93.5779 98.4294 0.925162
398 88.4191 4.24672 1.23135
399 41.0691 70.8079 -1.0423
400 81.9181 83.8225 1.19732
401 60.8324 38.438 -2.33593
402 56.5666 97.3922 -1.58693
403 86.2046 89.9944 1.10818
404 21.4 18.2 1.64498
405 81.117 90.3942 1.11172
406 70.8293 34.6154 -1.71732
407 91.3311 89.5512 1.0379
408 82.7175 31.7343 -1.94598
409 95.1111 92.7108 1.07007
410 79.5269 85.6752 0.54679
411 97.6455 10.8089 1.1268
412 55.5309 96.6792 -1.56905
413 88.712 18.0834 -2.43526
414 62.9855 87.1877 -1.01258
415 98.9189 16.6018 1.85751
416 97.4112 5.37238 1.67698
417 85.8285 85.1156 0.796033
418 88.1637 92.6943 0.709392
419 76.6193 76.9298 0.573537
420 2.32944 7.67795 1.07173
421 82.7314 90.6935 1.21102
422 92.9727 32.3494 -2.00012
423 55.7781 52.8001 -0.377252
424 94.7675 9.78136 1.74208
425 91.6664 87.4519 1.32506
426 45.1712 70.6087 -1.7551
427 80.9875 99.2893 1.36753
428 59.6554 86.9802 -0.973876
429 62.2299 86.2997 -1.12483
430 66.4363 60.2692 -0.697992
431 60.0011 85.8472 -1.81283
432 65.2848 79.6723 -1.63881
433 46.7658 73.2205 -1.55837
434 91.9479 10.5238 1.99534
435 77.3779 94.0581 0.737377
436 67.5226 85.351 -1.31116
437 17.2077 5.88628 0.719371
438 75.0967 82.2573 0.651307
439 49.1174 71.4636 -1.32794
440 57.3188 42.4502 -1.9272
441 85.0629 79.0811 0.671864
442 88.218 93.3608 0.639212
443 53.9598 43.7117 -1.88956
444 60.3568 87.4545 -1.65231
445 88.8365 99.6476 0.751194
446 81.4037 23.1051 -2.70903
447 68.5573 40.0452 -1.43641
448 96.3853 8.44034 1.595
449 88.3962 98.4458 1.07894
450 82.3313 89.1784 1.02614
451 52.4546 93.8665 -1.22017
452 86.545 98.8515 0.502064
453 65.6637 82.9036 -1.47227
454 89.0375 36.1359 -2.38758
455 58.0049 37.9528 -1.82685
456 79.3438 82.6344 0.989446
457 94.8771 31.791 -2.65659
458 7.92262 43.1528 2.94063
459 55.8374 51.8346 -1.21288
460 97.2983 0.772033 1.29392
461 18.4782 98.9293 0.071003
462 63.2297 89.4439 -0.955074
463 58.162 70.5022 -1.33296
464 63.7976 94.2895 -1.07014
465 90.3524 29.3671 -2.46138
466 68.3146 89.5753 -1.25543
467 91.233 93.2477 0.919358
468 95.9335 2.72119 1.46566
469 64.5893 84.5098 -1.34756
470 82.5755 89.578 0.72063
471 61.6921 89.9494 -1.42594
472 62.0489 91.1415 -1.57817
473 78.7985 39.9468 -1.55698
474 96.2123 7.82134 1.04914
475 77.8654 30.1796 -1.90619
476 25.732 98.6668 0.00287565
477 23.1658 22.4169 1.45726
478 70.1682 63.4663 0.0650797
479 98.7513 14.7556 1.83201
480 95.1326 30.5566 -2.78372
481 99.4005 6.94021 1.50496
482 20.4576 99.7945 0.0318119
483 85.1903 89.1161 0.998951
484 82.2888 1.43417 0.582745
485 78.9904 98.7313 1.16558
486 65.3476 82.539 -1.79852
487 69.2665 91.227 -0.727194
488 45.7993 76.5142 -1.47811
489 59.4932 40.5274 -1.64781
490 39.1528 16.839 -0.863024
491 62.2735 60.5368 -0.509787
492 61.475 88.2859 -0.919843
493 60.4278 67.7567 -1.43891
494 64.1637 55.6392 -0.985648
495 37.4276 73.6435 -1.35609
496 88.4386 97.6363 0.823044
497 93.4004 4.02225 1.48677
498 63.7193 87.048 -0.879347
499 56.4276 49.7075 -1.41223
