500
Particles
0 61.1305 18.5917 2.29903
1 91.1595 92.6092 1.47106
2 77.978 59.1119 1.70319
3 55.7402 81.3901 1.71246
4 63.0704 38.4615 2.46797
5 90.5583 90.1986 2.44079
6 78.0424 43.7106 1.97837
7 68.3124 88.6263 2.46315
8 45.023 44.1263 1.43424
9 14.497 99.637 0.289117
10 80.2965 23.0759 2.49029
11 74.2854 51.273 2.3826
12 80.1777 57.4894 1.67791
13 61.7104 24.1096 2.45107
14 65.9084 41.4464 2.51895
15 62.3634 26.9535 2.71856
16 96.7007 32.5615 1.78006
17 69.6098 56.5725 1.9442
18 65.6722 50.1353 2.65046
19 30.3032 67.4593 1.51708
20 55.66 83.0673 2.0521
21 76.2542 41.8487 1.93064
22 79.1961 33.8966 2.48097
23 62.0117 31.0374 2.56326
24 62.079 84.9121 2.37397
25 68.5026 27.4064 2.36552
26 94.5913 85.0643 1.99779
27 73.7702 49.2551 1.79974
28 75.6294 39.136 2.47649
29 80.7265 56.0191 2.25528
30 45.8246 86.0509 1.53834
31 75.4987 35.0138 2.065
32 23.2738 73.3758 1.86505
33 59.4676 90.5416 1.97901
34 69.388 24.9601 2.27116
35 61.5063 51.4988 2.17383
36 54.9148 91.93 1.62886
37 82.7399 52.7078 2.34579
38 70.5872 32.8878 2.54788
39 62.3288 31.8197 1.67288
40 73.1948 24.9143 1.94014
41 60.3889 31.3952 2.33381
42 81.8213 24.4163 2.30614
43 57.4559 82.4542 2.08432
44 92.0153 94.1328 2.00899
45 85.9034 27.3614 2.06313
46 71.7599 29.211 2.58788
47 91.6854 80.2792 2.1112
48 78.0481 28.1495 2.22351
49 64.5472 14.7717 2.2295
50 71.0985 52.8588 2.3118
51 81.9775 35.4546 2.00604
52 57.8323 84.0051 1.64905
53 56.7095 92.1247 1.72965
54 66.4571 38.7428 2.72506
55 76.0488 78.3221 2.17907
56 68.4027 41.3036 2.2931
57 81.0431 17.3442 1.89366
58 69.1228 44.943 2.12416
59 66.367 26.3506 2.48481
60 70.5484 49.2021 2.44083
61 77.5012 24.1014 2.66964
62 43.9306 38.3038 0.436424
63 23.1271 51.3455 -0.659169
64 74.3659 46.4212 2.00538
65 89.4315 81.4597 1.43306
66 68.0033 53.0416 1.67491
67 69.852 52.4472 2.17827
68 92.5903 77.8034 1.43094
69 90.2191 22.383 2.66376
70 76.8102 46.6068 1.93814
71 71.2114 27.6382 2.28461
72 67.8081 49.2325 2.58366
73 83.8132 50.7272 2.08772
74 78.5492 20.7528 2.66874
75 70.0291 85.0918 2.25842
76 81.09 20.5914 1.91199
77 80.2852 46.4345 2.24369
78 84.6321 60.0538 1.62897
79 69.1779 46.4954 2.14215
80 78.6161 26.2782 2.10511
81 69.1392 53.4037 2.09759
82 55.8323 51.2848 2.36355
83 59.2009 44.0821 1.68819
84 74.9894 75.6323 2.02702
85 78.067 27.0623 2.70197
86 78.226 23.9396 2.05318
87 85.2469 47.3288 1.86964
88 78.2025 77.1062 1.56856
89 77.3993 20.8183 2.3246
90 60.4154 85.1809 1.6108
91 74.6419 34.7975 2.08838
92 81.4466 43.5777 2.48997
93 58.4157 37.8511 2.54988
94 78.1995 26.455 2.56211
95 35.0219 70.4934 1.4167
96 75.9109 45.9504 2.37269
97 78.7582 48.8565 2.70198
98 75.0936 20.1252 2.22156
99 80.2888 42.373 2.65382
100 61.1729 84.9071 2.01574
101 66.5221 49.1802 1.733
102 79.8465 23.6038 2.49639
103 69.2487 22.5701 2.21664
104 78.8053 31.0876 2.54868
105 59.8954 86.2469 1.5607
106 66.8412 38.5247 2.15187
107 65.1696 28.4016 2.37223
108 76.435 32.4293 1.79052
109 71.6315 45.9273 1.88028
110 72.9161 86.8063 2.09621
111 86.1932 52.562 1.94505
112 56.288 81.1038 1.8509
113 76.8037 41.1394 2.1898
114 75.7171 50.8398 1.92096
115 78.7349 55.3846 1.96762
116 80.663 17.9924 2.02935
117 70.9505 31.4051 2.36986
118 45.0423 81.084 1.08751
119 63.8326 42.4495 1.82039
120 66.2823 23.0258 2.81954
121 80.173 89.0222 1.38075
122 76.4946 27.9836 2.39224
123 56.6883 38.5808 1.436
124 76.1197 58.5258 1.77909
125 92.6407 74.0041 1.93879
126 94.0363 35.4848 2.23275
127 55.2424 24.6593 2.06877
128 61.0303 84.7414 1.6523
129 72.085 51.2066 1.73948
130 71.496 35.2903 2.76521
131 79.9685 22.6307 2.13285
132 7.74702 68.1841 1.08711
133 98.4354 78.2984 1.69747
134 59.4154 96.9798 1.62928
135 81.5428 48.052 1.95305
136 78.2723 18.805 2.8763
137 75.9087 45.6277 2.12836
138 80.394 26.8663 2.3479
139 68.3677 22.8452 2.37895
140 82.5389 24.4931 2.38482
141 82.6045 77.8864 1.52874
142 60.0133 41.7874 2.10395
143 31.7494 50.7632 0.892741
144 76.3623 47.5769 2.56143
145 71.9557 53.6928 2.63134
146 64.8306 26.8054 2.51932
147 60.7516 90.8678 1.76689
148 83.6113 49.2799 2.06972
149 64.4889 52.5769 2.0441
150 80.6521 24.638 2.3313
151 25.4555 72.0275 1.19568
152 80.0497 21.0214 2.06143
153 79.8412 33.2378 2.15713
154 96.5854 28.9578 2.36347
155 95.9757 80.5676 2.12766
156 49.9897 43.6507 0.680946
157 23.407 39.511 -2.3243
158 92.8598 86.3914 1.82593
159 31.6406 54.9643 1.92452
160 59.0322 92.7495 2.18452
161 34.1654 56.0748 1.21956
162 64.0616 52.2603 2.4063
163 76.0865 74.1292 1.72649
164 90.125 82.5188 1.71794
165 60.6376 50.8695 2.04228
166 77.0464 76.1353 1.95132
167 86.7093 51.161 1.81803
168 69.6861 48.3907 2.47287
169 86.8237 81.8153 1.8554
170 30.2805 76.0306 1.06378
171 75.576 42.6086 2.34047
172 62.2765 23.3018 2.69832
173 82.7151 22.9883 2.15047
174 91.4654 86.1677 2.22911
175 94.7946 70.9684 2.12249
176 78.3894 59.5395 1.81484
177 70.7279 21.6049 2.73895
178 59.1077 83.2117 2.19807
179 74.9674 38.777 1.98523
180 77.6955 44.2611 2.68624
181 33.9054 50.862 1.56069
182 69.3198 40.9469 2.44258
183 57.4695 14.8612 2.75354
184 82.4733 44.2773 1.94772
185 93.9245 80.8665 1.76797
186 81.2619 31.0149 1.83608
187 47.4225 78.3839 1.06984
188 51.0251 23.3532 2.41445
189 75.2138 55.8089 2.29027
190 92.7937 86.0573 2.08829
191 78.5763 52.1111 2.16194
192 76.6873 16.0667 2.7674
193 82.8307 38.8118 2.11658
194 74.4302 22.5735 2.23687
195 76.952 44.6422 2.05134
196 65.7676 18.7542 2.59515
197 78.541 23.6485 1.97355
198 80.128 43.1187 2.13137
199 8.31348 43.5603 -1.44501
200 80.7217 45.0491 2.3246
201 81.3732 53.6672 1.94624
202 58.2024 85.1536 2.26994
203 35.6877 56.979 1.94243
204 95.3527 83.7708 2.15728
205 85.9165 50.2366 2.36198
206 73.4418 23.3637 2.98892
207 69.061 29.6168 2.34452
208 58.0568 54.8746 2.3266
209 45.3699 79.6973 1.30136
210 71.0537 51.1249 2.24013
211 78.9134 29.3808 2.21008
212 95.6522 77.5534 1.58254
213 25.6851 69.6083 1.56844
214 52.3772 21.7016 2.58463
215 69.0824 34.4534 1.98877
216 85.0092 29.1291 2.17858
217 75.2676 43.0365 1.96249
218 71.4547 61.4155 1.72315
219 69.7808 57.0997 2.13387
220 83.0652 50.9298 2.42865
221 85.2777 39.6039 1.90086
222 82.4643 51.9508 2.32684
223 64.968 87.9562 2.01996
224 54.139 81.8722 1.36336
225 79.5453 57.4076 1.68963
226 0.200267 25.8187 1.4159
227 82.3301 33.0746 2.67814
228 80.1495 25.3445 2.71813
229 83.4927 27.3849 1.97981
230 59.6815 25.8126 2.0905
231 71.773 48.3683 2.23232
232 80.7528 39.6888 2.24207
233 71.0999 26.8253 2.86032
234 67.9136 22.9654 2.65491
235 67.1913 38.8051 2.01265
236 94.3724 25.7178 2.52546
237 77.1862 57.7834 2.41079
238 70.2276 41.2504 2.38955
239 60.8661 42.0871 1.98599
240 74.6127 49.6878 2.06673
241 48.4063 42.0874 1.43212
242 82.9196 32.8537 2.69072
243 81.4114 46.1943 1.98437
244 33.8799 57.1217 1.64419
245 81.2731 34.8217 1.98704
246 80.2172 27.0523 2.14464
247 92.8186 84.4023 2.18945
248 64.4031 41.9766 2.107
249 77.1533 19.3766 2.00641
250 72.2966 49.9785 2.54371
251 73.9417 56.8929 2.08413
252 65.9451 87.2677 1.94719
253 50.3047 83.0423 1.92131
254 80.356 22.5213 2.41186
255 66.1078 51.9636 2.49853
256 82.3432 30.6829 2.5676
257 77.0951 23.0615 2.29245
258 48.1589 48.0374 1.4124
259 67.0941 39.0547 2.57659
260 94.964 88.2604 1.82217
261 64.062 43.3574 2.59365
262 83.1723 25.2975 2.36612
263 79.5891 38.6944 2.51934
264 60.4659 91.3948 1.54566
265 79.173 23.4682 2.15633
266 71.1793 19.948 2.58722
267 75.2314 48.9187 2.51526
268 66.2374 23.2418 2.51977
269 72.3969 51.4349 2.37929
270 69.854 43.8148 2.496
271 69.1128 41.3048 2.55219
272 24.4319 68.7048 0.997702
273 68.8876 24.2944 2.69397
274 73.5065 31.577 1.89902
275 80.5956 25.3197 2.67722
276 72.6727 17.383 2.80385
277 80.7366 42.7776 2.02278
278 83.7117 92.0393 1.55569
279 83.2443 33.8334 2.48855
280 72.2601 45.3966 2.02331
281 80.1728 29.2232 2.06907
282 65.1903 41.1176 2.43552
283 89.136 50.4023 2.24232
284 93.517 22.0897 2.29319
285 79.942 47.7577 2.30336
286 56.0548 28.0911 2.48421
287 77.6271 26.365 2.2701
288 41.584 66.184 0.318752
289 90.4539 22.6143 2.73293
290 72.4881 27.8147 2.60919
291 58.3426 12.2187 2.05804
292 95.3877 79.0777 1.65275
293 70.2916 29.0455 1.91735
294 69.4826 39.3043 2.29647
295 74.7453 41.9836 1.94546
296 84.201 43.9784 1.79849
297 93.5549 30.9711 2.20943
298 54.5996 42.7701 1.57829
299 80.5598 53.0213 2.32966
300 73.5674 24.3302 2.0766
301 69.9359 51.3662 2.46857
302 64.732 21.7135 2.00513
303 80.4941 28.289 1.82817
304 19.7684 54.5306 -1.38977
305 75.123 55.2989 2.0898
306 56.8095 87.6606 2.02923
307 77.9614 55.4136 1.703
308 64.5292 46.1633 2.67178
309 71.3299 30.7319 2.77537
310 61.4606 89.4252 1.98417
311 65.0748 32.7435 2.27053
312 81.258 35.8725 2.08624
313 27.6275 71.4236 1.9795
314 69.5253 55.7313 2.3138
315 80.8147 31.8307 1.8197
316 79.9253 42.2707 2.55928
317 68.9671 44.793 2.34007
318 78.7865 56.4658 2.13817
319 81.8669 53.3594 1.77735
320 82.2157 50.7906 1.95766
321 69.5642 55.9785 2.31989
322 84.593 47.7391 2.05996
323 67.7989 45.8042 2.34038
324 7.20936 39.4179 -1.3591
325 85.8779 29.7637 2.18272
326 78.5634 22.8611 2.15737
327 70.8068 24.4686 2.43185
328 88.782 47.6774 1.86214
329 54.2433 77.5213 1.47756
330 26.3991 69.593 1.04371
331 66.2545 91.6592 1.7654
332 30.4695 71.6538 1.68327
333 82.6613 45.3626 2.38414
334 61.3683 33.8947 2.28193
335 79.4026 52.4027 1.69973
336 85.9101 50.7715 2.10562
337 62.069 39.3599 1.69536
338 86.5011 30.9485 2.22934
339 76.6201 25.1812 2.21145
340 60.9154 21.5029 2.81188
341 60.8036 45.1119 2.24026
342 69.0531 48.6749 2.63809
343 82.946 28.7682 2.36634
344 81.4411 26.9378 2.49777
345 71.3885 81.8004 2.05311
346 61.1863 32.5064 2.13827
347 95.9357 88.7327 1.40581
348 52.7292 26.2202 2.29395
349 92.79 84.018 1.50837
350 80.1781 31.0798 1.95325
351 34.6199 46.4281 1.7844
352 94.9566 91.6762 2.27997
353 62.3427 86.4166 2.03036
354 74.7509 18.1238 2.4832
355 80.8702 20.4659 2.31196
356 85.8576 47.0533 2.70332
357 91.3362 82.589 1.82467
358 71.1249 44.5938 2.60855
359 67.9984 26.7118 2.59717
360 66.1151 56.79 2.10684
361 63.65 14.8186 2.40791
362 73.3884 43.3131 1.99279
363 79.2778 25.201 2.83315
364 63.6135 91.8276 1.61714
365 75.7062 34.9286 2.20767
366 77.897 44.3191 2.44437
367 84.3558 51.269 2.10967
368 63.3944 25.2822 2.38923
369 31.3473 70.2768 2.17026
370 53.4012 84.9933 1.34625
371 67.8136 51.5926 1.6347
372 71.303 39.2036 2.4557
373 81.1786 48.3107 1.98111
374 71.7209 53.728 2.65696
375 84.2175 42.7336 1.88609
376 73.8256 44.1266 2.04907
377 23.6784 71.4052 1.83163
378 73.3829 30.7984 2.21784
379 84.436 53.8137 1.8385
380 80.9102 24.6926 2.42003
381 3.89695 42.8591 -1.95815
382 76.3227 43.8567 2.40657
383 79.9418 79.7071 1.86652
384 78.7996 38.587 2.59965
385 65.4646 88.8875 1.90576
386 53.6168 90.7613 1.85513
387 64.245 14.5218 1.95222
388 86.4347 26.9829 2.31041
389 68.165 26.8974 2.12925
390 58.6247 47.2937 2.15973
391 66.8239 44.7916 2.20551
392 68.4474 24.9221 2.0332
393 85.3155 32.2029 1.7163
394 76.8434 46.5628 1.8771
395 70.8774 45.4627 2.51312
396 71.1849 56.3032 2.53087
397 73.6237 48.7785 2.38775
398 26.8257 69.2315 2.05962
399 52.0251 42.2972 0.705701
400 60.6945 40.1448 1.72462
401 34.9696 69.7922 1.42452
402 75.9505 19.3083 2.70682
403 77.7571 42.9751 1.9151
404 75.0086 26.9429 2.41699
405 92.6693 91.9488 2.3553
406 56.4358 19.4782 2.49174
407 78.5961 47.3036 2.0661
408 69.0118 34.31 2.49529
409 88.1601 49.6582 2.31101
410 63.3553 42.9755 1.71159
411 74.2515 50.8548 2.62988
412 83.7645 21.9135 2.70053
413 61.9023 42.9548 2.49669
414 83.6757 31.747 2.14244
415 86.8458 80.2801 1.63025
416 83.3234 43.815 2.64179
417 60.0255 40.3217 2.06568
418 73.0883 51.5496 1.94128
419 73.7066 78.5367 1.39013
420 69.0967 26.3497 2.85515
421 70.5716 49.7224 1.85921
422 67.0093 42.2192 2.67491
423 82.4955 47.7936 1.81062
424 70.1213 55.7607 2.31159
425 74.5907 38.4868 2.28459
426 0.597813 40.5984 -1.14175
427 72.3686 54.7556 1.73774
428 76.3498 28.6094 1.93398
429 80.8638 25.7461 2.56448
430 30.3967 52.7522 1.56653
431 83.1824 40.8102 2.42202
432 67.1641 53.3536 1.76359
433 90.9298 48.2897 2.63997
434 73.1302 26.3965 2.03944
435 65.0169 89.504 1.80455
436 34.4914 52.1558 1.36414
437 68.0974 21.7372 2.45558
438 82.6574 59.0187 1.89203
439 85.2631 53.1346 1.93553
440 82.9853 20.9832 2.49622
441 54.3903 20.2781 2.52591
442 77.8938 49.841 2.62831
443 6.75626 46.4855 -1.56064
444 81.4014 36.9051 2.60336
445 88.7046 88.6992 2.20014
446 70.3784 88.1759 2.33188
447 60.0259 28.9601 1.72185
448 73.9897 44.5186 2.6303
449 87.2601 22.2122 2.13886
450 64.1199 46.5184 2.15635
451 75.057 21.4322 3.00666
452 72.4868 56.1208 2.01103
453 80.5397 21.6038 2.26358
454 74.1019 52.3559 1.89682
455 82.2838 80.516 1.95287
456 59.1007 37.6334 1.92975
457 68.2839 40.6659 2.02584
458 71.408 37.8001 2.22606
459 96.1591 78.685 1.30298
460 69.9971 24.1247 2.18426
461 57.9699 85.3087 1.31385
462 81.9476 34.3994 1.90137
463 71.6847 43.3176 1.79827
464 89.0332 39.5877 1.95422
465 65.557 44.8191 2.13419
466 83.5015 28.5545 1.83367
467 85.6829 50.3258 2.39062
468 64.14 22.9709 2.58458
469 37.1173 48.1925 1.50904
470 9.1246 81.1344 -0.501198
471 73.7347 28.001 2.82145
472 83.163 36.3101 2.36756
473 80.9845 42.7362 1.95472
474 11.8575 41.6789 -1.04327
475 60.8865 26.2181 2.14828
476 92.5196 82.8391 2.33785
477 80.554 25.8255 1.949
478 60.9813 56.7004 1.82254
479 70.2664 80.3929 2.13754
480 68.2647 34.502 2.11311
481 88.116 46.8152 2.02175
482 76.5563 19.3205 2.0349
483 63.9893 48.3032 1.94842
484 63.9989 26.753 2.77078
485 59.7711 15.1754 2.51006
486 83.486 24.0215 2.30234
487 82.7219 28.1124 2.39454
488 46.2724 40.9697 0.968562
489 71.7979 79.0063 2.0043
490 70.7224 86.0798 2.18584
491 77.8952 24.7843 2.56267
492 83.5926 38.6769 2.22825
493 79.1062 31.9106 2.59016
494 77.2894 20.9557 2.40132
495 71.0777 30.4802 2.12554
496 74.6466 48.3308 1.87521
497 71.1539 51.0677 1.89874
498 84.5582 25.0773 2.2375
499 81.7572 63.8987 1.52918
