500
Particles
0 48.8687 35.7481 -1.72513
1 17.0235 23.0162 0.312896
2 12.5598 30.6788 0.950767
3 71.9339 33.0831 -2.00915
4 17.1166 8.73293 0.33797
5 25.8799 37.767 0.871244
6 25.1836 20.8506 0.183684
7 79.4304 1.68685 -0.0330543
8 64.28 30.7717 -2.29359
9 67.487 36.9924 -2.25006
10 67.0867 21.1439 -1.64542
11 75.5868 91.6512 0.00885714
12 75.7242 37.0726 -2.63461
13 42.4297 0.139299 -2.21785
14 19.7563 10.8419 0.377753
15 79.3742 46.882 2.52865
16 72.9982 40.9122 -2.57898
17 45.2315 18.1387 -2.97234
18 19.6748 20.9319 0.341844
19 7.15461 0.246451 -0.107273
20 70.942 32.1479 -1.74044
21 26.2605 19.6206 0.254985
22 54.6537 22.5407 -2.41067
23 47.2052 20.0503 -2.57071
24 14.2943 53.0735 -1.64442
25 23.6458 42.2868 1.52633
26 28.5591 37.437 1.47872
27 81.1463 87.4299 -0.464914
28 46.9404 38.0623 -1.54362
29 48.3193 19.4765 -3.11547
30 17.379 33.4172 0.198148
31 1.62678 93.2413 1.06487
32 67.7361 27.7377 -2.36292
33 13.6414 29.4876 0.549225
34 56.0538 26.4126 -2.47011
35 40.3081 37.4431 -2.07914
36 75.0114 93.5181 0.152523
37 25.2746 26.3291 -0.0567512
38 95.9055 43.4091 1.29362
39 14.9473 10.4092 0.964023
40 59.6242 19.7636 -1.78843
41 42.8222 0.60222 -2.26403
42 60.6327 37.1486 -1.99829
43 90.4954 62.2917 1.40779
44 17.244 28.5329 0.559781
45 68.7412 41.0847 -2.36531
46 52.6886 39.1485 -1.45517
47 43.8208 13.898 -2.14391
48 59.3931 29.6327 -1.96037
49 26.2498 37.0709 1.02051
50 69.1224 33.5162 -2.11663
51 55.1031 42.1938 -1.67158
52 13.0573 50.9472 -1.3805
53 75.7186 90.7107 -0.0684758
54 48.536 22.0844 -3.00994
55 38.0549 95.3791 -2.45694
56 50.1612 27.5772 -2.92292
57 38.2884 55.9532 -0.893993
58 46.0279 24.0888 -3.0393
59 25.833 40.1658 0.896759
60 22.0066 28.8731 0.821233
61 60.3178 33.1072 -1.74866
62 42.161 41.4293 -2.28733
63 15.8938 19.293 0.114955
64 20.8156 26.4005 0.195872
65 32.696 7.90171 -2.09294
66 23.9166 32.0988 0.656024
67 35.3724 31.5625 2.69507
68 33.1182 1.43138 -1.66458
69 45.97 45.7685 -1.71915
70 25.256 23.8487 0.749247
71 31.4543 42.9419 1.62976
72 19.7614 29.0426 0.0512596
73 41.3277 26.4454 -2.8853
74 32.3292 36.4131 1.35251
75 55.7087 86.4429 -1.59703
76 42.7392 46.1195 -1.77054
77 22.1369 23.8 0.194235
78 17.716 32.9136 0.421039
79 23.141 17.5765 0.141153
80 41.3108 47.5684 -2.08439
81 22.2752 31.7983 0.590847
82 28.7505 96.4527 2.99331
83 22.9253 14.9625 -0.0258516
84 27.6401 50.4758 2.10137
85 36.2425 40.681 3.37335
86 36.3848 57.9604 -1.20321
87 32.4816 97.7177 -2.31335
88 9.22176 87.6162 -2.31542
89 29.4458 37.6564 1.60383
90 55.6493 83.2953 -1.41046
91 1.19259 92.1422 1.36969
92 34.2918 94.8507 -2.43739
93 46.6616 23.2471 -2.88635
94 61.8102 26.0098 -2.39938
95 45.1988 39.4058 -1.97528
96 21.1161 24.7006 0.270879
97 25.7698 27.9052 0.347658
98 30.807 37.6209 1.71459
99 71.1909 25.8583 -1.4017
100 14.274 50.2879 -1.86765
101 18.3575 22.3455 0.543411
102 64.7887 32.1762 -1.77301
103 32.8713 41.4373 2.53006
104 56.6328 35.6206 -1.58407
105 56.0114 82.3353 -1.75898
106 49.765 28.4177 -2.50347
107 45.5048 32.0179 -1.99885
108 58.2145 40.5972 -2.22564
109 50.7405 31.5428 -1.91136
110 76.6635 30.9379 -1.6915
111 25.7534 26.0312 0.846241
112 68.6239 32.0557 -1.52342
113 40.6685 22.2992 -2.93367
114 82.3438 54.525 2.7703
115 36.7679 29.9777 2.66123
116 21.5777 34.1555 0.915707
117 28.0491 44.9178 1.36933
118 72.8742 36.3985 -2.28042
119 46.5408 23.0945 -3.16915
120 28.7848 42.6339 1.81532
121 67.5879 29.1866 -1.97399
122 60.6795 27.3311 -1.85655
123 17.134 21.0912 0.878122
124 37.743 1.57558 -1.96465
125 34.616 5.76252 -2.34506
126 89.3885 90.0094 1.21012
127 36.7918 1.64094 -2.26739
128 14.6883 53.7297 -1.16453
129 50.55 36.3038 -1.72055
130 48.4654 43.9846 -1.68589
131 67.2082 19.8118 -2.38196
132 65.8509 82.9633 -0.904673
133 63.4552 85.5871 -0.856504
134 27.5816 36.4446 1.18858
135 27.6671 24.2638 -0.0442122
136 33.2681 34.8351 1.60242
137 27.2603 24.5176 0.372868
138 61.8717 27.8047 -2.08605
139 37.0555 46.5068 -2.77497
140 63.9673 34.1054 -2.19847
141 32.9984 7.93418 -1.86036
142 24.0049 13.5833 0.625352
143 70.2364 40.7579 -2.03081
144 25.7051 27.1964 0.115581
145 44.1397 28.1377 -3.27731
146 49.9767 41.7407 -2.15868
147 10.8292 28.7367 0.269751
148 47.8369 42.0982 -1.76665
149 24.4055 31.4578 0.639177
150 59.9689 36.103 -2.33136
151 43.1087 40.3551 -1.79541
152 33.5417 37.3663 2.20202
153 57.3202 36.6457 -1.81644
154 71.2735 41.4778 -1.57479
155 65.3189 87.0937 -0.755074
156 67.1077 32.3933 -2.4676
157 62.5474 43.7366 -2.08177
158 29.4332 38.5567 1.01616
159 75.7513 45.4353 -3.35971
160 16.6631 32.374 0.560508
161 96.3508 91.111 1.69764
162 69.24 35.4779 -1.90492
163 35.0048 -0.0993791 -2.14811
164 33.9239 78.3062 0.277381
165 40.0057 35.9192 -2.59565
166 31.1913 4.18764 -1.60851
167 29.8795 26.4259 0.691253
168 19.3416 21.2094 0.459424
169 12.3562 45.8879 -1.17417
170 11.4778 26.7754 0.826136
171 24.099 21.0923 0.0363275
172 42.7031 27.685 -2.4786
173 65.612 34.3694 -1.87337
174 24.7228 36.7341 0.592204
175 95.921 94.9536 0.806516
176 77.6307 48.5609 2.92151
177 33.6627 43.1335 2.83793
178 11.6465 47.3262 -1.14767
179 46.9322 37.9033 -1.6992
180 40.0203 22.7409 -3.20984
181 68.4575 37.2331 -2.50234
182 49.1724 27.8125 -2.2816
183 79.0582 26.9234 1.8881
184 23.1935 45.1727 1.93386
185 61.5141 89.0525 -1.25287
186 60.9989 26.4278 -2.10177
187 68.5075 32.1368 -1.83108
188 16.9158 15.4944 0.102669
189 19.2468 33.344 0.762917
190 20.4654 36.904 0.592166
191 25.5836 29.0856 0.501871
192 37.4589 39.9964 -3.20794
193 56.8265 31.4916 -1.98803
194 32.4087 37.2935 1.76871
195 22.633 22.3144 0.83377
196 28.003 37.3704 0.852215
197 37.0261 58.3993 -1.0897
198 31.321 93.3742 2.56903
199 29.0989 37.4906 1.3077
200 27.7523 22.0817 0.565949
201 12.1423 8.47338 1.003
202 11.4979 52.1267 -1.80723
203 62.6678 50.5483 -2.13674
204 25.0104 36.1762 0.736209
205 43.567 27.9168 -2.68531
206 35.1222 54.3812 -0.665102
207 26.5618 42.6485 1.93728
208 23.8688 45.2606 1.94837
209 72.858 34.0541 -2.32272
210 21.4549 24.4615 0.638692
211 59.8067 22.5697 -2.32297
212 65.4541 84.9587 -1.33167
213 46.6529 46.1299 -2.34922
214 19.7404 16.5784 0.292602
215 42.3979 25.4625 -2.88536
216 68.0303 44.1712 -1.88718
217 25.9604 19.8181 0.345918
218 61.231 46.3657 -2.05897
219 48.313 17.6231 -3.07492
220 33.7235 23.4785 1.67905
221 60.8929 44.2516 -1.5308
222 23.2877 26.413 0.867648
223 57.3911 88.2989 -1.42946
224 72.1117 30.7664 -2.33936
225 77.2601 92.149 -0.810919
226 64.8036 38.2259 -2.48338
227 61.0511 30.7573 -2.03412
228 38.194 59.8914 -0.377004
229 61.7432 39.7358 -1.57884
230 41.7758 99.0955 -2.51629
231 21.0236 26.9792 0.137126
232 99.9348 91.3241 0.882753
233 30.2704 42.8292 2.40093
234 27.4662 38.8248 1.61962
235 50.4226 26.6525 -2.14049
236 64.1881 33.4695 -1.66023
237 20.4494 32.1015 0.881364
238 49.3721 22.9742 -2.95304
239 18.3573 12.6078 0.886833
240 74.7032 37.0888 -2.09215
241 20.8412 30.6103 0.664503
242 58.109 42.1942 -2.23772
243 26.1862 23.0992 -0.0645123
244 92.4189 87.9295 0.889532
245 58.965 41.8341 -2.48104
246 64.966 24.1281 -2.03418
247 38.3036 3.41276 -1.975
248 19.8851 14.8227 0.388594
249 23.1464 34.2083 1.00227
250 76.8729 85.1021 -0.973498
251 15.3885 33.0839 0.236644
252 79.6505 1.27406 0.089875
253 59.7112 95.9706 0.143633
254 66.515 20.3247 -2.23821
255 23.4123 32.7963 0.3282
256 59.6196 40.6726 -2.06585
257 64.2003 25.6111 -2.06485
258 67.9749 33.2173 -1.91587
259 51.1114 28.0848 -2.03848
260 28.3432 36.2132 0.692858
261 40.9485 17.513 -2.88685
262 67.938 38.0577 -1.90047
263 31.7663 48.9699 2.87835
264 14.8031 29.5752 0.254305
265 34.5995 39.6151 1.93126
266 37.1546 42.0633 -2.65264
267 19.4062 26.953 0.405786
268 50.7854 16.0309 -3.01546
269 75.9392 87.6557 -0.0486286
270 46.1109 24.8381 -2.51648
271 50.4477 29.1828 -2.78593
272 40.2909 58.6916 -0.673737
273 27.1017 39.3905 0.929353
274 33.1645 45.78 3.17635
275 59.8408 35.1239 -1.53374
276 30.5665 36.5102 1.57175
277 40.827 26.8465 -2.68479
278 14.2487 23.7499 0.19823
279 60.0237 44.04 -2.15123
280 24.6766 11.6814 0.535425
281 63.0351 29.0088 -2.11641
282 47.4356 22.783 -2.62487
283 28.7502 31.1398 0.102369
284 21.0922 32.2396 0.896172
285 23.9126 24.8815 0.810592
286 37.9054 2.35365 -2.1623
287 62.0354 24.5298 -1.70058
288 72.6787 29.9197 -1.94794
289 16.7149 28.8352 1.07682
290 55.1864 32.9332 -2.11138
291 17.6184 25.0142 0.926696
292 91.3311 63.5702 2.2949
293 31.8097 46.1257 2.33493
294 49.3579 22.279 -3.16669
295 80.8785 4.409 -0.144803
296 24.1149 45.2592 1.95574
297 67.5643 36.4822 -2.03565
298 18.3168 26.3846 0.918292
299 28.7788 26.4079 0.72737
300 33.5453 41.4779 2.77875
301 23.5587 30.1791 0.537747
302 99.6472 42.9894 1.10986
303 61.08 29.0957 -2.64481
304 16.327 20.9122 0.856979
305 20.1005 34.5915 0.88043
306 75.8444 94.9365 -0.234564
307 17.2836 31.2091 0.919339
308 42.672 20.0691 -3.00905
309 35.2895 45.6773 3.28595
310 78.5487 90.0095 -0.570459
311 45.3469 98.9963 -1.94339
312 56.4901 43.3053 -1.98302
313 42.46 39.8635 -1.82065
314 73.2294 46.0314 -1.9822
315 59.1183 32.8064 -2.37117
316 26.7089 23.5755 0.0253106
317 24.4245 16.8229 0.689118
318 74.3552 38.0227 -2.73912
319 24.0271 27.755 0.262324
320 24.3021 26.5293 0.0281151
321 47.4944 17.281 -2.74097
322 25.0711 24.9088 0.376254
323 22.3362 17.4444 0.5394
324 19.3978 32.1639 0.547303
325 63.0218 39.4982 -1.69498
326 64.7199 22.4138 -2.25009
327 37.5654 44.5288 -2.29738
328 22.4627 47.172 1.11373
329 70.1387 28.7324 -1.91362
330 45.7806 41.431 -1.60365
331 65.7278 84.3931 -0.755311
332 69.1976 28.3995 -1.4253
333 28.1137 93.7596 3.2326
334 15.427 10.3381 0.5673
335 25.2057 28.2248 -0.0194932
336 31.6152 23.1176 0.206309
337 18.5425 11.4849 0.579743
338 62.2043 37.8905 -2.06475
339 63.4052 22.8082 -2.48897
340 20.3814 22.2997 0.0118164
341 17.5291 15.7014 0.825041
342 19.4855 22.1358 0.630293
343 64.2038 43.5264 -2.32578
344 62.5802 30.408 -2.41251
345 91.3576 60.639 1.63936
346 42.225 1.98901 -1.97954
347 30.6601 37.4294 1.35137
348 19.3279 15.0795 0.483472
349 18.9603 35.0743 0.67938
350 59.0618 39.8387 -2.30676
351 66.2839 33.5439 -2.00087
352 14.8846 26.1359 0.572549
353 56.8669 85.6599 -0.98691
354 32.7111 38.8446 1.50653
355 66.6551 23.6309 -2.23305
356 71.2255 26.6879 -1.84265
357 70.6667 86.1266 -1.13672
358 43.5154 21.7373 -2.96027
359 27.9179 43.62 1.04121
360 71.9572 45.373 -1.99163
361 23.8243 37.807 0.810972
362 22.9008 23.25 -0.0683358
363 39.4362 54.3153 -1.20426
364 14.5314 29.5506 0.834616
365 52.8698 38.6383 -1.76991
366 28.4674 22.0253 0.22117
367 46.0684 31.9431 -2.35323
368 48.7026 40.6413 -2.13473
369 92.4248 59.0017 1.76141
370 77.2147 39.1839 -2.18502
371 24.9507 31.9287 0.262324
372 50.327 22.197 -2.77494
373 39.3411 23.805 -2.91727
374 16.2941 31.71 0.637761
375 51.6271 37.7069 -2.0141
376 50.2633 30.5959 -2.05128
377 34.353 28.4447 2.80313
378 55.391 40.9661 -2.29626
379 34.6372 25.494 0.992701
380 62.9177 36.7759 -2.00932
381 32.5576 36.3076 1.08334
382 23.2421 21.0174 0.535284
383 15.0519 48.2277 -1.669
384 28.1303 47.067 1.31187
385 80.399 90.4559 -0.156514
386 73.9742 94.7522 0.0946676
387 34.1714 41.0914 2.98624
388 66.4334 38.6638 -1.81641
389 26.1908 39.7282 1.71442
390 17.3017 25.7023 0.247056
391 44.9315 21.5086 -2.7262
392 92.0579 47.3289 1.24234
393 61.7483 41.8917 -1.71918
394 25.0597 23.1931 0.693248
395 41.7236 20.0904 -2.29348
396 46.6228 17.368 -2.51486
397 27.7915 31.7087 0.606017
398 70.3152 21.1627 -2.32265
399 35.1976 30.7354 2.41084
400 21.3192 10.6856 0.549752
401 33.3926 1.05373 -2.50303
402 40.6378 51.9204 -1.76615
403 22.5644 19.7471 0.179934
404 35.0006 54.3981 -0.938157
405 14.3364 24.1827 0.825959
406 39.7568 -0.430639 -1.87731
407 24.5337 22.241 0.0766518
408 37.6416 21.5409 -2.7854
409 30.6677 24.0167 0.500324
410 19.3947 11.6788 0.783472
411 83.134 53.4011 3.00701
412 42.6144 50.0395 -1.81152
413 42.8491 18.0074 -3.1263
414 60.8586 39.0241 -1.64945
415 91.026 63.5758 1.39781
416 22.8642 43.1366 1.57878
417 23.7492 13.1702 0.0520549
418 22.1719 25.7991 0.375596
419 13.512 4.43587 0.215224
420 29.1908 43.0684 1.36556
421 17.7306 22.7479 0.725689
422 47.7303 26.2828 -2.3189
423 34.6992 21.0913 1.75872
424 77.3399 48.3941 2.60819
425 25.5047 20.3723 0.170471
426 38.0201 28.184 -3.48803
427 15.3598 32.8404 0.744291
428 57.046 39.1562 -1.61172
429 62.8695 38.6296 -1.8839
430 94.1068 90.1962 1.30337
431 54.8337 38.6519 -2.14132
432 66.3533 32.0334 -2.41609
433 39.0612 30.5495 3.4428
434 59.2164 22.934 -1.8455
435 11.3045 27.8668 0.931179
436 69.3923 38.1434 -2.39755
437 30.5064 41.7231 1.63109
438 13.6415 8.33649 0.779913
439 41.0495 28.3423 -2.71254
440 33.1066 33.3133 2.22914
441 32.6646 80.9804 -0.256782
442 22.9132 25.0102 0.355546
443 31.4287 39.8554 1.80604
444 58.4425 39.8489 -1.65739
445 20.3217 36.18 0.313333
446 42.1052 97.6818 -2.62786
447 41.4016 3.00124 -1.97255
448 81.2875 49.5613 3.27735
449 22.3069 32.1029 0.0374691
450 21.5378 16.6884 0.785595
451 41.5156 47.2861 -2.46534
452 20.0378 32.8707 0.145515
453 64.8597 35.6069 -2.26954
454 45.7137 27.3149 -2.67256
455 26.0604 5.44152 -1.39846
456 17.0206 11.3398 1.02288
457 49.9977 24.1789 -2.7014
458 71.2303 36.328 -1.8787
459 34.3463 12.3869 -2.08312
460 27.4534 37.0783 1.30866
461 57.0882 83.1628 -1.09566
462 58.9571 41.8081 -2.09501
463 50.2653 31.4307 -2.64931
464 62.2454 46.2406 -1.72556
465 44.3206 22.2648 -3.04483
466 63.7054 41.2781 -1.88451
467 25.9184 25.1721 0.441638
468 25.1839 40.5646 1.24644
469 65.3968 36.6544 -2.04302
470 17.4249 21.9959 0.236059
471 58.6678 42.0886 -1.81021
472 57.6905 43.3146 -2.03347
473 39.945 24.7842 -2.92943
474 79.4844 47.4853 3.48463
475 41.0313 0.935014 -1.81174
476 64.4816 85.6974 -1.29002
477 36.5288 57.6705 -1.06696
478 99.1921 94.0327 1.59274
479 93.2124 61.4344 1.56161
480 49.6809 22.5149 -3.0805
481 24.6993 43.8844 1.62351
482 31.4833 36.8809 1.04308
483 21.61 18.9325 0.35497
484 97.0783 45.9576 1.11009
485 98.7931 42.2925 0.99816
486 64.6209 35.0445 -2.0469
487 69.3063 43.5637 -2.37197
488 37.2383 34.0697 2.3378
489 30.369 4.31518 -2.53539
490 80.9133 3.48512 -0.250412
491 63.7043 26.8154 -2.59408
492 58.7214 40.0455 -2.01527
493 59.5167 27.8271 -2.68821
494 64.0077 24.0943 -2.03355
495 31.2336 44.1932 1.8644
496 23.5409 29.6353 0.134885
497 78.5119 44.399 2.99858
498 63.3577 39.1815 -2.35523
499 34.2739 10.2504 -1.9483
