500
Particles
0 46.0265 31.3772 -2.45404
1 20.9637 26.4579 0.997938
2 16.4083 33.9711 1.24067
3 69.8617 28.3241 -2.25182
4 22.0602 10.7759 0.69657
5 27.5976 42.7035 0.999041
6 29.3779 24.2715 0.491795
7 84.4259 -0.118892 -0.514171
8 62.0652 25.873 -1.73486
9 65.406 32.1896 -2.19957
10 64.1649 16.7761 -2.26303
11 80.9144 92.3546 -0.0635571
12 72.963 32.6859 -1.81923
13 40.7115 95.5797 -1.39361
14 24.5706 12.9538 0.707264
15 74.4682 45.4949 -2.60774
16 69.7642 36.9864 -2.63952
17 40.4097 16.0021 -2.35427
18 23.9743 23.8815 1.16719
19 12.4677 0.388461 -0.22091
20 68.6393 27.4885 -1.83406
21 30.8624 22.0794 0.182212
22 51.1503 18.5989 -2.49237
23 42.3669 17.8083 -2.67549
24 13.6275 47.8832 -1.61418
25 24.3893 47.5261 1.15191
26 29.4739 42.5573 1.77363
27 86.3451 86.889 0.203646
28 44.6132 33.347 -1.91504
29 43.6161 17.2184 -2.7079
30 21.5768 36.4081 0.42761
31 5.56012 96.8835 0.421845
32 65.7421 22.7515 -1.84712
33 17.778 32.8364 0.826562
34 52.9428 22.1583 -2.78025
35 36.0607 37.6977 1.88046
36 80.2272 94.501 0.422644
37 29.858 28.6595 1.35739
38 98.9414 47.7794 0.906221
39 19.7397 12.791 0.516802
40 56.8713 15.1428 -2.08774
41 41.2653 96.0017 -1.17507
42 58.9361 32.0162 -1.88263
43 91.7074 67.426 1.37604
44 21.8019 31.3161 0.457324
45 65.7538 36.6404 -2.21149
46 51.2849 34.003 -1.88171
47 38.562 12.8709 -2.47962
48 56.3789 25.2218 -2.23302
49 26.7324 42.4191 1.72538
50 66.9836 28.599 -2.04566
51 53.0115 37.3889 -2.51319
52 11.81 46.0617 -2.06872
53 81.0513 91.5875 0.181635
54 43.4445 20.3926 -2.65599
55 35.1459 91.4028 -1.12051
56 45.9553 24.4984 -2.27097
57 40.9221 51.2872 -1.11986
58 41.28 21.6986 -2.62723
59 26.9792 45.3756 1.50871
60 26.035 32.2421 1.22632
61 57.8933 28.4791 -2.1277
62 37.2877 40.0211 3.0648
63 20.5573 21.9081 0.264911
64 25.2352 29.3233 0.797356
65 30.9804 2.9818 -1.86727
66 28.3252 35.0495 0.60713
67 32.7088 36.2154 1.92355
68 29.7641 97.5349 -2.64317
69 41.5102 42.813 -2.48195
70 30.1557 25.9897 0.936131
71 30.8243 47.9772 1.22637
72 24.5153 31.5146 0.496227
73 36.1842 27.5189 2.53344
74 32.5578 41.6635 1.86979
75 56.1107 81.2472 -2.00457
76 38.4794 43.4367 2.66051
77 26.815 26.468 0.413253
78 22.1594 36.0283 0.488975
79 28.0718 19.5266 0.13892
80 36.554 47.0424 2.69134
81 26.8143 34.7076 0.514399
82 23.6084 95.2509 -2.53012
83 27.9221 16.6032 0.0724884
84 28.6044 55.0286 0.929368
85 33.9835 45.1564 1.66588
86 39.6982 53.7004 -1.08298
87 27.3643 96.3371 -2.57397
88 4.06748 86.3289 -3.23318
89 30.2599 42.8833 1.5977
90 56.3007 78.042 -1.48682
91 4.25588 96.3399 0.532163
92 29.2051 93.1408 -2.99789
93 42.2647 20.6026 -3.09853
94 58.5347 21.8367 -2.03939
95 41.9551 35.2901 -2.67003
96 25.7488 27.0306 0.911801
97 30.1214 30.8607 1.30155
98 31.2348 42.9614 1.648
99 68.4368 21.4212 -2.60291
100 13.4456 45.0108 -1.97577
101 22.5395 25.2589 0.978279
102 62.4486 27.4379 -1.65826
103 31.7045 46.4817 1.42344
104 54.5635 30.7414 -1.92206
105 56.3279 77.2381 -1.71975
106 45.6863 25.1362 -2.18856
107 40.5369 30.1196 3.24877
108 55.7901 35.8005 -1.84719
109 46.4923 28.2933 -2.19467
110 73.0383 26.9289 -2.23729
111 29.7436 29.4104 0.468323
112 66.0171 27.6065 -1.63262
113 35.5393 22.9349 2.37024
114 77.0915 54.4114 3.13652
115 34.5972 34.3668 1.42736
116 25.322 37.7271 1.36591
117 27.9556 50.1847 1.37469
118 70.7931 31.4656 -1.70839
119 42.01 20.3529 -2.30865
120 29.6082 47.8743 1.05398
121 64.8969 24.5752 -1.72906
122 56.9669 23.4666 -2.18592
123 21.4715 24.2057 0.639788
124 36.6506 96.4003 -1.06413
125 32.9542 0.725915 -2.00371
126 91.6276 94.554 1.32809
127 37.1688 96.3645 -1.22103
128 13.6872 48.5579 -2.20248
129 47.1859 32.2498 -1.90334
130 46.26 39.207 -2.16057
131 64.1168 15.4819 -2.6334
132 67.9242 78.1586 -1.78933
133 65.5736 80.7882 -1.1602
134 28.0645 41.5973 0.942105
135 31.3072 28.1451 0.667698
136 32.2397 40.1208 2.09943
137 31.4093 27.7053 0.777465
138 58.7711 23.409 -1.96066
139 35.0376 50.5207 1.51365
140 61.7413 29.1782 -2.13456
141 31.8372 2.90108 -1.35833
142 28.6408 16.3035 0.468583
143 67.646 36.2033 -2.61086
144 29.8842 30.225 1.36057
145 39.231 26.1677 2.68488
146 47.8798 37.0256 -1.63847
147 15.1869 31.7486 0.687347
148 44.6988 37.7783 -2.5815
149 28.7384 34.454 0.441367
150 58.6418 30.9401 -2.07046
151 39.9417 36.4366 -3.06125
152 32.9541 42.5876 1.59459
153 54.5878 32.0308 -1.94254
154 67.681 37.5115 -2.37142
155 67.693 82.2697 -0.821157
156 64.218 27.8828 -2.00153
157 59.6152 39.122 -2.09982
158 29.1588 43.91 1.68933
159 70.7443 43.8914 -3.37998
160 20.4254 36.0438 0.990657
161 97.3109 96.2964 1.22819
162 66.8822 30.7733 -1.61836
163 31.398 96.2736 -2.59587
164 39.1112 78.9749 0.157718
165 35.734 36.9497 1.43432
166 29.5994 99.3514 -1.21664
167 32.2277 31.2928 1.27421
168 23.7468 24.0183 1.15526
169 12.0546 40.6414 -1.53991
170 15.8406 29.7392 0.554677
171 28.4219 23.997 0.919668
172 37.6135 26.7577 2.63625
173 62.6657 29.9298 -2.05741
174 27.0486 41.3271 0.993351
175 98.2048 99.6124 1.19066
176 72.4733 47.6997 -3.4445
177 32.0229 47.9948 1.50291
178 10.6412 42.0995 -2.07479
179 44.5405 33.291 -1.76631
180 35.0589 24.237 2.04462
181 66.2349 32.4172 -1.80208
182 44.9767 24.6202 -2.15267
183 75.1423 24.6494 -2.273
184 23.0925 50.4512 1.57439
185 63.3623 84.0815 -0.866993
186 57.6471 22.2584 -2.15522
187 66.8071 27.0187 -1.90528
188 21.3335 18.4058 0.494029
189 23.9087 36.0158 0.469069
190 24.1985 40.4706 0.918913
191 29.8097 32.0477 0.827765
192 34.9156 44.0142 1.6556
193 53.7548 27.1248 -2.34117
194 33.0827 42.5639 1.04007
195 26.698 25.6221 0.931878
196 28.7299 42.6142 1.18423
197 39.6235 53.7727 -1.19386
198 26.1702 91.9709 -2.58075
199 29.3046 42.7897 1.31374
200 31.3978 25.683 1.17055
201 16.6484 11.2568 -0.0222816
202 10.7941 46.8691 -1.71935
203 59.5536 46.1126 -2.20536
204 26.898 41.1584 1.51495
205 38.3887 28.1319 2.55289
206 37.0634 49.797 -2.08703
207 26.5444 47.9189 1.39611
208 24.7697 50.4436 1.33234
209 71.1785 29.0931 -1.78827
210 25.7925 27.42 0.480871
211 56.2176 18.6289 -1.89047
212 67.241 80.1031 -1.10317
213 43.9725 41.4732 -2.17056
214 24.6076 18.6632 0.599572
215 37.2 25.1826 2.80258
216 64.5145 40.3849 -1.78153
217 30.2514 22.8674 0.364047
218 58.8962 41.6201 -1.72231
219 43.5399 15.3685 -2.42059
220 33.9849 28.5636 0.977959
221 58.2699 39.6009 -2.10407
222 27.1439 30.0972 0.682621
223 57.5398 82.9649 -1.81694
224 68.8901 26.5598 -2.38193
225 82.5411 92.8194 0.243015
226 61.9367 33.7727 -1.98757
227 58.1465 26.333 -1.68586
228 41.4795 55.6486 -1.13407
229 59.3729 34.9953 -1.9662
230 39.9802 94.4395 -1.63012
231 24.9057 30.4727 1.15712
232 2.05172 95.9701 1.20481
233 30.3622 48.104 1.37035
234 28.1044 44.1531 1.72658
235 46.5416 23.0637 -2.23731
236 62.1963 28.6154 -2.42993
237 24.5851 35.3379 0.836454
238 44.7351 20.5261 -2.93469
239 23.047 15.0462 0.151068
240 72.0078 32.599 -2.64517
241 25.3572 33.3269 1.16589
242 55.561 37.4506 -1.79107
243 30.5181 26.165 0.474341
244 94.669 92.7777 1.3724
245 56.8415 36.9938 -1.58225
246 61.6979 19.8507 -2.03526
247 37.2243 98.2975 -1.67839
248 24.6349 16.8701 0.751435
249 26.5586 38.3802 0.669363
250 81.7536 84.1185 0.00379608
251 19.3547 36.3908 1.04515
252 84.7928 0.294215 -0.573732
253 64.947 97.0049 0.558181
254 63.5909 15.9412 -2.3928
255 27.8331 35.551 1.05372
256 57.9288 35.5849 -1.63234
257 60.6756 21.5437 -1.86732
258 65.0426 28.7338 -2.03037
259 47.0935 24.7229 -2.66048
260 28.8303 41.4278 1.53473
261 35.8087 16.3739 -2.87685
262 65.2556 33.4981 -2.06369
263 31.1991 53.9749 1.16941
264 19.153 32.7533 0.883149
265 33.5594 44.8815 2.1151
266 34.5538 46.4135 1.87497
267 24.0937 29.3973 0.363018
268 46.1631 13.5621 -3.31773
269 80.9352 87.4876 0.220242
270 41.3859 22.6474 -2.18791
271 46.6716 25.9593 -1.80589
272 43.135 54.2063 -1.48193
273 27.53 44.7371 1.58811
274 32.5844 50.8703 1.53834
275 58.1251 30.0511 -2.12565
276 30.8424 41.7255 1.67983
277 36.0788 27.8354 2.5456
278 18.5655 27.0249 0.693246
279 57.7569 39.395 -2.17587
280 29.2048 14.1283 0.684758
281 59.7762 24.7332 -2.29714
282 42.5375 20.5339 -2.9184
283 31.6819 35.2734 1.69133
284 25.2664 35.4178 1.18787
285 28.4574 27.6182 0.83792
286 37.1928 97.1982 -0.950337
287 58.0173 21.0475 -2.74932
288 69.9562 25.4465 -2.05255
289 21.5846 30.8335 0.326932
290 52.5464 28.223 -1.91577
291 21.9062 27.8629 1.18464
292 92.2265 68.8184 1.01286
293 31.1427 51.3826 1.65801
294 44.8115 19.7889 -3.04966
295 86.0856 3.34169 -0.094009
296 24.9013 50.5856 1.27813
297 65.2553 31.8347 -2.5416
298 22.6075 29.5489 0.637925
299 32.6691 29.9636 0.54886
300 32.92 46.6096 1.15459
301 27.3706 33.4712 1.308
302 3.05283 47.0836 0.731872
303 57.7047 24.9609 -2.53405
304 20.839 23.495 0.379608
305 24.2293 37.7642 0.389152
306 81.0365 95.5714 -0.18704
307 21.7245 34.0767 0.617714
308 37.6387 18.2327 -2.61479
309 33.3031 49.8084 1.33765
310 83.7233 90.2051 0.409805
311 43.9093 94.1393 -1.87453
312 55.3177 38.0336 -1.82896
313 38.3792 36.5836 3.26319
314 68.2753 43.9999 -2.5421
315 56.2845 28.3163 -1.81619
316 31.3367 26.2786 0.613347
317 29.2984 18.7414 0.46763
318 71.8773 33.4119 -1.94725
319 27.6209 31.6725 1.27111
320 28.9856 28.982 0.864037
321 42.5789 15.4693 -2.3324
322 29.3356 28.017 0.488558
323 26.8048 20.2055 0.255935
324 23.422 35.6103 0.973863
325 60.2128 34.9147 -2.05635
326 61.5983 18.0708 -2.46598
327 34.2926 47.5179 1.56517
328 23.5139 52.2687 1.37033
329 67.1215 24.4062 -1.9609
330 42.496 37.3103 -2.67284
331 67.9042 79.9025 -1.67098
332 66.5467 23.8281 -1.68392
333 22.8776 93.0507 -2.76937
334 20.0045 12.7692 0.62184
335 29.6315 31.1545 0.661176
336 33.5026 28.0064 1.56149
337 23.2786 13.7503 0.560823
338 59.9377 33.0465 -1.78586
339 59.9451 18.9138 -2.26584
340 24.9534 24.8201 0.344541
341 22.1421 18.1882 0.194453
342 23.7628 25.3337 0.434661
343 61.3848 39.0488 -2.50615
344 60.3142 25.5755 -2.52455
345 93.0329 65.6752 1.43721
346 42.0665 96.9602 -0.857808
347 30.2087 42.6279 1.87409
348 23.6753 18.2502 0.892234
349 23.1266 38.3665 0.904574
350 57.6254 34.7904 -1.74554
351 64.274 28.6216 -2.40199
352 19.6008 28.5163 0.317211
353 57.2783 80.5439 -1.80739
354 32.8831 44.0812 1.14319
355 64.0487 18.9876 -2.41327
356 68.9095 21.8985 -2.42434
357 75.0606 84.2688 -0.0646213
358 38.2598 20.8923 -2.43702
359 28.3419 48.9181 1.45421
360 67.5122 42.3357 -2.79897
361 25.5783 42.6959 1.52911
362 27.0627 26.2598 1.19941
363 40.1088 49.1422 -2.2104
364 18.7013 32.9816 0.844277
365 51.1485 33.6402 -1.90766
366 32.2913 25.3019 1.04023
367 41.4621 29.4819 -3.19295
368 46.4362 36.0935 -1.81991
369 94.18 64.0461 1.49213
370 74.157 35.1844 -2.33569
371 29.1697 35.0438 0.998963
372 45.4911 20.1219 -2.37965
373 34.9027 25.7944 2.0408
374 20.3278 34.7471 0.877573
375 50.0693 32.6097 -1.90868
376 45.9786 27.675 -2.57734
377 33.4704 33.2514 1.38803
378 53.1894 36.2077 -2.07494
379 33.9718 30.7146 1.08795
380 60.8106 31.9023 -1.67998
381 32.7672 41.6158 1.22425
382 27.8589 23.678 0.273793
383 13.997 43.0875 -1.7132
384 28.9813 52.2879 1.12855
385 85.6195 91.655 0.498318
386 79.2442 94.9511 0.426486
387 33.3675 46.1501 1.65031
388 64.0569 33.925 -1.6607
389 26.8123 45.0225 1.5381
390 21.8522 27.9692 1.20495
391 39.8689 19.4665 -2.77905
392 91.2597 52.5215 1.68868
393 59.6406 37.0808 -1.57616
394 29.3853 25.9072 0.720613
395 36.4178 19.6185 -2.93132
396 41.6309 15.4864 -2.49029
397 31.1051 35.4965 1.65572
398 67.7034 16.5303 -2.48044
399 33.3507 35.5846 1.77284
400 26.3407 12.5706 0.58288
401 30.2165 96.9057 -2.25365
402 38.5813 47.1202 -2.39338
403 26.8084 23.1523 0.669077
404 36.9067 49.5276 -1.89131
405 18.3839 27.4651 0.561023
406 37.7706 95.2939 -1.82674
407 28.6813 25.3003 0.609024
408 34.5785 25.3099 1.40497
409 33.0452 28.7206 1.40706
410 24.1318 14.1733 0.433856
411 77.8123 52.4108 3.25015
412 39.4383 45.8421 -2.24619
413 37.4943 17.4151 -3.28863
414 57.9464 34.5924 -2.42217
415 91.8598 68.7689 1.57734
416 23.3884 48.4363 1.4924
417 28.7792 14.7555 0.377429
418 26.4832 28.6764 0.970012
419 17.9586 7.23459 0.661711
420 29.4952 48.5295 1.32086
421 22.2762 25.2038 0.34882
422 43.3856 23.6613 -2.07211
423 33.881 26.0211 1.38035
424 72.2429 47.1219 -3.13021
425 30.4067 22.1982 0.492284
426 35.4933 31.7792 1.1975
427 19.4563 36.1166 1.14704
428 54.9751 34.3761 -1.63825
429 61.183 33.5735 -2.08196
430 95.6706 95.1816 1.02946
431 52.4236 33.9697 -2.30765
432 63.778 27.4369 -2.30133
433 35.4937 33.108 1.76275
434 55.4954 19.2001 -2.04205
435 15.7425 30.8601 0.701413
436 66.5819 33.4884 -1.93875
437 30.8747 46.9655 1.06673
438 18.1319 10.9026 0.25787
439 36.1087 29.3619 2.35673
440 32.8762 38.5712 1.68782
441 37.8631 81.9077 0.190005
442 27.5736 27.1608 0.369672
443 31.5057 45.1037 1.22553
444 56.0327 35.2202 -2.42689
445 24.0456 39.809 1.42732
446 39.9415 93.0905 -1.52723
447 40.1364 98.7486 -1.50776
448 76.0699 49.2682 -3.43651
449 26.3152 35.5216 0.432221
450 26.3589 18.8387 0.386074
451 37.4335 45.8396 2.73119
452 23.6666 36.7277 0.725536
453 62.4027 31.0669 -2.4949
454 40.7819 25.6293 -3.23645
455 23.543 0.889459 -1.53769
456 21.5212 14.017 0.0632718
457 45.3463 21.5812 -2.8818
458 69.0541 31.4732 -1.80172
459 32.8861 7.42751 -1.57914
460 28.0014 42.3747 1.08464
461 57.7333 77.9344 -1.61601
462 57.2412 36.7985 -1.73479
463 46.8193 27.3642 -2.31928
464 59.6926 41.6779 -1.57532
465 39.0544 21.2055 -2.99714
466 61.3331 36.6412 -2.55554
467 30.0609 28.3273 1.34352
468 26.1532 45.7469 1.66968
469 63.3953 31.6253 -2.06763
470 21.5898 25.2762 0.985821
471 56.7877 37.0848 -1.91785
472 54.5913 39.0362 -2.18891
473 35.1833 26.1755 1.73081
474 74.2527 46.917 -3.42781
475 40.4672 95.8739 -1.34135
476 66.6785 80.8725 -1.11751
477 39.2285 53.0956 -1.44766
478 1.60064 98.628 0.86239
479 94.4019 66.5085 1.09708
480 45.3223 19.3749 -2.76677
481 25.1265 49.2028 1.0974
482 31.7328 42.1819 1.18075
483 26.4176 21.1135 0.295947
484 100.008 50.3662 1.2204
485 1.9247 46.6143 0.689584
486 61.9093 30.5247 -2.29798
487 65.9055 39.5802 -2.31947
488 34.7813 38.6621 2.03343
489 28 -0.123438 -1.26775
490 85.8717 2.44006 0.0971874
491 60.6806 22.4624 -1.81688
492 55.9709 35.5676 -1.75941
493 55.7132 24.0196 -2.2284
494 60.9385 19.9021 -2.01514
495 30.3815 49.4666 1.61441
496 27.9928 32.4169 0.61154
497 73.2622 43.5465 -3.28321
498 61.4224 34.1539 -2.07172
499 33.2058 5.02286 -1.86444
