500
Particles
0 71.1453 6.48876 2.34722
1 2.67564 6.69432 3.1621
2 83.098 92.5393 -2.67994
3 59.308 22.4326 1.4289
4 7.76914 94.0574 2.51973
5 84.4549 8.64125 2.64405
6 53.4707 10.773 1.4631
7 45.6488 49.0431 -0.044828
8 3.44291 13.2095 2.74148
9 3.35664 15.4018 3.27246
10 93.8733 11.7242 2.25962
11 25.6377 55.8076 1.27666
12 52.2424 24.1317 1.59116
13 9.38589 84.6511 1.99905
14 8.92741 96.0388 1.79644
15 17.6987 33.5581 1.81679
16 -0.150723 15.7616 3.33231
17 2.50577 46.0355 -0.948296
18 10.0163 6.39779 2.64914
19 68.7647 18.6783 1.85036
20 56.796 23.3698 1.86356
21 46.6676 11.006 1.35983
22 87.8243 18.8615 3.01351
23 12.5019 90.398 1.96157
24 59.9249 26.8617 1.47532
25 81.1254 14.3251 2.96597
26 84.2578 5.36218 2.82319
27 16.3003 47.517 1.39877
28 69.9882 11.3347 2.6513
29 14.2833 85.092 1.29347
30 84.4949 98.814 -3.02358
31 83.9147 18.857 2.57028
32 57.5322 21.5574 1.40661
33 85.6601 89.7092 -2.29193
34 86.1036 16.5172 2.89008
35 9.70625 15.9069 2.97632
36 19.7117 59.3134 0.426199
37 54.5644 16.7533 1.64627
38 75.8317 12.4754 2.77551
39 9.85251 91.8294 2.04499
40 89.2511 15.6194 2.82393
41 8.24004 91.6807 1.85379
42 95.5808 16.4137 2.08824
43 59.014 23.2582 1.81084
44 1.96089 8.94116 2.66026
45 96.9357 15.2421 2.3134
46 86.1885 18.638 2.82303
47 92.7182 30.5903 2.14517
48 89.6155 15.4799 2.64321
49 82.6331 10.572 3.02393
50 17.6538 17.9899 2.02524
51 89.9754 21.6368 2.96375
52 57.0753 25.4841 1.38653
53 20.3048 57.6506 0.816381
54 10.4942 94.5709 2.39159
55 78.9607 23.7757 2.30192
56 13.9078 97.6434 2.49148
57 93.0149 7.64621 3.14789
58 11.6514 1.38311 2.43266
59 78.9294 13.8265 3.1075
60 15.5412 13.4552 2.21172
61 93.8732 15.335 2.87947
62 1.57371 10.8913 2.59124
63 0.865983 2.09656 2.71887
64 49.9802 15.3169 1.5095
65 78.1912 27.2863 2.56066
66 12.8656 14.9422 2.59114
67 13.5453 15.4161 2.48012
68 75.7025 23.162 2.23165
69 98.8689 9.72637 2.6442
70 52.9573 13.817 1.39154
71 85.0077 15.3663 2.50798
72 13.7318 11.1056 2.29625
73 56.0503 16.1063 1.99373
74 91.2378 8.4746 2.22547
75 61.1349 30.8527 1.34432
76 93.7016 7.71049 2.59885
77 52.5471 13.5647 1.98533
78 85.0687 4.01477 3.01653
79 13.5965 3.66851 2.33669
80 90.104 12.6053 2.5835
81 12.3654 14.493 2.05226
82 71.4081 16.8452 2.12495
83 8.15582 100.206 1.79735
84 82.6113 22.2522 3.06392
85 89.2632 12.5551 2.68168
86 90.8535 11.8201 2.62782
87 71.8714 15.8221 2.68513
88 69.4952 19.4729 1.6319
89 89.0248 9.5293 2.33036
90 57.2966 27.081 1.45972
91 80.9905 17.4654 2.87522
92 72.4365 15.1813 2.78004
93 9.17275 97.3662 2.41976
94 91.1796 14.1036 2.39061
95 60.0268 17.756 1.10466
96 46.747 13.9718 1.79197
97 54.9217 17.5208 1.96495
98 88.2631 8.61929 3.12208
99 70.4821 14.2653 2.3901
100 58.6621 25.8533 1.50733
101 12.7295 8.06696 2.07115
102 94.1303 12.3718 2.63095
103 85.4536 13.5423 2.27153
104 90.6442 17.4921 2.32165
105 55.0302 28.4232 1.77515
106 11.2403 96.2653 2.40748
107 68.775 9.16234 2.29714
108 89.688 19.6463 3.05944
109 17.1433 1.22218 1.79404
110 75.8555 57.6249 -0.983806
111 54.6408 15.6518 1.85497
112 56.9158 22.1148 1.76043
113 58.1025 9.7223 1.82331
114 46.5359 20.0918 1.80748
115 52.1263 23.2802 1.45351
116 92.0706 6.47838 2.90586
117 81.5667 17.0503 2.34399
118 54.5884 24.0654 1.75394
119 11.2148 96.7292 2.18922
120 82.1441 14.494 2.42078
121 6.69185 14.2379 2.78522
122 90.5178 15.9576 2.48913
123 7.35652 5.6924 2.63081
124 5.65462 80.7875 2.07803
125 77.5848 22.2986 2.70256
126 97.8224 23.458 1.84741
127 7.4802 87.5097 1.55363
128 59.8228 27.2302 1.82757
129 78.6828 96.331 -1.48691
130 71.6909 11.8825 2.76979
131 92.445 10.9824 2.7504
132 86.1709 27.3732 2.92692
133 84.6829 28.7211 2.72311
134 83.0849 9.78535 2.42386
135 57.3257 14.5751 1.46109
136 90.6325 9.2703 2.45821
137 52.0296 15.396 1.68579
138 92.92 14.8168 2.64804
139 84.1946 14.4613 2.85274
140 95.3516 12.247 2.95856
141 79.4501 24.6657 2.73265
142 12.0554 1.00588 1.94327
143 -0.272398 16.9261 2.52115
144 51.3829 18.6122 1.91871
145 76.9997 97.3252 0.00977393
146 73.1365 10.573 2.67118
147 83.0475 88.9621 -2.02978
148 63.8596 15.7097 2.28845
149 12.6353 14.1789 2.69042
150 96.7586 15.2051 2.7697
151 58.8079 20.1226 1.46266
152 91.802 7.86262 3.05938
153 88.9659 18.6284 2.464
154 99.2573 15.5043 2.92673
155 86.9169 30.7204 2.72009
156 7.99037 14.4235 2.6897
157 94.7661 23.2111 2.75067
158 83.3884 7.08425 3.03308
159 2.16175 24.0695 2.58556
160 85.1603 94.5312 -2.36953
161 97.7972 20.4671 2.48077
162 12.8741 18.4623 2.93164
163 75.3111 19.9347 1.97778
164 63.3804 46.4101 0.233535
165 8.89931 13.4511 2.20326
166 72.5868 19.5283 2.32027
167 58.346 17.9442 1.67452
168 12.2812 6.15137 2.5994
169 62.2578 24.5734 1.82872
170 1.60858 99.2812 2.57709
171 53.4935 10.6326 1.45005
172 68.3632 7.37201 1.94614
173 97.2795 12.886 2.83805
174 84.3802 8.24174 2.35646
175 83.7543 23.6313 2.90353
176 13.076 34.1612 1.67946
177 87.1548 14.4402 2.12075
178 62.424 25.8455 1.6892
179 69.2721 11.2609 2.1593
180 57.4927 11.0273 1.68644
181 2.46318 15.4226 2.70005
182 15.641 98.3995 1.61421
183 74.772 8.81841 2.61143
184 75.556 17.0252 1.88918
185 82.6327 30.2326 2.96654
186 91.9698 17.0075 2.91996
187 59.2279 21.4083 0.974134
188 5.57489 0.800707 2.84187
189 85.1572 94.5498 -2.42772
190 83.538 7.41045 2.55751
191 52.1007 19.6854 1.87041
192 89.5791 8.05988 2.44787
193 85.9484 20.2666 3.02839
194 88.3767 10.5632 2.17414
195 50.4474 12.1722 1.52194
196 84.5885 11.9879 2.53236
197 91.5426 11.9033 3.02353
198 71.4027 15.119 2.37251
199 85.0946 10.7113 2.23286
200 55.3163 13.5108 1.45427
201 12.7649 83.277 1.89673
202 58.1093 26.4744 1.71009
203 1.74174 25.3082 3.00992
204 85.2525 6.26273 2.29604
205 58.9298 15.9339 1.54034
206 88.1505 13.5061 2.4445
207 81.0193 16.7309 2.49223
208 77.7075 19.7035 2.34714
209 56.7763 23.3818 1.2641
210 15.1767 11.309 2.52404
211 90.1147 16.6332 2.86427
212 83.2353 26.7824 2.56462
213 61.0272 18.4971 1.81098
214 4.7073 1.42637 2.36089
215 64.6902 8.98518 2.30702
216 97.0199 19.3204 2.46002
217 50.8565 10.1965 1.12072
218 94.1078 26.9677 2.79335
219 5.52257 46.0048 -1.16815
220 57.3882 16.2338 2.03386
221 90.6023 21.8128 2.67747
222 55.075 16.7236 1.15044
223 53.3815 31.7658 2.02771
224 59.2276 22.7855 1.09522
225 26.1954 55.8465 1.73595
226 0.121423 14.4216 2.57921
227 91.6539 17.2904 2.59892
228 92.552 12.0613 3.01958
229 94.5356 13.5618 3.00364
230 10.6058 86.5919 1.35077
231 19.0912 12.0865 2.67691
232 82.2626 19.5719 2.5801
233 86.0732 16.3552 3.0718
234 83.8664 13.9778 2.92398
235 12.6562 94.7098 1.66726
236 -0.192423 12.8912 2.67735
237 86.1668 93.8858 -2.47093
238 12.2516 94.502 1.99419
239 8.11724 97.3281 2.20266
240 49.6645 19.9129 1.87787
241 3.38192 10.5637 2.65478
242 91.5767 19.4062 2.39649
243 56.8087 12.5159 1.37461
244 0.122656 21.1353 3.09553
245 90.2469 20.5013 2.75287
246 92.7916 13.725 2.84847
247 1.16363 92.0473 2.02711
248 9.92607 98.9729 2.24525
249 89.6813 7.49841 2.76177
250 12.8115 50.7171 0.951858
251 81.8104 94.8053 -2.16351
252 43.0383 47.7476 0.101678
253 57.2262 24.4966 1.21317
254 92.8822 11.7199 3.15773
255 12.1003 13.6912 2.72912
256 93.2351 18.6635 2.76927
257 92.4469 13.3098 2.31577
258 5.71023 15.0859 2.95349
259 13.7112 95.9726 2.2873
260 86.2207 9.5664 2.62045
261 12.657 99.8809 1.98168
262 96.6993 15.2015 2.73745
263 83.7959 20.3253 2.58416
264 84.9678 89.4202 -2.63166
265 89.5832 9.00349 2.68969
266 87.622 12.3814 2.2986
267 48.3959 16.1629 1.99054
268 84.3515 17.1542 2.22051
269 16.5528 50.6875 0.731619
270 14.3484 1.6836 1.80225
271 16.0312 97.4933 1.72516
272 60.6108 18.5809 1.0475
273 84.1041 13.1219 3.11015
274 85.7945 17.1193 2.71071
275 92.5476 11.9526 2.93248
276 87.977 11.6654 2.42181
277 65.9247 12.1037 2.45113
278 98.8037 4.86927 2.41461
279 92.7787 21.717 2.26276
280 13.3747 99.9226 2.05931
281 92.3869 15.4411 2.79622
282 11.8068 96.4571 1.72042
283 53.3206 22.3191 1.52841
284 97.7613 8.46613 2.29772
285 54.6631 13.9874 1.45923
286 4.63574 90.6084 2.06647
287 90.734 14.7364 2.83329
288 66.3331 19.4031 1.7761
289 98.3118 8.49399 2.89575
290 86.8589 17.3294 2.1042
291 4.62743 7.93816 2.82174
292 63.2744 23.8247 1.50924
293 84.3388 16.5687 2.40525
294 12.7651 94.3002 2.58115
295 97.4713 28.5623 2.18494
296 77.0136 18.0773 2.33437
297 98.1511 15.5347 2.99651
298 6.81423 10.3744 2.68491
299 55.5494 18.0358 1.16884
300 88.9994 13.8715 2.74471
301 14.6107 12.5497 2.88457
302 78.8583 11.3676 2.94001
303 92.067 14.8043 2.58181
304 0.580974 3.72843 2.48669
305 83.7974 95.2405 -2.82615
306 25.4719 56.2743 1.15284
307 85.0656 93.8831 -2.5084
308 13.5342 1.19081 1.95822
309 85.2723 19.8428 2.96212
310 27.7558 55.858 0.867695
311 11.7366 88.8634 1.63631
312 89.1241 19.7605 2.20894
313 58.8456 19.7331 1.51282
314 2.06628 27.1085 2.69161
315 89.9732 16.2878 2.67636
316 58.9534 11.8511 1.13536
317 13.289 3.35058 2.58439
318 53.0559 25.4793 1.29953
319 52.939 18.6403 1.1052
320 53.8671 16.0009 1.2123
321 4.54913 43.6071 -1.38507
322 58.5127 13.5712 1.22429
323 12.4017 3.51162 2.48528
324 92.3406 3.28916 2.72532
325 96.8361 18.0998 2.87193
326 91.9962 10.0842 2.85389
327 88.0329 14.873 3.0668
328 74.3116 17.6435 2.79043
329 62.8146 19.5884 1.65476
330 59.3921 18.5631 1.87626
331 79.5337 67.961 2.46302
332 60.6945 19.8794 1.33905
333 70.7074 15.3215 2.30268
334 8.26173 93.7988 1.93682
335 52.4072 18.6048 1.14626
336 56.8444 14.7952 2.03927
337 8.35207 95.677 1.87917
338 94.9024 17.3876 2.47281
339 92.033 15.2583 2.60338
340 44.6555 12.1717 2.03016
341 9.32449 1.97481 1.9516
342 12.0535 6.43844 2.50717
343 94.8058 19.6375 2.83105
344 94.1844 14.7878 3.03413
345 61.6071 23.3647 1.48932
346 5.41456 93.5869 2.28646
347 84.4346 7.56814 2.78817
348 6.30436 100.476 1.81739
349 84.0785 3.57428 2.68324
350 90.8688 19.4247 2.96749
351 5.2876 15.149 2.92844
352 1.47396 6.63297 2.88525
353 56.975 29.4438 1.04535
354 89.8534 11.0809 2.19189
355 94.7742 9.10683 3.15603
356 68.2157 15.663 2.49766
357 93.9628 32.3003 2.05151
358 14.5558 2.12863 2.00284
359 81.7781 15.602 2.53222
360 3.58938 19.7134 3.04742
361 80.8582 10.5147 2.40141
362 48.5504 14.0389 1.70116
363 91.4761 11.085 2.63022
364 86.3315 91.315 -2.8673
365 86.3967 20.6147 3.07992
366 55.0637 13.0502 1.26205
367 57.7698 16.8224 1.46852
368 72.5333 9.95839 1.98822
369 64.4701 18.7328 2.01626
370 54.7245 26.183 1.77048
371 12.645 13.0627 2.88298
372 13.7062 93.5808 1.76004
373 54.7614 14.7279 1.84197
374 84.3862 94.2765 -2.41188
375 83.9482 20.1794 2.74728
376 16.9203 98.9286 1.83719
377 57.0455 19.9914 1.48922
378 86.5183 19.3447 2.82484
379 55.9054 18.6489 1.4618
380 94.5157 13.666 2.37671
381 87.1018 4.09369 2.49705
382 49.8097 11.6307 1.17261
383 66.7864 20.9935 1.63464
384 81.7988 18.6882 2.73667
385 31.8893 55.4873 1.46944
386 20.8568 57.5664 0.332888
387 84.6427 10.9917 3.02182
388 97.947 16.4706 2.90321
389 79.6406 13.0286 2.26534
390 9.02938 8.86758 2.0173
391 11.4658 99.494 2.37707
392 80.2391 11.0209 2.88901
393 94.8334 21.1042 2.83354
394 50.6179 13.957 1.62981
395 14.2649 3.3178 2.71416
396 5.79781 43.2758 -1.28292
397 50.749 22.7968 1.73386
398 61.8335 18.3934 1.91621
399 6.46729 12.0844 3.12786
400 6.56273 95.8009 1.85054
401 73.3876 20.5676 2.14355
402 89.8469 9.74937 3.06948
403 48.7858 10.5177 1.88266
404 88.9204 15.0016 2.65357
405 1.2854 6.4129 3.10033
406 8.54227 84.8282 1.4615
407 52.4004 12.7242 1.33643
408 65.491 9.30016 2.39741
409 57.8534 15.2376 1.683
410 6.85366 97.3638 1.81451
411 48.5708 21.6803 1.55805
412 99.2303 11.0329 2.33747
413 10.3389 99.1283 2.0123
414 93.604 20.0861 2.38264
415 62.9834 23.3805 1.58494
416 77.4604 17.6944 2.57811
417 8.05637 98.7863 2.02523
418 15.4102 10.2676 1.96026
419 67.3412 20.3372 1.73464
420 83.4344 15.7167 2.22802
421 10.6869 7.52553 2.36976
422 13.2478 98.9359 2.51874
423 56.4577 14.4906 1.70684
424 13.2704 33.3482 2.09408
425 52.9149 8.70739 1.26353
426 55.5451 20.1931 1.32476
427 80.2117 96.9355 -2.01061
428 90.9205 17.7177 2.91877
429 96.1084 17.6979 2.42069
430 99.3798 18.3016 2.55956
431 86.3256 21.8781 2.75771
432 12.6968 15.6159 2.28322
433 59.8616 17.8459 1.60084
434 87.0616 15.4498 2.77613
435 84.6313 89.1649 -2.84911
436 1.81738 17.4832 2.80706
437 84.8073 12.4639 2.28753
438 14.2066 86.1452 2.04731
439 56.8097 17.3948 1.01695
440 94.1251 7.79675 2.92363
441 6.12046 83.1425 2.10772
442 50.6352 14.5228 1.13127
443 87.3154 9.3089 2.81845
444 88.9473 20.4014 2.36027
445 84.0495 7.78533 3.13007
446 88.3662 69.6661 2.36916
447 8.11075 89.2746 1.97771
448 19.4156 37.92 1.98791
449 97.2621 8.63073 3.08933
450 10.9589 2.58698 1.80707
451 90.3486 11.4713 2.28221
452 82.3386 97.5531 -2.57216
453 96.1818 12.8563 2.62427
454 76.493 98.1698 -0.450382
455 72.3108 22.834 2.41767
456 4.55933 94.807 2.06506
457 12.1655 94.2242 1.64081
458 21.2511 19.9351 1.89365
459 81.5919 27.0714 2.93045
460 84.0085 12.433 3.13373
461 57.2105 26.8626 1.06674
462 91.3706 21.635 2.69451
463 15.8857 99.4494 2.37936
464 92.616 22.7651 2.41217
465 13.0003 2.59668 2.6034
466 94.9098 17.2917 2.9365
467 54.9371 15.659 1.89835
468 80.49 14.3621 3.00702
469 4.31435 15.6214 2.65145
470 3.58362 4.90688 2.31531
471 90.4851 18.2816 3.07692
472 90.9868 21.5447 2.3358
473 63.3588 11.7033 1.95902
474 18.5691 34.3365 1.70465
475 7.80501 87.244 1.50232
476 95.1191 32.6316 2.22772
477 90.8628 12.5391 2.97316
478 82.8801 22.1885 3.18226
479 63.1607 22.087 1.18316
480 14.1128 92.8296 1.75009
481 77.8913 18.771 2.8269
482 90.6377 10.4939 2.23168
483 10.0078 4.35272 2.5354
484 75.5522 12.7479 2.25758
485 77.9901 10.1138 2.26555
486 98.3191 12.5025 2.24753
487 96.5048 18.953 2.07194
488 6.18054 14.2563 3.08735
489 74.1476 21.5592 2.11265
490 43.2384 45.9582 -0.173987
491 93.1821 14.0451 2.45602
492 90.4663 22.6562 3.09415
493 90.3763 18.927 2.83965
494 92.1996 12.0247 2.77588
495 83.2006 17.0738 2.84824
496 51.9359 20.0347 1.88213
497 14.8014 31.2319 1.36239
498 98.9189 15.9448 3.02494
499 93.6462 28.8691 2.36856
