500
Particles
0 54.4399 63.7006 1.53365
1 28.0589 64.5698 2.05188
2 22.0732 71.705 1.56448
3 50.8511 93.4467 -1.9575
4 23.4858 46.5797 2.11374
5 27.6225 83.059 1.61173
6 46.004 60.363 1.21017
7 21.5208 13.3431 0.756209
8 43.349 90.3423 -2.09967
9 45.1277 97.9097 -1.75736
10 38.7935 86.9014 3.46161
11 16.4643 7.39231 1.09877
12 51.9559 98.8893 -1.67134
13 69.5256 72.3991 0.588761
14 25.253 48.8222 2.06115
15 42.7882 21.8568 -2.45195
16 45.4424 5.57048 -2.68904
17 24.9971 39.3291 2.45429
18 31.1957 61.8574 1.63041
19 98.999 88.2644 2.20768
20 50.9682 92.2476 -1.47892
21 43.9047 59.8754 1.66345
22 30.8871 90.9725 2.27567
23 29.3611 43.8817 1.3461
24 90.2979 19.0235 -2.75505
25 21.9825 87.3095 2.18834
26 29.1701 82.7527 1.79265
27 18.6639 99.6366 2.02268
28 53.606 66.5258 2.00505
29 28.6428 41.8644 1.96683
30 24.1232 75.362 1.78828
31 28.3613 94.5955 2.43052
32 47.9627 87.4997 -1.65076
33 24.8857 70.6228 1.48859
34 30.5178 91.2426 3.03805
35 41.3404 77.3943 1.63257
36 12.9923 11.6127 0.980486
37 44.0619 66.4729 1.2967
38 10.781 81.0623 2.28867
39 22.6769 44.5251 1.35156
40 32.9914 88.3651 3.12535
41 72.4523 76.5592 -0.117417
42 39.5675 96.6955 -2.20134
43 88.1949 6.51143 1.74542
44 30.6054 69.4521 1.14856
45 43.9986 3.12107 -1.82873
46 32.6682 98.7211 -2.4257
47 2.8153 18.2896 -3.23307
48 35.0011 91.8085 -2.8847
49 22.789 82.3155 1.28668
50 47.5603 93.6796 -1.42364
51 34.1608 2.13906 -1.89108
52 89.1168 17.0673 -2.37889
53 14.0582 10.1529 0.977152
54 32.3656 49.712 1.31596
55 15.5034 91.4807 2.13671
56 33.5115 51.569 2.06645
57 38.0753 83.9394 2.23785
58 31.7232 55.0115 1.67515
59 19.6745 85.2225 2.01539
60 37.2149 70.1665 2.02184
61 38.9087 93.4847 -2.59265
62 39.9602 79.7005 1.63293
63 25.6476 60.1431 1.85588
64 39.5255 66.5292 1.97428
65 11.8582 92.5783 2.25288
66 39.0061 73.4919 1.52798
67 41.4733 75.3277 1.77413
68 9.70206 89.933 2.16499
69 40.256 80.3972 2.07779
70 43.8782 63.3048 0.976171
71 27.0125 87.9503 1.96624
72 37.0713 69.0159 1.68858
73 49.2313 65.2553 1.1994
74 34.0686 81.7791 1.73102
75 59.2808 41.9689 -1.6045
76 37.6365 82.1774 2.19383
77 42.2253 63.4732 1.93734
78 24.0811 75.4682 1.39432
79 31.3841 57.4264 1.38072
80 33.8864 85.5273 2.25757
81 38.9848 72.5968 1.42869
82 1.33338 85.2473 2.36002
83 27.4231 54.2488 1.50508
84 23.7469 93.4633 1.85814
85 31.5933 84.7879 2.46641
86 34.9181 86.1054 2.13835
87 5.27677 86.9259 2.18692
88 97.7547 87.2763 2.33337
89 32.0762 82.9586 1.85295
90 58.818 38.0309 -1.70231
91 26.4606 95.1851 2.94366
92 5.47352 85.8134 1.61588
93 30.142 51.6161 1.98938
94 35.8965 89.4889 2.95442
95 49.9929 70.5328 1.18628
96 40.4389 63.8407 1.20035
97 45.3938 67.797 1.08495
98 31.3489 82.6983 2.07683
99 54.3538 84.5216 -1.62228
100 90.6826 15.9279 -2.12214
101 34.7382 62.8289 2.11876
102 40.618 93.5767 -2.63431
103 28.1999 86.6376 1.89799
104 36.1147 95.6171 -2.7964
105 57.3919 37.9094 -1.73366
106 33.5863 51.9775 1.7372
107 53.6116 65.8806 1.24179
108 35.0656 1.19508 -2.33657
109 35.645 54.6021 2.00146
110 69.5573 92.6411 -0.616754
111 45.7372 65.6746 1.79617
112 50.5305 90.8929 -1.19226
113 48.335 60.3233 1.79827
114 42.6397 35.1699 -2.41103
115 43.7982 73.4563 1.58527
116 32.1829 76.5766 2.00377
117 22.7599 89.8519 2.34578
118 50.4998 96.897 -1.88067
119 30.1916 50.2638 1.38918
120 24.2116 87.6583 1.57588
121 44.6664 90.8543 -1.58898
122 34.9048 90.7165 3.37996
123 29.2849 61.4969 1.19503
124 64.8882 73.4023 -0.0119939
125 13.2657 90.7674 2.17581
126 27.3269 10.1034 -0.0392707
127 67.9053 75.4482 0.314826
128 89.9067 20.2778 -2.26548
129 54.4734 60.1025 1.10943
130 54.8817 70.8436 1.15986
131 37.5957 87.0236 3.07129
132 99.5842 54.9904 -0.517631
133 99.1997 60.6971 -0.750672
134 23.4629 80.9603 1.56807
135 48.0173 64.7825 1.65478
136 31.9212 80.3242 2.08201
137 46.6385 64.8346 1.16723
138 37.5061 89.7956 -2.9861
139 28.7117 90.0722 2.54756
140 41.3879 94.921 -2.70383
141 14.5815 92.2891 2.36854
142 30.5535 54.4289 1.55647
143 45.4223 3.19335 -2.2242
144 42.1502 68.3757 1.77974
145 53.1129 62.2577 1.66626
146 55.4919 68.4523 1.15701
147 21.2977 69.4699 1.91775
148 53.7267 70.1659 1.07877
149 38.1656 72.8785 1.30737
150 40.8716 95.1093 -2.25586
151 47.1996 74.3077 1.53159
152 35.5861 82.0653 2.32668
153 34.6894 96.9005 -2.25109
154 45.5442 4.35961 -2.12555
155 99.8472 60.7973 -0.787536
156 45.3412 92.6897 -2.24173
157 38.7633 4.84132 -2.41945
158 27.6122 83.8717 1.84606
159 39.6749 19.4324 -3.01606
160 24.5186 74.1019 1.66987
161 28.4726 13.681 0.114653
162 47.8877 95.832 -1.93419
163 10.4827 88.3962 2.33939
164 66.1618 61.7964 0.42514
165 40.7245 76.8695 1.7516
166 7.85599 89.3958 1.7025
167 49.1373 67.7995 1.27034
168 33.257 61.1695 1.64317
169 92.7748 10.7481 1.37427
170 23.4073 67.4024 2.18824
171 44.9491 60.1709 1.00915
172 52.013 63.3995 1.18098
173 41.6006 95.5287 -2.09838
174 25.2626 81.3189 1.21398
175 27.0267 0.0514888 -1.87653
176 41.8933 22.9621 -2.26732
177 30.2905 87.6777 2.69159
178 92.1899 12.1961 1.31632
179 53.6471 65.9845 1.91564
180 48.894 61.7003 1.77726
181 45.2419 98.4732 -1.76607
182 35.2487 52.2287 1.6242
183 61.0947 88.4873 -1.89194
184 8.77477 85.7185 2.27364
185 95.8294 61.9665 -0.941472
186 35.5298 90.0443 3.15163
187 49.7316 91.5573 -1.31318
188 24.5137 55.1379 1.0888
189 25.2375 75.6389 1.31599
190 23.3363 80.5636 1.70981
191 41.805 70.0614 1.08214
192 33.9272 83.5742 2.30298
193 30.3958 95.0337 3.24262
194 29.9775 82.3385 1.80004
195 42.3842 61.9466 1.31185
196 23.576 82.8676 2.08597
197 35.4947 86.4187 2.81065
198 4.3769 85.5889 2.36888
199 25.9552 82.7654 1.41026
200 46.3622 63.1876 1.57857
201 23.5302 42.3162 1.34534
202 88.5216 17.9448 -2.55433
203 35.377 18.8041 -2.7729
204 27.4028 81.4686 1.13016
205 51.1882 65.7714 1.36144
206 32.1232 87.9344 2.79878
207 20.991 87.4558 2.28934
208 12.6909 87.3573 2.4537
209 52.412 93.5786 -1.93019
210 35.5456 65.7907 1.57637
211 33.1046 89.0907 2.28866
212 99.36 56.98 -0.349837
213 49.4304 76.1474 1.25181
214 24.7817 56.0694 1.67258
215 51.2522 61.9409 1.47535
216 42.4338 6.88591 -2.51921
217 45.5187 59.348 1.01352
218 37.1148 8.0446 -2.87938
219 26.1965 38.8009 1.67433
220 47.7788 66.0183 1.7482
221 35.7895 5.94206 -2.615
222 41.3834 67.3306 1.0281
223 57.4434 43.9966 -2.1038
224 50.5713 91.4652 -1.28328
225 16.7691 8.85871 0.743768
226 43.43 98.0635 -1.89948
227 36.6054 93.1841 -2.50835
228 36.2804 85.4139 2.44448
229 41.1109 98.8405 -2.4156
230 70.3759 73.9801 0.120827
231 38.0206 67.4996 1.26216
232 26.5718 94.8846 3.10137
233 28.1036 88.178 2.44905
234 23.4819 83.9805 1.67318
235 33.1866 49.0046 2.11756
236 42.4427 93.5736 -1.84129
237 26.7702 74.4096 2.1921
238 29.2684 47.5601 1.58815
239 23.9794 50.5287 1.23653
240 49.9833 99.0706 -2.19932
241 33.9748 71.5476 1.16672
242 36.8768 2.18116 -2.26299
243 47.846 62.3732 1.56725
244 28.0843 11.527 0.116251
245 34.9286 3.14532 -2.69272
246 37.8634 89.1387 2.73725
247 67.2773 78.139 0.201668
248 28.0411 53.0973 1.85798
249 29.8523 78.4741 1.99657
250 14.5234 2.11866 2.08286
251 21.8085 75.059 1.68337
252 20.5889 11.4251 0.719733
253 88.0965 11.6059 1.18675
254 37.3369 86.5806 2.50762
255 38.3374 73.884 1.79884
256 38.4481 0.451164 -2.65174
257 37.5664 89.4305 -2.6029
258 44.7573 93.9253 -2.08624
259 36.7105 51.411 1.77017
260 27.1706 81.63 1.14879
261 29.822 53.6015 1.27154
262 42.2055 0.303659 -1.99682
263 26.3414 92.6784 2.71329
264 24.8383 71.0889 1.70162
265 34.1205 85.0506 2.06071
266 30.47 85.9931 2.0676
267 38.6552 66.1493 1.32828
268 28.5774 92.433 2.21871
269 16.0513 1.41852 1.85694
270 32.1183 54.6438 1.39932
271 34.5436 51.4292 1.77061
272 48.1665 82.763 -0.935442
273 24.1437 84.8625 2.18924
274 29.4045 90.7088 2.29432
275 39.6591 93.9393 -2.27522
276 27.7168 82.0555 2.0798
277 52.1217 64.6782 0.956617
278 26.9104 65.4016 1.70435
279 37.6661 4.40268 -2.42434
280 30.3741 52.8682 1.48905
281 37.7223 91.5485 -2.49161
282 29.7484 49.9638 1.59977
283 44.4005 73.3587 1.64044
284 33.1526 74.4611 1.71458
285 45.4108 63.7978 1.0066
286 66.6204 76.7901 0.277424
287 34.7925 89.3944 3.22935
288 56.8876 88.1921 -2.02545
289 28.5529 69.4072 1.66753
290 32.1083 94.303 -2.73766
291 30.6944 66.2518 1.30371
292 91.8021 8.21979 1.96211
293 28.0551 90.975 1.91108
294 31.1108 47.6464 1.72081
295 23.6801 9.98183 0.209774
296 10.683 85.8552 1.59756
297 42.6539 98.4987 -1.6684
298 31.5429 67.7203 1.84514
299 45.4365 68.1968 1.20942
300 32.1815 86.6582 1.72611
301 39.3432 70.912 1.2322
302 13.8039 78.5627 1.72714
303 36.98 91.0265 -2.88184
304 27.1202 62.2269 1.4678
305 24.4699 76.752 1.50334
306 16.3984 9.09872 0.927926
307 23.7306 73.1594 1.68398
308 31.7783 54.0059 1.35659
309 25.8244 89.2171 2.55855
310 18.2596 7.83315 0.440762
311 74.1884 72.6889 -0.139096
312 34.714 3.42414 -2.4627
313 48.5937 74.6812 1.25765
314 36.01 21.0398 -2.36063
315 35.7727 93.8089 -2.61441
316 48.324 62.7944 1.20967
317 31.4802 57.0504 2.11258
318 51.1332 0.00454167 -1.59861
319 42.3711 68.9973 1.49014
320 44.7873 65.736 1.87881
321 25.4103 38.6273 1.71865
322 47.5401 63.8618 1.55713
323 30.5115 57.6063 1.26781
324 29.8627 74.4721 1.21693
325 41.0882 99.4872 -2.35616
326 37.7149 86.9751 3.04491
327 30.2412 87.2894 2.43359
328 8.2117 86.2146 2.15641
329 51.932 87.7817 -1.38089
330 47.0766 73.1696 1.16007
331 99.1982 57.4763 -0.669016
332 51.1941 87.4886 -1.42819
333 98.9095 84.237 1.48995
334 24.0934 46.473 2.04763
335 43.9256 68.2418 1.43045
336 46.7528 65.7241 1.5446
337 25.4817 49.0586 1.98397
338 39.7618 98.0861 -2.52208
339 35.4295 88.5974 2.82454
340 38.6503 61.7405 1.62425
341 24.3314 54.5892 1.45242
342 35.8203 62.3103 2.09397
343 40.2515 4.71002 -2.76794
344 39.3303 91.8254 -2.64534
345 90.1783 5.27293 1.49443
346 73.9225 77.3038 -0.0853197
347 27.2293 82.8998 2.05612
348 24.5828 54.3962 1.6933
349 24.4184 77.5665 1.24918
350 36.7776 0.26423 -2.84421
351 45.2992 93.207 -1.95305
352 28.8158 65.7227 1.81807
353 60.3098 40.6645 -1.8808
354 33.2262 84.4129 1.87731
355 41.0508 87.5976 -3.30979
356 54.1961 85.6317 -1.26027
357 2.8122 63.7092 0.641548
358 33.1367 56.4505 1.12841
359 24.049 89.0342 2.21562
360 39.5497 14.9538 -2.65576
361 20.0749 82.0023 1.50075
362 40.8937 63.6352 1.60698
363 35.4749 85.1078 2.51931
364 24.8973 71.2794 2.03949
365 31.7685 98.5433 -2.58408
366 47.5605 62.1472 1.26811
367 50.3467 66.6162 1.61183
368 55.368 67.53 1.28085
369 89.2434 2.37452 1.10049
370 53.8757 1.78338 -1.47691
371 39.8887 73.3852 1.0998
372 32.7402 47.8307 1.84894
373 47.315 63.9547 1.77142
374 24.1028 73.5098 1.66954
375 29.5826 98.2719 -2.99307
376 36.1458 54.1603 1.94493
377 46.7724 71.4556 1.35487
378 32.2871 2.40322 -2.82646
379 46.9658 68.6288 1.24168
380 40.3752 97.1062 -2.02306
381 31.5011 81.4377 2.30835
382 43.2132 60.4542 1.18863
383 96.1494 20.4406 2.67725
384 24.4121 91.5661 2.83673
385 20.3854 7.36875 1.01708
386 12.5141 11.4517 0.720175
387 28.3851 86.2145 1.66524
388 42.9387 -0.206337 -1.91218
389 20.1042 84.748 1.58099
390 33.6219 65.8204 1.85666
391 31.1505 53.2224 1.75464
392 8.43248 76.9738 1.92024
393 38.858 2.39559 -2.40539
394 44.3106 62.9228 1.14895
395 34.0354 58.0248 1.93642
396 27.1299 37.5396 1.86213
397 43.0017 73.8381 1.29866
398 49.8599 83.3702 -1.22018
399 37.8915 75.5699 1.26892
400 25.7985 49.9075 1.72591
401 8.62569 88.9795 1.83178
402 34.0434 85.4551 2.50078
403 40.7567 60.3445 1.78746
404 32.5873 88.3585 2.03353
405 27.6708 65.9544 1.84645
406 67.504 74.0612 -0.0404367
407 44.493 62.0124 1.42699
408 49.9243 62.4787 1.27907
409 49.9273 65.1237 1.21839
410 24.5223 50.2276 1.47991
411 44.4214 33.5607 -2.28203
412 42.3 83.4687 2.21889
413 29.2449 52.9206 1.23666
414 37.6294 99.5662 -2.42015
415 90.729 7.96181 1.17796
416 11.2519 85.0192 2.08112
417 27.2485 52.6169 1.28231
418 37.719 66.5964 1.46372
419 0.816284 20.8693 -2.72666
420 25.4276 88.5921 2.12373
421 33.6114 63.4393 1.88084
422 31.9885 52.9462 1.91667
423 46.8209 63.8245 1.029
424 40.9494 22.6647 -2.58967
425 45.2365 58.8915 1.58388
426 46.5958 70.5446 0.988334
427 20.204 74.7148 1.51761
428 36.4756 98.7216 -2.10184
429 41.4262 98.5566 -2.14107
430 28.7397 12.364 0.437115
431 31.5397 99.625 -2.33701
432 46.5857 91.5305 -1.41975
433 49.5307 71.0901 0.953347
434 31.6055 90.1438 3.03294
435 22.2409 69.4692 2.04745
436 44.8213 -0.158888 -2.39327
437 28.2754 87.2592 1.67511
438 24.3407 42.5139 2.20869
439 49.6651 67.0211 1.78143
440 35.1347 78.7332 1.90952
441 65.4175 69.8562 0.41208
442 43.61 63.6933 1.57094
443 31.7787 85.0589 2.07946
444 34.5138 0.861216 -2.00568
445 22.6659 79.6346 1.76388
446 68.1585 70.5848 0.0510754
447 70.6693 77.8236 -0.0958524
448 43.4295 26.7273 -2.71314
449 32.7722 74.3584 1.79007
450 29.9201 55.963 1.20032
451 33.6419 85.2297 1.8638
452 21.3865 75.9478 1.97054
453 41.3879 96.8682 -2.26439
454 54.3141 61.2492 1.62555
455 2.90707 89.6987 2.13503
456 22.202 48.2562 1.72863
457 33.1666 48.0486 2.05494
458 49.3085 96.6084 -2.44772
459 21.6534 97.7012 1.83623
460 23.5203 82.5975 1.58615
461 58.8083 37.926 -2.26468
462 36.0738 2.1602 -2.37901
463 34.823 53.4604 1.33363
464 38.6274 7.91143 -2.2031
465 30.7487 56.3055 1.76045
466 40.9526 1.66143 -2.0907
467 46.6661 64.6556 0.88374
468 19.9295 85.213 1.52236
469 44.2127 96.2631 -1.70827
470 29.912 63.2641 2.07099
471 36.4771 2.38596 -2.34795
472 35.2307 3.94813 -2.52235
473 50.5207 63.0411 1.30342
474 42.8373 22.8563 -2.29493
475 69.4722 73.4274 0.244598
476 0.636461 62.2719 -0.374899
477 34.6385 86.5483 2.78729
478 25.9802 95.9894 2.93749
479 94.133 5.70727 2.09552
480 32.5384 46.7127 1.60221
481 11.1882 85.5739 2.08107
482 32.6854 82.286 2.55895
483 31.6392 59.1771 1.79625
484 6.32434 82.0754 2.19893
485 13.1279 77.541 2.14823
486 43.2198 94.924 -2.10138
487 42.0818 6.99994 -2.31352
488 40.0741 78.0223 1.41256
489 7.00986 88.9491 1.60989
490 21.402 11.9281 0.422648
491 38.3803 89.7183 -2.76249
492 34.4376 1.56948 -2.6214
493 34.057 91.9656 -3.0954
494 37.4108 88.5236 2.91805
495 25.7532 89.1785 1.89491
496 41.4117 69.9136 1.2066
497 41.6018 19.0811 -2.34428
498 42.3213 98.6556 -1.84188
499 19.8324 95.7402 2.0306
