500
Particles
0 7.73999 29.0468 2.54385
1 77.4171 64.4409 2.24304
2 62.8269 35.3383 1.58715
3 55.7167 55.6146 1.49209
4 1.42463 85.0402 2.66462
5 83.3869 62.7626 1.76189
6 24.9477 1.42707 2.73679
7 67.4525 62.681 1.21101
8 94.4979 94.0912 2.84508
9 42.9188 40.5177 1.9179
10 24.6013 80.1763 2.76516
11 23.3355 11.9817 1.84081
12 70.6771 34.5352 1.15981
13 92.0411 56.6694 2.78479
14 2.90699 87.0303 2.01115
15 94.4989 63.7305 2.54852
16 51.3781 91.0919 1.81982
17 20.492 18.5409 2.77006
18 8.81491 4.42706 1.85572
19 2.12245 5.27679 2.57437
20 57.8461 57.2871 1.42498
21 23.0557 100.367 2.30204
22 24.234 91.5762 1.93708
23 97.0456 74.7008 2.85005
24 59.8244 58.6724 1.86773
25 9.52979 79.57 2.37156
26 1.9003 26.6924 2.58324
27 19.4213 6.67896 2.86314
28 20.9636 96.0508 2.69959
29 79.9473 32.6001 1.43868
30 53.8808 30.8366 0.977069
31 22.3208 93.4887 2.47048
32 90.234 32.7032 1.29456
33 50.4774 66.0536 1.65148
34 8.55288 74.8454 2.37519
35 8.79604 10.5138 2.33993
36 34.4788 59.3503 2.17314
37 79.2947 31.1723 1.65055
38 10.4091 83.6295 2.133
39 99.4925 77.5744 2.37854
40 5.0871 63.9776 2.63649
41 94.0945 71.995 2.83311
42 29.0904 83.5693 2.23466
43 58.2742 56.9013 1.78624
44 81.4153 64.6842 1.32577
45 35.3687 89.0587 2.03952
46 9.05656 78.275 2.40706
47 81.3047 54.1379 1.58582
48 21.1052 83.1645 2.55475
49 5.14663 23.4443 2.71547
50 13.8127 7.0608 2.5922
51 29.9855 94.6326 2.01101
52 57.1976 59.1881 1.22365
53 37.7817 58.2137 2.97008
54 3.76579 84.5012 2.91788
55 63.9673 54.134 1.82233
56 4.79938 84.7725 2.69108
57 25.2799 73.8776 1.70767
58 12.4307 99.9906 1.8777
59 97.7893 63.5337 2.90241
60 14.021 3.79838 3.00173
61 22.9006 81.9432 2.44094
62 90.7218 73.6307 2.25318
63 1.00989 10.0786 2.99589
64 19.9742 3.88436 2.28975
65 81.162 54.6188 1.14979
66 10.3631 7.19533 2.67585
67 13.7655 7.97379 2.74619
68 85.3537 50.709 1.38185
69 35.3623 76.2358 -3.14009
70 22.5744 4.1972 2.0618
71 11.0364 79.6581 2.16957
72 10.7617 3.98915 2.36382
73 76.6963 28.2533 0.921531
74 28.3719 81.9643 2.01209
75 65.5929 59.1052 1.80753
76 28.9911 80.8001 2.056
77 26.1675 4.5068 2.73921
78 85.1783 33.768 0.476308
79 12.4808 0.572067 2.33726
80 23.8705 83.7242 2.36242
81 14.7602 10.1985 2.55877
82 4.26277 4.57617 2.30069
83 4.05173 99.284 2.2458
84 61.9447 51.6722 2.0542
85 24.8373 85.6636 2.78745
86 25.2296 83.3457 2.77606
87 83.4097 25.4646 1.29357
88 65.6656 53.0358 2.21373
89 22.8296 78.3406 2.85843
90 59.5056 59.5234 2.03353
91 21.6287 93.5791 2.75303
92 27.6133 0.959151 1.88122
93 97.5321 83.8522 2.35492
94 21.4942 82.8128 2.32882
95 48.7614 31.934 1.2578
96 21.6647 2.4337 2.59882
97 27.1965 8.86793 2.17713
98 11.2987 65.2017 3.24256
99 25.2473 99.3704 2.05113
100 61.5827 60.5982 1.44418
101 11.4082 5.54908 2.11515
102 24.0786 80.0343 2.19571
103 1.55162 61.309 2.43106
104 23.8703 88.4596 2.22972
105 59.5999 62.2729 1.51434
106 4.92222 85.3634 2.74515
107 0.169924 72.9266 2.34452
108 24.7013 92.8117 2.01644
109 11.2949 97.0742 2.20937
110 67.5983 60.3235 1.78894
111 85.9419 30.1614 1.29722
112 55.3672 54.8181 2.15303
113 21.9239 98.5043 2.36886
114 20.0331 8.24172 2.30973
115 61.8264 31.894 1.17849
116 26.8671 75.9217 2.04344
117 11.2293 83.4343 2.3269
118 61.6759 24.9582 0.26054
119 0.841132 87.2174 2.65159
120 96.7904 55.5032 3.31199
121 73.0934 63.1435 1.96882
122 15.6304 78.7276 3.04089
123 97.6369 83.9252 2.99195
124 63.2697 35.4382 1.10282
125 86.798 33.9379 0.664725
126 49.1439 93.3566 1.5078
127 89.2624 57.1129 2.44687
128 64.0122 58.3449 1.96141
129 12.5273 3.89113 2.36128
130 12.7935 86.7454 2.63996
131 27.4548 81.5142 2.04903
132 88.6474 32.5117 0.813662
133 5.85673 18.8414 2.12615
134 64.086 71.0392 0.461376
135 85.4058 80.0595 -1.04974
136 22.3863 75.3654 2.38707
137 23.1671 4.14929 1.90265
138 27.324 85.3279 2.16091
139 98.6462 55.3882 2.73179
140 28.0753 81.2584 2.57607
141 98.0659 10.6755 -2.41157
142 5.95473 97.9107 2.36016
143 6.56476 16.297 2.88228
144 22.4888 5.25502 2.18111
145 15.6038 9.9495 2.02423
146 0.611563 71.8107 2.0918
147 53.5675 66.5723 2.01288
148 79.0596 27.6123 1.1294
149 9.85939 9.88766 2.744
150 26.4667 82.7054 2.68944
151 98.5946 26.35 1.06444
152 23.806 76.7299 2.43194
153 26.6066 92.2596 2.20243
154 51.5509 86.9341 1.36757
155 2.82895 17.9232 2.31536
156 0.155235 98.8478 2.39421
157 87.8181 64.4468 2.21963
158 3.5306 25.8332 2.69333
159 46.4046 28.2269 1.13348
160 37.847 59.7679 2.90302
161 49.6559 29.8238 1.07152
162 9.04204 8.46158 2.07312
163 73.6994 45.6465 0.0544057
164 81.0592 54.9273 1.84427
165 6.15133 4.92763 1.74426
166 63.5673 51.6849 1.92395
167 86.1954 29.1016 1.22487
168 13.6592 3.87465 2.7359
169 75.1526 56.8379 1.96252
170 53.3326 36.4056 0.662158
171 23.5599 2.20558 2.75187
172 94.7658 61.7231 2.61435
173 29.4877 81.5434 1.93155
174 78.4363 60.6835 1.38892
175 89.9106 32.5603 1.28996
176 64.0949 37.2068 1.66777
177 -0.162051 52.3384 -3.22879
178 57.552 57.8598 1.66734
179 19.7602 95.1397 2.28508
180 23.8348 0.757566 2.19978
181 9.17488 17.3377 2.79137
182 11.3929 94.3769 1.89528
183 3.19592 21.36 2.90051
184 32.7979 4.69887 2.5459
185 84.382 54.1973 1.72942
186 27.8238 89.6151 2.18068
187 59.5016 35.9852 1.5558
188 87.1877 61.6076 2.67004
189 29.9899 19.4437 1.65247
190 82.0549 58.7329 1.18064
191 89.5219 2.81705 0.504436
192 10.9016 58.1907 -3.4564
193 29.6365 97.24 2.10788
194 8.57457 64.2966 2.54663
195 18.558 98.5511 2.26451
196 97.6923 53.539 3.2345
197 22.0105 79.2857 2.57001
198 30.7325 3.85314 2.30548
199 49.0259 37.3603 1.29048
200 30.06 5.57501 2.36414
201 68.7561 30.4267 1.48327
202 59.7899 60.2797 1.4616
203 50.4912 31.3011 1.27399
204 2.3281 24.8749 2.49979
205 85.0397 27.9917 0.779781
206 5.62157 63.6889 -3.02192
207 5.98453 77.7969 2.76735
208 6.74637 12.8665 2.69714
209 58.6051 34.6857 1.48176
210 14.0506 6.7268 2.73936
211 26.7778 89.0549 2.12273
212 2.71898 16.9175 2.38001
213 90.1948 27.7321 0.89581
214 87.2299 59.4532 2.79542
215 7.61031 83.1839 2.55049
216 32.3749 88.7791 2.28208
217 19.865 99.0902 2.47587
218 62.3937 24.283 0.313225
219 19.801 18.3026 2.67054
220 79.3472 29.3248 0.878675
221 33.7203 99.4688 2.49233
222 77.8359 29.7547 1.31696
223 64.4088 62.2793 1.35258
224 51.31 56.4707 2.3681
225 66.616 35.1794 1.80179
226 44.862 31.2444 1.11512
227 30.9388 93.8222 1.93937
228 25.5457 83.036 2.82668
229 31.6933 87.9673 2.73188
230 92.5228 62.7782 2.37599
231 16.3454 4.61207 2.17425
232 27.4223 97.8243 2.20707
233 8.57776 75.8635 3.06129
234 0.31876 62.7769 2.79562
235 5.56802 86.3875 2.2703
236 50.0649 86.9854 1.25554
237 63.3682 34.4822 1.68048
238 15.5136 98.191 2.1663
239 7.03339 98.9844 2.19305
240 18.4349 5.22688 2.70042
241 96.6576 93.5652 2.7044
242 28.5515 90.8799 1.91595
243 29.9794 6.04232 2.01783
244 49.2684 29.217 0.915162
245 29.8011 94.9972 2.4095
246 27.0848 86.4713 2.12692
247 84.9065 57.5697 1.36618
248 99.4594 84.2631 2.98439
249 12.5563 62.9793 3.16988
250 14.3706 4.13528 2.33107
251 27.2328 19.483 1.91093
252 61.8198 63.5798 1.3106
253 45.6264 56.5128 2.73553
254 25.9137 80.2704 1.89539
255 8.83808 5.65625 1.92557
256 29.2087 89.6527 1.96496
257 20.3657 77.8655 2.81319
258 0.290503 1.78161 2.1879
259 4.25389 85.0651 2.82334
260 10.188 22.2348 2.48924
261 4.97719 94.4325 1.92543
262 31.2337 85.4036 1.92663
263 27.5978 97.7945 1.96715
264 54.6497 68.5616 1.4973
265 22.1022 78.9841 2.1862
266 9.8852 29.1456 2.23642
267 19.0059 4.26439 2.08063
268 96.6023 54.3767 2.52293
269 17.4023 8.44924 2.30439
270 10.6091 95.7838 2.42653
271 7.09412 89.0752 2.48458
272 88.2268 27.3158 1.49538
273 99.1965 59.5246 2.45714
274 13.6447 83.0224 2.76406
275 27.2103 84.2631 2.30233
276 8.78447 24.602 1.97571
277 28.2758 1.33126 2.13445
278 72.7359 63.0021 1.23321
279 28.749 91.6007 2.5413
280 19.701 3.8242 2.24498
281 25.0322 86.1757 2.55179
282 3.53532 87.1275 2.30197
283 88.2744 27.1771 1.30037
284 44.6251 81.2013 2.10129
285 25.7387 5.0658 2.23739
286 91.6788 68.8606 2.57286
287 23.9341 84.7164 2.9071
288 51.3591 23.2808 1.05691
289 34.7533 76.0127 -3.3379
290 12.7494 79.5587 2.76499
291 1.3277 18.0796 2.60411
292 0.236615 17.416 2.86944
293 7.48042 76.4372 3.0143
294 9.27286 88.9072 2.01932
295 22.0311 99.5161 2.62766
296 34.0153 3.31446 2.4028
297 49.2003 89.6525 1.12267
298 3.74078 0.741577 2.25522
299 66.8101 30.2913 1.81363
300 16.7733 79.7081 2.25546
301 13.4351 6.97486 2.69335
302 95.2026 54.5872 2.65486
303 26.2633 86.6711 2.44038
304 2.27308 13.011 2.82746
305 29.9661 18.8844 1.92386
306 51.1031 63.1149 1.90697
307 65.1747 32.865 1.51453
308 4.93278 97.0743 2.39233
309 11.3004 82.0649 2.42498
310 58.0487 65.0412 1.39599
311 99.6001 75.8576 2.26006
312 29.0153 95.5467 2.47181
313 90.1233 28.566 1.03418
314 12.6929 10.4402 2.84986
315 28.9253 91.4967 2.46495
316 27.8998 0.772274 2.72162
317 9.2367 97.0129 2.53807
318 64.0041 32.8591 1.81779
319 76.7495 30.8744 1.37975
320 81.0451 29.3 1.03835
321 14.2679 12.4331 2.70339
322 77.5398 25.9866 1.50678
323 11.5947 0.473905 2.04863
324 46.1179 34.8483 1.47318
325 33.8309 88.8971 2.62986
326 22.9256 79.7721 2.13915
327 10.196 74.6092 3.0875
328 86.0343 25.7856 1.32726
329 85.617 36.7728 0.381564
330 89.727 26.5955 1.51603
331 58.7243 67.8029 1.9636
332 49.985 35.0169 1.43196
333 34.3147 6.991 2.5057
334 98.9973 78.4119 2.71785
335 65.509 28.7646 1.78993
336 82.3496 28.2318 0.78247
337 1.03511 86.1638 2.97556
338 34.6156 90.4218 2.68328
339 19.2947 80.4946 2.13097
340 91.5973 53.4329 2.84834
341 5.10824 98.7097 2.21858
342 15.4124 7.06307 2.57253
343 32.8374 90.431 2.21421
344 29.0517 86.4029 2.83688
345 64.2711 56.5406 2.1384
346 97.403 76.7908 2.61233
347 12.2523 22.3041 2.60408
348 90.4667 71.2322 2.20536
349 84.3671 55.7471 1.68792
350 25.1238 88.7214 2.22419
351 4.0899 12.0645 2.70545
352 83.3717 63.0641 1.40889
353 63.5273 60.5211 1.94594
354 9.64324 61.035 2.99917
355 27.2174 78.8076 2.69884
356 83.1634 24.6235 1.64847
357 82.8661 55.7001 1.42607
358 17.5025 2.83159 2.41117
359 6.71018 76.2058 2.48599
360 10.5107 13.0577 2.91843
361 7.9282 26.9451 2.47987
362 19.3557 1.08273 2.27887
363 26.0801 84.5952 2.0106
364 61.2479 66.2101 1.75284
365 25.268 95.7637 2.31935
366 28.3067 5.64744 2.1974
367 85.7797 28.8007 1.48253
368 94.5451 60.2359 3.1667
369 94.1187 27.2473 1.48065
370 48.8474 59.7276 2.76977
371 11.5108 6.98478 2.5904
372 16.1169 94.9482 2.1375
373 48.8816 10.7151 -0.113201
374 14.4386 8.04983 2.06163
375 35.1913 4.15909 2.41053
376 17.879 100.228 2.04916
377 90.4896 30.1127 0.713228
378 12.8654 81.4396 2.51525
379 82.875 31.6938 1.59262
380 25.7118 81.8635 2.22669
381 46.2782 35.9916 1.28191
382 24.6282 3.66078 2.08102
383 68.141 55.673 2.22372
384 25.8812 97.0345 2.30135
385 68.0761 62.3741 1.68442
386 35.0315 55.8411 2.52391
387 5.38012 22.1076 2.34146
388 34.1594 86.9605 2.76959
389 6.05612 75.6791 2.09566
390 2.62267 1.7214 2.27506
391 11.0406 100.303 2.43884
392 8.10201 75.9681 2.77126
393 32.4868 91.4154 2.82062
394 24.362 4.84715 2.4727
395 15.0926 1.29701 2.67251
396 18.6304 15.8978 2.68755
397 16.3719 2.54276 2.44607
398 89.6971 27.13 0.788465
399 97.395 91.3478 2.68597
400 0.036609 88.1268 2.23909
401 47.2606 33.2822 0.931583
402 9.35574 60.5045 3.43764
403 24.6174 2.10374 2.63505
404 16.66 80.8905 2.20908
405 80.4976 63.8852 1.53226
406 90.1961 57.6886 2.79953
407 27.8061 6.82068 2.1677
408 8.98913 83.9192 2.60424
409 85.4012 27.8453 1.58202
410 1.33201 89.5855 2.50832
411 17.1992 6.38671 2.6663
412 27.2254 77.3968 2.73066
413 5.28329 97.6063 1.77239
414 32.0674 91.5954 2.37425
415 77.1726 55.5358 1.40211
416 28.9163 0.577459 1.85995
417 0.73838 88.2205 2.58631
418 17.6485 8.33699 2.14607
419 64.1109 54.2206 1.3776
420 4.56298 71.9903 2.11416
421 16.5092 6.79095 2.85446
422 4.76983 89.4616 1.98917
423 60.3381 19.2312 2.23384
424 19.2436 16.0767 2.83638
425 22.4583 97.224 2.60291
426 11.904 25.4039 2.29983
427 17.6475 11.9224 2.44917
428 20.5501 84.7962 2.08234
429 27.5588 84.4019 2.37499
430 6.49682 17.9731 2.23533
431 32.525 100.206 2.20083
432 12.1083 10.346 2.25195
433 91.4564 24.2229 0.889936
434 12.2656 76.2404 2.2818
435 62.8817 65.88 1.70056
436 10.7361 17.5905 2.33042
437 98.7952 55.0381 2.90645
438 81.4837 34.6041 0.9774
439 84.7609 30.2853 1.22171
440 28.5507 79.2498 2.61746
441 88.4766 56.6717 1.9725
442 20.9488 4.34706 2.48721
443 46.6885 38.7072 1.63746
444 27.9203 95.555 2.5739
445 76.5058 60.406 2.21713
446 67.4659 62.2313 1.31463
447 96.4192 74.0693 2.6241
448 20.8044 2.61168 2.77098
449 33.2671 76.171 -2.96199
450 8.28069 1.65726 2.57427
451 8.68801 62.3246 3.11778
452 22.1229 17.5768 2.78516
453 25.2061 78.4719 2.60777
454 26.1703 15.7264 2.04954
455 73.2602 56.2774 1.17542
456 97.7221 83.1271 2.71815
457 7.53406 88.8174 2.41938
458 12.1555 88.1812 1.96238
459 87.1181 52.3591 0.945874
460 7.12094 71.605 2.15636
461 50.0712 59.4115 2.20238
462 29.4049 94.2315 2.14571
463 14.9861 98.8486 2.41383
464 36.5503 97.5821 2.33143
465 8.07924 98.8498 2.48103
466 30.1277 87.387 2.50104
467 84.15 28.8093 1.18573
468 95.2328 58.2663 3.19893
469 7.31353 14.1764 2.58224
470 9.48528 21.1567 2.41901
471 14.7093 80.6528 2.97272
472 30.6528 95.5725 2.87323
473 30.0081 2.57569 1.8563
474 49.5908 37.6457 1.77855
475 91.1388 59.385 2.47155
476 84.9518 55.459 1.7243
477 29.7965 87.3365 1.9457
478 10.3928 14.7072 2.79091
479 62.1993 55.6578 2.17415
480 1.45551 76.664 2.83299
481 83.1252 22.9759 0.895366
482 10.7549 63.2767 2.5895
483 5.02452 100.446 1.70741
484 -0.331216 72.0934 2.47942
485 8.28158 26.7506 2.73477
486 30.2002 83.0645 2.16123
487 28.4936 86.3158 2.611
488 97.4538 92.6738 2.72692
489 60.6484 54.9121 1.99491
490 69.2057 58.5769 1.28756
491 19.9522 78.8194 2.74933
492 30.3473 97.9966 2.26522
493 24.6473 89.3375 2.82814
494 11.1719 63.3733 3.35927
495 6.19719 76.1973 2.93705
496 21.1647 6.56538 2.86217
497 16.4467 8.48176 2.60628
498 30.217 82.3253 2.21166
499 82.8849 36.0801 0.506103
