500
Particles
0 65.5122 14.8151 2.7086
1 92.0904 86.8983 1.48041
2 81.3173 54.4215 1.73706
3 54.9781 75.6958 1.26474
4 66.774 34.1146 1.90674
5 91.209 84.6593 2.03773
6 81.9562 39.5202 2.55969
7 70.1679 83.2876 1.57732
8 41.4718 39.652 1.31088
9 14.0097 0.895347 -2.85226
10 84.1431 18.8649 2.43016
11 77.1648 46.3048 1.62067
12 82.7867 52.3413 1.68752
13 64.9192 19.2921 2.17849
14 70.1865 37.681 2.14949
15 66.2917 22.6734 1.86292
16 98.1652 26.8402 2.24286
17 71.923 51.4193 1.96154
18 68.1036 45.0556 2.00759
19 31.98 61.9403 1.69754
20 55.4689 77.3206 1.60313
21 79.799 37.3267 2.2702
22 82.7246 29.2393 2.16791
23 65.414 26.4238 2.55408
24 63.7925 79.6173 1.45196
25 72.332 23.1551 1.79059
26 94.1985 79.3639 1.53427
27 76.541 44.2361 1.81732
28 79.5366 34.8123 2.11946
29 84.1772 51.3959 2.27821
30 46.1282 80.1927 1.84579
31 78.9498 30.3353 1.94053
32 23.6854 67.654 2.06003
33 61.6408 85.1957 1.91248
34 73.1696 20.7195 1.79839
35 63.9504 46.2254 1.90137
36 56.1044 86.3602 1.63592
37 85.9704 47.9371 2.03943
38 74.5858 28.8551 2.71903
39 65.4878 27.0812 2.40096
40 77.1961 20.8616 1.8813
41 63.0857 26.1352 2.2467
42 86.6249 21.1557 2.86091
43 57.6995 76.6919 1.93329
44 93.2042 88.4599 1.32362
45 89.8477 23.2079 2.96626
46 76.5598 26.0305 2.89536
47 92.0663 74.7085 1.16359
48 81.8407 23.9269 2.8475
49 67.5304 9.66907 2.03628
50 74.1662 47.9388 1.62077
51 86.07 31.3995 2.21556
52 59.7268 78.4092 2.06136
53 58.2607 86.5299 2.19176
54 70.52 34.7008 2.53776
55 76.4923 72.5934 1.34707
56 72.1782 36.882 2.45305
57 85.6172 14.0126 2.16241
58 72.7431 40.4906 1.79541
59 70.3741 22.2288 2.38873
60 73.6021 44.2197 2.36087
61 82.0559 20.5132 2.82486
62 40.0289 34.1253 0.498926
63 19.726 55.8866 -1.04909
64 77.9676 41.9593 2.53257
65 89.7376 75.8621 1.82063
66 71.0645 48.1092 1.97386
67 73.1786 47.735 2.36719
68 91.7575 72.3312 1.61941
69 92.8737 17.2792 1.96999
70 80.113 41.9263 2.55001
71 75.906 24.2542 2.85807
72 71.7592 45.0919 1.9359
73 87.3428 46.2011 1.69767
74 83.5281 17.6658 2.30829
75 70.831 79.5652 1.95059
76 85.27 16.6807 2.60433
77 83.5832 41.7323 2.53869
78 87.3351 54.9549 1.94177
79 72.373 41.7897 2.44114
80 82.8884 22.3244 2.47724
81 71.5025 48.1121 1.93314
82 58.7845 46.3642 2.35699
83 62.1249 39.2149 2.23458
84 75.2161 70.0011 1.53229
85 82.5551 23.3014 2.58689
86 82.6972 20.1572 2.74423
87 88.6877 42.6249 2.10263
88 78.4291 71.4001 1.83003
89 81.2864 16.5343 2.08651
90 61.7088 79.535 1.89299
91 78.6684 30.6516 2.41382
92 85.072 39.1461 2.74542
93 61.5563 33.2504 2.19765
94 82.3618 22.6344 2.90254
95 37.8653 65.5215 2.08891
96 79.4229 41.4014 2.6583
97 81.7951 44.0308 2.14354
98 79.5015 16.3803 2.44465
99 84.5751 38.4682 2.39207
100 63.6034 79.5812 1.97555
101 69.3058 44.2906 2.14967
102 84.3556 19.951 2.89316
103 73.2449 18.3385 1.87629
104 83.155 27.2083 2.23049
105 61.9449 80.8503 2.17269
106 70.9885 34.4974 1.83708
107 68.91 23.9135 2.74723
108 80.4249 28.2669 2.06436
109 75.0191 41.2002 1.76821
110 73.4211 80.9991 1.5978
111 89.262 47.7182 1.84064
112 56.5783 75.2614 1.77205
113 81.2956 37.3134 2.40404
114 78.7232 45.9511 1.83183
115 82.0082 50.5436 2.0013
116 84.2951 13.4388 2.62924
117 74.9791 27.2482 2.76911
118 43.7175 75.4665 1.48194
119 67.0571 37.6462 2.27995
120 70.4981 19.1103 2.51689
121 82.9574 84.2291 1.62474
122 80.8919 24.3357 2.60283
123 59.7209 33.7377 1.55675
124 77.8045 52.9194 1.83436
125 92.1857 68.2299 1.91146
126 96.1607 30.1809 1.89877
127 58.8049 20.0352 2.45198
128 62.5896 79.1072 1.87529
129 74.8326 46.0979 1.97736
130 76.0004 31.7288 1.95417
131 84.6622 19.4287 2.00897
132 2.24669 67.3391 0.565772
133 97.9369 72.6782 1.43073
134 64.3495 95.0603 -3.25328
135 84.8563 43.2965 2.14818
136 82.5922 15.0364 2.25891
137 79.6599 41.2006 2.25911
138 84.6243 22.8892 2.50009
139 72.7586 18.923 1.96657
140 86.7464 20.6438 2.1461
141 82.9189 72.1339 1.27884
142 63.4777 37.1577 1.61054
143 33.8708 46.1015 2.34871
144 79.4621 42.7732 2.10693
145 74.8648 48.6884 2.1776
146 68.9673 22.6599 2.16486
147 62.6412 85.326 1.54163
148 87.2727 44.8556 2.55781
149 66.8074 47.3211 2.28343
150 85.0236 20.8865 2.31102
151 25.5227 66.1824 2.06543
152 84.2997 16.9904 2.9685
153 83.1659 28.3921 2.33644
154 98.9623 23.7739 1.38676
155 95.2491 74.9408 1.67441
156 46.3102 39.2766 1.28458
157 26.2917 44.2469 -1.30057
158 93.9551 80.7121 1.31179
159 33.8785 49.7673 2.30559
160 60.9195 87.1924 1.97703
161 36.0986 50.8522 1.80818
162 66.9312 47.2462 2.35824
163 76.2203 68.4393 1.60718
164 91.4107 76.9011 1.41379
165 63.4409 45.871 1.816
166 76.9161 70.2923 1.98566
167 89.6279 46.3317 2.25795
168 73.0889 43.7732 2.48633
169 88.8313 76.2735 1.51323
170 30.5771 70.7502 1.60518
171 79.8712 38.7566 2.43254
172 66.8169 19.619 2.46959
173 86.9436 18.9581 2.12007
174 92.5395 80.508 1.16959
175 95.3854 65.3528 2.05055
176 81.0282 54.3845 1.95619
177 74.8119 17.6078 2.14376
178 60.8632 77.7845 2.23145
179 78.2238 34.0552 2.14254
180 81.6685 40.049 2.29843
181 34.9594 45.33 2.2521
182 73.4364 36.8428 2.68254
183 62.1917 11.5105 2.3661
184 85.9206 39.554 1.85635
185 94.0522 75.129 1.55699
186 85.0597 26.6621 2.04847
187 47.1912 72.6424 0.715739
188 55.6295 19.7826 2.7379
189 78.3896 50.9557 2.30174
190 94.1242 80.4615 1.12801
191 81.9599 47.4436 1.72453
192 81.6392 13.0329 2.13313
193 87.1829 35.052 2.76527
194 79.086 19.2094 2.57621
195 79.8411 39.7257 2.07499
196 70.5542 15.4362 1.96615
197 83.4907 20.6338 2.29427
198 83.9814 38.9121 2.42468
199 11.3472 48.2188 -2.10854
200 84.8531 41.1213 1.8651
201 84.8667 49.1861 1.85178
202 59.4567 79.5464 1.9688
203 38.4761 51.8354 2.13528
204 96.4329 78.1746 1.93696
205 89.5884 45.7991 2.04236
206 77.792 19.7084 1.9243
207 73.2022 25.6213 2.3779
208 60.4171 49.6505 2.34965
209 43.9096 74.0894 1.36327
210 74.4211 46.454 1.85097
211 83.401 25.7376 2.13039
212 94.0705 71.9423 2.01956
213 26.7341 64.136 1.75661
214 55.9976 17.3797 2.18833
215 72.9393 30.1167 2.14608
216 88.898 24.8369 2.33674
217 78.7521 38.3749 1.96899
218 73.2724 55.8943 1.54468
219 71.7735 51.6629 2.09757
220 86.2894 46.1138 2.01921
221 88.6077 34.9093 2.03425
222 85.9658 47.2326 1.94575
223 66.1901 82.2846 1.69963
224 53.8575 76.173 1.16343
225 82.8813 52.6586 2.03633
226 -0.129619 21.1265 2.18145
227 86.1579 28.8649 2.34617
228 84.3695 21.4222 2.73377
229 87.2526 22.9904 2.06299
230 62.9994 21.0497 1.72972
231 75.5599 43.9279 2.21874
232 84.9647 35.7048 2.55932
233 75.4037 23.0334 2.44279
234 72.0237 19.0416 2.5088
235 70.9898 34.5323 2.45019
236 97.4596 20.9129 2.29757
237 80.3366 52.9994 1.71979
238 73.7969 36.774 1.90159
239 64.4719 37.5918 1.86352
240 77.42 44.5499 2.2954
241 44.6957 37.6929 1.39861
242 86.6344 28.4853 2.32155
243 84.7907 41.3776 1.80871
244 36.1099 51.9012 1.55617
245 85.0352 30.4787 2.40395
246 84.92 23.743 2.21029
247 93.678 78.6553 0.971991
248 67.6769 37.3465 2.4982
249 81.2205 15.1218 2.05766
250 75.4638 45.2515 2.18254
251 76.6627 51.7543 1.67715
252 67.8142 81.8181 1.50512
253 49.1308 77.3564 1.61481
254 85.1256 19.3656 2.79685
255 68.6783 46.9005 2.07539
256 86.2525 26.6823 2.84197
257 81.5134 19.5893 2.04722
258 45.3103 42.9957 0.89856
259 70.4974 34.444 2.38474
260 96.4154 82.5616 1.46901
261 67.421 38.63 1.66779
262 87.5546 21.4973 2.44357
263 83.1337 34.1376 2.4417
264 62.5738 86.0648 2.25419
265 83.3377 19.6461 2.70403
266 74.688 15.3531 2.27576
267 78.3564 44.0319 2.45664
268 69.7445 18.8381 1.67532
269 75.8677 46.7982 2.33927
270 73.5527 39.325 1.7268
271 73.4883 37.4767 2.55764
272 24.1306 63.159 2.06405
273 72.4257 19.7355 1.95157
274 77.4647 27.3023 2.67403
275 85.1454 21.7831 2.688
276 76.8066 13.3702 1.96385
277 84.8142 38.812 1.96304
278 87.0478 87.5669 2.18489
279 86.8156 29.2745 2.49832
280 75.4333 40.5004 1.79168
281 83.6575 24.5913 2.55679
282 68.9824 36.6621 2.10324
283 92.4566 45.7275 2.58562
284 96.5838 17.159 2.61677
285 83.5349 43.2261 1.68658
286 59.4095 23.3428 2.27208
287 82.0695 22.6927 2.24753
288 40.3888 61.2426 1.89504
289 93.8921 17.9619 2.43022
290 76.7211 23.8509 2.82141
291 62.543 8.21197 2.00581
292 95.4179 73.3537 1.82342
293 74.9227 25.709 2.05152
294 73.3733 35.0306 2.25784
295 78.2731 37.2999 2.36362
296 88.3671 40.0246 2.05068
297 95.8236 25.5415 1.8946
298 51.2685 38.2495 0.585888
299 84.1355 48.409 2.01925
300 77.5936 20.0541 2.57665
301 73.2976 46.5625 2.13791
302 68.3416 17.2826 2.37894
303 84.4243 24.0847 2.0993
304 16.2901 58.9744 -0.358338
305 77.9946 50.289 2.33711
306 58.2803 82.103 1.6725
307 81.3267 50.8091 1.66221
308 68.4952 41.8958 2.00595
309 75.4729 26.8711 2.14666
310 62.8443 83.8568 1.33036
311 68.491 28.0818 2.05176
312 84.6327 31.156 2.18992
313 28.7583 65.6991 2.33849
314 72.2153 50.6301 2.18003
315 84.0394 27.0092 2.39091
316 83.6145 37.838 2.19163
317 73.1825 40.6914 1.95621
318 81.4476 51.3906 1.79462
319 85.0213 48.52 2.43669
320 85.5483 46.0171 2.37868
321 71.5119 50.5587 1.3934
322 87.9315 42.9643 2.10755
323 71.2933 41.4632 1.63386
324 8.96548 44.9816 -2.3126
325 89.6747 25.4881 2.8655
326 82.79 18.9165 2.61002
327 75.7382 21.4541 2.44152
328 92.164 42.9922 1.82922
329 53.9538 71.7418 1.67367
330 27.6445 64.032 2.15163
331 68.1829 86.3045 1.63888
332 31.2318 66.0459 1.977
333 86.3386 40.8916 2.29403
334 64.8926 29.32 2.16963
335 82.999 47.9193 1.81884
336 88.6817 45.7194 1.75443
337 65.1063 34.3574 2.17098
338 89.5364 25.9539 2.5257
339 80.9806 21.2606 2.56102
340 64.9703 17.3571 2.04977
341 63.9365 40.4237 2.39454
342 72.0581 43.6386 1.94076
343 87.4296 25.3311 2.72361
344 85.7013 22.9465 2.01059
345 72.4716 76.0527 2.34639
346 64.0884 27.5332 2.12258
347 95.8386 83.1118 1.36783
348 56.4055 21.8002 2.10784
349 93.6243 78.3043 1.49469
350 84.0908 26.7663 2.96633
351 35.8096 40.9904 1.64083
352 95.4727 86.121 1.31485
353 64.722 81.2327 1.77799
354 79.2441 14.4221 2.19139
355 85.0399 16.5771 2.22
356 89.1651 42.4669 2.04382
357 92.3556 76.9961 1.86698
358 74.3934 39.8977 1.77432
359 72.0788 22.6384 1.73681
360 68.8063 51.5375 2.4143
361 67.1173 10.1885 2.12795
362 76.9993 38.7648 2.67681
363 83.4813 21.1428 2.78546
364 65.266 86.2813 2.29595
365 79.7006 30.5702 2.56352
366 81.8619 40.1834 2.37315
367 87.5402 46.3598 2.25413
368 66.8417 20.6662 2.68509
369 33.4925 64.8859 2.05919
370 52.2954 79.2712 1.19968
371 70.9573 46.8657 1.60798
372 75.4352 34.9977 2.17283
373 85.0064 43.9649 2.061
374 75.5608 49.3675 2.06512
375 86.7211 37.3228 2.71332
376 77.6629 39.7874 2.70782
377 24.0621 65.8192 2.11475
378 77.947 27.2145 2.94601
379 86.9971 48.6971 2.36759
380 85.0554 20.7511 3.00206
381 6.90401 47.8763 -2.17019
382 79.8539 39.3221 2.6609
383 78.8356 74.0233 2.16827
384 83.1651 34.8989 2.06279
385 67.2059 83.6081 1.43071
386 55.0646 85.2638 1.55257
387 68.1377 10.2305 2.65993
388 90.4677 22.8136 2.80198
389 71.5404 22.2846 2.45043
390 61.6052 42.4975 2.28737
391 70.5851 40.343 2.48846
392 71.5444 19.9214 2.65095
393 88.5162 27.5221 2.02526
394 79.9492 41.8023 2.31113
395 74.9414 41.265 2.40682
396 73.8984 51.2168 1.79008
397 77.2335 44.229 2.42471
398 28.651 63.9703 2.24711
399 47.9013 38.1324 0.605669
400 63.4947 35.0958 2.22863
401 36.8076 64.4089 1.86954
402 80.9056 16.2419 2.88001
403 81.9183 39.0918 2.57796
404 79.1557 22.9744 2.30223
405 93.2961 86.3155 1.08762
406 60.8749 15.6944 2.72898
407 82.3792 42.9207 2.12953
408 72.9412 30.0198 2.45598
409 91.7477 45.1399 1.92385
410 66.8514 38.4719 1.72501
411 78.3587 46.7928 2.2256
412 88.3129 18.4341 2.00472
413 65.4588 38.4253 2.29673
414 87.3769 27.169 2.12524
415 87.3452 74.4721 1.07571
416 87.1966 39.622 2.23451
417 63.0305 35.3584 1.83536
418 75.4575 46.1747 1.68793
419 74.0449 72.8455 1.53486
420 73.7458 22.8314 2.21525
421 73.855 44.9525 1.65578
422 70.6245 37.839 2.50585
423 85.4098 42.8366 2.7218
424 72.5549 50.49 1.37636
425 79.0071 34.6481 2.50362
426 1.82414 42.6985 0.98499
427 75.1711 49.8215 2.38866
428 80.4721 24.6265 2.4701
429 85.3919 22.3215 2.42402
430 32.4036 47.7623 2.29741
431 86.8847 36.3013 2.3654
432 69.077 47.9753 1.92895
433 95.0855 44.2433 2.40583
434 77.3015 22.566 2.26028
435 67.2448 84.1929 1.67569
436 36.5229 46.9551 1.59966
437 71.8989 17.3457 2.08232
438 85.5897 54.0057 2.43732
439 88.2061 48.1678 2.32852
440 86.9417 16.6306 2.15785
441 59.1841 16.8922 2.02492
442 81.2112 45.1429 2.60419
443 10.1845 51.0261 -2.42096
444 85.2084 32.7102 2.79823
445 89.9391 83.1755 1.53318
446 72.0096 82.8792 1.47772
447 63.335 24.251 2.72355
448 77.5999 40.0926 1.8656
449 91.7595 18.4325 2.38715
450 67.2598 41.6775 2.52708
451 79.1411 17.4991 2.29966
452 75.4453 51.2226 2.38045
453 85.1656 18.1838 2.76571
454 77.2175 47.5897 2.4115
455 82.2185 74.7541 1.34412
456 62.5368 32.9839 1.60589
457 71.9596 36.2594 2.15063
458 75.2649 33.522 2.2959
459 95.4044 73.0719 2.1598
460 73.654 19.7195 2.38674
461 58.3818 79.5832 1.86196
462 85.4685 29.8047 2.43615
463 74.9721 38.5258 2.45763
464 92.1926 34.7765 1.94099
465 68.829 40.1299 1.81268
466 86.9323 24.0446 2.46726
467 89.6025 45.9642 1.99602
468 68.5003 19.0865 1.73708
469 38.5945 42.7139 1.92201
470 3.64439 82.9725 0.576262
471 77.7174 23.8715 2.64465
472 87.0046 31.9709 1.93541
473 84.8222 38.3884 2.15476
474 13.5938 46.6605 -1.8154
475 65.0433 22.0931 1.85257
476 93.41 77.1763 1.75738
477 84.4891 21.7041 2.43277
478 63.455 51.3415 2.2885
479 71.3147 74.8049 2.53952
480 72.1041 30.3036 2.31422
481 91.5134 42.1488 1.91445
482 80.8276 15.4683 2.01556
483 66.8591 43.26 1.54547
484 68.271 22.8511 2.78915
485 63.7681 11.0823 2.03462
486 87.7114 20.189 2.1452
487 87.2566 24.4154 2.22442
488 42.57 36.5241 0.894232
489 72.6001 73.2967 1.90556
490 72.1115 80.5669 1.71587
491 82.511 21.2565 2.4606
492 86.575 33.7498 2.69052
493 83.0425 27.648 2.79618
494 82.0672 17.7377 2.59333
495 75.4415 26.6877 2.37215
496 78.2721 43.788 1.68917
497 73.4856 45.744 1.65232
498 88.938 21.5898 2.77026
499 84.3498 59.2869 2.03789
