500
Particles
0 55.046 56.1392 -2.29374
1 99.2992 11.9502 0.49086
2 96.3582 17.6268 0.684246
3 82.9971 50.2958 -2.77714
4 97.5277 0.997755 0.970854
5 13.137 21.6685 0.64441
6 5.64984 12.4043 0.31027
7 58.5204 0.172892 -0.579531
8 66.1148 51.4794 -1.42841
9 67.8114 57.4368 -1.28728
10 82.8008 32.8578 2.89563
11 55.7293 98.4744 -0.0837543
12 89.4014 29.7974 1.88836
13 57.0317 14.5793 -2.93511
14 0.499335 2.65029 0.321212
15 94.9005 34.0965 2.24557
16 88.6898 51.6967 -3.37618
17 65.999 19.8793 3.47025
18 0.770064 11.1944 0.633833
19 94.5844 89.9623 -0.0203561
20 80.3459 50.731 -2.32508
21 7.82456 9.76072 1.07048
22 74.7951 25.4469 2.67383
23 68.034 23.407 2.93572
24 14.0535 66.8471 2.24387
25 12.0269 25.9522 0.429199
26 31.055 17.7582 2.05766
27 61.221 94.8207 -0.286284
28 52.833 58.6165 -2.16137
29 69.0333 23.1044 2.89522
30 100.439 21.3003 0.433626
31 93.0971 74.2547 1.21633
32 78.3375 46.1376 -2.24706
33 96.9859 16.5029 0.249407
34 74.1025 34.562 3.09365
35 49.0845 56.2897 -2.16039
36 55.5643 0.527294 0.320845
37 7.14337 15.6104 1.1871
38 92.2233 22.7048 0.989048
39 96.2618 2.48897 1.05107
40 77.8753 24.7023 2.80784
41 56.8992 15.7799 -3.04458
42 63.8243 57.6659 -1.64573
43 95.6348 41.9648 1.47709
44 99.3178 17.1175 0.198497
45 71.1121 61.3341 -1.64341
46 57.1393 59.7173 -1.7734
47 64.1107 15.2242 3.18458
48 64.1487 49.3199 -1.08482
49 13.3942 20.4075 0.514155
50 74.1116 53.11 -1.341
51 59.5901 62.9118 -1.28317
52 2.30814 68.3653 -0.204939
53 56.4676 98.4408 -0.598539
54 69.6671 23.3729 3.59449
55 51.0288 11.5357 -2.08103
56 69.0122 32.2001 3.05172
57 32.5619 45.0601 1.2214
58 67.1051 26.0849 2.59884
59 12.8909 24.0853 0.869893
60 4.64513 16.777 1.11911
61 62.9175 53.7848 -1.74264
62 51.3268 60.8155 -1.51508
63 97.1188 9.83651 0.208074
64 2.87077 15.0927 0.328008
65 49.2482 20.9557 -2.37748
66 6.97779 19.5992 0.983783
67 42.6027 46.4136 -0.954826
68 48.0496 15.7505 -1.8502
69 53.86 64.9124 -1.49512
70 6.80985 13.6513 0.699295
71 39.2594 25.294 -3.23014
72 3.34211 16.3074 0.765445
73 50.4648 39.825 -1.58173
74 39.2427 20.156 2.48585
75 50.9143 6.93928 -0.959108
76 50.5827 65.5983 -1.86451
77 3.60984 13.6096 0.467108
78 1.64245 19.453 0.917465
79 3.49171 9.7997 1.08355
80 50.1214 66.3426 -1.29472
81 5.45717 19.5469 1.14972
82 28.8944 79.1275 1.69987
83 3.97968 6.17395 0.603794
84 21.4956 36.1916 0.464074
85 45.5887 58.403 -1.97373
86 41.2249 76.3727 -2.19872
87 47.2784 11.9275 -2.29336
88 3.21476 99.7604 0.439794
89 30.0612 17.6033 2.15506
90 44.2004 99.8076 -0.239103
91 92.6367 73.5177 1.6479
92 46.8905 10.9134 -2.70801
93 67.4727 26.1354 2.98022
94 76.3023 41.3132 -1.91394
95 52.865 59.0267 -1.5469
96 3.4116 13.3441 1.24998
97 7.76873 16.9607 0.833544
98 33.7978 19.5493 1.8146
99 82.3434 43.6101 -2.42423
100 2.28251 66.9647 -1.10688
101 100.059 11.7486 0.413572
102 67.9013 52.3636 -1.49918
103 39.426 34.6669 -0.672785
104 59.4337 56.3977 -1.213
105 44.3444 97.6674 -0.267116
106 68.0118 34.0504 3.10215
107 59.4779 44.9624 -1.63197
108 61.2761 61.2766 -1.41247
109 61.2657 48.1934 -1.22112
110 88.9128 27.3443 2.30633
111 7.70405 15.093 0.421662
112 71.5233 52.1353 -0.974391
113 61.67 23.1752 3.10766
114 94.5285 37.6935 1.56709
115 44.7984 45.2344 -1.31793
116 4.46312 21.7414 0.578861
117 21.211 28.4007 -0.117992
118 86.9767 49.7865 -2.6384
119 67.1493 27.0168 2.75261
120 21.2306 25.4594 0.0211913
121 76.5426 48.4696 -2.76697
122 75.7347 41.5302 -1.96424
123 99.054 10.9553 0.837091
124 51.9523 16.6962 -2.72513
125 50.1935 19.9524 -2.42496
126 86.0455 69.4067 0.888672
127 51.0517 17.4034 -2.54956
128 13.4569 67.5632 2.70761
129 56.4762 56.1804 -1.61421
130 55.4617 63.4946 -1.4557
131 82.7771 30.8137 2.44434
132 51.5634 98.0502 0.0388436
133 48.7678 0.34692 -0.787223
134 15.3795 19.6691 0.867556
135 10.2718 12.7643 0.561646
136 41.1421 18.0158 2.33391
137 8.80702 14.7201 0.781258
138 74.3486 44.6894 -2.68544
139 46.8654 64.7685 -1.43259
140 67.0955 54.335 -1.64323
141 48.6099 21.4656 -2.1711
142 5.22379 4.95894 0.666366
143 72.3267 60.945 -1.79761
144 7.80065 16.5623 0.504673
145 56.7508 42.6586 -1.00984
146 56.9309 61.6735 -1.53143
147 95.0398 15.3243 1.10526
148 54.2241 62.1912 -2.34705
149 6.9065 19.7847 0.329231
150 62.7293 57.1258 -1.62204
151 51.9967 59.5397 -1.54888
152 43.9599 23.032 -2.85733
153 60.1124 57.3387 -1.36709
154 73.2194 61.0991 -1.27996
155 51.3322 2.67777 -0.140219
156 68.8853 52.9232 -1.68705
157 67.2083 64.1341 -2.03842
158 22.2202 19.2499 0.837609
159 90.8638 34.6477 2.38849
160 0.439855 19.07 0.550376
161 89.626 71.258 1.63432
162 70.8759 55.2101 -1.82623
163 50.1074 14.3883 -2.4944
164 13.4393 76.4826 0.260021
165 48.8833 54.5686 -1.63909
166 47.1679 16.6759 -2.78056
167 12.9748 14.2003 0.959618
168 0.390747 11.8912 0.692338
169 99.4787 44.2192 1.09362
170 95.3331 14.0091 0.355382
171 4.71819 12.7318 1.09444
172 51.2675 43.5158 -1.63194
173 66.6874 54.9873 -1.38713
174 9.42579 22.2992 0.359584
175 89.1201 75.266 1.62287
176 92.449 34.8417 2.42581
177 45.1368 59.8813 -1.10225
178 -0.190891 47.6616 2.06309
179 53.7449 58.0052 -2.25563
180 60.6467 25.0661 3.26179
181 71.1517 56.7028 -1.17278
182 67.7824 32.4556 3.15624
183 90.3341 13.1864 1.14189
184 11.2888 29.5794 0.640957
185 57.2098 8.26281 -2.81942
186 75.0486 42.2011 -2.31764
187 70.0935 52.3987 -1.22217
188 97.5108 7.50725 0.465538
189 2.44262 20.3392 0.382441
190 4.25003 23.514 1.0333
191 7.25308 18.4258 0.651299
192 46.8641 58.3777 -1.13294
193 61.4999 51.1714 -1.17464
194 38.7681 20.2371 2.39243
195 4.30923 12.0704 0.874926
196 17.9761 19.1985 0.943841
197 44.1704 75.7301 -2.35747
198 30.974 74.8122 1.92717
199 20.5744 19.2825 0.501126
200 9.66655 11.3028 0.510148
201 93.8387 0.476054 1.09821
202 1.32555 69.896 -1.06033
203 63.6355 70.9871 -1.48186
204 10.5463 20.7549 0.688648
205 53.7348 42.9513 -1.09708
206 28.8182 42.5631 1.04093
207 16.8097 26.5511 0.216387
208 10.6183 31.3957 0.990399
209 87.8765 31.943 1.96636
210 2.91061 14.1857 0.875296
211 77.5207 28.8947 2.13466
212 50.1463 98.8492 -0.645689
213 55.2313 65.2137 -1.97665
214 0.766505 6.93253 0.275603
215 63.0307 29.68 2.82516
216 71.0923 65.056 -1.21437
217 6.67555 11.6021 0.354441
218 64.6423 67.1409 -1.38512
219 68.8779 20.791 -3.13373
220 22.2912 8.79528 0.368033
221 63.5673 65.2082 -1.59697
222 6.07514 14.6329 0.805991
223 53.8781 8.39861 -2.07611
224 84.1444 47.6424 -2.22344
225 57.4803 98.8963 -0.61163
226 66.5926 58.4276 -1.12186
227 66.4988 50.4625 -1.87433
228 44.159 77.4789 -1.8222
229 65.4112 60.5274 -1.14983
230 54.8741 15.3002 -2.46138
231 3.54478 15.384 0.570577
232 92.8774 71.6554 1.89309
233 37.2659 33.083 -1.46008
234 18.5381 21.5713 0.194231
235 69.4487 30.1813 2.51915
236 66.3746 53.9166 -1.33525
237 3.77221 19.23 0.975784
238 70.4742 25.5955 2.90883
239 99.2687 4.06414 0.455433
240 88.5364 30.4843 2.45309
241 3.3367 18.9459 1.24582
242 61.4871 62.98 -2.09751
243 7.79732 13.096 0.22948
244 89.8602 67.382 1.33924
245 61.2037 62.7352 -1.2966
246 80.1639 38.797 -2.49373
247 53.3042 17.8599 -2.21833
248 1.38621 4.76405 0.906179
249 7.14937 20.387 1.1979
250 63.674 90.6204 -0.655539
251 99.0159 20.0452 0.932654
252 58.7742 1.44176 -0.517066
253 57.0958 10.751 -2.73896
254 81.7746 30.7637 2.56389
255 6.81948 20.2083 0.922581
256 61.603 61.7665 -1.28439
257 78.8345 40.5702 -2.00063
258 71.5632 53.3791 -1.29515
259 69.7576 34.6246 2.83323
260 15.7855 19.7885 0.960216
261 61.5658 18.9729 3.38489
262 69.1116 58.5683 -1.60777
263 42.6062 66.0311 -1.06884
264 98.3274 16.3256 0.55857
265 41.2687 31.9121 -1.32277
266 46.8009 60.3627 -1.35022
267 2.55819 14.3459 0.476772
268 71.2426 19.6524 3.46819
269 56.0452 94.5067 -0.673976
270 66.9346 28.2567 3.44598
271 69.5998 32.4329 2.85406
272 47.2697 76.1285 -2.14807
273 17.7022 21.2132 0.786741
274 43.1697 63.5824 -1.46674
275 62.5137 55.3178 -1.27996
276 36.2716 18.7672 1.78578
277 50.2524 42.5984 -1.48341
278 96.9295 11.7043 1.02636
279 63.0245 64.9043 -1.54365
280 5.02654 3.61439 0.668598
281 75.1989 46.2541 -2.63276
282 67.8139 24.3219 2.89695
283 12.3039 17.9094 0.611641
284 4.2759 19.8747 0.242956
285 6.46672 12.9036 0.856645
286 52.9402 17.007 -2.72634
287 77.7022 37.9356 -2.07987
288 84.3079 47.2353 -2.40624
289 99.5723 16.6944 1.13948
290 59.876 52.4366 -1.9803
291 99.982 13.4533 0.526507
292 97.5015 43.9891 1.05358
293 41.8978 62.7368 -1.94632
294 70.3913 24.6129 3.07575
295 60.136 4.29158 0.0750985
296 11.1426 30.188 0.856275
297 69.6746 56.8788 -1.21952
298 0.627283 15.0785 1.02491
299 10.8518 15.6543 0.207535
300 44.2946 56.9736 -1.36991
301 6.60516 17.6776 0.367404
302 94.713 22.5042 1.09285
303 68.1237 47.6838 -1.6963
304 98.6237 9.73902 0.661431
305 4.01754 21.1823 0.50627
306 55.9224 0.64472 -0.167649
307 1.17683 17.2431 0.831815
308 63.2421 23.424 3.03938
309 46.1464 63.0734 -1.66048
310 59.2337 97.6044 -0.690489
311 60.7696 12.3637 -2.83645
312 59.9508 64.0717 -1.69957
313 50.4156 59.3213 -1.73519
314 91.6128 50.66 -3.05934
315 62.5373 52.9132 -1.40143
316 8.52506 13.3165 0.506234
317 5.77679 7.55224 0.852227
318 89.3156 32.6678 1.63344
319 7.02547 15.859 0.440775
320 6.12739 16.1846 1.11948
321 68.3218 19.2929 3.01116
322 6.76468 14.5876 0.71269
323 3.32483 8.57923 0.22492
324 1.5067 20.6309 1.00803
325 66.2461 60.3444 -1.17309
326 81.0372 34.7578 -2.57658
327 46.9991 63.166 -1.78757
328 9.81504 32.0133 0.818624
329 80.2321 47.6086 -2.18785
330 52.8311 61.1066 -1.67661
331 50.886 98.3539 -0.245248
332 79.3949 46.5958 -2.89242
333 27.8392 75.0516 1.12983
334 96.6199 2.09378 0.479379
335 7.49779 16.6549 0.972346
336 13.8322 11.8826 0.653265
337 99.0972 3.90481 0.430851
338 64.8138 58.4595 -1.97914
339 79.4466 35.1024 -2.61162
340 1.91303 12.2928 0.553317
341 98.5145 7.43316 0.192789
342 0.755424 12.202 0.851641
343 68.5509 64.0238 -1.65745
344 68.8742 49.6063 -1.46499
345 96.2164 40.7977 1.85127
346 57.546 16.2734 -2.69
347 36.7226 19.3028 1.84271
348 100.147 6.18986 0.686283
349 2.59299 21.911 1.2004
350 62.1668 60.6592 -1.7352
351 69.4072 54.297 -1.64776
352 97.8418 14.1219 0.407109
353 50.9248 5.72333 -0.613376
354 41.4184 21.9847 -3.17856
355 83.487 34.0917 2.40575
356 80.246 45.5333 -2.73705
357 54.0036 98.8027 -0.377475
358 64.1655 24.2763 2.59054
359 18.8539 26.3673 0.314385
360 75.4132 64.7879 -1.4921
361 8.56348 23.436 1.22172
362 4.59956 13.6086 0.923931
363 44.0688 73.4252 -2.01039
364 98.2012 16.7153 0.347211
365 56.2749 59.423 -2.23983
366 9.64208 12.5482 0.914351
367 58.9082 46.0833 -1.16843
368 54.8278 60.7411 -1.72533
369 97.8352 38.5813 1.93366
370 91.2938 30.3363 2.09576
371 7.14886 20.3492 1.03198
372 71.0636 24.8157 3.60824
373 59.7397 26.2271 3.06054
374 99.4094 18.9871 0.570651
375 56.2065 58.1919 -2.30497
376 61.8131 45.7054 -1.48442
377 39.6186 40.3417 -1.02241
378 59.8106 61.583 -1.22747
379 20.9571 12.049 0.146581
380 66.0622 57.7579 -1.56334
381 38.2624 18.773 1.88214
382 4.52993 11.8588 0.659977
383 100.296 54.6625 0.493951
384 21.081 31.1109 0.51463
385 60.1581 96.2546 -0.717201
386 55.1996 2.86483 -0.438301
387 43.5741 56.8308 -1.67004
388 68.6349 59.1477 -1.54847
389 17.749 21.4823 0.235755
390 100.053 13.6158 0.524148
391 65.8437 23.3257 3.0533
392 92.2202 26.803 2.13396
393 64.912 62.566 -1.87161
394 6.58994 13.0362 1.20284
395 62.5132 21.458 3.39579
396 67.2727 20.5366 3.04563
397 10.0856 19.8949 0.992396
398 84.5773 30.6629 2.08905
399 42.6074 43.7881 -0.827845
400 2.11264 2.32374 0.809631
401 49.1986 14.6288 -1.96386
402 46.4987 72.1798 -2.167
403 3.1094 11.0405 0.771623
404 29.8306 41.8034 1.25261
405 97.2184 11.9105 0.815628
406 54.6261 14.2738 -2.86653
407 6.18955 11.8403 0.356606
408 58.1185 23.8488 2.8027
409 12.0185 14.3013 0.797041
410 100.174 3.45867 0.378278
411 95.2737 37.0351 2.27637
412 49.1149 70.0248 -1.40803
413 63.8969 17.7595 3.32628
414 63.7772 59.9986 -1.63221
415 96.6341 43.8013 1.79838
416 9.3817 28.4431 0.784038
417 4.29706 4.63344 0.74904
418 4.66471 14.346 1.07227
419 98.1762 91.8623 0.540541
420 21.3608 26.6744 0.107464
421 100.129 11.1674 1.18498
422 68.1354 29.7082 2.7857
423 49.1592 28.8418 -2.11482
424 92.9049 36.2679 2.00037
425 7.08886 10.0409 1.06443
426 45.8835 43.2935 -1.48622
427 98.8461 19.6884 0.559214
428 60.0837 59.8264 -1.68433
429 65.345 59.1716 -1.96124
430 89.9552 69.5271 1.63356
431 59.8411 58.8892 -1.7021
432 68.5737 52.4372 -1.48915
433 47.6399 45.9253 -1.9278
434 76.8131 31.0434 2.11154
435 94.6161 14.9998 1.25439
436 69.9761 58.4278 -1.46872
437 34.775 23.3875 2.12901
438 94.1248 1.59969 1.02521
439 48.9895 44.1945 -1.60439
440 44.0444 19.0913 -2.56153
441 11.6958 80.4194 0.719203
442 3.83159 15.7394 0.600161
443 39.0722 23.1862 3.23252
444 61.9285 60.422 -1.48505
445 4.29593 22.3667 0.991402
446 57.599 11.7605 -2.57576
447 54.8262 19.0926 -2.72023
448 95.0302 34.7704 1.65514
449 5.29652 19.736 0.605565
450 2.46722 7.85452 0.510311
451 47.2479 67.108 -1.45119
452 3.19168 20.4947 1.11923
453 68.1877 55.7373 -1.6371
454 65.0418 32.3091 2.82483
455 43.5662 15.5578 -2.72936
456 98.7449 1.62227 0.32311
457 70.2977 27.4422 2.79629
458 83.8785 52.202 -2.6308
459 48.7106 27.6879 -2.38347
460 15.2837 20.7829 0.38792
461 45.5735 98.9633 -0.418807
462 63.226 62.2551 -1.20132
463 64.3186 44.843 -1.61185
464 64.1362 67.1856 -2.09712
465 65.356 24.3391 2.93793
466 67.0861 62.0514 -1.9281
467 7.33916 15.2059 0.457597
468 11.9872 24.6115 0.70937
469 67.3333 57.2599 -1.71972
470 98.9591 11.1652 0.705192
471 61.7146 62.9768 -1.56988
472 62.3995 64.1346 -1.60739
473 59.7939 29.6918 2.74231
474 94.3756 33.8916 2.08046
475 56.0577 15.0377 -2.33046
476 51.3883 2.32918 -0.497076
477 31.7696 47.3277 1.39301
478 90.957 75.0453 1.39585
479 98.6939 41.5759 1.01729
480 70.3101 26.6607 3.05568
481 12.312 29.1366 0.502045
482 36.6267 18.8963 2.54206
483 2.39579 10.1612 0.443157
484 93.2694 25.6939 1.87397
485 93.7216 21.7772 0.987683
486 67.5688 55.2687 -1.63486
487 72.4253 64.0422 -1.34362
488 44.4617 49.9644 -0.877876
489 46.9516 16.8061 -2.75827
490 59.9263 2.66491 0.219783
491 76.836 43.1627 -2.67029
492 60.2223 61.2065 -1.95554
493 71.5139 45.3416 -1.70624
494 79.7328 37.2497 -2.16386
495 37.2917 48.3782 -1.95443
496 5.47454 18.8272 0.599117
497 92.2667 30.2864 2.2898
498 66.3825 60.0245 -1.58967
499 48.6967 25.57 -1.87717
