500
Particles
0 22.6599 51.3181 2.84463
1 57.3125 50.8654 2.50353
2 30.9345 86.5351 2.75666
3 59.1711 89.0168 1.32946
4 78.6406 50.2412 1.23277
5 27.897 43.9315 2.19687
6 38.867 74.1759 2.82926
7 73.1925 97.1253 1.17841
8 54.9143 55.9307 2.29463
9 56.2648 59.5253 1.65956
10 44.6096 55.1188 2.03072
11 30.9311 83.8516 2.64003
12 32.7307 83.7816 2.75528
13 81.6518 41.6295 1.30939
14 80.7809 53.8343 1.60457
15 94.5781 45.4599 1.34623
16 53.3311 60.7365 1.96726
17 71.6226 69.6897 1.5899
18 73.2377 59.453 1.2623
19 59.5976 83.6606 1.81283
20 59.4936 89.4141 1.18632
21 24.0854 69.2496 2.45792
22 42.4544 66.0017 2.70264
23 82.2166 46.3164 1.05626
24 63.6104 92.7592 1.21843
25 28.7055 54.9481 2.13285
26 26.689 37.5954 2.2883
27 18.309 77.1157 2.88389
28 30.9625 64.3961 2.0007
29 31.4218 17.8507 -0.723505
30 59.1529 2.56948 1.32951
31 38.9089 66.1476 2.17272
32 51.4895 88.0426 1.71883
33 65.6603 98.2806 1.74015
34 34.2619 57.5641 2.08565
35 70.0453 64.1237 1.41113
36 58.0981 8.68162 1.5445
37 42.9131 81.4537 2.07832
38 27.5291 58.4264 2.28767
39 80.1015 47.0391 1.47549
40 37.1474 55.939 2.83242
41 77.1456 47.3311 1.75182
42 50.5717 64.1713 2.03163
43 62.3052 89.2415 1.88577
44 54.2596 51.6421 2.36592
45 49.2526 59.3505 2.32504
46 35.0428 60.3985 2.07667
47 78.6569 88.2342 1.4832
48 41.9616 60.2201 1.97094
49 28.6164 48.6898 2.31309
50 78.6247 64.5063 1.26171
51 44.6835 66.9485 1.9224
52 67.0369 91.0542 1.60302
53 57.8553 8.45186 1.75714
54 80.4833 51.0139 1.97152
55 67.1041 85.3715 1.55066
56 83.7829 53.2598 1.46832
57 39.1451 45.4343 2.66508
58 79.9892 56.8511 1.328
59 28.2999 56.1874 2.68564
60 78.9754 62.2971 1.30107
61 43.9843 57.9242 2.70286
62 52.4204 54.3024 2.03754
63 52.3788 43.121 2.0457
64 32.7455 77.0559 1.86868
65 73.5801 89.2443 1.65018
66 74.7895 65.3432 1.32499
67 75.5438 64.9873 1.71621
68 70.4024 86.672 1.50442
69 48.8192 51.097 2.40502
70 39.2484 78.2105 2.6421
71 36.2375 59.5273 2.54433
72 77.2674 61.7602 1.4266
73 45.8475 80.8819 1.99203
74 38.8329 48.8421 2.18835
75 73.9683 94.2564 1.83305
76 42.9136 50.3096 2.61848
77 43.0073 78.2407 2.48652
78 26.0356 30.2605 -2.53733
79 81.7609 58.5471 1.49124
80 39.7733 54.5349 2.11705
81 73.4843 63.4194 1.26863
82 57.5741 80.5217 2.08586
83 74.2493 55.6348 1.76644
84 68.3178 82.416 1.65453
85 41.051 57.6229 2.36471
86 41.3931 55.656 2.42961
87 45.1526 76.208 2.00932
88 66.7986 84.8211 1.327
89 36.1159 49.1166 2.67109
90 65.5287 92.743 1.35959
91 40.2993 68.5946 1.99751
92 43.3446 74.1781 2.51625
93 76.5001 50.4409 1.15334
94 41.5891 57.626 2.46377
95 61.004 84.5214 1.39504
96 26.0006 73.4637 2.59189
97 42.8795 81.9434 1.96551
98 36.1817 49.5542 1.99644
99 44.1661 74.8069 2.5585
100 67.3835 91.5877 1.95454
101 77.1471 60.7641 1.27543
102 46.4978 57.3888 2.45858
103 34.4573 54.7471 2.01661
104 43.8091 63.5579 2.55056
105 63.3857 94.0536 1.60143
106 80.8673 50.747 1.25287
107 23.0787 56.2803 2.81549
108 41.8254 64.5438 1.92801
109 90.7137 58.5265 1.60162
110 77.082 95.4649 1.8496
111 43.8258 80.7953 2.20373
112 59.0619 88.192 2.08847
113 39.3278 72.3371 2.02804
114 22.1812 75.1024 2.8424
115 34.9089 83.9579 1.89367
116 38.2937 43.9555 2.68772
117 35.8253 63.64 2.55571
118 54.9634 90.6328 1.57151
119 80.2446 53.2632 1.6941
120 28.2267 53.0935 2.90471
121 66.4912 60.9427 2.05948
122 41.7394 60.4297 2.80687
123 68.6414 55.6415 1.45135
124 17.3294 98.8489 0.166057
125 71.1683 84.5655 0.78705
126 51.684 69.4636 1.73577
127 78.8 44.3952 1.43209
128 66.1717 92.5782 2.08149
129 20.3985 78.8133 2.95806
130 28.6247 62.1193 1.95747
131 41.9178 52.8892 2.17876
132 73.7679 85.7035 1.4117
133 74.3705 87.8801 1.76431
134 27.8768 46.6458 2.3188
135 44.4867 79.484 2.26136
136 35.4098 45.9185 2.4388
137 33.5063 77.2716 1.80572
138 44.447 58.6206 2.10189
139 31.8367 53.9908 2.57218
140 45.8669 54.9178 2.70101
141 70.0227 86.0728 1.75286
142 77.5716 53.3679 1.36777
143 53.6493 63.5515 1.608
144 32.4362 79.0711 1.92005
145 20.852 79.6729 3.21259
146 25.603 56.6526 2.13784
147 63.9022 98.6906 1.81732
148 45.4872 79.6616 1.91367
149 73.8966 63.46 1.31576
150 47.5289 58.5625 1.95344
151 54.8876 86.9358 2.10678
152 39.5127 48.579 2.21819
153 42.2793 63.8709 2.5534
154 53.28 61.7636 2.43194
155 77.7731 88.9579 1.55691
156 60.9201 57.4171 2.01049
157 52.7093 72.0981 1.91485
158 26.3334 40.0472 2.55157
159 59.929 69.8736 2.44384
160 64.3947 99.7109 1.84582
161 54.6461 67.6214 1.95347
162 72.6097 64.8991 1.25766
163 64.7711 83.3435 1.03129
164 72.8564 91.6984 1.09328
165 68.9276 61.8028 1.56797
166 65.8992 83.6761 1.21767
167 47.3156 82.5071 2.12023
168 79.7311 60.2386 1.84182
169 72.3197 89.8605 1.01974
170 68.8435 46.4848 1.55588
171 37.6268 73.9094 2.07062
172 22.3717 54.1498 1.93623
173 47.3456 55.1011 2.68363
174 26.0488 38.9002 2.23015
175 71.4317 83.6653 1.71377
176 27.7587 22.3849 -0.967479
177 33.9278 52.5163 2.36976
178 66.1162 91.443 1.68849
179 32.9393 66.4751 2.11445
180 38.8887 74.4055 1.88038
181 56.3354 61.1533 1.97868
182 86.6652 53.4976 1.42074
183 23.1781 50.8407 2.68963
184 44.0428 74.1739 1.90592
185 73.1308 89.5299 0.900614
186 44.9245 62.6752 2.33799
187 57.4762 87.9128 1.37537
188 67.7606 51.9284 1.65545
189 28.0862 84.6887 2.08849
190 27.0288 41.6278 2.54498
191 36.5059 81.9171 2.58447
192 34.9384 45.2217 2.88042
193 45.6151 70.028 2.32194
194 38.9028 53.9959 2.24577
195 33.5554 74.7803 1.97513
196 30.9739 51.1605 2.69267
197 39.7006 52.0089 2.20179
198 43.1124 74.7897 1.86155
199 28.6051 44.8301 2.98488
200 43.6729 77.3709 2.72139
201 32.0612 15.9338 -1.21672
202 63.7716 92.7002 1.69165
203 60.8613 71.2341 1.90144
204 26.2879 36.8136 2.78261
205 47.6088 81.2215 1.93196
206 37.0868 54.2382 2.30725
207 30.2917 59.2197 1.96623
208 62.7266 81.3036 1.87226
209 56.425 89.8266 2.09752
210 79.255 62.3568 1.89263
211 43.0853 61.2978 2.43345
212 74.3173 86.9765 1.48616
213 54.7495 85.0028 1.66206
214 66.7047 50.818 2.26633
215 24.7358 59.9339 2.20298
216 50.9136 64.9723 2.58819
217 32.8692 72.2585 2.53193
218 77.4002 81.8775 1.30525
219 73.8202 70.3038 1.7459
220 44.3156 80.9251 2.65429
221 47.0896 69.7978 1.88124
222 43.4803 81.7859 2.69193
223 68.1875 95.4798 1.38015
224 59.6013 89.7687 1.33115
225 35.2724 85.1297 2.61031
226 53.1233 58.8203 1.84304
227 43.7389 62.8402 2.23109
228 43.7881 56.5118 2.05975
229 43.5875 54.8725 2.76947
230 81.7312 43.7129 1.5409
231 82.6384 60.6312 1.34922
232 44.0142 71.7592 2.38859
233 36.7035 59.1716 1.84789
234 29.8773 52.0291 2.86601
235 82.5879 50.4804 1.63313
236 52.6889 57.6498 2.29928
237 30.6864 86.6957 2.18841
238 84.9088 52.2478 1.72452
239 77.4005 52.8055 1.62885
240 29.086 79.0039 1.78645
241 56.4452 55.5339 1.99706
242 49.4583 68.7974 1.85744
243 44.6012 77.1194 2.75767
244 56.5732 68.7658 1.58291
245 45.0408 66.7953 1.89024
246 44.1174 57.6857 1.95009
247 69.8108 26.6978 2.60755
248 77.718 53.4246 1.34023
249 36.3515 46.6838 2.06667
250 16.6136 77.4994 3.12472
251 23.7349 82.0188 2.55508
252 68.5775 95.8458 1.13806
253 59.3184 90.9453 1.56337
254 43.1797 54.4624 2.07599
255 74.4215 63.2334 0.958619
256 48.5015 66.088 1.74809
257 43.0921 56.7154 2.67546
258 60.236 60.9881 1.9698
259 84.8068 52.0711 2.09897
260 28.3735 43.0259 2.65428
261 79.9049 54.8619 1.73395
262 49.2122 60.6415 1.98601
263 40.7366 68.8534 2.18722
264 62.134 99.0279 1.72137
265 39.6305 52.1922 2.74479
266 33.0793 49.8438 2.52373
267 29.4108 77.1964 2.17799
268 30.9181 55.5954 2.85902
269 17.1671 79.1549 3.15083
270 82.5362 56.3132 1.93213
271 87.922 54.4822 1.82929
272 51.254 84.4257 1.77405
273 32.6416 54.8638 2.80132
274 38.6718 63.3634 2.30277
275 42.3475 54.3713 2.45678
276 32.0389 47.2898 2.33116
277 42.0213 73.5251 2.36462
278 48.651 44.4922 1.64977
279 48.6618 68.6622 2.22768
280 84.4894 56.7384 1.50429
281 43.7193 60.2621 1.9596
282 81.817 53.014 1.85364
283 47.5465 87.5387 2.54811
284 47.8813 48.7915 2.37462
285 40.8374 77.7193 2.69205
286 73.4613 46.0773 2.03782
287 40.3362 56.5541 2.25584
288 62.5114 85.1847 0.944395
289 49.0384 50.8131 1.93169
290 38.5172 61.021 2.29771
291 60.6636 53.2306 2.49439
292 71.3716 88.9602 0.892725
293 35.8175 62.0926 2.42858
294 87.0045 52.1984 1.23758
295 19.5547 72.2462 2.06655
296 47.0116 76.1235 2.22735
297 51.0952 60.2855 1.89892
298 61.9301 55.3165 2.51042
299 43.0675 82.8454 2.37621
300 37.6449 55.3429 2.69461
301 77.3483 63.3547 1.23931
302 26.9464 52.1491 2.85876
303 42.5039 57.9214 2.6777
304 53.6713 45.0183 2.16
305 28.487 84.4132 2.36066
306 61.3761 94.9989 1.23237
307 29.8588 84.7622 2.17123
308 79.1889 57.193 1.71958
309 37.8817 64.7598 1.9176
310 64.8095 96.4183 1.21848
311 86.5853 48.0539 1.87342
312 43.4177 66.1204 2.43667
313 57.8911 85.908 1.16303
314 74.6256 68.6372 1.73478
315 42.6449 61.3418 2.1149
316 44.0768 75.3434 2.08524
317 81.736 58.3126 1.21012
318 33.5933 83.726 1.97946
319 42.6442 82.9511 2.58911
320 42.1429 80.3805 2.49315
321 72.4921 67.7865 1.16207
322 45.4232 78.537 2.24843
323 79.572 58.7243 1.73693
324 45.0162 10.6994 -1.9313
325 50.6733 64.5531 1.82003
326 41.2418 52.7934 2.14289
327 39.0092 58.7693 1.85833
328 48.6252 77.0437 2.61985
329 62.1461 85.6234 1.88203
330 57.0174 84.8091 1.99983
331 69.4285 98.8435 1.96081
332 58.0614 86.1922 1.84772
333 43.7264 74.8561 2.63748
334 78.322 49.1292 1.19218
335 37.5974 82.3458 1.8532
336 45.6777 80.0379 2.06385
337 78.9024 50.9762 1.16615
338 47.2918 62.6841 2.3514
339 43.3212 58.9999 2.41959
340 8.56384 58.3193 2.51934
341 75.7734 56.4191 1.13747
342 77.3662 59.5974 1.63167
343 50.9635 67.7663 2.40009
344 44.9508 58.7911 2.38283
345 67.0534 89.3395 1.82896
346 76.0396 47.6243 0.985361
347 28.3853 42.0763 2.5237
348 69.3965 52.1259 1.66579
349 25.7012 32.5533 2.75902
350 45.0156 65.4453 2.61893
351 57.1161 57.0495 2.17237
352 55.363 51.1588 1.95919
353 67.5492 94.2494 1.46037
354 34.6528 47.6412 2.87989
355 45.5894 52.3345 2.48155
356 46.9207 78.1512 1.92613
357 77.5788 91.0796 1.27538
358 83.553 57.8081 2.05461
359 30.4269 56.7539 1.96156
360 68.9002 70.9672 1.61701
361 25.4353 46.8693 2.09868
362 27.1419 74.232 2.59731
363 42.3228 55.1763 2.2278
364 66.5462 99.3832 1.57515
365 41.5757 67.2725 2.5013
366 42.8425 77.1254 2.22245
367 45.5821 80.9946 2.22835
368 24.0256 54.5729 2.43545
369 59.7776 84.8732 1.32831
370 58.847 92.1273 1.79045
371 73.8444 62.476 1.00589
372 89.9686 53.1657 1.27336
373 43.7105 79.3989 1.91871
374 25.3635 82.5339 3.03079
375 45.0921 71.6911 2.58409
376 92.9523 56.3785 1.08745
377 52.9736 86.1354 1.80641
378 37.8587 63.3832 2.32386
379 45.3394 83.8977 1.96137
380 45.3637 57.2857 2.25896
381 30.3933 38.7209 2.86303
382 32.9611 74.0678 2.05645
383 68.4405 87.2209 0.907557
384 44.5656 72.4142 2.4229
385 67.2649 97.9362 1.9792
386 59.7015 7.17713 1.46286
387 29.3726 47.6234 2.55798
388 49.9142 60.7182 2.29755
389 27.8167 54.488 2.34167
390 71.349 58.2661 1.27865
391 81.4348 56.3954 1.61492
392 27.8472 52.2405 2.09696
393 49.2347 67.0951 1.84365
394 33.3663 76.5941 1.93749
395 82.6907 58.4706 1.4723
396 74.9435 68.6788 0.828783
397 31.9443 81.1792 1.83948
398 58.0072 84.8436 1.85137
399 58.6984 54.9576 1.91745
400 76.052 51.8518 1.9165
401 59.5148 83.8318 1.74514
402 35.6702 47.7415 2.53152
403 26.5018 69.6006 1.96094
404 40.108 59.1353 2.24998
405 55.1457 50.2771 2.44405
406 81.9694 41.3324 1.911
407 36.8721 75.8529 2.26286
408 23.1074 58.2196 2.41916
409 49.9491 80.0545 2.69531
410 78.2439 54.3122 1.70452
411 25.2484 77.5704 2.21145
412 50.1544 55.1915 1.79413
413 78.1483 54.0929 1.36543
414 48.8715 66.8522 2.72028
415 69.6914 88.8085 1.59639
416 45.0541 74.194 2.51954
417 75.3643 51.5671 1.18561
418 81.0184 61.9688 1.53876
419 64.1421 86.4187 1.55089
420 35.514 60.7865 1.85746
421 76.5445 61.1522 1.84003
422 82.4708 55.132 1.99481
423 45.7411 79.4274 2.34275
424 78.5222 65.8662 1.66538
425 36.5887 71.7006 1.85972
426 48.7294 85.5181 2.18451
427 23.0781 82.6156 2.53008
428 42.8104 62.4533 2.03114
429 48.3238 62.8471 2.32496
430 53.1343 64.2044 1.99261
431 44.8231 70.7147 1.84224
432 72.8403 64.6963 1.66927
433 49.3762 83.5171 2.28067
434 35.4247 56.803 1.89174
435 69.0424 98.0734 1.81281
436 56.1843 63.1409 2.1862
437 31.9057 52.5677 2.07043
438 29.4649 18.9839 -1.43385
439 44.8363 82.3083 2.64251
440 46.0887 51.5396 2.1905
441 79.1785 41.6986 1.32164
442 36.3683 78.5209 2.43557
443 31.0995 44.9161 2.24161
444 44.4525 68.3983 2.55952
445 26.0683 40.487 2.27398
446 75.2606 97.8133 1.4712
447 79.3663 45.8354 1.07131
448 0.204877 59.4219 2.61127
449 47.7031 50.0301 1.71625
450 77.2142 58.0519 1.31659
451 36.3788 50.7484 2.80936
452 24.6411 83.9446 2.95043
453 46.5932 55.7143 2.0606
454 21.1026 78.8942 2.63
455 69.705 87.6317 1.05923
456 73.5418 50.6402 1.08858
457 83.4086 52.2754 1.6724
458 4.65801 57.0683 2.62287
459 72.9823 87.2645 0.862594
460 32.0562 54.2598 2.46759
461 62.6811 92.4559 1.13582
462 46.3565 68.4432 2.42541
463 87.1536 55.5922 1.81306
464 47.4126 69.6692 1.77818
465 78.9103 56.6043 1.59745
466 48.275 62.5538 1.97432
467 46.0575 80.811 2.5353
468 28.2545 54.4104 2.92985
469 56.211 58.3172 2.30422
470 58.2951 49.9294 1.90497
471 41.6879 63.3485 2.34584
472 46.9053 68.6405 2.69606
473 44.0292 74.3879 2.21501
474 20.0754 20.6379 0.815789
475 80.9454 44.1422 1.20781
476 78.668 91.9439 1.65809
477 43.4488 56.5545 1.94583
478 67.045 81.1059 1.17998
479 66.0377 87.8968 1.07751
480 94.4786 48.2877 1.4932
481 47.2393 76.2668 2.66777
482 35.2505 46.9543 2.7055
483 75.8295 58.4788 1.78829
484 25.8274 57.5422 2.73393
485 24.1183 48.4051 2.16234
486 49.2807 56.3419 2.53007
487 49.9913 64.272 2.13649
488 56.6484 55.3308 2.47129
489 66.007 85.5765 1.44467
490 72.4203 95.1907 1.62918
491 42.9145 56.907 2.15213
492 47.245 71.0228 2.7088
493 42.6753 63.53 1.91058
494 42.0092 54.418 2.16025
495 35.0542 62.1177 1.73593
496 32.8917 81.3906 2.21518
497 81.3348 62.3144 1.86126
498 51.2371 60.9898 2.28463
499 75.7157 83.828 1.41463
