500
Particles
0 98.0288 71.3611 2.64624
1 37.2532 75.9984 2.29407
2 5.01437 5.18112 2.3214
3 60.3873 20.411 1.58659
4 79.7519 82.0462 0.91442
5 -0.307231 48.3833 -2.46856
6 19.345 100.083 1.93554
7 78.8904 28.5277 1.61272
8 48.2804 87.6296 1.25538
9 43.0609 89.2586 1.58217
10 21.2331 77.3648 1.92801
11 3.4456 99.628 3.42959
12 8.10957 4.69629 2.63793
13 85.4511 73.8512 0.715934
14 84.5704 85.8261 0.765033
15 93.2692 76.3599 2.3418
16 37.7188 89.126 2.55377
17 84.133 99.5273 1.75508
18 78.7854 91.8409 1.64978
19 58.3443 13.7847 1.94766
20 60.3972 21.7141 1.6113
21 0.324368 87.1086 0.99085
22 24.4453 92.8744 2.22538
23 84.5442 78.4144 1.29351
24 69.1412 24.4319 1.83692
25 8.06518 80.6203 2.56475
26 98.5031 40.156 -2.32689
27 93.4995 93.4763 1.62802
28 9.1035 88.4938 2.50227
29 19.8996 10.2645 1.96869
30 59.0799 32.1238 1.35827
31 18.0029 91.0595 2.43651
32 48.335 19.343 2.20416
33 68.7134 30.4859 1.62317
34 12.5272 81.5713 1.96846
35 78.0785 95.5279 1.28874
36 60.6911 39.5365 1.60891
37 25.3698 8.42162 2.20885
38 7.40628 84.0704 2.2456
39 83.8712 78.6201 0.714453
40 14.0365 79.1166 2.30321
41 82.0994 79.0366 0.499199
42 32.593 90.9026 1.89564
43 64.8184 21.2791 1.26316
44 37.9939 79.1431 2.59436
45 29.7219 85.4543 1.8517
46 14.2095 85.09 2.78469
47 85.7018 19.145 1.35005
48 19.5286 83.2072 2.36877
49 3.0561 68.4581 2.48501
50 88.671 95.6337 1.3871
51 26.441 93.5879 2.10283
52 68.2435 23.3026 1.99869
53 61.0968 38.9253 2.29486
54 84.5591 82.7809 1.34286
55 73.3341 17.2576 1.41397
56 88.0175 84.9179 1.64859
57 18.9745 70.018 1.92229
58 86.9332 88.0984 1.4484
59 8.35023 81.8863 2.01675
60 88.8652 92.8052 1.36635
61 20.6662 80.1522 2.85079
62 42.9596 84.9934 1.29062
63 37.7125 70.1372 2.82112
64 7.96444 96.0648 2.71416
65 81.8156 20.4778 1.304
66 84.1388 96.7117 1.7196
67 85.4281 96.1212 0.995319
68 80.9704 17.6435 0.963145
69 24.5703 73.1668 2.52682
70 20.287 4.69351 2.31267
71 14.486 83.7603 2.45433
72 85.6345 93.1711 1.14876
73 24.9251 6.02293 2.39541
74 17.4129 73.2565 1.93835
75 80.528 26.048 0.886494
76 21.2728 74.3859 2.04076
77 24.9157 4.83557 1.77076
78 100.127 36.8825 0.361022
79 87.8901 90.5149 1.77266
80 17.7971 78.5528 2.01654
81 82.6489 94.8198 1.86161
82 68.1469 0.329916 0.241812
83 74.8683 88.2496 1.68395
84 73.8381 14.3284 1.34567
85 18.2026 80.8706 2.163
86 18.8992 78.9821 2.29759
87 26.7252 3.08382 2.50888
88 75.1848 16.1652 1.10237
89 14.6796 72.5276 1.96143
90 69.3702 24.4725 1.49046
91 17.0932 91.3274 2.45222
92 24.4768 0.316009 2.90717
93 78.6758 82.5157 1.13406
94 18.6478 80.5848 2.35147
95 59.2676 14.682 2.2471
96 1.62655 91.6316 2.93579
97 22.8871 7.06716 2.08637
98 14.4901 73.4867 2.04541
99 23.2516 99.1956 2.73948
100 70.0502 24.1427 1.78684
101 82.9079 92.529 1.34477
102 22.3037 79.1004 2.81958
103 10.6319 76.7973 2.06519
104 21.4693 86.79 2.99806
105 69.1949 25.6405 1.66812
106 85.4394 82.9045 1.21274
107 1.51647 80.5918 2.35135
108 20.3112 89.2819 2.43383
109 93.9507 90.3573 1.22273
110 82.5639 27.2722 1.74079
111 27.5251 8.93346 2.2928
112 59.287 19.4974 2.28721
113 20.5637 98.9111 2.29498
114 97.8298 94.2353 2.37976
115 11.7295 6.65202 1.60946
116 17.3964 68.7405 2.74598
117 14.0762 88.1279 2.6116
118 52.919 22.2654 2.24498
119 81.2687 85.4791 1.1203
120 4.3749 75.0483 2.45792
121 56.7395 78.7833 -2.37835
122 19.7263 84.392 2.77297
123 74.1382 82.8844 1.13622
124 0.853384 3.22452 2.54689
125 83.8626 14.4355 1.55236
126 32.836 95.7772 1.72849
127 81.0923 76.5368 1.44021
128 71.3946 24.3293 1.95925
129 93.6354 94.8441 1.78544
130 7.58138 86.2053 2.74432
131 19.908 77.0343 2.42335
132 85.0587 15.8044 1.04402
133 84.583 18.5426 1.45363
134 2.20078 66.1618 2.67567
135 24.9054 5.52662 2.70444
136 14.5165 69.8403 2.47506
137 8.64664 96.6238 2.86803
138 21.334 81.2368 2.6139
139 8.83862 76.7134 2.10602
140 23.4803 78.5546 2.03842
141 78.8583 16.8561 1.18199
142 78.4283 85.7606 1.6215
143 41.4773 93.3838 2.29073
144 5.38035 95.3131 3.27107
145 94.3892 97.7102 1.59399
146 3.52349 80.7648 2.05101
147 66.0512 30.5193 1.79697
148 26.0616 5.72842 2.40431
149 81.8813 95.0758 1.73175
150 24.8425 81.555 2.39927
151 52.5417 18.0151 2.06497
152 17.636 72.7 2.20157
153 21.2307 88.1916 2.66393
154 38.9475 91.0069 1.53719
155 85.7154 20.0113 1.22874
156 50.4234 87.5628 1.74481
157 39.5666 100.313 1.94583
158 97.3822 42.3381 -2.98186
159 43.4233 97.1882 2.25448
160 64.0145 32.2655 1.70759
161 42.2788 97.0304 2.20197
162 81.4675 95.9501 1.4821
163 73.3883 14.0024 1.50971
164 82.3151 22.271 1.57955
165 76.709 93.1802 1.42343
166 72.9866 15.4316 1.9378
167 28.718 9.02541 2.12947
168 87.367 91.9824 1.81758
169 81.4062 20.7044 0.958017
170 52.7545 54.4866 -2.41231
171 16.7474 98.8919 1.99735
172 98.1337 74.9649 1.97809
173 23.6675 77.4305 2.50806
174 95.9218 40.7684 -2.72975
175 84.3821 12.7037 1.69868
176 14.8561 12.1659 2.08631
177 10.4788 74.8848 2.41461
178 69.2236 23.3892 1.87873
179 10.4722 89.4112 2.55536
180 18.9288 99.975 2.04401
181 45.7604 91.8639 2.11199
182 91.1984 85.9474 1.54973
183 98.1505 70.7576 2.62536
184 24.4476 99.8715 2.95392
185 82.058 20.5704 1.04074
186 23.6543 86.7107 2.80079
187 55.5752 19.5143 1.68282
188 75.5446 76.3922 0.779473
189 0.492139 0.182814 3.1851
190 98.3615 42.6121 -2.16464
191 13.153 4.18776 1.71392
192 12.8681 68.2269 2.26129
193 25.6514 95.8628 2.37526
194 15.8769 77.0057 2.82094
195 9.63872 95.3312 2.74274
196 7.6137 73.7794 1.91992
197 18.1462 76.6184 2.27464
198 22.4689 99.6875 2.08051
199 0.841377 50.5056 -2.30794
200 24.63 3.43566 2.34937
201 21.0634 7.85907 2.81573
202 66.7299 24.6516 2.1754
203 44.8992 98.5071 2.79071
204 97.1981 40.1186 -2.18353
205 28.868 7.94204 2.53368
206 14.8701 78.0469 2.15014
207 8.89319 83.4509 2.32357
208 69.9288 12.1034 1.67037
209 53.1709 21.3376 2.08644
210 86.1443 93.8781 1.13049
211 20.347 84.0928 2.62604
212 85.393 17.3436 1.4271
213 53.1629 15.9006 1.49891
214 72.0081 74.285 0.94986
215 3.4336 84.3524 1.70494
216 32.069 90.9368 2.68145
217 8.14005 91.5656 2.41183
218 92.4417 6.12321 1.78589
219 86.247 0.525789 0.799707
220 25.7678 7.73446 2.68964
221 28.053 95.848 2.34057
222 24.3911 7.70974 2.45452
223 73.6928 26.8751 2.1229
224 57.123 21.1748 1.4558
225 12.3551 7.68389 1.96458
226 40.937 88.6591 1.70695
227 24.0173 88.776 3.01541
228 19.7938 78.3675 2.50994
229 21.3018 78.9361 2.03917
230 84.3171 75.767 1.3099
231 90.6767 91.7559 1.18288
232 23.4201 96.5031 2.69934
233 15.9204 84.3587 2.76366
234 7.18178 75.2718 2.6513
235 86.5233 82.563 0.750823
236 37.7178 86.5232 1.85115
237 4.59399 3.66372 2.20926
238 88.9814 84.3916 1.20067
239 77.2683 85.3495 0.954277
240 1.77862 95.6325 3.25226
241 48.1563 86.3679 2.14317
242 29.5115 94.1028 2.10605
243 23.0343 2.08822 1.99186
244 42.0495 97.3929 2.09102
245 25.7524 92.6217 2.84116
246 20.8342 80.6572 2.17927
247 90.7651 34.3496 -0.0832587
248 81.5221 85.4651 1.19502
249 15.2749 71.2147 2.38558
250 93.4574 93.2037 1.10171
251 97.5101 1.0474 1.79605
252 76.9014 27.3914 1.51919
253 56.9701 22.7323 1.67711
254 18.9999 75.6858 2.87418
255 81.7611 94.8106 1.49327
256 30.1828 92.8456 2.21372
257 19.7538 79.6992 2.35849
258 49.5109 91.2539 1.47894
259 90.2631 83.9908 1.12322
260 -0.0328587 45.4363 -2.55266
261 82.4131 86.8018 1.56898
262 30.2679 87.2058 2.2911
263 20.8769 94.4862 2.78454
264 64.4485 31.1276 2.17507
265 17.3821 75.8243 2.23303
266 9.81619 72.5402 2.54415
267 3.91731 96.5389 3.0468
268 7.97427 78.6587 2.29548
269 92.3737 94.5502 1.6908
270 89.9588 87.9203 1.13528
271 92.0555 86.6677 0.787208
272 49.6529 15.3924 1.68172
273 9.97387 78.4605 1.90088
274 17.7826 88.7099 2.43993
275 20.1734 78.1202 1.92903
276 8.59102 68.8342 2.43965
277 21.6857 98.2426 2.80338
278 33.4502 70.737 3.12707
279 29.5799 95.0466 2.16602
280 91.1715 88.3878 1.17118
281 22.1314 84.6416 2.31664
282 83.6416 84.772 1.52611
283 31.7812 8.41676 2.41872
284 26.5562 72.8654 2.17788
285 20.6557 3.46264 1.9268
286 77.9241 77.7563 0.97873
287 18.682 80.9378 2.50144
288 62.6003 15.5021 2.22663
289 28.0619 75.2108 2.03557
290 16.5256 84.8417 2.34545
291 49.0449 82.8642 1.2035
292 83.1627 18.7718 1.6754
293 15.142 86.9567 2.38825
294 90.7162 84.2866 1.36121
295 99.5917 87.679 1.69723
296 27.5364 2.02859 2.47556
297 34.0267 88.1888 2.31606
298 53.172 85.5196 1.23209
299 22.5156 8.24368 2.75558
300 14.646 78.7541 2.72651
301 85.7001 94.6919 0.936675
302 4.13369 75.0281 2.30348
303 21.056 82.541 2.10299
304 37.9593 72.5967 2.58708
305 0.974448 1.21948 2.26739
306 62.769 27.3592 1.88356
307 2.24623 100.09 2.72538
308 81.7213 89.3411 1.40393
309 16.1581 88.6174 2.27697
310 66.3674 28.6151 1.91437
311 89.5452 80.2266 1.72182
312 23.5281 91.7996 2.63435
313 54.7821 16.6156 2.33485
314 86.5517 98.6039 1.53976
315 21.2369 85.5262 2.69081
316 23.7743 100.288 1.96825
317 90.2089 89.5933 1.11928
318 10.4736 6.53678 2.53502
319 22.0327 7.73114 1.97876
320 23.4888 6.7841 2.15442
321 84.3833 97.9237 1.28501
322 26.9172 5.2988 2.22993
323 86.0434 90.1838 1.34364
324 35.7251 10.5908 1.63213
325 32.9104 91.4782 2.25961
326 18.7385 76.1763 2.87531
327 16.6697 82.8555 2.53363
328 31.2829 4.6083 1.79024
329 61.9395 16.6239 2.46448
330 54.5732 15.1949 2.35913
331 74.23 30.6362 1.64377
332 56.7145 16.527 2.02079
333 23.9276 0.547992 2.69275
334 82.9739 80.9327 1.31208
335 14.1284 4.82316 2.31943
336 27.6426 7.2962 2.47788
337 81.0084 83.3682 1.40878
338 30.3874 90.1721 2.44973
339 19.7362 81.3526 2.66675
340 95.6595 72.3869 2.91735
341 77.6339 88.6443 1.36973
342 84.2896 91.0345 0.9382
343 32.6476 94.3241 2.63412
344 23.0022 82.3901 2.72039
345 74.0057 20.8153 1.30994
346 81.2016 79.1537 0.97837
347 0.147766 46.2436 -3.0048
348 75.0312 77.4618 1.00475
349 96.2732 37.7045 -3.06606
350 25.946 91.6861 2.16152
351 45.9385 87.6261 1.55687
352 38.5035 77.9098 2.19729
353 72.5651 25.8974 1.95915
354 11.9269 70.2025 2.17616
355 21.0571 73.9324 2.59142
356 27.5404 3.7875 2.13379
357 85.4357 21.8475 1.39116
358 90.232 89.0635 1.44462
359 8.53052 80.4756 2.79806
360 82.4504 100.009 0.996173
361 0.798889 67.705 2.38438
362 2.85826 92.1438 2.30492
363 19.1358 78.3428 2.80376
364 69.4367 31.2395 2.02769
365 21.1486 92.95 2.20022
366 21.6101 1.6845 1.91784
367 26.2725 7.07106 1.86975
368 0.812493 76.6915 2.06633
369 58.1252 15.8574 2.07819
370 57.951 24.4083 1.55838
371 81.2882 93.7148 1.83957
372 94.6216 84.7556 0.831984
373 23.18 4.59716 2.37984
374 98.1285 99.9554 2.22548
375 24.74 96.6777 2.85043
376 96.5158 88.116 1.30011
377 50.4116 17.3519 2.33204
378 15.4245 86.6664 2.9838
379 25.6181 9.53358 2.3651
380 21.0107 78.5168 2.03333
381 1.40728 41.1169 -2.53575
382 7.19094 92.6988 2.63244
383 75.6255 18.5554 1.00535
384 23.2527 96.9481 2.50598
385 74.525 29.0882 1.26701
386 61.9125 37.5369 1.84326
387 5.04493 68.2777 2.54129
388 33.2579 88.3799 2.31934
389 6.33139 79.14 2.45734
390 75.7537 90.0766 1.65119
391 85.3084 88.3454 1.06521
392 5.78971 76.0771 2.69681
393 32.0234 94.0878 2.59049
394 8.13593 95.5327 2.42465
395 90.3041 89.3813 1.50893
396 87.0086 99.0464 1.57568
397 5.11936 98.0602 2.76712
398 55.033 14.8164 2.37173
399 48.5835 85.3296 1.54071
400 78.5511 84.1571 1.32719
401 57.784 13.7825 1.71906
402 14.7856 72.3667 2.37975
403 3.36543 88.2598 2.55637
404 17.3468 82.2372 1.95821
405 37.1418 76.1133 2.00934
406 82.5126 73.2732 1.64952
407 16.4334 0.737054 2.50065
408 2.66557 83.4048 1.68396
409 31.9059 6.84132 2.14198
410 81.6484 86.1847 1.33631
411 99.34 95.8166 2.79596
412 26.1991 77.2782 2.15486
413 78.9701 86.4204 0.769921
414 30.5727 93.469 1.8285
415 78.5746 19.8701 1.15081
416 24.3975 99.5602 2.87758
417 76.6984 83.9751 1.73723
418 87.8938 93.5979 1.27932
419 73.7686 17.1624 1.92805
420 14.7 85.4616 2.5568
421 84.3201 92.6403 0.821644
422 88.9772 86.5804 1.38726
423 25.3439 4.74509 1.83348
424 86.4862 97.3444 1.20348
425 15.8112 96.1739 2.19689
426 35.3894 6.87854 1.64623
427 95.507 98.9161 1.66321
428 20.0424 85.5482 2.13981
429 29.3473 89.1094 2.38987
430 39.2076 93.6718 1.90856
431 24.1465 95.5243 2.76126
432 82.6814 95.9854 1.14391
433 33.2991 7.09989 1.91468
434 14.4118 81.3582 2.06877
435 74.064 29.4263 2.03309
436 44.9103 93.169 2.57144
437 9.45865 76.0243 1.94373
438 17.1655 10.6174 2.10848
439 26.4075 8.85392 2.52088
440 23.0279 74.4249 2.45483
441 82.076 73.6077 0.908102
442 16.3415 3.81029 1.89645
443 5.31724 64.5994 2.93248
444 24.6741 94.2376 2.86071
445 97.2797 45.6635 -2.81157
446 81.5789 29.4389 1.60739
447 84.4797 77.6366 1.31773
448 95.9138 88.221 1.45937
449 26.0164 74.2945 2.2539
450 81.8919 89.7362 1.80901
451 13.8982 74.2709 2.43825
452 96.8762 0.794812 2.24888
453 23.0464 77.6345 2.5053
454 95.9993 96.4042 1.68821
455 78.094 18.9816 1.22548
456 74.8405 82.4223 1.18465
457 86.9666 84.4796 1.60984
458 98.5569 84.0074 0.846803
459 83.296 18.169 1.42972
460 10.4308 78.3155 2.13122
461 65.9642 24.7103 1.80522
462 27.4317 94.3029 2.15967
463 93.1446 87.2051 1.63765
464 29.4594 96.1599 1.99415
465 83.7394 88.3905 1.63159
466 30.7242 90.2421 2.64402
467 27.3289 7.10503 2.65098
468 5.12233 77.3879 2.48357
469 47.2152 89.693 2.18176
470 40.2716 76.3215 2.70746
471 19.7574 87.3347 2.18833
472 28.2335 95.1237 2.85161
473 23.6292 99.3951 2.22558
474 14.1459 42.9806 -2.74746
475 84.7048 76.1982 1.50664
476 86.5409 22.4659 1.04373
477 19.8802 79.3013 2.29117
478 77.0546 11.5038 1.10377
479 72.7589 19.7003 1.40227
480 92.7578 79.5251 2.24066
481 29.0155 3.24134 2.09325
482 12.4972 70.0701 2.67295
483 79.7846 90.8095 1.38682
484 3.25768 81.1762 2.47692
485 99.289 69.0155 2.32852
486 25.3472 78.4367 2.06779
487 31.216 91.016 2.04109
488 47.4833 86.0932 1.28565
489 72.7107 17.3365 1.62962
490 80.7522 26.7045 1.01248
491 19.4781 79.5493 2.18066
492 27.6075 96.9341 2.10238
493 22.0367 88.0813 2.21497
494 17.0006 74.7505 2.73636
495 13.849 86.3066 2.80919
496 6.4021 99.1279 2.84041
497 89.3088 93.5199 1.80204
498 33.0016 88.0923 2.25357
499 88.5503 12.5142 1.10053
