500
Particles
0 23.758 8.32626 -0.243812
1 52.0323 83.1935 -1.29781
2 85.1748 27.9748 -3.39931
3 1.04283 8.41531 0.487448
4 51.4399 75.1321 -0.81855
5 79.9635 58.8987 1.50847
6 96.7057 70.7721 -2.56835
7 42.9845 57.4281 -1.38851
8 75.4299 21.4179 -2.44273
9 69.4034 28.8446 -1.12086
10 67.859 72.0467 -1.03366
11 87.2278 79.5258 -0.757864
12 65.1421 71.8284 -0.758591
13 13.3251 43.3533 3.13995
14 55.0195 50.8201 0.077174
15 77.7355 67.7767 1.07893
16 2.50224 9.08135 -0.130784
17 30.7251 38.9352 2.92427
18 56.0116 72.4361 -0.929721
19 49.2539 91.2221 -1.20054
20 31.1664 67.5972 -1.6358
21 99.374 72.7238 -1.88691
22 62.4619 88.6741 -0.601937
23 33.7767 43.6596 2.80453
24 24.5787 98.4268 -2.33337
25 90.4324 72.0337 -1.41791
26 81.2409 71.8299 0.802857
27 46.547 55.2762 -0.943081
28 20.1809 11.7843 -0.291866
29 2.97947 12.2047 -0.402114
30 74.1884 2.28564 -1.10636
31 51.2061 0.377987 -0.443305
32 31.1989 63.6391 -1.89706
33 84.5125 23.7209 -2.48899
34 27.3231 65.3149 -1.19001
35 21.0286 8.20216 -0.0761018
36 6.76073 87.8982 3.3476
37 66.6073 56.9337 0.708711
38 89.7116 24.825 -3.28102
39 51.5952 91.7971 -0.790558
40 89.1732 28.2188 -3.41429
41 15.8173 46.5895 2.79144
42 67.4251 29.6372 -1.49784
43 75.4169 78.2458 -2.00312
44 56.9386 98.1522 -0.976755
45 68.5087 33.8193 -1.57005
46 24.8214 13.4172 -0.333015
47 3.30891 94.349 2.72613
48 72.9131 20.0504 -1.82794
49 89.555 67.3668 -0.922988
50 81.6319 21.5953 -2.54819
51 26.5465 16.2089 -0.676572
52 96.8445 65.7312 -2.54209
53 9.92385 88.2883 3.36616
54 71.654 73.8291 -0.172137
55 50.3626 56.8767 -1.01307
56 27.3694 62.706 -1.48024
57 91.1306 3.24606 -0.19416
58 31.521 53.4936 -2.00685
59 93.329 73.7173 -1.79732
60 64.3928 58.2954 0.54287
61 67.8548 25.0516 -1.15035
62 20.6761 14.0858 -0.463126
63 50.8537 81.9083 -1.35388
64 55.0862 82.6138 -1.0329
65 1.11593 55.7208 2.86557
66 62.037 75.3746 -0.50553
67 30.0789 4.71186 -0.877305
68 0.211225 53.6216 2.55303
69 23.5742 17.5378 -0.242144
70 95.4932 72.8961 -1.57402
71 26.1019 78.9959 -1.08831
72 58.8701 73.613 -1.326
73 55.5418 11.5613 -1.77326
74 91.3956 49.0849 2.71573
75 11.94 27.3691 -1.28114
76 20.8937 19.2466 -0.807583
77 58.4572 70.68 -1.21727
78 59.6896 93.8142 -1.03002
79 75.8947 47.4993 2.69775
80 19.3488 15.9233 -0.591186
81 63.5314 62.7155 -0.457081
82 21.5559 66.1014 -1.1406
83 54.7551 66.536 0.105191
84 35.5836 38.7133 2.78445
85 11.8538 64.6127 3.15423
86 15.0686 24.2056 -0.958751
87 99.1654 44.6895 3.25004
88 96.5734 63.7899 -2.83491
89 80.3356 72.2327 0.715819
90 82.9449 70.7285 0.282192
91 51.3817 -0.116018 -0.409962
92 49.633 56.5473 -1.15773
93 28.1576 55.1995 -1.21051
94 29.0991 85.3628 -0.752337
95 20.9144 12.1194 0.0160923
96 72.3829 49.9426 2.56882
97 70.1826 56.1546 1.34259
98 80.6242 74.012 0.227518
99 97.164 4.99066 0.615303
100 97.6331 64.2032 -2.21283
101 57.9913 56.0611 0.840914
102 76.053 22.5303 -1.85983
103 7.69013 74.8239 2.44433
104 26.9085 10.2555 -0.00103409
105 82.2534 71.6738 0.295446
106 26.1809 65.605 -1.00594
107 59.6842 15.8252 -1.53024
108 32.7418 17.2706 -0.561347
109 68.6854 17.8933 -1.52255
110 75.8219 5.27811 -1.58536
111 72.8436 53.9627 2.36617
112 82.5818 20.2995 -2.71179
113 27.2093 44.9703 -3.3254
114 76.0178 71.0897 1.08468
115 50.8354 13.2399 -1.85152
116 64.2025 65.4243 -0.631607
117 78.909 72.7508 0.41955
118 3.18151 8.78387 0.260239
119 31.9487 50.8634 -3.12746
120 82.2207 65.9431 1.45077
121 43.9349 90.7583 -1.08033
122 28.156 84.5262 -0.861535
123 57.4664 65.7231 -0.339552
124 3.24056 51.9447 3.08439
125 96.8393 62.103 -2.09221
126 54.2576 7.45507 -0.956534
127 1.97237 58.335 2.80728
128 22.9206 97.3171 -2.7502
129 27.2279 9.09761 -0.265254
130 24.182 17.2332 -0.203654
131 66.2784 71.1111 -0.466498
132 84.4741 77.4601 0.489546
133 83.9769 77.0364 -0.415536
134 96.2087 76.2429 -1.89437
135 99.2945 74.5459 -1.87141
136 5.77478 90.8627 2.40801
137 99.4344 76.275 -1.70082
138 35.6352 93.0157 -1.90115
139 15.6555 16.8029 -0.532081
140 76.2653 24.0196 -2.44941
141 96.0846 63.8224 -2.04043
142 96.1091 67.9647 -2.64237
143 73.2723 32.2449 -1.1821
144 69.8501 56.5774 0.920982
145 60.1701 13.9315 -2.3317
146 22.4749 14.7652 -0.0518197
147 86.7532 24.3535 -2.78863
148 23.3627 12.915 -0.265353
149 70.0222 58.7921 1.3265
150 34.7002 12.5125 -0.504595
151 19.3125 11.5651 -0.371536
152 44.312 85.3815 -0.891259
153 24.7248 9.70953 -0.2958
154 74.9717 32.0062 -1.16862
155 85.575 87.3299 -1.19566
156 73.8526 24.0408 -2.28168
157 61.7834 35.6016 0.161536
158 96.9977 82.9144 -1.77537
159 69.1887 71.4968 0.000743962
160 58.9272 3.12073 -1.2702
161 43.2004 95.0003 -1.51129
162 80.2216 24.3419 -1.88495
163 2.84767 47.6024 3.11417
164 2.4245 63.9253 -1.9732
165 20.1779 9.3502 -0.0535256
166 98.8597 52.988 2.41439
167 2.87098 73.0698 3.09568
168 54.8393 80.8445 -0.911511
169 80.8238 1.44867 -1.63826
170 83.3445 22.9674 -2.22123
171 76.8509 49.5351 1.90988
172 55.4757 14.7394 -1.87998
173 72.8833 25.476 -1.60262
174 74.719 60.0074 2.37664
175 49.6585 3.70964 -0.617872
176 74.994 68.1059 0.544317
177 11.7333 66.1032 2.87017
178 36.1828 46.1743 2.53208
179 21.0342 11.1182 -0.488923
180 25.0804 47.8853 -3.37659
181 76.0582 27.8314 -1.93637
182 29.4475 58.7577 -1.95153
183 58.633 36.9676 0.11082
184 82.1766 65.2362 1.088
185 14.57 37.5784 -2.70426
186 28.4861 86.1403 -1.04595
187 80.525 21.1463 -2.35863
188 49.9199 79.4902 -1.28961
189 61.9282 97.5517 -1.62012
190 63.1874 73.8742 -1.23341
191 74.0218 55.591 1.72855
192 19.6699 95.445 -2.42761
193 67.7688 22.4356 -1.03117
194 85.6341 94.9557 -0.410855
195 58.4227 69.4629 -0.603114
196 97.4705 78.6262 -1.17106
197 16.5987 22.4224 -1.09948
198 27.0863 71.1457 -1.81903
199 100.085 80.0273 -1.23047
200 1.7282 70.9454 -3.07833
201 48.3678 90.727 -0.934889
202 50.8316 68.5346 0.689785
203 28.819 18.8651 -0.292971
204 82.8482 56.8836 2.52553
205 60.182 14.4212 -2.48291
206 96.8315 14.5081 -2.41825
207 92.8563 75.3172 -1.92011
208 79.2026 68.4753 0.413138
209 69.4291 67.9575 -0.632935
210 62.5611 56.642 0.94274
211 64.9282 78.3718 -0.855304
212 83.3932 78.5043 0.02303
213 22.7306 16.0261 -0.908008
214 55.6577 63.201 0.34716
215 21.1176 52.9169 3.38562
216 70.8708 37.075 -1.05612
217 0.122179 71.8512 -3.23277
218 57.6877 34.7394 -0.706141
219 17.8839 33.178 -2.72806
220 7.92592 63.4302 2.51119
221 34.0388 20.0928 -0.556198
222 64.6264 58.0101 0.28837
223 95.6505 18.8802 -2.6276
224 100.393 6.06029 -0.133113
225 40.0271 54.8928 -1.09615
226 67.1993 30.1124 -1.14672
227 75.9751 20.6464 -1.78404
228 20.3037 23.5285 -0.755677
229 36.138 16.348 0.0770218
230 9.54819 46.5683 2.83513
231 60.5632 66.8291 -0.919759
232 47.2726 95.5786 -1.22655
233 13.0709 50.9561 2.71597
234 94.8992 77.7503 -1.84216
235 26.7832 61.3459 -1.90464
236 77.983 23.6653 -2.29622
237 60.3062 95.2734 -1.32694
238 35.579 48.6913 2.91026
239 51.0162 76.9255 -0.946743
240 70.3799 63.6131 1.06466
241 57.6408 84.0332 -1.11215
242 28.1584 16.3945 0.225393
243 -0.054683 73.1808 -3.51113
244 39.1205 90.2088 -1.90166
245 28.9338 15.2796 -0.593442
246 35.8181 84.094 -0.910015
247 4.50347 55.1832 2.91235
248 59.0245 50.2276 0.124605
249 76.3489 56.4846 2.02621
250 11.5271 26.1356 -1.34038
251 91.1772 20.3187 -2.79782
252 39.1887 59.6835 -0.795066
253 18.6486 36.5707 -2.8071
254 64.7228 -0.410797 -1.99451
255 66.9963 61.0596 0.466953
256 31.6267 15.5897 -0.509821
257 32.3605 85.4226 -1.04314
258 80.7006 22.8485 -1.98632
259 27.8932 66.6087 -1.68682
260 99.2839 79.0714 -3.02726
261 26.0318 42.3827 -3.27521
262 73.1479 30.2736 -0.87458
263 7.33077 65.4987 2.85769
264 77.7493 11.3933 -2.15769
265 12.9358 51.1436 2.75162
266 9.7639 100.146 0.434785
267 56.9648 82.8125 -1.39436
268 73.333 0.226672 -0.779912
269 99.8629 83.9809 -1.47723
270 26.8984 57.9372 -1.18874
271 27.6642 61.4142 -1.68904
272 19.8386 22.7471 -1.47471
273 96.2966 77.8235 -2.08057
274 3.37531 81.0299 -2.15547
275 36.9789 12.7767 -0.623729
276 82.9008 73.7015 0.388057
277 58.4394 13.6115 -2.34163
278 84.5627 17.6039 -2.56204
279 36.5107 22.6806 -0.949852
280 74.0491 43.8994 2.28657
281 54.2457 7.53885 -1.07376
282 33.2125 41.2217 2.43801
283 99.2102 78.0031 -2.0721
284 58.8204 85.5912 -0.92162
285 79.4105 49.578 2.24514
286 4.01872 51.1325 2.82764
287 33.0971 86.1082 -0.270301
288 99.0177 6.05576 -0.206271
289 90.4693 16.1795 -2.53486
290 70.7036 22.6273 -1.85342
291 52.6518 87.0923 -0.582438
292 79.0945 -0.314062 -1.23911
293 8.2613 69.5851 3.40017
294 73.3928 75.7361 -0.780324
295 41.4393 61.8339 -1.66482
296 78.71 68.5851 1.35292
297 71.2951 28.2973 -1.75718
298 55.3756 1.61185 -1.36236
299 93.6122 72.1061 -1.94987
300 9.67808 62.6355 2.42925
301 63.594 62.383 -0.455396
302 87.9235 26.4362 -3.00117
303 76.9829 18.0346 -2.54895
304 55.8324 78.9541 -0.836085
305 61.9342 72.7519 -0.499326
306 8.61211 93.837 2.04675
307 58.5003 99.6164 -0.838793
308 28.6547 46.0148 -2.88845
309 4.81083 0.765856 0.214649
310 42.9281 51.6365 -0.686758
311 1.30856 94.8254 1.86445
312 25.7781 14.3116 -0.203106
313 16.2933 13.0135 -0.527199
314 5.17701 8.67026 -0.00392883
315 73.3998 23.3031 -2.11796
316 98.4246 72.491 -1.70012
317 94.3778 66.6285 -2.47758
318 72.3615 66.7612 0.725793
319 81.2536 52.5976 2.86418
320 61.6189 65.796 -0.158069
321 3.55654 92.7662 2.47791
322 72.0083 53.2026 2.17178
323 76.798 46.7274 2.58886
324 58.5531 4.36336 -1.00863
325 63.823 32.4324 -1.40839
326 94.9313 4.81905 0.0594127
327 14.4973 15.9549 -0.831648
328 79.449 68.4586 0.666827
329 29.2934 65.1855 -1.25542
330 22.1563 15.2417 -0.566439
331 84.8884 75.4542 0.0211059
332 31.5236 65.0383 -1.5953
333 24.3404 50.187 -3.01506
334 47.1513 82.2409 -1.04425
335 78.332 53.0698 2.01532
336 4.13727 72.0073 3.05963
337 52.7754 74.2214 -0.700443
338 67.807 30.8747 -1.47287
339 94.5586 6.94174 0.108527
340 59.2475 67.209 -0.802777
341 74.5366 10.2681 -2.27986
342 58.2311 68.3442 -0.568039
343 35.5323 19.6478 -0.0454626
344 78.5601 20.1649 -2.57091
345 77.1234 73.3768 0.308255
346 15.9472 46.4399 2.51603
347 81.9337 74.786 0.775221
348 54.715 76.0244 -0.859042
349 62.8496 74.764 -1.15628
350 30.0177 12.5701 -0.0636907
351 73.1215 25.3545 -1.36915
352 56.075 96.7511 -1.49326
353 90.8208 48.3456 3.59166
354 94.1791 56.7126 2.21342
355 71.2582 69.7409 0.564633
356 99.2822 9.1282 0.42614
357 85.7726 78.5744 0.282584
358 29.5172 46.2309 3.29068
359 79.7303 66.886 0.81791
360 74.9657 34.9102 -1.06336
361 75.6563 59.9284 1.97877
362 71.9816 50.8643 2.53167
363 17.7381 21.1634 -0.725066
364 88.2166 17.2682 -1.95824
365 24.397 12.1197 -0.032238
366 99.0176 75.2129 -1.76507
367 62.6036 16.6559 -2.07104
368 22.2254 14.4359 -0.0248623
369 76.3372 72.6856 1.17013
370 73.4033 63.2726 1.03687
371 65.5745 63.4143 0.111616
372 71.9713 74.6831 -0.377505
373 20.7006 48.748 -3.46742
374 56.1995 4.10876 -1.36026
375 25.1235 12.2552 0.054228
376 72.8308 13.4393 -2.46146
377 27.6995 98.3643 -2.53583
378 28.4779 14.4442 -0.659211
379 2.83711 78.5159 -3.11485
380 73.9753 28.5053 -1.9899
381 81.8786 81.4783 -0.683793
382 65.5977 52.6199 1.27851
383 3.11433 8.2464 -0.30341
384 95.0263 15.1101 -3.15228
385 43.7379 57.1461 -1.00431
386 35.8866 56.6825 -1.24827
387 8.84985 58.9233 2.98582
388 66.2768 31.5554 -1.6383
389 80.5799 61.3401 1.43663
390 56.0869 78.4146 -0.876734
391 31.1126 45.8076 2.7092
392 62.4388 5.40505 -0.621374
393 59.898 32.2334 -0.555878
394 99.2546 72.5358 -1.86506
395 26.0831 43.7775 -3.08067
396 1.52832 15.1652 -0.377912
397 78.049 56.6046 1.64485
398 66.0915 68.1682 -1.09224
399 30.9848 1.48944 -0.893407
400 90.6407 56.6129 2.13162
401 0.51909 48.1478 2.547
402 19.8834 19.6839 -1.28902
403 61.9425 53.6127 0.530462
404 88.9365 0.739637 0.550638
405 52.978 80.2086 -0.777495
406 9.00072 45.1017 2.51246
407 96.5332 71.2024 -1.73977
408 19.5623 46.7946 2.68317
409 0.680181 74.4379 -3.18739
410 49.9874 79.4053 -0.903097
411 76.9058 71.0822 0.800519
412 19.3409 18.9778 -0.827734
413 21.0218 37.3248 -2.85557
414 33.9319 15.9732 -0.597265
415 82.3857 97.1566 -0.710675
416 85.0842 63.7918 1.53613
417 96.6438 66.7278 -2.79324
418 66.4674 54.5751 0.68678
419 49.6284 88.7707 -1.57919
420 80.72 68.5434 1.27994
421 55.7831 73.6517 -1.38374
422 28.9788 57.2683 -2.01148
423 25.6801 82.2474 -1.65087
424 74.9231 69.5107 0.597281
425 96.8935 70.2555 -2.61003
426 52.6515 12.7994 -2.25769
427 58.4534 7.61485 -0.745139
428 28.1585 13.3853 -0.123318
429 32.5882 13.1543 -0.0875564
430 39.5862 90.1821 -1.88416
431 30.8285 12.0546 -0.418955
432 79.386 21.7264 -2.14096
433 53.9508 14.1575 -2.07108
434 72.8511 71.3571 0.811482
435 86.0576 20.5315 -2.4611
436 69.4468 30.0807 -1.26273
437 83.0326 93.135 -1.03972
438 48.6155 92.1165 -0.843486
439 56.1679 14.9322 -1.84965
440 94.3862 59.2653 -2.52506
441 98.9834 66.9461 -1.85931
442 69.548 53.2653 2.00674
443 50.8972 69.4442 0.588751
444 27.8112 11.5011 -0.35554
445 68.6984 60.3474 1.02852
446 20.4894 40.6575 -2.66831
447 4.74606 52.4416 2.73401
448 78.777 67.1375 0.867567
449 68.0971 58.5698 0.441941
450 54.3136 78.3655 -1.13544
451 17.7054 17.1788 -0.944562
452 61.5248 71.493 -1.24859
453 77.9941 25.9475 -2.3455
454 23.2026 60.742 -0.994165
455 97.8793 48.6878 2.44288
456 51.1289 74.4619 -0.911183
457 36.3193 44.657 2.71589
458 32.5777 67.7034 -1.11263
459 26.1612 81.3379 -1.21668
460 85.2488 62.0602 1.35435
461 80.8062 74.3959 0.812591
462 31.7794 14.6309 -0.369372
463 64.6349 14.8231 -1.77635
464 33.4516 22.4531 -0.749933
465 30.4607 49.8698 -3.15237
466 69.9696 34.3341 -0.804671
467 96.343 73.2161 -2.01111
468 90.1815 70.981 -0.748256
469 71.0825 29.0395 -0.995328
470 54.8632 71.8734 -1.04774
471 32.3738 18.5302 -0.164902
472 31.6985 17.9445 -0.422036
473 7.83848 52.4624 2.79447
474 76.013 67.6275 1.37368
475 12.6272 46.5574 2.52816
476 83.9265 85.7601 -1.53957
477 90.0882 7.35193 -0.21057
478 52.4305 1.98336 -0.737881
479 78.245 82.2704 -1.14579
480 35.6935 45.312 2.29124
481 81.6264 65.1188 1.03794
482 82.1012 77.876 0.105538
483 73.1967 46.9328 1.96595
484 74.117 98.2924 -1.40448
485 90.2617 23.2173 -3.07987
486 71.282 26.9775 -1.85021
487 68.217 35.4893 -1.2828
488 19.9771 7.49918 -0.44505
489 98.5216 50.0262 3.04139
490 41.8217 60.5413 -1.20425
491 33.3023 88.1628 -1.05165
492 31.9979 16.8331 0.0882302
493 59.3195 11.224 -1.47239
494 36.6656 86.012 -0.793086
495 25.2484 1.2502 -1.30836
496 64.0253 63.6896 -0.463387
497 73.9033 63.3518 0.908517
498 35.7875 16.3372 -0.602387
499 28.1207 78.8977 -1.15892
