500
Particles
0 45.3073 37.3438 0.728128
1 26.7425 36.793 1.2343
2 21.8278 43.9709 1.38032
3 62.4785 18.9194 -2.43086
4 28.5166 18.7712 1.84598
5 28.2098 54.5884 1.94485
6 37.1311 33.3991 1.04968
7 96.0199 1.10447 -0.16885
8 55.811 15.5554 -2.32892
9 59.1023 22.1533 -2.42686
10 58.5986 6.49491 -2.29858
11 92.8419 93.2277 0.415206
12 64.4423 24.3428 -2.41965
13 46.468 85.1679 -0.58126
14 30.1841 20.9386 1.48957
15 64.1259 39.9912 -2.9669
16 61.5036 28.1055 -2.76777
17 30.1488 12.9575 1.96637
18 30.0663 33.7768 1.89186
19 13.409 92.8002 -1.85207
20 61.4872 17.9355 -2.35715
21 36.0345 32.8329 1.43427
22 44.4488 8.90926 -2.07964
23 31.8272 16.25 2.28765
24 10.1913 36.4853 -1.33377
25 24.7483 59.2733 1.12553
26 28.8319 54.5471 1.65043
27 97.9314 89.4443 0.110652
28 44.3811 40.0216 0.806213
29 32.857 15.103 2.65774
30 24.5854 47.6616 1.22583
31 14.5902 4.35553 0.655902
32 59.1536 12.7974 -2.07125
33 23.6608 42.6761 0.912696
34 45.8926 12.5258 -2.17772
35 38.3115 49.283 0.830354
36 92.1301 95.1498 0.466684
37 35.3565 39.3897 1.54914
38 7.12447 56.2376 0.981548
39 27.4768 17.394 1.70323
40 50.7591 5.04022 -2.36599
41 47.8425 86.1999 -1.21205
42 52.6939 21.9689 -1.87643
43 89.1477 79.0167 1.31426
44 27.3557 41.4666 1.59393
45 58.7314 26.9553 -2.33248
46 46.7189 22.9482 -2.43681
47 27.9797 8.82021 3.13809
48 49.2328 15.7216 -2.65001
49 26.0206 54.3997 2.0685
50 60.2271 18.819 -2.73473
51 46.4595 27.4636 -2.45827
52 9.1326 34.426 -1.68017
53 92.8199 92.7759 -0.256947
54 33.3009 21.2752 2.31346
55 27.1493 82.7274 -2.07647
56 36.4009 23.684 2.36505
57 38.3449 57.5219 1.88821
58 33.9539 27.0456 2.0712
59 25.6056 57.425 1.34616
60 31.9841 42.4182 1.15672
61 51.2872 18.7197 -2.21437
62 35.8533 51.817 1.38271
63 26.451 31.7956 1.91434
64 31.6479 39.4924 1.20518
65 27.7504 91.5077 -2.28022
66 34.0952 45.619 1.17811
67 36.4961 47.4959 1.31694
68 23.5302 87.8052 -1.91527
69 37.8747 52.3407 1.53818
70 36.1841 36.2324 1.74653
71 29.2227 59.6175 1.03708
72 30.0343 41.9375 1.59158
73 40.9574 38.2757 0.678693
74 32.5134 53.6434 1.18378
75 54.3199 69.2155 -2.0796
76 36.2757 54.4386 1.67084
77 32.554 36.9403 1.61573
78 25.9277 47.4463 1.32007
79 32.5279 29.4145 2.16174
80 33.6897 58.5055 1.80732
81 32.4907 44.9619 1.52373
82 18.7213 84.4249 -1.41256
83 31.0603 26.2391 2.02939
84 28.2969 66.5872 1.5155
85 32.2078 56.9781 1.04798
86 35.9733 60.6907 1.66838
87 21.602 86.0774 -1.75841
88 4.85384 83.2911 0.20459
89 30.9493 54.8591 1.38348
90 55.6481 66.0232 -1.53152
91 12.8366 4.02499 0.227046
92 22.34 83.5453 -1.92826
93 32.4997 23.3632 1.94563
94 52.0415 11.9738 -2.64959
95 41.4604 43.5687 1.18689
96 32.5919 36.7848 1.01629
97 35.9287 41.232 1.2656
98 31.5107 54.7495 1.70942
99 63.1369 10.687 -1.99423
100 10.4804 33.562 -1.41248
101 29.2682 34.8931 1.38715
102 54.9254 18.1088 -2.49883
103 29.5433 58.4656 1.58382
104 48.8065 20.4041 -2.51064
105 53.8472 65.3753 -1.86223
106 36.7384 23.6954 2.04604
107 42.3199 40.296 0.737016
108 50.2731 25.2053 -1.79269
109 37.0185 26.6219 2.2585
110 67.0703 16.6832 -1.46941
111 36.6354 39.4628 0.938048
112 60.1871 17.1265 -2.30785
113 39.855 33.4042 1.51368
114 67.5212 47.3748 -1.94659
115 38.4923 45.6924 1.6946
116 30.0501 48.5466 1.89566
117 27.1402 62.0263 1.20068
118 63.7087 21.6995 -1.95208
119 32.8981 22.3228 2.29793
120 27.5458 59.4667 1.90586
121 56.7665 15.7143 -2.03068
122 50.4707 13.7527 -2.36035
123 27.3565 33.8859 1.76819
124 42.0194 86.3404 -0.528855
125 29.088 89.613 -1.62032
126 100.337 1.35354 -0.0958507
127 44.0285 86.7421 -1.04893
128 10.7005 37.0157 -2.14035
129 45.7092 34.0028 1.21598
130 45.6366 44.3513 0.896438
131 57.3435 5.64266 -2.57252
132 75.6074 68.8618 -1.06251
133 73.3119 71.6803 -0.496954
134 27.3198 53.6643 1.88707
135 37.4821 38.4093 1.42385
136 32.1351 52.1983 1.31767
137 37.2217 38.2087 1.09798
138 52.4742 13.0799 -2.47114
139 32.4694 62.2366 1.47461
140 54.9647 19.3169 -1.71172
141 28.7527 91.5563 -1.72464
142 31.7591 26.1606 2.09241
143 60.4869 26.5731 -2.53544
144 35.4357 40.8018 1.12551
145 42.5645 36.1445 0.756983
146 46.7242 41.9726 0.693398
147 20.7601 41.7225 0.835588
148 44.0207 43.6765 0.828855
149 34.1597 45.1072 1.35619
150 52.9652 20.4259 -2.14277
151 40.8972 46.914 0.812787
152 32.8845 54.4903 1.16505
153 48.5711 21.624 -2.40882
154 60.3802 28.0206 -2.76067
155 74.0365 71.9856 -1.09883
156 57.5893 18.0612 -2.74214
157 53.6755 28.9078 -1.64227
158 27.9863 55.78 1.10669
159 60.788 37.59 -2.80616
160 26.0777 46.2273 1.38536
161 1.53931 4.94346 0.174377
162 59.7591 21.0007 -2.13625
163 25.2074 85.9237 -2.07157
164 44.2475 71.582 -1.44737
165 36.4885 48.8817 1.60634
166 24.0144 88.9321 -1.13892
167 38.6476 41.4885 0.733815
168 29.7561 33.6493 1.14405
169 10.6804 28.6845 -1.52093
170 21.6599 39.5181 1.8152
171 34.7309 33.8465 1.28438
172 41.6833 37.1199 0.901904
173 55.1018 20.5128 -2.32918
174 27.297 53.3594 1.67498
175 7.40099 6.8849 -0.0343037
176 62.2129 42.1835 -2.44
177 31.1396 59.6456 1.03249
178 8.35759 30.4673 -1.50001
179 43.5762 40.0935 1.49358
180 39.9697 34.7309 1.16053
181 59.2633 22.7094 -2.53863
182 35.5025 23.8223 1.76618
183 69.0167 14.4134 -1.82776
184 21.424 62.217 2.04442
185 70.8649 74.8341 -0.575126
186 50.7114 12.469 -2.66244
187 59.8828 17.2606 -1.79542
188 27.4264 27.806 1.56554
189 26.8223 47.516 1.67456
190 25.5093 52.2128 1.51201
191 35.2414 42.6976 1.48719
192 32.8671 55.692 1.50759
193 46.3981 17.7077 -2.08432
194 31.9957 54.2707 1.3956
195 33.3174 35.3057 1.2632
196 26.665 54.6229 1.90402
197 37.3984 61.0072 1.19845
198 20.8516 81.8337 -1.50908
199 28.1947 54.6324 1.31411
200 36.5648 36.6842 1.13133
201 25.7613 15.1131 1.90495
202 8.20819 35.2267 -1.73412
203 51.512 37.3115 -2.41372
204 26.595 53.2111 1.39252
205 42.4539 38.9255 1.50504
206 33.2791 60.043 1.81568
207 25.2929 59.6115 1.32066
208 24.3207 62.2044 1.31486
209 64.4174 19.2981 -2.26693
210 30.6625 38.1371 1.63847
211 49.7039 8.74925 -2.63216
212 74.7753 70.8204 -0.55803
213 41.7989 49.1746 1.09852
214 29.2878 28.3164 1.28786
215 41.3721 35.5827 0.959965
216 57.345 30.7421 -1.9867
217 36.0768 33.0212 1.34658
218 52.3037 31.6456 -1.52581
219 31.8851 13.028 2.50427
220 39.0926 39.4702 1.44507
221 51.6982 29.51 -2.43304
222 33.5662 40.2426 1.44451
223 54.7019 71.437 -1.34235
224 61.5387 16.8938 -1.86146
225 94.6461 94.3595 0.499611
226 56.1534 23.2347 -1.89974
227 50.9033 16.8502 -2.53524
228 38.9556 61.235 1.62395
229 54.3377 24.0368 -2.49788
230 47.107 85.2222 -0.41756
231 31.2501 40.1991 1.68684
232 12.0012 2.0417 0.165485
233 28.852 59.9457 1.57406
234 27.3846 56.0528 1.44588
235 36.7122 21.198 1.84009
236 56.0575 18.5445 -2.39843
237 28.7556 46.0287 1.22445
238 34.5516 20.2036 2.36373
239 28.9869 22.9163 1.60937
240 64.0821 23.5759 -2.29827
241 31.2141 43.343 1.77529
242 50.7956 26.5407 -1.70311
243 37.3168 36.0535 0.879821
244 2.05638 0.419921 0.417384
245 50.4812 26.7676 -2.494
246 55.3629 9.97706 -2.89203
247 43.2628 88.4824 -1.27296
248 30.5362 25.2888 1.76401
249 27.99 50.032 1.61474
250 92.6995 88.2699 0.927513
251 23.5921 47.4267 1.17714
252 96.1566 100.265 0.90313
253 76.3086 94.4285 -0.0588119
254 56.7293 6.06481 -2.12589
255 34.2518 45.8201 0.886835
256 51.5355 25.5068 -2.58256
257 53.5977 11.9379 -2.65825
258 58.6524 18.6275 -2.24586
259 37.7422 22.9017 1.70769
260 28.564 53.4138 1.51978
261 32.3009 25.4347 1.66375
262 57.9277 23.8508 -2.1582
263 30.1101 65.9038 1.6382
264 24.4991 43.2654 1.30983
265 33.2555 56.9044 1.14006
266 31.1573 57.9481 1.7077
267 31.3742 38.6741 1.3874
268 35.3791 8.29416 -2.58775
269 92.7144 89.8356 0.129371
270 33.2982 26.8402 2.23641
271 38.181 24.0503 1.79616
272 39.7322 59.1032 1.33747
273 26.854 56.6333 1.93757
274 31.6612 62.7978 1.22919
275 51.8638 19.7657 -2.54366
276 29.7443 53.6699 1.82149
277 40.8681 38.6644 1.07805
278 23.5218 37.6012 0.96337
279 51.9521 28.9193 -2.49928
280 32.2242 24.9446 1.76899
281 51.989 15.4677 -1.94373
282 33.918 22.07 1.5284
283 36.613 46.1909 0.850522
284 30.2652 46.2957 1.13947
285 35.5973 37.1204 1.14208
286 42.8756 87.3222 -1.22973
287 50.8746 11.5834 -1.78441
288 63.8778 15.0728 -1.85809
289 26.9201 41.4548 1.78898
290 45.5231 18.2124 -2.456
291 27.8359 38.1199 1.33693
292 90.1061 80.2601 1.71347
293 29.4337 63.1292 1.60543
294 34.9103 19.8046 2.19477
295 97.3925 1.5007 0.508329
296 23.5205 62.3363 1.35336
297 59.1777 21.3656 -2.53278
298 28.1303 40.0057 1.2009
299 37.5856 40.8913 1.06168
300 32.6348 58.445 1.63276
301 33.5327 43.7215 1.68495
302 11.2866 54.8494 1.34655
303 50.7534 15.0612 -2.24204
304 25.195 34.3831 1.99972
305 27.7322 48.959 1.36802
306 93.1697 95.5814 -0.208647
307 25.5793 45.111 1.19194
308 32.696 25.6672 1.99192
309 30.4257 61.4082 1.52157
310 95.6745 91.9946 -0.0520853
311 49.6483 83.7129 -1.14228
312 49.4266 27.6381 -1.8193
313 40.6285 47.4911 1.49941
314 58.0275 38.4202 -2.63114
315 49.5882 18.4634 -2.30633
316 37.7452 36.5914 0.912417
317 33.0623 29.0113 1.72289
318 63.6067 24.8567 -2.43413
319 33.1151 42.3115 1.09055
320 35.2839 39.0141 0.972865
321 31.2778 12.4152 2.82891
322 36.1775 37.8247 1.5007
323 32.0806 29.7547 1.25965
324 27.9254 46.5282 1.3299
325 54.2605 24.5228 -1.825
326 55.9034 7.47355 -2.27019
327 31.0118 58.9543 1.9188
328 22.7754 64.0085 1.3001
329 60.4083 14.2894 -2.63627
330 41.7298 45.3534 1.18754
331 74.9024 70.5982 -0.602138
332 60.4147 13.4853 -2.24638
333 16.683 83.8768 -1.70692
334 27.9725 19.124 1.58252
335 36.1215 41.2449 0.756859
336 37.4078 39.3634 1.06452
337 29.1966 21.2684 1.67617
338 53.3335 23.0465 -1.71608
339 52.7444 9.21389 -2.00472
340 31.9217 34.3243 1.4965
341 27.891 27.2309 1.6826
342 29.9215 35.0298 1.83251
343 55.3278 28.5582 -2.08979
344 52.9009 16.0284 -2.17593
345 91.1627 77.5072 1.56041
346 49.1204 87.1631 -1.02181
347 29.4203 54.5725 1.95918
348 29.132 26.9718 1.40967
349 26.6255 49.5882 1.77556
350 51.5038 24.3472 -2.00931
351 57.098 18.9608 -2.3572
352 25.9838 37.9981 1.93587
353 56.4099 68.5514 -1.88066
354 31.8082 55.9512 1.83944
355 58.6712 8.46567 -2.2894
356 62.6722 11.6951 -1.72679
357 78.4817 73.8754 -1.29646
358 34.017 28.2071 2.09007
359 27.6774 60.8819 1.43397
360 57.8803 35.1281 -2.43224
361 26.0886 54.5701 1.95781
362 33.611 36.1442 1.70535
363 35.5627 57.6154 1.08786
364 25.2627 42.993 0.940687
365 45.5675 23.1729 -2.30386
366 37.9461 35.7341 0.92594
367 43.7143 38.8446 0.574904
368 45.6962 41.1235 1.25079
369 91.3574 75.5684 1.3144
370 65.9102 26.48 -2.36954
371 34.5597 45.7257 1.75342
372 35.5381 20.0056 2.33291
373 39.4485 36.7462 0.906514
374 25.207 45.3814 1.61174
375 44.2531 22.277 -1.80026
376 37.6408 25.8832 1.96044
377 38.7114 44.1223 1.0021
378 46.2587 26.4116 -2.2751
379 38.8206 41.7975 1.32021
380 55.253 21.2529 -1.88453
381 32.7693 53.2892 0.957128
382 33.6113 33.6768 1.49038
383 12.8196 31.2288 -1.76565
384 27.37 63.9274 1.03023
385 97.3064 93.3751 0.48648
386 91.2127 95.9208 -0.0206177
387 30.4011 57.8539 1.4468
388 58.201 23.4025 -2.6873
389 25.3971 56.8688 1.40737
390 27.8272 38.1593 1.68295
391 32.2397 25.0391 1.39455
392 0.564874 58.135 -0.350605
393 54.0475 26.6523 -1.82985
394 35.2178 36.2948 0.863799
395 33.9461 29.8049 1.64777
396 30.8657 11.3707 2.5059
397 36.4815 46.1699 1.54654
398 62.4853 5.88974 -2.50894
399 35.1605 47.5687 1.7403
400 29.5648 22.0415 2.14017
401 23.4979 87.3525 -2.18934
402 34.7057 57.7975 1.0623
403 33.1692 33.0721 0.995933
404 33.6776 60.4029 1.45543
405 23.5305 38.2778 1.59834
406 44.133 85.5558 -0.996298
407 34.6054 35.5024 0.889847
408 39.1387 36.3217 1.23235
409 39.4443 38.9051 0.852497
410 28.6286 22.5257 2.06307
411 69.1795 45.039 -2.55829
412 37.141 56.3187 1.35222
413 32.7631 25.0803 1.53622
414 51.8405 24.0013 -2.17365
415 90.4636 80.0685 0.987718
416 22.4289 60.19 1.78091
417 30.796 24.8474 1.63473
418 32.2754 38.9329 1.08754
419 26.0076 11.1597 2.02744
420 28.5128 60.2615 1.64262
421 27.3641 35.9611 1.58396
422 34.8 25.061 2.19981
423 37.9294 37.1229 1.72023
424 62.1703 41.1913 -2.40865
425 36.046 32.4373 1.25797
426 38.5709 43.1815 0.885695
427 24.1367 46.8817 1.0069
428 50.1067 23.264 -2.37084
429 54.7728 23.4253 -2.24727
430 1.9314 4.18387 0.445112
431 45.1996 24.502 -1.90189
432 57.9797 17.0605 -1.95855
433 39.3688 44.5437 1.32728
434 48.3194 9.74834 -2.21763
435 21.068 41.4078 1.76749
436 60.2297 23.4532 -2.61528
437 29.1576 58.8237 1.84631
438 26.9467 14.9522 1.73746
439 41.0786 40.1628 1.0011
440 34.8832 50.3537 1.41478
441 43.0263 75.2099 -1.54679
442 34.173 37.1241 1.45076
443 30.1775 57.0337 1.44139
444 49.5484 24.9643 -2.13117
445 24.8103 51.6727 1.82242
446 45.2719 82.8413 -0.9372
447 46.7143 88.839 -1.26775
448 66.7889 42.4684 -2.5417
449 31.5862 46.059 1.15908
450 30.9905 27.6926 2.26004
451 34.3521 57.1492 1.40762
452 26.3717 48.0227 1.64538
453 55.3075 21.3567 -1.78553
454 42.9037 35.871 0.95032
455 19.7927 90.9955 -1.22539
456 27.8736 20.8521 1.45378
457 35.9053 19.9365 2.1132
458 61.4194 22.1153 -2.38059
459 30.2911 96.9247 -1.2902
460 26.9857 54.472 1.17788
461 56.7179 65.9145 -1.90452
462 50.8175 26.632 -1.91036
463 37.9257 25.4457 1.91764
464 52.7017 31.9664 -2.16682
465 32.894 28.2648 1.66736
466 54.4437 26.6086 -1.72817
467 36.7672 38.2284 0.768426
468 25.2649 57.678 1.93193
469 57.1149 21.2202 -2.01475
470 27.3991 35.3413 1.14607
471 51.5883 26.33 -2.3928
472 49.827 27.9997 -2.07443
473 41.2335 36.3168 0.755744
474 64.505 40.9641 -2.22745
475 45.918 85.524 -0.664605
476 74.1702 71.75 -0.383211
477 36.1023 60.6034 1.2031
478 11.3879 5.293 0.162251
479 93.275 78.0027 1.09143
480 34.8776 19.463 2.07971
481 23.5953 61.0416 1.53088
482 31.6332 54.0993 1.35684
483 32.1108 30.8401 1.5858
484 6.35948 60.0138 1.11217
485 10.3998 54.5409 1.35185
486 55.947 20.0711 -2.51853
487 57.9957 30.4297 -2.06927
488 34.6399 50.5462 1.67925
489 22.2146 89.9213 -1.24145
490 96.4974 0.869409 0.345735
491 52.9811 13.2921 -2.69652
492 49.5076 25.5558 -2.29071
493 48.2422 14.8465 -2.6196
494 55.4803 9.3583 -2.43531
495 27.595 61.0806 1.44768
496 34.5953 42.5601 1.38696
497 63.0154 37.4571 -2.4297
498 55.8574 23.4164 -1.89577
499 30.3219 93.4627 -1.88228
