500
Particles
0 40.6875 35.7462 2.98379
1 69.6255 30.9527 1.62968
2 51.1959 73.8382 -3.39437
3 59.2572 64.9906 1.93913
4 81.6214 26.7938 2.10507
5 48.3481 31.3066 2.95387
6 47.2869 52.5447 1.7178
7 69.8151 73.7837 1.04651
8 68.6049 36.297 2.18267
9 69.4702 39.6875 1.73517
10 59.5606 36.6158 2.68995
11 50.8212 70.5876 2.52656
12 48.7354 66.4226 1.41527
13 85.2658 18.7431 1.62631
14 83.0526 30.0271 2.43871
15 96.0289 22.7845 1.58718
16 65.4448 39.9228 2.40056
17 76.0994 46.5117 2.27659
18 80.8133 36.9017 2.50692
19 59.0586 59.8289 1.24034
20 58.7709 65.6014 1.07444
21 35.857 50.9592 2.3002
22 55.81 46.5118 2.36642
23 85.8896 22.9395 2.30768
24 60.9378 69.022 1.49643
25 46.6113 39.3084 2.48968
26 47.6256 26.5436 2.81207
27 40.4915 70.7262 3.0219
28 46.6343 46.3444 2.72089
29 13.568 21.3431 1.81299
30 49.7774 81.2365 1.27688
31 52.0974 46.1926 2.37989
32 55.5908 64.4344 1.89241
33 62.384 74.7499 1.14429
34 51.2862 40.6541 2.53431
35 77.7204 42.031 1.84379
36 50.1261 87.8546 1.06139
37 50.8082 59.1335 2.11012
38 45.3895 42.5398 2.70621
39 81.6362 23.6268 1.67878
40 53.3742 38.3676 2.13574
41 79.8245 23.6503 2.34024
42 63.0729 43.5257 2.04692
43 60.876 65.4862 1.6522
44 66.9134 31.6708 1.94022
45 62.8279 39.7126 2.60113
46 50.8026 42.117 2.27883
47 72.4683 65.0808 1.87626
48 55.4441 40.366 1.75415
49 47.2331 33.9632 2.96496
50 83.8027 41.0126 1.62452
51 56.3788 45.9166 2.65315
52 62.2297 67.6944 1.23008
53 49.7353 87.8541 1.32613
54 84.7231 27.5205 1.93299
55 64.1891 61.409 1.86067
56 86.1751 29.4604 1.67717
57 56.8867 29.4243 2.94107
58 83.6523 33.146 2.47877
59 46.0686 40.4833 2.59956
60 82.433 39.1817 2.12122
61 58.5213 39.0355 2.71107
62 66.7883 34.9397 2.34089
63 67.2051 25.0905 2.58546
64 44.3076 57.1625 1.44816
65 68.0688 65.9599 0.927273
66 80.1702 42.1446 2.10369
67 80.4819 41.7476 2.16779
68 65.7656 63.0539 1.40898
69 63.2279 31.7566 2.44603
70 47.6533 56.2159 1.65489
71 51.09 40.5972 2.48239
72 81.7072 38.2036 1.76143
73 52.7409 58.5894 1.67027
74 55.1549 31.6014 2.64701
75 69.0802 70.6876 1.14679
76 58.8681 32.0577 2.79948
77 49.2036 55.9023 1.3368
78 48.0285 23.7138 2.77784
79 85.74 35.1084 2.27044
80 54.8788 36.2621 2.32362
81 78.8086 40.4955 2.37923
82 59.094 56.8289 1.19523
83 80.36 32.3616 1.90762
84 64.5699 58.5945 1.00919
85 55.6625 38.5478 2.12291
86 56.8266 37.301 2.2868
87 54.6843 54.298 1.6934
88 63.3516 61.015 1.48787
89 53.7112 32.7758 2.65339
90 61.7661 69.2482 1.10217
91 51.8157 47.9892 1.87643
92 52.6381 52.3918 2.0063
93 78.8399 26.7685 2.25702
94 57.3012 39.6815 2.24542
95 59.625 60.5294 1.3548
96 37.5153 54.9973 1.9956
97 50.8352 59.8096 1.81929
98 53.3636 32.8656 2.36956
99 53.321 52.9021 1.59496
100 64.2244 67.84 1.07961
101 82.9026 37.6456 2.285
102 60.0499 37.5445 2.33897
103 50.4961 36.7289 2.91076
104 57.6949 44.0357 2.12876
105 60.5627 70.5209 1.20029
106 82.5183 27.0306 2.59022
107 41.6695 41.6087 2.37743
108 55.4529 44.9325 2.02982
109 91.5199 34.6423 2.25258
110 73.4716 71.763 1.0441
111 51.268 58.197 1.49833
112 58.5919 64.5099 0.995996
113 46.4427 50.1116 1.62689
114 40.6079 62.2937 1.484
115 49.4972 65.4484 1.7513
116 55.626 27.6656 2.85146
117 50.0533 44.8908 2.5187
118 56.1368 66.6879 1.58006
119 84.1238 29.5044 1.99203
120 46.2025 37.2239 2.74646
121 74.1436 38.9701 1.67825
122 57.0818 41.7624 2.57184
123 75.5499 32.9372 1.94826
124 94.375 99.7126 0.0240341
125 66.4049 61.272 1.87413
126 64.6564 49.2846 2.01129
127 81.6018 20.8575 1.94728
128 62.5356 69.0887 1.76832
129 43.4262 74.984 2.77044
130 46.3624 46.2487 2.4694
131 56.9782 34.3196 1.96744
132 68.0247 62.674 1.72852
133 68.8742 64.3945 1.15249
134 46.842 31.9908 2.36342
135 52.4099 56.898 1.57943
136 53.7653 30.7117 2.39323
137 44.6695 57.2569 1.72397
138 58.6067 39.2761 1.96681
139 49.1398 37.365 2.09029
140 60.393 36.0726 2.061
141 64.341 62.8762 0.945924
142 80.44 29.7505 2.52501
143 67.4993 43.8974 1.74191
144 46.3886 60.7415 1.87313
145 43.4662 74.3099 3.39784
146 44.4028 41.4142 2.25531
147 59.6633 74.9856 1.3444
148 53.6021 57.0222 1.25301
149 79.881 40.4786 1.75573
150 62.3395 39.6297 2.61724
151 56.7079 62.9644 1.10031
152 56.1033 31.2693 2.85853
153 54.9334 43.4389 1.89779
154 66.5289 41.6726 2.20418
155 71.2788 66.1687 0.919747
156 72.7002 36.9849 2.31867
157 63.9895 51.4148 1.80204
158 47.2924 28.6131 2.13144
159 68.7742 48.0903 2.50961
160 61.1567 76.1543 1.1361
161 66.0667 46.531 1.70064
162 78.3072 41.9397 2.09983
163 62.9574 59.3655 1.20525
164 67.0167 68.422 1.35846
165 76.5825 39.7435 1.78678
166 62.8824 59.8726 1.20596
167 53.9853 60.2556 2.02436
168 83.5209 36.6724 2.35777
169 65.9077 66.7258 0.896283
170 71.4914 24.2116 1.80932
171 46.3968 52.687 1.65434
172 40.6668 38.8923 2.01627
173 61.8806 35.8818 1.86485
174 47.0668 27.886 2.81225
175 67.2146 60.1986 1.74436
176 11.1984 35.6189 -0.145745
177 50.4072 35.1092 2.07325
178 63.2084 67.8698 1.73813
179 47.5264 47.6483 2.59982
180 48.3615 52.4376 2.07187
181 69.8857 41.2865 2.30645
182 88.1947 29.9852 2.05037
183 42.5334 36.8407 2.09129
184 54.4134 52.93 1.6833
185 68.0136 66.3311 1.07753
186 59.5282 43.8681 2.13177
187 58.1254 64.2864 1.65657
188 75.1033 29.678 2.51153
189 49.3173 74.6214 -3.14824
190 47.1143 28.6269 2.05963
191 48.8207 62.008 1.24703
192 53.4257 30.4952 2.12706
193 54.9078 48.2281 1.97022
194 54.6111 35.9456 2.28682
195 42.2599 53.5827 1.81164
196 49.2396 35.8795 2.82126
197 55.3041 34.0946 2.61655
198 51.9308 52.2998 1.7693
199 47.7303 30.6557 3.02678
200 51.5624 55.7331 1.71325
201 13.8366 19.399 1.01736
202 61.8375 68.8214 1.59572
203 68.9111 49.7047 1.81575
204 48.0908 27.342 2.73356
205 54.4543 58.5043 1.79466
206 52.9921 36.5347 2.60112
207 47.6625 42.9207 1.96899
208 61.9449 57.553 1.1989
209 56.9448 65.8142 1.6009
210 83.2662 38.7333 1.82573
211 56.5937 41.8488 1.8242
212 68.1059 63.9096 1.51238
213 58.2545 61.0539 1.22932
214 73.4487 28.4155 2.10451
215 42.9925 44.8286 2.57978
216 64.3513 45.0961 2.59112
217 42.9041 51.5831 1.81524
218 72.0116 59.0023 1.77397
219 78.9551 47.3589 1.87519
220 52.704 58.5538 1.71302
221 58.4317 48.8395 1.96046
222 50.9304 59.3147 1.3559
223 63.8985 71.6638 1.64527
224 59.4216 65.5647 1.37745
225 54.0454 71.0103 3.06671
226 65.3321 38.1625 2.66835
227 58.6811 43.9251 2.64799
228 58.33 37.5996 2.1827
229 58.9288 36.8001 2.61948
230 85.8946 20.4831 1.68829
231 86.9079 37.3715 1.79876
232 54.0193 50.4635 2.27808
233 51.4074 40.3522 1.93882
234 47.6679 36.0778 2.1138
235 86.4231 27.2636 1.59163
236 64.8866 36.82 2.82119
237 50.5225 74.0953 -3.31849
238 87.6312 28.6115 2.0838
239 79.9462 28.7297 1.62047
240 44.6042 62.2349 2.22482
241 68.7257 35.202 2.26703
242 59.7211 47.2944 1.91397
243 51.8487 54.7923 1.43158
244 67.942 47.8223 2.2243
245 56.8789 46.1968 2.05748
246 59.2965 38.9333 1.84409
247 80.6435 14.7875 2.40583
248 80.9878 29.7156 1.85264
249 53.8324 30.2552 2.01111
250 39.4162 72.8783 3.28497
251 45.5022 73.1921 2.84792
252 67.0757 72.2061 1.62368
253 58.9148 67.0306 1.74495
254 57.6834 35.0414 2.64473
255 79.2166 39.9539 2.17817
256 60.0572 45.1259 2.1433
257 57.731 37.8561 1.93832
258 72.7338 40.6435 1.70654
259 87.1694 28.8461 1.82897
260 48.953 30.6492 2.39879
261 84.2277 31.2432 2.08986
262 63.08 40.9257 2.11055
263 52.3192 48.0193 1.92833
264 59.2079 75.2077 1.81963
265 55.2082 33.9503 2.43679
266 50.4697 33.5999 2.77178
267 40.829 58.2302 2.02189
268 48.4886 39.1806 2.20888
269 39.9759 73.7317 2.83336
270 86.0156 32.8814 2.12528
271 89.5229 30.6806 2.47674
272 56.575 61.2818 1.32233
273 49.2572 37.4972 2.87741
274 53.0777 44.1164 2.54261
275 58.0254 36.1929 2.05793
276 51.0756 32.6327 2.93656
277 50.2736 51.4926 2.34891
278 64.6231 27.6224 2.35081
279 60.5063 48.1364 1.69766
280 87.5124 32.7299 1.60475
281 57.9074 40.9125 2.23452
282 84.8508 29.1357 1.60844
283 52.9277 64.7343 1.97797
284 62.0778 30.1993 2.98774
285 48.3754 56.2226 1.7934
286 78.7619 22.5606 1.82921
287 55.9751 38.2933 1.87373
288 60.9256 61.4482 1.39856
289 62.7476 31.2607 2.70174
290 51.4084 40.5105 1.94054
291 71.9234 32.4413 2.09559
292 64.2473 66.052 1.55722
293 51.0935 43.4067 2.18765
294 88.9746 28.8358 1.98308
295 10.5679 54.3994 0.693138
296 55.7406 53.8991 2.3314
297 63.6775 39.6791 1.83521
298 72.9483 34.285 1.508
299 51.3929 60.7687 1.68233
300 53.2342 37.3092 2.48204
301 82.8875 40.2397 1.73428
302 45.0182 36.1958 2.1572
303 57.3056 38.8839 2.70465
304 67.3246 26.5375 2.13021
305 49.0451 72.6412 -2.86838
306 58.2994 71.6537 1.34582
307 49.6931 72.616 -3.44446
308 85.8651 33.8019 1.99946
309 51.3512 44.7479 2.40365
310 61.2912 72.6415 1.67211
311 90.1861 24.4532 2.04781
312 55.8542 45.8234 2.08141
313 55.8769 61.9772 1.7739
314 79.8817 45.5414 1.67905
315 56.1531 41.5642 2.65664
316 52.4803 53.6576 1.86638
317 85.7532 34.9866 1.59565
318 51.1184 67.5685 1.78251
319 50.5815 60.7014 1.67974
320 50.5302 58.0177 1.4239
321 76.4866 44.2655 2.52372
322 53.04 55.9683 1.831
323 84.937 35.2827 2.23076
324 61.5405 24.6967 3.01432
325 64.1167 44.7579 2.148
326 56.5788 34.2259 2.68245
327 54.7009 40.6611 2.40667
328 57.525 55.3809 2.14047
329 59.9613 62.0674 1.84455
330 58.2797 60.9052 1.30347
331 67.9453 75.0585 1.27394
332 58.6017 62.4239 1.08877
333 53.3557 53.4261 1.86692
334 80.5636 25.5864 1.74621
335 47.848 61.0785 1.68951
336 53.2349 57.2639 2.13905
337 80.1154 27.0358 1.89019
338 61.1126 43.1894 2.35533
339 57.8457 40.3385 2.59236
340 30.1137 49.4268 3.05984
341 80.6151 33.377 1.94687
342 82.0722 36.2157 2.52232
343 62.9671 47.1146 1.64188
344 59.6384 39.7242 2.07831
345 64.3464 65.3478 1.76122
346 76.2003 23.6846 1.56039
347 47.6424 27.5631 2.84148
348 75.4975 29.6526 2.29557
349 48.2385 25.4753 2.13138
350 57.3982 45.059 1.90392
351 70.108 37.3635 2.14429
352 67.7011 31.0769 2.0236
353 63.7173 70.8583 0.859709
354 53.5399 33.2691 2.00743
355 59.3965 32.8606 2.1119
356 54.9086 55.7857 1.97531
357 73.021 67.7617 1.38971
358 87.6194 34.5344 2.26495
359 47.3298 39.9816 2.73121
360 71.7512 47.3668 2.33059
361 44.4815 32.6625 2.81718
362 39.9618 55.4188 2.19758
363 57.4216 36.5958 2.18288
364 64.052 75.8883 1.28363
365 53.522 46.5018 1.94328
366 50.8253 55.1196 1.59986
367 53.1407 58.8501 1.19908
368 42.373 39.5502 2.83325
369 58.9159 61.1667 1.32092
370 57.4989 68.3464 1.90536
371 79.9305 39.9062 1.65666
372 91.6761 29.7163 2.34029
373 51.4545 56.8615 1.73073
374 47.6607 75.1659 3.32572
375 55.6879 50.08 2.40607
376 92.2183 32.9945 1.92522
377 55.6137 62.5305 1.80082
378 51.8694 44.0138 2.32155
379 51.6877 61.3695 1.21422
380 58.8856 37.1092 1.87648
381 51.3364 27.0044 2.63712
382 42.5435 53.3905 1.92506
383 64.1046 63.4355 1.44266
384 54.6363 51.0957 1.85761
385 66.2505 74.1067 1.48462
386 51.3827 85.8398 1.35984
387 47.9663 32.6652 2.35583
388 65.214 42.168 1.62948
389 45.361 37.9827 2.39264
390 77.738 35.4905 1.59426
391 84.8504 32.6578 1.65142
392 45.4585 35.7708 2.92722
393 61.4859 46.7929 2.34219
394 43.7948 56.1327 1.99924
395 85.9336 34.7546 2.35725
396 78.2785 45.4494 2.25709
397 48.6556 65.0016 1.95446
398 57.4646 61.0078 1.65759
399 71.7014 35.256 2.39697
400 79.2671 28.3778 1.81469
401 60.4059 59.7931 1.8321
402 53.083 31.3953 2.9269
403 37.6991 50.5871 1.81443
404 55.1763 40.4519 2.60225
405 66.8948 29.9754 2.41792
406 82.9423 17.7086 1.91405
407 45.5247 54.2524 1.80681
408 42.0535 43.7952 2.70565
409 56.2001 57.8745 1.31529
410 80.4008 30.41 1.65814
411 42.9984 63.7073 2.15915
412 65.3546 36.3533 1.85215
413 81.198 30.2856 2.41314
414 60.5807 45.9778 2.07393
415 64.1978 65.6703 1.489
416 55.034 52.7075 1.48261
417 77.5455 27.885 2.48817
418 84.9723 38.4288 1.88657
419 61.492 62.4869 1.56337
420 50.3227 41.9339 2.76927
421 81.8724 37.909 1.87181
422 85.9397 31.4144 2.41544
423 52.5345 56.9091 1.5235
424 83.6923 42.6088 1.67937
425 45.8 50.5658 2.23453
426 54.2931 62.5286 1.28733
427 45.1993 74.8319 3.07309
428 56.3376 42.6986 2.28121
429 61.9039 42.8802 2.16816
430 66.7449 44.3366 1.87983
431 55.4968 49.772 1.85541
432 79.5502 41.6671 2.20201
433 54.3709 60.4605 1.66697
434 51.6107 39.0123 2.55682
435 67.2379 74.5324 1.72824
436 69.5145 43.2645 1.54887
437 49.361 35.9349 2.72338
438 11.9597 22.3951 1.05003
439 52.4117 59.9206 1.80072
440 59.4947 31.7945 2.08692
441 82.6137 18.8124 1.89546
442 44.92 56.6644 1.64266
443 50.523 30.9112 2.38062
444 55.6303 46.9978 2.04996
445 46.5516 28.1961 2.44187
446 71.6047 74.5959 0.925485
447 81.7458 22.0927 2.13284
448 11.4068 42.0311 0.334872
449 61.9608 31.3096 2.43159
450 83.0879 34.7037 2.45575
451 54.6805 34.7733 2.32253
452 46.6829 75.9801 2.7229
453 60.5822 36.0341 1.98479
454 44.1508 73.9091 3.52403
455 65.3275 63.9153 1.15755
456 76.7893 26.9867 2.30604
457 87.3082 28.7813 1.63598
458 26.5801 48.1674 2.52138
459 67.8674 63.7252 0.878863
460 49.376 37.675 2.65402
461 60.4603 68.7762 1.24667
462 58.2525 47.5624 1.94027
463 89.1377 32.0115 2.50589
464 59.7931 49.0093 2.25544
465 83.295 33.0523 2.02056
466 61.6765 42.9293 2.11898
467 52.3882 58.304 1.82691
468 46.4663 39.2548 2.56308
469 70.0178 38.726 1.7853
470 70.5836 30.201 1.59076
471 57.1622 44.8673 2.37155
472 57.9181 47.3933 2.25954
473 51.1515 52.0318 2.31534
474 0.579791 21.1811 1.16922
475 81.4403 20.2907 2.16652
476 75.3758 68.1398 1.18781
477 56.7064 36.8725 2.09652
478 64.3173 57.4466 1.23851
479 62.4879 64.2442 1.15738
480 94.0824 24.8198 1.56014
481 56.657 54.3678 1.49041
482 53.4295 31.5561 2.48003
483 81.0478 35.2305 2.29366
484 44.4374 42.3651 2.40394
485 43.2031 34.4502 2.92536
486 64.018 37.1978 2.16635
487 63.5636 44.4529 2.14624
488 70.2245 36.1074 2.49484
489 63.3151 61.7412 1.71104
490 65.843 72.2588 1.1917
491 57.4615 37.5129 1.75752
492 59.3895 50.9053 1.85566
493 55.4909 43.31 2.66468
494 56.8207 35.548 2.82359
495 49.877 43.3501 2.49519
496 46.7717 62.0777 2.01834
497 86.548 39.4634 2.26029
498 65.8886 42.0221 2.1333
499 70.6777 60.497 1.47038
