500
Particles
0 56.8859 67.3384 -1.81949
1 89.7946 5.31019 0.738639
2 88.0132 9.87841 0.575796
3 93.9318 47.3244 2.50072
4 88.7485 93.5694 0.671291
5 6.06968 12.5212 1.1732
6 97.2935 4.75313 1.30844
7 47.0802 1.11347 -0.84627
8 65.6912 62.9282 -1.2144
9 67.3368 68.9842 -1.46833
10 88.6192 23.4779 1.76327
11 44.1191 99.1129 0.252335
12 92.3179 18.7067 1.82754
13 68.2122 17.2365 -2.69294
14 91.6285 95.4254 1.30151
15 98.9055 23.5675 1.76874
16 99.0895 47.0639 -3.19383
17 77.3515 19.7347 2.93668
18 92.4036 3.62611 0.869056
19 86.9759 81.7442 0.188812
20 91.0513 48.4046 3.10002
21 0.572717 1.2975 1.48741
22 84.9914 20.1286 2.57769
23 79.5116 21.9045 2.93607
24 24.0622 61.8642 -2.7232
25 4.034 18.0508 1.14724
26 23.4305 12.422 1.28828
27 51.5216 0.454252 -0.705468
28 53.2856 70.0719 -1.10062
29 80.4889 22.5425 3.13543
30 93.2213 12.5375 1.27876
31 86.4044 66.3806 0.285891
32 88.4427 47.4448 3.06259
33 88.9512 8.65423 0.782328
34 84.8528 33.7031 -3.22796
35 49.1193 67.8029 -1.21234
36 44.0424 99.9985 0.59086
37 99.1952 7.31603 1.11187
38 86.8759 12.5475 1.44898
39 87.8449 94.7769 0.844714
40 86.033 16.9363 1.39141
41 67.5984 19.956 -2.4118
42 64.0862 69.1326 -1.35558
43 96.7243 30.4825 1.53541
44 90.6485 9.72532 1.12591
45 70.543 72.9072 -0.982833
46 58.3735 71.2116 -1.2764
47 75.4337 15.0935 -3.23866
48 64.079 60.7083 -1.42648
49 5.52627 11.9057 0.958215
50 74.201 64.4814 -1.00871
51 61.8039 74.1806 -1.35482
52 97.6639 78.183 -0.318094
53 44.9044 99.1409 -0.17126
54 81.121 21.959 2.86886
55 60.3293 16.5418 1.26121
56 80.4437 30.4598 3.09039
57 26.4113 35.5076 1.1899
58 78.4789 25.3359 3.21535
59 5.07181 15.5187 0.867708
60 97.3698 8.0142 1.01954
61 62.6714 65.3366 -0.991222
62 51.7306 72.3075 -1.53941
63 88.8941 1.97906 0.789479
64 95.0144 7.30777 1.4491
65 56.6187 29.8266 -2.18748
66 99.8119 10.6258 0.967986
67 42.2173 57.996 -1.82328
68 54.3 25.501 -2.15197
69 54.4106 76.2969 -1.46601
70 99.2144 5.02092 0.87324
71 46.7341 33.1179 -2.56254
72 95.5803 8.05235 0.53022
73 49.9905 51.2294 -1.14293
74 45.4194 17.6452 -2.25436
75 59.6973 9.72488 2.37619
76 52.4192 77.0959 -2.34529
77 94.2762 6.89526 0.564271
78 93.6039 11.4489 0.571525
79 94.7812 2.41625 0.916295
80 51.0196 77.8222 -1.78497
81 97.522 10.9732 0.910042
82 21.2954 73.0713 0.822006
83 94.5196 100.242 0.823803
84 13.1546 28.7915 0.541819
85 42.7054 69.4418 -1.59757
86 47.0842 86.0217 -1.96858
87 55.6372 19.0339 -2.69162
88 94.4175 92.1983 1.17703
89 21.8894 13.612 1.15756
90 32.8775 98.9633 -0.0231555
91 86.2201 64.9474 0.231561
92 56.8021 14.8715 1.88965
93 78.9671 26.0773 2.62526
94 75.002 51.3819 -0.630839
95 52.7329 70.6414 -1.81908
96 96.295 4.54831 0.667771
97 99.8046 8.68631 1.25977
98 29.2749 10.2434 1.0114
99 93.1642 42.6847 2.91133
100 96.9941 76.4678 -0.563312
101 92.1381 3.43565 0.780117
102 67.6475 63.7355 -0.976028
103 37.4247 45.6396 -1.32534
104 59.1546 67.9318 -1.94032
105 32.8146 98.4084 0.130413
106 79.5741 33.0184 -3.56921
107 58.5326 56.1428 -1.43901
108 63.1302 72.6393 -1.83994
109 61.3226 59.6723 -1.00826
110 89.2187 16.0351 1.26165
111 99.9477 6.64404 1.52525
112 71.0576 63.5491 -1.54176
113 72.9859 22.1087 3.1432
114 97.8728 26.834 1.47944
115 44.0292 56.5561 -2.06599
116 98.1207 12.2206 0.67943
117 12.7951 21.3585 1.07605
118 97.8653 47.3924 3.07177
119 78.6118 25.9058 3.07452
120 13.78 17.4873 0.660821
121 85.761 51.8578 -0.810169
122 74.2037 51.7436 -0.952572
123 90.7705 2.96361 1.34725
124 59.5661 25.3695 -1.95635
125 56.6115 29.3794 -1.84138
126 78.0453 62.0181 0.506341
127 58.5555 26.1949 -2.52779
128 23.521 63.2249 -3.1082
129 58.8454 67.5256 -1.96009
130 56.8311 74.5973 -1.62133
131 89.1159 21.1297 2.01466
132 40.1232 99.1889 -0.393135
133 37.715 0.844371 -0.652673
134 7.05035 11.411 0.312151
135 1.99284 4.89078 0.865077
136 39.2162 8.48951 0.71193
137 1.62803 5.80503 1.16496
138 73.357 54.2804 -0.620372
139 48.5683 76.1853 -1.28409
140 65.6073 65.7941 -1.1909
141 54.3787 31.3288 -2.23352
142 96.8753 97.6215 1.14655
143 72.0725 72.5893 -1.47183
144 0.357697 7.78426 1.44777
145 55.3814 54.0433 -0.766191
146 56.9235 73.2731 -2.02053
147 86.9881 7.3003 1.17217
148 56.058 73.4216 -1.70438
149 0.359643 10.587 1.15245
150 62.9002 68.4949 -1.19287
151 51.9348 70.8956 -1.49647
152 50.1026 32.6798 -2.16836
153 60.0125 68.9984 -1.89423
154 73.3829 72.7013 -1.59171
155 39.8847 2.07645 0.0339766
156 66.6624 64.2918 -1.11633
157 69.4871 75.6629 -1.24654
158 13.833 11.6641 0.731084
159 95.7417 24.2394 1.39249
160 92.0885 11.4263 0.731739
161 84.3231 61.7186 1.17931
162 71.6583 66.8184 -1.48594
163 58.8448 22.1858 -2.61847
164 1.85524 76.8025 -0.573543
165 47.4211 65.9039 -1.66354
166 54.2428 25.5812 -1.9093
167 5.90552 5.12051 0.677065
168 91.7993 4.57502 1.07585
169 97.9652 32.8061 1.70336
170 87.3762 6.1441 0.932997
171 96.566 4.30754 1.06601
172 50.9715 55.258 -1.046
173 65.2948 66.3716 -1.23876
174 1.76618 14.1244 1.27086
175 82.7071 66.7628 0.533764
176 96.191 24.3311 1.62014
177 41.9314 71.1416 -1.6151
178 3.59835 38.9628 2.42031
179 54.3011 69.3792 -1.65883
180 71.9567 23.5307 2.92947
181 70.0669 68.2777 -1.42709
182 79.3844 31.6274 3.28509
183 81.9485 6.11614 -0.231915
184 3.00405 21.6908 0.99207
185 67.7679 10.1375 2.92009
186 73.4008 52.25 -0.75509
187 68.4653 63.8062 -1.60056
188 89.0717 99.619 0.944748
189 94.7756 12.0329 1.09066
190 97.0203 14.752 1.04874
191 99.9212 9.58668 1.27561
192 45.1192 69.857 -1.56063
193 61.2005 62.3877 -1.45085
194 36.9414 10.8508 0.50126
195 95.4556 4.8422 1.15149
196 9.92295 11.1047 0.760678
197 49.1474 86.145 -2.02776
198 23.482 69.4749 0.595121
199 12.0382 11.7187 0.393137
200 2.30848 2.38865 1.26839
201 85.083 93.3278 0.64994
202 95.0792 78.6055 -0.600602
203 63.2181 82.4207 -0.649757
204 3.2274 12.0946 1.43066
205 53.6052 54.3017 -1.04987
206 21.9478 33.7599 1.46974
207 8.87669 18.9934 1.2174
208 2.25179 23.7857 1.14718
209 92.1989 21.2094 2.13469
210 94.1981 6.81135 1.37367
211 85.3852 20.8707 2.36127
212 38.7249 99.0924 -0.0414841
213 57.5944 76.6608 -1.86715
214 92.163 99.4853 0.359714
215 74.2482 27.8142 2.64027
216 71.0067 76.4934 -1.84481
217 99.063 3.03511 1.22809
218 66.1468 78.4886 -1.06655
219 80.1374 19.7482 3.09537
220 12.5998 3.66808 0.862934
221 65.7571 76.5663 -1.31997
222 97.7271 6.98991 1.23494
223 64.1741 9.45202 3.031
224 94.9218 45.6688 2.44717
225 45.8604 0.00247115 -0.0805818
226 66.0569 69.8379 -1.58166
227 66.472 61.7481 -1.05627
228 50.1394 87.1354 -2.3109
229 67.3163 71.7746 -1.61803
230 63.9809 22.1265 -2.46477
231 95.2104 7.7994 1.34397
232 86.44 63.2546 1.02417
233 34.5288 44.2912 -1.38507
234 10.1138 13.8896 0.769786
235 80.8344 28.8113 2.86265
236 66.8883 65.4635 -1.08078
237 96.5361 10.4515 1.50144
238 81.8013 25.0429 3.14695
239 90.3049 96.562 0.614969
240 91.7272 19.7337 1.69944
241 95.417 10.9975 0.507067
242 62.8277 74.4852 -1.37155
243 0.418179 4.50703 1.16367
244 81.7094 59.6447 0.401721
245 61.9357 74.099 -1.78685
246 78.7002 47.8634 -0.558116
247 61.6779 25.8247 -1.81129
248 93.0895 97.271 1.25589
249 0.425367 11.2367 0.910376
250 54.62 97.8759 -0.696301
251 90.9832 11.9929 1.17388
252 47.4286 3.43906 -0.395748
253 68.2878 11.0795 2.97583
254 87.2792 20.74 1.59112
255 100.187 10.811 0.565228
256 62.9417 73.1364 -2.04679
257 77.4687 50.5939 -0.637327
258 70.9645 64.8676 -1.18496
259 81.2913 33.5608 -2.80865
260 7.70929 11.6519 0.273205
261 73.0875 18.0909 -2.91896
262 70.4093 69.9638 -1.44097
263 40.229 76.4978 -0.934498
264 89.8052 8.81657 0.945815
265 37.9672 43.0653 -1.29031
266 45.3456 71.9268 -1.13889
267 93.5342 7.53001 0.838099
268 82.4784 18.2014 2.82403
269 44.8618 96.7784 -0.128438
270 78.2249 26.9976 2.46246
271 80.9117 29.6371 3.05311
272 51.7409 86.7567 -2.14161
273 9.2897 13.3827 0.824188
274 39.9668 74.4037 -1.79236
275 62.7061 66.7975 -1.38702
276 32.1636 8.85494 0.600116
277 49.4847 54.0085 -1.49043
278 88.5465 4.20984 0.596509
279 65.6741 76.1498 -1.03625
280 95.6459 96.8844 0.778383
281 74.5267 56.5863 -0.843163
282 79.1722 22.2568 3.08086
283 4.4438 9.33321 1.3388
284 96.0825 12.106 1.29857
285 98.4059 4.38126 1.14198
286 61.5235 24.7016 -2.33764
287 76.1806 48.1058 -0.999839
288 95.0995 45.7196 2.3347
289 90.9139 9.37807 0.59039
290 60.4947 63.967 -1.59818
291 91.762 5.61867 0.715456
292 97.5838 32.7957 1.77773
293 40.3105 73.8184 -1.08144
294 81.7033 23.3101 2.52277
295 48.7676 6.0328 -0.625086
296 2.13518 23.3963 1.15838
297 68.9271 68.5046 -1.24926
298 92.243 7.09331 0.676244
299 3.59099 6.77382 1.43841
300 40.5489 68.0508 -1.54378
301 98.7088 9.31959 1.01809
302 88.4371 12.7478 0.619827
303 67.6261 58.8627 -1.61593
304 89.7701 2.75975 0.965177
305 96.3711 12.5143 1.03118
306 44.4581 1.53499 -0.349774
307 92.897 9.47907 1.03477
308 74.7742 22.0266 3.14841
309 44.2969 74.2816 -1.14108
310 48.3426 -0.0678175 -0.469118
311 72.2707 13.4601 -3.23175
312 61.9346 75.3501 -1.46536
313 50.484 70.7606 -1.34439
314 2.02761 46.4032 -3.34916
315 63.5631 64.4866 -1.44286
316 1.50957 4.50187 1.2648
317 96.794 100.113 1.05663
318 92.8727 21.7742 1.72821
319 99.586 7.10056 0.793517
320 98.8749 7.29918 0.899641
321 79.7709 18.7869 2.92954
322 98.8766 6.25836 1.54873
323 95.5056 0.995217 1.07617
324 93.4531 12.5488 1.38913
325 66.6056 71.9544 -1.52039
326 89.8079 38.6574 2.69372
327 47.3557 74.294 -1.7009
328 2.71585 23.6445 0.372227
329 90.6204 46.8884 2.49226
330 53.7607 72.4929 -1.12436
331 39.391 98.4468 -0.194457
332 90.1718 46.9444 2.96281
333 19.0216 70.1464 0.770098
334 87.427 94.8496 1.24839
335 99.9934 7.86354 1.58155
336 8.04417 2.36481 0.793278
337 90.3371 96.5594 0.413515
338 65.6388 69.9495 -1.71997
339 88.5816 37.3807 2.67479
340 93.2089 5.19713 0.855548
341 89.1385 0.865875 0.624173
342 91.9946 5.27767 1.34704
343 68.4717 75.6269 -1.02853
344 68.3233 61.0932 -1.89895
345 96.8125 29.473 1.65715
346 68.2308 20.8527 -3.26071
347 31.8889 9.61603 0.960373
348 91.7553 99.3421 1.23072
349 95.9307 13.3798 1.3551
350 62.3875 72.2483 -2.05892
351 68.6874 65.778 -2.00581
352 89.62 6.3901 1.38211
353 48.9833 13.4556 -1.42715
354 48.8886 29.9706 -2.17585
355 89.6779 24.5384 2.4203
356 90.7035 44.115 2.84529
357 42.3255 99.8156 -0.0539725
358 75.5567 22.0691 3.00017
359 11.5225 18.5785 0.49938
360 74.669 76.2445 -1.85456
361 1.9689 14.1161 0.888614
362 96.8824 4.91979 1.04234
363 50.1671 83.1967 -2.07148
364 90.8563 8.30357 1.08441
365 58.3569 70.7565 -1.6188
366 2.06718 3.89469 0.652744
367 59.5051 57.1761 -1.70727
368 54.681 72.3156 -1.67486
369 99.6252 27.2789 1.75187
370 95.3886 19.5137 1.69441
371 99.2167 11.8811 1.32731
372 82.4205 23.4345 3.07639
373 71.1986 24.9329 2.68229
374 91.7649 10.6235 0.585422
375 57.392 69.4896 -1.88693
376 62.3759 56.829 -0.748694
377 39.5124 51.7836 -1.43619
378 61.6789 72.8189 -1.40298
379 11.3478 6.20784 0.592513
380 66.2889 69.1027 -1.78047
381 35.1605 9.00333 0.550736
382 96.3396 3.91205 1.55568
383 2.24758 46.6892 -3.27054
384 11.9475 24.4639 -0.0207355
385 49.7961 0.244181 -0.110356
386 43.8979 4.12854 -0.896592
387 41.4318 68.21 -1.0693
388 68.8141 70.7914 -1.70316
389 9.60353 13.4808 1.18086
390 91.1098 6.35258 1.02665
391 77.3984 22.4759 3.33744
392 91.1574 15.6857 0.790891
393 66.7984 73.9301 -1.61756
394 98.1692 4.94484 0.702288
395 73.695 18.843 3.31685
396 78.7275 19.3069 2.57707
397 2.94485 10.9592 0.827643
398 88.7889 19.879 1.82899
399 42.2915 55.0929 -1.71945
400 93.0287 95.0537 0.523164
401 56.0601 23.7957 -2.32661
402 51.8443 82.3912 -2.16071
403 94.6564 3.36072 0.860026
404 23.7082 33.1201 1.7852
405 89.2895 4.13106 0.930998
406 64.1054 20.6473 -2.61047
407 98.3872 3.50284 1.04832
408 69.3421 24.7909 2.58399
409 4.61883 5.46779 0.619036
410 90.994 96.2939 0.481949
411 99.0182 26.3959 1.64048
412 51.8278 81.2389 -1.6589
413 75.3474 18.1934 3.09072
414 64.4467 71.601 -1.42564
415 96.5291 32.3895 1.4484
416 0.800844 20.7567 1.30212
417 95.3294 97.885 0.842462
418 96.8798 5.72215 0.733292
419 89.8094 83.9647 0.818876
420 12.4292 19.6429 1.23004
421 91.6986 3.88579 0.819109
422 79.4873 27.0015 2.54289
423 53.3786 39.5063 -2.39037
424 95.9996 25.3273 1.49334
425 0.887301 100.364 0.949947
426 46.7779 54.8732 -1.59653
427 90.9623 11.6496 0.733509
428 60.6944 71.3033 -1.82566
429 64.9896 70.815 -2.03471
430 82.1846 61.5589 0.761984
431 61.4514 70.2443 -1.54896
432 67.5431 63.9311 -1.28436
433 47.8368 57.4526 -1.38311
434 85.6947 23.6175 2.34228
435 87.024 6.66757 0.565759
436 70.3344 69.8523 -1.51358
437 30.2745 13.995 0.909629
438 84.7533 94.7595 0.798939
439 48.7185 55.7995 -1.42874
440 51.2135 28.2408 -2.53994
441 0.406531 80.6254 -0.689674
442 96.2573 7.18118 1.31594
443 46.818 30.3451 -1.79955
444 62.6199 71.8504 -1.64403
445 98.5365 12.2354 0.511154
446 68.8741 13.9746 -3.47736
447 64.4324 25.2027 -2.42704
448 98.9037 24.2009 1.77386
449 98.0688 10.7449 1.45548
450 93.1312 1.03575 0.907428
451 49.9553 78.2562 -1.8085
452 95.8518 11.764 0.745937
453 67.8813 67.1742 -1.82687
454 76.0137 28.896 2.88105
455 51.4718 23.9428 -1.73043
456 89.8544 94.2491 0.873053
457 81.6115 26.25 3.29552
458 94.6862 49.9538 3.05408
459 52.2978 38.6521 -2.23045
460 6.66962 13.0608 0.616146
461 34.1208 97.8064 0.207922
462 64.2529 73.6363 -1.40016
463 64.4585 56.1982 -0.674245
464 65.5257 78.5196 -1.41302
465 76.7767 23.0706 3.35529
466 68.5957 73.5862 -1.35102
467 0.824785 5.76946 1.45139
468 4.38745 15.9068 1.08467
469 66.4763 68.7092 -1.08945
470 91.3219 2.68583 1.43459
471 64.0187 74.2235 -1.19824
472 63.8336 75.6922 -1.09864
473 71.0311 28.9064 -2.8102
474 98.5318 23.3566 1.15466
475 66.2882 19.9711 -2.88792
476 39.8417 0.903674 -0.624128
477 25.6173 38.0567 1.14971
478 84.7625 65.9529 0.551408
479 99.2894 30.0844 1.92936
480 81.8418 25.5961 2.89895
481 4.39153 21.5067 0.931598
482 33.18 8.754 1.25125
483 94.6918 1.85597 1.01243
484 89.8513 15.0296 0.988395
485 87.6664 11.9973 0.557205
486 67.4429 66.8972 -1.84098
487 71.5639 75.7161 -0.881258
488 44.5277 61.0525 -1.38864
489 53.5652 26.0279 -2.41588
490 48.5458 4.71311 0.00158497
491 76.2508 52.9165 -0.866129
492 62.5652 72.4361 -1.1768
493 70.5285 56.5012 -0.715445
494 77.4816 47.1138 -0.703092
495 37.5285 59.564 -1.99491
496 97.4924 10.548 1.18925
497 96.2241 19.5294 1.20073
498 66.1629 71.4293 -1.38106
499 52.9754 36.2873 -2.53754
