500
Particles
0 50.4066 27.5934 2.6178
1 89.2352 6.06968 2.09211
2 72.3973 71.7064 2.30764
3 60.4793 94.482 1.24436
4 54.8856 49.5325 2.45523
5 89.9546 3.61317 2.08926
6 69.4121 54.7739 2.19829
7 66.8814 1.76554 0.951881
8 42.7592 55.2789 2.45663
9 27.9757 1.86243 0.575093
10 70.2095 32.6938 1.99729
11 65.628 62.2263 2.12271
12 75.392 70.7143 1.97033
13 50.197 31.8008 2.10841
14 57.757 52.8575 2.08411
15 51.9509 35.9161 2.11524
16 88.6608 43.7323 2.37334
17 61.3673 67.7856 2.14698
18 57.5785 61.3878 2.05124
19 25.4812 80.4994 2.49346
20 60.3488 95.8764 0.82228
21 67.1987 52.5054 2.20423
22 68.9679 43.3988 2.07399
23 51.2946 39.9953 2.63258
24 63.0702 97.7975 1.4391
25 58.1311 36.5778 2.61154
26 93.6595 98.2303 0.959753
27 65.5008 60.4934 2.48627
28 66.2939 49.5597 2.06783
29 75.5817 68.9587 2.08841
30 48.8521 98.9645 0.235766
31 65.6529 44.7775 2.59002
32 18.2382 86.0938 2.06063
33 58.9843 4.44579 1.35824
34 59.1559 34.0583 1.97246
35 53.3611 62.7469 2.30037
36 55.1417 5.80026 1.21306
37 77.7442 65.8118 2.21379
38 59.7622 41.5728 1.95068
39 53.2395 42.1404 2.04057
40 62.3744 33.4479 2.22191
41 50.2004 40.4927 2.65169
42 71.3978 33.7887 2.7425
43 61.1805 95.5748 0.686076
44 90.9726 8.00931 1.70485
45 76.0105 37.2461 2.26027
46 60.443 37.5503 1.86837
47 90.0017 93.7085 0.874832
48 66.4545 36.2644 2.20882
49 55.0645 24.9186 2.51458
50 62.7543 64.0219 2.21895
51 73.2911 46.4175 2.36795
52 60.4212 97.5256 1.05845
53 55.1269 5.91675 1.27649
54 58.0322 49.74 2.1402
55 72.1451 91.4054 1.9079
56 60.042 52.3403 2.66878
57 70.5484 26.5253 2.48158
58 60.3725 55.6213 2.43263
59 55.7876 35.5828 2.20296
60 62.1262 60.2938 2.32603
61 66.8644 33.0896 2.28451
62 44.3172 49.0872 1.95991
63 29.8218 58.4514 1.20614
64 66.0367 57.5569 2.38169
65 88.8693 94.8929 1.36459
66 58.8361 63.4397 2.02319
67 59.9635 62.1797 2.37387
68 91.6963 91.2152 0.755131
69 79.8762 31.838 2.02199
70 68.0435 57.4064 1.84466
71 60.5504 36.3726 1.88763
72 59.0897 59.9344 2.54315
73 79.2976 63.8948 1.73771
74 68.0135 29.9265 2.79469
75 67.7115 98.2542 1.67498
76 70.6988 30.0853 2.0727
77 70.5872 56.4433 2.01182
78 80.1871 72.6527 2.09271
79 60.9514 57.8858 1.99716
80 68.5279 35.8581 2.80836
81 60.8337 64.2498 2.08668
82 45.2107 59.9018 2.63913
83 51.9003 55.765 2.01665
84 70.4575 88.8561 2.06474
85 67.9082 36.7602 2.36943
86 68.0371 33.2466 1.81306
87 80.986 60.6044 1.97854
88 73.5637 90.1265 1.75855
89 67.6258 30.5827 2.24664
90 62.6906 98.6169 0.668731
91 65.0691 45.0363 1.93988
92 71.9849 53.7955 2.66058
93 51.7903 50.1859 2.16917
94 67.6976 35.7112 2.47876
95 29.6518 83.3297 2.35172
96 66.9973 56.434 2.4345
97 70.2504 59.7871 2.02161
98 63.9234 28.4252 2.36077
99 70.1755 51.8705 2.72787
100 62.9737 97.9294 0.672929
101 57.9352 59.8284 1.93369
102 68.8164 31.9942 2.71357
103 59.1253 32.0815 2.0161
104 68.306 40.1835 2.67695
105 60.8476 99.9709 1.31925
106 58.0612 49.0693 1.75785
107 54.6641 37.8855 2.45914
108 67.9074 43.485 2.66302
109 62.1939 55.9167 2.12101
110 69.1216 99.5763 1.78072
111 82.5305 65.8149 1.43189
112 60.0767 93.901 0.942455
113 67.7804 51.9587 2.07934
114 66.8602 61.5557 2.07027
115 72.3183 67.5705 2.42982
116 70.5679 27.4147 2.39519
117 59.7852 39.9023 2.67755
118 41.4487 93.3909 2.01264
119 54.8923 53.4489 2.23414
120 56.0183 31.938 2.68736
121 76.4078 0.361829 0.0545244
122 64.4193 35.3377 2.43572
123 50.6511 50.6305 1.86651
124 70.2866 71.2632 2.11115
125 90.9492 86.9876 0.912009
126 85.8038 46.4778 2.0425
127 45.3997 34.8989 2.5076
128 63.5412 97.9041 0.865225
129 63.0454 61.8581 2.41358
130 61.426 44.8679 2.24037
131 69.5634 31.9219 2.39399
132 3.66766 78.6688 3.19981
133 96.3867 91.5396 0.880096
134 60.3506 10.4275 1.43777
135 73.672 59.4842 1.93184
136 68.2594 28.4481 2.01765
137 66.9274 56.5553 2.4879
138 69.6348 35.6372 2.79641
139 57.9297 31.8267 2.37485
140 72.3656 33.6166 2.56285
141 78.5793 91.0125 1.25821
142 53.3958 53.8058 2.17001
143 29.3555 64.0928 0.932488
144 66.8908 57.7352 1.8563
145 63.0659 64.425 2.80742
146 54.6737 35.3227 2.36513
147 60.6517 4.49776 0.86288
148 79.056 62.249 1.8405
149 56.0342 63.8156 2.13639
150 69.3796 32.8514 2.43492
151 20.6003 84.8375 1.85724
152 68.5841 28.8812 2.71417
153 69.7567 42.9092 2.07392
154 89.2051 40.6351 2.37338
155 95.1147 93.8221 1.25465
156 47.4064 55.9219 2.53248
157 17.6449 31.9793 -0.576793
158 91.7474 100.098 1.44149
159 28.442 68.4394 1.35595
160 58.7029 6.68601 1.26249
161 31.7458 69.6652 1.67698
162 55.7678 63.3113 2.33978
163 72.4566 87.604 1.79987
164 89.1256 95.948 0.83508
165 52.4917 61.9546 2.06883
166 72.1322 89.0729 1.61455
167 82.5837 64.3987 1.3357
168 60.8748 58.98 2.63566
169 84.811 95.1806 1.20313
170 30.1528 89.8646 1.34692
171 67.5121 54.0238 1.77766
172 53.2641 33.8567 1.8885
173 71.4039 30.9447 2.33181
174 91.0441 99.9046 1.34312
175 95.0486 83.7746 0.57962
176 72.5765 72.3135 2.25029
177 59.5771 29.8675 1.95118
178 62.2102 96.7568 0.801788
179 66.1239 49.4398 2.18386
180 68.4875 54.5605 1.81685
181 30.181 63.9891 1.61288
182 60.8435 51.9716 2.25176
183 47.9447 24.6709 2.28136
184 74.4483 55.6927 2.47704
185 92.9649 94.5268 1.08338
186 70.4765 39.8163 2.41694
187 44.1016 90.5376 2.04285
188 42.5496 34.4888 2.57178
189 67.4915 67.3927 2.26398
190 91.6939 99.4135 1.54568
191 71.3876 63.867 1.62607
192 65.6802 24.6052 2.55552
193 74.0594 49.3849 1.95962
194 62.9486 30.4944 2.43855
195 66.7006 54.4235 2.51123
196 56.1145 28.6115 1.96082
197 67.1758 31.8843 2.10502
198 71.5746 54.1599 2.32836
199 11.438 30.2648 -1.81012
200 72.2758 56.3379 2.33359
201 75.8314 66.3558 1.83189
202 61.3874 98.7022 1.13264
203 34.1845 70.9078 1.63403
204 94.9461 96.9815 0.689655
205 82.2154 63.7182 2.01229
206 62.1233 31.4248 2.76244
207 58.2178 38.3211 2.76523
208 47.04 62.8667 2.68736
209 41.1797 91.8205 2.88217
210 62.3187 61.9119 2.63602
211 69.5307 39.4573 2.84304
212 93.0773 90.8184 0.891455
213 20.4018 82.2387 2.18586
214 42.5172 31.0429 3.09275
215 59.1518 44.3165 2.39541
216 76.4764 40.2187 2.22452
217 66.1844 53.547 2.21712
218 66.4316 74.0002 2.50145
219 62.0646 68.8649 1.97444
220 78.4568 64.3072 1.6099
221 76.6776 50.4825 2.46987
222 77.1703 64.791 1.49258
223 65.2522 1.37521 1.29049
224 57.7535 95.3683 1.24504
225 74.7549 70.414 2.05592
226 8.51631 23.8559 -1.46431
227 72.8896 43.2901 2.40194
228 68.9623 33.6534 2.14206
229 73.1265 36.7838 2.75531
230 49.7631 35.1947 2.83006
231 63.1154 59.205 1.96126
232 71.6528 50.0833 2.55555
233 60.1671 35.6747 2.62313
234 58.4966 33.4685 2.26914
235 58.9696 50.0071 1.97728
236 82.9953 34.1429 2.50307
237 71.1006 70.3638 2.35486
238 61.6806 52.3189 2.42999
239 54.3556 54.7188 1.91741
240 65.1538 59.9529 1.99723
241 45.867 54.1058 2.50539
242 72.6385 42.4314 2.44654
243 71.8141 56.2914 2.63501
244 31.0151 70.8378 1.91356
245 72.728 45.9928 2.09251
246 70.6113 37.1015 2.39204
247 92.2223 97.827 1.35186
248 56.1614 53.2848 1.98006
249 65.929 27.492 2.35371
250 62.4841 60.0232 2.71094
251 66.6742 68.6203 1.86327
252 64.0918 100.484 1.55745
253 54.0782 96.4281 1.59416
254 69.841 31.6193 1.88015
255 57.2587 62.8092 2.01638
256 72.691 40.4849 2.84792
257 66.0225 31.2279 2.00092
258 45.4348 58.4021 2.33734
259 58.4579 49.8852 1.92395
260 94.6812 1.22179 1.66196
261 55.0169 54.0238 2.03588
262 73.2249 35.3898 2.21444
263 70.3728 49.0552 2.6344
264 59.7918 5.35247 1.04778
265 67.8153 31.6995 2.18017
266 60.3112 28.8152 1.80034
267 66.4225 59.6602 2.00404
268 55.6125 32.2087 2.53255
269 63.5593 62.0826 2.08502
270 61.0968 54.4651 2.24489
271 60.7275 52.3841 2.09178
272 18.1774 81.0831 1.92357
273 58.1091 32.9501 2.10054
274 62.9989 40.8145 2.37003
275 70.5166 34.8091 2.17913
276 61.6353 25.5267 2.34233
277 73.252 54.4195 2.66662
278 77.9208 1.59848 2.34877
279 72.3738 42.8734 2.35336
280 63.5657 56.3498 2.06358
281 69.466 38.1135 2.74176
282 57.1113 52.419 2.16992
283 84.3528 63.3983 1.90641
284 83.4751 31.3143 1.84313
285 70.8328 58.0704 2.49981
286 47.3054 38.9921 2.09737
287 67.9488 36.2719 1.86414
288 49.9512 71.3247 2.84688
289 80.3351 32.0663 2.63971
290 62.3893 37.2348 2.55542
291 48.1106 21.8353 2.143
292 93.6718 92.3687 1.47793
293 59.8365 37.7443 2.7435
294 61.3393 50.4924 2.06329
295 65.858 52.4349 2.08228
296 76.2592 55.5387 2.10289
297 87.8349 43.6085 2.34098
298 49.8666 55.883 2.06641
299 75.6788 65.9909 1.55453
300 63.2304 33.2111 2.02037
301 60.8691 62.0764 1.94164
302 54.7273 31.147 2.38748
303 70.5521 37.8889 1.84933
304 28.3527 59.9251 1.06424
305 67.4779 66.8575 2.10561
306 59.4707 1.04607 1.22308
307 72.2744 68.1821 2.29961
308 56.5896 57.6164 2.20895
309 61.0305 40.0396 1.89623
310 60.775 3.01408 1.70696
311 55.4355 42.741 2.51261
312 72.188 46.4103 2.61091
313 20.5788 83.3534 2.25162
314 59.8979 65.7245 2.83177
315 71.4031 41.8493 2.89435
316 70.4392 52.2137 2.25016
317 60.7493 56.1835 2.31192
318 73.6352 69.3009 2.07884
319 75.5635 65.9205 2.27204
320 77.4737 63.904 1.9244
321 60.6443 66.5759 2.57022
322 79.9841 60.8256 1.91517
323 60.1029 57.2161 1.77296
324 10.9067 26.0526 -1.4814
325 75.8631 39.319 2.31827
326 67.8856 31.9098 1.98374
327 61.0073 34.0516 2.27026
328 84.334 60.8482 1.81869
329 56.9792 91.1405 1.01828
330 21.1788 82.3904 1.77572
331 64.5026 5.52307 1.46079
332 28.397 85.4891 1.87723
333 74.1845 56.4893 2.63061
334 52.4354 44.2155 1.96801
335 74.0888 65.4036 2.1839
336 80.457 63.4403 2.08793
337 54.5928 50.9555 1.96134
338 78.2141 42.0127 1.86106
339 65.1951 33.4598 2.50282
340 51.4731 31.6839 2.18228
341 53.9289 57.2552 2.53284
342 60.0202 59.2147 2.75915
343 74.3083 39.6395 2.07337
344 71.2835 36.5747 2.11856
345 67.9931 95.0707 1.26654
346 52.0086 42.4953 2.44544
347 96.1938 2.23266 1.60349
348 43.8059 37.1489 1.9987
349 92.3517 97.1329 0.900217
350 69.6382 40.3427 2.3355
351 32.2828 59.9831 1.44509
352 92.7615 5.33153 1.78715
353 63.6407 100.081 1.45089
354 64.7171 27.9338 2.35124
355 69.8179 28.926 1.88537
356 81.6363 60.051 1.4394
357 91.4664 96.0076 0.74788
358 63.0414 56.1132 2.67574
359 57.7943 36.0141 2.22032
360 57.3783 67.8419 2.40861
361 53.7851 24.4918 2.00125
362 64.1805 53.4893 1.86094
363 69.1911 34.7833 2.29425
364 62.2788 5.66786 1.21093
365 67.0637 45.5468 2.17626
366 70.2928 56.0331 1.65834
367 81.0069 64.6286 2.02082
368 52.2919 33.747 2.54623
369 25.2067 82.7209 2.09448
370 57.7528 98.1164 0.690692
371 59.5068 62.8082 1.8962
372 63.1544 50.3263 1.84592
373 72.8515 59.5192 1.98281
374 62.661 64.0376 1.87714
375 75.318 53.4163 2.50669
376 64.62 54.6504 2.30504
377 18.8826 84.4224 2.28749
378 62.9738 39.6597 2.15598
379 80.036 67.1638 1.78213
380 70.153 33.7986 2.3449
381 7.03052 29.3287 -1.69565
382 67.4059 54.6998 1.92171
383 75.2367 92.5211 1.80433
384 69.8753 49.3456 2.42806
385 65.6937 2.20621 0.819667
386 52.951 3.49326 1.6588
387 54.6244 24.4589 2.28777
388 76.6439 37.1296 2.25235
389 57.8133 35.9722 2.39549
390 51.2107 59.2451 2.52827
391 59.244 56.5359 2.00941
392 58.2926 34.3646 2.68202
393 76.4984 43.0264 2.34685
394 68.1643 57.1834 1.98
395 63.419 57.1906 2.24563
396 62.8052 67.4987 1.93681
397 64.7116 59.4129 2.23167
398 20.9482 81.8907 2.34796
399 48.8341 54.7415 2.52686
400 53.7969 52.2147 2.29761
401 31.3295 83.3494 1.91137
402 64.5777 26.9783 2.58832
403 68.4881 53.3579 2.418
404 64.2976 36.1325 2.40094
405 90.0927 5.66889 1.56324
406 46.7312 29.4434 2.3099
407 70.0483 58.0718 2.01975
408 58.9917 43.5351 2.01527
409 84.5348 63.0331 1.62005
410 55.0539 53.9772 2.67692
411 64.999 61.3424 2.6623
412 73.1986 31.0676 2.31227
413 54.376 54.3979 1.79666
414 74.3949 41.8984 2.02456
415 86.1812 94.1668 1.37114
416 73.7836 53.6561 2.67268
417 52.9667 51.9775 1.91291
418 64.8284 62.6242 1.95449
419 70.4522 91.9991 1.43932
420 58.808 35.6405 2.65573
421 63.1964 61.2274 2.67583
422 58.4884 53.3426 2.1355
423 75.9718 60.3402 2.00931
424 62.0714 66.9684 2.19478
425 65.8866 49.3387 2.11673
426 2.15778 27.0848 -2.05518
427 63.257 65.3223 2.84921
428 67.6874 39.3953 2.19242
429 70.726 35.1243 2.83353
430 25.64 65.763 0.996001
431 74.7474 51.8582 1.88846
432 58.3345 64.0219 1.91654
433 85.0973 60.7671 1.70467
434 62.7944 35.64 2.70275
435 64.4392 3.03578 1.33825
436 30.8904 65.4726 1.10851
437 57.8964 31.299 2.60288
438 77.5142 72.0827 2.04575
439 79.8994 65.8677 1.74228
440 73.1442 30.9616 2.5269
441 44.4775 29.9014 2.61226
442 67.7134 59.3881 1.80432
443 8.91181 33.1323 -1.57572
444 72.1847 47.2955 1.93409
445 82.9835 0.441381 0.346972
446 67.5702 1.22374 1.35784
447 49.1823 37.6602 2.91789
448 65.2424 55.3805 2.51515
449 77.2377 31.5968 2.84992
450 56.0976 58.0344 1.9769
451 64.0125 29.8365 1.9277
452 64.0613 67.3843 2.1043
453 69.8419 30.3482 1.86082
454 66.4184 64.2507 2.10575
455 80.6685 94.4165 1.49292
456 52.0125 49.6078 1.84195
457 60.1836 52.0455 2.31084
458 61.8039 47.8197 2.61792
459 94.0025 92.0619 1.1927
460 59.9104 33.79 2.62555
461 59.4403 99.1821 0.977665
462 72.381 44.7599 1.84356
463 62.3157 53.788 2.42672
464 80.5454 49.6957 2.80736
465 56.2195 55.2807 2.41929
466 73.3809 38.254 2.51559
467 81.7116 63.8247 1.88853
468 53.7087 32.2088 1.90017
469 33.2662 60.541 1.70114
470 19.8062 74.0193 0.603976
471 64.366 38.3784 1.98739
472 74.1411 47.0387 2.29024
473 72.771 53.8474 2.6531
474 14.3705 28.8792 -1.55341
475 49.607 34.4728 2.89399
476 91.253 95.9706 0.921069
477 71.4193 36.4594 2.41149
478 51.5785 66.9024 2.85734
479 66.8318 93.9845 1.44056
480 56.7143 42.4358 2.40029
481 83.1495 59.7114 1.67911
482 64.8522 27.1714 2.73785
483 55.0258 58.8103 2.10359
484 52.9918 35.1222 2.74063
485 49.3421 24.5973 1.95324
486 73.9106 34.0388 2.32111
487 72.9418 38.0084 2.73109
488 44.8977 52.2478 2.04609
489 68.8342 92.4233 1.46987
490 68.3185 98.9677 1.81422
491 66.4461 33.0572 2.56229
492 75.854 50.4016 2.01991
493 68.5803 40.9814 2.36229
494 65.5473 28.2354 2.52832
495 59.9113 38.852 2.63639
496 66.6403 59.4865 2.50219
497 62.603 62.4191 1.99078
498 74.7012 34.623 2.17916
499 75.8498 76.4584 1.85698
