500
Particles
0 60.0558 18.1548 2.92848
1 86.8202 11.3712 3.11369
2 69.281 83.8132 -2.06996
3 61.3029 38.7406 1.85541
4 98.9523 7.71813 2.0655
5 69.6605 15.5968 2.69394
6 52.8842 26.8715 2.10357
7 59.7516 51.9772 1.40953
8 88.2916 19.1047 2.94027
9 88.7162 22.3284 2.38277
10 79.2494 18.8347 2.75097
11 36.6215 66.7115 0.637857
12 52.0911 40.3137 1.67213
13 0.747302 98.3261 2.08156
14 99.6342 9.49574 1.82052
15 6.8637 34.5903 -2.33796
16 85.0566 22.8538 2.34606
17 96.3896 32.7253 -2.82496
18 97.15 16.3931 2.47352
19 63.0521 34.1276 1.96329
20 56.1192 39.5076 1.80663
21 46.1008 27.1371 1.94069
22 74.1922 27.694 2.11559
23 2.89599 3.4929 1.99555
24 59.4602 43.07 1.72182
25 67.3902 22.8576 2.00294
26 69.5723 12.0254 2.51177
27 27.6696 58.0207 0.200962
28 59.7626 23.8626 1.69705
29 7.35884 98.6947 2.39446
30 70.7189 90.8496 -2.38797
31 70.5158 27.6137 2.35701
32 56.6088 37.9968 1.92735
33 71.2703 81.8888 -3.04009
34 71.938 24.377 2.58776
35 95.5282 23.5875 2.53026
36 31.6843 69.9773 0.901902
37 53.9689 32.9892 1.27336
38 63.117 22.8774 2.17802
39 0.361758 5.37659 2.26528
40 75.6818 24.5612 2.86871
41 97.6971 4.18959 2.55962
42 81.9768 25.4252 2.37098
43 60.0784 39.4265 1.31053
44 87.0523 14.8717 2.76766
45 82.2189 21.9842 2.87006
46 72.854 27.6197 2.73989
47 83.0115 43.2554 2.2456
48 75.8508 24.1099 2.08009
49 68.1239 17.8233 2.44377
50 3.16186 25.3132 2.83317
51 76.4685 29.9637 2.89604
52 58.8061 41.5177 1.77812
53 30.6097 69.5161 0.496196
54 2.15471 8.15163 2.49203
55 68.7446 35.6216 2.0555
56 3.70997 10.1274 2.31766
57 78.4604 14.9887 2.06866
58 99.6993 12.3681 1.72288
59 64.6673 21.915 2.91855
60 1.2226 21.217 2.92878
61 79.8235 23.3826 2.10002
62 86.7051 17.5375 2.74435
63 84.842 5.90354 2.73818
64 50.756 31.6943 1.13171
65 69.1008 39.8552 1.47107
66 99.0422 23.7755 2.78097
67 -0.214473 23.9606 2.346
68 68.3556 37.1262 1.55472
69 83.939 16.0725 2.66995
70 51.6842 30.1539 1.14191
71 71.0497 23.2872 2.38292
72 -0.266166 19.6478 2.52109
73 55.7447 32.3525 1.49257
74 77.3225 17.0273 2.05005
75 63.282 46.8725 1.43432
76 79.2648 15.2726 2.85954
77 53.0661 29.935 1.56582
78 69.9654 9.74126 3.13684
79 1.7412 14.3642 1.66493
80 75.6462 20.1947 2.93406
81 98.676 22.8424 2.66154
82 63.1888 31.02 2.3846
83 97.2253 12.4316 2.31152
84 70.3805 32.8471 2.22883
85 75.334 21.1305 2.70677
86 76.4417 19.6257 2.28103
87 62.2994 29.1229 2.25402
88 64.2376 34.787 1.39977
89 74.2527 16.5871 2.42818
90 59.268 43.1538 1.26729
91 68.3812 27.6866 2.10202
92 62.1103 27.7658 1.95403
93 97.3862 8.52226 2.51971
94 77.8061 23.136 2.84267
95 59.9384 34.1457 1.53147
96 46.1862 30.0252 1.31367
97 54.2926 33.6274 1.95435
98 73.9897 16.4001 2.5411
99 61.9372 28.0407 1.57341
100 61.3456 41.8682 2.15564
101 0.0541476 17.9662 1.95389
102 80.4426 20.91 2.44631
103 70.6582 20.3043 2.49269
104 77.8294 27.4276 2.3547
105 56.5657 44.6579 1.42332
106 0.778975 8.58819 2.52228
107 58.2712 21.5417 1.89543
108 75.3726 27.8653 2.7857
109 6.06434 13.2534 2.25809
110 86.5687 50.4125 1.70326
111 53.8211 32.065 1.99764
112 58.6121 38.1936 1.86923
113 55.8723 25.9263 2.19696
114 44.18 36.1507 1.13901
115 52.6189 39.3994 1.27844
116 77.4409 13.574 2.71662
117 68.2804 26.0622 2.76577
118 55.6112 40.169 2.09802
119 1.1937 9.64341 1.7272
120 67.4429 21.6657 2.64479
121 91.8739 20.6328 2.25682
122 76.9944 24.9713 2.08519
123 93.5398 14.1051 2.3792
124 98.0084 94.6207 2.24664
125 67.7464 35.0718 2.17044
126 83.4079 31.3821 2.29216
127 98.5431 0.758067 2.56485
128 62.1515 43.2694 1.34248
129 66.78 85.5203 -2.80846
130 61.3673 24.523 1.67507
131 77.4298 17.7101 2.52824
132 73.3134 36.9876 2.16905
133 72.6672 38.8903 2.24358
134 67.9699 16.4196 3.07945
135 56.9857 30.8871 1.8966
136 76.0252 16.7189 2.22594
137 51.7257 31.7239 1.78839
138 78.3676 22.2409 2.33565
139 69.2363 20.691 2.13036
140 80.4255 18.5056 2.88796
141 69.24 37.1918 1.96888
142 -0.142017 11.829 2.31178
143 85.4608 24.7775 2.52071
144 51.1673 34.7951 1.79036
145 65.8569 86.651 -1.87655
146 61.7042 21.9872 2.02527
147 69.2016 80.5412 -3.04192
148 60.6523 31.7134 1.65112
149 98.5524 22.3638 2.1923
150 83.1164 23.686 2.23793
151 58.2229 36.5247 1.90995
152 77.3584 15.5912 2.61485
153 74.4412 25.9983 2.67337
154 85.3554 23.4662 2.81889
155 75.1567 40.4417 1.7235
156 93.2468 20.5524 2.29264
157 81.5464 32.4437 2.29994
158 68.8195 13.8746 2.99933
159 86.9188 29.582 2.59539
160 71.5631 86.1623 -2.73193
161 83.7055 28.0459 2.34594
162 98.1345 25.4075 2.81508
163 66.9757 33.7181 2.4282
164 65.9188 42.983 1.92052
165 95.5411 21.8508 2.56981
166 64.8268 33.6738 1.56583
167 57.5715 34.3653 1.34212
168 98.824 15.3963 2.6474
169 63.6227 40.9274 1.37923
170 87.4662 4.75844 2.64793
171 53.0542 27.1181 1.2937
172 57.9299 19.615 2.39141
173 82.3827 19.3938 2.30524
174 69.187 13.9218 3.04169
175 71.9382 34.5431 2.38599
176 2.68387 32.5814 -2.04268
177 72.1833 20.8226 3.04
178 62.6892 42.3495 2.05862
179 59.7614 24.4608 2.24603
180 55.3634 27.1117 1.59508
181 88.8254 23.8297 2.28162
182 5.28282 10.5928 1.7037
183 61.7822 18.644 2.69774
184 64.9686 28.8941 2.41617
185 70.7263 40.7752 2.17995
186 78.4887 25.9775 2.08661
187 58.3254 37.6341 1.30074
188 93.699 11.3446 2.42754
189 70.4659 87.2196 -2.81535
190 68.7654 14.1519 3.10004
191 52.5575 36.0464 1.26456
192 75.3857 16.0361 2.75674
193 72.2835 28.7035 2.29371
194 74.1825 18.6721 2.51721
195 50.6972 28.4113 1.47062
196 70.6084 20.5225 2.90189
197 76.7025 18.5774 3.00747
198 61.246 27.6969 1.71963
199 69.8894 16.6781 2.91893
200 55.9009 29.8419 1.503
201 6.74993 96.8298 2.2041
202 60.1339 42.5864 1.998
203 86.6272 30.2988 2.48436
204 70.4502 13.1187 3.18534
205 57.8735 32.1004 1.79903
206 73.5177 20.5412 2.97596
207 66.9909 24.9228 2.74622
208 66.6802 31.8743 2.3182
209 56.9401 39.6249 1.76033
210 1.11513 19.6258 2.69718
211 76.0427 24.513 2.85303
212 71.9237 38.2231 1.97158
213 61.0414 34.7994 1.4871
214 90.3896 8.68069 2.33923
215 56.2352 22.9183 1.98265
216 82.9598 27.3356 2.70009
217 50.9198 26.5673 1.21546
218 84.6714 39.8825 1.68639
219 98.3249 33.2197 -2.16597
220 56.9411 32.5308 1.27418
221 77.0244 30.4471 2.82425
222 55.1653 33.1983 1.83619
223 56.7419 46.9926 1.9515
224 59.4015 38.9945 2.13109
225 38.7484 65.4534 0.154113
226 85.5363 21.7075 2.35529
227 78.165 26.309 2.63511
228 78.6401 20.5309 2.66534
229 80.3286 21.8298 2.14452
230 1.73559 100.12 1.77798
231 5.09849 20.5522 2.90265
232 69.4013 28.9392 1.99386
233 71.6031 23.8423 2.96718
234 68.8679 20.42 2.62538
235 3.78273 8.12 2.00902
236 85.2704 20.1963 2.45707
237 71.6067 86.919 -2.34466
238 3.24167 7.9727 2.35578
239 96.8776 8.96029 2.00445
240 48.5481 36.1879 1.72274
241 88.92 17.9822 2.81584
242 78.6912 29.4136 2.21322
243 56.8267 28.7856 1.31697
244 85.9984 28.7505 2.67295
245 75.9995 28.5116 2.53056
246 78.0621 20.5766 2.93983
247 87.4436 98.4538 2.12668
248 98.2072 10.195 2.58516
249 76.0997 16.1359 2.39738
250 25.5505 60.7514 0.619142
251 68.2328 85.5448 -2.768
252 56.1368 50.1855 1.25872
253 57.8926 40.7553 1.92839
254 78.9546 19.6969 2.74163
255 97.9354 21.4616 2.24497
256 79.2502 27.1308 2.90073
257 78.3366 21.2898 2.31145
258 91.0746 21.9138 2.43232
259 4.40615 9.33477 2.29137
260 71.5031 16.6721 2.55079
261 0.382071 10.5154 2.35377
262 82.4508 23.0818 2.3218
263 69.7067 28.4894 2.83701
264 70.3133 82.1493 -2.6414
265 76.3796 18.3414 2.70586
266 72.6052 19.0272 2.71819
267 46.6333 32.4656 1.76874
268 69.5089 23.4538 2.3184
269 29.026 60.773 -0.0019011
270 2.64901 12.9523 2.34336
271 5.95173 10.095 2.36698
272 59.6347 34.8478 1.67733
273 70.0915 21.3255 2.15115
274 72.6291 26.5483 2.95855
275 78.5735 19.7904 2.18362
276 73.3599 18.8884 3.04153
277 59.2256 26.8652 1.9762
278 83.3798 10.0793 2.49185
279 79.5441 30.5739 2.0122
280 2.87859 12.0178 1.79413
281 78.9481 25.0435 2.86601
282 1.26674 8.78195 2.36258
283 53.9402 38.5561 1.14094
284 82.3979 13.8445 2.82127
285 53.4431 30.4245 1.34828
286 97.1008 4.3128 1.80415
287 76.1399 21.7081 2.61651
288 62.4738 35.2256 1.81478
289 83.3935 15.1451 2.57496
290 72.5175 24.7868 3.02504
291 89.5199 13.8471 3.12399
292 64.6372 40.1041 1.23788
293 70.6735 25.4496 2.1935
294 4.27844 7.58168 2.05633
295 89.9037 42.2379 1.89082
296 65.6024 29.7035 1.95881
297 83.9512 23.0691 2.52817
298 92.4872 17.5776 2.20434
299 55.1773 34.4036 1.99859
300 74.4318 21.2619 2.98482
301 0.935898 21.3645 2.09047
302 64.337 18.7896 2.23261
303 77.9132 22.4628 2.91201
304 85.0135 8.46877 2.43343
305 70.0006 86.3178 -2.19863
306 38.1397 64.9238 0.0737031
307 71.4496 85.0627 -1.94883
308 1.72084 12.7478 2.4379
309 71.1747 27.4423 2.77607
310 40.8695 64.6946 0.0730057
311 4.11715 2.80304 2.0126
312 74.8731 27.6159 2.47645
313 58.596 36.0498 1.40149
314 98.2022 28.1684 2.52919
315 76.1391 24.5573 2.85772
316 57.3036 27.9088 1.29921
317 1.38734 14.3735 1.80252
318 53.9997 41.4039 1.48386
319 54.5313 34.868 1.10502
320 54.6208 32.1725 1.9315
321 97.661 30.7951 -2.47578
322 57.0929 29.7909 2.08252
323 99.734 13.5794 1.63449
324 77.4727 8.90387 2.21725
325 82.5901 25.946 2.74446
326 78.0795 18.5838 2.75111
327 73.7193 22.6107 2.52883
328 64.3013 30.3949 1.63641
329 62.0045 35.9342 2.24871
330 59.1869 34.6977 1.32446
331 69.8604 76.5837 -2.83722
332 59.4193 36.2051 1.59726
333 61.7385 28.6411 1.62151
334 98.8243 7.1003 2.45226
335 52.1191 34.8774 1.23602
336 56.54 31.0457 1.14894
337 97.4457 7.83333 1.89509
338 80.3762 24.887 2.99671
339 78.8752 24.6593 2.11827
340 43.9563 28.4285 1.46302
341 97.112 12.6136 2.45715
342 99.0159 16.3692 2.18569
343 81.3603 28.8165 2.7154
344 80.0199 22.8068 2.57121
345 63.2062 39.6277 1.23465
346 95.0479 5.63686 1.87054
347 69.1297 12.8745 2.91942
348 93.8588 10.8211 2.67167
349 69.354 10.1191 2.94279
350 76.6109 27.257 2.58866
351 90.6855 21.8199 2.63793
352 86.8326 13.4193 2.13384
353 58.5449 45.6971 1.67212
354 75.3095 18.2398 2.39501
355 80.3973 16.7055 2.28864
356 60.9731 30.2493 1.98587
357 85.3605 45.6679 2.05283
358 3.66952 14.2096 2.47424
359 67.4481 22.8647 2.04271
360 90.2779 28.883 2.3886
361 66.0773 17.6367 2.94659
362 47.6783 30.2637 1.32142
363 77.4095 19.1735 2.23567
364 72.1833 83.0442 -2.83388
365 72.2848 28.5054 2.23524
366 54.4969 29.1348 2.08736
367 58.2042 32.9693 1.30657
368 61.2928 21.6321 2.65058
369 61.1203 34.8222 1.90166
370 55.7825 42.4544 1.23958
371 -0.486803 22.9032 2.91427
372 6.5475 8.01632 1.81645
373 55.245 31.0728 1.54332
374 70.0483 87.0812 -2.22223
375 70.1434 28.5448 1.96899
376 6.88827 11.3574 2.3549
377 57.278 36.1472 2.07726
378 72.1297 26.7164 2.943
379 55.1893 35.1774 1.48105
380 80.0093 21.4976 2.47556
381 72.6585 11.5794 3.13401
382 49.2764 27.8747 1.76481
383 64.1773 37.0357 2.16087
384 69.0718 28.9375 2.04404
385 44.5588 64.2059 0.650387
386 31.654 69.2138 0.849893
387 69.8218 18.0762 2.96522
388 83.7681 24.185 2.34855
389 64.8083 20.1469 2.68778
390 94.4262 15.7418 2.372
391 0.803413 11.8158 1.9831
392 65.6506 18.6429 2.57565
393 80.725 29.3483 2.53902
394 49.27 30.3262 2.04257
395 1.82379 13.8742 2.33073
396 98.5284 30.9426 -2.464
397 51.2886 39.0164 1.54007
398 59.8444 34.5871 1.35599
399 91.7239 18.3308 2.47364
400 96.811 8.69813 1.84915
401 65.3005 34.3794 1.5967
402 76.0372 18.2727 2.29878
403 48.7069 26.6129 1.60221
404 75.2948 23.5648 2.13886
405 85.9499 12.2323 2.96175
406 99.102 97.7501 2.07446
407 51.9397 28.8833 1.86163
408 56.9725 23.172 2.56992
409 57.8111 31.6881 1.79745
410 96.3962 9.52387 2.83481
411 47.9162 37.8264 1.63098
412 84.9726 18.8988 2.53296
413 98.8804 10.9094 2.54461
414 79.333 27.9574 2.76575
415 63.5665 39.5997 1.68024
416 65.0091 28.6468 2.25379
417 94.8849 8.24009 2.60393
418 2.32464 19.5788 2.54765
419 65.1384 36.3494 1.75398
420 69.678 24.489 2.06771
421 97.3552 16.7074 2.43311
422 1.59396 10.4349 1.83792
423 56.9708 30.9924 1.67447
424 1.57392 30.415 -1.58986
425 52.9865 25.0771 1.49273
426 55.7898 36.3443 1.86131
427 66.8898 87.9492 -2.78451
428 77.5844 27.0311 2.11248
429 81.851 25.6727 2.40295
430 84.5769 25.4202 2.69024
431 72.2237 29.9197 2.61383
432 98.8288 23.9189 2.40729
433 57.5664 33.8922 1.84124
434 73.4755 24.1313 2.29576
435 70.6319 80.8282 -3.12367
436 87.5939 24.937 2.3711
437 70.9634 20.6951 3.00466
438 6.28754 99.2258 2.59118
439 56.1451 33.7252 2.00806
440 79.7328 15.49 2.88091
441 98.6255 97.7223 1.88927
442 50.145 30.9772 1.59609
443 73.1919 17.3923 2.44251
444 75.313 29.8513 2.63772
445 69.3898 14.9613 2.3016
446 76.1441 75.4887 2.7295
447 99.5044 3.08365 2.27461
448 7.56078 41.9474 -1.95796
449 82.4507 15.3629 2.58144
450 99.6267 14.3242 2.26435
451 76.8717 20.4564 2.12772
452 69.1348 88.0831 -2.42481
453 81.4604 19.7168 2.05186
454 65.556 87.5658 -2.81399
455 66.8786 37.744 1.90254
456 93.348 6.43716 2.72664
457 3.2613 7.99955 2.23847
458 31.631 30.1693 0.787964
459 70.6052 38.2469 2.01456
460 70.4241 21.4367 2.37035
461 59.1874 42.8189 1.34065
462 77.4587 29.8812 2.11763
463 5.56627 11.6311 2.43881
464 79.7005 32.4903 2.76239
465 0.905882 13.828 2.51315
466 80.6516 25.2991 2.84421
467 55.4955 32.1046 1.40083
468 65.3374 21.1114 2.59329
469 89.5757 22.2897 2.32831
470 89.1011 11.8825 2.82992
471 76.758 27.3972 2.91938
472 77.5787 30.1481 2.95052
473 58.5003 27.1043 1.95931
474 7.9752 35.8648 -1.68148
475 99.3828 1.01356 1.84212
476 87.8198 46.2863 1.20811
477 75.7475 18.7809 2.55318
478 70.2829 32.2942 1.76297
479 62.2213 38.3466 1.66555
480 6.12786 6.91407 1.90769
481 66.0779 30.0377 2.60402
482 75.9382 17.6625 2.6614
483 97.336 14.5169 2.45356
484 62.692 22.8858 2.51727
485 63.9289 18.3279 2.78418
486 84.0663 20.4912 2.81795
487 82.0612 26.0865 2.89323
488 91.3921 20.9545 2.68006
489 67.2637 35.8767 1.60284
490 55.9706 49.0655 1.01918
491 78.4694 21.3282 2.83952
492 77.525 32.4793 2.14445
493 76.1819 27.0212 2.71374
494 77.6269 19.6486 2.76647
495 68.9836 25.1416 2.59051
496 51.3705 36.2375 1.43571
497 2.74323 29.5927 -1.57266
498 84.2542 23.3554 2.51567
499 83.7813 41.4245 1.46409
