500
Particles
0 56.9046 81.5529 1.77411
1 23.6755 82.0513 1.97653
2 14.2684 86.728 2.09496
3 57.8636 90.7487 1.54921
4 21.6595 64.6913 1.4367
5 14.0985 94.3173 2.76982
6 46.6407 78.6622 1.53266
7 28.3555 29.5896 1.19939
8 28.4265 92.5769 2.21529
9 29.9391 96.6785 2.14464
10 22.5328 95.2545 2.86547
11 19.0274 25.1796 1.50085
12 53.9145 92.8521 0.895107
13 87.8405 70.4629 0.281698
14 23.4261 66.9094 1.24044
15 34.2511 8.8191 -3.47833
16 28.842 0.692874 2.99725
17 18.0283 56.1007 2.20441
18 28.9548 79.7413 2.23683
19 94.0726 4.8835 1.38427
20 58.1212 91.1209 1.02798
21 43.5218 78.1321 1.7491
22 16.5695 2.41528 2.33752
23 25.9147 61.2681 1.86234
24 73.4849 22.6433 -2.15257
25 10.5547 0.474185 2.60649
26 15.3638 93.7889 3.07709
27 18.0948 17.2619 0.735692
28 61.0456 82.2404 1.6592
29 21.9218 58.3226 1.75598
30 15.4764 90.0081 2.86902
31 12.9093 4.03972 2.67463
32 58.1969 89.021 1.54166
33 17.017 85.4033 2.3746
34 15.7295 1.55335 2.16193
35 32.1761 91.5015 2.82759
36 15.8955 28.656 1.50585
37 47.3618 84.243 1.89175
38 4.67757 98.1821 2.61798
39 19.0134 62.0921 1.5537
40 17.8578 98.7714 2.6372
41 90.5193 76.1932 0.190772
42 24.1081 100.088 2.59254
43 74.1311 12.7841 2.67493
44 25.4814 86.7524 2.28295
45 26.4604 0.867502 3.27127
46 15.4244 3.23078 2.38831
47 8.56999 24.138 1.37311
48 18.5432 99.9396 3.15508
49 11.2033 94.4703 2.93412
50 36.3164 91.3318 2.8426
51 17.6422 4.04521 2.57285
52 72.0452 19.5282 -2.68507
53 15.0173 27.3251 1.52096
54 29.344 67.6442 2.05049
55 7.1317 7.3818 2.26135
56 30.7119 69.4794 2.01615
57 22.4597 92.9138 2.8099
58 27.9391 72.9043 1.6423
59 7.77724 98.2695 2.63222
60 33.4223 85.8737 2.60201
61 22.3279 98.9488 2.17406
62 27.966 91.734 2.29009
63 21.9322 77.4933 2.0915
64 41.6637 84.404 1.638
65 4.47181 8.70366 2.34652
66 33.5898 89.2687 2.40101
67 34.2942 90.3021 2.10762
68 3.41664 6.96946 2.01316
69 26.7233 91.7158 2.42239
70 46.3047 81.5119 1.09142
71 13.8887 100.073 2.46298
72 35.5175 86.0772 2.26626
73 51.095 83.4538 1.58373
74 19.867 92.4239 2.60902
75 70.3736 28.4422 -0.694893
76 23.4303 93.2542 2.73153
77 44.836 81.4993 1.84385
78 15.253 90.4954 2.75335
79 30.1845 75.3745 1.85223
80 19.0123 95.8678 2.42148
81 32.2306 88.1556 2.47865
82 98.5638 2.57241 1.37325
83 24.8849 72.2202 2.15827
84 11.102 6.41754 2.39942
85 17.6838 96.0345 3.02794
86 19.7779 96.0049 2.6504
87 99.7828 2.86579 1.33151
88 95.01 4.65573 2.24408
89 17.7313 92.8462 2.8958
90 70.5432 25.664 -1.20726
91 10.873 3.7224 2.87303
92 99.8933 1.94309 1.67373
93 27.1709 69.5856 1.69715
94 19.9282 97.5758 3.00791
95 58.8805 86.0088 1.03415
96 41.1501 82.0145 1.54069
97 48.2132 85.9104 1.81975
98 17.7137 94.3351 2.28481
99 67.5273 83.7781 1.18822
100 73.2023 19.5458 -3.32526
101 30.3844 80.5091 2.23361
102 24.0415 97.4901 2.7433
103 14.7439 98.154 2.5422
104 19.2638 1.18989 2.92237
105 67.511 24.9977 -0.306585
106 30.9842 69.9905 1.47724
107 59.232 82.7903 1.87039
108 18.1765 3.23648 2.75158
109 33.2402 72.4505 1.46715
110 80.9731 83.848 -2.20837
111 47.5684 83.7365 1.46304
112 59.1043 90.3859 1.31704
113 49.7031 78.62 1.51599
114 41.7601 17.5031 -1.51327
115 49.8251 90.6438 1.63003
116 21.2343 90.0033 2.5522
117 10.5095 2.40286 2.63215
118 54.8411 92.3614 1.09421
119 27.3909 68.2223 1.39753
120 11.7395 0.666282 2.42591
121 31.2539 93.1669 2.41373
122 18.9355 99.4713 2.49015
123 26.3425 79.0848 2.26354
124 82.5721 69.4561 -0.167483
125 6.08019 7.32587 1.69053
126 25.0645 5.71174 3.18189
127 86.0089 72.9778 0.103289
128 72.7438 22.9846 -2.93565
129 57.4749 78.0019 1.35932
130 66.2531 82.8265 1.25602
131 21.9127 96.1304 2.16884
132 7.37353 39.4386 -1.68511
133 6.81034 45.7959 -1.81965
134 11.3716 93.2582 2.89069
135 50.8858 82.584 1.09117
136 19.3408 92.9377 2.17373
137 47.5875 83.0403 1.87887
138 21.1563 97.6145 2.65148
139 13.8134 0.402921 3.0918
140 24.9695 97.264 2.1944
141 6.83502 8.15659 1.74088
142 27.7767 72.5096 1.69445
143 28.7841 1.11357 2.61414
144 45.2768 86.2211 1.56095
145 55.9855 80.0218 1.25784
146 64.4096 82.5182 1.60812
147 14.0431 85.1588 2.55397
148 64.1553 84.5156 1.64394
149 32.9384 88.1302 2.11644
150 24.943 98.1202 2.34655
151 57.3866 88.0483 1.6257
152 21.57 93.113 2.71387
153 17.8286 2.36791 2.89786
154 28.3968 0.200974 3.01066
155 9.59263 47.0363 -1.40876
156 32.074 93.3433 2.21634
157 22.0215 4.58083 2.64871
158 13.7893 94.7662 2.75198
159 29.6095 7.1829 -3.17992
160 16.6309 88.4381 3.01285
161 26.7013 4.67746 3.3348
162 34.7293 94.4766 2.13113
163 3.44308 4.95673 1.83254
164 78.4311 51.4901 -1.75059
165 31.8704 90.0273 2.698
166 99.1168 4.89254 1.69085
167 52.3612 85.6722 1.38224
168 30.6892 79.0939 2.34683
169 77.7033 19.6285 2.4539
170 18.208 83.3064 2.7958
171 46.0999 78.4739 1.76893
172 54.0492 81.4747 0.959502
173 26.0638 96.8208 2.27665
174 14.1759 94.4865 2.60689
175 11.1949 5.01255 2.65583
176 31.3679 10.0352 -2.79213
177 16.3711 99.0287 2.30778
178 76.9986 19.7734 2.85594
179 59.8659 82.7156 1.12571
180 49.3211 79.674 1.23541
181 30.1553 98.5659 2.44971
182 32.0917 70.0189 1.34955
183 71.4381 86.7055 1.4875
184 3.3997 2.60883 1.98531
185 4.21331 47.8089 -1.72198
186 20.2935 99.8777 3.03309
187 58.3453 89.7686 0.717441
188 22.6895 73.1248 1.73984
189 16.6904 89.8416 2.56226
190 13.1697 94.1465 2.24854
191 44.4237 87.9202 1.97993
192 19.3234 94.0325 3.11709
193 14.3882 3.41816 3.06569
194 17.2211 94.5562 2.61382
195 43.9883 80.1912 1.4422
196 13.8749 97.449 2.72007
197 20.6674 97.0173 2.43613
198 99.2267 1.7536 2.14359
199 14.2714 95.7776 2.62937
200 47.1393 81.4907 1.91811
201 16.3857 59.0263 1.70906
202 71.7872 21.5777 -2.85664
203 27.4568 5.85537 3.51117
204 15.4255 93.3944 2.71498
205 51.6545 83.9084 1.68278
206 17.2162 97.7996 2.81918
207 9.8637 1.63735 2.1463
208 5.77046 3.75332 2.09857
209 59.9464 91.5595 1.46382
210 32.6519 83.3723 2.24986
211 18.1772 99.443 2.63603
212 6.64296 41.274 -1.4719
213 62.9086 86.8825 0.99192
214 23.3408 74.1879 1.54471
215 52.8062 80.0834 1.44862
216 25.3739 2.45888 3.19017
217 46.2062 77.6626 1.92649
218 20.6887 8.79939 2.13599
219 19.3596 55.3925 2.19102
220 50.2703 84.1364 1.51521
221 19.5327 5.92478 2.21223
222 45.9548 84.9574 1.1753
223 67.2967 30.5905 -0.796346
224 59.4885 90.8782 1.20135
225 18.6735 25.517 2.07736
226 28.0093 97.4226 3.07611
227 20.3221 0.870737 2.75239
228 21.2709 95.4655 2.79358
229 24.0941 99.4402 3.09524
230 88.4075 72.7426 -0.280417
231 38.0179 85.0838 1.88792
232 11.0419 3.84919 2.6083
233 14.289 99.9673 2.66111
234 11.9217 97.4681 2.84181
235 30.1604 66.8424 1.49411
236 27.3444 94.9914 2.61892
237 18.2297 89.2352 2.66294
238 27.5726 65.4837 1.94421
239 23.9935 68.8054 1.66674
240 42.1977 94.1832 2.47637
241 26.3044 87.7021 2.02158
242 20.2898 2.89375 2.96342
243 49.6168 80.3826 1.23588
244 28.1117 4.03861 2.72435
245 19.1011 4.31241 3.02906
246 21.611 97.1785 2.90317
247 85.1221 76.4945 -0.791375
248 26.5499 71.0789 1.79123
249 18.3899 91.6268 3.02741
250 15.5541 19.9704 1.06197
251 13.2804 89.1879 2.07417
252 26.6762 28.1645 1.15527
253 72.0315 17.5908 -2.77516
254 21.3388 95.432 2.28313
255 33.4917 88.4651 2.90352
256 21.7558 2.48224 2.39678
257 21.5571 97.8176 2.63066
258 30.7739 93.982 2.86013
259 33.5125 69.3913 1.92444
260 15.8379 95.2384 2.24326
261 29.2958 71.7022 2.01717
262 26.2077 0.528794 2.78254
263 12.2866 4.03196 2.12717
264 15.9596 85.6633 2.25103
265 19.4622 95.226 2.13952
266 16.4323 96.969 2.15521
267 41.7892 84.076 1.81607
268 13.35 2.01967 3.05825
269 17.5083 19.2622 1.62311
270 30.1801 72.807 1.4754
271 32.6699 69.484 1.79023
272 62.7556 86.7398 0.824207
273 12.4227 97.8179 2.58926
274 14.7126 1.10272 2.78496
275 22.6502 97.8788 3.07425
276 16.4437 95.2638 2.93852
277 55.7851 82.4558 1.55028
278 22.9356 82.8777 1.80956
279 21.2781 5.23027 2.45306
280 29.0554 71.1107 1.24717
281 20.9074 98.6219 2.20427
282 27.856 67.8245 1.24112
283 50.4416 90.3446 1.74587
284 24.8283 89.6987 3.02655
285 46.515 82.078 1.48437
286 84.7408 75.5393 -0.521986
287 19.3964 98.4918 2.4359
288 68.3065 87.0843 1.26762
289 23.1047 86.7637 1.98896
290 15.957 2.14332 2.6199
291 25.9027 83.3604 2.55353
292 77.5146 15.5022 3.36188
293 13.6562 2.0392 2.53326
294 28.992 65.8763 1.51907
295 23.3475 8.73087 3.07582
296 4.94141 3.16901 2.05893
297 26.9504 99.3252 3.13268
298 27.797 85.3734 2.30347
299 48.1988 86.0613 1.77246
300 17.4607 97.3012 2.5622
301 35.3223 87.1267 2.60296
302 7.69991 95.6421 1.92819
303 20.9198 99.529 2.99289
304 22.9924 79.9073 2.35115
305 15.8478 91.1945 2.42098
306 18.9466 26.4041 2.07227
307 16.7996 88.7012 2.6772
308 29.8515 72.189 1.84973
309 13.4361 2.38399 2.71668
310 21.8692 25.3189 1.86923
311 92.2643 70.6379 -0.326972
312 18.281 4.24832 2.84495
313 59.3189 87.4935 1.12784
314 27.6602 7.60265 3.31247
315 18.8256 0.642905 3.09736
316 49.8371 80.9092 0.894924
317 29.8128 75.2957 1.36069
318 52.9653 94.0447 1.163
319 44.7161 87.084 1.92266
320 48.1741 83.4412 1.08124
321 19.5399 55.5836 1.70069
322 49.5073 82.012 1.88825
323 29.4796 75.9181 1.34075
324 20.5507 89.5366 2.49599
325 25.2314 0.894052 2.4629
326 21.3471 95.5159 2.76621
327 17.0397 99.2847 2.34103
328 2.21953 3.15918 2.09798
329 62.6706 88.2199 0.923685
330 57.9486 86.7306 1.23993
331 92.821 41.7402 -2.73015
332 61.4902 88.4813 1.39511
333 95.2089 0.709592 1.89751
334 22.7723 64.6046 1.51426
335 46.5168 86.248 1.89025
336 48.3361 83.831 1.84151
337 24.2128 66.9711 1.21881
338 23.9352 1.44674 2.28766
339 19.8797 97.6558 2.3015
340 40.3345 79.9476 1.14134
341 24.3049 72.9251 1.43544
342 31.381 79.6603 2.1683
343 23.1367 2.86004 3.10158
344 22.5131 97.6677 2.25524
345 75.8526 12.0345 2.40323
346 92.1552 77.5117 0.180178
347 14.7425 95.023 3.06624
348 23.2677 72.5958 1.91641
349 14.7775 91.532 2.06528
350 19.6674 3.64901 2.84731
351 31.7666 95.8839 2.60441
352 24.3031 83.4511 1.86348
353 70.654 27.9185 -0.0822184
354 18.3809 94.2841 2.43184
355 23.9212 93.6896 3.14884
356 66.9847 85.1089 0.917958
357 10.8781 48.6375 -1.50324
358 31.9358 74.635 1.2414
359 11.7647 1.75352 2.59148
360 31.3936 2.53268 3.29707
361 9.79647 95.1495 2.69442
362 43.0757 81.6075 1.67103
363 20.7241 95.4495 2.69157
364 17.0323 86.3384 2.8566
365 15.4278 5.1343 2.16228
366 48.0732 80.4582 1.41851
367 52.3005 84.3591 1.11646
368 63.8698 82.2533 1.62582
369 75.6794 8.46622 2.91319
370 57.2919 95.1593 0.701584
371 34.3972 88.4584 2.74622
372 31.141 65.7528 1.69142
373 49.4503 82.0598 1.26945
374 16.0181 88.15 2.77882
375 13.3043 5.36294 2.7226
376 36.1049 72.3339 1.7453
377 55.3228 87.2117 1.54642
378 15.6933 4.54616 2.78853
379 51.0845 86.2514 1.87121
380 23.1487 97.4373 2.70525
381 17.8345 92.4012 3.01184
382 44.427 78.5847 1.30633
383 80.7762 25.3812 -2.78965
384 10.5769 3.25629 2.68396
385 24.926 25.1324 1.24977
386 14.1139 27.9786 2.35952
387 14.2357 96.8611 2.57687
388 26.5585 99.8339 2.74415
389 9.00781 98.4472 1.99832
390 29.3008 83.4142 1.77294
391 28.1839 71.5084 1.72573
392 3.30595 90.7072 1.06714
393 22.2612 2.78545 2.23462
394 45.2587 81.2824 1.56693
395 31.7559 76.0662 1.80898
396 20.5822 53.9965 2.0704
397 46.1784 91.8047 1.24967
398 62.3881 86.7414 1.33165
399 29.7783 89.9524 2.29446
400 24.3914 67.9403 1.40805
401 0.700437 5.2657 2.34573
402 19.789 95.7574 3.0757
403 41.9695 78.4674 1.83326
404 17.7 98.7303 2.61265
405 23.6897 83.1814 2.34269
406 85.6774 71.9403 0.0828357
407 45.6746 80.2858 1.73955
408 52.5401 80.4667 1.0925
409 51.3611 83.1355 1.63307
410 21.5636 68.1316 1.40979
411 42.9513 16.8986 -1.75853
412 26.6243 93.0482 2.28521
413 27.9167 71.0238 1.58081
414 21.6787 3.23308 2.56733
415 75.1894 12.9543 3.28188
416 5.36179 1.52569 1.58565
417 24.7966 70.5671 2.20196
418 35.5888 84.5474 2.63281
419 84.4637 25.0996 -2.13663
420 12.4692 1.31584 2.17514
421 28.4453 80.6823 2.10985
422 30.4484 71.19 1.81414
423 49.078 82.068 1.55499
424 31.1426 8.69062 -2.92342
425 46.1095 77.1265 1.76032
426 52.2388 87.9834 1.61042
427 10.5518 88.9472 2.7295
428 20.6061 3.42751 2.39983
429 24.6146 1.02814 2.57604
430 28.4074 3.70617 3.04873
431 14.7072 5.41141 2.32373
432 34.3494 91.0745 2.602
433 58.7251 86.1154 1.12426
434 16.6299 0.613744 3.14007
435 16.0402 85.9033 2.04961
436 29.2102 98.6087 2.72701
437 14.4912 98.5668 3.02315
438 19.4149 59.9454 2.11601
439 51.4873 85.0453 1.81088
440 22.8333 91.4881 2.32004
441 83.7303 70.1738 -0.13013
442 46.2293 81.7674 1.86827
443 17.4866 95.5755 2.99657
444 17.6088 3.70923 3.05116
445 12.6131 92.8028 2.07317
446 86.32 68.3587 -0.229383
447 88.645 75.2832 -0.0105166
448 37.9812 14.1829 -2.19407
449 24.2022 89.6993 2.64139
450 27.1016 73.9713 1.92879
451 19.15 95.5545 2.85283
452 13.906 90.8969 2.18544
453 25.8685 98.6955 2.70974
454 56.7662 79.0117 1.0165
455 97.9539 6.73909 2.18094
456 17.1268 65.2915 1.98365
457 28.4107 65.8847 1.63289
458 38.076 91.8864 2.1033
459 9.31895 10.8179 2.06769
460 12.4211 95.5814 2.08134
461 69.9397 24.8141 -0.690113
462 19.4105 4.08697 2.80829
463 32.9423 71.5431 2.04031
464 21.6313 7.11768 3.00274
465 28.9042 74.2757 2.19985
466 24.164 1.64556 2.54396
467 49.1442 82.8437 0.97085
468 9.71859 99.0642 2.77383
469 30.3732 96.0784 2.32492
470 24.7397 80.3533 2.31372
471 20.3058 4.07354 2.88881
472 19.2013 4.70191 2.2102
473 52.5865 81.0686 0.932552
474 35.2712 9.89522 -3.40675
475 87.4808 71.8291 0.290425
476 11.0157 48.7259 -1.11264
477 19.6051 96.3523 2.21528
478 11.9025 7.29704 1.96429
479 79.7116 12.4546 2.80562
480 30.4733 64.6336 1.72988
481 6.44806 2.6704 2.06377
482 19.15 93.1219 2.17352
483 27.8275 76.8805 2.07716
484 2.35742 97.6975 1.84824
485 6.3151 93.754 1.57679
486 27.0413 96.0466 2.51733
487 24.9423 2.59958 2.718
488 30.2324 92.1704 2.06649
489 1.13005 5.61754 2.12227
490 27.6875 28.0456 1.1143
491 22.197 98.1816 2.17614
492 18.4165 4.86769 2.30245
493 18.6579 1.89624 2.56988
494 21.804 97.6685 2.68902
495 12.2006 1.01485 2.26078
496 44.317 87.8636 2.12302
497 32.4816 6.50522 -3.40884
498 26.5151 98.3054 2.87112
499 9.01835 10.386 2.28892
