500
Particles
0 31.1884 45.442 2.38016
1 63.5327 42.5878 1.80742
2 39.1435 80.1301 2.57236
3 59.567 78.3047 1.75526
4 79.6495 39.8951 1.96298
5 36.8827 38.3287 2.13416
6 44.4844 65.4832 1.51715
7 71.0651 86.8107 1.06438
8 62.0477 48.0888 2.50404
9 62.7031 51.1701 2.20265
10 50.8591 46.748 1.91632
11 39.4214 77.7496 2.56223
12 40.3424 76.5254 2.16229
13 84.1386 31.6366 1.39061
14 81.7074 43.3656 1.6397
15 92.1684 35.2671 1.11243
16 58.7589 51.6637 2.31439
17 72.3655 59.4259 1.47912
18 75.3003 49.3075 1.88932
19 60.2494 73.1146 1.79868
20 59.7812 79.0111 1.95149
21 32.065 62.5985 2.14227
22 49.3474 57.9995 1.90751
23 85.2225 36.3603 1.2833
24 62.86 82.2008 1.38775
25 36.1604 47.7756 2.07914
26 36.0839 33.4741 3.03358
27 27.5543 72.9225 2.9817
28 37.6059 56.1432 2.24062
29 23.4422 24.7171 -0.196072
30 56.8452 92.5431 1.09064
31 45.2033 57.7185 1.72318
32 53.9651 77.8271 1.6448
33 64.6199 87.9032 0.884024
34 41.3941 49.7971 2.39368
35 73.1629 54.2579 2.16056
36 56.7561 98.347 1.53175
37 47.5975 72.2442 1.47229
38 35.8011 51.9838 2.65208
39 80.9647 36.6667 1.46059
40 44.5034 48.4539 2.52571
41 78.2303 36.9039 2.11319
42 55.9725 55.0627 2.12771
43 62.5918 78.9348 1.71606
44 60.0669 43.1204 2.51295
45 54.2643 50.0129 2.47332
46 41.3173 51.7251 2.57225
47 76.4611 77.7279 1.01273
48 48.4851 52.0494 1.79199
49 37.5204 43.0119 1.94373
50 79.6882 54.0099 2.13275
51 50.1941 57.9755 2.02056
52 65.9562 80.633 1.05339
53 56.6732 98.0149 1.19826
54 81.4974 40.5167 1.82334
55 65.9338 74.9309 1.46342
56 84.4443 42.7271 1.52861
57 46.5838 38.047 2.77002
58 81.5563 46.4806 2.13529
59 35.9716 49.1577 2.23905
60 78.5328 51.978 1.34637
61 50.0766 49.3564 2.35721
62 59.201 46.0463 2.55826
63 60.1182 36.1438 2.46337
64 40.1985 69.6146 1.7341
65 71.3794 78.9019 1.53752
66 76.2643 55.0931 2.03396
67 76.4466 54.5999 2.06657
68 67.7474 76.3431 1.58433
69 54.813 42.3671 1.9666
70 44.8972 69.4306 2.01083
71 42.785 51.2659 2.09578
72 78.2157 51.2024 1.90241
73 50.9948 71.8868 1.53005
74 45.6085 40.9997 2.83473
75 71.9757 83.8418 1.09275
76 49.7792 42.1276 2.40673
77 48.6427 69.4032 2.11386
78 36.2696 29.5316 2.92639
79 83.3621 48.2819 1.71622
80 46.3161 46.3006 1.96957
81 74.8957 53.3413 1.33033
82 59.5076 70.1702 1.75546
83 76.7428 45.3375 1.99013
84 66.9981 71.9047 1.3845
85 47.5164 49.2359 2.18685
86 47.9755 47.3549 2.70754
87 50.9238 67.3896 1.99124
88 65.4613 74.3721 1.22511
89 44.064 42.0169 1.96842
90 64.455 82.2461 1.91343
91 46.139 59.927 2.11588
92 49.2177 65.3894 1.95117
93 77.2991 40.0166 1.24417
94 48.3018 49.6035 2.21449
95 60.3698 73.9542 1.78056
96 34.6513 67.501 2.52345
97 47.524 72.6843 2.19864
98 43.8786 42.2783 2.29548
99 49.7931 65.863 1.82551
100 66.9423 81.0768 1.18714
101 79.2666 50.6226 1.90971
102 53.1901 49.2129 1.90705
103 41.8937 47.2922 2.10304
104 50.0903 55.1398 2.18268
105 63.8198 83.5072 1.50717
106 80.2987 40.4041 1.85621
107 31.264 49.9627 3.13625
108 48.251 56.2346 1.87794
109 90.3077 47.8856 1.64416
110 75.6565 84.818 0.923572
111 48.6353 71.2988 2.05498
112 59.6032 77.8119 1.33584
113 44.2946 63.1913 1.32479
114 32.0563 71.5713 2.71836
115 42.6381 76.7361 2.18584
116 45.0179 35.9398 2.12244
117 41.951 55.2724 1.82098
118 56.0819 80.1792 1.23356
119 81.3268 42.7395 2.09807
120 36.4525 46.4324 2.88613
121 70.3461 51.6853 2.1082
122 48.3769 52.2446 2.22467
123 71.5296 45.4881 2.09772
124 6.88099 99.2978 -0.217018
125 69.4133 74.278 1.54661
126 56.9877 60.3972 2.24604
127 80.2061 33.9024 1.55312
128 65.3869 82.2002 1.16701
129 30.266 75.2614 3.14156
130 36.8284 55.4638 2.87302
131 47.8401 44.1189 2.36042
132 70.6668 75.5218 1.17559
133 71.3985 77.7104 1.36557
134 36.2502 40.2822 2.40707
135 49.2748 69.9476 2.29433
136 42.5399 38.1914 2.79619
137 41.4353 70.4578 1.77431
138 50.6263 50.016 2.77706
139 39.8118 47.0606 2.42008
140 52.5631 46.8541 2.20979
141 67.8369 75.8239 1.24069
142 77.6156 42.8508 1.86968
143 59.2497 54.6381 2.58688
144 40.3481 72.5343 2.44372
145 30.4027 75.8724 2.74515
146 33.7629 49.8457 2.85137
147 62.1778 88.2097 1.36692
148 50.0631 70.136 1.82089
149 75.9531 53.2536 2.2584
150 53.9193 50.211 1.98303
151 55.9835 76.4606 1.51556
152 46.4752 40.6304 2.16624
153 48.0566 55.0552 2.56154
154 59.0595 52.9512 2.54192
155 75.1762 78.6156 0.975304
156 67.6434 49.3338 2.1867
157 58.2223 63.0986 1.71567
158 35.8281 35.8215 2.32052
159 64.8705 60.9515 1.50539
160 63.4838 89.3042 1.29963
161 58.7714 57.7578 2.30341
162 73.5244 54.5285 1.94139
163 64.2652 72.7284 1.22088
164 70.131 81.5579 1.55583
165 71.489 52.0459 1.79672
166 64.7116 73.1552 1.54655
167 52.8793 73.6791 2.17688
168 81.4388 49.8244 1.33224
169 69.9781 79.5919 1.35996
170 68.0419 36.2539 1.45186
171 44.6469 65.9697 2.151
172 30.9565 48.2297 2.74316
173 54.5497 47.1384 2.34094
174 35.212 34.246 2.88329
175 70.1033 73.2886 1.53631
176 21.5461 30.5965 -0.986988
177 41.4174 45.1516 2.80689
178 65.4297 80.9001 1.73486
179 39.6573 58.294 2.57589
180 44.5603 65.4905 1.90966
181 63.1417 53.1553 2.0991
182 86.3348 43.112 1.53074
183 31.5986 44.3283 2.55147
184 49.9389 65.569 2.12789
185 71.8067 79.2728 1.31983
186 51.5258 54.6124 1.89267
187 58.5945 77.6384 1.90316
188 69.3431 41.5352 1.8222
189 36.4334 78.2903 2.75986
190 36.5127 36.9859 2.31947
191 44.0882 74.5203 1.68959
192 42.5637 38.2528 2.31631
193 51.5048 61.126 1.50467
194 46.191 46.3475 2.41866
195 40.476 66.9515 2.4773
196 39.6879 45.2305 1.99889
197 46.5171 43.8589 2.83867
198 47.7045 65.1374 1.94867
199 36.8835 38.5096 2.71461
200 49.3495 68.8636 1.71391
201 24.6987 23.0263 -0.141726
202 63.5893 82.1849 1.42498
203 65.0549 62.333 1.47328
204 36.161 33.324 2.42717
205 52.2623 71.8002 2.00086
206 44.1874 46.5951 2.42531
207 37.546 51.4909 2.49782
208 63.463 70.794 1.43065
209 57.4242 79.1885 1.66519
210 80.2867 51.922 1.87755
211 48.561 52.4397 2.65478
212 70.6801 76.9763 1.2417
213 56.5344 74.5213 1.21517
214 67.8779 40.3123 1.65377
215 33.2423 54.2088 2.48717
216 56.3295 55.9464 2.42149
217 40.0588 64.6727 2.23752
218 74.9914 71.9966 1.70408
219 72.9484 59.6238 2.16131
220 49.3774 71.6308 1.5606
221 52.7253 60.8979 1.43174
222 47.8146 72.2974 1.98236
223 67.1796 84.7851 1.60868
224 59.7476 79.1302 1.53768
225 43.2638 78.5611 2.96895
226 58.7913 49.8367 2.3597
227 50.4648 54.6783 2.28573
228 49.2988 47.5074 2.08351
229 49.7676 46.2394 2.40243
230 84.0069 33.4359 1.87939
231 84.1666 50.4533 1.87086
232 50.3739 63.3675 1.7108
233 43.2755 51.0427 1.79176
234 38.5876 45.9046 2.5036
235 83.9551 40.1171 1.28551
236 57.9285 48.4585 1.71321
237 38.6749 80.1495 2.65573
238 85.3656 41.7104 1.79706
239 78.4132 42.3022 1.80912
240 37.709 73.2065 3.01266
241 61.8603 46.7192 2.42221
242 54.0812 59.4468 2.17052
243 49.7629 68.2321 1.40204
244 61.5479 59.4997 1.62216
245 51.1044 58.2456 1.70559
246 50.4309 49.201 2.80805
247 79.2577 27.1269 2.21101
248 79.7273 43.0908 1.36584
249 44.0715 39.2856 2.0366
250 26.4131 74.0582 2.87016
251 32.7639 76.8948 2.55814
252 68.6989 85.477 1.23692
253 60.5722 80.4324 1.14007
254 48.9164 45.4851 2.1371
255 74.9196 52.7498 1.71287
256 54.1267 57.1244 1.68992
257 49.2809 48.2173 2.11336
258 66.5233 52.5676 1.66459
259 84.4803 41.8367 1.94861
260 37.639 38.0499 2.80725
261 80.7763 44.2778 2.02449
262 54.6327 51.5235 2.35407
263 47.0669 60.151 1.73227
264 61.4621 88.4029 1.09193
265 46.4501 44.2225 1.99386
266 40.5599 42.3934 2.77492
267 37.5674 70.8174 2.62106
268 38.8741 48.6732 2.65673
269 26.7016 74.9529 2.53222
270 84.2183 46.1747 1.94678
271 87.1066 43.8959 1.91184
272 54.9445 74.5123 1.79985
273 40.1243 47.2726 2.01175
274 44.7662 54.7995 2.10845
275 49.9979 46.9179 2.04958
276 40.2807 40.6555 2.73858
277 47.9077 64.6624 1.3829
278 56.0579 37.3858 2.25986
279 54.5359 59.9673 1.71029
280 86.2441 46.2691 1.24116
281 50.0085 51.7588 2.35731
282 82.7127 42.2731 1.36873
283 51.5732 78.1875 2.05558
284 54.2943 40.7682 2.41535
285 47.1477 69.421 2.01347
286 75.5859 35.8285 1.66768
287 47.0182 48.3165 2.80677
288 63.0412 74.6946 1.27969
289 55.1535 42.2302 2.54592
290 44.5815 52.3297 2.1628
291 66.4554 44.5938 1.77789
292 68.0351 79.0458 1.00461
293 42.9113 54.0315 2.35472
294 87.3485 41.8076 0.974618
295 14.5019 64.2393 1.36626
296 52.0948 66.7395 1.59103
297 55.8118 50.7145 2.24517
298 68.0468 46.5345 1.68999
299 48.5429 73.7707 1.97325
300 44.7464 47.6175 2.35505
301 78.0303 52.8754 1.6753
302 35.2614 45.5121 2.5925
303 48.9006 49.5029 2.55715
304 61.1754 38.1769 2.26721
305 36.7934 77.7349 2.97816
306 60.6776 84.5786 1.53984
307 37.4371 77.9403 3.32552
308 82.0686 46.8955 1.90126
309 43.7791 55.9284 2.26485
310 63.9929 85.8525 1.28255
311 87.6783 37.5891 0.949026
312 49.5912 57.6134 2.43616
313 57.1904 75.4459 1.64909
314 75.8591 58.4232 1.8758
315 48.8947 52.8696 2.5574
316 49.3393 66.7125 2.32793
317 82.0481 47.8177 1.83593
318 41.3549 76.8008 2.37672
319 47.6232 73.7514 2.16332
320 47.6718 71.2367 2.0302
321 72.9655 57.3809 2.0481
322 50.0723 69.1427 2.17764
323 80.8362 48.0637 1.82841
324 49.9013 19.5339 -2.71065
325 56.9459 55.9589 1.8827
326 48.5094 45.0686 2.31995
327 46.0654 50.8374 2.15503
328 54.3727 68.3195 1.61515
329 62.7789 75.1586 1.21876
330 58.8258 74.4363 1.83627
331 69.6986 88.3118 0.822336
332 59.7418 75.7544 1.31563
333 50.0955 66.5384 1.92734
334 78.6108 38.8054 1.46855
335 43.835 73.7651 2.06168
336 49.5628 70.0411 2.10761
337 78.8952 40.5222 2.03675
338 53.3809 54.2108 2.35019
339 49.4992 50.6464 2.09307
340 18.1136 54.5333 3.28237
341 76.3804 46.0674 1.44573
342 79.5582 49.4498 2.06511
343 56.7897 58.9863 1.86035
344 51.516 50.4717 2.17827
345 65.5653 78.7688 1.486
346 75.5085 37.104 1.86469
347 37.1576 35.8901 2.76899
348 71.3157 41.8079 1.277
349 36.2161 31.2245 2.83997
350 50.8738 56.7578 1.67121
351 63.8942 49.2136 1.98854
352 61.5658 42.832 2.28925
353 66.4917 83.8618 1.19547
354 43.5116 42.0444 2.21035
355 50.9311 43.3106 2.0905
356 52.1549 68.8989 1.6727
357 76.1256 80.6037 1.61602
358 85.0252 47.5182 2.20394
359 37.8559 49.2623 2.86085
360 68.8928 60.4476 1.90736
361 33.8174 40.5049 2.63866
362 35.735 68.0881 2.41171
363 48.9906 46.9139 2.68128
364 66.5441 89.123 0.945178
365 48.0114 58.6884 1.5973
366 47.852 68.1201 1.41849
367 50.3233 71.7364 1.42303
368 32.4492 48.4371 2.75168
369 60.5324 74.3989 1.51698
370 59.4332 81.6082 1.66156
371 75.4984 52.511 1.58611
372 89.2366 42.6738 1.47856
373 48.2074 69.7315 2.28175
374 34.4755 77.5995 3.37493
375 50.5089 62.7171 2.20777
376 90.989 45.9467 1.69935
377 56.2153 75.9791 1.29999
378 43.7411 54.5003 2.7461
379 49.736 74.5663 1.3447
380 52.2086 49.0587 1.93876
381 39.7823 34.1027 3.01267
382 39.8376 66.1685 2.23418
383 67.5494 76.5181 1.11161
384 49.8715 63.5432 1.92176
385 67.9514 87.4456 0.93975
386 57.5378 97.2138 1.28681
387 38.0817 41.5874 1.96939
388 56.7912 52.7503 2.48186
389 35.3806 47.1269 2.74146
390 73.3842 48.0074 1.37917
391 83.4821 46.0386 1.46451
392 35.5426 44.9048 2.11933
393 55.06 58.375 1.93967
394 40.5373 69.183 1.58882
395 84.4836 48.2822 1.50704
396 74.4758 58.2667 2.17871
397 40.3752 75.2025 2.79
398 58.4137 74.2459 1.27824
399 65.9669 47.3867 2.66283
400 77.0537 41.4654 1.73636
401 60.6844 73.366 1.25827
402 42.7571 39.9432 2.91525
403 33.8387 63.0274 1.86971
404 46.4492 50.7029 2.24626
405 62.1692 42.5218 1.72112
406 83.1231 31.0902 1.81385
407 43.3526 67.5032 1.68955
408 31.9612 52.7992 2.67012
409 54.9278 71.167 1.47043
410 78.3879 43.7161 1.44126
411 34.6156 72.9512 2.69304
412 56.5171 46.6391 2.60063
413 79.4583 43.7218 1.88223
414 53.9637 57.6062 2.36479
415 67.7106 78.4445 1.11151
416 51.3368 65.6009 2.30897
417 74.8581 41.0504 2.10295
418 81.5127 51.4044 1.32548
419 63.0051 75.9937 1.56068
420 42.0658 52.5478 2.39526
421 77.3665 50.6506 1.82168
422 83.7935 44.6309 1.77134
423 50.6329 69.9649 1.83578
424 79.0592 55.2897 1.86282
425 42.732 63.3134 2.21046
426 52.5699 75.7988 2.18877
427 32.4803 77.8943 2.82473
428 49.1704 54.0695 2.3177
429 53.8056 53.6129 1.96309
430 59.3488 55.712 1.66824
431 51.7601 62.7026 1.95269
432 74.8651 54.288 2.05143
433 53.8003 73.9555 1.83684
434 42.9053 49.3401 2.44079
435 69.235 87.6947 1.72965
436 62.2386 54.6539 2.02381
437 38.9973 44.62 2.79334
438 22.3882 26.4765 -0.463494
439 49.4497 72.9871 2.23922
440 51.5913 42.3598 2.16709
441 81.5364 31.3705 2.28542
442 42.5888 69.8783 1.70386
443 39.3515 38.3613 2.49865
444 49.5408 59.1909 1.99515
445 35.1896 35.41 2.36373
446 72.6115 87.6587 1.79334
447 79.949 35.4825 1.52284
448 8.00338 53.3713 2.19141
449 53.8553 41.6971 2.6797
450 78.3704 47.4408 2.28164
451 44.8954 44.1334 2.38041
452 33.7936 79.2887 3.19487
453 52.5893 46.7774 1.93753
454 31.1654 75.7614 2.71577
455 67.8999 77.1436 1.33008
456 74.2914 40.1642 1.31484
457 84.5197 41.9163 1.6424
458 14.8219 54.4481 2.83189
459 71.6122 76.8628 1.63675
460 39.2996 46.6558 2.59579
461 62.8426 81.9049 1.42256
462 52.2655 59.6723 1.60248
463 87.0991 44.8471 1.99533
464 53.5004 60.9262 2.37537
465 80.3785 46.122 2.20712
466 54.4118 53.9713 2.48302
467 51.0018 71.4813 1.76584
468 36.7413 48.3772 2.6084
469 62.8798 50.0398 2.13152
470 64.5661 41.6913 2.00403
471 48.3878 55.0675 2.13489
472 51.8944 59.4606 1.92067
473 49.1048 65.2205 1.46973
474 9.97852 19.1903 0.0996677
475 81.2373 33.6195 2.08592
476 78.2593 81.3998 1.54009
477 48.5554 47.4419 2.09534
478 66.851 70.6547 1.20431
479 64.4165 77.4483 1.32756
480 91.5808 37.9725 1.52422
481 52.7137 67.2147 2.24288
482 43.162 39.9775 2.74346
483 77.2304 48.0823 1.82994
484 34.3628 51.1304 2.97997
485 32.5863 42.1556 1.90821
486 56.0344 48.0856 2.2845
487 56.1652 55.5724 2.10264
488 63.9927 47.8229 2.3737
489 65.3467 75.0258 1.34356
490 69.3253 85.2769 0.9028
491 49.5142 48.5474 2.1447
492 53.7276 62.8898 2.14858
493 48.8907 54.9132 2.51036
494 48.5272 46.1726 2.03108
495 41.5363 53.7267 2.13989
496 39.7561 73.2147 2.41792
497 82.2778 52.2628 2.16568
498 57.3046 52.3583 2.1485
499 72.9392 73.5996 1.24687
