500
Particles
0 99.2141 68.9769 1.76723
1 39.0828 73.7419 2.6113
2 7.66895 4.03798 2.65827
3 61.9486 18.0751 1.95843
4 78.1447 79.596 1.78461
5 2.36331 49.5358 -2.33205
6 21.1729 97.829 1.83447
7 78.5438 25.6257 0.969991
8 48.0865 84.7339 1.44534
9 43.4532 86.3552 1.51001
10 23.3874 75.5343 2.83522
11 6.24421 99.1195 3.34026
12 9.73792 2.32911 2.12615
13 84.2922 71.269 0.997956
14 83.6022 83.1555 1.13891
15 94.6378 74.0056 1.5068
16 39.0675 86.6818 1.86009
17 83.1182 96.9295 0.961143
18 77.6118 89.207 1.50558
19 59.918 11.4102 2.1175
20 60.9923 19.009 2.12558
21 0.790523 84.628 1.50272
22 26.2454 90.5436 1.92052
23 83.638 75.6323 1.19621
24 69.5765 21.5706 1.62088
25 10.0495 78.4866 2.19961
26 0.846576 41.8162 -3.22317
27 93.3783 90.6154 1.99329
28 11.3053 86.5086 2.29117
29 21.273 7.85305 2.35622
30 58.2414 29.2776 1.65332
31 20.1595 89.0594 2.49509
32 49.525 16.692 1.97318
33 69.0797 27.647 1.34601
34 14.5864 79.597 2.32029
35 77.4268 92.7088 1.03412
36 60.7569 36.6378 1.29293
37 27.276 6.18701 2.3062
38 8.88807 81.5732 2.23076
39 82.3578 76.2368 1.82374
40 16.249 77.2421 2.79151
41 80.4055 76.7074 1.34804
42 34.5381 88.8206 1.87535
43 65.618 18.5558 1.77832
44 39.8174 76.9105 2.95218
45 31.3029 83.1518 2.46301
46 16.4003 83.1678 2.32851
47 85.1627 16.217 1.29353
48 21.951 81.632 2.90792
49 5.82238 67.5634 2.48981
50 87.8467 92.8193 1.53318
51 28.1988 91.3247 2.6108
52 69.5242 20.6173 1.66218
53 61.0786 36.1603 1.31867
54 83.1639 80.3602 0.919345
55 72.9336 14.3451 1.11654
56 87.4657 82.0547 1.45686
57 21.385 68.5155 2.41027
58 85.8007 85.5488 1.4696
59 10.1175 79.5955 2.33478
60 87.4266 90.3528 1.20247
61 22.4478 77.9008 2.56643
62 42.8097 82.0556 1.47401
63 39.9741 68.6208 2.53407
64 10.6707 95.1984 3.25335
65 81.097 17.629 1.07368
66 83.6469 93.8566 0.933143
67 84.1693 93.5998 1.20195
68 80.1933 14.8242 0.935321
69 26.8938 71.3362 2.16795
70 21.9106 2.26026 2.53341
71 16.8459 81.9897 2.85515
72 84.8871 90.2925 1.1348
73 27.21 4.15267 2.05443
74 19.3358 71.0809 2.27726
75 79.8472 23.2537 0.922892
76 23.279 72.3719 2.13646
77 26.6606 2.60748 1.78403
78 1.19124 36.6975 2.78067
79 87.1221 87.8256 0.997565
80 20.006 76.626 2.57649
81 81.751 92.1933 0.793447
82 65.3894 99.6788 0.258219
83 74.2675 85.4192 1.79577
84 74.0961 11.4186 1.8342
85 20.5987 79.1791 2.16589
86 20.8263 76.7865 2.64623
87 28.6009 0.831391 2.28698
88 74.9192 13.2744 1.44448
89 16.6382 70.4049 2.44298
90 70.2381 21.73 1.27747
91 19.4567 89.5881 2.68156
92 26.7016 98.5994 2.57601
93 77.6185 79.748 1.82429
94 21.0334 78.9083 2.66096
95 60.8132 12.2536 2.17699
96 2.64449 89.1956 2.09515
97 24.8644 4.91308 2.23973
98 16.4029 71.4444 2.31834
99 25.6277 97.5601 2.6431
100 69.7709 21.215 2.17833
101 82.51 89.6286 1.34837
102 24.6932 77.4316 2.79558
103 12.6686 74.7455 2.73804
104 24.0309 85.6792 2.5168
105 69.8203 22.7633 1.65144
106 84.4972 80.0819 0.988277
107 3.64075 78.634 1.95748
108 22.5932 87.4683 1.91537
109 93.1881 87.6345 1.48891
110 82.4612 24.3735 1.27666
111 29.3798 6.61763 2.07978
112 60.7124 16.9057 2.21369
113 22.5723 96.7115 1.95608
114 99.2788 91.7061 2.27896
115 12.7485 3.97124 1.79757
116 19.5868 66.7821 2.64363
117 16.3998 86.3466 2.47975
118 53.9537 19.5385 2.22454
119 80.1152 82.7767 1.28374
120 6.12977 72.7011 2.53821
121 59.1035 80.4498 3.33515
122 22.0979 82.7062 1.93708
123 72.9392 80.2756 1.53132
124 3.7241 2.76705 3.20232
125 82.5977 11.8265 0.54766
126 34.5483 93.4615 2.24384
127 80.4452 73.7834 0.914538
128 71.8164 21.4514 1.83995
129 94.8874 92.1597 1.50551
130 9.63606 84.1162 2.46486
131 22.5644 75.7219 2.59538
132 84.0182 13.1557 0.709796
133 83.6498 15.743 1.09762
134 4.98435 65.4539 2.75339
135 26.7491 3.38883 2.73096
136 16.4523 67.5973 2.45994
137 11.4648 95.9193 2.99638
138 23.5954 79.3865 2.29917
139 10.9684 74.7759 2.74161
140 25.3921 76.5633 2.81059
141 77.8406 14.1413 0.868366
142 77.7337 82.9367 1.52699
143 43.4506 91.1624 1.60901
144 8.34347 95.4237 2.61668
145 95.9933 95.3514 1.70467
146 5.39508 78.5115 2.07456
147 66.8396 27.6879 1.41249
148 28.028 3.5917 2.54764
149 81.3357 92.2928 0.840112
150 26.9635 79.6063 2.50919
151 53.3529 15.1809 2.05198
152 19.4079 70.3091 2.19334
153 23.6491 86.4928 2.75888
154 39.4438 88.1328 1.77323
155 84.5521 17.5056 0.69495
156 51.1312 84.7135 1.72756
157 41.99 98.8595 2.33392
158 0.0386188 43.6542 -2.45198
159 45.3344 94.9455 2.44736
160 64.4759 29.4254 1.68694
161 44.2444 94.809 2.50668
162 80.105 93.3923 1.58078
163 73.8506 11.1357 1.94159
164 81.2646 19.5927 1.27344
165 75.6678 90.4932 1.12755
166 72.9881 12.5405 1.76474
167 30.189 6.51076 2.45681
168 86.6856 89.2374 1.61917
169 80.406 18.0046 1.4518
170 54.6147 56.8131 -2.4642
171 18.3666 96.4768 2.39524
172 0.33961 73.0479 2.39791
173 26.07 75.8617 2.40901
174 98.6093 41.7994 -2.52538
175 83.6109 10.0412 0.782859
176 15.7102 9.34764 2.17568
177 12.5544 72.9298 3.0309
178 69.3852 20.4912 2.14888
179 12.8117 87.7925 2.72675
180 20.6557 97.6723 2.49483
181 46.4236 89.1642 1.71323
182 90.7431 83.0285 1.40401
183 0.233026 68.8696 2.87657
184 26.8916 98.3771 2.0669
185 80.5597 18.0073 1.51749
186 25.81 85.0733 1.84371
187 56.9678 17.015 1.77968
188 73.9153 74.061 1.0401
189 3.3359 0.273819 3.35239
190 0.902093 44.0411 -3.1457
191 14.3944 1.5166 2.45128
192 14.9466 66.221 2.84491
193 27.8914 93.9484 2.73894
194 18.0985 75.1917 2.73518
195 12.1635 93.7823 3.1053
196 9.38116 71.4765 2.93632
197 20.4324 74.8204 2.35435
198 24.5201 97.6826 1.83063
199 2.98273 52.2603 -3.24681
200 26.4948 1.23286 2.26214
201 23.2036 5.89564 2.38797
202 67.2961 21.8221 2.03517
203 47.2949 96.9001 1.74097
204 -0.299845 41.3009 -2.98597
205 30.1167 5.31995 2.56359
206 16.8129 75.7832 2.43932
207 10.9438 81.4741 2.00998
208 70.3288 9.20394 2.1436
209 54.5343 18.7277 1.88981
210 85.2747 91.0776 1.09658
211 22.6758 82.5592 2.66559
212 84.2185 14.6877 0.802736
213 54.2601 13.3412 1.9453
214 70.1842 72.0409 0.125713
215 5.01096 81.9712 2.79692
216 34.3195 89.0822 2.05761
217 10.8603 90.673 3.01615
218 92.5684 3.16636 1.49564
219 84.8903 97.9294 1.43508
220 27.4797 5.44372 2.04865
221 29.8846 93.613 2.78848
222 25.8497 5.22472 1.9869
223 74.446 24.0074 1.97829
224 58.0742 18.5176 2.40701
225 13.799 5.21608 1.70732
226 41.0116 85.7282 1.30073
227 26.1311 86.8186 2.21764
228 22.1312 76.5352 2.58606
229 23.0437 76.6436 2.35198
230 83.3326 73.0176 1.7797
231 89.9896 88.917 1.48431
232 25.9616 94.9604 2.52348
233 18.0854 82.3979 2.09059
234 9.49135 73.4709 2.19107
235 85.3602 79.9169 1.36653
236 38.5874 83.7853 1.96882
237 6.96379 2.05359 3.04684
238 88.1183 81.622 1.20063
239 76.6698 82.556 1.42132
240 4.67031 95.1206 3.10045
241 49.2945 83.7257 1.56029
242 31.5302 92.0514 1.94305
243 24.7567 99.6627 2.27289
244 44.0896 95.3226 2.43466
245 28.0597 90.8297 2.60272
246 22.8379 78.6442 2.5022
247 88.7439 36.2626 -0.749128
248 80.6423 82.6795 1.19269
249 17.5922 69.4232 2.42625
250 92.322 90.4642 1.55416
251 99.2557 98.7005 2.74371
252 76.9694 24.4898 1.4497
253 57.5636 19.8581 1.89404
254 21.5103 74.2242 2.41803
255 80.8037 92.1443 1.45067
256 32.215 90.805 2.14821
257 21.8614 77.7403 2.81732
258 49.8731 88.4441 1.8357
259 89.2437 81.2594 0.907142
260 2.72638 46.42 -2.29539
261 81.5227 84.1303 1.0127
262 32.3276 85.1142 2.34071
263 23.1995 92.7574 2.09039
264 65.3164 28.4089 1.4325
265 19.4172 73.7812 2.50576
266 12.2877 70.909 2.62938
267 6.69038 95.7272 2.59132
268 9.82015 76.4506 2.31636
269 92.0626 91.6234 1.80377
270 88.7937 85.2824 0.951185
271 90.5798 84.217 1.50208
272 50.0858 12.5675 2.31167
273 11.6308 76.0969 2.50697
274 19.8024 86.6141 2.40174
275 21.5412 75.465 1.99859
276 11.093 67.5941 3.11009
277 23.64 96.1504 2.73313
278 35.7118 69.1999 1.88171
279 31.5157 92.8484 2.12047
280 90.0395 85.7 1.30509
281 24.3835 82.764 2.21178
282 82.9044 82.013 0.929793
283 33.5165 6.09463 2.36689
284 28.038 70.2726 2.25783
285 22.3667 1.15933 2.26988
286 76.4028 75.2982 1.76452
287 20.9055 79.0881 2.31865
288 64.401 13.182 1.81083
289 30.3259 73.4078 2.74708
290 19.0744 83.3432 2.14618
291 49.391 79.989 1.54186
292 82.3829 16.0803 0.760863
293 17.2727 85.1217 2.54001
294 89.9526 81.4509 1.00698
295 -0.1452 84.7731 2.24546
296 29.0702 99.5781 1.98655
297 35.5867 85.8775 2.05639
298 53.6533 82.6983 2.13265
299 24.2141 6.02985 2.40017
300 16.9271 76.953 2.45295
301 84.3558 92.2112 0.7098
302 6.16581 72.9612 2.03668
303 22.8809 80.259 2.24419
304 40.2165 70.7522 2.13154
305 3.57425 100.063 2.69567
306 63.5545 24.5887 1.58743
307 5.13824 99.9352 2.86119
308 81.2791 86.4845 0.945598
309 18.5491 87.0127 2.77631
310 67.0674 25.7838 1.49755
311 89.1426 77.3672 1.50681
312 25.8331 90.0105 2.6002
313 56.1755 14.0252 2.72699
314 85.0805 96.1605 0.717416
315 23.6912 83.9609 2.44049
316 25.7511 98.2496 2.67894
317 88.8458 87.0138 1.48079
318 12.4375 4.4328 2.33333
319 24.3107 5.99131 2.17151
320 25.357 4.57635 2.68472
321 83.4903 95.1054 0.967125
322 28.5855 2.91942 1.89761
323 85.4941 87.2776 0.726062
324 36.8243 7.88497 1.85807
325 34.6596 89.1858 1.84731
326 20.9511 74.3962 2.53951
327 18.7639 80.7814 1.91726
328 32.5204 1.97822 2.11469
329 63.4619 14.1968 2.34062
330 56.1352 12.7131 2.50436
331 74.5662 27.7417 1.22156
332 58.6253 14.3246 1.85357
333 26.2993 98.8267 2.72863
334 81.8255 78.3293 1.70791
335 15.8382 2.56539 2.36802
336 29.6529 5.13222 1.73622
337 79.8308 80.6711 1.42578
338 32.1324 87.8021 1.70031
339 21.6699 79.1545 2.81653
340 97.3452 70.2479 1.72724
341 77.0435 85.7758 1.24793
342 83.3379 88.3632 0.839167
343 34.6226 92.2221 2.41978
344 25.17 80.4758 2.85403
345 73.8297 17.9298 1.40785
346 79.8966 76.5724 1.52741
347 2.73322 47.4954 -2.2983
348 73.3279 75.25 1.17443
349 99.1529 38.0333 3.31603
350 27.6982 89.3823 1.76939
351 46.2309 84.694 2.3061
352 40.317 75.582 2.32447
353 73.0577 23.0604 2.07506
354 13.9666 68.1936 3.05238
355 23.6297 72.5591 2.38195
356 29.3471 1.53981 1.85565
357 84.5492 19.023 1.13767
358 89.5863 86.2655 0.88804
359 10.8016 78.6425 2.99426
360 80.8897 97.6714 0.7624
361 3.48419 66.8441 2.87748
362 4.79711 90.1828 1.66677
363 21.3588 76.5285 2.71592
364 70.0212 28.4722 1.85553
365 23.181 90.8121 2.72284
366 23.5102 99.624 2.33265
367 27.8762 4.6277 2.06318
368 2.93976 74.728 2.88806
369 59.2461 13.1517 2.22202
370 58.3339 21.5164 2.01536
371 80.5326 91.1285 1.04286
372 93.0906 82.2183 1.15508
373 24.6875 2.08302 2.54883
374 0.186072 98.1738 3.18771
375 27.0564 95.0104 2.45546
376 95.3874 85.495 0.988805
377 51.7457 14.7439 2.20831
378 17.7942 85.1042 2.22597
379 27.7949 7.57422 1.812
380 23.4722 77.0292 2.70035
381 4.10346 42.1869 -2.92617
382 9.85613 91.6865 2.72384
383 75.5793 15.6677 1.80559
384 25.4356 95.0493 2.69019
385 75.0697 26.2581 1.32232
386 62.1454 34.71 1.38925
387 7.74255 67.0776 3.11937
388 34.9317 85.9741 1.55535
389 8.10512 76.7617 2.49655
390 75.3088 87.2763 0.860587
391 84.2433 85.6111 0.851306
392 7.95143 74.1391 2.40843
393 34.2315 92.3008 2.80391
394 10.8434 94.5072 2.53187
395 88.8939 86.8992 0.953723
396 86.005 96.4573 0.884165
397 8.01832 97.9009 2.79767
398 56.3871 12.2583 2.73967
399 49.0849 82.4363 2.19367
400 77.5126 81.465 1.48004
401 59.4689 11.4261 1.99316
402 16.872 70.419 2.18332
403 4.15285 85.5743 2.22267
404 19.5504 80.4375 2.28804
405 39.4179 74.4153 2.88472
406 82.3553 70.3568 1.09261
407 18.164 98.4271 2.1905
408 3.82773 80.7036 2.11387
409 33.438 4.48135 2.08295
410 80.2194 83.6143 1.16733
411 2.19515 95.1287 3.19384
412 28.1744 75.2046 2.7682
413 78.3978 83.6394 1.05651
414 32.5577 91.4223 2.10298
415 77.4021 17.1853 1.13741
416 26.7279 97.8096 2.73425
417 76.3438 81.0951 1.12348
418 86.9557 90.8665 1.16499
419 73.3388 14.368 1.5933
420 17.2197 83.9186 2.31694
421 83.2426 89.9486 0.830887
422 87.4504 84.1724 1.35443
423 26.9925 2.46332 2.0834
424 85.4024 94.721 1.4361
425 17.6542 93.8181 2.69041
426 36.5485 4.23515 1.7471
427 97.1395 96.5762 2.30232
428 22.3055 83.8212 2.5718
429 31.4955 87.0479 1.78123
430 40.6128 91.0555 1.86339
431 26.8359 94.2351 2.33027
432 81.7102 93.2408 1.18927
433 34.7725 4.58269 1.83454
434 16.192 79.1176 2.19564
435 74.8334 26.6665 1.73507
436 46.0007 90.5969 1.82121
437 11.0397 73.6049 2.15034
438 17.8498 7.83652 1.78763
439 28.3537 6.69345 2.12673
440 25.3373 72.6159 2.52904
441 80.944 70.8817 1.06955
442 17.4391 1.14136 1.74533
443 8.03985 63.4575 2.58524
444 26.9522 92.419 2.26428
445 -0.115855 46.6915 -3.03667
446 81.0715 26.6195 1.63512
447 83.6068 74.8708 1.65777
448 94.9953 85.4204 0.936262
449 28.097 72.2731 1.93049
450 80.968 87.1174 1.13008
451 16.1477 72.3888 2.47996
452 98.8524 98.6849 2.57414
453 25.2208 75.8101 2.86525
454 96.6433 93.5649 1.40295
455 76.6054 16.4103 1.34299
456 73.9684 79.6059 1.79518
457 86.1284 81.7788 1.57456
458 98.1847 81.1591 1.051
459 82.3053 15.4447 1.55971
460 11.9799 75.8278 2.64007
461 66.2043 21.8339 1.57204
462 29.7344 92.5021 2.67251
463 92.0001 84.5904 1.08533
464 31.778 94.4224 2.45207
465 82.491 85.8603 1.1097
466 32.5815 88.1033 1.8377
467 29.1342 4.85443 2.01037
468 7.61781 75.7907 2.1527
469 48.2032 87.0461 1.78568
470 42.5177 74.4777 2.59279
471 21.9657 85.4603 2.08565
472 30.408 93.2968 1.9866
473 25.9898 97.7042 2.07861
474 17.0381 42.9992 2.84715
475 83.9446 73.462 1.61979
476 85.3869 19.8674 1.53618
477 22.1462 77.4312 2.79471
478 76.6303 8.62925 2.01104
479 72.0609 16.835 1.64866
480 93.129 76.6769 0.702995
481 30.4115 0.766863 2.6012
482 14.5232 68.0277 2.58754
483 78.8981 88.0169 0.901457
484 5.53899 79.3742 2.71063
485 1.7509 67.369 2.06812
486 27.0605 76.1003 2.3244
487 32.8637 88.626 2.30293
488 47.3074 83.2359 1.39171
489 72.5023 14.3992 1.44237
490 79.7917 23.9466 1.28009
491 21.5642 77.4527 2.18912
492 29.8704 95.2971 2.76262
493 24.436 86.405 2.06803
494 19.198 72.8958 2.80519
495 16.2344 84.636 2.26868
496 9.19278 98.268 2.82127
497 88.3482 90.838 1.59203
498 34.759 85.8691 2.49043
499 87.0039 9.97501 0.886778
