500
Particles
0 56.7492 65.0304 -1.47588
1 91.9012 6.63367 0.650776
2 89.3765 11.8258 0.48297
3 91.59 48.1129 2.76603
4 90.8197 94.9283 0.601701
5 7.78414 14.2461 0.500068
6 98.7224 6.61895 1.1367
7 49.3631 0.517506 -0.624507
8 66.2574 60.5706 -1.24318
9 67.2853 66.5904 -1.84673
10 87.5259 25.6481 1.69255
11 46.4757 98.639 -0.367171
12 92.1965 21.0814 1.92435
13 65.8941 16.726 -3.3806
14 93.147 97.3659 1.03801
15 99.0025 25.9406 1.63253
16 96.9256 48.0209 2.25452
17 75.0002 20.116 3.09687
18 93.8264 5.50176 0.515596
19 88.8053 83.3753 1.04048
20 88.9055 49.6108 2.79878
21 1.62437 3.45054 1.52365
22 83.3479 21.9767 2.41453
23 77.0753 22.1068 3.0401
24 21.6524 61.7029 -3.54393
25 5.3788 20.0348 1.07637
26 25.1822 13.8056 -0.10826
27 53.8565 99.8253 -0.178392
28 53.2074 67.6226 -1.42593
29 78.1717 22.9172 3.07965
30 94.084 14.8786 1.22786
31 88.8451 66.7023 0.000399269
32 86.1954 48.3633 3.13828
33 90.0588 10.8243 1.38255
34 82.6358 32.8617 -3.22669
35 48.7946 65.4281 -2.01661
36 46.4798 100.003 0.417416
37 1.07522 8.93218 0.918509
38 88.1175 14.6203 0.733847
39 89.2294 96.6845 1.08238
40 85.1179 19.1426 2.3176
41 65.6516 18.5005 -2.12437
42 64.5704 66.7873 -1.12634
43 96.7371 32.9356 1.40995
44 92.3345 11.4491 0.688881
45 70.4929 70.457 -1.68089
46 58.3515 68.8422 -1.50595
47 73 15.0314 2.99514
48 64.8851 58.4871 -1.4376
49 7.19436 13.7515 0.758688
50 74.888 62.2754 -1.77904
51 61.7571 71.7378 -1.41424
52 99.6417 76.684 -0.509103
53 47.3267 99.1409 0.167483
54 78.7428 22.6336 2.70006
55 58.2764 17.1132 -3.09596
56 78.0412 30.7968 3.35765
57 26.9841 37.8899 1.01046
58 76.0859 25.7004 3.14391
59 6.69973 17.1506 1.22279
60 99.0996 9.75418 0.977502
61 63.1251 62.9982 -0.976279
62 51.4692 69.9546 -1.80988
63 90.6141 3.74153 0.939258
64 96.0834 9.3946 0.531987
65 54.7534 28.2699 -2.2957
66 0.872254 12.8554 0.937912
67 41.9509 55.5617 -1.54047
68 52.7396 23.6612 -2.47539
69 54.3255 73.8904 -1.27829
70 0.630995 6.88891 0.791159
71 45.0319 31.4756 -2.58761
72 96.7914 10.1597 0.994973
73 49.9822 48.8007 -1.59314
74 43.4714 16.3474 -3.17802
75 57.6343 11.0636 2.44451
76 52.2829 74.7122 -1.56036
77 95.5594 8.87013 0.87763
78 94.8293 13.5868 0.89449
79 96.3365 4.3182 0.745123
80 50.5606 75.4341 -1.63842
81 98.8837 13.0366 0.786948
82 23.3003 74.0853 0.114989
83 96.1466 1.9938 0.44862
84 14.7117 30.5785 1.22041
85 43.4191 67.1052 -1.02529
86 46.3542 83.8255 -1.27874
87 53.233 18.7236 -2.89797
88 96.2079 93.8462 0.392369
89 23.8246 15.1323 0.756241
90 35.2481 99.3684 0.290611
91 88.3959 65.8802 0.836205
92 54.4903 15.7603 -3.43911
93 76.5983 26.6859 2.60048
94 76.0156 49.1149 -1.11329
95 52.4393 68.2085 -1.59891
96 97.3929 6.68489 1.20044
97 0.920489 10.8054 0.782991
98 30.9877 11.9483 1.10729
99 90.8348 43.2863 2.60023
100 98.9155 75.1152 -1.24926
101 93.3132 5.62142 1.23289
102 68.0832 61.4361 -1.78422
103 37.4937 43.175 -1.54431
104 58.7603 65.5405 -1.96641
105 35.0942 97.8821 -0.48127
106 77.1152 32.9039 3.25733
107 59.5059 53.9569 -1.56588
108 62.9907 70.2108 -1.73331
109 61.6224 57.3474 -1.69835
110 89.7294 18.4218 1.65969
111 1.40727 8.55325 0.591918
112 71.5953 61.2422 -1.72579
113 70.5689 21.963 2.91988
114 97.5139 29.1838 2.08257
115 43.4884 54.1509 -1.55233
116 99.7737 14.0333 0.78911
117 14.4534 23.2246 0.884446
118 95.6812 48.3706 2.85417
119 76.1945 25.8581 3.46162
120 15.3615 19.3157 1.07997
121 84.3771 51.1648 2.60123
122 75.5319 49.6959 -0.768322
123 92.3861 4.77213 0.940519
124 57.6733 23.8924 -2.13404
125 55.0142 27.5537 -1.98231
126 80.2821 63.0286 0.154363
127 57.1523 24.3049 -2.31137
128 21.0841 62.7864 -2.90735
129 58.7314 65.0884 -2.02179
130 56.2237 72.4001 -2.1984
131 87.8461 23.2259 2.20052
132 42.429 98.4152 -0.329084
133 39.8563 0.813493 0.463794
134 8.99988 12.9522 0.586458
135 3.2073 7.00068 0.930787
136 40.845 10.164 1.40106
137 2.56728 8.01882 0.68192
138 74.4506 52.1734 -1.29019
139 48.1762 73.7595 -1.39346
140 66.5315 63.5102 -1.22474
141 52.6729 29.6155 -2.63696
142 98.9696 98.77 0.374945
143 72.1704 70.1955 -2.05411
144 1.50543 9.88579 1.30015
145 56.1852 51.7355 -1.21808
146 56.9037 70.8308 -1.53956
147 88.785 8.87144 0.785551
148 55.741 71.126 -1.29636
149 1.48773 12.6658 1.26768
150 62.8819 66.2478 -2.05515
151 52.5298 68.521 -1.44146
152 48.4884 30.8649 -2.29841
153 60.1272 66.5493 -1.44784
154 73.5664 70.2623 -1.21871
155 42.2461 1.78869 -0.185469
156 67.173 61.9352 -1.0074
157 68.8318 73.3188 -1.8819
158 16.1541 12.5015 0.0735024
159 95.4691 26.6185 1.23712
160 93.5646 13.3458 1.36866
161 86.3331 63.1653 0.410627
162 71.1095 64.3928 -1.70851
163 57.139 20.5174 -2.10057
164 4.24225 76.1078 -0.466167
165 47.1276 63.4961 -1.44914
166 52.814 23.5942 -1.88245
167 7.19976 7.2149 0.903413
168 93.4147 6.27913 0.876911
169 97.9205 35.2089 1.12801
170 88.3863 8.38474 1.41806
171 98.2877 6.06667 0.935501
172 51.0713 52.8046 -1.28627
173 65.9249 64.0871 -1.39086
174 3.34893 15.9151 0.369153
175 85.0412 67.5571 0.333244
176 95.9054 26.7271 1.95366
177 42.4982 68.8035 -0.968355
178 2.00325 40.8356 2.37698
179 53.8438 66.9625 -1.91068
180 69.5372 23.4739 3.39467
181 70.605 65.8759 -1.2299
182 76.9571 32.061 3.13975
183 83.8222 7.00573 0.887406
184 4.40726 23.6613 1.17587
185 65.6925 11.3707 3.07966
186 74.2743 50.0129 -0.719112
187 69.131 61.4553 -1.39877
188 90.5463 1.54947 1.17002
189 95.7652 14.2554 0.725396
190 98.3628 16.7722 0.760333
191 1.46075 11.4829 0.931723
192 45.4598 67.4681 -1.17432
193 61.7436 60.0564 -1.22726
194 38.6602 12.5258 0.919572
195 96.9045 6.74058 1.18402
196 11.8254 12.5541 0.353402
197 48.2947 83.8797 -1.52418
198 25.7462 70.0779 -0.321748
199 13.9865 13.101 0.527291
200 3.75172 4.24223 0.611218
201 87.2624 94.447 0.276483
202 96.7798 76.8885 -1.04345
203 63.0558 80.019 -1.50774
204 4.55337 14.1108 0.802623
205 53.2497 51.9336 -1.76069
206 22.5918 36.0816 0.907065
207 10.4145 20.8802 1.2814
208 3.72438 25.6257 0.589822
209 91.5732 23.541 2.05876
210 95.4116 8.86463 1.32569
211 84.0649 22.9582 2.17959
212 41.1264 98.5446 -0.13199
213 56.8339 74.3224 -2.16161
214 93.5099 1.52048 1.02181
215 72.0194 28.3343 3.51303
216 70.4868 74.1205 -1.42236
217 0.171748 5.1206 1.27193
218 65.5649 76.2291 -2.18973
219 77.8943 20.7811 2.77499
220 14.3844 5.32844 0.609844
221 65.3813 74.1632 -1.68065
222 99.0213 9.06371 1.31067
223 62.1417 10.613 2.12621
224 92.779 46.8149 2.27993
225 48.3413 0.116977 0.0465489
226 66.2767 67.4063 -1.48397
227 67.3279 59.5017 -1.52386
228 49.3468 84.9449 -2.0933
229 66.8433 69.4644 -2.06177
230 62.2082 20.3832 -2.18707
231 96.171 10.0955 1.25678
232 88.6657 64.2378 0.420004
233 34.8999 41.9163 -1.34975
234 11.9984 15.3891 0.220194
235 78.4845 29.3017 2.97804
236 66.7542 63.0378 -1.94307
237 97.4822 12.7206 1.25173
238 79.424 25.3508 3.05415
239 91.8549 98.4253 1.20051
240 91.9295 22.1154 1.45503
241 96.7922 12.9394 1.29462
242 62.516 72.0584 -1.55955
243 1.53873 6.59374 1.01597
244 83.6824 61.067 0.198531
245 61.7395 71.7464 -2.10265
246 80.9068 46.8887 -0.908479
247 59.6095 24.5517 -2.55261
248 94.5661 99.1281 0.677243
249 1.43168 13.4221 0.980273
250 56.4888 96.249 -0.521297
251 92.5508 13.8461 1.01599
252 49.6673 2.59542 -0.495023
253 66.1367 11.9929 2.45361
254 86.6756 23.0787 2.08582
255 1.06963 13.116 1.19457
256 63.1312 70.7973 -1.93093
257 79.1339 48.871 -1.19953
258 70.7831 62.3874 -1.62084
259 78.8389 33.3374 -2.95226
260 9.60258 13.1859 0.715092
261 70.6673 18.1182 3.02527
262 70.3022 67.5929 -1.41812
263 41.5646 74.5104 -0.634079
264 91.0752 10.8966 0.746403
265 38.4037 40.7042 -1.82027
266 45.6816 69.623 -1.01665
267 95.3457 9.14042 0.48091
268 80.251 19.1975 2.90676
269 47.2911 96.3842 -0.361497
270 75.9064 27.8568 2.9353
271 78.5615 30.1552 2.61197
272 51.2137 84.3475 -1.97683
273 11.3293 14.7003 0.310591
274 41.0204 72.2176 -1.3651
275 62.7987 64.3894 -1.32262
276 33.7402 10.7791 0.790215
277 49.3389 51.5819 -1.68964
278 90.0987 5.94886 0.649873
279 65.2307 73.7715 -2.12884
280 97.5457 98.3798 0.518107
281 75.4557 54.3343 -1.28589
282 76.9497 23.3 2.73524
283 5.95621 11.1398 0.424534
284 97.3768 14.1811 1.08181
285 99.798 6.39918 0.709358
286 59.8499 22.9769 -2.35303
287 77.4537 46.0755 -0.817941
288 92.6627 45.9942 3.25741
289 92.3451 11.2686 1.20241
290 60.654 61.6141 -1.61228
291 93.1288 7.65031 1.04702
292 96.7008 35.1006 1.70227
293 41.0345 71.5214 -1.23412
294 79.3983 24.0983 3.12538
295 50.9126 4.78108 -0.344441
296 4.01258 25.0139 0.930885
297 68.9287 66.1173 -1.69286
298 93.9559 8.83824 0.623466
299 4.97214 8.78332 0.762495
300 41.4401 65.741 -1.43386
301 100.193 11.3013 0.900299
302 89.6964 14.821 1.21644
303 68.6576 56.6522 -1.24735
304 91.3285 4.68585 0.803722
305 97.5458 14.6646 0.886031
306 46.7202 1.25402 0.322907
307 94.1007 11.5426 1.14427
308 72.307 22.193 3.18561
309 44.7948 71.9273 -1.77701
310 50.7634 -0.000695591 -0.160214
311 69.8931 13.7998 2.75842
312 61.8169 72.9038 -1.90268
313 50.662 68.4493 -1.06929
314 -0.31303 47.185 3.07298
315 63.5668 62.0287 -1.78013
316 2.57019 6.66831 0.671361
317 98.5473 1.83401 0.695152
318 92.5164 24.0649 2.20692
319 1.08354 9.00389 0.995114
320 0.454256 9.14084 0.559568
321 77.3924 19.2001 3.20598
322 0.602498 7.97143 0.777726
323 96.4593 3.15067 0.80776
324 94.8147 14.5369 1.10014
325 66.9759 69.5907 -1.28859
326 87.4679 39.3779 2.97742
327 47.2176 72.075 -1.15873
328 3.57258 25.9363 1.33265
329 88.4563 47.8102 2.17942
330 54.0192 70.0718 -1.20551
331 41.8119 98.3142 0.293555
332 87.8399 47.5169 2.94254
333 21.3452 70.69 -0.166569
334 89.5752 96.1211 0.501285
335 1.31734 9.90208 0.637799
336 8.70988 4.74845 1.39821
337 91.9883 98.3308 1.05177
338 65.3592 67.6061 -2.06582
339 86.6346 38.8866 2.7559
340 94.294 7.36006 1.39447
341 90.7442 2.74224 0.757244
342 93.2134 7.37327 1.18228
343 68.6396 73.2981 -1.51097
344 68.8956 58.7207 -1.52307
345 96.582 31.9202 1.77373
346 66.1181 19.6746 -2.28068
347 33.4386 11.4791 1.03379
348 92.8708 1.44447 1.26439
349 96.4424 15.78 1.49872
350 62.6627 69.8876 -1.82647
351 68.9455 63.4285 -1.93031
352 91.4738 8.02804 0.963108
353 47.8145 11.3215 -2.12391
354 47.641 27.9021 -2.01083
355 89.0663 26.8002 1.73716
356 88.6511 45.3244 2.3487
357 44.7863 99.6536 0.205259
358 73.1918 22.6189 3.03656
359 13.1918 20.3784 0.578162
360 75.0073 73.9038 -1.59267
361 3.25316 16.1398 1.03447
362 98.3662 6.75229 0.642964
363 49.1445 81.0442 -2.26414
364 91.9896 10.4866 1.03885
365 58.4033 68.3457 -1.3516
366 3.5153 5.88005 1.08695
367 60.4549 55.002 -1.21316
368 54.7933 69.9303 -1.35526
369 99.8794 29.7311 1.41239
370 95.1043 21.9565 1.52305
371 1.12907 13.46 0.505536
372 80.0127 24.0355 2.71342
373 68.8866 25.5375 2.98985
374 92.9883 12.6853 1.42251
375 56.9671 67.0421 -1.56064
376 63.0386 54.5881 -0.888052
377 39.1448 49.331 -1.82788
378 61.8429 70.409 -1.17247
379 13.3399 7.63721 0.514786
380 66.8103 66.6926 -1.12479
381 36.8358 10.6239 0.967015
382 97.7182 5.89512 0.658884
383 -0.0806458 47.483 2.99547
384 13.6558 26.1649 1.0797
385 52.078 -0.0214922 -0.615535
386 46.1563 3.32305 -0.349187
387 41.3936 65.7999 -1.68114
388 68.8166 68.4097 -1.81941
389 11.3836 15.1037 0.303752
390 92.5609 8.23593 0.890113
391 74.9225 22.2964 3.19449
392 91.9369 17.922 1.45662
393 66.8736 71.5036 -1.48033
394 99.9377 6.63257 1.04312
395 71.3395 19.222 2.90166
396 76.3106 19.2017 3.07134
397 4.02124 13.1361 1.2799
398 88.1644 22.2353 1.8885
399 41.5001 52.8834 -2.12793
400 95.0136 96.5016 0.444054
401 54.9954 21.5476 -2.0774
402 50.489 80.3052 -2.22959
403 96.0923 5.30164 1.07606
404 23.8262 35.5512 1.21867
405 91.1961 5.53829 0.531302
406 62.464 18.7876 -2.14409
407 99.8904 5.31774 0.651643
408 66.9063 24.3791 -2.69243
409 5.62877 7.65109 0.750289
410 93.034 97.6444 0.428682
411 99.0752 28.8329 1.21947
412 50.6243 79.1581 -2.29756
413 72.9105 17.711 3.17254
414 64.5952 69.2208 -1.97273
415 96.286 34.7101 1.23511
416 2.41522 22.5027 0.487423
417 97.0717 99.6039 1.11927
418 98.6335 7.48342 0.906767
419 91.5606 85.5978 0.489914
420 14.2055 21.3262 1.1526
421 92.9372 5.85516 1.48553
422 77.1312 27.5732 2.75174
423 52.5173 37.2799 -2.48311
424 96.1599 27.7428 1.43441
425 2.19593 2.33604 1.04157
426 45.9506 52.5426 -2.03657
427 91.8525 13.9423 0.892305
428 60.6625 68.8772 -1.56797
429 64.9845 68.3172 -1.56723
430 84.0758 63.0271 0.658931
431 61.2114 67.8369 -1.58097
432 68.4222 61.6788 -1.09946
433 47.9918 55.0315 -1.5946
434 83.7842 25.1755 2.65557
435 88.3492 8.72142 0.811023
436 70.2535 67.5083 -1.55044
437 32.1739 15.4979 0.259297
438 86.7172 96.1806 0.358425
439 48.5962 53.3907 -2.01021
440 49.6416 26.3655 -2.06987
441 2.59447 79.5026 -0.560023
442 97.3919 9.37962 1.30053
443 45.6875 28.2215 -2.50243
444 63.0625 69.4533 -1.40828
445 99.6448 14.4075 1.40739
446 66.4293 14.2256 3.21189
447 62.4528 23.8204 -2.92032
448 99.018 26.5974 1.93219
449 99.2236 12.9098 1.26508
450 94.9389 2.58938 0.776412
451 49.6645 75.8831 -1.58243
452 96.9555 13.9096 1.31588
453 67.3092 64.7798 -2.03536
454 73.7905 29.7378 3.04902
455 50.1065 21.9291 -1.97367
456 91.8331 95.6942 0.301574
457 79.4703 27.4533 2.94669
458 92.4081 50.6332 2.5674
459 51.3779 36.3698 -1.65551
460 8.46315 14.6528 0.353063
461 36.6059 97.9169 0.0692071
462 63.8964 71.3399 -2.12489
463 65.2908 53.8658 -1.42477
464 65.338 76.0343 -1.63745
465 74.5508 24.1867 2.71886
466 68.0841 71.1431 -1.78913
467 1.61806 8.00871 1.40975
468 6.03263 17.6622 1.09994
469 66.2658 66.3647 -1.71571
470 92.4244 4.9201 1.1793
471 64.0835 71.893 -1.34557
472 63.5472 73.2512 -1.59048
473 68.6947 29.2876 -3.10801
474 98.3184 25.7834 1.91721
475 64.166 18.8304 -2.99556
476 42.2837 1.07968 0.206075
477 26.4242 40.3454 1.65416
478 86.8542 67.2051 0.900596
479 98.9228 32.5193 1.8663
480 79.5905 26.2215 3.27252
481 5.34695 23.6895 1.00594
482 34.5269 10.7675 0.901185
483 95.7744 4.05297 1.02181
484 90.6037 17.3603 1.41621
485 88.5066 14.1981 1.54765
486 67.3161 64.4756 -1.82541
487 71.769 73.2563 -1.58489
488 43.6311 58.7561 -1.67843
489 52.0174 24.1768 -2.02626
490 50.9018 4.2306 -0.179381
491 77.4175 50.8522 -0.895172
492 62.1275 70.0614 -1.83983
493 71.284 54.1684 -1.23771
494 79.1729 45.3039 -1.01393
495 38.2355 57.1872 -1.26072
496 98.6337 12.6726 0.774333
497 96.2027 21.958 1.28283
498 66.2517 69.2143 -2.16171
499 51.7272 34.3427 -2.39806
