500
Particles
0 58.9118 21.8373 1.85671
1 90.2145 96.4093 1.94764
2 76.295 62.5601 1.87902
3 56.7722 85.1697 1.11504
4 61.3848 42.0053 1.73943
5 89.8719 93.9924 1.34731
6 75.5351 46.6756 2.33723
7 66.0516 91.7787 2.32441
8 47.7949 46.7939 0.931017
9 18.2632 0.338985 -0.0560628
10 77.714 26.0317 2.14729
11 72.1192 54.5145 2.41115
12 78.634 61.0548 2.01062
13 58.1496 25.7902 2.71529
14 63.7568 44.5234 2.03232
15 59.1937 29.0605 2.93126
16 94.7484 35.8865 1.973
17 67.7869 59.9923 2.58913
18 63.9915 53.5329 2.22088
19 29.638 71.1955 2.15727
20 55.5028 86.932 1.23628
21 73.7536 44.8299 2.10802
22 76.2319 36.4472 2.79634
23 58.5285 32.809 2.81548
24 60.2057 88.3451 1.71713
25 65.4845 29.7442 2.5879
26 92.7616 88.5221 2.32116
27 71.444 52.3971 2.22844
28 73.5773 42.4508 2.2324
29 79.2967 59.5349 1.5442
30 45.3014 89.9185 1.35428
31 72.311 37.281 2.59318
32 22.6873 77.1647 1.85956
33 59.3217 94.4413 1.34137
34 66.7047 27.7817 2.22389
35 59.4744 54.8037 1.73106
36 54.9257 95.7237 1.67584
37 80.9604 56.1818 1.86918
38 67.9671 35.642 2.63605
39 60.1819 34.9652 2.32191
40 70.243 27.3693 2.67016
41 57.3811 33.6855 3.08415
42 79.0557 27.1389 2.74696
43 57.8985 86.2229 1.00836
44 91.729 97.9616 1.10185
45 82.6962 29.6592 2.50192
46 68.4969 31.4102 2.54281
47 90.6142 83.8856 2.27224
48 74.8907 30.365 2.19379
49 61.949 17.7418 2.32787
50 68.7075 55.9576 2.21721
51 79.4425 38.3365 2.67821
52 57.6602 87.8912 1.48695
53 56.5901 95.9289 1.66441
54 63.6661 41.4332 2.09925
55 74.9444 81.991 2.06742
56 65.9869 44.2864 1.94065
57 78.2981 20.0539 2.40724
58 66.5907 47.7393 2.60893
59 63.7437 29.173 2.38324
60 68.3283 52.3301 2.58215
61 74.4782 26.5091 2.82869
62 46.8762 40.8685 0.494439
63 26.4589 50.7618 0.496153
64 72.0752 49.391 2.58245
65 88.219 85.1469 1.5652
66 66.1141 56.4959 1.94813
67 67.721 55.4942 1.6896
68 91.7598 81.602 1.77176
69 87.1243 24.6424 2.13235
70 74.1279 49.2945 2.52059
71 68.5876 30.5769 2.5189
72 65.7 52.4261 2.41629
73 82.6037 54.3919 1.93978
74 75.6057 23.3104 2.78427
75 67.8183 88.2829 2.30108
76 78.547 23.4901 2.85708
77 77.2828 48.9469 2.4008
78 84.8957 63.8593 1.97595
79 66.6234 49.4988 2.3442
80 75.7016 28.7773 2.0634
81 67.6926 57.0227 1.71085
82 53.249 54.1956 2.38614
83 57.6113 47.4643 2.58205
84 73.474 79.2553 1.5873
85 75.2562 29.7126 2.53475
86 75.243 26.3891 2.15588
87 83.7408 50.8518 1.89467
88 76.3743 80.4705 2.4032
89 74.5557 23.4475 2.18659
90 59.99 88.8597 1.3466
91 71.8512 37.5414 2.65188
92 78.845 46.4872 2.48959
93 56.798 41.4592 1.8925
94 75.249 28.9524 2.03541
95 33.7634 74.0393 2.03756
96 74.1439 49.4586 2.27262
97 76.5006 51.8643 2.65888
98 71.7967 22.1491 2.62455
99 77.6435 45.1016 2.21136
100 60.4022 88.6002 1.95618
101 64.6569 52.4095 1.82264
102 76.3874 25.3909 2.86892
103 66.5698 25.3521 2.63317
104 75.8327 33.4038 2.79649
105 58.9982 89.9905 1.97731
106 64.3223 41.2702 1.8729
107 62.4002 31.0849 2.26268
108 74.4952 35.8158 1.87854
109 69.0548 48.699 2.6793
110 70.1528 89.5648 2.17301
111 84.8008 56.1238 1.5368
112 56.0135 84.7767 0.965633
113 74.3063 44.1752 2.40896
114 73.3132 53.8151 2.21545
115 77.5791 59.0354 1.99967
116 77.4089 19.9492 2.25367
117 68.0197 33.8366 2.83098
118 45.8067 84.8165 1.29473
119 61.0562 45.2196 2.32778
120 63.0752 25.1229 2.54336
121 81.291 92.6884 1.78816
122 73.2994 30.2495 2.5363
123 54.7528 41.7072 2.53287
124 73.9131 61.7958 2.13057
125 91.9701 77.7404 1.78873
126 92.1288 38.8211 1.98106
127 52.9677 27.8591 2.03632
128 60.4899 88.5532 1.41384
129 69.6768 54.1549 2.63594
130 68.4118 37.4876 2.40994
131 77.3826 25.4299 2.16162
132 9.59008 71.5793 1.18356
133 97.3799 81.993 1.54871
134 59.3653 0.822562 2.05569
135 79.5117 51.3309 2.15089
136 75.5695 21.5814 2.2149
137 73.5588 48.7928 1.95646
138 77.4352 29.3404 2.3188
139 65.577 25.3431 2.13579
140 79.1321 26.3619 2.49464
141 80.6288 81.1792 1.73803
142 57.8673 44.8355 1.68779
143 30.3778 54.2681 2.35302
144 73.5398 50.1392 2.69813
145 69.8042 56.9223 1.83074
146 61.6924 28.8759 2.07665
147 60.303 94.7128 1.47508
148 82.5889 52.955 2.12583
149 62.1595 55.7227 2.36384
150 77.2688 26.5512 2.79907
151 23.9291 75.3734 1.85544
152 76.3865 22.5053 2.92904
153 76.9721 35.8309 2.79035
154 94.8299 32.3231 2.41688
155 95.2292 84.2911 2.22761
156 51.9401 47.0789 1.00886
157 19.6753 38.8679 2.80846
158 91.2021 89.9151 1.65396
159 31.3557 58.8317 1.51818
160 59.0915 96.5754 1.77179
161 34.0596 59.918 1.63006
162 61.801 55.347 2.34225
163 75.4524 78.0166 1.83909
164 88.8347 86.1318 2.30001
165 58.9236 54.3348 2.57269
166 75.97 79.8118 1.63096
167 85.2841 54.7425 2.11691
168 67.0636 51.1006 2.55821
169 85.7224 85.4149 1.59181
170 30.6704 79.8888 1.66777
171 73.3687 45.7363 1.94719
172 59.314 25.7697 2.21313
173 79.2495 24.7491 2.90859
174 90.0117 89.7747 1.55153
175 94.5058 74.5478 1.07828
176 76.9639 63.2146 2.11967
177 67.8465 24.1016 2.6456
178 59.0594 87.0995 1.50971
179 72.4646 41.6783 1.86468
180 75.7812 47.642 2.04603
181 32.5527 54.5379 2.03264
182 66.5592 43.7093 2.50085
183 54.3961 17.0659 2.27915
184 80.6092 47.6641 2.08942
185 93.3162 84.7364 1.3709
186 78.2871 33.4875 2.60698
187 48.7302 82.084 1.39025
188 48.8222 26.5762 2.32073
189 73.0109 59.0148 2.28594
190 91.4582 89.5816 1.61041
191 76.8421 55.5323 2.02479
192 73.5023 18.3037 2.33272
193 80.4594 41.7352 2.21683
194 71.3373 24.9797 2.26913
195 74.3927 47.6588 2.37734
196 63.1425 21.5857 2.71913
197 75.4802 26.008 2.7301
198 77.9584 46.2187 1.73547
199 9.58042 39.8541 -1.13474
200 78.5979 48.3481 1.86466
201 79.6251 57.0787 2.39461
202 57.9697 89.0742 1.56747
203 35.3871 60.7774 2.0704
204 94.1956 87.3276 1.81762
205 85.1108 54.1122 1.86317
206 70.1972 25.3604 2.59222
207 65.6609 31.4649 2.89325
208 55.5161 57.8074 2.2669
209 45.5003 83.5383 1.51325
210 68.8571 54.2913 1.92902
211 76.5036 32.2641 1.98362
212 94.7542 81.3057 2.19856
213 24.5831 73.2246 2.05933
214 49.1673 23.9278 2.57046
215 66.182 37.001 2.19749
216 82.8869 32.3564 1.98446
217 72.917 46.1376 2.58857
218 69.4454 64.6305 1.6674
219 68.0223 60.6071 2.18294
220 81.3643 54.4855 1.79833
221 83.3906 42.8024 2.34414
222 81.1443 55.5193 1.66992
223 63.4976 91.4548 1.59729
224 54.6297 85.7214 1.53533
225 77.8596 60.8735 1.95057
226 0.901001 27.9965 -0.400156
227 79.5447 35.7011 2.10473
228 76.8656 27.3285 2.90117
229 80.233 29.5216 2.30027
230 56.9311 28.5056 2.88416
231 69.9318 51.7643 2.069
232 78.2174 42.5834 1.83762
233 68.2046 29.4552 2.75984
234 65.5878 26.0863 2.05182
235 64.9957 42.0017 1.73653
236 91.4155 28.1646 2.04178
237 75.5775 61.3142 1.75416
238 67.964 44.3962 1.94208
239 58.8411 45.4806 2.28992
240 72.1471 52.7169 2.22294
241 50.4743 45.3444 1.44541
242 79.9345 35.3499 2.22625
243 79.0189 49.2252 1.84056
244 33.0965 60.8752 2.06961
245 79.0684 38.0442 2.51958
246 77.5237 29.7745 1.93064
247 91.4391 88.094 1.53951
248 61.6373 44.694 2.57275
249 73.5807 20.7414 2.97424
250 69.8434 53.033 2.44087
251 72.2893 60.3348 2.39371
252 64.2911 90.7924 2.20586
253 51.0185 86.7897 1.00436
254 77.526 25.1043 2.02123
255 63.9204 55.0901 2.17082
256 79.9732 33.6365 2.16716
257 73.9779 25.2131 2.02278
258 50.747 50.5319 1.96014
259 64.7658 42.0352 2.24783
260 93.1698 91.5443 1.4651
261 61.4549 46.1503 2.55599
262 80.3803 28.0186 2.48406
263 77.7284 42.1771 2.05964
264 60.0022 95.2117 2.10706
265 75.8476 25.2761 2.73327
266 67.8869 22.0762 2.59651
267 72.57 51.7842 2.43459
268 62.6972 24.9609 2.59917
269 70.2179 54.5439 1.78349
270 67.2591 46.6239 2.25945
271 66.9648 44.4364 1.93716
272 22.6941 72.2215 1.63158
273 65.8264 26.6101 2.63583
274 70.7367 34.2437 1.96245
275 77.6979 27.8473 2.19001
276 69.4272 19.332 2.46479
277 78.2316 45.7211 1.92793
278 83.9068 95.859 1.70064
279 80.4695 36.5874 2.42492
280 69.6412 48.2318 2.43336
281 77.2204 31.5812 2.03596
282 62.7275 44.1855 2.22461
283 87.4376 53.9201 1.98519
284 90.4894 24.4376 2.77631
285 77.9148 51.0196 1.79697
286 53.788 31.2356 1.99341
287 75.148 29.3736 2.41423
288 45.5012 65.776 -0.4186
289 87.3643 24.9808 2.66761
290 70.0043 30.7566 2.6096
291 55.1359 14.4398 2.56799
292 94.2793 82.6984 1.43413
293 67.9778 32.0325 1.95395
294 66.7077 41.9492 2.60771
295 72.2874 44.9502 2.61748
296 82.0076 47.2254 2.22814
297 92.2701 34.6426 1.66718
298 53.937 46.6014 2.00175
299 79.3213 56.5778 1.46991
300 70.9028 27.075 2.22924
301 67.4296 54.2905 2.60109
302 61.4661 23.7986 2.77755
303 77.7547 30.8754 2.75161
304 23.4871 53.631 0.160469
305 73.6693 58.826 2.11019
306 57.0529 91.4206 1.39458
307 76.6961 59.1323 1.92208
308 62.7273 49.5824 1.77718
309 68.3945 33.3382 2.37054
310 59.9251 93.0137 2.16457
311 62.8921 35.9582 2.26018
312 78.6184 38.7186 2.48131
313 25.5734 74.7748 2.20793
314 67.4792 58.9415 2.34198
315 77.7569 34.2112 2.24999
316 77.0803 44.8611 1.76873
317 66.6709 47.8455 2.2899
318 77.1894 59.9321 2.19778
319 80.3145 56.9861 1.91863
320 80.8914 54.459 2.24515
321 67.839 59.4777 1.8335
322 83.437 51.4269 1.84168
323 66.1258 49.2361 1.75732
324 8.31861 35.6242 -1.07095
325 83.0207 32.3928 2.25476
326 75.462 25.1894 2.20731
327 68.4535 27.5545 2.03295
328 87.4168 51.3403 1.6515
329 54.1155 81.407 1.65823
330 25.0188 73.119 1.88004
331 65.0569 95.3518 2.10181
332 30.2243 75.4845 1.74981
333 80.4837 48.573 2.19099
334 58.753 36.4814 3.05538
335 77.8638 56.0498 1.78412
336 84.3751 54.2523 1.76562
337 59.793 42.5647 2.55844
338 83.992 33.7948 2.01959
339 73.5214 27.573 2.48141
340 58.1933 24.1754 2.76519
341 59.3764 48.6809 2.51931
342 66.7507 51.7223 2.52544
343 80.4198 31.6851 1.9432
344 78.4194 29.4494 2.67254
345 69.7105 85.2179 1.99962
346 58.3268 34.9646 2.71514
347 94.5851 92.3226 1.79883
348 50.3624 29.2798 1.89545
349 91.0392 87.4162 1.39834
350 77.2526 33.5362 2.35284
351 33.7851 50.2524 1.76802
352 93.9829 95.4318 1.89081
353 61.912 90.2667 1.24286
354 71.8009 20.6964 2.72016
355 77.6246 22.5096 2.7436
356 83.5962 50.1731 2.32981
357 90.502 86.385 1.67609
358 68.7986 47.7532 2.34852
359 64.9203 28.9509 2.11123
360 63.7735 59.8904 2.30399
361 61.0714 17.685 1.8366
362 71.4769 46.6184 1.8202
363 76.4851 27.9024 2.33323
364 63.6014 95.7895 1.6154
365 73.6038 38.1613 2.41934
366 75.6944 47.5695 2.01403
367 83.6341 54.9757 1.33084
368 60.1749 27.3585 2.99202
369 30.1694 73.9422 1.93331
370 54.0094 88.8356 1.45448
371 65.6061 54.7375 1.84376
372 69.1493 42.4157 2.4839
373 78.4835 51.1604 1.96213
374 69.8332 56.9217 1.666
375 81.969 45.9305 2.42451
376 71.6705 47.346 2.10511
377 23.139 75.231 1.66718
378 70.7702 33.5102 2.55661
379 83.5747 57.5925 1.35338
380 77.9221 27.2052 2.43216
381 5.32001 39.2749 -1.3411
382 73.8452 46.8589 2.38745
383 78.1835 83.1088 1.64132
384 76.3069 41.4883 2.41952
385 63.9723 92.4793 2.23632
386 53.5863 94.5896 1.04126
387 61.7507 17.287 2.9157
388 83.6978 29.611 2.61153
389 65.3507 29.4918 2.01842
390 56.8658 50.851 2.1043
391 65.2107 48.4139 1.83827
392 65.5113 27.3839 2.52042
393 82.9245 35.277 2.69245
394 74.7127 49.6906 2.00846
395 69.0607 48.8594 1.78139
396 69.0568 59.542 2.56501
397 71.2784 51.7854 1.8671
398 25.4716 72.8614 2.50956
399 53.1839 45.8549 1.74663
400 58.7758 43.5186 1.79287
401 34.5603 73.6816 1.43868
402 72.6683 21.3212 2.32246
403 75.2193 45.7746 1.92044
404 72.1225 29.529 2.71711
405 91.928 95.7544 1.42934
406 53.3539 21.84 2.23155
407 76.5837 50.5312 2.58595
408 66.1665 36.815 2.70442
409 86.8159 53.2512 1.70171
410 60.9774 46.0216 2.45914
411 71.6859 53.7428 1.8316
412 80.7005 24.3106 2.22894
413 60.391 46.5431 2.32663
414 80.7796 34.2759 2.1577
415 86.1606 84.1152 1.36251
416 81.2049 46.978 2.60901
417 58.2162 43.6908 2.50435
418 71.1185 54.9577 2.06048
419 72.7636 82.2673 1.49687
420 66.6103 29.4055 2.4603
421 68.688 53.0291 1.9655
422 64.6868 45.3524 2.40009
423 80.9454 51.4108 2.0019
424 68.2419 59.1153 2.24917
425 72.3884 41.6091 1.96757
426 2.04895 37.0839 -1.18954
427 70.2204 57.946 2.54082
428 74.1639 31.8226 2.00417
429 78.2847 28.5774 2.4912
430 29.0646 56.4391 2.04185
431 81.3196 44.2431 1.74116
432 65.0357 56.6154 1.79504
433 88.9546 51.4685 1.40303
434 70.6297 29.2646 2.50206
435 63.956 93.1536 1.55003
436 33.0891 55.7938 2.21597
437 64.9572 24.0638 2.66113
438 81.2695 62.6085 2.395
439 83.6639 56.4841 1.54024
440 80.5463 24.0268 2.06518
441 51.6053 22.8043 1.93883
442 75.0685 52.4922 2.40162
443 7.06898 42.7789 -0.723946
444 79.1626 40.0905 2.35613
445 86.9126 92.0196 2.36733
446 68.0291 91.2359 2.47847
447 57.0469 31.3084 2.32858
448 71.5892 47.5645 2.44846
449 84.072 24.3966 2.13142
450 62.4005 49.9968 1.91812
451 71.5911 23.2553 2.34513
452 70.3337 59.4036 2.48461
453 77.3707 23.7308 2.35789
454 71.8596 55.5457 2.18569
455 81.4053 84.3423 1.9771
456 56.7689 40.6584 2.44546
457 65.8674 43.7314 2.4011
458 68.6836 40.5125 2.01111
459 95.4962 82.48 1.66498
460 67.5358 27.0902 2.83016
461 57.6758 89.1974 1.52346
462 79.2575 37.1743 2.07216
463 68.8093 45.9924 2.03694
464 88.0464 43.0682 2.5552
465 63.3341 47.955 1.7141
466 80.7387 31.1412 2.65847
467 84.0469 53.8456 2.05883
468 61.5811 25.7874 2.10181
469 36.181 51.817 1.83477
470 12.8828 80.0393 -0.714522
471 71.3875 31.0854 1.91056
472 80.6041 39.2531 2.36482
473 79.1847 46.1793 2.37959
474 13.8583 38.6211 -1.36808
475 57.5436 28.2412 2.65548
476 90.6199 86.3076 2.08066
477 78.0401 28.7207 2.42287
478 58.4447 59.6002 2.69859
479 69.0917 84.0965 2.32824
480 65.0124 36.6006 2.29826
481 86.715 50.4027 1.59041
482 73.0179 21.0486 2.57199
483 61.9295 51.527 2.29044
484 60.7003 28.6485 3.02451
485 56.8716 17.7794 2.22756
486 80.7966 26.7721 2.11461
487 79.8592 30.6886 2.38831
488 49.0144 43.5732 1.02632
489 70.6416 82.6076 2.20663
490 68.4723 89.179 2.05922
491 74.5482 26.8564 2.53024
492 81.9346 42.2445 2.24654
493 76.1955 34.3426 2.17307
494 74.0733 22.9736 2.69231
495 68.0198 32.9426 2.53669
496 72.6517 51.5616 1.89598
497 69.4012 54.594 2.09481
498 81.4079 27.3628 2.51957
499 80.1195 67.3498 2.05407
