500
Particles
0 69.0872 11.4654 2.44775
1 92.9357 82.3159 2.67762
2 84.0176 50.5414 1.87736
3 55.5505 71.0888 1.20627
4 68.3667 29.4607 2.81644
5 92.2776 79.8973 2.27964
6 85.0817 35.7709 1.99144
7 70.3133 78.4795 1.91995
8 39.8668 35.174 1.36138
9 18.7753 1.39544 -3.22271
10 88.3181 16.4117 2.09942
11 78.4009 41.6437 2.48811
12 84.81 47.9698 2.26612
13 67.572 15.2164 1.89708
14 72.7287 33.6263 2.52341
15 68.9035 18.6717 2.25484
16 99.2959 22.1915 1.84527
17 72.8571 46.6372 2.03351
18 69.3713 40.3444 2.05814
19 33.6957 57.4209 2.3635
20 56.2945 72.602 1.05229
21 82.4267 33.3523 2.34881
22 85.9684 25.7067 2.63098
23 68.8265 23.1389 2.19724
24 64.3995 74.9504 1.71327
25 74.9557 19.0612 2.45728
26 94.3648 74.4768 1.73801
27 78.6725 40.0512 1.90197
28 82.6284 31.1678 2.35741
29 86.5609 47.2046 2.46108
30 48.5627 76.0249 1.88671
31 82.0573 26.7147 2.79206
32 25.5888 63.2071 1.64707
33 63.7262 80.7437 1.52339
34 75.956 16.7365 2.73517
35 66.5665 42.2921 2.61163
36 55.6565 81.4807 1.42258
37 88.4671 43.8203 2.45194
38 78.1735 25.7513 2.03646
39 69.2591 24.0209 1.93966
40 80.6994 17.8234 1.95328
41 66.715 22.8333 2.27349
42 90.7394 18.5909 2.38588
43 57.7669 71.958 2.06872
44 93.9931 84.0771 2.4765
45 93.0968 19.7947 2.59587
46 80.0728 22.8781 2.62399
47 91.1588 69.8812 1.59092
48 85.6623 20.981 2.46799
49 71.3118 6.59067 2.18626
50 76.2378 43.6261 1.96673
51 89.3956 27.9852 2.61686
52 61.2058 73.7796 1.22762
53 59.264 81.8878 1.90916
54 73.5332 30.9815 1.92982
55 76.8759 67.8225 1.78855
56 75 33.064 1.83118
57 89.3907 10.8975 1.9403
58 75.1362 36.3226 2.10207
59 73.6541 18.6582 2.58486
60 75.2912 39.7509 1.94534
61 85.8164 17.6186 2.62487
62 37.3453 30.4522 0.245636
63 17.2154 60.0036 -0.881804
64 80.7992 38.004 1.73795
65 89.4029 70.961 1.6887
66 72.5994 43.5449 2.37515
67 74.5019 43.165 1.7147
68 90.7819 67.681 1.2189
69 95.5195 13.1233 1.70736
70 83.4932 38.4085 1.93752
71 79.2676 20.9965 2.70398
72 73.4948 40.4433 1.65052
73 89.3282 41.7729 2.15244
74 87.1104 14.3793 2.09542
75 72.2784 74.9117 1.7972
76 89.2398 13.879 2.72749
77 86.7573 38.1364 1.59626
78 89.5431 50.6178 2.11103
79 74.8958 37.6991 1.86321
80 86.3205 19.0298 2.32392
81 72.7604 43.3758 1.69103
82 61.9832 42.5871 2.01943
83 64.3364 34.9349 2.54966
84 76.4057 65.2819 1.5409
85 86.8374 20.9711 2.40111
86 86.6977 17.6284 2.30764
87 90.4576 38.1435 2.42304
88 79.0173 66.5018 1.29221
89 84.852 13.3836 1.98172
90 62.9421 75.1663 1.17799
91 82.1703 27.4111 2.01801
92 88.3423 35.5366 2.42495
93 64.3558 29.355 2.40666
94 86.4769 20.1347 1.88964
95 39.1658 60.8176 1.71633
96 81.8488 37.3275 2.50107
97 84.4951 40.0416 2.0896
98 83.0795 13.2519 2.24443
99 87.356 34.6907 1.98843
100 64.9564 74.9263 1.38665
101 71.4995 39.9797 2.1437
102 88.3051 17.2266 2.05192
103 75.4703 14.006 2.56855
104 86.641 24.0197 2.75988
105 63.1733 76.2327 1.79067
106 74.1992 31.0743 2.17523
107 71.7453 20.1657 2.36083
108 83.4584 24.5507 2.08032
109 77.9084 37.3296 2.3765
110 74.5434 76.4368 2.15423
111 91.1401 43.234 2.14049
112 56.092 70.3669 1.83431
113 84.9622 34.142 2.18931
114 80.2851 41.3581 2.52658
115 83.5363 45.8383 1.97846
116 87.9365 10.3504 2.00737
117 78.8465 24.2821 2.78826
118 42.6932 70.7175 1.41181
119 70.0167 33.8882 2.27906
120 73.4961 15.4692 2.24798
121 85.6908 80.4704 2.48896
122 83.9526 20.5967 2.5317
123 61.1352 29.1258 2.60773
124 80.5012 48.843 2.01008
125 92.5418 63.4073 1.60196
126 97.2601 25.4079 2.10566
127 62.7064 17.2296 2.5534
128 63.7234 74.37 1.33848
129 76.6487 41.572 1.84814
130 79.1253 28.2162 2.47877
131 88.5758 16.7805 2.28495
132 98.5903 64.3849 1.28787
133 97.1447 68.068 0.671204
134 69.1624 95.5286 -2.53708
135 87.41 39.3302 2.00466
136 86.5757 12.3611 2.00157
137 82.4113 37.225 2.18535
138 88.5375 20.0977 2.09171
139 74.9687 14.644 1.97894
140 90.7099 17.9042 1.8779
141 82.5443 67.3264 1.62768
142 65.927 33.0812 2.47466
143 35.3043 41.5407 1.55611
144 81.3232 38.3076 1.74736
145 76.3323 43.9861 1.64724
146 72.1396 19.1422 2.47892
147 63.4591 80.6116 1.75149
148 89.2274 40.5598 1.66779
149 68.7789 42.9387 2.26275
150 88.7608 17.7222 2.79025
151 28.3665 62.2763 1.65725
152 88.0588 14.0248 2.81494
153 86.7349 25.2629 2.31562
154 2.27036 21.7788 3.26471
155 94.7523 70.1016 1.45162
156 43.5391 35.2971 1.2911
157 22.1252 45.6742 0.880077
158 94.1293 76.0024 1.3261
159 35.1484 45.1468 1.63376
160 61.7949 82.5487 1.63426
161 37.0766 46.0564 1.65722
162 69.6776 43.1591 2.06346
163 77.4341 63.773 1.65078
164 90.8226 72.1645 1.0398
165 65.8113 41.8617 1.73588
166 78.5379 65.6341 1.66376
167 91.821 42.1522 2.41187
168 75.6062 39.6949 1.64591
169 87.8711 71.4546 1.59193
170 32.0297 66.1896 2.44931
171 83.1657 35.3348 1.77275
172 69.2535 15.3906 1.80769
173 90.5785 15.8874 2.017
174 92.3759 75.8313 1.46839
175 94.8438 60.682 1.78474
176 83.9044 50.4472 2.48184
177 77.9123 13.9435 1.9228
178 62.1535 73.0838 1.76439
179 80.9576 30.1353 1.72666
180 84.4196 36.0562 2.11439
181 35.7879 40.6022 1.818
182 76.347 33.0778 2.34533
183 65.4595 8.06067 2.59494
184 88.2677 35.3066 2.22608
185 93.5174 70.3876 1.24715
186 88.1456 22.8852 2.46374
187 45.5988 68.2066 1.74356
188 59.247 16.6966 2.75878
189 80.8174 46.8625 1.89024
190 93.4327 75.7252 1.01988
191 83.5131 42.8539 1.83489
192 84.3981 8.948 2.25204
193 90.3622 31.508 2.27592
194 82.9374 16.2554 2.06634
195 82.6147 35.8068 2.6686
196 72.9493 11.1848 2.18229
197 87.2309 17.748 2.15758
198 86.9918 35.3064 2.1921
199 14.1508 52.0105 -1.58097
200 88.2188 37.6723 2.04863
201 86.9921 44.793 1.59508
202 60.9457 74.8751 1.4929
203 39.2697 47.2115 1.5092
204 95.8312 73.4303 1.76262
205 92.0174 41.625 1.5811
206 81.3752 16.6052 2.78967
207 76.25 21.9173 2.60117
208 63.496 45.8259 2.64691
209 42.9082 69.344 0.93071
210 75.6472 41.7431 2.04347
211 87.0718 22.6548 2.19813
212 94.2639 67.1508 1.68334
213 28.691 59.88 2.51107
214 59.7322 14.502 1.98121
215 75.454 25.9846 2.1413
216 92.2442 21.3583 2.39961
217 81.5428 34.5401 1.82247
218 75.3167 51.5055 2.16272
219 73.7277 47.1658 2.64452
220 88.663 41.9224 2.07023
221 91.8129 31.1961 2.38747
222 88.4646 43.1299 1.58577
223 67.1309 77.5472 1.76414
224 53.5391 71.5366 2.0431
225 85.4244 48.4884 1.84842
226 2.41312 19.7405 2.59499
227 89.4617 25.3534 1.76469
228 87.9766 18.3252 2.09323
229 90.5958 19.5816 2.33253
230 65.6681 17.2171 2.33618
231 77.494 39.5274 2.03169
232 87.7615 31.8687 2.25941
233 78.9241 19.7556 2.28459
234 75.1311 15.2844 2.57872
235 73.8636 30.6737 2.28628
236 0.779291 17.5694 2.85779
237 82.5537 48.7164 1.8659
238 75.5226 32.1668 2.29318
239 66.6527 33.3272 1.85546
240 79.7321 40.313 2.26331
241 41.9279 33.7981 1.42761
242 90.3553 25.2124 2.28465
243 87.546 37.3673 2.46266
244 36.7767 47.124 1.95524
245 88.3973 27.0627 2.16547
246 88.5022 20.4554 2.83249
247 93.0606 73.9349 1.3612
248 70.4857 33.424 2.58453
249 84.4289 11.5338 2.19151
250 77.8895 41.1066 2.02262
251 78.2969 47.1329 2.0674
252 69.1036 77.1817 2.12908
253 50.3714 72.6779 1.97378
254 89.0013 16.4954 2.75799
255 70.9884 42.6795 2.41131
256 90.4387 24.3111 2.67154
257 85.6442 17.1526 2.84934
258 42.6267 38.9247 0.567425
259 73.3738 30.6405 2.55339
260 97.1209 77.8034 1.99704
261 69.8877 34.6189 2.29228
262 91.1562 18.3589 1.89398
263 86.2624 30.433 2.08556
264 63.6565 81.4019 1.53838
265 87.1487 16.8465 1.93253
266 77.7155 11.5357 2.57447
267 80.3229 39.7163 1.83453
268 71.9847 14.8381 2.67977
269 77.8526 42.4385 1.68121
270 76.0321 35.2504 2.2728
271 76.4299 33.6021 2.30245
272 26.3183 59.0413 1.65725
273 75.5269 16.067 2.41506
274 81.3294 24.5847 2.34649
275 88.9574 18.8891 2.74332
276 79.3605 9.29283 2.25322
277 87.8415 34.9394 1.70917
278 89.3912 83.6376 2.56057
279 90.3619 25.8406 2.27561
280 77.7673 36.3552 2.47593
281 87.4722 21.7546 2.53757
282 71.6296 32.7131 1.85954
283 95.0306 41.6743 1.97263
284 99.6315 13.5935 2.2365
285 85.0101 38.6424 2.17008
286 62.6594 19.8705 2.50284
287 85.973 19.8337 2.65255
288 43.1416 57.4689 3.16357
289 96.7109 14.0387 2.14639
290 80.4842 20.84 2.56256
291 65.6478 4.65132 2.41549
292 94.9061 68.5674 1.1555
293 78.0307 21.9516 2.34264
294 76.1705 31.0896 2.2665
295 81.0638 33.3209 2.43132
296 91.4873 36.3204 2.26382
297 97.5558 20.9449 1.55487
298 49.5384 34.0729 0.75669
299 86.3161 44.1903 2.41164
300 81.2705 17.14 2.21269
301 74.9646 42.0231 2.17325
302 71.5895 13.7272 2.4361
303 87.9521 20.7756 2.74489
304 13.2986 62.7722 -1.08295
305 79.6776 45.7385 2.47677
306 59.9519 77.6268 1.97662
307 83.5408 46.5815 2.3222
308 70.794 37.5951 2.16922
309 78.5487 23.0792 2.36174
310 63.9726 79.2647 1.14695
311 71.75 24.468 2.44962
312 88.3083 27.9311 2.61845
313 30.9814 61.4861 2.37731
314 73.87 46.1062 1.94263
315 87.8355 24.0848 2.19796
316 86.2909 34.0178 2.31013
317 75.4109 36.289 1.99586
318 82.9743 46.7669 1.81322
319 87.1921 44.1992 1.54815
320 87.6167 41.6901 2.35916
321 72.6675 45.8658 1.90959
322 89.8798 38.6167 1.67829
323 73.1711 37.1414 2.56806
324 9.51374 44.3964 0.729513
325 93.0985 22.3236 2.03383
326 86.5266 15.7381 2.41963
327 79.2604 18.1734 2.41436
328 94.3488 38.7379 1.99934
329 53.8206 66.9107 1.45334
330 30.2221 59.907 1.71186
331 68.627 81.4248 1.48192
332 33.375 61.6735 1.95203
333 89.0197 36.896 2.49309
334 67.8189 25.613 2.845
335 84.413 43.2167 1.56015
336 90.7723 41.5113 1.65993
337 67.4417 30.1759 2.41199
338 92.9725 22.5696 1.83777
339 84.9323 18.6411 2.08077
340 67.6027 13.4126 2.64873
341 66.5656 36.4971 2.58524
342 74.1598 39.3073 1.72172
343 90.3751 21.5158 2.02765
344 89.4413 20.1185 2.25869
345 73.5744 71.4547 2.10761
346 67.4116 24.0576 2.17406
347 96.3822 78.5047 1.34664
348 59.9572 18.4149 2.50547
349 93.0248 73.4602 1.80968
350 88.37 24.3538 2.62445
351 35.7612 36.145 1.32407
352 96.389 81.7438 1.94324
353 65.6792 76.4581 1.37045
354 82.1523 10.5603 2.75898
355 88.8528 13.6445 2.61622
356 91.6168 38.346 1.92359
357 91.7813 72.2534 1.82704
358 76.9545 35.8914 2.24457
359 75.3247 19.0484 1.81395
360 71.5503 47.5735 2.19784
361 70.3443 6.6979 2.20998
362 79.9284 35.1016 2.51902
363 86.9161 17.8535 2.10785
364 67.5157 81.9364 1.27409
365 83.051 27.2051 2.68633
366 85.5333 36.8616 2.06298
367 89.7227 42.0196 2.35456
368 69.5345 16.7098 1.9878
369 35.0466 60.2218 2.00309
370 52.9511 74.5947 2.04544
371 71.8626 42.1764 1.90343
372 78.6318 31.4106 1.95151
373 87.8166 39.9764 1.75516
374 77.0941 44.7776 2.07279
375 89.5838 33.4428 1.87291
376 81.1233 36.5216 1.86216
377 26.2397 61.4605 2.34364
378 81.6955 24.1626 2.00586
379 88.8644 44.3885 2.09032
380 89.2243 18.4152 2.79983
381 7.4539 48.5495 1.2
382 83.3222 35.9773 2.0741
383 79.5731 69.2719 1.97465
384 86.3848 31.474 2.67296
385 68.4278 78.8989 1.31654
386 55.4288 80.5079 1.56404
387 71.5105 6.83227 2.03507
388 93.5861 19.1828 2.6456
389 75.0134 18.9541 2.07195
390 64.1872 38.4308 2.51179
391 72.4854 35.9835 1.84554
392 73.8805 15.7732 1.93971
393 91.884 24.173 2.66262
394 81.8778 37.356 2.13637
395 77.6729 37.3058 1.8562
396 75.5571 46.769 1.95607
397 79.625 40.1094 2.01692
398 31.0515 59.8222 2.43518
399 44.9515 34.2253 1.34444
400 66.1015 31.1608 2.6765
401 38.4296 59.9073 2.11438
402 84.5783 13.255 2.63225
403 84.3423 34.9693 1.9928
404 82.8907 20.0153 2.53428
405 93.8155 81.5386 2.5535
406 64.9502 13.0327 2.80152
407 84.9871 38.891 1.73029
408 76.0247 26.4167 1.9039
409 94.2448 40.9504 2.48643
410 68.7113 33.9752 2.13973
411 80.8214 42.6865 2.04047
412 91.9948 15.3245 2.34992
413 67.9963 34.2982 2.0982
414 90.6734 23.7446 2.0441
415 86.4736 69.7102 1.60979
416 89.6766 35.5493 1.73313
417 65.3613 31.1069 2.62599
418 76.7853 41.4877 1.8978
419 74.9021 68.2252 2.1878
420 77.1041 19.3519 2.58866
421 75.4038 40.4334 1.86974
422 73.6932 34.0719 1.72365
423 88.2387 38.9947 2.07111
424 73.5454 46.0196 2.49092
425 82.3391 31.2215 1.92095
426 0.586304 38.0432 1.45743
427 77.2749 45.458 1.82463
428 83.9311 21.3159 2.3259
429 89.4846 19.5675 2.46596
430 33.1713 43.0779 2.13983
431 89.6099 32.5672 2.17449
432 71.5756 43.7857 1.78613
433 97.4318 40.2443 2.19747
434 80.4764 19.0461 2.30461
435 68.2128 79.3866 1.91504
436 37.6977 42.3104 1.64037
437 74.3726 13.3541 2.55655
438 87.9384 49.8222 1.91016
439 89.637 43.5294 1.94311
440 90.8259 13.9352 2.81854
441 63.0807 14.1062 2.39
442 83.6162 41.0222 1.66475
443 12.7311 54.7952 -2.0383
444 88.3491 29.1781 1.98072
445 90.7315 78.3464 1.19992
446 73.2312 78.2197 2.05409
447 66.9294 21.0037 2.09806
448 79.5096 35.6932 2.17258
449 94.953 14.9067 2.53774
450 70.0186 37.7319 2.09539
451 82.839 14.3617 2.3519
452 77.7019 47.0387 2.0045
453 89.1808 15.4972 2.66194
454 79.0852 43.2479 2.30229
455 81.9345 70.0297 1.14001
456 64.1088 28.5876 2.08451
457 75.0915 32.5487 2.50869
458 78.1737 29.6887 1.96393
459 94.7997 68.4109 1.63979
460 76.5867 15.9067 2.59283
461 59.3415 74.8163 1.09435
462 88.9281 26.5545 2.70408
463 78.3267 35.0488 2.09713
464 95.7675 31.7276 2.27804
465 71.4144 36.0371 2.5597
466 90.6364 20.9977 2.47766
467 91.7955 41.6796 1.78252
468 70.3541 14.5096 2.35834
469 37.8734 37.9445 1.92804
470 0.407363 79.8642 1.36517
471 81.8451 21.3014 1.89551
472 90.0944 28.1952 1.95064
473 88.0731 34.8134 1.67612
474 16.8 50.0039 -1.71916
475 67.7941 18.1219 2.25678
476 93.955 72.2779 0.84609
477 88.1687 18.5937 2.22869
478 67.229 48.1799 2.70455
479 72.1561 70.2793 2.00073
480 75.3277 26.7606 2.46993
481 93.7219 37.9401 1.99204
482 83.6106 11.4593 2.01654
483 68.5012 38.7236 2.08461
484 71.655 19.5806 2.51952
485 67.4194 7.88629 2.79388
486 91.3351 16.9501 2.28312
487 91.3446 21.9377 2.26496
488 39.7047 32.71 0.982928
489 72.1501 68.4854 1.69628
490 72.8513 75.7456 1.63294
491 86.1913 18.1767 2.26921
492 90.1529 30.53 2.23015
493 86.5891 24.3508 1.94575
494 86.226 15.1957 1.98931
495 79.0037 23.5067 1.97525
496 80.1139 39.3332 1.73068
497 75.3833 41.3769 2.09863
498 92.804 18.6553 2.61798
499 86.5478 54.9301 2.58652
