500
Particles
0 51.2038 46.1971 -2.24849
1 7.48938 18.5161 0.402968
2 4.23947 24.468 0.629091
3 77.8142 41.5591 -2.52385
4 6.85453 6.18685 0.0575477
5 21.4636 27.9804 1.25578
6 15.4331 16.5515 0.320853
7 69.0845 1.0458 -0.0110044
8 66.76 41.045 -1.49731
9 70.0837 47.1968 -1.87771
10 73.0658 29.8251 -2.13664
11 65.6428 94.6157 -0.660008
12 84.8258 39.0059 2.86947
13 48.1169 9.12742 -2.72682
14 9.68419 7.4171 0.656279
15 88.9669 42.6337 2.72249
16 82.1603 44.3413 -3.45927
17 55.4108 20.4979 3.14155
18 10.2094 16.0301 0.872623
19 4.30127 93.575 0.163944
20 75.3337 41.5802 -2.1477
21 16.8541 15.0842 0.0894194
22 64.4152 25.8134 -2.50781
23 57.4246 22.6412 -2.78484
24 9.25448 61.9207 -0.861346
25 20.2298 32.5533 0.229946
26 27.0302 27.0033 1.56194
27 70.9927 90.7305 -0.0164198
28 50.2547 48.2138 -1.77206
29 58.512 22.0668 -2.68823
30 8.49524 27.8829 0.742633
31 97.2877 83.6429 1.36409
32 72.9024 36.9318 -2.47164
33 5.12885 23.2305 0.539994
34 63.9854 33.0305 -2.40023
35 44.5256 47.0692 -2.00403
36 65.7318 97.2417 -0.236671
37 16.0669 21.3004 0.62824
38 93.3732 33.2987 1.97549
39 4.83831 8.5862 0.330761
40 67.2304 25.4776 -2.80796
41 48.3733 9.5305 -1.94777
42 64.024 47.058 -1.67706
43 93.1488 52.0553 2.13045
44 8.09518 23.0258 0.0624196
45 72.413 50.8564 -1.4551
46 55.0275 49.4704 -1.40833
47 53.6818 16.3695 2.85778
48 64.3602 38.7959 -1.80412
49 21.0413 27.6195 1.37437
50 74.3474 42.7299 -1.57507
51 57.8765 52.5165 -1.56721
52 6.71331 58.7926 -0.874909
53 66.072 94.268 0.151606
54 59.0938 24.0652 -3.4251
55 45.5397 2.49417 -1.71783
56 59.3045 33.0966 -2.65117
57 31.8555 55.7176 1.74921
58 56.4339 26.0562 -3.19005
59 20.9936 30.7455 1.26749
60 13.322 22.7968 0.81631
61 63.7225 43.1624 -1.35479
62 46.7671 51.1212 -2.17077
63 6.61541 14.1967 0.76869
64 11.6311 21.1196 0.139327
65 40.9076 14.4359 -2.2758
66 14.9082 26.5643 0.61186
67 43.5248 36.638 -2.35926
68 39.1407 9.97495 -2.55955
69 51.7758 54.6152 -1.99204
70 16.1107 18.6542 0.673183
71 32.2952 32.6022 1.3296
72 11.0878 23.3383 0.44446
73 50.8992 29.8218 -2.10738
74 30.8584 26.3664 2.15342
75 53.0041 96.7495 -1.24922
76 47.8483 55.3932 -1.6001
77 13.0946 18.332 0.407504
78 9.44576 26.3647 0.79144
79 13.3595 13.3748 0.648584
80 47.1492 56.0377 -2.20232
81 13.3842 26.3323 0.616397
82 34.119 88.1609 1.65184
83 13.7906 10.1136 0.316643
84 30.1661 40.6117 1.20381
85 41.676 48.9665 -2.5147
86 37.5754 66.7996 -2.21727
87 38.7026 6.15234 -3.03874
88 12.7685 96.0649 -1.2656
89 27.4189 27.5156 1.99318
90 52.0922 93.0907 -1.02477
91 97.5049 82.5871 1.47808
92 39.3272 3.74382 -2.50331
93 56.8084 26.4894 -3.43431
94 68.643 34.087 -2.57658
95 48.8378 49.3884 -1.87302
96 11.9496 19.619 0.789537
97 16.5865 22.5888 0.0988356
98 27.5972 27.4911 1.21193
99 76.4304 34.876 -2.09957
100 7.92814 58.0597 -0.512203
101 8.83221 17.6586 0.881181
102 68.2625 42.0587 -2.20767
103 35.9342 31.6127 2.36064
104 59.0518 46.0044 -1.83535
105 52.7583 91.9249 -1.15093
106 58.0258 34.7247 -2.96331
107 54.9283 37.0119 -2.91602
108 59.8093 50.7707 -2.09499
109 59.0019 38.3304 -2.06631
110 83.8806 36.5615 2.86225
111 16.7002 20.5611 0.287055
112 73.004 41.588 -1.52203
113 51.3123 23.4944 -3.27902
114 89.8496 47.0923 2.05477
115 45.2892 35.1462 -2.32969
116 12.566 28.5118 0.450797
117 27.575 34.2684 1.94732
118 80.6888 41.8386 -2.46267
119 56.5741 26.0869 -3.26984
120 28.6509 31.9982 1.22131
121 72.2183 38.8027 -2.25813
122 67.2891 35.4204 -2.85879
123 7.55684 16.9394 0.53396
124 43.7993 10.0634 -2.48395
125 42.0713 13.1945 -2.53646
126 87.2061 79.8601 1.51746
127 43.312 9.9902 -2.08662
128 9.35113 62.7588 -0.851449
129 53.5968 46.2058 -2.43643
130 52.4314 53.5684 -2.26075
131 73.3719 27.9452 -2.36659
132 60.052 91.8641 -0.764945
133 56.8663 93.7845 -0.473729
134 22.7382 26.9144 1.58612
135 18.6814 19.0014 0.739012
136 33.4199 24.5742 1.55842
137 18.3687 19.0195 0.216418
138 67.6234 36.5951 -2.09542
139 43.9141 54.5982 -2.19028
140 67.6615 44.023 -2.19867
141 40.7575 14.8153 -2.20016
142 15.1492 7.83862 0.165065
143 73.6994 50.6998 -1.17929
144 16.3387 22.361 0.888543
145 53.3515 33.0336 -2.06097
146 53.9745 51.493 -2.28674
147 1.94943 22.9909 0.615924
148 51.3112 51.9897 -1.72554
149 15.6721 25.6487 0.0586037
150 61.8796 46.5336 -1.65054
151 47.2743 50.0399 -1.76785
152 34.6242 27.1733 2.35458
153 59.2587 46.8556 -1.61429
154 74.6685 50.7093 -1.1413
155 59.3588 95.8369 -0.962524
156 70.1281 42.4993 -1.72166
157 65.012 53.9751 -1.77499
158 26.6516 28.4757 1.3861
159 85.8079 43.558 2.56593
160 8.11715 26.25 0.114949
161 92.2702 81.4373 2.07709
162 73.5192 45.072 -1.75528
163 41.6352 7.9371 -2.79273
164 23.627 79.4167 0.264498
165 45.3938 44.8705 -2.23561
166 37.7248 12.0681 -2.84022
167 21.096 20.546 0.975087
168 9.44163 17.2499 0.678452
169 5.3018 52.9162 0.422353
170 2.90912 20.7009 0.519409
171 14.5482 16.9021 0.134616
172 51.3218 33.1654 -2.4139
173 68.2643 44.7081 -2.20861
174 17.0382 29.3746 0.951987
175 91.8477 85.2356 1.48541
176 87.0688 43.8316 2.39941
177 39.6092 50.8541 -2.18037
178 4.66751 54.8452 -0.518892
179 49.4386 48.1133 -2.09249
180 50.4435 24.7421 -2.49711
181 73.5318 46.2393 -1.35573
182 57.8842 33.6786 -2.9434
183 86.6959 20.2698 2.57268
184 19.9179 35.8193 0.670125
185 56.5264 98.4985 -0.912266
186 67.8496 34.4714 -2.04152
187 72.1882 41.995 -2.24663
188 6.62525 12.3654 -0.000911867
189 10.9452 26.8643 0.693816
190 11.9613 30.7135 0.661856
191 15.8797 24.6677 0.598368
192 42.1608 49.0378 -2.22679
193 61.424 40.969 -2.20404
194 31.3079 27.1742 1.51865
195 12.9562 18.1498 0.52568
196 24.1369 27.4727 0.924531
197 39.0057 67.065 -2.98125
198 35.8823 84.1929 1.47334
199 25.7549 27.464 1.86763
200 18.2621 17.2236 0.235535
201 2.27346 5.45856 0.0173413
202 6.13784 60.8549 -0.647355
203 63.8124 60.6962 -2.1679
204 18.481 27.8153 0.760403
205 52.5487 33.2201 -2.46057
206 28.6993 53.3463 1.60863
207 25.3779 32.137 1.03267
208 19.9103 36.1479 0.0305557
209 81.5717 39.1608 -2.78357
210 12.3874 19.0634 0.293396
211 67.3714 29.2622 -2.74715
212 58.9603 93.3995 -0.927133
213 52.3902 54.9647 -2.01832
214 10.2194 11.8742 -0.0165457
215 52.6903 28.385 -2.71764
216 70.5376 54.5598 -1.9953
217 15.935 16.4091 0.131681
218 62.9749 56.6208 -1.8142
219 58.2926 20.7919 -3.50785
220 27.9062 15.8704 0.0862412
221 62.092 54.6282 -1.66527
222 14.2765 20.9726 0.798831
223 53.5809 97.8938 -1.87415
224 78.7928 38.7676 -1.93107
225 67.5627 95.3242 0.125792
226 67.7289 48.1804 -2.03245
227 66.26 40.0041 -1.94245
228 40.2491 68.2732 -2.75398
229 63.7307 50.0656 -1.9385
230 47.4887 7.8183 -1.78289
231 12.0346 21.5869 0.758469
232 96.8812 81.1864 1.7489
233 32.348 32.8423 2.01928
234 25.8089 28.5564 1.78938
235 59.6796 31.4713 -2.64787
236 67.2144 43.5306 -1.43597
237 11.719 26.1884 0.624415
238 59.8195 25.1833 -3.02035
239 8.97894 8.67055 0.530283
240 83.9096 39.6534 3.08754
241 11.4237 25.7299 0.659909
242 60.5762 52.3568 -1.68974
243 16.2773 19.1585 -0.0349027
244 90.4265 77.81 1.76349
245 60.987 52.1733 -1.57181
246 71.5231 32.5351 -2.15037
247 44.7777 11.8125 -2.43765
248 10.5737 10.0589 0.604857
249 14.6596 27.7875 0.992385
250 69.2359 82.3531 -1.15739
251 6.86362 27.0803 0.142373
252 69.1518 1.42118 -0.0826015
253 52.7693 0.972717 -2.16396
254 72.0726 29.0221 -2.45143
255 14.5579 27.3574 0.766433
256 60.7652 51.1568 -1.59469
257 70.7234 33.8838 -2.23891
258 71.5429 42.9798 -2.25294
259 59.5649 34.3726 -3.0696
260 23.3974 26.9422 1.04944
261 51.0249 20.0346 -3.00781
262 70.9048 48.0582 -1.32956
263 38.3747 56.5601 -2.60314
264 6.06478 23.5742 0.398704
265 36.1368 29.6744 2.21906
266 42.8428 50.8521 -2.36583
267 10.9816 20.6767 0.675524
268 60.6126 19.406 -2.99834
269 66.0598 91.1522 -0.636099
270 56.3579 27.5132 -2.63776
271 59.9239 34.0077 -2.63787
272 42.8674 66.7234 -2.16395
273 24.1741 29.3087 1.1128
274 39.8964 53.7614 -2.54005
275 63.1181 45.0604 -2.2698
276 29.7969 25.9326 1.35653
277 50.0863 32.1845 -1.90144
278 5.20107 18.4888 0.498988
279 62.0994 54.3026 -1.67215
280 15.0661 7.17037 0.396913
281 69.22 37.4987 -1.95739
282 57.4355 25.8426 -3.54369
283 20.4253 24.5237 0.434595
284 12.1742 26.8034 0.0354043
285 15.0196 19.1988 0.266093
286 44.3367 10.7966 -2.5507
287 68.3609 32.9273 -2.12521
288 78.5432 38.4496 -2.21074
289 7.79143 23.1143 0.852533
290 60.6071 42.082 -2.23527
291 8.55912 19.4831 0.340475
292 94.5451 53.5742 2.38239
293 37.5641 53.1398 -2.02993
294 59.7942 23.8275 -2.79886
295 70.5414 3.88211 0.604116
296 19.7187 36.2561 1.01143
297 70.9359 46.3495 -1.9288
298 8.93097 21.8154 0.541817
299 19.4605 21.6354 0.107722
300 39.7913 47.3302 -2.54104
301 14.5699 24.7534 0.688073
302 96.5798 32.8661 1.11866
303 67.1744 37.3449 -2.23541
304 7.08557 15.7844 -0.0322532
305 11.5118 28.2933 0.211895
306 66.1294 98.012 -0.442391
307 9.2845 24.2011 0.566556
308 52.579 23.6438 -3.36309
309 42.2622 53.406 -2.38235
310 68.8196 93.8733 -0.536247
311 51.2169 7.55985 -2.5195
312 58.7354 53.6821 -1.8434
313 46.2994 49.7689 -2.04069
314 82.9212 45.0752 -3.23337
315 62.7029 42.6036 -2.192
316 17.1918 19.0701 -0.0144915
317 15.3064 11.6261 0.191623
318 83.3675 40.6427 3.16888
319 14.922 22.7883 0.644933
320 14.9621 22.0427 0.685211
321 57.6206 19.9788 2.917
322 15.8448 20.0232 0.802263
323 12.6909 13.196 -0.124769
324 10.328 26.5215 0.111001
325 65.4621 49.825 -1.85251
326 71.5045 30.2811 -2.46369
327 42.7388 53.5627 -2.16417
328 18.5579 38.0013 0.437474
329 74.949 38.2317 -2.21222
330 50.6078 50.6298 -1.87652
331 60.1248 93.1105 -0.523907
332 72.8231 38.3339 -2.06206
333 32.1371 84.7567 1.15408
334 5.29792 7.94583 0.505539
335 16.4716 22.193 0.477357
336 22.9112 17.2762 0.251213
337 8.69105 8.22002 0.562812
338 65.5909 47.8942 -1.67079
339 69.5457 31.4621 -2.54441
340 11.014 17.6388 0.222802
341 7.57087 12.4544 -0.133245
342 9.81135 17.5809 0.257025
343 66.9959 53.5864 -1.93222
344 68.5463 39.0429 -1.85587
345 93.5036 50.39 2.17125
346 48.9532 10.2737 -2.75596
347 29.8877 26.8937 1.87207
348 9.42751 11.2211 0.788977
349 10.3313 28.8752 0.764328
350 61.2842 50.0836 -1.87947
351 69.2929 43.7072 -2.02796
352 5.79427 21.0417 0.249488
353 54.2129 96.0381 -1.30253
354 33.0785 28.4225 2.12391
355 73.8247 31.1986 -2.39525
356 75.1764 36.2993 -2.13114
357 62.978 93.3055 -0.675424
358 53.7717 23.8074 -2.68034
359 26.1315 33.1486 1.37471
360 76.7493 54.4847 -1.50299
361 16.3416 30.4782 0.494276
362 13.7292 18.3789 -0.0788123
363 39.729 63.9554 -1.95995
364 5.36342 24.5925 0.793486
365 55.0644 48.9913 -2.12768
366 18.7192 17.8904 0.520292
367 54.6325 37.8893 -2.39783
368 52.1549 50.5684 -2.15078
369 95.3031 48.8162 1.49673
370 86.5251 39.6824 2.57105
371 15.9933 26.2378 0.219078
372 60.545 24.7955 -2.77769
373 49.5056 26.0809 -2.47164
374 7.15338 26.038 0.967619
375 55.6116 47.612 -2.01559
376 58.4947 37.2521 -3.00569
377 43.2963 31.4249 -2.34997
378 58.1739 51.1462 -1.5533
379 27.0684 19.184 0.511801
380 65.6411 47.088 -1.42654
381 30.9277 26.1502 1.58247
382 13.5825 16.8386 0.38968
383 8.27061 55.2931 -0.699431
384 28.5644 36.4914 1.75181
385 70.4059 93.4624 -0.516927
386 64.4442 98.0633 -0.265221
387 40.1943 46.932 -2.0477
388 69.6553 48.7881 -1.15669
389 24.6384 29.2642 1.34067
390 8.27934 20.3961 0.199988
391 55.2546 23.3904 -3.2669
392 90.5331 37.1319 1.63462
393 65.1825 51.9283 -1.96981
394 15.1401 19.0508 0.343417
395 51.9682 21.7736 -2.61992
396 56.7887 20.1042 3.42705
397 19.2626 25.434 0.288965
398 75.6167 29.892 -2.27575
399 44.1287 33.8279 -2.07914
400 12.0124 6.16366 0.488033
401 40.6107 8.5319 -3.06038
402 43.1286 62.205 -2.27289
403 12.7978 15.587 0.710235
404 29.2808 52.3882 1.5636
405 5.22903 18.4831 0.432392
406 46.0546 7.92112 -2.35484
407 15.0094 17.6391 0.236466
408 47.8966 23.6813 -2.65683
409 20.936 19.4495 0.706931
410 9.54099 8.38064 0.570549
411 91.1378 46.6085 1.77876
412 46.9915 59.533 -1.51348
413 53.2786 19.3104 2.96288
414 62.5037 49.5281 -1.20002
415 93.5108 53.4423 2.08154
416 18.2019 34.2002 0.432118
417 13.7795 9.61225 0.167274
418 12.9568 20.7424 0.485469
419 6.90447 97.3077 0.198822
420 28.3044 32.6391 1.8129
421 8.95267 16.829 0.0315124
422 57.7465 29.9237 -3.16967
423 41.6678 21.4561 -1.71867
424 86.9526 44.4368 2.39963
425 16.1654 15.4878 0.2344
426 47.0837 33.211 -2.42757
427 6.87018 26.4294 0.895289
428 58.9689 49.4918 -2.14233
429 66.2761 48.6886 -1.34219
430 91.4489 80.1877 1.48991
431 58.137 48.636 -1.2452
432 69.1811 42.1321 -1.98486
433 47.7594 35.8376 -2.15092
434 66.6777 29.8893 -2.567
435 2.44205 22.1389 0.691268
436 72.4586 48.147 -1.02105
437 29.1334 31.3485 1.33041
438 3.46295 6.08144 0.7643
439 49.9224 34.1731 -2.5007
440 34.6877 23.3911 2.21825
441 22.2212 82.1148 0.103424
442 13.3087 20.5042 -0.0436259
443 31.1824 29.2075 2.02486
444 61.822 49.8207 -1.84181
445 12.3819 29.2391 0.44382
446 49.1118 5.51586 -2.47905
447 46.9051 12.1108 -2.11445
448 89.9176 43.9177 2.51857
449 13.5986 26.2303 0.583161
450 11.9779 12.6077 0.221539
451 46.541 56.5783 -1.86213
452 10.7537 27.8281 0.427191
453 68.7853 45.2949 -1.63819
454 55.1843 31.9623 -2.09668
455 33.5745 12.8074 -2.99263
456 7.44956 7.43789 0.257286
457 59.7706 28.3963 -2.61371
458 78.4034 43.7187 -2.04105
459 42.2416 19.603 -2.10215
460 22.431 27.8924 1.36825
461 53.624 92.8144 -0.578908
462 61.4863 51.8686 -1.2781
463 59.4976 36.5639 -2.25886
464 64.1074 56.588 -1.63133
465 54.7534 23.9036 -3.02219
466 66.9038 51.5349 -1.70861
467 16.2957 20.8127 -0.0259756
468 20.278 31.1915 1.02075
469 68.3535 46.6761 -1.44381
470 7.93453 16.9932 0.151013
471 61.1911 52.4167 -1.19527
472 60.0577 53.7369 -1.78667
473 49.9398 28.0929 -2.16236
474 88.9118 42.9489 2.42294
475 46.9533 9.62232 -2.46266
476 58.9435 94.7775 -0.448169
477 30.4044 57.6379 1.47951
478 94.2447 84.7605 1.66084
479 96.3402 51.2224 1.73527
480 59.6964 25.9374 -3.21637
481 21.1639 34.6544 1.01844
482 30.2919 26.5207 1.92855
483 11.4769 15.6401 0.780653
484 92.9978 36.1656 2.06532
485 96.3692 32.012 1.01221
486 68.0357 44.8751 -2.01798
487 72.81 53.2383 -1.30781
488 43.9671 40.3367 -1.81121
489 37.5765 12.0627 -2.52766
490 70.4279 2.30384 -0.237753
491 69.3294 35.5875 -2.36351
492 59.4166 50.6937 -1.92897
493 65.3079 36.7074 -2.39176
494 70.3276 32.5026 -2.76618
495 36.8868 45.9104 -1.5815
496 14.5025 24.2841 0.0853964
497 88.0749 40.0678 2.32606
498 65.5808 49.5186 -1.48534
499 41.9269 17.2414 -2.36318
