500
Particles
0 45.6471 32.0912 2.93861
1 72.4205 25.2073 1.87472
2 54.8859 69.9197 -1.51839
3 59.5486 58.7617 1.2915
4 84.503 21.3468 2.55811
5 53.5605 27.7269 2.01719
6 49.4637 46.6118 2.08692
7 66.1949 68.7326 0.902728
8 72.3096 31.2743 2.97812
9 72.5836 34.2756 2.3945
10 64.0275 32.2719 2.8556
11 54.2277 66.2425 1.27132
12 50.3397 60.4518 1.93825
13 88.0368 13.0597 1.92056
14 86.314 24.5471 1.97652
15 -0.188178 18.5511 3.38678
16 69.1517 34.9235 2.34008
17 79.9812 41.7251 1.91461
18 84.3769 31.842 1.7975
19 58.3787 53.5761 1.53999
20 58.1385 59.4979 1.33932
21 39.9633 46.1002 1.80378
22 58.8389 41.0004 1.82382
23 89.3184 17.7798 1.97427
24 59.4575 63.059 1.21162
25 51.8392 35.7623 2.40742
26 52.867 23.1149 2.08226
27 44.2981 68.1103 1.12241
28 50.2911 41.2358 2.7233
29 13.1577 15.1145 1.03497
30 54.4877 79.4469 -2.76729
31 56.3782 41.6306 1.73844
32 55.5781 58.1564 1.60029
33 59.4114 69.3993 0.6187
34 55.5117 36.135 2.22865
35 80.6049 36.6023 2.54172
36 45.628 83.4677 0.695859
37 52.2341 53.0915 2.05054
38 50.1515 38.3676 2.34647
39 85.0489 18.4168 2.13835
40 58.3859 34.7834 2.69947
41 83.8676 18.8764 1.9962
42 67.1342 38.956 2.32342
43 59.8767 59.4335 1.79848
44 70.8253 26.7106 1.9862
45 66.9112 34.8743 2.26382
46 55.5959 38.0636 2.1511
47 73.3837 58.7925 1.70452
48 59.774 35.9634 2.68739
49 51.9445 29.7701 2.74714
50 87.9571 36.3938 2.23181
51 60.035 40.9269 1.87618
52 60.4236 61.6917 1.49907
53 45.3276 83.591 1.02827
54 87.7513 22.1013 2.63091
55 63.9215 55.1033 1.18442
56 89.4464 24.1174 2.13144
57 62.0504 25.9225 2.10641
58 87.0811 27.9748 1.76554
59 50.1074 35.6902 2.59973
60 86.2577 34.1996 2.02377
61 63.5873 35.1908 2.85942
62 70.3337 29.5882 2.63914
63 70.9338 20.1776 1.77766
64 46.3691 51.2909 2.32387
65 66.7474 59.7772 1.78224
66 83.4692 36.7655 1.80435
67 84.3258 36.8606 2.36355
68 65.3501 56.8843 1.3088
69 67.1709 27.0173 2.44044
70 49.0022 50.0743 1.81914
71 55.5997 36.0772 2.19177
72 84.9083 32.8106 2.20598
73 53.5344 52.4105 1.68936
74 59.9534 27.5537 2.19785
75 65.7326 65.4614 0.813128
76 63.8049 28.2061 2.28048
77 51.0417 50.0363 1.3726
78 53.8959 21.3247 2.63385
79 89.2693 29.8472 1.73195
80 59.3064 31.9258 2.12428
81 83.2101 36.0462 2.11841
82 58.6937 50.5457 1.43796
83 83.532 26.9925 2.05795
84 65.8896 52.4832 2.04569
85 59.9109 34.0447 2.37118
86 61.126 32.767 2.3539
87 55.5469 48.0095 1.94643
88 62.2342 54.7906 1.43565
89 58.3574 28.6862 1.98776
90 59.7194 63.3004 1.55677
91 55.601 42.977 2.19093
92 54.9965 46.5444 1.61014
93 82.1321 21.4632 2.16048
94 61.5334 35.0881 2.7647
95 59.043 54.2716 1.77834
96 40.4669 49.5115 1.51294
97 52.1441 53.7766 1.86463
98 58.085 28.7518 2.48919
99 55.0401 46.9918 1.38653
100 62.3308 61.8551 1.08491
101 86.433 32.4045 2.07013
102 64.7933 33.4559 2.30359
103 55.1727 32.7632 1.97879
104 61.3453 38.9245 2.11079
105 59.135 64.4186 0.807918
106 86.2895 22.1657 2.66504
107 46.4158 37.4498 2.61797
108 59.3177 39.9952 2.3665
109 93.5448 28.808 2.19011
110 74.476 65.6176 2.26204
111 52.7615 52.1874 2.13037
112 57.7958 58.3122 1.12884
113 49.3349 44.4801 1.68116
114 42.5735 56.3733 1.53665
115 50.6023 59.292 1.7865
116 61.0954 24.6742 2.01285
117 54.6556 40.6576 1.76667
118 55.7405 60.3421 1.70145
119 87.033 23.9242 2.7018
120 50.8463 33.3104 2.46249
121 77.1204 33.5365 2.85321
122 61.2005 37.0154 2.31113
123 79.5192 28.2843 2.58574
124 88.1141 0.603307 0.190943
125 66.2167 55.0458 1.39576
126 68.055 44.2216 2.0132
127 85.1779 15.7632 2.16038
128 60.962 63.0984 1.30039
129 49.5107 75.1336 -2.55998
130 49.9816 41.1151 2.55731
131 61.1689 29.6612 2.60873
132 68.1532 56.4629 1.86214
133 69.0139 58.2208 1.69064
134 51.9035 28.3763 2.80864
135 54.0659 50.8427 1.90188
136 58.9864 27.2408 2.08778
137 47.0894 51.5301 2.11622
138 62.7485 34.69 2.06581
139 53.7673 33.195 1.95142
140 64.9574 31.7433 2.91697
141 64.3162 56.7111 2.00706
142 84.4266 24.9426 2.08535
143 71.2491 38.8196 1.79928
144 47.3957 54.5169 2.15897
145 49.7138 74.463 -2.21888
146 48.8323 37.1037 2.34077
147 58.1276 68.9835 1.23413
148 55.7894 51.1806 1.60234
149 83.4622 35.3638 2.55776
150 66.9797 35.4275 2.84601
151 57.2524 56.7376 1.32791
152 61.4787 28.0393 2.61169
153 58.6351 38.5325 1.80001
154 70.9009 37.1741 1.91485
155 71.1717 59.9715 1.30858
156 77.0441 32.6947 2.83371
157 66.0279 45.3309 2.64541
158 52.3783 25.4813 2.76354
159 71.8876 42.6574 2.60199
160 59.0956 70.828 -1.32518
161 68.5673 40.9289 2.31765
162 81.682 36.7015 2.63229
163 62.8145 53.1573 1.57142
164 64.1225 62.9598 1.62653
165 79.9689 34.6701 1.85851
166 62.7575 53.5695 1.32057
167 54.9863 54.0893 2.26847
168 85.7447 30.8278 2.10503
169 63.5468 60.9884 0.994196
170 74.3616 18.6468 1.64876
171 48.6575 46.7602 1.74306
172 44.5395 34.1828 3.00711
173 66.5881 31.9115 2.72074
174 52.7242 25.3936 2.70589
175 67.2139 53.854 1.94607
176 6.91827 32.6381 1.17947
177 55.2852 31.4226 2.72727
178 61.2191 61.9794 1.43699
179 51.101 42.5074 1.75901
180 51.0274 46.7516 1.58766
181 72.7285 35.6912 2.22189
182 91.497 24.7317 2.12725
183 47.1371 32.6363 2.30999
184 56.5036 47.0025 1.67003
185 66.0878 60.3571 1.82546
186 63.4445 39.0939 2.43173
187 57.997 58.0215 1.38882
188 78.8003 24.6912 2.38451
189 55.2167 73.8231 -2.39661
190 52.5043 25.754 2.64787
191 50.8017 56.1754 1.36656
192 58.4342 26.677 2.52164
193 58.0296 42.8205 2.49561
194 58.832 31.3848 2.1182
195 44.5357 47.6226 2.2314
196 53.9045 31.694 1.98995
197 60.0035 30.0357 2.60091
198 54.1166 46.504 2.07136
199 52.8653 27.0552 2.58361
200 53.6613 49.814 1.58811
201 12.259 13.2475 1.10003
202 60.5069 62.6251 1.69395
203 72.4701 44.6071 2.11666
204 53.6929 24.5114 2.36222
205 55.1065 52.1843 1.48313
206 57.6911 32.4081 2.12774
207 51.9352 38.3642 2.32136
208 61.8073 51.3521 1.1073
209 56.8473 59.6534 1.64948
210 86.7618 33.5481 2.39299
211 60.3231 36.8908 2.02642
212 67.9507 57.7419 1.52677
213 58.2545 54.9138 2.0384
214 76.222 22.779 2.35957
215 48.0649 40.8449 2.78857
216 67.4065 39.6742 2.58303
217 45.6586 45.9214 1.57512
218 72.9758 53.0045 2.34148
219 81.0001 41.3782 2.48223
220 53.3589 52.2553 2.11773
221 61.4615 43.2535 2.30008
222 52.1233 53.2529 1.76804
223 61.4201 66.1687 0.704912
224 58.8849 59.2316 1.70642
225 55.5543 65.6297 1.35137
226 69.3284 33.3398 2.10882
227 63.1987 39.5836 2.44311
228 62.7846 33.1797 2.20951
229 64.4793 33.7531 2.92103
230 89.426 15.3154 2.59525
231 89.5991 31.7385 1.90966
232 56.9729 44.8918 1.66925
233 55.5048 35.6517 2.38429
234 52.0164 31.5454 2.41509
235 89.7512 21.9319 2.2493
236 69.1071 32.2968 2.16813
237 56.4667 74.1126 -2.54411
238 90.388 22.9409 2.10628
239 83.282 23.5196 2.4013
240 45.9768 56.0632 1.56535
241 72.8108 30.5276 2.61574
242 63.2938 42.2754 2.33412
243 53.5848 48.7854 2.22576
244 71.5517 42.7274 2.38622
245 60.9854 41.5652 1.85357
246 63.3515 34.1868 2.83861
247 84.6995 10.2046 2.45261
248 84.5497 24.7335 2.29299
249 58.8465 26.4012 2.76716
250 42.896 70.1386 1.12032
251 51.5972 73.8736 -2.66298
252 63.7328 67.0328 0.706349
253 57.7979 60.8958 1.25015
254 62.2443 30.8786 2.43215
255 83.008 34.9056 2.04192
256 64.0555 40.1836 1.93934
257 61.8752 33.0671 2.76368
258 76.1743 35.2975 2.99012
259 90.3611 23.5285 2.00593
260 54.2534 27.1285 2.49569
261 87.5887 25.9819 2.29487
262 67.5891 36.52 2.70962
263 55.7146 42.8729 1.63155
264 57.8962 69.3698 0.728673
265 60.6045 30.6787 2.51655
266 55.8495 30.4012 2.86776
267 43.0306 52.3267 1.77578
268 52.4414 34.2225 2.74715
269 45.6024 72.0346 0.399383
270 89.3719 27.6283 2.42219
271 93.6119 25.8229 2.15814
272 56.8662 55.006 1.46204
273 53.868 33.4762 2.5377
274 57.1534 39.4653 2.61249
275 62.6564 31.9119 2.72804
276 56.3804 29.4764 2.07035
277 53.0326 45.9148 1.38704
278 68.7107 23.0467 1.93058
279 63.7417 42.9039 1.87892
280 89.819 26.9789 1.94905
281 62.3378 36.5313 2.4618
282 87.0742 23.2057 1.79562
283 53.8292 58.6601 1.20171
284 66.2992 25.6088 2.26131
285 50.5463 50.3387 1.88163
286 82.3319 17.5843 2.72471
287 60.0137 33.7846 2.1174
288 60.5587 55.175 1.7353
289 67.0278 26.7401 2.66704
290 56.1062 36.5521 2.68079
291 75.6953 27.4914 2.92809
292 62.8874 60.1174 1.9449
293 55.318 38.666 2.2229
294 91.547 23.0138 2.25846
295 5.82741 50.1428 0.806038
296 57.7993 48.0709 1.7719
297 68.0076 35.1622 2.13915
298 76.5635 29.5219 2.70829
299 51.8406 54.532 1.59976
300 58.1972 33.4138 2.07073
301 85.792 34.7511 2.47109
302 49.5531 32.2091 2.67514
303 62.4362 35.1622 2.89236
304 70.6847 21.3496 1.83366
305 55.1175 72.8309 -2.68051
306 56.7455 65.5901 1.12796
307 55.853 72.7188 -2.23824
308 89.1836 28.4054 1.89003
309 55.2448 39.8922 2.07784
310 58.9519 67.0124 1.10902
311 92.6355 18.875 2.33823
312 59.6926 40.92 2.42808
313 55.4462 55.8216 1.37329
314 82.6449 40.1615 2.3044
315 60.2974 36.8662 2.33211
316 54.4581 47.6399 1.59959
317 87.6969 28.9572 2.39999
318 53.1633 61.5824 1.90599
319 51.8327 54.7221 1.70427
320 52.0893 51.9943 2.30809
321 80.0446 39.2534 1.78303
322 54.2223 49.8262 1.47024
323 87.4088 29.5533 1.75865
324 65.9633 20.8034 1.80672
325 68.486 40.2132 2.13032
326 61.6344 30.603 2.57979
327 58.9304 36.0455 2.33354
328 58.6552 49.3433 1.9837
329 60.7417 55.87 2.03733
330 57.9741 54.5521 1.54132
331 65.5073 69.2573 0.652168
332 57.9658 56.2125 1.90144
333 55.5769 47.5819 1.6757
334 84.1422 20.402 2.76707
335 49.2844 55.0115 1.96778
336 54.6044 51.1242 1.7238
337 83.0973 21.4559 2.38434
338 65.036 38.2232 2.20344
339 62.4175 36.0747 2.50983
340 35.7692 46.73 2.38988
341 84.0268 28.1222 1.86934
342 85.3582 30.9168 1.77235
343 65.7586 41.5322 2.32826
344 63.8669 35.0737 2.72897
345 62.0832 59.6143 1.0766
346 79.2132 18.2239 2.76303
347 53.2419 24.7294 2.69537
348 79.4495 24.8262 2.74972
349 53.4744 22.1339 2.11482
350 61.175 40.0884 1.84388
351 73.46 32.2444 2.91852
352 71.6935 26.2868 2.10022
353 60.5076 65.4733 1.06532
354 58.7059 29.7031 2.45025
355 64.6143 29.3718 2.12335
356 56.502 49.8319 1.38631
357 74.558 61.667 1.74809
358 89.7642 28.5682 2.22425
359 51.7597 35.6674 2.54443
360 75.1202 42.1815 2.24398
361 49.7209 29.2742 2.10312
362 42.91 49.8754 2.25613
363 61.6428 31.9859 2.34763
364 61.1917 70.3715 0.430262
365 57.4941 41.6508 1.70844
366 52.963 49.2096 1.60597
367 53.9916 52.775 2.13661
368 47.3282 35.7479 2.58353
369 59.0099 54.878 1.89374
370 56.8393 62.2801 0.960384
371 83.8904 35.1036 2.5967
372 95.0685 24.4198 1.51789
373 53.4583 51.0904 1.79821
374 53.6741 75.3627 -2.77222
375 57.7698 44.1707 1.74478
376 94.9353 27.4546 1.9151
377 56.5147 56.2978 2.0273
378 56.3146 39.59 2.29634
379 52.9543 55.2879 1.33271
380 63.0777 32.6621 2.45931
381 56.8017 23.8846 2.37157
382 44.7885 47.6005 2.35972
383 63.4896 57.1603 1.90248
384 57.3291 45.2918 2.39341
385 63.4528 68.704 0.814574
386 46.9886 81.4249 0.228269
387 52.7869 28.6298 2.48625
388 68.4497 36.8692 1.97085
389 50.0351 33.9409 2.90044
390 80.4559 29.8833 2.37363
391 87.9309 27.2108 2.24635
392 49.6307 31.0728 2.82836
393 64.8727 41.5745 2.33934
394 46.16 50.3375 1.75108
395 89.334 29.4423 2.56395
396 82.3698 40.8086 2.63027
397 49.8437 58.9447 1.98677
398 57.7699 54.6098 1.68153
399 75.8472 30.881 2.7381
400 83.1208 23.4344 1.94997
401 60.2351 53.5917 1.93089
402 58.9262 28.8138 2.52462
403 40.6206 45.2299 2.18522
404 59.2833 35.9116 2.03966
405 70.5541 25.1022 1.89598
406 87.2166 13.3594 1.95679
407 47.7015 48.3276 1.4922
408 47.3235 40.4164 1.97958
409 56.366 51.5669 1.91727
410 83.158 24.8601 2.34353
411 45.2338 57.7193 1.87516
412 69.3629 31.6759 2.31414
413 84.3823 24.8817 1.94451
414 63.7985 40.61 2.62034
415 62.4324 59.6484 1.16954
416 56.5968 46.5529 2.2337
417 80.564 22.3912 2.01855
418 87.5068 32.5588 2.47085
419 61.8838 56.1349 1.80561
420 54.4824 37.3262 2.49
421 84.4313 32.1168 2.51742
422 89.5068 26.3206 2.45889
423 54.45 51.0028 2.13101
424 86.5226 37.1871 1.9498
425 48.2469 44.7334 2.24127
426 53.8423 56.2606 1.97282
427 51.1229 75.2875 -2.77471
428 60.6728 38.0671 2.62516
429 66.1294 38.1751 2.63704
430 69.4623 38.6821 2.36226
431 58.3082 44.2004 1.94675
432 83.1516 36.5623 2.60084
433 55.1823 54.1214 2.20862
434 56.4316 35.0059 2.365
435 64.0216 69.4348 1.06112
436 72.1854 37.685 1.73389
437 54.5392 32.3774 2.85691
438 11.0398 16.3874 1.79516
439 53.8312 53.7468 2.19423
440 64.4576 27.9726 2.61214
441 86.2888 13.7943 2.39735
442 47.5065 51.013 1.92051
443 55.9512 27.8655 2.32254
444 59.3675 41.9204 2.67308
445 52.2743 25.5541 2.65093
446 69.172 68.9439 0.966043
447 85.5357 17.1888 2.31068
448 5.9628 40.6542 -0.430557
449 66.195 26.8549 2.20292
450 86.7348 29.6766 2.44185
451 59.6794 30.9058 2.31918
452 52.8924 75.85 -2.15639
453 65.4275 32.1653 2.20626
454 50.3891 74.5373 -2.85559
455 64.9217 57.7791 1.75909
456 80.1523 21.6563 2.19269
457 90.0192 23.1195 2.27176
458 32.183 45.1969 2.20443
459 66.3329 57.691 1.33624
460 54.4158 33.9556 2.76458
461 58.9063 62.6987 0.859969
462 61.7323 42.4235 1.98001
463 92.722 26.8822 2.08282
464 63.4441 43.8742 2.25187
465 86.6059 27.8358 2.39179
466 65.276 37.9818 2.27325
467 52.9393 51.9696 2.04697
468 50.238 34.4335 2.77721
469 73.1628 33.4252 2.50782
470 73.9755 25.0588 2.17739
471 60.8671 39.8981 2.27124
472 61.497 42.3014 2.14341
473 52.8851 46.0479 1.56841
474 1.65336 19.385 3.6362
475 86.0968 16.0576 1.77329
476 76.1118 61.9925 2.65882
477 60.8123 32.148 2.33034
478 64.2849 51.2342 1.73424
479 61.0886 58.2216 1.39361
480 97.8871 20.4621 1.50072
481 58.394 48.5032 1.34993
482 59.2519 28.9224 2.60943
483 84.4766 30.0097 2.11658
484 48.9935 38.0148 1.95293
485 47.9394 30.3657 2.32015
486 67.9189 32.261 2.22888
487 66.98 39.1024 1.84652
488 74.3681 31.5042 2.15356
489 63.2357 55.4814 1.45447
490 62.5255 67.0023 0.653585
491 61.9742 33.1982 2.26221
492 62.5585 45.6567 1.73913
493 59.9243 38.9636 2.13199
494 61.6961 31.6519 2.81359
495 54.3886 39.0489 2.37173
496 48.009 55.8851 1.88367
497 90.0588 34.2417 2.12434
498 69.1604 36.6929 2.04475
499 71.7787 54.3505 2.10833
