500
Particles
0 44.5481 36.1131 1.22846
1 26.1973 35.3976 1.16872
2 21.9484 42.5057 1.71582
3 63.3225 20.1307 -1.86842
4 28.8991 17.33 1.90038
5 28.1708 53.1478 1.84288
6 36.7638 31.9868 0.850385
7 94.6353 0.843144 0.444274
8 56.71 16.7291 -2.18268
9 60.0311 23.2367 -1.92455
10 59.6361 7.54269 -2.03351
11 91.3877 92.9676 0.386613
12 65.4855 25.2999 -2.89916
13 45.3157 86.1008 -0.881293
14 30.3091 19.4699 1.8482
15 65.4872 40.5631 -2.795
16 62.6551 29.0139 -2.43411
17 31.1943 11.974 3.16649
18 30.1498 32.3269 1.42184
19 13.9261 94.1987 -2.52918
20 62.1989 19.1764 -1.78648
21 35.6785 31.488 1.57144
22 45.3982 10.0512 -2.64006
23 32.8189 15.1927 2.96616
24 10.3002 37.9009 -1.86739
25 24.3656 57.8364 1.89385
26 29.0243 53.0717 1.74288
27 96.4401 89.2871 0.24283
28 43.4785 38.8299 0.703388
29 34.0205 14.1846 2.60078
30 24.2137 46.2126 2.03185
31 13.3442 3.55438 0.662783
32 60.1809 13.8446 -2.5151
33 22.9599 41.39 1.3546
34 46.5525 13.8611 -2.80664
35 37.5756 48.0057 0.928876
36 90.7236 95.2012 0.0825756
37 35.0514 37.936 1.30231
38 6.65911 54.8533 0.708175
39 27.667 15.9194 1.25147
40 51.5366 6.29335 -1.67911
41 47.0146 87.4018 -0.43724
42 53.5911 23.1075 -1.5723
43 88.8645 77.5484 1.67873
44 27.0786 40.0123 1.37656
45 59.7661 28.0031 -1.8655
46 47.2316 24.2634 -1.85834
47 29.4379 8.63483 3.07821
48 50.1972 16.7258 -1.83565
49 26.5457 53.0135 1.69045
50 61.36 19.6937 -2.12234
51 47.1708 28.6598 -1.65907
52 9.16243 35.9059 -2.02686
53 91.3444 93.0215 -0.526617
54 34.1981 20.0805 2.41671
55 28.1772 83.7506 -2.53186
56 37.1801 22.4807 2.31373
57 38.305 56.0727 1.12712
58 34.5006 25.7536 1.82512
59 25.9304 56.0377 1.7133
60 31.5272 41.0026 1.69527
61 52.1552 19.8366 -1.71549
62 35.5141 50.3984 1.1141
63 26.7564 30.3599 1.25055
64 31.1307 38.137 0.930398
65 28.4144 92.8275 -1.94054
66 33.6487 44.2817 1.06497
67 35.7187 46.2537 0.907103
68 23.5161 89.2474 -1.56524
69 37.9801 50.8604 1.63948
70 35.9331 34.8757 1.13057
71 28.8942 58.2643 1.22924
72 29.8863 40.4514 1.46834
73 39.8963 37.2303 1.13537
74 32.2012 52.1944 1.22937
75 54.7241 70.6129 -2.06266
76 35.9987 52.9988 1.8966
77 32.1391 35.5538 1.0463
78 25.5676 45.998 1.46623
79 32.845 28.02 1.32466
80 33.8367 57.0206 1.34039
81 32.2804 43.5529 1.18066
82 19.0281 85.8394 -1.80682
83 31.3831 24.8568 1.35352
84 28.1347 65.1013 2.0617
85 31.909 55.5518 1.6898
86 35.9067 59.2305 1.25775
87 21.6397 87.567 -1.56889
88 3.39546 82.9422 0.103425
89 30.7687 53.3934 1.19707
90 55.6464 67.5206 -2.16786
91 11.3591 3.86662 0.553118
92 23.068 84.8352 -1.94834
93 33.4144 22.2229 2.24086
94 53.0469 12.955 -1.91504
95 40.6036 42.3849 1.37386
96 31.96 35.4688 1.51201
97 35.4301 39.8178 1.5347
98 31.2855 53.3267 1.48352
99 63.7851 12.0143 -1.62279
100 10.9994 34.8502 -1.75272
101 28.8528 33.5416 1.03592
102 55.7998 19.1991 -2.52061
103 29.7336 56.9836 1.56196
104 49.6099 21.5115 -2.01889
105 54.2463 66.8066 -1.80712
106 37.5159 22.4246 1.77733
107 41.4614 39.1068 1.20037
108 50.7813 26.6033 -2.06693
109 37.7916 25.3466 2.61942
110 67.2408 18.1559 -2.16981
111 35.7144 38.2796 1.05145
112 61.1636 18.2646 -2.58523
113 39.2656 32.1054 1.40286
114 68.5126 48.4094 -2.56761
115 38.1174 44.2973 1.35345
116 30.0707 47.0855 1.14894
117 26.9011 60.5699 1.50134
118 64.4383 22.8771 -2.34522
119 33.7114 21.1329 2.41022
120 27.5153 58.033 1.82392
121 57.6663 16.831 -2.09078
122 51.4644 14.7904 -2.45513
123 27.3933 32.4009 1.33896
124 40.8152 87.2276 -0.484308
125 29.5798 90.9543 -1.85944
126 98.9381 0.994021 0.315945
127 43.0491 87.7233 -0.69093
128 10.9657 38.4174 -1.79426
129 44.9162 32.8178 0.614781
130 44.9008 43.1474 1.33878
131 58.63 6.41328 -2.21128
132 74.6555 70.0006 -0.554522
133 72.1609 72.6091 -0.937709
134 27.3475 52.2358 1.61529
135 37.1922 36.9895 0.930885
136 31.9236 50.8052 1.58775
137 36.5372 36.8958 1.30108
138 53.2505 14.3057 -2.28458
139 32.3709 60.7879 1.53438
140 55.4281 20.6738 -2.36075
141 29.3302 92.8686 -1.9368
142 32.4976 24.8613 1.27698
143 61.5516 27.6095 -2.03501
144 34.9294 39.3944 1.15546
145 41.6672 34.9649 0.865788
146 45.6713 40.9194 1.13638
147 20.1912 40.3809 1.1954
148 43.0844 42.508 1.15011
149 33.8406 43.6693 1.4667
150 53.6154 21.7595 -2.34842
151 40.1056 45.662 1.55327
152 32.4895 53.0567 1.03163
153 49.4651 22.8044 -2.20908
154 61.6104 28.8473 -2.59303
155 73.0994 73.1292 -1.11061
156 58.7663 18.9425 -2.26582
157 53.859 30.3938 -1.79444
158 27.6787 54.344 1.54012
159 62.1051 38.1677 -2.74671
160 25.7061 44.8067 1.25197
161 100.054 4.81271 -0.03816
162 60.7063 22.1561 -2.19873
163 26.0649 87.1479 -1.70476
164 44.3992 73.052 -2.19848
165 36.1437 47.5461 1.10828
166 23.9902 90.3682 -1.94242
167 37.9747 40.2254 1.15859
168 29.5497 32.2176 1.25476
169 11.1288 30.0604 -1.76197
170 21.5602 38.0789 1.85471
171 34.3964 32.4521 1.11355
172 41.0399 35.7866 0.7708
173 55.9781 21.6954 -2.44673
174 27.4073 51.9017 1.67394
175 5.95532 6.67138 0.518638
176 63.4404 42.9692 -2.40416
177 30.5741 58.2654 1.44919
178 8.52159 31.9116 -1.43106
179 42.7874 38.9525 1.04153
180 39.3858 33.4349 1.16861
181 60.4971 23.5549 -1.95785
182 36.3136 22.6383 2.56416
183 69.3947 15.8301 -1.6519
184 21.7257 60.7811 1.26278
185 69.8239 75.8594 -0.5886
186 51.5856 13.5655 -2.47404
187 60.6595 18.4925 -1.91921
188 27.6735 26.4031 1.93501
189 27.1905 46.0726 1.31906
190 25.7426 50.7736 1.8358
191 34.9133 41.2861 1.25328
192 32.6674 54.2623 1.5805
193 47.4679 18.7053 -2.61394
194 31.9464 52.7884 1.05704
195 32.8751 33.9464 0.708297
196 26.8508 53.1652 1.56297
197 37.0799 59.5552 1.31842
198 20.8857 83.3129 -1.22781
199 27.8415 53.1796 1.98027
200 35.8905 35.3446 1.38642
201 25.7968 13.6559 1.87771
202 8.44115 36.6961 -2.06976
203 52.4838 38.4231 -2.03258
204 26.5833 51.726 1.47847
205 41.8133 37.6441 0.831177
206 33.4318 58.6247 1.51435
207 25.2522 58.132 1.13263
208 24.1661 60.7222 1.99961
209 65.1431 20.589 -2.75096
210 30.4592 36.7098 1.14547
211 50.7904 9.75303 -2.44591
212 73.5457 71.6584 -0.519183
213 41.3299 47.7765 1.30362
214 29.1041 26.8415 2.05058
215 40.4595 34.4118 1.42896
216 58.1118 32.0213 -2.42278
217 35.7176 31.6201 1.71722
218 52.4651 33.0773 -1.94944
219 33.2698 12.701 2.92935
220 38.937 37.9792 1.34917
221 52.8417 30.4804 -2.1609
222 33.1745 38.8084 1.3112
223 54.9397 72.827 -1.23146
224 62.3409 18.1117 -2.0953
225 93.2619 93.7939 -0.252267
226 56.7262 24.6074 -1.90914
227 51.6538 18.0753 -2.28707
228 39.0515 59.7519 1.31736
229 55.1189 25.2188 -1.82593
230 45.805 85.955 -0.385361
231 30.7907 38.8822 1.37584
232 10.6558 1.47259 0.339172
233 28.8912 58.5048 1.74445
234 27.5382 54.6059 1.80625
235 37.5487 20.0085 2.59146
236 56.9417 19.6798 -1.82292
237 28.8576 44.601 1.6983
238 35.4814 19.0485 2.43593
239 29.0322 21.4328 1.38596
240 65.0355 24.6907 -2.02654
241 31.0348 41.896 1.54116
242 51.6452 27.6573 -1.87296
243 36.8988 34.6779 1.07846
244 0.732715 99.7214 0.233998
245 51.3749 27.9318 -2.23327
246 56.638 10.7101 -1.82541
247 42.4466 89.5622 -0.690484
248 30.7908 23.8779 1.76198
249 27.98 48.5374 1.48253
250 91.4653 87.7835 0.591484
251 23.3039 45.9927 1.28788
252 94.9072 99.5597 0.395327
253 74.9927 94.9974 -0.294762
254 57.8375 6.97554 -1.99602
255 33.4606 44.5887 0.861444
256 52.3524 26.6665 -2.34693
257 54.8735 12.7188 -2.58634
258 59.7282 19.6568 -2.14368
259 38.3615 21.6559 2.05178
260 28.9785 52.0165 1.74179
261 32.4562 23.9604 2.28796
262 58.9385 24.9463 -1.84492
263 30.2922 64.4801 1.77653
264 24.3959 41.8213 1.24981
265 33.1696 55.4601 1.18129
266 31.3855 56.4768 1.80939
267 31.0655 37.2066 1.00293
268 36.7236 8.88384 -3.0471
269 91.2892 89.4302 -0.220121
270 33.9654 25.5717 1.79147
271 38.7329 22.7248 1.92239
272 39.3323 57.6615 1.19553
273 26.9674 55.1692 1.52842
274 31.174 61.3798 1.63009
275 52.7711 20.8585 -2.21776
276 29.8949 52.188 1.49781
277 39.9169 37.5329 0.766736
278 23.1895 36.2365 1.67518
279 52.8837 30.0327 -1.96535
280 32.2612 23.4564 1.83938
281 52.8323 16.6825 -2.3345
282 34.3346 20.7516 1.87354
283 36.2438 44.8159 0.734917
284 29.7889 44.9334 1.51068
285 34.9062 35.8208 1.60722
286 42.1087 88.5483 -0.390499
287 51.454 12.9486 -2.1733
288 64.4428 16.4527 -2.36837
289 26.5495 40.102 1.10966
290 46.3625 19.402 -2.01766
291 27.4072 36.7626 0.920839
292 90.3026 78.8907 2.14551
293 29.6124 61.6923 1.83125
294 35.7391 18.5758 1.96262
295 95.9676 1.34868 0.58364
296 23.4221 60.8536 1.36892
297 60.2476 22.3898 -2.33759
298 27.9198 38.5567 1.35086
299 37.206 39.4811 0.987496
300 32.3181 57.033 1.285
301 33.3758 42.2488 0.864606
302 10.6871 53.4902 1.49195
303 51.7121 16.1726 -2.36192
304 25.5285 32.9383 1.56993
305 27.5107 47.54 1.63261
306 91.7461 95.6785 -0.373975
307 25.2196 43.6642 1.71426
308 33.0785 24.2934 2.11609
309 30.5647 59.9508 1.7076
310 94.237 91.6868 -0.270752
311 49.1075 85.1094 -1.14442
312 49.6739 29.1133 -1.71276
313 39.8979 46.279 1.0384
314 59.1748 39.3627 -3.08577
315 50.6379 19.527 -1.80561
316 37.1018 35.2657 1.15094
317 33.3424 27.5607 1.62341
318 64.917 25.544 -2.50235
319 32.7839 40.8791 1.14114
320 34.6232 37.7425 1.10246
321 32.7129 12.0927 3.02622
322 35.6814 36.4608 1.34731
323 31.6301 28.3342 1.45155
324 27.6695 45.0652 1.70222
325 54.8749 25.8673 -2.53262
326 56.8034 8.67084 -2.60807
327 31.1521 57.4991 1.39899
328 22.8564 62.5532 1.11091
329 61.4022 15.3325 -1.90437
330 41.3308 43.9125 1.40193
331 73.5121 71.0888 -0.217464
332 61.194 14.7353 -1.71866
333 16.9713 85.3473 -1.47599
334 27.9064 17.6336 1.54206
335 35.4071 40.086 0.617397
336 36.8863 37.989 1.51207
337 29.6293 19.848 1.7321
338 54.1185 24.2371 -2.33459
339 53.5659 10.4278 -2.3015
340 31.3835 32.9873 1.52807
341 27.8371 25.7404 1.7076
342 30.1902 33.5607 0.775151
343 55.8383 29.9549 -2.48761
344 53.487 17.3865 -2.43792
345 91.1773 76.0131 1.50853
346 48.0679 88.1684 -1.067
347 29.2189 53.1921 1.53046
348 28.8855 25.4925 1.76732
349 26.7992 48.1234 1.08494
350 52.2506 25.6191 -1.67182
351 58.2504 19.9 -1.92945
352 26.2813 36.5383 1.0892
353 56.5504 70.0205 -1.66076
354 31.7583 54.5258 1.03217
355 59.6375 9.56381 -2.51038
356 63.217 13.019 -1.61444
357 78.7253 75.2525 -1.80844
358 34.3628 26.7896 1.50354
359 27.1991 59.4746 1.78716
360 58.9896 36.1204 -2.40973
361 26.1988 53.1217 1.97757
362 33.3758 34.6966 1.08474
363 35.3738 56.1769 1.18879
364 24.5201 41.6963 1.28314
365 46.2125 24.4776 -1.96634
366 37.4699 34.356 1.12705
367 42.7272 37.7679 0.577818
368 45.1534 39.7312 0.819877
369 91.0716 74.1023 1.56585
370 67.1037 27.3504 -2.95035
371 34.1096 44.4209 1.46688
372 36.3048 18.7382 2.04466
373 38.8592 35.4546 1.37165
374 25.0623 43.9467 1.5732
375 45.0018 23.5293 -1.91477
376 37.9835 24.4353 1.91949
377 38.0016 42.8429 0.851517
378 47.3085 27.48 -2.3238
379 38.6978 40.3131 1.12041
380 56.1598 22.3685 -1.89117
381 32.2097 51.9544 1.00166
382 33.4491 32.1879 1.08725
383 13.1034 32.7016 -2.20919
384 27.2624 62.5431 1.96885
385 95.8867 93.2779 -0.298583
386 89.8021 95.5263 0.279558
387 30.2537 56.3621 1.56296
388 59.1221 24.5035 -2.44003
389 25.7923 55.4965 1.79871
390 27.6888 36.7369 1.20792
391 32.8402 23.8215 2.18454
392 99.149 58.6162 -0.00489787
393 54.6643 27.9314 -1.76276
394 34.9171 34.9197 0.728979
395 34.1563 28.3335 1.42565
396 32.2304 10.9644 3.03119
397 35.7606 44.9654 1.20372
398 63.433 7.02393 -1.99747
399 35.3205 46.0801 1.42274
400 30.0697 20.6496 1.91465
401 23.9398 88.7099 -1.54627
402 34.677 56.3877 1.82717
403 32.615 31.7378 1.53231
404 33.7769 58.9234 1.91099
405 22.955 36.9732 1.08619
406 43.2022 86.7177 -0.904759
407 34.1485 34.1304 1.17497
408 38.7006 34.89 1.32146
409 39.0212 37.534 0.634156
410 29.5151 21.3306 2.10037
411 70.316 45.9871 -2.61798
412 37.0889 54.8499 1.27419
413 33.2175 23.7002 1.60763
414 52.6994 25.1966 -1.70766
415 89.9913 78.6734 2.22161
416 22.7509 58.7404 1.67353
417 31.2002 23.4202 1.7883
418 31.8243 37.5716 1.40121
419 26.898 10.0305 1.52784
420 28.4731 58.7709 1.27165
421 27.5124 34.4714 1.3131
422 35.3422 23.7161 2.33603
423 37.8056 35.6496 1.49864
424 63.2616 42.1022 -2.71712
425 35.7927 31.01 0.981364
426 37.8639 41.8863 1.33003
427 23.8203 45.5527 1.58288
428 50.9968 24.397 -1.94674
429 55.4516 24.7183 -2.55562
430 0.501507 3.82375 0.431022
431 46.0495 25.7007 -2.55693
432 58.9526 18.1212 -2.43188
433 38.7611 43.1853 0.739242
434 49.3166 10.7893 -1.91526
435 20.8943 40.0005 1.49255
436 60.9544 24.6551 -2.13161
437 29.318 57.3449 1.52385
438 26.8677 13.4723 2.0925
439 40.2422 38.9365 1.0432
440 34.9007 48.8706 1.33366
441 42.8991 76.6911 -2.00466
442 33.7192 35.7138 0.734569
443 30.0149 55.5625 1.99668
444 50.3102 26.2338 -2.14464
445 24.8132 50.2019 1.25791
446 44.2364 83.8663 -0.606325
447 46.006 90.13 -1.05683
448 68.0057 43.2482 -2.15958
449 31.2372 44.6322 1.47861
450 31.4976 26.3776 1.77492
451 34.1233 55.6668 1.34634
452 26.5936 46.5698 1.8825
453 56.0215 22.6028 -2.15378
454 42.0363 34.6965 0.717994
455 19.3441 92.4217 -1.69317
456 28.3609 19.5176 2.04606
457 36.8614 18.8024 2.20777
458 62.3674 23.1971 -2.1679
459 30.5653 98.3022 -1.73464
460 26.7074 53.019 1.54354
461 57.4157 67.2314 -1.32509
462 51.6123 27.88 -1.70401
463 38.6904 24.2061 2.38026
464 53.5175 33.1835 -1.97323
465 33.2509 26.8265 2.04119
466 55.0439 27.9509 -2.32246
467 35.7535 37.126 1.02968
468 25.0751 56.2867 1.35303
469 57.6682 22.6099 -2.45929
470 27.0733 33.9085 1.62956
471 52.1971 27.5988 -2.10618
472 50.1064 29.4368 -1.54083
473 40.3083 35.2009 1.14087
474 65.7307 41.7504 -2.28779
475 45.0094 86.6893 -0.82065
476 72.8201 72.3708 -0.901443
477 36.1325 59.1596 1.22634
478 9.95694 4.93649 0.413971
479 93.3951 76.6709 1.59346
480 35.9554 18.5006 2.33481
481 23.5836 59.566 1.54334
482 31.403 52.6187 1.06462
483 32.1159 29.3853 1.35765
484 6.00092 58.5753 1.47678
485 10.0327 53.0929 0.98776
486 56.9462 21.1551 -2.19841
487 59.0036 31.501 -2.36654
488 34.5418 49.0664 1.42116
489 22.0024 91.3722 -1.77996
490 95.1316 0.405544 0.353453
491 53.7984 14.4289 -2.1731
492 50.5645 26.6139 -1.96504
493 49.3043 15.7781 -2.41166
494 56.7154 10.1584 -2.20713
495 27.4035 59.5947 1.96653
496 34.05 41.224 0.759903
497 64.1159 38.4597 -2.77896
498 56.483 24.7381 -1.76049
499 30.8182 94.8533 -1.97262
