500
Particles
0 85.5046 94.0473 1.95014
1 15.6173 85.2465 -2.27283
2 94.4509 29.6936 2.06954
3 58.8276 47.4778 1.76166
4 80.1196 8.82662 1.7918
5 89.8543 56.5403 2.03003
6 97.1756 15.3894 2.01499
7 76.1254 55.0663 2.2253
8 48.023 14.6557 1.62167
9 36.6656 13.9102 2.50821
10 2.46074 97.4084 1.89464
11 92.8063 22.6098 1.81938
12 96.1094 27.1966 1.57634
13 83.8385 97.7557 1.8203
14 83.9155 12.5703 2.28316
15 85.1914 1.13089 2.55776
16 17.3238 7.01659 2.88296
17 84.838 26.3441 1.59137
18 79.6754 18.9628 1.15388
19 44.3086 36.3074 1.69005
20 58.4353 48.7798 1.71949
21 95.5235 13.372 1.6571
22 1.55268 7.05035 1.96501
23 84.0004 5.10929 1.67748
24 65.7241 51.25 1.33064
25 90.0573 0.414079 2.21586
26 88.7471 51.7448 1.83737
27 91.7954 20.3224 1.69196
28 95.7376 10.808 2.03276
29 99.4421 27.5525 1.39954
30 51.6971 53.6282 0.219229
31 97.2933 8.13266 1.88275
32 36.3385 42.1156 1.95965
33 66.6777 57.1772 2.20378
34 91.7586 98.6201 2.72349
35 78.8864 22.4605 1.68683
36 52.7343 59.6632 0.493385
37 4.76593 26.4579 2.54085
38 92.7812 6.80939 2.01388
39 83.4098 5.33472 1.55413
40 94.4849 98.103 2.30249
41 82.4139 5.26719 1.82344
42 8.67252 2.96495 2.62976
43 61.9286 48.3988 1.64482
44 17.1135 87.1996 -2.62001
45 8.0745 1.29854 2.16059
46 94.9933 4.10464 2.48255
47 87.1173 46.3467 1.77277
48 -0.355022 2.20665 2.60533
49 88.0141 90.2073 1.84834
50 87.4732 22.9019 1.9955
51 4.76593 10.0968 2.86496
52 63.7229 50.2345 1.62185
53 54.8986 59.4457 0.731149
54 83.8108 9.59387 1.79967
55 76.7978 43.9296 1.55693
56 86.2416 11.7096 2.45707
57 1.35203 90.6928 2.30866
58 86.2184 15.1737 1.67354
59 91.1589 2.40405 2.41503
60 88.825 19.944 1.63831
61 0.954001 99.304 2.34302
62 45.9018 10.6977 1.71776
63 17.7549 78.8535 -2.62127
64 94.3825 18.3212 1.69917
65 84.004 47.7948 1.48227
66 85.6079 23.6573 1.48306
67 87.4973 23.4505 1.7643
68 85.3503 44.3127 1.40291
69 5.43116 92.0208 1.95068
70 97.8452 19.4526 2.47771
71 95.5979 3.37219 2.67631
72 86.0117 20.3734 1.90576
73 3.7518 22.819 2.22555
74 0.161031 94.2314 1.75504
75 76.4984 52.0711 1.44008
76 3.26862 94.4077 2.15459
77 2.00895 19.7249 2.87303
78 1.60684 30.4894 2.42384
79 87.1351 17.4559 1.96393
80 99.6371 99.1653 1.89992
81 83.4499 21.9587 1.383
82 59.4461 24.4756 2.0516
83 74.6711 14.3856 1.50198
84 76.4332 41.5424 1.97717
85 0.0342009 1.02931 2.37904
86 -0.00687289 97.984 1.67911
87 5.21598 19.4664 2.89844
88 78.1353 43.0349 1.59987
89 98.1659 93.7102 2.16883
90 63.5023 51.237 1.56228
91 96.0696 8.08179 2.19213
92 2.43537 16.2173 2.91181
93 76.1382 9.28849 2.09854
94 -0.152217 100.313 2.31053
95 48.1309 39.024 2.0333
96 94.7052 17.1867 1.61803
97 -0.231058 21.8242 2.8203
98 97.2571 94.2304 2.0702
99 0.943923 14.8417 2.46289
100 67.6607 51.4397 2.00648
101 84.1038 19.7114 1.95565
102 3.77522 99.1826 2.4406
103 90.9586 95.6812 2.05604
104 0.770719 4.87961 2.15233
105 65.083 52.7419 1.40078
106 85.4591 10.0358 1.94595
107 86.9579 2.25238 1.65053
108 99.5757 6.57 2.10631
109 89.8386 17.0173 2.43819
110 77.2249 53.0818 1.56309
111 5.80833 25.3061 2.03001
112 57.96 46.6282 1.45928
113 98.2724 14.6605 2.08624
114 91.9615 20.6052 1.84567
115 96.2405 26.2597 1.57382
116 0.286348 90.1438 2.17223
117 93.2448 5.28674 2.42174
118 49.4754 48.7253 1.60058
119 79.893 12.4642 2.03227
120 88.4628 96.7437 2.13743
121 75.9516 70.95 -0.294226
122 99.2161 2.15452 2.18922
123 73.1553 9.27098 1.86542
124 91.929 28.0702 2.10328
125 91.089 40.0334 1.80249
126 14.2646 14.7287 2.32877
127 80.5683 1.34447 2.19622
128 65.7286 50.8318 1.43549
129 89.1209 21.6158 1.76584
130 92.7219 8.52367 2.4626
131 1.33269 97.0004 1.99679
132 93.4749 41.3937 1.39156
133 91.2496 45.1153 0.96857
134 86.5158 87.5212 2.10232
135 2.8289 21.0719 2.65315
136 99.3573 92.4064 1.87411
137 95.3996 17.3893 2.34298
138 1.57692 0.473998 2.54729
139 91.0212 96.7393 2.43908
140 7.27023 0.435603 2.53907
141 81.9606 43.7513 1.48348
142 77.298 12.6066 1.84479
143 33.2055 18.063 1.64961
144 94.1028 17.9746 1.93543
145 88.9177 24.072 2.37235
146 88.6164 2.00138 1.80169
147 65.2044 57.159 1.54044
148 4.88782 22.7003 2.61519
149 81.1048 22.2247 1.92173
150 6.08763 1.25687 2.52278
151 38.2255 40.6311 2.30564
152 0.921077 94.29 1.70158
153 0.0116245 5.65307 1.89457
154 21.1381 7.42937 2.52752
155 88.2399 47.2037 1.69342
156 51.2743 14.1927 1.69556
157 31.3943 26.0438 1.91827
158 87.9602 53.0491 1.54774
159 34.0289 21.7728 1.52023
160 63.0565 58.9836 2.16048
161 35.238 23.1367 1.52197
162 82.1831 23.0647 1.92235
163 78.3613 40.5372 1.09598
164 85.3729 48.9675 1.09722
165 74.5924 19.8578 0.968772
166 77.9351 42.1281 1.36678
167 6.78001 24.7209 2.61526
168 87.2166 18.7009 2.27535
169 84.7413 47.6011 1.21036
170 47.0723 71.9349 2.75804
171 96.9615 16.0275 2.21141
172 86.1787 98.7367 1.84636
173 5.48825 97.5508 2.35007
174 86.2936 52.6987 1.21197
175 93.3244 37.2004 1.89917
176 96.5755 29.9685 2.04674
177 93.1033 95.7662 1.80024
178 65.4434 49.7742 1.39618
179 94.4297 10.4462 1.83815
180 97.2597 15.6387 2.57006
181 41.2082 17.6529 2.48059
182 89.0201 12.6639 2.1049
183 84.3687 92.9003 2.21521
184 1.50737 15.001 2.75445
185 86.9195 47.2894 1.59923
186 3.12913 4.11609 2.54162
187 52.5874 45.8777 2.07113
188 77.6123 1.27513 2.264
189 92.3539 25.7638 1.65889
190 88.4254 52.3882 1.80434
191 97.5535 23.5661 1.61794
192 95.7941 89.3622 1.71792
193 3.80611 12.2341 3.00256
194 98.0842 97.529 1.90354
195 96.0045 15.8596 1.62309
196 89.2393 93.5995 2.33076
197 0.924424 98.1318 1.72893
198 0.524631 16.0715 2.77986
199 3.663 60.6257 1.01335
200 2.48209 19.0098 2.85409
201 99.2363 24.4165 2.63871
202 63.2261 51.4518 1.3634
203 36.0699 23.9539 1.8847
204 89.0668 50.739 1.23966
205 6.92374 24.0751 1.98085
206 95.6198 97.3771 2.0747
207 91.3132 3.34059 1.94566
208 73.707 24.7175 1.15184
209 49.8281 47.8306 1.84448
210 87.7143 21.1335 1.60366
211 0.355974 2.42718 2.82535
212 91.1242 43.5284 1.71943
213 41.0717 39.978 1.88408
214 77.2969 99.2655 1.62321
215 91.1024 7.9269 2.17585
216 8.18441 3.94205 2.97092
217 95.3216 14.7799 1.8535
218 88.5172 31.4484 1.91184
219 86.6855 27.3472 2.25583
220 3.91074 23.7989 2.30962
221 7.63866 14.2612 2.06326
222 2.08969 23.5769 2.02397
223 68.901 53.5665 2.03808
224 56.9122 47.8276 1.64191
225 96.5028 27.1533 1.70425
226 19.9034 3.47642 2.61922
227 1.75245 4.41377 2.5125
228 2.51447 99.3188 2.03333
229 2.31931 98.6138 1.73116
230 82.4428 100.317 2.13529
231 89.6452 18.9709 1.84243
232 1.42852 12.6037 2.95618
233 94.5197 1.53699 2.07322
234 89.5442 95.7751 1.85357
235 85.4362 9.83648 1.67727
236 17.8333 1.67248 3.40271
237 94.7235 28.2163 1.75833
238 87.4942 11.4958 1.60558
239 76.7437 11.9822 1.61356
240 92.7668 20.0959 2.27265
241 50.4541 13.0448 2.10814
242 6.0069 7.67991 2.51702
243 0.577226 17.3828 2.43626
244 35.7791 23.6643 1.92258
245 3.75334 9.18357 2.824
246 2.40339 1.04471 2.59558
247 87.2093 50.8962 1.15041
248 80.5473 12.1827 1.95541
249 98.6652 92.3487 1.98381
250 89.9999 20.5012 1.74474
251 89.7658 26.3944 1.59817
252 74.0888 53.8601 2.02778
253 55.0405 49.3523 1.92523
254 1.04171 96.2176 2.2055
255 82.6206 21.756 2.113
256 6.2451 6.28052 2.28268
257 -0.063708 98.4312 2.41175
258 50.1419 17.9603 1.67781
259 86.2841 10.8784 2.05034
260 91.0287 54.9459 1.48674
261 80.5445 13.9554 2.12436
262 7.92415 1.54274 2.90529
263 98.8036 10.3063 2.56841
264 63.8485 57.8327 1.24081
265 -0.165305 96.7459 2.04459
266 91.7984 92.5513 2.01007
267 93.4892 19.6116 2.29109
268 89.8429 98.7007 2.27541
269 89.917 21.9746 1.60737
270 88.0979 14.7107 1.97914
271 88.6988 13.4888 2.40335
272 36.8203 38.2219 1.57244
273 91.6536 98.1087 2.76262
274 96.5321 5.72137 2.57934
275 2.32712 98.8391 1.7029
276 92.251 90.3719 2.02197
277 99.3955 14.0067 2.36406
278 9.77217 82.8151 2.18713
279 5.60994 8.03552 2.01278
280 88.5107 15.0491 2.26225
281 2.22007 3.11902 1.92153
282 83.5015 12.0132 1.55566
283 11.8159 26.6533 1.94929
284 8.56884 93.2597 2.25266
285 98.0763 18.3354 2.28904
286 79.5808 4.00418 2.62024
287 98.9455 99.9421 2.64783
288 52.6378 39.9288 1.32853
289 9.77327 94.8409 2.74442
290 95.9602 2.60692 2.05248
291 60.5408 93.4031 -1.02425
292 89.0399 45.4425 1.16538
293 94.6883 4.6883 2.55578
294 88.4077 10.9307 1.96668
295 94.0691 13.1825 1.77069
296 6.30924 18.5617 2.77691
297 12.2331 4.2228 2.87443
298 54.2766 12.217 1.90121
299 0.999513 25.2186 2.40004
300 94.8514 97.6682 2.18875
301 86.771 21.5077 1.67792
302 87.8104 95.8678 2.13526
303 2.5977 2.23704 2.40198
304 15.4372 79.8859 -2.25645
305 92.361 25.6292 1.54222
306 59.0005 53.8629 1.88904
307 94.5244 25.3469 1.95248
308 81.8128 16.2965 1.41674
309 95.3032 6.12308 2.68328
310 63.07 55.726 1.40407
311 88.1451 6.92469 2.18327
312 2.60659 9.24247 2.34082
313 41.9421 40.4078 2.64758
314 86.0074 25.5042 2.33132
315 1.81276 4.86496 2.11693
316 0.341759 14.5983 2.33753
317 88.7055 16.7612 1.75971
318 95.8056 26.5942 1.51621
319 0.620857 24.5004 1.98236
320 1.70711 22.9805 1.99079
321 84.2876 24.9337 2.15471
322 5.89883 21.9591 2.55971
323 86.7204 17.1647 1.98065
324 19.4252 30.5668 3.07039
325 9.4487 5.74668 2.22575
326 0.275405 96.2688 1.84525
327 95.4688 100.289 2.10618
328 10.175 22.1713 2.36343
329 56.6752 43.2836 1.32642
330 41.4225 38.8729 2.5099
331 70.1483 57.5313 1.98536
332 44.3041 40.5202 1.9953
333 2.04961 17.1676 2.19838
334 83.2175 7.42604 1.52488
335 97.1277 22.8951 2.02334
336 6.82778 24.9011 2.1496
337 79.7211 9.96521 2.24115
338 7.89775 4.29291 2.44889
339 0.145458 0.25373 2.62128
340 84.0991 96.0747 2.57197
341 76.1388 15.6178 1.20184
342 84.706 17.99 1.77122
343 7.24789 4.70884 2.57247
344 4.72209 2.1531 2.04362
345 77.0368 47.8685 1.88608
346 82.3321 5.96628 2.20697
347 90.179 56.0336 1.16131
348 78.5364 3.46572 1.81343
349 88.1348 50.276 1.41318
350 3.16347 6.14906 2.12036
351 43.1928 13.9703 1.72305
352 17.8237 86.7652 -2.71354
353 68.0765 52.7312 2.02439
354 94.7425 90.8109 1.82813
355 2.83717 94.2824 2.59181
356 6.02644 20.2878 2.67004
357 87.7175 48.9478 0.982931
358 89.1979 15.5601 2.42524
359 90.3861 100.246 2.307
360 83.4802 26.9463 2.31969
361 86.8407 89.5644 2.29568
362 94.2737 16.1055 2.43273
363 0.867118 98.6016 2.08597
364 67.9362 58.3253 1.43142
365 98.7148 8.94964 2.53461
366 99.248 17.2358 2.79437
367 4.75188 23.8275 2.11143
368 85.9691 99.1422 2.42773
369 44.6722 38.7484 2.13117
370 56.0628 50.7584 1.05476
371 82.8718 21.1484 1.33486
372 90.5945 11.1974 2.10031
373 0.821837 20.2349 2.20982
374 89.9201 24.509 1.55941
375 3.37571 14.0265 2.16526
376 92.558 15.2129 1.76899
377 36.5628 40.3946 2.27863
378 96.0947 4.97812 2.0481
379 3.70496 25.9389 2.40935
380 2.37656 98.4629 2.10778
381 5.41221 31.4303 2.05386
382 96.2555 16.1336 1.73824
383 79.5986 45.4297 1.23294
384 0.947167 12.6704 2.31129
385 72.6752 55.5626 1.35618
386 52.9436 57.6702 0.0524862
387 88.0926 89.696 2.28328
388 9.6721 1.59102 2.90346
389 89.9648 100.029 2.32992
390 72.5021 16.6993 1.54982
391 84.2997 15.4081 2.05839
392 89.0979 97.4557 2.77362
393 8.38892 7.41164 2.11067
394 94.8848 17.4986 1.72959
395 89.9324 16.6497 1.87341
396 86.5545 25.7474 1.74847
397 93.4359 20.8541 2.25967
398 41.8478 38.5771 2.17747
399 51.4562 12.0139 2.16543
400 76.9176 10.7884 1.57243
401 46.5948 37.7946 1.91192
402 98.5512 94.1138 2.17462
403 95.5369 13.94 1.79081
404 98.068 1.36001 2.84032
405 16.0052 85.7279 -3.04659
406 82.5118 97.1329 2.49755
407 97.8552 18.4076 1.74647
408 89.854 6.85021 1.88527
409 10.4208 23.6753 2.69719
410 80.2039 13.4094 1.42591
411 92.8319 21.9646 1.93484
412 7.77894 97.3363 2.23535
413 77.6096 12.9303 1.18368
414 6.91418 6.609 2.68313
415 82.6066 46.3183 1.60066
416 1.99652 15.1939 2.50286
417 76.1106 10.8289 1.62403
418 89.5094 21.0804 1.52846
419 75.6016 44.4757 1.8653
420 93.9604 2.50123 2.09466
421 86.9014 19.6173 2.10914
422 86.087 13.7024 1.8853
423 2.70558 20.139 2.84924
424 84.7675 24.8439 1.76238
425 96.4192 11.7006 1.94639
426 14.1857 22.6752 2.14812
427 89.2163 24.7467 1.48299
428 98.9153 2.84512 2.36161
429 5.71059 2.0007 2.90554
430 32.6091 19.2524 1.73142
431 3.08005 12.6468 2.69419
432 83.2235 22.991 1.98275
433 11.7705 23.1682 1.95554
434 94.9379 0.453079 2.84794
435 72.1201 55.8462 1.88339
436 38.1357 18.6743 1.98995
437 89.992 95.474 2.1244
438 98.7065 29.0187 2.39938
439 4.89596 25.5872 2.81195
440 4.46131 94.2911 1.91765
441 80.3752 97.9865 2.48866
442 97.1359 21.4788 2.33308
443 3.29858 66.4732 1.71476
444 2.40958 9.8584 2.77343
445 86.6017 54.9963 1.18628
446 76.5542 55.2288 2.10806
447 82.6982 3.30025 2.30703
448 91.4822 14.8754 2.17891
449 8.45569 95.2631 2.19452
450 81.5669 17.0983 1.32238
451 95.9163 94.5415 2.23531
452 88.9709 25.884 2.36847
453 4.39372 97.4138 1.78939
454 90.9251 22.6496 2.11796
455 80.2868 46.4696 1.46546
456 76.2517 8.84871 1.40719
457 85.4653 10.9269 2.4456
458 91.0738 9.69794 2.17992
459 89.4045 44.8758 1.23831
460 91.4287 97.5024 2.71831
461 60.5616 50.9296 1.93685
462 4.12351 8.50943 2.79379
463 89.3932 14.0626 1.59327
464 10.8851 16.0489 2.42539
465 82.9175 15.3837 1.68599
466 7.36451 3.97777 2.89299
467 5.72099 23.0649 1.98489
468 87.656 97.8867 2.61198
469 43.8609 15.8349 2.46158
470 18.432 83.7293 -2.40676
471 98.2868 3.6584 2.02751
472 4.89865 9.89262 2.51417
473 1.16637 14.7906 2.05021
474 6.71664 57.0598 1.33409
475 83.8969 0.742917 2.1745
476 87.5904 49.4176 1.5818
477 0.562187 98.3267 2.176
478 78.4112 33.4138 -2.66109
479 74.742 46.8206 1.68043
480 87.5442 6.11424 2.0433
481 8.84562 20.879 2.17943
482 94.9122 90.7296 2.36055
483 80.499 18.1485 1.77661
484 89.5358 3.56628 1.91494
485 84.2409 90.8353 2.50137
486 7.34801 99.0254 2.61148
487 7.65881 4.52638 2.77451
488 49.3579 12.858 2.0713
489 74.4305 44.4802 1.89956
490 77.3165 52.8168 1.71008
491 0.890673 99.3346 2.64979
492 6.83 14.78 2.61757
493 0.966559 5.04119 1.90686
494 99.3211 95.3334 2.69231
495 94.2915 5.01079 2.13595
496 94.4117 20.5446 1.96868
497 86.983 20.8449 1.6988
498 9.76363 1.75398 2.85115
499 96.2751 33.5445 2.17644
