500
Particles
0 50.7873 52.994 1.94138
1 29.5663 53.1767 1.97334
2 22.5751 60.0776 2.12996
3 54.0873 4.47921 -1.88137
4 26.1355 35.3975 1.81708
5 28.4262 71.4461 1.68941
6 42.6349 49.1407 1.73238
7 11.9242 6.70903 0.587102
8 47.8258 0.893072 -1.64557
9 50.7654 7.90255 -2.3675
10 47.2885 94.2798 -1.9483
11 7.74754 99.7597 0.724332
12 56.5725 9.47274 -1.70869
13 58.6561 74.3051 -0.236881
14 27.2647 37.5998 1.33233
15 51.7549 29.0607 -2.1003
16 51.3143 15.2597 -1.67086
17 27.412 28.1906 1.19729
18 31.0015 50.642 2.03599
19 7.23227 80.2102 3.14911
20 54.3235 3.09979 -1.73281
21 41.284 48.7544 1.65037
22 35.8687 95.036 -1.4562
23 28.4785 32.3118 1.51562
24 0.942764 22.967 -2.92796
25 23.3667 75.8867 1.46444
26 28.9096 71.2311 1.57589
27 11.9733 94.2472 1.67908
28 50.0958 55.5958 1.78663
29 29.6148 30.5635 1.85081
30 25.9573 64.1708 1.33792
31 30.2611 2.69617 -0.489324
32 49.8796 98.7725 -2.06296
33 25.381 59.339 1.46413
34 36.7897 98.0414 -1.85665
35 39.9986 66.0002 1.81544
36 6.31349 2.03653 0.806705
37 41.1018 55.2907 1.55614
38 15.2138 70.3776 1.61145
39 24.5752 33.2456 1.45513
40 40.8299 94.6819 -1.61193
41 61.1995 76.8678 -0.507505
42 45.1334 6.78802 -1.68047
43 88.8359 95.5286 1.88649
44 30.3636 58.0511 1.58474
45 49.0437 13.3339 -1.97698
46 37.8743 8.78101 -2.43751
47 14.3858 17.8115 2.61651
48 40.6242 1.48036 -2.27685
49 24.9273 71.0255 1.62521
50 52.3529 3.99842 -1.87169
51 38.643 12.6101 -1.77303
52 -0.205393 20.6112 -2.90315
53 6.7874 1.73742 0.859746
54 32.1588 38.1773 1.85405
55 22.0374 82.0666 1.91674
56 34.5986 40.1682 1.96224
57 41.3677 73.7208 1.35835
58 32.0804 43.4262 1.81874
59 22.656 73.959 1.36796
60 35.2906 58.8493 1.36329
61 43.9161 3.81293 -1.60228
62 38.9104 68.226 1.37896
63 26.557 48.5839 1.77332
64 35.9087 55.8336 0.882208
65 18.1507 82.8977 2.55459
66 35.7543 62.455 1.19226
67 39.7452 63.8606 1.61566
68 14.9189 79.5562 2.01834
69 40.3504 68.7968 1.5324
70 41.7186 51.9951 1.13451
71 28.7387 76.4489 1.8732
72 34.0394 58.187 1.22997
73 46.4237 54.1084 1.50704
74 34.2129 70.2846 1.94204
75 58.0373 53.0768 -0.678465
76 38.383 70.8918 1.77348
77 38.9294 52.567 1.42029
78 25.2951 64.2238 1.66288
79 32.4672 46.2036 1.89337
80 35.8539 74.8365 1.60531
81 36.1606 61.4549 1.42306
82 9.06136 76.7583 2.81031
83 29.0836 42.8096 1.20667
84 26.8359 82.5232 2.08534
85 32.1199 73.5788 1.93321
86 38.4717 77.2926 1.65631
87 12.9327 78.2632 2.32581
88 3.23138 78.4616 2.87433
89 32.9784 71.4856 1.97352
90 57.5649 49.1994 -1.49135
91 28.8341 2.88267 -0.848456
92 12.3676 76.8419 2.10447
93 31.3582 40.1492 1.98425
94 43.3018 97.5723 -1.74745
95 47.5453 59.2637 1.08525
96 37.8156 52.7455 0.973105
97 41.3836 57.1153 1.59139
98 33.003 71.3405 1.77145
99 57.2048 95.1703 -2.19568
100 1.75969 19.2298 -2.27075
101 33.599 51.2462 1.27843
102 46.4961 3.60805 -1.68205
103 29.3042 75.3769 1.187
104 41.5743 5.19119 -1.90907
105 56.4237 49.2158 -0.807085
106 33.818 40.2976 1.5478
107 49.5439 55.1139 0.970812
108 41.2463 10.8686 -1.76823
109 35.8552 43.1779 1.49849
110 62.8458 1.46746 -1.33375
111 43.4355 54.6112 1.75083
112 52.9062 2.04697 -2.23802
113 45.5185 49.0486 0.986323
114 52.8803 38.842 -3.35728
115 41.8221 62.128 1.7245
116 30.3093 65.1095 1.90991
117 24.7462 78.5753 1.9052
118 55.368 7.40534 -2.4722
119 30.6085 38.7041 1.41697
120 24.8438 76.1145 1.57432
121 47.2696 2.06026 -1.74227
122 41.1499 0.104903 -2.27528
123 29.6784 50.1716 1.82757
124 53.6676 74.9286 -0.518118
125 19.5245 81.3789 2.63596
126 16.3257 6.2778 -0.0450625
127 56.918 76.5593 -0.486322
128 0.837634 23.6657 -3.03335
129 51.949 49.2613 1.67914
130 50.9069 60.0395 1.498
131 45.9247 93.4694 -2.18493
132 88.7084 58.7276 -0.570004
133 88.3559 64.3746 -0.0984834
134 26.8826 70.0607 1.64413
135 44.1898 53.7583 1.70242
136 32.9161 68.8147 1.27451
137 42.8954 53.8729 1.17107
138 42.7866 99.5123 -1.88948
139 31.1455 79.0631 1.35061
140 46.1717 5.26405 -2.37484
141 19.4398 82.0514 2.18985
142 31.6038 42.8207 1.30497
143 51.5999 12.6882 -1.42179
144 39.6034 57.1342 1.32634
145 49.8819 51.2256 1.60099
146 51.8171 57.5697 1.60237
147 22.9052 58.1977 1.8692
148 49.9069 59.3331 1.39105
149 35.3842 61.8044 1.48961
150 45.8225 5.41506 -1.73324
151 45.4664 62.8787 0.879939
152 36.8555 70.8346 1.66996
153 41.3199 6.37777 -2.03616
154 50.6144 14.6362 -2.05353
155 88.6785 63.765 -0.295919
156 49.2693 3.4115 -2.10254
157 44.7061 14.7179 -2.07953
158 26.3116 72.348 2.02466
159 49.6883 25.3193 -2.53866
160 26.3514 62.5727 1.95386
161 17.3259 10.4636 0.404726
162 52.8024 6.09427 -1.60023
163 16.102 78.3536 2.06777
164 55.0894 65.3318 -0.668074
165 37.7847 65.6729 1.33814
166 14.7681 80.2827 2.93216
167 44.5962 57.0929 1.42253
168 33.2648 49.8821 1.41304
169 1.64984 14.554 -2.80314
170 23.5868 56.1047 1.46383
171 41.1782 49.4059 0.858114
172 48.1166 52.6395 1.79486
173 46.917 5.78888 -2.29688
174 25.2564 69.8512 1.89028
175 23.4968 9.01617 0.156966
176 50.7 30.1102 -2.58253
177 30.6236 76.333 1.92206
178 0.436318 15.9376 -2.86916
179 49.7245 55.4758 1.40886
180 45.9349 50.4457 1.68663
181 50.8033 8.65597 -2.34501
182 35.4665 40.6023 1.84735
183 63.932 99.137 -1.74389
184 14.9467 75.8482 2.32084
185 85.2994 66.296 -0.191977
186 42.0962 98.5299 -1.76866
187 51.4459 2.87281 -1.9486
188 23.7334 43.8898 1.68893
189 26.2593 64.2627 1.74814
190 24.2946 69.1046 1.50056
191 38.8899 58.8887 1.34084
192 35.3864 72.2397 1.36604
193 37.8553 3.46114 -1.79445
194 31.1802 70.9695 1.16685
195 39.2077 50.8085 1.59845
196 24.8266 71.426 2.09041
197 38.7534 77.1771 1.86351
198 11.1018 76.123 2.41352
199 27.3015 71.3981 1.44121
200 43.0452 52.0133 0.895483
201 24.2735 30.9573 1.35057
202 99.2444 21.4401 -2.07224
203 45.0953 24.7277 -2.59491
204 28.0685 70.0074 1.22235
205 47.9741 54.7829 1.47124
206 34.0551 76.7962 1.1651
207 22.1057 76.106 1.71516
208 18.179 77.3513 1.84412
209 56.7765 4.34656 -1.73747
210 34.9138 54.3268 1.59797
211 39.7797 95.0605 -2.10224
212 88.7082 61.5907 -0.20392
213 46.518 65.2791 1.16511
214 26.2762 44.7429 1.8429
215 47.7736 51.0844 1.19851
216 48.3057 16.5001 -2.22861
217 42.3785 48.3444 1.76966
218 42.8139 17.8478 -2.06791
219 27.4779 27.5623 1.93313
220 44.4873 55.1427 1.56468
221 42.3512 15.4666 -2.59673
222 38.5866 56.2192 1.07056
223 57.9307 54.9224 -0.815604
224 52.8761 2.743 -2.20272
225 8.94378 1.1876 1.40364
226 48.1253 8.56344 -2.4217
227 42.436 2.77514 -2.12794
228 40.9425 77.6783 1.78256
229 47.5435 8.35211 -1.67012
230 59.3282 73.9955 -0.0556591
231 34.7171 56.5841 1.41289
232 27.839 2.04906 -0.450701
233 28.2056 76.9418 1.44695
234 25.3375 72.7367 1.28159
235 34.6426 37.7072 1.7125
236 47.4795 4.05429 -1.59562
237 28.2536 63.0838 1.96917
238 31.0684 36.1308 1.75205
239 26.1715 39.0964 1.81516
240 55.7427 9.03417 -2.41411
241 31.8009 60.2225 1.26611
242 42.787 11.8055 -2.52777
243 44.2254 51.4197 0.860444
244 17.5404 7.11884 0.263748
245 40.9293 12.995 -2.50312
246 45.9492 96.3967 -2.12387
247 56.1162 77.7887 -0.640141
248 27.257 41.7581 1.61945
249 29.4172 66.851 1.58772
250 6.75388 96.2537 0.754974
251 23.9617 63.8626 1.24143
252 11.5496 4.72219 0.455772
253 87.5713 0.585894 2.20866
254 45.2817 93.7138 -2.55652
255 36.4187 62.5055 1.63521
256 44.3385 10.4159 -2.2959
257 44.4203 98.0856 -1.9099
258 49.3578 4.5194 -2.24704
259 36.7969 39.6605 1.18676
260 27.5798 70.2535 2.14514
261 30.525 42.1134 1.25787
262 49.5284 9.30952 -2.17457
263 29.5556 82.4246 2.02736
264 25.9268 59.9092 2.01843
265 35.8812 73.625 1.63547
266 31.1125 74.6672 1.93936
267 36.2849 54.833 1.12159
268 33.1548 98.8647 -1.31999
269 8.15203 96.2206 0.771197
270 32.8345 43.2561 1.32455
271 35.1603 40.1385 1.36083
272 46.3858 74.6067 0.852002
273 26.0745 73.4684 1.30625
274 31.8577 79.6957 1.69125
275 44.613 4.41316 -1.68045
276 29.3582 70.544 1.68134
277 48.0164 53.942 0.973012
278 27.0219 53.991 2.0683
279 43.8868 14.0026 -1.56634
280 30.2842 41.31 2.03631
281 43.4473 1.21474 -1.7604
282 30.9977 38.5697 1.73023
283 42.7595 61.9112 0.94857
284 32.1491 62.912 1.41576
285 41.5982 52.9739 1.26287
286 55.5717 77.0852 -0.840821
287 42.0929 97.3009 -1.65802
288 60.5478 99.1146 -2.05566
289 29.6842 57.9163 1.28669
290 36.928 3.96775 -2.16596
291 30.2186 54.9908 1.23952
292 92.4367 96.7964 1.22847
293 30.0716 79.687 1.36633
294 32.3725 36.1617 2.02864
295 13.8143 4.97972 0.128879
296 17.039 76.3952 2.15565
297 48.8011 7.91029 -2.14743
298 31.8529 56.2116 1.78244
299 43.3523 56.7986 0.912937
300 33.0197 75.1202 1.46396
301 36.5344 59.9541 1.24575
302 19.9882 68.9608 1.3156
303 42.9364 0.378901 -1.78529
304 27.1939 50.7849 1.88202
305 26.6574 65.441 1.255
306 8.27299 1.64429 0.744698
307 25.2544 61.8587 1.65515
308 31.8421 42.395 1.41878
309 28.5262 78.1685 1.34398
310 10.3668 99.7671 0.37278
311 62.8727 73.6415 -0.286475
312 40.3993 13.3106 -1.77406
313 44.539 63.8718 1.12413
314 46.1414 26.4086 -2.48936
315 41.5525 3.77216 -2.25948
316 44.75 51.9799 0.986134
317 34.0213 45.7887 1.09611
318 55.0197 10.7873 -1.6872
319 39.8748 57.7506 0.969209
320 41.3804 54.5768 1.30549
321 26.7567 27.3601 1.18576
322 44.2615 52.8681 1.07752
323 32.8085 46.3033 1.67033
324 28.8499 62.9512 1.6324
325 47.2555 9.12755 -2.40873
326 45.3978 94.3103 -2.58661
327 30.398 75.9429 1.81117
328 14.3792 76.5706 2.39056
329 53.0541 99.2797 -1.68562
330 45.3346 61.8213 1.42479
331 88.5202 61.1162 -0.406799
332 52.1026 98.9265 -1.57355
333 6.39027 76.092 2.82106
334 25.4847 35.3327 1.53077
335 41.7899 56.915 1.7215
336 43.373 54.8318 1.76105
337 25.5931 37.54 1.20822
338 44.7263 8.57413 -2.30359
339 42.0279 96.4484 -2.47711
340 36.9011 50.2875 0.882237
341 24.3465 43.6083 1.50368
342 34.7499 51.1377 1.12983
343 45.9465 14.5016 -2.32949
344 44.4835 1.62422 -1.85369
345 91.0778 93.7085 1.7689
346 62.9603 77.7872 -0.682062
347 28.0788 71.4439 1.8453
348 25.133 43.1282 1.86731
349 24.9242 66.1348 2.03294
350 43.1416 9.69407 -2.36391
351 49.1793 4.04855 -1.92961
352 29.7078 54.1933 1.89502
353 59.9539 52.0954 -1.45067
354 33.1271 72.8963 1.29564
355 47.4438 96.1283 -1.86575
356 55.566 96.796 -2.28652
357 91.8216 64.2919 -0.180026
358 33.423 44.9979 1.84048
359 25.8083 77.5423 2.00209
360 48.8227 21.3625 -2.03086
361 23.095 70.8781 1.77064
362 38.272 52.4727 1.3762
363 36.6697 74.352 2.00269
364 25.6372 59.8261 1.73609
365 37.7487 8.30302 -1.657
366 44.3902 51.0569 1.72875
367 48.5946 55.2014 1.84551
368 51.1517 56.7556 1.23372
369 89.651 91.913 1.24335
370 57.6994 12.7315 -1.85644
371 37.6693 62.1274 1.59738
372 34.2244 36.4557 1.26789
373 44.615 52.7451 1.28907
374 25.0194 61.9755 2.01864
375 34.8752 8.14129 -1.74643
376 37.6111 42.5791 1.09023
377 43.6323 60.3039 1.50238
378 37.5574 12.1606 -1.81729
379 44.145 57.4293 1.0872
380 46.8379 6.71095 -2.22163
381 31.5865 70.0097 1.19985
382 39.7083 49.5191 1.01492
383 4.28729 17.0359 -2.70021
384 26.8602 80.7785 1.94922
385 12.2744 99.6169 1.02316
386 4.9597 3.19419 1.01309
387 28.9031 74.5716 1.79885
388 49.0883 9.24892 -1.8217
389 21.8214 73.3684 1.80995
390 32.3722 54.3546 1.46248
391 32.9992 41.8073 1.03318
392 9.18719 68.5885 2.11828
393 45.4018 12.0151 -2.30271
394 41.087 51.9203 0.777895
395 35.4138 46.569 1.89894
396 27.2614 26.4624 1.72653
397 40.4832 62.4148 0.959256
398 52.6628 92.1052 -2.362
399 35.1867 64.3557 1.74543
400 26.453 38.3424 1.2843
401 14.5225 79.0733 2.68306
402 35.8558 74.5035 1.97233
403 37.269 49.2611 1.49651
404 32.6923 77.1538 1.69063
405 28.3359 54.4477 1.65521
406 56.4166 74.4687 -0.416055
407 41.0941 50.9511 1.13128
408 46.3288 51.3017 1.20865
409 46.0587 54.2409 1.08318
410 25.3955 38.8309 1.28871
411 55.0037 36.7583 -2.50213
412 42.3181 72.3609 0.870383
413 30.9565 41.6459 1.48821
414 43.4561 9.52207 -2.46409
415 90.2943 96.4666 1.68295
416 16.7704 75.1112 2.18937
417 27.7736 41.246 1.25581
418 36.4145 55.2296 0.74231
419 12.2019 19.8898 2.72636
420 26.1288 77.0475 1.94919
421 33.1408 51.9902 1.48496
422 32.9838 41.5631 2.00715
423 44.167 52.7502 1.22497
424 49.9409 29.7608 -1.87749
425 41.6138 48.0751 1.55827
426 42.6729 59.5872 1.35453
427 22.6858 63.6296 1.70457
428 42.4903 8.4683 -1.9925
429 46.715 8.72173 -1.96518
430 17.8632 9.50512 0.126047
431 37.1438 9.72139 -2.25433
432 49.7839 2.54561 -1.55077
433 45.1611 60.4407 1.24113
434 37.9992 96.8595 -2.35826
435 22.969 57.9903 1.48517
436 50.9924 9.45294 -2.10338
437 28.5511 75.5886 2.09858
438 25.6164 31.3581 1.59955
439 45.6514 56.2129 1.53073
440 34.6699 67.1133 1.74796
441 54.1769 69.9681 -0.516346
442 40.7575 52.597 1.09468
443 31.8152 73.6397 1.77877
444 40.2407 10.8845 -2.07024
445 25.3164 68.3697 1.86726
446 57.6977 72.2274 -0.347475
447 59.5607 78.3497 0.0450773
448 52.7956 33.1735 -2.10858
449 31.7613 62.8724 1.74267
450 31.1164 44.534 1.74984
451 35.4972 74.0451 1.53423
452 24.0531 64.777 1.46522
453 46.4167 7.12669 -1.7854
454 50.8016 50.5439 1.86632
455 10.1562 80.735 2.92849
456 23.6103 37.0901 1.79464
457 34.6385 36.5333 1.84365
458 53.2452 7.32254 -2.34161
459 24.6698 86.8879 2.00048
460 25.5156 71.2469 1.92198
461 58.4561 49.4087 -1.45231
462 41.9761 12.1145 -2.08886
463 35.6617 41.9005 1.92397
464 44.582 17.5289 -1.54515
465 31.6387 44.7404 1.48051
466 46.2687 11.8393 -1.73778
467 42.6352 53.8092 1.28455
468 21.5548 73.9479 1.5032
469 48.8919 6.68698 -1.8174
470 30.6696 51.6731 1.57301
471 42.9934 11.9348 -2.16259
472 41.6418 13.3566 -1.96857
473 48.1576 51.6093 1.06656
474 52.0162 29.8543 -1.954
475 58.1985 73.9824 -0.447241
476 89.5967 65.0509 -0.54338
477 38.4722 76.9908 1.79839
478 27.744 4.27431 -0.70834
479 95.355 94.369 1.42385
480 32.8362 35.2362 1.44038
481 15.9284 75.1417 2.71181
482 33.1624 70.9753 1.16781
483 33.2211 47.7092 1.68651
484 12.7466 72.8581 1.77588
485 19.0053 67.9348 1.68679
486 48.1829 5.16406 -1.56793
487 48.9948 16.2118 -2.22923
488 37.1414 66.9486 1.77864
489 13.7107 79.601 2.63301
490 12.0372 5.36265 0.799056
491 43.5954 99.6358 -2.46626
492 40.1868 11.4729 -2.49576
493 39.5532 0.654897 -1.67811
494 44.4173 96.7556 -2.56083
495 27.5437 77.8322 1.96524
496 38.643 58.7327 1.30277
497 51.1123 25.6233 -1.83673
498 46.952 9.29047 -1.64786
499 23.2277 84.6869 1.93082
