500
Particles
0 29.4732 42.7619 2.58835
1 93.0759 31.5958 1.35587
2 66.4786 96.5708 1.74474
3 67.7055 19.629 1.4631
4 37.1983 68.7192 2.48274
5 95.833 28.2728 1.56681
6 55.5588 77.0785 1.63548
7 75.9091 26.6222 1.09781
8 28.7463 75.8642 1.94517
9 45.1094 19.8336 1.52279
10 52.498 52.1398 2.48374
11 49.3099 83.0105 2.10664
12 71.941 96.0689 1.79165
13 30.5181 48.5317 2.35049
14 37.9325 69.9074 2.83986
15 31.9234 53.0175 2.91519
16 70.729 60.6421 2.28439
17 44.8992 88.058 2.64181
18 39.1331 80.0691 1.86045
19 4.81556 94.3906 -3.20293
20 68.5741 20.4029 1.82279
21 52.1519 74.1746 2.60696
22 49.6047 61.5722 2.56032
23 31.9377 57.7042 2.45645
24 71.7233 22.5941 1.63157
25 40.1881 55.3343 2.1425
26 2.24793 23.1533 1.39053
27 48.7173 80.7343 2.59695
28 51.9542 71.8875 1.9573
29 74.0589 94.5244 0.857444
30 53.8064 20.8507 2.80478
31 48.9006 64.9006 2.38446
32 98.4474 0.619298 2.92951
33 59.9068 30.4483 0.98563
34 40.4114 51.9916 2.37075
35 36.3093 82.8614 2.59802
36 55.8181 31.894 1.89869
37 76.1305 92.1092 1.77864
38 40.7833 59.4414 2.65373
39 33.9248 59.543 2.23371
40 40.6742 48.227 3.20155
41 30.1869 57.4571 2.4683
42 52.5725 52.1856 2.49756
43 68.2999 20.3825 1.85666
44 94.9291 33.478 1.93675
45 60.4275 58.5962 1.86536
46 40.8111 55.3426 2.27034
47 93.9737 19.3147 1.40005
48 48.0012 54.58 2.81479
49 33.7545 38.9269 3.00399
50 45.0256 83.1566 2.21014
51 57.5312 67.0449 2.06337
52 67.589 22.662 1.1932
53 58.0194 31.7104 1.11422
54 39.2347 68.1632 2.72221
55 72.6703 17.2488 1.89323
56 41.209 70.4133 2.85582
57 52.7324 45.7522 1.73165
58 42.2397 74.815 2.72759
59 35.2032 51.2906 3.16779
60 46.0027 81.0857 2.1514
61 49.3102 52.6574 2.56889
62 26.7833 60.6478 3.03583
63 27.6471 83.6901 2.09319
64 49.7076 78.1975 1.92186
65 94.3713 19.8385 1.76198
66 40.4531 82.2727 1.91602
67 44.0608 83.3207 1.88985
68 98.5079 16.0149 1.99699
69 65.405 53.6989 2.32113
70 52.0406 78.2542 2.54521
71 40.6537 53.8503 2.39435
72 41.3783 79.4452 2.16462
73 76.6239 89.7631 1.79259
74 51.0819 50.0377 1.99007
75 77.2471 22.7262 1.36779
76 53.0244 49.6216 2.59621
77 55.7303 78.3085 1.61813
78 75.2815 97.2649 1.51972
79 44.0691 78.0061 2.71709
80 49.5414 53.9716 2.19696
81 44.4449 84.7966 2.0435
82 30.2421 80.4933 2.61146
83 35.0454 75.2898 2.85016
84 71.3294 14.9784 1.4198
85 50.4683 56.4414 2.35717
86 49.8146 52.5114 2.02213
87 80.1654 86.7276 1.34663
88 73.334 16.2351 1.11913
89 49.1757 49.5804 2.67324
90 72.3045 23.2321 1.12908
91 50.2148 66.619 1.88153
92 57.4695 75.5547 1.98674
93 32.8938 67.8472 3.19619
94 49.1793 54.5114 2.52997
95 22.0586 6.2176 0.444938
96 52.3212 78.1916 1.70582
97 54.887 81.2307 1.62999
98 45.1817 46.7726 2.91842
99 55.0778 73.8338 1.99565
100 70.5348 23.1309 1.69969
101 41.3431 80.5322 2.67336
102 50.465 51.1797 2.50446
103 38.2098 47.9402 3.13526
104 51.237 60.4466 2.47273
105 68.8097 25.04 1.00793
106 40.891 69.2937 2.76216
107 34.4615 54.1402 2.96167
108 52.1392 64.6124 2.48453
109 43.2308 74.3009 2.59709
110 78.0319 24.1614 0.888592
111 84.1802 92.3427 1.83307
112 67.0156 18.6982 1.68146
113 51.8042 73.1622 2.63119
114 49.1265 81.0821 2.43456
115 67.375 93.1607 1.86695
116 52.5553 46.4463 1.77995
117 40.3319 57.6478 2.60422
118 48.2865 9.38035 -1.26908
119 36.8511 72.1024 2.54604
120 34.876 47.3787 3.33056
121 81.6267 25.7106 1.38148
122 44.5815 52.4324 2.6576
123 34.4524 70.5352 2.87099
124 65.7134 96.2713 1.34116
125 95.4524 1.96832 2.67899
126 67.9433 62.7282 2.31252
127 28.1246 52.4084 2.74311
128 74.2273 22.0405 1.67834
129 44.0888 80.15 2.04142
130 43.1227 63.3987 2.42184
131 51.9566 51.0397 1.91026
132 95.5315 99.9656 2.16535
133 9.24429 4.90327 0.00131631
134 60.7314 36.0262 0.62748
135 62.5907 83.3219 2.11951
136 49.3972 47.0127 2.35495
137 51.785 77.7146 1.765
138 51.3986 54.5198 2.83059
139 36.6878 47.4816 2.41494
140 53.5979 51.8214 1.96044
141 88.824 9.42982 0.323081
142 36.7489 73.4784 2.72499
143 29.3566 89.9718 2.35111
144 51.6628 79.1855 2.34126
145 44.8114 83.7934 2.0334
146 34.4255 51.9294 2.75754
147 62.6265 30.3372 1.92958
148 77.5947 88.5072 1.19885
149 39.2356 84.0625 2.3255
150 52.0693 53.0372 2.31928
151 1.77957 0.186146 -3.13825
152 49.9497 47.5257 2.29779
153 53.1205 63.4319 2.79998
154 71.6216 58.015 2.32005
155 6.73026 15.9878 0.524861
156 31.4411 75.7455 2.39022
157 22.3175 51.9387 2.2582
158 1.98506 24.4021 1.4962
159 32.2712 94.1986 1.52376
160 58.8123 32.6877 1.05048
161 34.4171 95.9696 1.25896
162 38.374 82.9844 2.36472
163 74.2549 11.8805 1.73222
164 95.5936 20.8828 2.34358
165 34.4156 81.0163 2.65993
166 71.6554 14.7856 1.35223
167 82.4169 90.4106 1.60174
168 44.3603 79.7541 1.91825
169 88.1278 20.9837 1.63232
170 23.7482 11.6933 0.397365
171 52.2449 75.5317 2.22328
172 32.4316 50.0825 2.74575
173 54.5811 51.1997 2.5585
174 95.3739 25.494 2.19521
175 97.147 0.708178 2.82646
176 66.9553 98.0632 1.45856
177 38.4378 45.596 2.95088
178 69.0591 21.7684 1.26295
179 50.2397 70.8644 2.73641
180 54.2486 76.5967 2.32835
181 31.1778 89.566 1.90924
182 44.0379 72.3951 2.37112
183 25.0728 36.8669 3.03518
184 61.826 78.14 1.66833
185 98.6898 19.9405 2.09095
186 52.4761 59.3269 2.80925
187 34.0319 10.5466 1.87136
188 24.804 52.185 2.81188
189 51.0406 87.6304 2.14537
190 98.3243 24.7133 1.75621
191 66.5432 89.462 1.49547
192 44.9282 40.715 2.85681
193 58.449 70.7117 2.5729
194 43.6665 48.1849 2.13553
195 49.7559 74.7781 2.12274
196 35.7273 44.6542 3.39771
197 47.0662 48.9865 1.99084
198 59.0093 77.0765 1.56962
199 19.491 13.525 0.395659
200 58.2171 78.3663 2.50406
201 72.0525 92.22 1.60425
202 68.9922 23.7677 2.00855
203 37.9166 96.5283 1.18563
204 2.50209 22.2661 1.44412
205 81.6985 89.8829 1.43266
206 41.0224 47.0253 2.59678
207 38.0474 55.2144 3.07642
208 34.2007 85.2514 2.23482
209 30.9399 9.99841 1.5453
210 43.8622 81.1389 2.7501
211 52.4118 59.476 2.03509
212 6.26895 12.0824 0.997755
213 0.400168 97.1619 -2.57201
214 24.2046 48.5803 2.29872
215 38.7122 60.1792 3.01751
216 58.7514 59.7075 2.11449
217 49.7917 73.8824 2.50854
218 48.8231 91.7643 2.02268
219 44.4074 88.5367 2.16161
220 76.517 90.4652 1.83024
221 62.6568 72.8292 2.49258
222 75.5585 90.9264 1.76845
223 73.2576 26.2617 1.13795
224 64.5524 20.3318 1.37992
225 69.2836 95.9206 1.30744
226 17.448 6.63477 0.525111
227 55.9014 63.5676 2.12848
228 50.7797 52.8499 2.07263
229 56.8547 57.4808 2.35091
230 29.9012 51.8305 2.89347
231 47.4532 80.4427 2.54505
232 56.9847 71.7924 2.20682
233 39.9855 52.4139 2.32785
234 37.5069 49.3864 2.80764
235 39.741 67.6051 2.95375
236 69.85 56.8489 2.09205
237 67.8318 96.1376 1.53064
238 44.988 72.446 2.34368
239 38.2828 75.6598 2.5699
240 49.2296 80.8621 2.33787
241 30.7069 75.0635 2.88553
242 55.069 61.9192 1.84511
243 57.2039 78.1325 2.44085
244 33.7381 96.3863 1.49466
245 55.7865 65.7773 2.12533
246 52.9709 56.7136 1.94418
247 98.4387 23.0356 2.30706
248 35.9655 70.2088 2.1713
249 46.3214 45.219 2.48815
250 44.953 79.7524 2.36532
251 49.3088 88.3138 1.88248
252 69.8678 26.3398 1.19897
253 59.875 21.1912 1.67309
254 51.4777 50.5262 2.43692
255 39.8908 82.3449 1.97452
256 54.1972 59.6085 2.4351
257 47.909 50.2699 2.57645
258 31.1799 79.0278 2.01967
259 38.6439 67.2238 2.45739
260 12.0167 6.04432 -0.0941167
261 37.0545 72.8817 2.94496
262 55.1601 54.53 2.07906
263 55.5621 70.6225 1.7231
264 62.1841 31.3784 1.16081
265 49.5605 50.8674 2.65148
266 37.3335 40.8374 3.4455
267 50.4164 80.6666 1.76141
268 35.2476 48.1065 3.15527
269 46.2126 81.827 2.6758
270 42.4456 72.9853 2.14025
271 41.5739 70.451 2.37269
272 98.6548 96.9089 2.27666
273 36.8233 48.4136 3.00255
274 43.4818 58.6406 2.56845
275 53.3402 54.5584 2.05486
276 38.1775 36.5781 -3.55565
277 58.3463 76.0794 2.06523
278 81.3983 26.9018 1.31968
279 55.1095 62.5015 2.43817
280 49.0067 78.3919 2.20338
281 51.0522 56.7419 2.70062
282 39.6241 71.3003 2.11258
283 85.5825 89.4935 1.14378
284 70.266 53.4947 1.90467
285 56.0722 79.8191 2.10976
286 27.9529 56.2078 2.28898
287 49.6249 55.4288 2.44019
288 40.4479 92.385 1.28395
289 66.24 53.6208 2.24502
290 41.8594 53.8288 2.35209
291 25.4218 32.1447 2.88941
292 4.00168 15.624 0.504709
293 38.9446 53.6149 2.84839
294 42.5616 68.9227 2.49172
295 52.4663 75.0991 1.94462
296 63.7925 78.5161 1.53623
297 70.3084 60.6639 2.43436
298 35.0777 77.0911 2.92809
299 72.4535 91.805 1.11492
300 44.7859 52.2196 2.95829
301 44.0761 82.7946 2.1887
302 33.5933 46.3139 3.28477
303 51.5931 56.2275 2.03561
304 27.8816 85.3622 1.86535
305 50.891 87.4379 1.89433
306 62.3412 27.0315 1.15661
307 67.748 93.9203 1.70136
308 38.2503 76.6446 2.23139
309 40.6577 56.6512 2.81419
310 66.41 28.5335 1.44426
311 34.718 58.687 3.147
312 56.0918 67.223 2.09835
313 0.960013 98.8276 -2.86628
314 42.6015 84.7873 2.00247
315 53.3786 61.008 2.15847
316 56.2067 73.6592 1.71592
317 40.7933 73.6864 2.77762
318 67.5905 94.5709 1.63416
319 73.2933 92.1005 1.64571
320 76.7643 90.2856 1.97333
321 42.9042 86.0049 2.66805
322 77.5157 86.7502 1.50597
323 42.8862 77.1746 2.43328
324 18.7318 8.95259 0.828559
325 58.5264 58.9863 2.27495
326 49.1145 50.5433 2.29963
327 41.0748 50.6136 3.03661
328 84.7744 87.1098 1.89676
329 73.3915 0.818926 1.08813
330 1.35901 97.082 -3.40751
331 67.2931 31.7284 1.8771
332 21.9225 8.89844 0.454686
333 61.0831 79.053 2.23172
334 33.7884 61.6906 2.20087
335 70.0286 91.3753 1.70007
336 79.3931 89.5411 2.02965
337 36.8236 70.0153 2.15754
338 60.8006 61.5962 2.54732
339 46.0886 51.8894 2.48707
340 30.0506 46.6479 2.66696
341 37.8168 77.7695 2.90738
342 44.5333 80.5155 1.96207
343 57.6699 60.084 2.16173
344 53.3549 55.9662 2.44064
345 76.1134 20.112 1.58395
346 31.9644 58.3089 2.23792
347 13.3576 4.58814 -0.542717
348 26.2392 55.4633 2.42671
349 99.0519 22.2305 1.54627
350 51.9121 59.7931 2.42146
351 30.3162 85.0325 2.64928
352 96.1584 30.5221 1.87672
353 74.5161 24.3848 1.23119
354 44.4703 44.6169 2.88376
355 52.6548 48.896 2.03052
356 81.1442 86.0646 1.41856
357 97.7016 21.5096 1.83434
358 47.907 78.069 2.15236
359 37.9008 53.1008 2.53579
360 38.7997 86.0116 2.1763
361 34.2226 40.3406 -2.68511
362 48.1867 74.5607 1.88839
363 51.9366 54.9006 2.37484
364 70.4957 30.7547 1.22786
365 53.5445 68.2369 1.88836
366 55.8097 78.0418 2.07384
367 81.1789 90.808 1.69389
368 32.3509 50.0781 2.42215
369 4.14262 96.9586 -3.49249
370 62.3063 23.8184 1.68673
371 41.8366 82.2836 1.90869
372 46.8057 70.9636 2.50892
373 59.7602 82.1061 1.98224
374 45.1424 83.7245 2.63008
375 61.5947 75.745 2.22741
376 48.5619 75.7571 2.57791
377 0.251686 0.296648 -2.87266
378 42.2659 55.8945 2.10584
379 78.1099 93.0928 1.31683
380 52.2509 53.0846 2.78359
381 16.1416 12.4186 0.755542
382 53.1721 76.9196 1.67636
383 77.385 17.8984 1.87519
384 54.7804 70.696 2.07508
385 76.3816 26.3586 1.21495
386 56.4215 29.507 1.12939
387 33.6031 37.8554 3.04509
388 59.4703 56.8015 2.49011
389 38.0715 53.2064 2.21264
390 33.7989 78.3817 2.85132
391 41.9952 76.1529 2.9573
392 39.4698 52.7553 2.29885
393 58.7949 62.5923 1.87522
394 54.0681 79.3247 1.81924
395 46.183 76.994 2.46472
396 45.2836 87.2318 2.66232
397 48.3008 79.8823 2.38501
398 2.09568 98.1866 -3.38561
399 32.8109 74.8702 2.50358
400 34.7973 70.3085 2.62887
401 22.7194 5.9244 0.157543
402 43.8526 42.6962 2.22378
403 53.7227 75.2065 1.6844
404 45.4073 54.4513 2.5323
405 93.5782 30.8087 1.52775
406 28.1438 47.7243 2.92244
407 55.1353 79.7787 2.20182
408 40.2203 61.6045 2.93513
409 84.4543 89.3242 1.49131
410 36.7043 72.7594 2.60949
411 48.3261 81.9484 1.8716
412 52.9913 47.9956 2.48824
413 36.1164 73.1698 2.87809
414 57.1453 61.717 2.62196
415 89.828 19.1717 1.95923
416 57.9627 74.7936 2.35336
417 35.5487 71.1921 2.15767
418 47.6868 82.6931 2.14088
419 74.3885 17.5481 1.57268
420 37.275 51.2193 2.62969
421 46.6307 81.7433 2.38698
422 39.1697 71.1263 2.90023
423 74.9092 86.739 1.5069
424 46.0162 87.9613 2.3887
425 51.4187 71.0724 2.26533
426 12.737 9.63776 0.116623
427 45.4647 84.6809 1.80523
428 48.3384 57.2533 2.01344
429 53.0065 54.5079 2.18787
430 26.5257 91.4255 1.95528
431 61.993 74.5649 1.99563
432 41.073 83.9424 1.84405
433 85.7719 86.6723 1.62784
434 43.1914 52.7674 2.92976
435 71.2147 28.8658 1.08668
436 33.6442 91.4035 1.34535
437 37.4036 47.6942 2.86995
438 72.6287 97.3642 1.28235
439 79.0292 92.2268 1.35856
440 54.3399 49.5743 2.04255
441 26.3325 47.9066 2.73431
442 51.5579 80.1863 2.12943
443 17.2841 16.4649 0.280794
444 55.0125 67.1439 2.46957
445 90.073 24.9821 1.87155
446 77.0696 25.8006 1.62332
447 30.2536 55.8238 2.09736
448 50.1252 76.8955 2.08105
449 62.9177 53.6242 2.90217
450 38.8238 78.0738 2.69963
451 42.5649 45.0499 3.05346
452 46.5701 87.0088 2.42123
453 51.2618 49.2829 2.50382
454 50.7079 85.4861 1.8687
455 85.135 19.6031 1.23115
456 33.6208 67.9547 2.70695
457 42.7438 71.7227 2.15111
458 45.1678 67.9837 2.39544
459 99.1981 17.4609 2.06969
460 39.6689 50.5508 2.98353
461 65.2116 24.3107 1.18804
462 56.0312 65.455 2.25554
463 45.1737 73.4925 2.82641
464 65.3065 70.8424 1.73046
465 38.9209 75.3202 2.03831
466 56.5246 58.5071 2.10852
467 80.8597 90.258 1.29598
468 33.5059 48.8551 2.41573
469 31.9282 85.8408 2.35043
470 25.3042 95.7552 1.13953
471 44.3367 55.4657 2.85989
472 57.8013 67.4283 1.89951
473 57.9991 75.4993 1.89206
474 20.5201 12.7446 0.607843
475 29.842 52.1523 2.71882
476 98.0736 20.93 1.68628
477 54.4632 56.8014 1.87641
478 34.6453 86.9918 1.64491
479 74.0735 19.0968 1.09221
480 36.0852 58.3864 2.88726
481 80.9779 85.6612 1.77234
482 43.8499 43.1101 2.62515
483 35.9024 76.7305 2.24008
484 33.1968 52.5845 2.39414
485 27.6701 39.0733 2.83573
486 57.6171 55.0182 2.44716
487 53.9738 56.3891 2.78213
488 31.3443 74.2612 2.09351
489 71.4308 18.1914 1.69116
490 79.4362 22.8108 1.5267
491 46.9426 50.9459 2.77424
492 58.6576 70.4141 2.55306
493 51.0017 60.4303 2.13547
494 45.1599 44.7298 2.90218
495 39.105 55.3137 3.0408
496 49.8777 79.7574 1.96595
497 45.6777 82.7249 2.04925
498 55.7535 52.8077 2.05294
499 72.5706 0.460287 0.0378485
