500
Particles
0 53.3586 52.0679 -1.61398
1 2.32258 15.0308 0.176819
2 99.55 20.4359 1.02812
3 79.9259 47.3346 -1.91455
4 1.22725 3.45078 0.918987
5 16.8519 23.867 1.00202
6 9.41486 14.5678 0.412514
7 62.9218 0.0726384 0.093008
8 67.228 47.3142 -1.03017
9 68.8309 53.2375 -1.15935
10 78.5734 32.5891 -2.838
11 59.6539 96.4727 -0.379398
12 88.5252 34.1071 1.80212
13 53.4554 12.3351 -2.25943
14 4.60906 4.12922 0.0410172
15 92.762 37.713 1.44459
16 85.6171 48.8507 -2.15286
17 61.6637 19.8816 -3.3282
18 4.55972 13.294 0.45236
19 98.5325 91.1996 0.754669
20 77.9047 47.3538 -1.81131
21 11.4299 12.1609 0.749495
22 70.5309 25.5874 -2.85779
23 63.6906 22.7397 -2.90469
24 9.84741 67.4219 -2.90065
25 15.3729 28.6385 0.616571
26 28.5384 21.0855 1.67603
27 64.9834 92.7059 -0.100974
28 51.9621 54.3298 -1.89597
29 64.7404 22.9241 -3.52593
30 3.53722 24.2411 0.693129
31 94.4109 78.2783 0.838053
32 75.9915 42.4184 -2.18452
33 100.135 19.3341 1.03673
34 69.704 34.9597 2.84321
35 48.0689 52.125 -2.33978
36 59.8798 99.6539 -0.165498
37 10.5265 18.3692 0.386751
38 92.549 27.1043 1.2142
39 99.3777 5.54735 0.735759
40 73.5639 24.99 -2.96464
41 53.288 13.4299 -2.06281
42 64.3485 53.3252 -1.86472
43 95.5485 46.3356 2.05593
44 2.99361 19.4223 0.825729
45 71.8135 56.9941 -1.57277
46 56.9725 55.4319 -1.50115
47 59.8821 15.7714 -3.365
48 65.0792 45.09 -1.1791
49 16.5708 23.4724 1.01314
50 74.8769 48.935 -1.87581
51 58.2827 58.7609 -1.52465
52 4.58382 64.5842 -1.18665
53 60.3348 96.4988 -0.160721
54 65.3032 23.8524 -2.86501
55 48.0323 8.34547 -2.67829
56 64.9407 33.8909 2.89653
57 32.7222 49.3993 1.29721
58 62.7226 26.4387 3.13357
59 16.5229 26.4867 0.642184
60 8.05147 19.4684 0.259262
61 63.1466 49.4109 -1.41654
62 49.1148 57.0156 -1.77317
63 0.899469 11.8369 -0.0298507
64 6.2081 17.8258 0.224706
65 45.7503 18.4353 -2.52477
66 10.2102 22.3894 0.223793
67 44.6752 42.6141 -0.868149
68 44.0976 13.8207 -2.29153
69 52.5599 60.7913 -2.17507
70 10.2875 16.3283 0.778079
71 35.683 27.6657 2.35742
72 6.145 19.5162 0.684668
73 51.8921 35.8345 -1.04605
74 35.6294 22.5196 2.77132
75 52.8073 2.90347 -1.04456
76 49.4103 61.4491 -2.0898
77 7.35488 15.918 0.159163
78 4.59658 22.5737 0.362557
79 7.43775 11.6407 0.108833
80 48.635 62.2672 -2.10287
81 8.41402 22.6615 0.60587
82 30.8191 83.0067 0.996655
83 8.08364 7.76726 0.365118
84 25.684 36.3523 0.332621
85 44.9249 54.2614 -2.15294
86 40.3262 72.3724 -2.11325
87 43.7928 9.46174 -2.93943
88 7.50874 99.5498 0.0524604
89 27.7313 21.3428 2.03728
90 47.9354 97.5953 0.0324352
91 93.9585 77.6515 0.912017
92 43.4809 8.21906 -2.83029
93 63.0973 26.6265 -3.408
94 73.4711 38.1514 -2.94401
95 51.6521 54.9567 -1.49176
96 6.92698 15.8963 0.754963
97 10.9201 20.0245 0.84204
98 30.2886 22.027 3.02222
99 79.7044 40.1586 -1.93904
100 4.79099 63.4124 -0.730585
101 3.42519 14.5171 0.200104
102 68.7227 48.033 -1.55883
103 41.2495 30.6352 -1.38539
104 59.9819 52.0637 -1.67572
105 48.3861 95.9759 0.0348311
106 63.8758 35.0691 2.91701
107 59.2704 40.6545 -1.9943
108 61.1077 56.9018 -1.6981
109 61.0964 43.8251 -1.1552
110 87.129 31.3851 1.8716
111 11.3766 17.4847 0.828592
112 72.3815 47.8888 -1.52529
113 57.426 24.1247 -3.30862
114 93.3152 41.8506 1.75712
115 46.0987 41.1202 -1.81943
116 7.8057 24.5079 0.442529
117 25.3367 29.6265 0.576698
118 83.5361 47.1669 -2.59224
119 62.8381 26.6263 -2.99364
120 25.2981 27.2263 0.293481
121 74.4406 44.746 -1.6914
122 72.524 38.7033 -2.74808
123 2.14174 13.8209 0.14067
124 48.384 14.1893 -2.37173
125 46.4168 17.7943 -2.66806
126 87.2729 73.6869 1.0108
127 47.9254 14.2552 -2.10504
128 9.85053 68.3958 -2.53083
129 55.4691 52.0151 -2.1543
130 54.4951 59.4308 -2.26481
131 78.8617 30.8194 -2.62668
132 55.3271 96.0298 0.0271173
133 52.5115 98.3035 -0.648802
134 18.6035 22.6089 0.586769
135 13.3876 15.845 0.91181
136 37.6466 20.551 2.98518
137 12.1891 17.474 0.81519
138 71.3626 41.472 -2.26123
139 45.8604 60.5196 -1.79897
140 68.0049 50.126 -1.06178
141 45.2249 18.7828 -2.73694
142 8.9328 6.78699 0.267286
143 72.4467 56.8556 -0.897662
144 11.1277 19.252 0.569679
145 56.3017 38.288 -1.25144
146 55.2478 57.5663 -1.7038
147 97.7722 18.6446 0.546295
148 52.7221 58.1774 -2.44015
149 10.2351 22.4132 0.442823
150 62.29 52.7377 -1.70908
151 50.8247 55.3507 -2.0236
152 40.2345 24.6755 2.67365
153 60.4129 53.0525 -1.38
154 73.8473 56.7053 -1.34006
155 54.7093 -0.0392154 -0.891202
156 69.4439 48.6405 -0.929712
157 65.4834 60.0773 -1.91313
158 24.7805 22.7297 1.11919
159 89.1351 38.6759 2.05439
160 3.5596 22.1158 0.6937
161 90.746 75.439 0.96319
162 72.4811 51.0848 -1.26688
163 46.9207 11.3132 -2.20982
164 17.7599 77.3846 0.0350568
165 48.2558 50.2737 -1.91262
166 43.1463 15.1531 -3.08437
167 15.8962 17.383 0.984087
168 3.92233 14.5151 0.577551
169 1.76717 47.8678 0.733834
170 98.8971 16.3363 0.295634
171 8.65925 14.7733 0.573712
172 52.4552 39.2797 -1.39593
173 68.0643 50.8338 -1.28161
174 12.6643 25.0017 0.45454
175 89.8536 79.5848 1.40786
176 90.6144 38.7138 1.50412
177 43.5668 55.8132 -1.61497
178 1.37795 50.8532 1.12321
179 51.4903 54.183 -1.96842
180 56.3003 24.9162 2.76587
181 72.2787 52.4139 -1.45308
182 63.9454 34.6723 2.81145
183 91.5991 17.2545 1.13574
184 14.8703 32.0994 0.640667
185 56.4325 4.54746 -1.4131
186 72.1317 38.9761 -2.69933
187 71.3971 48.1785 -1.24359
188 0.99449 10.161 0.37921
189 5.73308 23.2605 0.746547
190 7.19788 26.6727 0.59165
191 10.75 20.9945 0.443821
192 45.7011 54.2036 -1.58808
193 62.2671 46.9993 -0.798136
194 35.1275 22.5501 2.36345
195 7.58313 14.8517 0.758041
196 20.8698 22.3631 1.02473
197 43.0078 71.5638 -1.65243
198 33.2391 78.5036 0.761874
199 24.0399 21.6396 0.897015
200 12.8841 13.9862 0.206911
201 96.7838 3.70893 0.987931
202 4.12636 66.7146 -1.29583
203 63.8238 66.9339 -1.67863
204 14.1889 23.1075 0.410238
205 54.7443 39.0278 -0.89546
206 28.7603 46.9806 1.40842
207 20.9971 27.781 0.129692
208 14.1619 33.8712 0.841599
209 86.2712 35.8569 2.23787
210 6.44314 16.6021 0.381896
211 73.5457 30.5913 -3.08877
212 54.0345 97.1726 -0.776135
213 54.1319 60.9763 -1.8774
214 4.68811 8.98987 0.454757
215 58.6984 29.9467 2.89892
216 70.1831 60.8087 -1.23863
217 10.1976 13.8672 0.0113719
218 64.268 62.8279 -1.76029
219 64.6183 20.7741 -2.8081
220 23.6303 12.6872 1.93696
221 63.1111 60.8911 -2.03186
222 8.71375 18.0425 0.697354
223 53.8351 4.1391 -1.58544
224 81.1237 44.6827 -2.06665
225 61.4853 97.0929 -0.296064
226 67.1896 54.1634 -1.11229
227 67.1882 46.1039 -1.17283
228 43.6273 73.2464 -1.59331
229 65.1289 56.1823 -1.90684
230 51.8315 12.1244 -2.41688
231 6.74017 18.345 0.200494
232 93.5986 75.9799 0.915397
233 37.2325 29.321 -2.61245
234 22.2455 23.804 0.600417
235 65.7266 32.618 2.48458
236 66.3807 49.5634 -1.47786
237 6.79506 22.2458 0.576939
238 66.0672 25.5814 -3.39402
239 2.98547 6.38502 0.281416
240 87.3141 34.7201 1.93251
241 6.40796 21.906 0.222791
242 60.6454 58.7215 -2.06022
243 10.729 16.3445 0.519861
244 90.4856 71.6296 1.0383
245 60.783 58.4531 -1.66339
246 76.6787 36.136 -2.85928
247 49.6141 15.7232 -2.10881
248 5.03166 7.11635 0.590025
249 10.2157 23.4405 1.0203
250 67.0997 87.871 -0.753395
251 2.04915 23.1958 0.357018
252 62.9943 0.70421 -0.358501
253 55.3214 6.6926 -1.72578
254 77.7465 31.8076 -2.44964
255 9.76961 23.2773 0.940275
256 60.8765 57.4273 -1.94361
257 75.6773 37.7358 -2.05316
258 72.3876 49.0287 -1.57705
259 65.6124 35.6924 2.3634
260 19.1515 22.5482 0.244755
261 57.3109 19.1109 -2.93167
262 69.8926 54.2915 -0.889204
263 41.4253 61.9692 -2.05899
264 1.43848 19.4771 0.898204
265 41.3757 27.7384 -2.48084
266 46.241 55.9892 -1.63135
267 5.69468 17.2404 0.305491
268 66.908 19.4897 -3.23527
269 60.0513 93.0721 0.161855
270 62.5753 28.4733 3.20206
271 65.8481 34.7433 2.45795
272 45.8262 72.3334 -1.33524
273 20.684 24.3166 1.14513
274 42.0772 59.4572 -1.86398
275 63.3331 50.9754 -1.56334
276 32.5868 20.9895 2.93206
277 51.0818 38.3723 -1.42029
278 100.092 14.601 1.055
279 62.8017 60.554 -1.40049
280 8.96721 5.50635 0.292206
281 72.4788 42.936 -1.80427
282 63.565 24.8014 -2.68994
283 15.3007 21.1174 0.421945
284 7.36638 22.9652 0.636713
285 9.8159 15.5818 0.727656
286 49.1973 14.7985 -2.40626
287 73.971 35.6498 -2.87427
288 81.3111 43.9938 -2.04295
289 2.82139 19.5301 0.351253
290 60.704 48.1771 -1.30672
291 3.11621 16.4158 1.01051
292 97.7831 48.4231 1.6389
293 40.7064 58.4651 -1.54614
294 66.0408 24.1823 -2.92946
295 64.3463 3.42072 -0.281329
296 14.8614 32.3468 0.0372674
297 70.8582 52.7009 -1.66515
298 4.07445 17.7908 0.553152
299 13.9741 18.7023 0.992707
300 43.0462 52.7853 -2.12853
301 9.82829 20.5293 0.264904
302 95.4297 26.6997 1.84332
303 68.3263 43.2833 -1.6153
304 1.70216 12.8487 0.977198
305 7.12498 24.1324 0.50948
306 60.0524 99.4568 0.170733
307 4.2467 20.4407 0.767999
308 58.8625 23.4004 3.33872
309 44.8844 58.927 -2.02162
310 62.8799 95.5983 -0.756673
311 56.766 10.4819 -2.70037
312 60.1648 59.7368 -1.30426
313 49.5521 55.1404 -2.2894
314 88.3842 47.8997 -2.53668
315 63.352 48.6564 -1.08863
316 11.8542 16.0602 1.00029
317 9.53348 9.48472 0.585417
318 87.528 36.6426 2.08744
319 9.79268 19.2211 0.820758
320 9.32373 19.1701 0.747821
321 63.9173 19.5298 -3.17262
322 10.5019 16.8491 0.324178
323 6.71747 11.2266 0.646664
324 5.11158 23.0886 1.13867
325 66.037 56.0473 -1.15506
326 76.9612 33.1754 -2.42882
327 46.0896 58.8693 -1.64592
328 13.2816 34.5101 0.977052
329 77.8244 43.8666 -2.15505
330 51.6885 56.8483 -1.97681
331 54.9426 96.8003 -0.600979
332 76.1266 43.7458 -2.40443
333 29.3778 79.0244 1.0873
334 99.6899 5.20367 0.921667
335 10.8324 19.4011 1.01573
336 17.4072 14.0486 0.164521
337 3.22248 5.21831 0.0726513
338 65.0329 54.1511 -1.41897
339 75.2306 33.9663 -3.05276
340 5.23942 14.9453 0.137612
341 1.87673 10.1784 0.152648
342 4.27981 14.8202 0.682682
343 67.7705 59.8035 -1.78632
344 69.2425 45.2723 -1.42506
345 97.126 45.1391 1.25444
346 53.686 14.1513 -2.59393
347 33.5988 22.3548 2.29528
348 3.82931 8.5146 0.870122
349 5.48535 24.9462 0.519985
350 62.33 56.2836 -2.03592
351 69.2948 49.8843 -1.57702
352 0.843387 17.1991 0.664708
353 53.0237 2.0143 -1.4838
354 37.9331 24.6373 2.8043
355 79.3038 33.9031 -2.46401
356 77.3692 42.2711 -2.56547
357 57.6588 96.4649 -0.76704
358 59.9289 25.0202 2.63892
359 22.7117 28.332 0.712425
360 75.7024 60.4483 -1.32003
361 11.9248 26.1443 0.56757
362 8.13755 15.8427 0.0786516
363 43.2003 69.1741 -1.97257
364 0.745911 20.3042 0.609678
365 55.7178 55.0882 -1.71401
366 13.2014 14.9694 0.156836
367 58.741 41.8102 -1.92972
368 53.5262 56.5875 -1.90201
369 97.6064 42.8671 1.80118
370 89.8941 34.4946 1.91875
371 10.5571 23.1443 0.756488
372 66.7444 25.0494 3.00828
373 55.4881 26.8578 -2.66533
374 2.26814 22.2168 1.20013
375 56.3203 53.8438 -1.32598
376 62.3204 41.3751 -1.73185
377 42.2761 36.8851 -0.820593
378 59.2675 57.2256 -2.00462
379 22.9709 15.7021 1.87089
380 66.123 53.4153 -1.77239
381 34.9604 21.5344 3.07999
382 7.68192 14.8942 0.514124
383 4.32044 56.4976 0.761613
384 25.3388 31.7657 0.00984811
385 64.294 94.6888 -0.0601174
386 58.8734 0.783765 -0.9259
387 42.9829 52.6314 -2.27965
388 69.5169 54.8859 -1.01925
389 20.9484 24.4868 0.465162
390 3.3435 16.5032 0.734486
391 61.5651 23.2884 -3.11313
392 91.2941 30.9204 1.31241
393 65.1858 58.1816 -1.65674
394 9.76161 15.9515 0.415679
395 58.2373 21.3356 -2.91787
396 63.0172 19.8248 -2.81953
397 14.0033 21.9374 0.531154
398 81.1318 32.6723 -2.63643
399 44.4031 39.8365 -0.918245
400 6.1325 3.78044 0.244173
401 45.7073 12.0896 -2.38942
402 45.1301 68.0582 -2.09059
403 6.97347 13.0126 0.094483
404 29.5088 46.0924 1.55685
405 100.106 15.034 0.747291
406 50.7646 12.1583 -2.96889
407 9.56114 14.4579 0.277639
408 53.8685 24.1987 -3.57243
409 15.5608 16.6291 0.557525
410 4.15174 5.42386 0.670034
411 93.9544 41.1237 1.59614
412 48.4918 65.6408 -1.39383
413 59.4792 17.9999 -3.03119
414 63.3383 55.703 -1.36488
415 96.797 48.1276 1.58282
416 13.1138 30.5678 0.585157
417 8.08436 6.8312 0.681438
418 8.42547 16.6592 0.699258
419 2.37667 93.3006 0.436783
420 25.6841 27.7051 0.0895333
421 3.24298 14.2904 0.675894
422 63.8792 30.472 3.05016
423 46.2551 25.5389 -1.92947
424 90.891 40.0085 2.30276
425 10.5098 12.8006 0.579571
426 47.2424 39.1561 -1.651
427 2.2755 22.2582 0.218536
428 60.0149 55.5586 -1.2438
429 66.4172 54.9561 -1.60999
430 90.6931 73.8175 1.23461
431 58.5352 54.757 -1.43828
432 69.2978 48.1505 -1.64866
433 49.0543 42.0039 -1.57264
434 72.6621 31.7008 -2.52698
435 97.811 17.8935 1.0886
436 70.9225 54.24 -0.764779
437 31.2972 26.0822 2.85056
438 97.5015 4.38809 0.707294
439 50.2439 40.1108 -1.29205
440 39.798 19.8244 2.90226
441 15.8943 81.6084 0.487185
442 7.41483 18.3203 0.842989
443 35.7181 25.641 2.71559
444 62.5161 56.0708 -1.58337
445 7.42527 25.3212 0.791051
446 54.1708 9.21256 -2.57314
447 51.5009 16.2108 -2.6497
448 93.4485 38.7916 2.35088
449 8.83384 22.2405 0.593178
450 6.10601 10.3922 0.452427
451 46.8112 62.9284 -1.3369
452 5.79219 23.9819 0.883189
453 68.9113 51.5369 -0.802868
454 60.7059 33.3154 2.86744
455 39.3428 14.8506 -3.33322
456 2.10998 4.39267 0.4325
457 65.977 28.3911 3.20514
458 80.4713 49.6747 -2.50271
459 45.8013 24.7758 -2.13717
460 18.5718 23.4555 0.525125
461 49.4393 97.0809 -0.868009
462 62.8252 57.8906 -1.80425
463 64.3872 40.5177 -2.1611
464 63.9926 62.8728 -1.57268
465 60.9899 24.5455 -3.16873
466 67.1386 57.7904 -1.18545
467 10.6569 17.9064 1.00117
468 15.6272 27.1468 0.784276
469 68.0857 53.0778 -1.00452
470 2.71025 13.4844 0.809853
471 61.157 58.642 -1.28729
472 61.5192 59.9049 -1.92953
473 55.4726 30.0476 -3.26384
474 92.1871 37.5938 2.11369
475 52.3007 12.8649 -2.9125
476 54.5807 99.2873 -0.939703
477 30.2213 51.3732 1.52645
478 92.0149 79.1863 0.873622
479 99.0723 45.7791 1.73197
480 66.0011 26.1586 2.72468
481 15.7434 31.6802 0.763749
482 33.115 21.3261 2.80349
483 5.99821 12.5556 0.460092
484 92.4575 30.024 1.48037
485 94.9851 25.9329 1.41121
486 68.6598 51.1011 -0.892678
487 72.7944 59.6098 -1.54662
488 46.4832 46.1528 -1.40799
489 43.0117 15.0403 -2.56074
490 64.1981 1.80671 -0.249502
491 73.8107 40.0308 -2.28277
492 60.1898 56.8811 -1.30237
493 69.1818 41.6705 -2.20903
494 76.0455 35.152 -3.16845
495 37.4904 51.0815 0.893573
496 9.30059 20.9272 0.281748
497 91.2247 34.5716 1.75722
498 66.3227 55.6802 -1.76872
499 46.0484 22.0647 -1.99599
