500
Particles
0 56.5461 78.2488 -1.10021
1 83.2493 96.4071 1.369
2 80.8567 1.59011 0.552952
3 3.29284 41.4039 2.60016
4 80.8563 86.035 1.21455
5 99.375 3.90776 1.4716
6 91.8474 95.2871 0.827295
7 40.7703 10.1733 -0.643948
8 64.788 73.9088 -1.19305
9 66.0359 79.898 -1.57726
10 91.123 12.9949 1.21054
11 33.6526 95.344 0.749424
12 89.9562 8.10038 1.3441
13 76.7385 23.8376 -2.04875
14 84.7039 86.9739 1.02669
15 98.2736 12.4812 1.73765
16 9.44208 43.0478 2.7513
17 87.0017 19.8456 -2.37945
18 85.6535 94.7999 0.517755
19 78.8217 76.2196 -0.0164816
20 0.879092 44.0502 3.2865
21 94.7028 92.1555 1.25268
22 87.9258 10.2807 1.29562
23 89.7964 22.4084 -2.40583
24 33.6634 65.2921 -2.39257
25 99.044 8.27346 1.05766
26 15.9621 4.45551 0.919582
27 43.6469 8.48571 -0.607548
28 52.1736 80.9117 -1.30248
29 91.2247 21.9685 -2.79178
30 86.3215 4.05945 0.69615
31 76.3477 62.1901 0.0254161
32 98.5813 43.7285 2.21795
33 82.2317 99.814 0.735092
34 95.3152 36.1754 -2.25112
35 48.0741 77.255 -2.73701
36 34.6348 100.207 0.567897
37 92.988 98.2998 1.27529
38 81.0415 3.39829 0.963468
39 79.9677 86.8857 1.15308
40 82.6287 6.48592 0.646751
41 75.1888 27.6967 -2.57248
42 63.4457 80.2653 -1.16492
43 96.9286 19.4308 1.69962
44 84.6442 0.406947 0.487485
45 67.8073 83.7159 -1.69902
46 57.5545 82.3472 -0.917816
47 82.6186 10.3754 0.910853
48 62.5617 71.7581 -1.83728
49 99.2606 2.82215 1.09537
50 71.5994 75.0509 -1.63535
51 60.7729 85.199 -1.48836
52 86.7121 77.5738 0.168577
53 34.74 95.4078 0.0857835
54 91.3699 17.9749 1.74111
55 51.7788 14.3978 -0.603459
56 90.5515 33.324 -2.5931
57 24.0227 25.0516 1.15102
58 88.4089 27.7589 -2.47156
59 99.4819 6.29641 1.6371
60 91.607 98.6178 0.482668
61 61.2414 76.3159 -1.9555
62 52.2897 83.4893 -1.41931
63 81.1185 94.2789 0.588256
64 88.4397 98.4832 0.367654
65 61.3728 39.8292 -1.03261
66 91.9092 3.32481 0.647053
67 42.8532 69.1263 -1.45608
68 60.0293 34.7589 -2.03503
69 55.4322 87.2826 -1.0691
70 92.6393 96.1654 0.72393
71 52.4828 41.5059 -1.54505
72 89.035 99.0448 0.694006
73 50.1265 62.3309 -1.7156
74 49.7996 27.4401 -2.4844
75 53.1599 10.9239 -0.958208
76 54.526 87.8543 -1.4808
77 87.3056 98.0716 1.05922
78 87.1954 2.34188 1.05198
79 89.1444 92.9741 0.533055
80 53.8952 88.4983 -1.70497
81 90.7475 2.11054 1.40515
82 11.4564 68.1085 0.479804
83 87.9375 91.4889 0.993934
84 2.61616 27.1942 0.791651
85 38.315 78.9691 -0.897592
86 50.4136 96.6877 -1.92218
87 55.9882 28.5716 -1.29633
88 87.1689 84.2345 0.681362
89 15.0254 5.2675 1.51641
90 21.9674 98.8756 -0.0970141
91 75.8874 61.2766 -0.231439
92 49.9556 12.93 -0.574162
93 89.0781 27.5053 -1.87002
94 65.1559 56.2227 -0.0526087
95 53.682 81.6665 -1.18309
96 90.7306 95.0138 1.01081
97 93.9916 99.2395 0.81069
98 20.7478 3.28798 0.81888
99 2.61297 37.9496 3.05796
100 86.4991 74.9947 -0.126493
101 86.4951 93.7309 0.97835
102 64.7943 74.4246 -1.26463
103 34.8187 56.2911 -1.5116
104 58.324 78.7743 -1.83504
105 21.8334 99.6156 -0.463993
106 89.8018 36.287 -2.46606
107 54.8639 66.4131 -1.16564
108 62.4016 83.662 -0.954033
109 57.8335 70.103 -1.52163
110 84.6739 5.89268 0.868716
111 92.8276 98.2075 1.03399
112 67.749 73.9766 -1.5522
113 83.1575 24.4153 -1.91697
114 96.2948 15.8557 1.99389
115 43.8221 67.5247 -1.63887
116 91.9646 3.10303 1.30841
117 6.07064 12.5894 0.863763
118 7.49084 41.9268 3.1353
119 88.5544 27.1514 -2.52194
120 7.4158 8.36301 0.864577
121 74.9776 54.356 -0.00833302
122 65.0915 57.7711 -0.383682
123 85.2779 93.4695 1.24562
124 64.4298 34.8819 -1.65409
125 60.1779 39.7319 -1.81708
126 67.2015 62.9994 0.0412017
127 63.4145 35.9085 -1.8635
128 32.9989 66.0687 -2.59789
129 58.4569 78.4223 -0.973579
130 57.2631 85.6434 -1.48602
131 89.7684 10.2138 1.18683
132 30.0733 95.0038 1.07657
133 27.9309 99.4901 1.10806
134 100.03 3.00471 1.00055
135 95.0162 96.363 1.18555
136 29.0953 4.53483 0.468155
137 95.2899 97.1668 0.403788
138 63.9546 60.0594 -0.480021
139 49.9811 86.9685 -1.9352
140 63.7331 76.7197 -1.82286
141 59.1138 40.8809 -1.44068
142 89.7345 89.1132 0.42656
143 70.947 83.6846 -1.53002
144 92.731 100.043 0.302402
145 53.0702 64.6793 -1.40115
146 57.0132 84.4921 -1.5675
147 80.2436 98.8571 0.509847
148 57.0909 84.3844 -1.74666
149 93.1836 2.46259 0.739666
150 61.3361 79.4012 -1.75986
151 53.3456 81.8356 -1.33448
152 56.4516 41.4998 -2.06194
153 58.5435 79.7783 -1.03755
154 72.0345 83.6109 -1.11979
155 29.9656 2.32743 0.788843
156 65.5895 75.174 -1.30631
157 67.8844 86.6573 -1.21696
158 5.79543 4.11989 0.834155
159 94.686 13.1462 1.43358
160 84.7598 3.1879 1.21705
161 74.1895 58.9412 -0.467703
162 69.8469 77.6784 -1.33899
163 64.0895 31.6719 -1.88475
164 91.0527 75.6187 0.36436
165 44.9104 76.5622 -2.43515
166 58.793 35.8457 -1.87548
167 99.1903 96.2992 1.08643
168 85.1649 95.7017 0.48074
169 98.6909 21.8622 2.21298
170 79.9502 98.0156 0.784748
171 90.942 94.7393 0.78797
172 49.1761 66.1455 -1.60889
173 64.3057 77.2199 -1.51717
174 95.732 4.84881 1.37531
175 72.1108 63.4155 0.354334
176 95.1313 13.4005 1.64504
177 37.9832 80.5685 -0.856454
178 4.69203 31.6175 0.178519
179 55.0167 80.3603 -1.014
180 81.8684 26.9993 -2.89227
181 68.5303 79.265 -1.51096
182 89.3712 34.8016 -2.73554
183 72.5408 1.09307 0.681282
184 99.0049 11.2643 1.89843
185 76.1192 15.9067 -2.1649
186 63.5062 57.1099 -0.147392
187 67.0188 74.8637 -1.20344
188 82.1386 91.182 0.373594
189 88.3172 3.14105 1.12465
190 91.1737 5.17199 0.564849
191 93.6706 0.739876 0.541101
192 39.9863 79.2913 -0.470226
193 60.3669 73.4135 -1.56525
194 27.4854 4.93677 0.58864
195 88.3766 96.4251 1.24731
196 2.21554 3.1854 0.913415
197 52.9467 96.4182 -1.8894
198 13.6783 64.1647 -0.348444
199 3.3446 4.97127 0.721053
200 96.9886 93.0959 0.538741
201 77.7379 84.9754 1.08776
202 84.3181 77.7986 -0.378274
203 63.0218 92.6141 -1.50216
204 96.3599 3.61495 1.15509
205 53.1488 65.1999 -1.90566
206 18.2052 24.2665 1.5919
207 3.01513 9.7256 0.570667
208 99.2086 13.1742 1.48335
209 92.31 10.2737 1.22897
210 88.3956 97.2812 1.22233
211 88.7639 10.7204 1.58166
212 28.7123 97.7486 0.362903
213 57.9513 87.5827 -1.13956
214 84.4563 91.7116 0.326178
215 81.9539 34.0183 -1.87089
216 69.366 87.4406 -1.40852
217 94.6546 92.8712 0.886935
218 66.026 89.4225 -1.63261
219 86.5966 12.8843 1.71699
220 3.2749 98.0919 0.209642
221 65.6555 87.6233 -1.86161
222 91.5172 98.0926 0.523506
223 71.7345 15.0051 -1.83727
224 3.79786 38.9418 2.88757
225 37.8697 7.3862 -1.5001
226 66.0196 80.9312 -1.43819
227 64.4584 72.5629 -1.83699
228 55.1749 97.0587 -1.65
229 67.0578 82.9129 -1.33032
230 68.6607 31.8648 -1.93608
231 89.1748 98.5746 0.520852
232 76.7884 58.5471 -0.534143
233 30.5519 54.6494 -0.807017
234 2.27877 5.78154 1.08954
235 90.6739 31.9035 -2.23574
236 65.9647 76.5486 -1.11263
237 89.5335 1.98339 0.829537
238 91.6758 28.031 -2.07535
239 82.42 89.1554 0.8314
240 90.5037 8.66171 0.911262
241 87.8548 2.91624 0.989437
242 61.9281 85.4128 -1.61264
243 95.7262 94.707 1.07147
244 71.3585 59.0132 0.0779644
245 61.8757 85.1386 -1.41193
246 68.7013 52.5847 -0.391056
247 66.9792 35.602 -1.75257
248 85.8326 89.1937 1.065
249 93.7358 2.77841 1.37601
250 50.1101 7.47871 -1.07993
251 84.8105 2.93473 0.529974
252 41.1221 12.2761 -1.50508
253 77.9527 15.0702 -2.07461
254 87.1504 9.90569 1.36027
255 93.1361 2.45737 0.922264
256 63.3017 84.1074 -1.42654
257 67.7621 56.1065 -0.747201
258 68.8331 75.7546 -1.81578
259 91.2161 37.7439 -3.03452
260 0.531607 3.27121 0.352825
261 82.8273 19.3191 -2.70678
262 70.1373 80.999 -1.1491
263 33.306 83.5249 0.188485
264 83.9393 99.4415 0.606469
265 33.8896 53.3264 -1.04306
266 42.1449 81.6515 -1.06924
267 86.5034 98.9449 1.06415
268 84.5583 8.47625 0.903954
269 35.0177 92.9082 0.867978
270 87.9528 30.2724 -2.62763
271 90.8239 33.1459 -2.90148
272 55.6104 97.1682 -1.73052
273 1.6025 5.37363 0.357605
274 34.286 82.4229 -0.206573
275 61.3197 77.6929 -1.95805
276 23.6431 1.82604 0.677001
277 49.8232 65.1055 -1.45557
278 81.2033 96.056 0.859637
279 65.0293 87.1735 -1.48099
280 88.4507 88.5062 0.884325
281 64.9132 62.0081 -0.354771
282 89.601 22.6721 -1.94887
283 98.175 0.403968 0.647803
284 89.0651 3.66805 0.696478
285 91.8968 95.3817 1.10638
286 66.1436 34.7985 -1.62293
287 66.8675 53.6811 0.167698
288 3.96845 38.89 3.13389
289 83.9559 0.707136 0.897194
290 59.8283 74.8838 -1.79306
291 84.5526 97.4024 1.20579
292 99.0319 21.9559 1.83957
293 35.0024 82.9496 -0.264529
294 92.0174 19.1225 2.09556
295 41.805 14.1147 -0.726023
296 98.4861 13.0178 1.90172
297 68.3475 79.6329 -1.0433
298 84.6279 99.1952 0.694232
299 96.9745 98.2597 0.929
300 35.6411 77.7985 -0.66678
301 91.3567 1.23133 0.942979
302 81.4873 4.0699 1.27063
303 65.1144 69.8583 -1.18672
304 83.9504 93.5385 0.480814
305 89.6043 3.76134 1.26407
306 34.23 4.40286 1.68605
307 86.3435 0.56021 0.459091
308 84.5275 23.5983 -2.16364
309 39.4998 84.0432 -0.119239
310 40.7449 5.05654 -1.29779
311 80.073 10.8528 0.440515
312 62.0532 86.2396 -0.901432
313 50.3914 81.7327 -1.47398
314 11.7767 41.9477 3.26494
315 62.4557 75.4183 -1.50052
316 96.0989 94.6888 0.883883
317 89.6793 91.5452 0.382973
318 92.8043 10.7387 1.89755
319 93.3132 98.4704 0.524034
320 91.0069 99.6466 0.411474
321 84.8694 10.64 1.60333
322 92.484 97.3591 0.445033
323 89.1381 91.9328 0.521327
324 86.0221 4.24528 0.853314
325 66.2621 83.0041 -1.21511
326 0.559288 37.002 3.39462
327 48.8159 85.0968 -1.7652
328 99.6399 13.7539 1.2537
329 0.324881 42.0097 2.60562
330 54.3964 83.2709 -1.10096
331 29.5454 93.8041 0.831241
332 0.411655 42.4896 2.54676
333 10.111 63.7813 -0.208728
334 80.8221 86.0798 1.13109
335 94.5377 98.6097 1.17082
336 100.07 95.5903 0.651087
337 82.7603 88.5629 0.887067
338 65.2605 80.9532 -1.49093
339 99.3128 37.837 3.28098
340 87.2259 96.2356 0.704323
341 81.4321 92.9346 0.326954
342 85.227 96.3926 0.694509
343 66.9494 86.5867 -1.75096
344 67.6369 72.0549 -1.34602
345 95.8728 18.4175 1.50213
346 77.2084 26.6032 -2.70081
347 22.84 3.0917 0.566878
348 84.1848 91.2956 0.940958
349 90.3576 3.74757 1.37292
350 62.1296 83.2263 -0.920533
351 67.9259 76.7643 -1.13038
352 83.9669 97.1504 0.422314
353 51.8303 23.9276 -1.62241
354 54.7094 38.8797 -1.93216
355 91.3427 13.6303 1.06803
356 1.20817 40.4953 2.83666
357 31.8396 96.2907 0.797972
358 85.5682 23.5472 -2.27572
359 5.04864 9.67061 0.950654
360 72.8462 87.1185 -1.31519
361 94.3891 5.93834 1.25175
362 92.097 94.9443 0.945566
363 52.5062 93.8942 -2.04973
364 84.1212 99.6929 0.557212
365 57.609 81.7945 -1.71341
366 95.7499 94.8818 1.23156
367 56.4943 67.6864 -1.34403
368 54.9748 83.1141 -1.54984
369 98.1243 16.4235 1.76682
370 93.1625 8.60384 1.41151
371 92.9271 3.00489 0.509344
372 92.0259 18.5307 1.81915
373 80.5839 29.0319 -2.95334
374 85.9854 1.31234 1.42533
375 57.3308 80.3466 -1.33716
376 58.7152 67.2641 -1.62368
377 39.15 63.0488 -1.73614
378 62.0965 84.0126 -1.7838
379 2.26432 99.872 0.342012
380 65.4079 79.9577 -0.956792
381 26.0795 2.84154 0.13441
382 89.9876 95.0706 1.19909
383 11.8646 41.6414 2.94197
384 1.60408 21.8985 1.24368
385 43.9295 9.13573 -1.29005
386 35.0713 9.88597 -1.15495
387 34.2649 75.8113 0.158635
388 67.6289 81.9183 -1.62266
389 2.04138 5.60175 1.09856
390 85.3796 96.8023 0.539471
391 87.4165 23.3992 -2.03983
392 86.3118 5.76962 0.851436
393 67.1606 84.948 -1.90672
394 93.5281 94.9859 0.623996
395 83.6896 20.0818 -1.88045
396 85.418 12.1986 0.743701
397 95.8297 2.64793 0.820825
398 89.4185 9.00779 1.38536
399 42.1004 66.1477 -1.45088
400 85.2709 87.2289 0.414173
401 60.3656 33.8552 -1.10734
402 56.1746 92.6023 -1.65711
403 88.9513 93.9108 0.594823
404 21.4636 23.0237 1.85715
405 83.767 94.5212 1.10974
406 69.5499 30.0017 -2.04586
407 93.0925 94.074 0.818429
408 78.8115 28.8748 -2.37571
409 97.6618 96.8532 0.55197
410 83.1306 88.8831 0.419481
411 97.3922 15.6051 2.07121
412 55.0844 91.8962 -1.50365
413 84.8956 16.2304 -1.90959
414 64.5803 82.5595 -1.13589
415 97.4363 21.3299 2.00985
416 98.1073 10.1608 1.47204
417 88.7999 88.8793 0.594126
418 91.2397 96.3294 0.565513
419 80.9501 78.2708 0.0990783
420 6.28112 10.3685 0.519771
421 85.5007 94.6477 0.671358
422 89.1283 29.4148 -2.64383
423 58.677 48.9034 -0.837845
424 94.6858 14.5487 1.70639
425 94.0642 91.6956 0.923513
426 45.9615 65.9147 -1.63475
427 83.7834 3.30769 1.07937
428 60.6158 82.2159 -1.28513
429 63.3752 81.6995 -1.08725
430 71.2561 59.8528 -0.059929
431 61.4433 81.2786 -1.29592
432 65.7932 74.8374 -1.95442
433 46.7392 68.5218 -2.0891
434 92.2026 15.2125 1.22636
435 80.4102 97.7702 0.443943
436 68.6557 80.6552 -1.26919
437 22.0493 6.77344 -0.10328
438 78.4433 85.7863 0.664726
439 48.5479 66.6867 -1.53713
440 56.3715 37.6943 -1.48123
441 89.8024 78.7212 -0.373535
442 90.9746 97.3054 0.580571
443 52.7225 39.1054 -2.12136
444 61.5397 82.852 -1.76271
445 91.8698 3.54196 0.970398
446 77.9465 19.8986 -2.7321
447 68.5292 35.2084 -1.60317
448 97.1491 13.1389 2.04626
449 91.7663 1.77929 1.04462
450 85.6066 92.8914 0.651783
451 51.5922 89.194 -1.70492
452 88.9461 3.05247 1.39552
453 66.3695 78.1869 -1.6342
454 85.563 32.9082 -1.83533
455 57.1251 33.3614 -1.3547
456 82.73 86.1312 0.693761
457 91.4358 28.4523 -2.6686
458 3.36935 45.033 2.53753
459 58.1924 47.5963 -0.98005
460 99.5816 5.04244 1.42649
461 23.0857 98.3779 -0.576108
462 64.1345 84.6574 -1.3827
463 60.1219 66.1873 -0.865066
464 64.8033 89.5531 -1.49636
465 87.202 25.7016 -2.09501
466 68.7429 84.6744 -1.39309
467 94.1074 97.2063 0.88026
468 97.8184 7.20445 1.14985
469 65.6423 79.6994 -1.26316
470 85.812 93.2066 0.674283
471 63.1752 85.3402 -1.44194
472 63.4823 86.5157 -1.35038
473 78.7252 35.1027 -1.65607
474 96.4872 12.6776 1.2355
475 74.6569 26.5814 -2.7193
476 30.095 0.620995 0.523291
477 23.3977 27.3264 1.63476
478 74.6149 62.1125 -0.531032
479 97.9893 19.4273 1.59815
480 92.0707 26.7718 -2.01642
481 100.421 11.4355 0.443637
482 25.0727 1.32408 0.734532
483 87.9562 93.0979 0.9214
484 84.8246 5.44041 0.667736
485 81.3878 2.94935 0.61401
486 66.3603 77.9146 -1.60337
487 70.1557 86.4508 -1.45774
488 43.8906 72.1118 -1.94528
489 58.6025 35.8933 -1.70323
490 42.1211 13.2265 -1.43976
491 66.6091 58.4029 -0.369282
492 62.0519 83.4507 -1.2882
493 62.6816 63.815 -0.267661
494 68.4327 53.8691 -0.0465251
495 37.7236 69.0073 -2.04077
496 91.0566 1.64655 0.74768
497 94.1556 8.83411 1.23951
498 65.0045 82.5043 -1.77707
499 58.2301 45.2016 -1.49166
