500
Particles
0 67.4507 98.0494 0.242778
1 12.4659 98.5607 2.17666
2 95.3765 93.0984 2.2256
3 59.3094 9.61191 1.63088
4 12.9632 82.186 2.03932
5 95.5616 2.04581 2.92003
6 51.6708 97.9599 1.42252
7 33.1172 48.0757 0.517011
8 14.5498 6.81344 2.0537
9 14.5193 9.58947 2.9631
10 4.87005 4.86911 3.21322
11 19.2018 45.037 1.61926
12 54.9768 11.6061 2.48997
13 7.00917 72.4817 0.791337
14 14.5595 84.5214 1.77216
15 21.0892 21.0803 1.47273
16 11.574 11.0087 2.847
17 1.05975 58.573 -2.08883
18 19.2162 97.2337 2.68351
19 77.7651 11.105 -3.00049
20 59.2168 10.7873 1.79582
21 45.4036 98.2138 1.74499
22 98.6974 11.8464 2.50191
23 16.539 78.2482 0.966851
24 62.1659 14.1576 2.46184
25 91.7816 7.04607 2.51882
26 96.1981 0.102309 2.98728
27 17.7011 35.6645 2.83607
28 68.4922 99.7996 0.337701
29 12.4427 72.7334 0.874164
30 96.7999 96.9125 2.87383
31 95.0405 12.5001 2.32521
32 59.9444 8.86982 1.93965
33 97.7767 90.992 2.23937
34 97.6669 10.2992 2.51472
35 18.588 6.62772 2.43328
36 13.4838 48.2221 1.02273
37 52.7413 3.73234 1.62424
38 86.5572 5.47098 2.76205
39 12.6386 79.1952 1.35124
40 -0.00293418 8.23079 2.44639
41 8.91514 79.1894 1.30631
42 7.14941 10.9803 2.62348
43 62.0775 10.6336 1.73728
44 12.909 2.19895 2.67058
45 8.94962 10.4137 2.79914
46 97.3997 12.242 2.58063
47 2.74751 24.2542 0.721852
48 0.224803 8.20128 3.24001
49 93.3875 3.37351 2.91556
50 25.9819 8.90181 2.08571
51 0.509153 14.54 2.77888
52 58.8247 12.9291 2.00693
53 13.8273 46.5807 1.05143
54 18.2897 84.3414 2.47088
55 89.1704 16.1 3.01878
56 21.364 87.2302 2.11847
57 4.45788 1.93594 2.8659
58 18.5206 90.5473 1.91832
59 89.4016 6.43531 2.35921
60 23.1412 3.17195 2.04961
61 5.686 10.0667 2.34156
62 12.9727 4.89111 2.50817
63 9.99517 93.646 2.58192
64 47.5552 2.5355 1.07463
65 87.995 19.2199 2.52043
66 21.941 5.58925 2.38374
67 22.9394 6.85293 1.81249
68 85.8371 14.9556 3.08351
69 10.0102 2.93714 2.78992
70 50.569 0.968887 1.2037
71 95.9539 8.29619 3.02581
72 23.0523 1.73267 1.80191
73 55.908 2.96621 0.828886
74 2.15831 1.89631 2.69748
75 64.2227 18.479 1.39122
76 5.57254 2.30932 2.53262
77 50.0867 1.03102 0.844365
78 96.6061 98.2566 2.69658
79 21.6772 93.6326 2.19921
80 1.60295 6.06726 3.17043
81 20.8558 4.78164 1.83511
82 81.1963 9.15142 2.73582
83 15.7023 89.7908 2.61861
84 93.227 15.0674 2.08247
85 -0.0737155 5.28681 2.69299
86 1.58997 4.75947 2.58721
87 81.9453 8.72407 3.06928
88 77.8133 10.7662 -3.05392
89 0.00805557 2.49223 2.83813
90 60.2594 14.866 2.43743
91 91.9365 10.4104 2.1585
92 82.1417 7.45641 3.36522
93 16.9602 86.8176 2.2377
94 2.27309 7.00059 2.67845
95 60.0771 4.75611 2.14579
96 44.0667 1.46345 0.974416
97 54.857 4.7248 1.61545
98 98.8478 0.931339 3.0966
99 73.3686 1.95996 1.60516
100 61.1054 13.1704 2.48481
101 21.1225 98.18 2.72946
102 5.68981 6.37969 2.77356
103 95.6875 5.39829 2.62241
104 1.71932 11.0049 2.718
105 57.345 15.9794 2.10693
106 20.1821 86.8203 2.73775
107 67.5119 99.1723 0.109497
108 0.0722991 11.9591 2.97064
109 24.3695 90.5223 2.2506
110 71.7592 69.5124 -0.864407
111 53.0879 2.92586 1.06459
112 58.5111 9.36437 2.10114
113 55.3865 97.9656 0.764622
114 45.2431 7.48735 1.63102
115 52.9573 10.2426 2.08732
116 3.41758 99.882 2.42153
117 91.8721 9.41219 2.56961
118 55.2192 11.2265 1.708
119 18.0031 85.7903 1.87358
120 93.2262 7.66526 2.83706
121 16.9001 7.10841 2.64656
122 0.449057 7.61408 2.76361
123 15.7449 96.0553 2.65116
124 1.66183 70.09 1.07427
125 88.4487 15.1696 3.06391
126 8.25224 16.1533 2.16919
127 5.40662 75.0537 1.10459
128 61.1489 14.3569 2.31165
129 66.893 94.985 0.324054
130 72.983 100.061 0.629688
131 3.96301 4.86442 2.73232
132 96.6358 24.4824 -1.88103
133 94.6725 30.1275 -1.9537
134 93.813 2.77361 3.03073
135 56.5893 1.69365 1.25632
136 1.24781 1.7027 2.58857
137 52.5881 2.65675 1.24346
138 4.42072 8.54154 2.47598
139 95.1721 7.65645 2.78979
140 7.55399 7.63084 3.19497
141 89.8299 16.9428 2.36049
142 19.1156 90.2178 1.79629
143 11.3699 10.9599 2.26075
144 50.3756 5.87985 1.5127
145 64.7606 97.5259 0.95612
146 72.1877 99.4854 0.0297111
147 95.0372 90.1841 2.9525
148 66.8841 3.23381 1.882
149 20.9033 4.10741 2.12015
150 8.00824 9.19457 2.86841
151 59.3324 7.39028 1.41648
152 3.5113 2.24928 2.40187
153 99.4217 10.8866 2.94766
154 11.146 10.2808 3.18191
155 96.2954 31.8814 -2.21226
156 18.0793 7.01285 2.73345
157 5.224 15.6286 3.11631
158 94.5405 0.867886 2.50049
159 13.8603 18.4452 1.96419
160 97.3068 94.1261 2.70515
161 9.13219 14.3365 2.93275
162 22.2257 10.0399 1.99136
163 85.3509 11.9422 3.36685
164 67.0047 40.9443 2.7908
165 18.7753 5.30998 1.87096
166 81.4287 10.9155 3.34631
167 58.3242 5.00053 1.55011
168 20.9434 96.461 2.54368
169 64.98 11.957 1.99746
170 1.06227 90.2035 1.46975
171 51.1732 97.934 0.989347
172 63.3551 98.9432 1.05113
173 9.31877 8.11291 2.34047
174 94.9169 0.969783 2.54387
175 93.8025 15.4216 2.45574
176 17.7513 22.0799 2.00277
177 97.6363 6.92094 2.89676
178 63.3054 12.9179 2.10198
179 68.307 99.7489 0.718743
180 55.8209 98.636 1.00681
181 13.8713 10.0457 3.03337
182 22.5599 87.463 1.79941
183 79.6037 99.6162 0.0341469
184 85.4944 8.86151 3.25628
185 92.4007 31.5423 -1.96813
186 2.86095 10.1031 2.50429
187 60.1794 8.69829 2.20221
188 13.5101 90.8176 2.32869
189 97.4179 94.8313 2.76144
190 94.4895 0.574124 2.50869
191 51.8993 6.70113 1.05593
192 0.362014 0.873757 3.19522
193 96.6081 12.9144 2.56085
194 99.0889 3.26595 2.8675
195 48.3244 99.6017 1.11988
196 95.1082 4.3948 2.39157
197 2.70106 5.66457 2.7901
198 81.3481 7.96078 3.15776
199 95.675 3.17072 2.88661
200 53.2862 0.789629 1.08539
201 8.43791 71.7848 0.747936
202 60.0954 13.9239 1.99915
203 12.5779 18.388 2.05057
204 96.6272 100.239 2.01076
205 57.844 3.01814 1.71394
206 99.1498 6.37873 2.24165
207 91.2304 8.91311 2.52387
208 87.536 11.7051 2.50689
209 58.5439 10.7703 2.20359
210 23.1014 1.04414 2.13841
211 0.75564 9.38841 2.77245
212 94.748 25.499 -2.56053
213 63.326 5.79735 2.05314
214 12.6679 91.2705 2.26463
215 59.872 98.7927 1.20058
216 8.17419 12.6554 2.38358
217 49.2469 97.5261 1.02347
218 4.04095 19.4162 2.77519
219 2.98667 58.2411 -1.78696
220 56.3177 3.33305 1.46575
221 1.73047 15.3417 2.86638
222 52.563 4.12759 1.6679
223 57.5891 19.932 2.57624
224 59.651 9.86736 2.12046
225 19.014 45.3126 0.825116
226 11.6993 8.99211 3.00149
227 2.37855 10.2804 2.90373
228 3.70695 5.34731 3.13679
229 6.84152 9.50299 2.48794
230 7.61255 74.2379 0.511458
231 26.9434 1.67024 2.24529
232 93.0746 12.3621 2.94364
233 95.9992 8.06369 2.4631
234 93.527 5.29874 2.62796
235 20.1574 84.0888 1.71762
236 11.5553 7.54757 2.11419
237 98.7942 94.636 3.06439
238 20.4834 84.4021 2.02739
239 14.6884 86.137 2.36139
240 49.6645 6.85811 1.50429
241 13.3032 2.62372 2.40864
242 2.31078 12.3466 2.24957
243 55.5598 99.7943 1.15536
244 11.5082 15.2873 2.95718
245 1.77576 14.1144 2.41697
246 4.14691 7.38133 2.34567
247 4.14234 79.7976 1.12324
248 17.24 88.3605 2.74221
249 0.813918 0.721181 2.32235
250 14.1639 38.9731 2.74654
251 93.895 94.7087 2.24433
252 31.1597 46.6557 0.698896
253 58.3337 11.7542 2.4582
254 4.0917 5.50146 3.15502
255 20.8943 4.13474 1.93979
256 4.29382 12.7318 2.69661
257 3.32662 6.13104 2.56132
258 15.6971 7.51195 2.36988
259 22.3304 86.2717 2.17504
260 97.0532 2.25483 2.98524
261 19.8049 89.0698 2.38644
262 8.98769 11.0533 3.09562
263 94.6157 13.2745 2.52032
264 97.4633 90.8118 2.50696
265 0.891323 2.54333 2.41757
266 98.1932 5.10775 2.18154
267 46.4112 3.68208 1.06576
268 95.1657 10.1347 2.6749
269 17.3798 38.5993 2.17118
270 21.3685 91.0037 1.94461
271 23.7189 87.4157 2.19258
272 62.7928 5.92541 2.08662
273 93.8313 4.95927 2.70171
274 96.7468 9.87696 2.35434
275 4.68717 7.31579 2.31137
276 98.1022 3.57275 2.7553
277 63.9724 100.211 0.436239
278 9.20527 97.5258 2.61128
279 3.36147 14.3926 3.14699
280 19.8859 88.9125 2.41339
281 2.70477 7.56657 2.25789
282 19.5846 86.0217 1.91424
283 53.9302 9.32121 2.2334
284 8.91189 1.63543 3.06277
285 52.5857 1.24523 1.11958
286 4.4399 77.884 0.770613
287 1.93018 8.64347 2.81316
288 69.5666 6.7817 1.44686
289 9.38005 1.71565 2.35347
290 98.0092 10.7077 2.31553
291 14.5236 99.7355 2.04317
292 64.3791 10.8276 1.5989
293 95.4282 9.75246 3.05158
294 19.8923 83.7618 2.48175
295 7.60204 20.6943 1.84178
296 87.3965 10.2351 3.18614
297 10.0304 10.5145 3.02484
298 16.3689 1.5697 2.89256
299 54.6875 5.16477 1.12579
300 99.0637 5.48533 2.49557
301 22.6602 2.81225 1.83018
302 89.9208 4.80524 2.85583
303 3.48375 8.99545 3.1022
304 11.207 96.323 2.36358
305 96.3129 95.8703 3.05266
306 17.6294 46.0899 1.25348
307 97.5549 93.7502 2.3413
308 19.9208 89.7713 2.25565
309 95.9778 12.39 2.37904
310 21.0114 45.3442 1.40833
311 10.2824 76.3357 0.927831
312 -0.0184121 12.6281 2.52502
313 60.1658 6.87778 2.27667
314 11.9313 19.1391 2.26305
315 1.01291 9.46432 3.16238
316 56.5705 99.5576 0.507848
317 21.1223 93.2564 2.62004
318 54.2124 12.6776 2.43482
319 52.1435 5.84219 1.23096
320 53.425 2.90623 1.6597
321 2.79439 56.3205 -2.21464
322 56.3459 0.937769 0.987496
323 21.0162 93.9162 2.47736
324 1.61402 96.6786 3.10067
325 8.23698 11.8081 2.90607
326 2.49268 2.32685 3.05562
327 98.8067 7.80697 2.63372
328 84.4772 9.57534 2.58136
329 64.2732 6.92692 1.68164
330 60.4249 5.77672 2.04334
331 84.006 57.7402 1.74032
332 60.6999 7.10057 2.27696
333 77.8953 5.78611 -2.75518
334 13.8884 82.0405 1.5641
335 50.8657 5.76573 1.2685
336 56.1147 2.26698 1.17061
337 15.0372 84.8287 2.32773
338 6.68748 11.8311 2.25623
339 2.52024 7.70852 2.54787
340 43.7065 99.4935 1.73026
341 15.4792 90.5261 2.14885
342 21.2188 97.1386 1.97374
343 5.6342 12.8662 3.02667
344 5.73438 8.75033 2.50614
345 63.7182 10.485 1.63165
346 9.81479 81.5482 1.14104
347 95.797 1.64465 2.77312
348 13.5645 89.7098 2.65973
349 95.5109 97.5598 2.89825
350 1.82629 12.8367 2.52545
351 16.4834 9.03105 2.59128
352 11.873 99.1315 2.26123
353 60.4539 17.1539 1.6362
354 0.149786 3.21008 2.94894
355 6.0493 2.82963 2.57404
356 71.6766 3.50852 1.76372
357 3.12571 32.7898 -1.45813
358 22.8838 92.3278 2.09595
359 92.7811 8.65214 2.83944
360 15.3487 14.3525 2.31294
361 91.0901 2.68516 3.10546
362 48.2824 1.053 1.44549
363 2.97795 4.90958 2.72383
364 98.1493 92.9529 2.42237
365 98.0375 14.9222 3.11405
366 52.2499 100.262 1.31512
367 57.4816 3.86859 1.50209
368 72.0765 98.9793 0.476283
369 68.1811 6.34939 2.28194
370 56.8207 13.5387 1.61371
371 22.1383 4.29064 1.92639
372 21.4059 83.1852 1.72223
373 53.0566 1.92165 1.58578
374 97.0925 94.3433 2.79957
375 95.4276 14.1211 2.72376
376 24.3734 88.4898 2.32222
377 58.0682 7.0373 1.37752
378 97.027 12.0131 2.59928
379 56.1765 5.63762 1.42658
380 6.06602 7.92608 2.94906
381 98.8478 98.5858 3.06801
382 48.0544 98.7073 1.72194
383 73.2015 11.1897 -2.90007
384 92.3013 10.9181 2.20207
385 25.5033 44.5899 0.699997
386 13.0443 47.5111 1.43126
387 95.4818 4.12279 2.91229
388 9.46776 10.7462 2.53828
389 90.5125 5.70077 2.78046
390 18.6214 100.12 2.84363
391 18.8882 89.1756 2.30443
392 90.5553 3.34292 2.30125
393 5.42336 13.8106 2.68536
394 48.9181 1.22473 0.913846
395 23.4296 94.2252 1.85177
396 3.72595 55.8781 -1.97276
397 52.0792 10.1464 2.32402
398 63.5852 5.96818 1.90518
399 16.8641 5.08908 2.34595
400 14.6171 85.5256 1.82338
401 83.2231 13.0541 2.48719
402 1.00651 3.17113 3.28468
403 48.4183 97.4718 1.53462
404 -0.0153865 8.3388 2.94292
405 11.6823 99.0355 2.30347
406 5.59186 72.9664 0.492342
407 50.1609 100.052 1.26809
408 60.505 98.8477 0.454994
409 57.1953 2.25179 1.16653
410 11.8692 85.3573 1.58942
411 47.3648 8.66865 1.53605
412 10.4882 4.75294 2.74925
413 17.6505 88.3493 2.29942
414 4.76382 13.744 2.69514
415 64.1358 10.3233 1.83178
416 87.9739 10.124 3.01968
417 14.7817 87.8311 2.50033
418 24.0655 0.588364 2.70957
419 75.7165 12.4345 -2.75844
420 93.8736 8.12116 2.75841
421 19.8598 98.3454 2.4326
422 21.3199 89.0219 1.97587
423 54.4182 1.62346 1.34581
424 17.2018 21.1134 1.99688
425 50.483 96.7067 1.17905
426 55.2496 7.34038 2.07123
427 92.4141 96.7133 3.05902
428 2.30043 11.4987 2.39775
429 7.45715 11.4274 2.4725
430 10.4453 12.1792 2.78451
431 97.1972 14.8318 2.41419
432 21.3098 6.23493 2.52764
433 60.8726 5.05865 1.86452
434 97.8473 8.10092 2.91479
435 96.6574 91.1236 2.65851
436 12.6704 10.421 2.68278
437 95.5615 5.20637 2.60487
438 11.6765 74.0008 1.01559
439 56.309 4.46786 1.65562
440 6.17194 2.69888 3.10406
441 3.44794 71.0151 0.669603
442 49.7714 1.51083 1.62838
443 98.3032 2.28328 2.25567
444 -0.253603 12.9782 2.66278
445 93.8567 99.4596 2.75557
446 98.5425 62.8248 -2.76111
447 8.13045 76.675 0.785692
448 25.5358 26.6747 1.77709
449 8.6101 2.47162 2.25964
450 17.6466 91.4486 2.27997
451 0.732512 3.50807 3.1667
452 94.9751 97.5594 2.55447
453 8.18341 8.41933 2.86183
454 64.2994 96.8061 0.721737
455 81.4317 13.8186 3.04864
456 10.0014 83.0608 1.57565
457 18.8807 83.3835 1.78505
458 29.3305 9.99323 2.28186
459 92.2364 20.3107 2.01962
460 94.4251 4.76215 2.37966
461 60.6809 14.5639 1.67106
462 1.78951 13.735 2.89417
463 23.3467 89.0147 1.96849
464 2.78948 14.9203 3.07065
465 20.7312 92.3764 2.722
466 6.30109 10.8567 3.11577
467 53.5456 2.71632 0.910432
468 91.1464 6.82928 3.0406
469 15.257 9.50475 2.37284
470 13.8428 97.0895 2.06015
471 1.55379 11.7488 2.92465
472 1.3094 13.947 2.63309
473 59.3003 99.7001 0.784321
474 23.2084 22.3567 1.89016
475 6.58574 74.683 0.407591
476 3.47583 32.1656 -1.47805
477 1.41953 5.15949 2.25715
478 93.8822 15.6846 2.07111
479 65.2638 9.45565 1.56089
480 21.6439 82.4213 2.59656
481 88.725 11.5498 2.2506
482 1.3092 3.13732 2.31467
483 17.7499 94.2289 2.52227
484 85.0349 4.61996 3.25385
485 89.1117 3.62811 2.13728
486 9.82165 6.73549 2.46563
487 7.69727 12.6686 2.90051
488 16.5708 7.32015 2.5992
489 83.6997 12.9488 3.40709
490 31.2236 45.7798 0.236482
491 4.98819 8.37118 2.51327
492 1.03626 15.0621 2.43991
493 0.812463 11.3451 3.02685
494 3.87096 6.36037 2.5503
495 94.0948 9.63773 2.14551
496 50.5489 7.01298 1.11508
497 18.2631 18.5172 2.11313
498 10.4813 10.3245 2.25739
499 3.37429 21.1708 1.78483
