500
Particles
0 53.515 94.5954 -0.796765
1 73.224 83.4318 1.79869
2 71.213 1.63955 -1.23868
3 17.9594 33.3782 2.06557
4 71.94 72.9313 1.56323
5 93.2032 88.5092 1.19462
6 84.4107 80.5348 1.13452
7 37.303 25.965 -1.75138
8 64.5092 90.4228 -1.59703
9 63.4057 96.4451 -2.03722
10 86.9247 96.8999 1.88061
11 18.3498 88.3015 -0.175673
12 84.2823 92.5022 0.884516
13 83.4593 38.8046 -2.03979
14 75.8882 73.2244 0.886443
15 95.1063 96.2453 1.35849
16 21.637 32.6405 1.27593
17 1.3678 28.5864 -2.20174
18 76.8251 80.7825 1.76725
19 66.3749 66.3457 0.67957
20 15.5387 39.5698 -2.2619
21 87.4325 77.2301 1.47098
22 83.4719 94.5564 0.964535
23 3.58169 31.9302 -2.81721
24 26.1859 75.0749 -0.483901
25 94.6632 91.9424 1.77923
26 1.78298 97.9829 0.24158
27 39.6956 23.7438 -1.75775
28 48.6011 96.706 -1.40051
29 5.7577 28.9807 -2.74175
30 75.1064 91.8355 -1.04095
31 62.1081 69.7572 -1.23331
32 12.0745 38.2119 -1.44708
33 71.3475 93.67 -1.88942
34 6.66338 42.7627 -2.62428
35 49.0718 92.8717 -1.30212
36 20.2644 91.838 0.87664
37 82.9963 85.0333 1.33375
38 73.4331 99.2703 -2.92355
39 69.9164 73.7845 0.839804
40 73.8989 2.28034 -1.89486
41 84.8822 41.0754 -2.27883
42 62.2579 97.1519 -1.65735
43 94.5926 3.14798 1.18025
44 73.839 87.527 1.5196
45 65.1718 0.324817 -1.62599
46 53.843 98.5927 -1.14681
47 89.1465 15.714 2.49696
48 62.6664 88.4352 -1.8884
49 93.0276 87.2035 1.66444
50 67.6692 91.3815 -1.78739
51 55.0597 1.16036 -1.03178
52 75.3413 68.3315 1.03936
53 19.4999 88.6788 0.331079
54 87.4716 1.9404 1.13183
55 42.9005 26.8881 -1.62996
56 5.08737 41.539 -2.37561
57 21.1134 8.43199 1.06608
58 2.67405 36.8709 -2.79701
59 93.7627 90.4652 1.16376
60 81.849 84.8645 1.63736
61 59.3507 92.8689 -1.63535
62 48.9643 99.265 -1.31017
63 71.2835 80.979 1.5647
64 78.0345 85.5581 1.19071
65 68.3816 53.855 -2.47736
66 82.6298 90.1494 0.807292
67 40.1317 85.5804 -1.71047
68 67.9329 48.6882 -2.40952
69 52.3361 3.29705 -1.16718
70 84.5841 81.5863 1.45129
71 43.7083 52.995 -0.221024
72 78.3278 86.1112 0.785324
73 52.5578 78.6241 -1.88181
74 64.0385 36.2197 -2.67243
75 39.3743 11.9841 0.0391758
76 49.2048 3.67965 -1.22984
77 78.7228 83.7005 1.37728
78 77.8043 88.4907 1.18409
79 81.5676 78.0945 1.29528
80 49.9807 4.12673 -1.42054
81 82.5541 87.3783 1.29479
82 1.95636 57.6073 0.783551
83 78.4975 78.1674 0.928837
84 5.55494 29.5272 -3.02371
85 22.232 81.0443 -0.295574
86 45.4736 11.6544 -1.09389
87 67.6965 38.2819 -2.13594
88 76.5808 71.8747 0.93972
89 1.7289 97.2451 0.0254069
90 6.19668 93.839 0.0262055
91 62.0213 69.1509 -0.639884
92 41.6985 25.9414 -1.87642
93 2.25677 37.0158 -2.45629
94 49.5766 61.7472 -0.240937
95 50.3579 97.8419 -1.30233
96 82.7235 80.3131 1.16433
97 85.3946 84.7869 0.979436
98 6.2939 94.9805 -0.00730006
99 16.4148 29.5692 1.6709
100 74.1534 65.6569 0.440735
101 79.0362 78.5513 1.77305
102 63.3388 91.335 -1.69577
103 25.5309 70.041 0.0342962
104 55.7851 95.1709 -0.860823
105 6.3018 93.9964 0.707753
106 4.39596 44.4489 -2.79287
107 54.7941 83.3303 -1.77514
108 58.9349 0.0200164 -1.1554
109 58.4031 86.6124 -1.67433
110 77.2546 98.6661 -2.97438
111 82.8771 84.7797 1.37704
112 67.1307 90.5395 -2.07688
113 97.4107 32.9574 -2.67677
114 92.883 99.645 1.20708
115 42.2981 84.1564 -1.13744
116 84.8141 87.9561 1.37094
117 98.2251 98.9705 1.34334
118 20.5078 32.5683 2.09414
119 0.849711 38.1186 -2.94138
120 98.8897 95.1596 1.56343
121 60.5268 61.918 -1.15842
122 48.7735 61.5255 -0.15759
123 77.3848 79.0268 1.62365
124 71.4452 49.2776 -3.1573
125 66.2908 54.5527 -2.31338
126 56.5298 74.722 -1.47341
127 70.7374 49.8251 -2.50023
128 25.9098 76.1981 -0.564632
129 55.7746 94.7919 -0.878471
130 52.8557 1.95052 -0.951597
131 85.4702 93.9979 1.63067
132 14.5856 89.1995 0.0888425
133 12.5537 93.1921 0.00643649
134 93.8968 87.3867 1.52701
135 86.6241 81.7286 1.36509
136 16.0531 98.7438 -0.12146
137 87.6015 82.5384 1.06928
138 50.7581 69.9326 -0.279307
139 44.1904 1.142 -1.77512
140 63.2789 93.1617 -2.19531
141 65.6662 55.4979 -2.57099
142 81.6317 74.9959 1.26207
143 67.2168 0.0500848 -1.06226
144 82.8909 86.6709 1.17295
145 55.3134 81.4613 -1.89596
146 50.9018 -0.108817 -1.25228
147 71.2139 97.2642 -1.97419
148 53.1318 0.377586 -0.565273
149 84.7636 88.3912 1.2025
150 60.3622 96.3149 -1.42316
151 48.0924 97.3883 -0.698386
152 60.5618 57.3776 -1.50996
153 54.2498 95.9532 -1.266
154 67.7153 -0.336841 -1.22356
155 15.8536 95.205 0.394112
156 65.326 92.0296 -1.73175
157 65.2174 3.28517 -1.14802
158 99.6745 90.1034 1.20388
159 89.745 96.9646 0.882169
160 75.4105 89.2968 1.16274
161 58.9777 66.3558 -0.852879
162 67.3244 93.8752 -2.0516
163 72.0404 44.5856 2.62424
164 80.1188 65.9697 1.79628
165 47.112 91.681 -0.85804
166 66.6327 50.2984 -2.56569
167 91.1287 81.4031 1.44912
168 75.6082 81.9537 1.83218
169 1.38655 6.10239 1.21977
170 69.7888 93.3223 -2.19109
171 81.7464 80.4735 1.35757
172 49.4622 82.9126 -1.10378
173 63.9332 93.4863 -2.12847
174 90.1967 88.952 1.38499
175 58.808 72.1676 -1.12842
176 92.1019 96.9718 0.903987
177 21.9723 81.4475 0.0438682
178 6.12705 35.95 -3.0399
179 49.4741 95.5689 -1.18981
180 95.6358 36.1637 -1.92198
181 66.436 96.0554 -2.15732
182 4.98297 40.393 -2.4863
183 64.3212 9.28437 -1.17337
184 95.5662 95.1206 1.63521
185 89.7572 22.8675 3.31671
186 48.0549 63.0165 0.397197
187 65.7455 91.3544 -2.33176
188 73.3441 77.4835 1.2933
189 78.2252 89.8138 1.28871
190 82.6092 91.0369 1.44941
191 85.4433 86.3559 0.888912
192 24.3302 82.102 -0.393969
193 59.6578 90.3892 -1.95789
194 13.6728 98.1575 0.281665
195 80.4636 82.2254 1.49307
196 95.8347 87.9489 1.25621
197 46.9798 11.4798 -1.14671
198 7.45887 53.0721 1.95789
199 96.7911 89.5958 1.21416
200 88.5934 78.6383 1.4791
201 68.6913 70.8381 0.871004
202 72.5182 68.0704 0.621666
203 56.7661 7.9239 -1.78122
204 89.4521 88.5342 1.60666
205 55.0281 81.7859 -2.01792
206 12.3785 13.8783 1.04617
207 96.717 94.8574 1.29151
208 95.5987 97.2037 0.86937
209 87.9427 94.0737 1.59829
210 79.8961 82.7735 1.14234
211 84.3745 94.5297 1.32096
212 12.9562 92.0598 -0.0115375
213 52.8521 3.45378 -1.01467
214 76.2865 77.1015 1.8624
215 88.8883 47.6774 -2.04659
216 67.1843 4.25125 -1.28195
217 86.2185 78.1838 1.08869
218 62.505 5.72853 -1.86143
219 92.1659 18.7823 3.12442
220 98.6703 83.4658 1.40803
221 61.3334 3.61238 -1.4306
222 82.2894 84.4825 0.98864
223 86.4771 21.2993 2.67907
224 18.0107 30.9379 1.39069
225 34.601 22.8518 -1.79056
226 62.9771 97.324 -1.89972
227 65.1049 89.0288 -1.84345
228 50.3578 12.376 -0.666321
229 62.6451 99.1968 -1.68335
230 77.6716 44.2372 -3.0557
231 79.141 85.3128 1.61405
232 62.2514 66.0547 -0.82758
233 21.679 68.2341 -0.0607296
234 95.6969 90.6598 1.51205
235 4.26335 40.6386 -2.62717
236 64.6617 93.0778 -1.40581
237 78.6147 89.2243 1.35705
238 5.58109 36.4896 -3.13838
239 71.8036 76.8721 1.90053
240 85.8401 92.5415 1.74808
241 79.2652 88.725 1.19467
242 57.4912 1.62564 -0.655187
243 87.1196 80.2349 1.0364
244 55.6113 64.9042 -0.404058
245 58.2942 1.53149 -1.55419
246 54.0089 60.259 0.032275
247 74.643 49.1463 3.49707
248 76.8215 75.5939 1.30648
249 86.4532 87.6468 0.9054
250 36.8015 8.67348 0.141675
251 73.0036 93.3956 -1.73471
252 36.0526 27.439 -1.47955
253 92.0115 22.7668 2.60951
254 81.023 94.197 1.08403
255 84.1904 88.3716 1.6445
256 60.2981 0.595242 -0.719704
257 52.1729 61.9557 0.129669
258 67.1075 92.6244 -1.63776
259 6.06945 44.8848 -2.12811
260 96.9446 87.3534 1.41012
261 97.0995 28.3742 -2.08387
262 67.2706 97.055 -1.43847
263 17.5546 81.888 -0.400124
264 71.8383 88.323 -0.765264
265 23.7137 65.8956 -0.184097
266 41.0777 94.7015 -1.16108
267 76.4519 85.3678 1.28042
268 78.7464 99.6919 -3.26315
269 19.625 85.9859 0.58183
270 1.82824 39.4153 -2.65415
271 5.34626 40.8361 -2.43307
272 50.8558 12.4103 -0.445732
273 96.0825 89.7898 1.25087
274 18.2613 82.2522 0.240653
275 59.556 94.1166 -1.68941
276 8.69872 94.47 0.805625
277 51.7968 81.5878 -1.13504
278 69.2219 88.6091 -1.21721
279 61.9484 3.44476 -1.73526
280 79.0472 74.7579 0.979195
281 55.2071 74.9106 -2.05564
282 2.89887 32.5417 -2.96284
283 91.7807 84.8555 1.22729
284 81.3814 88.9307 1.14579
285 83.6967 80.8331 0.97245
286 73.7502 48.206 2.90867
287 51.6414 60.9107 -0.0201879
288 17.8546 30.6466 1.97533
289 71.5887 90.2979 -1.19441
290 59.012 91.6629 -1.88481
291 73.8935 84.7094 1.07178
292 1.64955 5.56955 1.42391
293 19.0023 82.2742 0.0212115
294 90.6768 2.58032 1.17003
295 37.7754 29.3976 -1.86598
296 95.056 96.8199 1.21125
297 64.433 95.8665 -1.37173
298 73.2218 86.8258 1.26549
299 87.2526 84.501 1.70047
300 19.4629 78.0631 -0.0547361
301 83.2676 86.634 0.890109
302 72.4002 1.15551 -2.32001
303 65.7069 86.5129 -2.17835
304 74.2454 80.2617 1.97184
305 81.378 89.4109 1.23387
306 22.4361 95.9004 0.926621
307 75.6662 87.821 1.341
308 98.3015 32.9887 -2.59979
309 37.31 97.0552 -0.688506
310 36.5682 20.7179 -1.61589
311 87.6354 17.4499 2.52115
312 55.3377 1.513 -1.27047
313 45.3606 96.8618 -0.913192
314 24.4881 32.4764 2.22482
315 62.239 92.0825 -1.49751
316 87.4132 80.1399 1.39971
317 81.4425 77.2807 1.30189
318 90.9622 94.1702 1.695
319 85.7544 83.6259 1.01992
320 80.9353 86.5122 0.847124
321 90.0182 14.8511 3.02062
322 83.575 83.559 0.889129
323 80.6499 78.1064 1.38439
324 76.0299 90.6344 1.436
325 63.1475 -0.388715 -1.06355
326 14.5496 29.1893 1.82649
327 42.9472 99.0445 -0.347091
328 95.7301 97.4925 1.39852
329 14.8195 37.3013 -1.5884
330 50.6324 99.3129 -1.53107
331 14.0908 88.1357 0.66696
332 15.373 37.3157 -2.40946
333 3.01505 52.2903 2.04267
334 70.8529 73.347 1.15063
335 85.6777 84.9419 1.17694
336 91.4682 81.2352 0.805565
337 73.4682 74.8113 1.7671
338 63.6184 97.9201 -1.62225
339 13.4202 30.5494 1.95336
340 77.6389 82.6494 1.34157
341 68.6585 86.3619 -1.61667
342 77.1811 81.8823 1.25196
343 62.3578 2.50689 -1.32768
344 66.8222 88.8669 -1.4665
345 94.0375 1.9429 1.60324
346 85.5318 41.0433 -2.1754
347 8.06717 95.2614 0.337459
348 74.8054 77.8387 1.78355
349 80.9544 90.0208 1.00906
350 58.8415 -0.427719 -1.39471
351 64.7833 93.0906 -1.56021
352 72.7764 84.9045 0.851094
353 65.1465 33.1477 -1.88364
354 61.555 52.9191 -2.74843
355 88.7821 97.1204 1.48972
356 16.7565 34.4311 1.6387
357 16.7764 89.2561 0.436941
358 98.7537 34.3576 -2.56677
359 95.6052 96.156 1.26853
360 68.6371 3.19217 -1.69643
361 87.8133 90.6737 1.04869
362 82.572 81.8089 1.41691
363 47.741 8.74048 -0.63152
364 71.568 89.3181 -1.72857
365 54.1455 98.1584 -1.31799
366 87.4636 80.1861 1.39112
367 56.945 84.1875 -2.26007
368 51.9165 99.1431 -0.416592
369 94.1381 100.39 1.28182
370 88.7211 92.4532 1.70544
371 83.3322 89.3053 1.21093
372 89.0045 2.21463 1.23223
373 88.9371 43.2932 -2.24789
374 74.6375 89.1534 0.517722
375 53.7232 96.8368 -1.21135
376 60.0304 83.9618 -1.52655
377 30.5252 74.5885 -0.527299
378 57.6239 0.189612 -0.765339
379 95.3082 85.0742 1.64742
380 64.5151 96.6257 -1.79764
381 10.7692 95.7135 -0.0822987
382 80.2826 81.567 1.28825
383 24.3902 31.4683 1.31967
384 4.7306 6.13364 1.87781
385 39.1114 24.3511 -1.76305
386 31.7668 25.7279 -1.74082
387 17.9586 74.886 -0.711959
388 64.6323 98.4071 -1.39334
389 94.2078 90.7115 1.29616
390 75.783 83.1825 1.25227
391 0.541086 33.4247 -2.1849
392 76.0326 93.9179 -2.29255
393 63.5663 1.31192 -1.83039
394 85.2978 80.3431 1.04155
395 96.9154 30.2945 -2.40478
396 91.5975 18.6744 2.41451
397 88.6995 87.711 1.32674
398 85.3651 92.654 1.55517
399 39.2603 82.4086 -0.933465
400 76.0357 73.7927 1.84908
401 67.8695 47.4787 -2.90607
402 49.6335 6.65721 -1.0004
403 80.3881 79.4681 1.31093
404 18.4234 6.92437 0.877146
405 74.3803 80.5498 1.50577
406 78.0216 41.9159 -2.67969
407 85.4051 78.9474 1.48818
408 88.3613 42.326 -2.21154
409 88.9162 82.557 1.60027
410 72.5941 76.2672 1.87053
411 94.1867 99.3004 0.953948
412 48.7146 6.11517 -0.796501
413 98.0695 25.5745 -2.90605
414 60.9334 98.9322 -1.66343
415 2.31702 5.22087 1.24357
416 94.8549 93.6693 1.6724
417 80.7277 74.5229 1.62066
418 82.1588 82.6459 1.26353
419 69.5777 67.4368 1.33307
420 98.0667 96.4637 1.77764
421 77.442 80.3847 1.36667
422 3.23091 38.6774 -2.44351
423 44.4379 56.4058 -0.520748
424 92.4208 98.2739 1.21049
425 85.2643 77.2159 0.798841
426 44.1337 82.5194 -1.87937
427 73.9811 89.6011 0.0693674
428 57.3952 98.8958 -1.03146
429 60.5249 98.0932 -1.87019
430 55.235 64.4168 -0.45124
431 58.5403 97.6461 -1.4709
432 65.0591 91.5858 -1.86374
433 44.9333 84.8994 -1.46881
434 90.327 98.9156 1.1621
435 69.6985 92.3906 -2.31037
436 65.3867 97.0441 -1.88587
437 6.95657 -0.0280005 -0.275354
438 67.8835 72.7964 1.22934
439 49.503 83.2563 -1.00613
440 62.7822 52.3688 -2.47513
441 79.0264 69.6883 1.43996
442 81.932 83.2237 1.19625
443 59.7489 53.6612 -2.25212
444 57.6791 99.095 -0.720624
445 84.1366 88.6238 1.76922
446 92.4657 27.7057 -2.45756
447 75.4778 48.85 3.21906
448 93.9449 96.5947 1.27156
449 83.6506 87.215 1.20609
450 75.8927 79.0453 1.13236
451 47.6753 4.23133 -0.684046
452 80.8772 88.3006 1.05211
453 66.3763 94.93 -1.35833
454 98.9473 42.4535 -2.00554
455 65.0896 47.4586 -2.54579
456 72.7965 72.5979 1.68995
457 5.71986 36.0141 -3.10682
458 18.0156 39.312 -1.92449
459 45.085 56.4866 -0.576712
460 93.5953 89.3845 1.1259
461 7.67638 93.7004 0.595628
462 61.2638 1.22399 -1.01699
463 58.2273 82.1264 -1.45738
464 59.3979 5.53344 -1.6333
465 0.385929 35.6531 -2.71992
466 66.0903 1.34805 -1.79993
467 85.4241 82.9952 1.591
468 94.1552 90.7903 1.25177
469 64.0377 96.4533 -2.16089
470 78.0114 78.7173 1.31911
471 60.1262 1.806 -1.50648
472 59.7661 2.9227 -1.26405
473 85.917 49.1931 -2.42858
474 92.5145 96.504 1.17711
475 82.418 41.0266 -1.82527
476 14.7513 93.821 -0.0544897
477 20.7941 11.3227 1.09052
478 60.7499 69.9148 -1.0071
479 98.6646 3.80285 1.85814
480 6.13792 34.3572 -2.60102
481 95.893 95.3188 1.38215
482 9.59557 95.3386 -0.0552842
483 79.6592 78.612 1.67278
484 77.0552 98.5091 -2.8356
485 73.521 96.9921 -2.48698
486 64.51 94.3845 -1.92723
487 66.3872 2.59123 -1.39877
488 43.6871 87.9925 -1.60362
489 65.6068 50.2906 -2.75176
490 38.0723 28.3323 -1.50114
491 50.7251 64.2211 -0.166984
492 59.5385 0.0198775 -0.972214
493 58.3528 78.6697 -1.23879
494 53.3413 60.5335 -0.53241
495 28.4015 78.2962 -0.167639
496 81.8918 87.9358 1.14681
497 89.9854 92.5643 1.57672
498 62.13 98.5547 -1.43044
499 46.6522 54.8657 -0.0316504
