500
Particles
0 98.4687 71.1234 2.50677
1 37.5841 75.6236 2.04359
2 5.35541 4.81548 3.01048
3 60.3952 19.911 1.75108
4 79.4468 81.6501 1.17066
5 0.0837348 48.695 -2.47478
6 19.5233 99.6164 2.27399
7 78.9114 28.0281 1.57376
8 48.1253 87.1543 1.57408
9 43.0666 88.7587 2.01307
10 21.4079 76.8964 2.6816
11 3.92501 99.77 2.78959
12 8.54748 4.45498 2.25054
13 85.0738 73.5231 1.12059
14 84.2097 85.4798 1.38023
15 93.6176 76.0013 2.37016
16 38.1349 88.8487 2.30957
17 84.2246 99.0357 1.24611
18 78.8249 91.3424 1.39075
19 58.5283 13.3198 2.61624
20 60.4175 21.2145 1.35644
21 100.05 86.6904 1.11782
22 24.7498 92.4777 2.36392
23 84.4073 77.9335 0.999152
24 69.2727 23.9495 1.55186
25 8.48428 80.3476 1.97875
26 98.8461 40.5197 -2.33348
27 93.5281 92.9771 1.34195
28 9.50475 88.1955 2.52041
29 20.0934 9.80358 2.66397
30 58.9745 31.6351 1.21074
31 18.3837 90.7355 2.24731
32 48.6309 18.94 1.9068
33 68.7395 29.9866 1.62584
34 12.7208 81.1103 2.71475
35 77.9393 95.0476 1.64759
36 60.7102 39.0368 1.95612
37 25.6676 8.01999 2.47167
38 7.71865 83.68 1.89618
39 83.4935 78.2925 0.588969
40 14.3708 78.7448 2.82804
41 81.6604 78.7973 1.43786
42 32.7526 90.4287 2.20867
43 64.667 20.8026 1.64928
44 38.4209 78.8829 1.87282
45 29.8605 84.9739 1.8423
46 14.678 84.9153 2.45192
47 85.5923 18.6571 1.59332
48 19.8866 82.8581 2.71757
49 3.45214 68.1529 2.76402
50 88.5797 95.1421 1.17244
51 26.6946 93.157 2.0176
52 68.451 22.8476 2.08602
53 61.428 38.5507 1.84336
54 84.4461 82.2938 0.667958
55 73.256 16.7637 1.64259
56 88.0563 84.4195 1.4022
57 19.1466 69.5486 2.7758
58 86.8721 87.6021 1.02739
59 8.56589 81.4352 1.93017
60 88.7637 92.3156 0.67046
61 21.1452 80.0088 2.00558
62 42.8214 84.5129 1.39047
63 38.187 69.9797 3.08667
64 8.41946 95.8575 2.55784
65 81.6837 19.9954 1.63499
66 84.2129 96.2172 0.994512
67 85.156 95.7017 0.801741
68 80.685 17.233 1.62358
69 24.9788 72.8785 2.6741
70 20.6248 4.3249 2.0328
71 14.8725 83.4431 2.33475
72 85.4297 92.7149 1.45122
73 25.2922 5.68351 2.72674
74 17.5925 72.7899 2.2901
75 80.2119 25.6606 1.49487
76 21.4992 73.9401 2.39417
77 25.015 4.34554 1.88568
78 -0.341202 36.7059 -3.25093
79 87.9903 90.0251 1.56827
80 18.0126 78.1016 2.62939
81 82.7923 94.3408 1.13082
82 67.6615 0.210185 0.0892649
83 74.9248 87.7528 1.07495
84 73.7265 13.841 1.66472
85 18.4817 80.4557 2.53252
86 19.2314 78.6085 2.04612
87 27.1284 2.78815 1.91905
88 74.9591 15.719 1.3774
89 14.8699 72.0653 2.41093
90 69.3301 23.9741 1.94741
91 17.479 91.0093 2.33615
92 24.9631 100.2 2.47622
93 78.4643 82.0626 1.13378
94 18.9997 80.2296 2.54873
95 59.5806 14.2921 1.7713
96 2.116 91.5294 2.22673
97 23.1336 6.63215 2.01761
98 14.7186 73.042 2.55996
99 23.7117 98.9999 2.26838
100 70.1574 23.6543 1.26448
101 82.7959 92.0418 1.69553
102 22.778 78.9421 2.75316
103 10.8692 76.3572 2.27237
104 21.9641 86.7184 3.07346
105 69.2434 25.1429 1.95602
106 85.2641 82.4362 1.21369
107 1.8683 80.2365 2.7296
108 20.6911 88.9569 2.83318
109 93.7802 89.8873 1.1541
110 82.6485 26.7794 1.79459
111 27.8555 8.55822 2.22303
112 59.6153 19.1203 2.15861
113 20.895 98.5366 2.27077
114 98.1916 93.8902 2.44099
115 11.7489 6.15239 2.13901
116 17.8578 68.5478 2.19942
117 14.5076 87.8751 2.48159
118 53.2312 21.8748 2.03606
119 81.051 85.029 1.18346
120 4.76253 74.7325 2.04609
121 57.1008 79.129 -2.28323
122 20.1928 84.2118 2.55867
123 73.9277 82.4309 1.16145
124 1.26754 2.94439 2.89063
125 83.8534 13.9356 0.95073
126 32.9146 95.2834 2.32142
127 81.0272 76.0411 0.723881
128 71.584 23.8666 1.65995
129 93.7419 94.3556 1.88471
130 8.04244 86.0119 2.08802
131 20.2845 76.7052 2.84727
132 84.8074 15.3722 1.62657
133 84.5246 18.046 1.23283
134 2.64748 65.9372 3.19849
135 25.3583 5.31494 1.91706
136 14.9095 69.5312 2.12189
137 9.12805 96.4887 3.21463
138 21.766 80.9851 2.12252
139 9.09363 76.2833 2.72153
140 23.7057 78.1082 2.80628
141 78.6688 16.3934 1.56111
142 78.4536 85.2612 1.12266
143 41.807 93.0079 2.526
144 5.87616 95.3776 3.28523
145 94.4008 97.2103 1.93534
146 3.75447 80.3213 2.21995
147 66.1633 30.032 2.08238
148 26.4318 5.39228 2.6801
149 81.9614 94.5823 1.74002
150 25.211 81.217 1.82775
151 52.7789 17.5749 1.70822
152 17.9308 72.2962 1.96014
153 21.6748 87.9617 2.49475
154 38.9307 90.5072 1.78603
155 85.5476 19.5403 1.66965
156 50.51 87.0704 1.43617
157 39.7498 99.848 2.56242
158 97.8758 42.4176 -2.68391
159 43.7392 96.8006 2.43734
160 64.0827 31.7701 1.52906
161 42.5739 96.6267 2.10054
162 81.4232 95.4521 0.884585
163 73.3577 13.5033 1.78443
164 82.3194 21.7711 0.820141
165 76.6356 92.6856 1.66118
166 73.166 14.9649 1.36066
167 28.983 8.60143 2.3041
168 87.4892 91.4976 1.07065
169 81.1186 20.2953 1.28343
170 53.1273 54.8198 -2.1304
171 16.9543 98.4367 2.09647
172 98.3318 74.5058 2.31282
173 24.0704 77.1345 1.96895
174 96.38 40.9685 -2.3547
175 84.4459 12.2078 1.51332
176 15.1026 11.7309 2.08789
177 10.8524 74.5525 1.99921
178 69.3752 22.9128 1.29163
179 10.8888 89.1346 2.8792
180 19.1567 99.53 1.9706
181 46.018 91.4354 1.64632
182 91.1879 85.4475 1.52608
183 98.5853 70.5108 2.47697
184 24.9388 99.7782 2.73167
185 81.8052 20.139 1.1804
186 24.1256 86.5436 2.963
187 55.6311 19.0174 2.42094
188 75.189 76.0408 0.542254
189 0.991666 0.204558 3.18031
190 98.6412 43.0265 -2.78525
191 13.2244 3.69287 2.17603
192 13.1866 67.8415 1.92062
193 26.0116 95.5161 2.58356
194 16.3514 76.8481 2.74731
195 10.0995 95.137 2.47635
196 7.78474 73.3096 1.89644
197 18.4698 76.2372 2.26918
198 22.7129 99.2511 2.4749
199 1.17746 50.8758 -3.22581
200 24.9811 3.0797 2.48824
201 21.5371 7.699 2.47111
202 67.0141 24.2402 1.49644
203 45.3687 98.3352 2.49023
204 97.4856 40.5276 -2.26818
205 29.2784 7.65646 1.86541
206 15.1438 77.6285 2.18972
207 9.23502 83.086 2.64231
208 69.9785 11.6058 1.33072
209 53.4175 20.9026 1.78233
210 85.9312 93.4258 1.58724
211 20.7821 83.8463 2.94198
212 85.3214 16.8488 1.12901
213 53.127 15.4019 2.54959
214 71.7172 73.8784 0.593262
215 3.50047 83.8569 2.48825
216 32.517 90.7148 1.98742
217 8.51271 91.2322 2.89707
218 92.5484 5.63473 1.73552
219 85.8985 100.167 1.39865
220 26.2176 7.51609 2.29539
221 28.401 95.4889 2.81217
222 24.7777 7.3926 2.31298
223 73.955 26.4494 1.77651
224 57.0657 20.6781 1.673
225 12.5469 7.22216 1.96455
226 41.0048 88.1637 1.61832
227 24.5133 88.7131 2.32914
228 20.1973 78.0723 2.22364
229 21.5275 78.4899 2.2238
230 84.1882 75.2839 0.824411
231 90.4876 91.293 1.45524
232 23.872 96.2891 2.43815
233 16.3852 84.1742 2.43459
234 7.62288 75.0363 2.48726
235 86.1577 82.2219 1.52195
236 37.8561 86.0427 1.73569
237 4.89197 3.26222 2.36457
238 88.8006 83.9255 1.32645
239 76.9792 84.9415 1.49037
240 2.27557 95.6877 3.05151
241 48.4271 85.9476 2.12967
242 29.7665 93.6728 1.92369
243 23.2387 1.63189 2.19212
244 42.2981 96.959 2.58789
245 26.23 92.4737 2.21384
246 21.12 80.2469 1.93574
247 90.2669 34.3912 -0.411842
248 81.3386 85 1.10239
249 15.6387 70.8717 2.09715
250 93.2314 92.7577 0.999183
251 97.6218 0.560026 2.25981
252 76.8756 26.8921 1.46556
253 57.0231 22.2351 2.02564
254 19.4822 75.5537 2.68006
255 81.7224 94.3121 0.882276
256 30.4826 92.4454 2.0694
257 20.1081 79.3465 2.27947
258 49.4651 90.756 1.8616
259 90.0468 83.54 1.4096
260 0.382907 45.714 -2.91258
261 82.4122 86.3018 0.869822
262 30.5977 86.83 1.96415
263 21.3454 94.3115 2.81746
264 64.7326 30.7162 1.67823
265 17.6896 75.4299 2.39438
266 10.2296 72.2589 2.49939
267 4.41507 96.4916 2.39514
268 8.30572 78.2843 2.40761
269 92.4336 94.0538 1.50962
270 89.7479 87.467 1.0346
271 91.7025 86.3135 0.907671
272 49.7083 14.8955 1.49417
273 10.1359 77.9875 2.72999
274 18.1645 88.3872 2.16146
275 20.3487 77.652 1.93384
276 8.97281 68.5114 2.53419
277 22.1573 98.0767 2.58394
278 33.9502 70.7297 2.70799
279 29.8602 94.6326 2.40487
280 90.977 87.9272 1.4196
281 22.4707 84.2744 2.08071
282 83.6193 84.2725 1.62078
283 32.1561 8.08599 2.48092
284 26.8414 72.4548 1.95865
285 20.83 2.99399 2.18185
286 77.6451 77.3414 0.811531
287 19.083 80.6391 2.19948
288 62.9052 15.1059 2.33179
289 28.286 74.7638 2.7293
290 16.8754 84.4844 2.47157
291 48.8654 82.3975 1.50687
292 83.2149 18.2745 1.51108
293 15.5067 86.6147 2.84087
294 90.6121 83.7976 1.51231
295 99.6547 87.1829 1.7126
296 27.9296 1.71966 2.08117
297 34.3658 87.8213 2.64848
298 53.0059 85.048 1.90385
299 22.9789 8.05543 2.58474
300 15.1036 78.5525 2.26251
301 85.4039 94.2891 1.71646
302 4.46812 74.6564 2.0251
303 21.3097 82.1101 2.27808
304 38.3844 72.3334 2.27436
305 1.29525 0.835966 2.34815
306 62.9228 26.8835 2.21089
307 2.70354 99.8879 3.18404
308 81.6382 88.8481 0.915733
309 16.4826 88.237 2.29997
310 66.5358 28.1444 2.14326
311 89.6205 79.7323 1.26567
312 23.9651 91.5567 2.42369
313 55.128 16.2546 1.70522
314 86.5362 98.1042 1.39149
315 21.6869 85.3083 2.86929
316 23.9678 99.8271 2.19435
317 89.9907 89.1434 1.41872
318 10.8844 6.25175 2.07796
319 22.2311 7.27217 2.81026
320 23.7643 6.36686 2.66047
321 84.2423 97.444 1.18559
322 27.2234 4.90354 2.13959
323 85.9308 89.6966 1.61593
324 35.7557 10.0917 1.98775
325 33.2282 91.0922 2.03064
326 19.2209 76.0447 1.93545
327 17.0801 82.5699 2.59518
328 31.3917 4.1203 1.80878
329 62.3291 16.3106 1.62768
330 54.9277 14.8424 2.19176
331 74.2665 30.1375 1.86231
332 56.9319 16.0767 2.45258
333 24.3781 0.331033 2.51154
334 82.846 80.4494 0.786294
335 14.4687 4.45685 1.59442
336 28.0364 6.98818 2.21035
337 80.9277 82.8748 0.791632
338 30.7725 89.8531 2.46751
339 20.1809 81.124 2.38888
340 96.147 72.2757 2.57122
341 77.5341 88.1544 1.71574
342 83.994 90.6313 1.81644
343 33.0846 94.0811 1.87585
344 23.4585 82.1856 2.46612
345 73.8767 20.3322 1.47083
346 80.9224 78.7389 0.640374
347 0.643095 46.3118 -2.5623
348 74.7631 77.0398 0.743357
349 96.7718 37.7422 -2.78217
350 26.2245 91.2708 2.01063
351 45.9315 87.1261 1.89418
352 38.7966 77.5048 2.47806
353 72.7545 25.4347 1.81807
354 12.2114 69.7913 2.35638
355 21.4834 73.671 2.68669
356 27.8073 3.36467 2.53509
357 85.3463 21.3556 0.991703
358 90.1691 88.5674 1.38916
359 9.00131 80.3072 2.27874
360 82.1786 99.5894 1.70243
361 1.16227 67.3615 2.34259
362 3.19323 91.7726 2.98812
363 19.6075 78.1771 2.13037
364 69.6573 30.7907 1.80286
365 21.4429 92.5459 2.45288
366 21.7802 1.21431 2.10011
367 26.4197 6.59324 2.03439
368 1.05024 76.2517 2.31389
369 58.3682 15.4204 2.06087
370 57.9448 23.9084 1.62124
371 81.421 93.2328 1.79319
372 94.2849 84.386 1.1591
373 23.5418 4.25207 1.80308
374 98.4329 99.5588 2.39274
375 25.2189 96.5342 2.74416
376 96.3821 87.6342 1.11013
377 50.7565 16.9899 1.80978
378 15.9183 86.5878 2.63964
379 25.9748 9.18319 2.66351
380 21.2338 78.0693 2.905
381 1.81829 41.4016 -3.08294
382 7.62752 92.4551 3.27696
383 75.3576 18.1332 1.59034
384 23.6551 96.6513 2.16665
385 74.3754 28.6111 1.99316
386 62.047 37.0554 1.96794
387 5.45751 67.9953 3.00683
388 33.5982 88.0135 2.11053
389 6.71883 78.8239 2.25772
390 75.7938 89.5782 0.952982
391 85.0663 87.9079 1.46407
392 6.24106 75.862 2.62931
393 32.4494 93.826 2.72917
394 8.51284 95.2041 2.48611
395 90.2732 88.8822 0.647284
396 87.011 98.5464 0.766286
397 5.58471 97.8773 3.01161
398 55.392 14.4684 1.62421
399 48.5685 84.8298 1.59203
400 78.4305 83.6719 1.69955
401 57.8579 13.288 2.40733
402 15.1474 72.0215 2.64617
403 3.78223 87.9836 2.00477
404 17.5357 81.7743 2.62746
405 37.3541 75.6607 2.35464
406 82.5519 72.7747 1.80538
407 16.8342 100.438 1.91504
408 2.72204 82.908 1.9279
409 32.1762 6.42069 1.69077
410 81.5323 85.6984 0.761378
411 -0.189576 95.6472 2.95672
412 26.4748 76.8611 2.18447
413 78.6111 86.0724 1.18782
414 30.7001 92.9855 2.09082
415 78.3707 19.4136 0.878461
416 24.8801 99.4297 2.17744
417 76.7812 83.482 1.40574
418 87.7501 93.119 1.61007
419 73.9434 16.694 1.79303
420 15.1169 85.1856 2.6275
421 83.9796 92.2742 1.43051
422 88.8859 86.0888 0.813487
423 25.4737 4.26224 2.57831
424 86.3066 96.8778 1.35941
425 16.1042 95.7688 2.35997
426 35.4271 6.37996 1.99164
427 95.5532 98.4182 2.47343
428 20.3118 85.127 2.09719
429 29.7126 88.7679 2.40378
430 39.3733 93.2 1.88295
431 24.6108 95.3386 2.60746
432 82.4744 95.5303 1.58274
433 33.4677 6.62917 1.84648
434 14.6506 80.9189 2.09071
435 74.287 28.9788 1.71561
436 45.3312 92.8992 2.13889
437 9.64083 75.5587 2.07408
438 17.4216 10.188 1.89917
439 26.8142 8.56311 1.79052
440 23.4146 74.1078 2.05727
441 81.7684 73.2135 1.35175
442 16.5014 3.33657 1.83131
443 5.80635 64.4956 2.43889
444 25.1545 94.099 2.5427
445 97.7527 45.8255 -2.747
446 81.5972 28.9392 1.05485
447 84.3545 77.1525 1.73296
448 95.8582 87.7241 0.934979
449 26.332 73.9067 2.58291
450 82.0098 89.2503 0.763855
451 14.2795 73.9475 2.4364
452 97.1898 0.405423 2.24562
453 23.4486 77.3374 2.68917
454 96.0579 95.9077 2.05873
455 77.9248 18.5112 1.23277
456 74.6522 81.9591 1.55646
457 86.9861 83.98 1.43798
458 98.2257 83.6328 1.79035
459 83.2257 17.674 0.970261
460 10.6965 77.892 2.04777
461 66.0803 24.2239 1.64039
462 27.7094 93.8871 2.36065
463 93.178 86.7062 1.47791
464 29.6649 95.704 2.65234
465 83.7698 87.8914 0.841145
466 31.1636 90.0035 2.69414
467 27.7699 6.86944 2.32374
468 5.51793 77.0822 2.58045
469 47.502 89.2835 2.1996
470 40.7252 76.1112 2.27933
471 20.0469 86.927 2.94686
472 28.7127 94.9807 2.04645
473 23.9337 98.9985 2.47718
474 14.6076 43.1726 3.38157
475 84.6727 75.6992 0.995101
476 86.2894 22.0337 1.79175
477 20.21 78.9255 2.7714
478 76.8295 11.0573 1.34156
479 72.6751 19.2074 1.17134
480 93.0682 79.1331 1.85131
481 29.265 2.80804 1.69471
482 12.9433 69.8443 2.11522
483 79.6931 90.3179 1.59025
484 3.65125 80.8678 1.97842
485 -0.367404 68.6523 2.82317
486 25.5856 77.9971 1.92377
487 31.4426 90.5703 1.8757
488 47.3427 85.6134 1.7136
489 72.7401 16.8373 1.30691
490 80.4873 26.2804 1.07672
491 19.7644 79.1394 2.48182
492 27.861 96.5031 2.82743
493 22.3369 87.6815 2.83641
494 17.4601 74.5534 2.51227
495 14.3216 86.1435 2.74595
496 6.87959 98.9796 3.23307
497 89.4234 93.0332 1.03409
498 33.3171 87.7044 2.48338
499 88.3237 12.0685 1.2168
