500
Particles
0 55.0898 74.5866 1.41672
1 27.081 75.5194 2.03602
2 19.9367 82.5441 2.00829
3 53.8225 85.0218 -0.0373509
4 21.7694 57.4468 1.36187
5 20.7038 91.2875 2.64977
6 46.7834 71.3409 1.54959
7 26.7322 22.6053 1.11588
8 34.4396 88.9393 2.96745
9 36.274 93.2221 3.14491
10 29.0961 92.2328 3.24329
11 19.3609 17.9624 1.41536
12 49.8223 87.8664 -1.66887
13 80.7281 71.6433 -0.343277
14 23.4504 59.5718 1.68142
15 36.8756 14.3174 -1.75196
16 35.5384 2.5587 -2.60201
17 19.763 49.0765 2.20563
18 31.0498 73.0144 1.42428
19 95.2735 97.8083 1.34563
20 54.3737 85.3973 0.56723
21 43.8045 70.8877 1.44922
22 22.4643 98.2043 2.35164
23 27.3938 54.3446 2.29646
24 80.1195 21.0941 2.47608
25 16.7652 96.7134 2.15705
26 21.9782 90.77 2.40759
27 17.2081 10.4075 2.14215
28 56.9204 76.7407 1.05406
29 22.8368 51.2092 2.03048
30 21.4187 85.8803 2.46736
31 19.2504 0.641933 3.14204
32 54.5945 83.0323 1.02925
33 22.9927 81.2804 2.21161
34 22.1533 98.2664 2.50808
35 37.5876 86.5643 2.92116
36 16.9946 21.5951 1.03123
37 45.1634 77.4263 1.62655
38 6.67919 91.527 1.70763
39 20.4253 55.2429 2.07646
40 24.2733 95.2514 3.02685
41 83.3566 76.253 -0.33913
42 30.0373 95.9303 3.22422
43 80.9847 11.6079 3.39083
44 29.0003 80.4906 1.81749
45 33.6348 0.0545812 -2.76774
46 22.2015 0.754424 3.35779
47 6.21089 18.2774 0.0585441
48 25.1671 97.0151 2.92619
49 17.3398 90.8039 2.76077
50 42.4678 87.4792 2.13371
51 24.3674 1.36558 2.97505
52 78.6055 17.6995 3.29112
53 16.8046 20.5888 1.04768
54 29.398 60.3708 1.89427
55 11.0348 1.425 2.19457
56 31.019 62.3336 1.65978
57 29.0885 90.0595 2.82189
58 29.5079 65.8013 1.72959
59 13.3143 93.8751 2.99785
60 38.5806 80.8605 1.7907
61 28.551 95.3715 3.11407
62 33.4376 87.1165 2.99794
63 24.8223 70.9159 2.14103
64 41.7214 77.1718 1.8205
65 8.69316 2.8037 1.77239
66 38.7218 84.1571 1.98999
67 39.3978 85.3108 2.24458
68 5.52419 100.065 1.79587
69 33.0985 88.2306 2.92803
70 45.3496 74.3631 1.58205
71 19.8494 96.0028 2.27777
72 38.436 79.5978 2.23181
73 49.8711 76.3377 1.14719
74 26.4197 89.4067 2.47173
75 64.7171 32.7379 -0.836481
76 29.5411 89.3489 3.23714
77 44.2471 74.3347 1.81067
78 20.9805 85.9444 2.0221
79 31.1316 68.2677 1.7663
80 25.3923 92.2861 3.15954
81 37.1761 82.8978 2.13581
82 98.9423 95.614 1.70593
83 26.2521 65.2124 1.64829
84 16.8747 2.02288 2.32739
85 24.0973 92.6166 2.48764
86 26.2626 92.7138 2.95051
87 0.181995 95.7194 1.65035
88 95.2589 97.6989 0.909712
89 24.6009 90.5779 2.88798
90 64.0808 28.5823 -0.368306
91 17.5418 1.21021 2.35663
92 99.9815 94.9521 1.27497
93 27.523 62.3909 1.49607
94 26.6256 95.1879 2.98767
95 54.4726 80.379 0.901998
96 40.6485 74.8515 1.54637
97 47.0509 78.6895 1.63543
98 23.8976 90.9124 2.24428
99 62.1596 79.5847 0.282086
100 79.7809 17.4238 3.02004
101 32.5284 73.751 1.70003
102 30.2105 93.7702 2.74553
103 21.2125 94.9327 2.7457
104 26.0198 98.5646 3.09496
105 61.0299 28.1338 -0.680176
106 32.1294 62.8619 2.08344
107 56.2767 76.3665 1.30341
108 24.9995 0.531451 3.36259
109 34.5 65.3382 1.34268
110 80.0854 90.2566 -0.641994
111 46.4334 76.5465 0.972001
112 55.2691 84.2571 0.930751
113 48.9502 71.3592 1.8484
114 43.6531 24.4611 -1.73337
115 47.1743 83.8935 1.31605
116 27.0014 85.9368 2.24564
117 16.4472 98.5295 2.29466
118 50.9464 86.5968 -0.10515
119 28.2109 61.0744 1.96104
120 17.7095 96.5408 2.85453
121 36.9245 88.8565 2.3602
122 25.078 95.4989 2.89452
123 29.0202 72.5826 1.25965
124 75.5632 71.2853 0.218171
125 9.23548 0.887252 2.62085
126 31.5623 6.1725 -2.93683
127 78.9794 74.389 -0.163587
128 79.5662 20.7594 3.30027
129 55.4974 71.035 1.78532
130 61.0608 78.3473 0.534362
131 28.3341 93.0362 2.93384
132 6.58824 46.5564 -1.24106
133 6.66783 52.7671 -0.672813
134 17.8813 90.0911 2.25761
135 49.3038 75.7131 1.79435
136 25.259 88.8774 2.43957
137 47.0192 75.851 1.35093
138 27.5432 94.5886 2.49744
139 20.0659 97.0538 2.69816
140 31.2689 93.8912 2.89907
141 11.1877 2.46636 2.40175
142 28.7595 65.3938 1.55995
143 35.6297 99.5351 -2.5358
144 44.6005 79.0237 1.8858
145 53.9143 73.0987 0.980637
146 59.9958 76.8638 0.610356
147 19.3945 80.3563 1.96349
148 60.2147 78.5385 0.294193
149 38.0394 83.0966 2.6817
150 30.843 94.0291 3.02637
151 53.8866 81.9737 1.07463
152 27.858 89.5885 2.30159
153 24.4187 99.0938 2.78392
154 35.5074 1.30362 -2.87832
155 8.11803 53.7365 -0.806413
156 38.1184 89.4272 2.25475
157 28.3724 1.57117 3.07058
158 20.2376 91.5465 3.02332
159 35.252 11.0547 -2.07372
160 22.8126 85.0906 1.92086
161 33.1 6.73139 -2.36913
162 40.1663 90.1046 2.3628
163 6.1023 98.5384 1.4492
164 76.215 58.4237 -0.576081
165 38.2948 86.6807 2.46983
166 1.78794 98.379 1.84935
167 50.7457 78.5955 1.05557
168 32.0832 71.9759 1.42898
169 84.2868 16.4989 2.90054
170 23.1197 78.2624 1.9438
171 45.7783 71.2504 1.20638
172 53.4231 74.3237 1.67243
173 32.2485 93.28 3.04958
174 20.3931 90.9056 2.13177
175 17.7465 2.05668 3.1664
176 35.7369 15.2558 -1.3009
177 22.2943 94.877 2.34807
178 83.5496 16.7743 2.64393
179 55.6648 76.8058 1.12131
180 48.1676 72.613 1.91146
181 36.0909 94.687 2.73473
182 32.341 62.8743 1.80559
183 65.981 82.2682 0.687916
184 4.06301 95.3818 1.22178
185 3.74524 54.8439 -1.02156
186 26.5104 96.1052 3.14574
187 53.7626 84.181 0.855274
188 23.1129 65.9342 2.10073
189 22.8006 86.0122 2.83626
190 18.8079 89.756 2.1283
191 44.3637 80.7668 1.43434
192 26.1512 91.248 2.87993
193 20.8964 0.412408 2.73936
194 23.4498 90.854 2.31238
195 43.8924 72.9457 1.65837
196 19.373 92.6205 2.41897
197 26.8642 93.3369 2.37708
198 99.7023 95.0381 0.937685
199 20.4263 91.9365 2.59898
200 46.8363 74.1776 1.17757
201 17.9578 51.9848 2.08437
202 78.2225 19.3035 2.56098
203 33.1244 9.12049 -2.15312
204 21.9046 90.3414 2.1611
205 50.6519 76.785 0.994153
206 23.7325 94.9059 2.87818
207 15.2845 96.7527 2.46622
208 7.83093 97.1619 1.51601
209 56.2732 85.3039 0.197115
210 35.0059 76.792 1.42764
211 24.5101 96.0999 2.56486
212 6.47022 48.5812 -1.18738
213 58.1409 81.5072 0.142915
214 24.0867 67.008 2.01893
215 51.7181 73.0343 1.64283
216 32.4591 2.97195 -2.80154
217 46.3284 70.3503 1.01888
218 27.0761 5.58399 2.5617
219 20.9999 48.4812 1.9105
220 49.5623 77.0125 1.50568
221 25.8403 2.58139 2.95804
222 44.4686 78.0589 1.48239
223 61.7003 34.8344 -0.739436
224 55.3882 84.8111 0.222869
225 20.4857 18.6823 1.93352
226 34.4215 94.3133 2.61075
227 26.6502 97.409 2.68362
228 27.5305 91.8125 2.94615
229 31.0428 97.2014 2.90367
230 81.2842 73.8089 0.18519
231 40.1702 78.3472 1.45693
232 17.6479 0.88913 2.67906
233 20.5709 96.2871 2.57618
234 17.3457 92.6525 2.92013
235 31.1687 59.7226 1.96566
236 33.2542 90.794 2.41413
237 24.2236 85.0593 2.3437
238 28.3016 58.4174 1.73124
239 23.4949 61.467 1.67567
240 46.2414 88.725 -2.008
241 30.9967 82.2065 2.2497
242 26.8577 0.170922 3.27854
243 48.414 73.2909 1.35294
244 34.3743 6.57746 -1.70485
245 25.3991 0.93995 2.91482
246 27.8166 93.8971 3.0074
247 78.2302 77.8923 0.439351
248 26.5053 63.8503 1.64753
249 24.8258 88.3043 2.145
250 14.5853 12.9074 1.44114
251 19.3429 85.4791 2.49518
252 25.3324 21.0193 1.08374
253 78.8741 15.6681 3.07192
254 27.7745 92.0674 2.73651
255 38.773 83.544 2.57593
256 28.1884 99.3121 2.88388
257 28.1421 94.9721 2.55894
258 36.839 90.6116 2.29746
259 35.1591 62.4003 1.70553
260 21.8244 91.1276 2.87649
261 28.8472 64.5822 2.122
262 32.7373 97.4741 3.16354
263 18.31 100.343 2.31334
264 21.8169 81.6652 2.54613
265 25.7334 91.6388 3.08164
266 22.7612 93.7534 2.15984
267 41.1055 76.8291 1.47647
268 19.8701 99.06 2.58363
269 16.6375 11.9795 1.35017
270 30.5742 65.6389 1.80419
271 33.1588 62.2418 1.43987
272 57.4871 81.6886 0.831481
273 18.3079 93.7793 2.89645
274 20.7506 97.2762 2.8688
275 29.3225 95.0989 2.83387
276 22.2841 90.9593 2.22996
277 53.7556 75.5634 1.09966
278 26.0273 76.2363 1.97181
279 27.412 1.65454 3.34022
280 29.2036 63.8408 2.01842
281 27.5945 95.8955 2.91854
282 28.1039 60.8233 1.25291
283 48.4003 83.4445 1.39504
284 30.1145 84.8872 2.28651
285 46.1615 74.8195 1.44997
286 77.6587 76.4869 0.0848011
287 25.8665 95.4542 2.24189
288 63.447 81.9548 0.280248
289 26.5108 80.3067 1.61528
290 22.7748 99.5614 2.14961
291 29.06 76.9427 1.28001
292 84.3758 13.6792 -2.7047
293 20.2443 98.6388 2.48592
294 29.0368 58.6135 1.70743
295 29.5554 10.4309 -1.76093
296 6.56643 96.0532 1.35821
297 33.4721 96.415 2.70152
298 31.1223 78.8478 1.7516
299 46.4875 79.1638 1.13142
300 23.8047 93.7626 2.96423
301 40.1408 81.8802 2.15852
302 8.88548 88.4869 2.13887
303 27.3149 96.4785 2.54968
304 25.4439 73.184 2.0663
305 22.0226 87.2428 2.20606
306 20.1271 19.4201 1.68151
307 22.0204 83.867 2.67086
308 30.0635 64.987 1.34884
309 18.7525 97.3929 2.75974
310 22.2344 18.1375 1.19644
311 85.1694 72.0224 -0.562917
312 24.6492 1.01681 2.72858
313 55.6817 81.2893 0.118715
314 32.9442 11.1137 -1.84629
315 25.5341 98.057 3.0337
316 49.9506 73.7361 1.14005
317 30.7122 68.0473 1.73709
318 49.3814 89.0665 -1.82987
319 44.6226 79.8167 1.60762
320 46.9318 76.4247 1.10874
321 20.411 48.3847 1.61282
322 47.943 74.9223 1.00753
323 29.6455 68.6706 1.20515
324 26.2298 84.8166 1.91305
325 31.6525 97.5158 2.60872
326 28.0642 92.485 2.8867
327 22.5752 94.5704 3.03793
328 3.54196 96.122 1.65497
329 58.4408 82.4564 0.908616
330 54.3455 80.6319 0.668269
331 94.7936 48.4418 -2.247
332 57.535 82.6541 0.947753
333 96.8967 94.3951 1.10134
334 22.9968 57.5243 1.88148
335 46.445 79.0016 1.74898
336 48.0111 76.5784 1.11936
337 24.7341 59.9471 1.27873
338 30.0589 98.0051 2.35012
339 26.2469 94.7177 2.50711
340 38.9877 72.7854 1.53957
341 24.1786 65.6035 1.57746
342 34.6269 73.4092 1.60663
343 30.2007 1.90379 3.13037
344 28.9566 94.6477 2.42132
345 82.6564 9.4757 -2.95211
346 84.9176 77.7376 -0.413367
347 21.0965 91.7989 2.53404
348 24.0421 65.4597 1.70132
349 20.6416 87.6127 2.31006
350 26.3395 0.847238 2.4974
351 37.2517 91.0131 2.49105
352 26.7903 76.8416 1.89179
353 64.0806 30.7755 -0.651053
354 25.0769 91.4963 2.57512
355 30.668 91.0719 2.71831
356 61.2945 80.4949 0.314203
357 10.1933 55.6008 -0.550151
358 32.7225 67.5403 1.62252
359 18.201 98.5695 2.30237
360 37.3674 6.32001 -1.5308
361 15.7394 91.1476 2.56437
362 42.9109 74.4504 2.0135
363 26.9274 92.0485 2.8703
364 22.8091 81.9576 2.49996
365 21.7435 1.69502 3.22269
366 47.6234 73.2302 1.73779
367 50.5995 77.39 0.982029
368 59.5436 77.0461 0.689916
369 82.8605 7.12934 -3.04758
370 53.2908 91.1023 -1.57474
371 39.8398 83.892 2.35495
372 31.82 58.6653 1.75014
373 48.6124 74.9516 1.06444
374 22.1847 84.2965 2.09099
375 19.6462 2.17842 2.3595
376 36.8098 65.2047 1.60701
377 52.4752 80.6587 0.980944
378 21.9821 1.01137 2.87168
379 50.0336 79.2343 0.854567
380 30.0492 95.4078 2.71238
381 24.3931 89.4793 2.95422
382 43.8339 71.4288 1.5037
383 87.5123 26.4202 2.32763
384 16.6506 99.23 3.18953
385 23.6151 18.006 1.0695
386 15.9231 21.422 1.47119
387 20.8078 93.8708 2.66264
388 33.1098 96.6799 2.78381
389 14.7835 94.1791 2.70739
390 31.8081 76.6357 1.9038
391 29.0601 64.3202 1.79629
392 0.641549 84.9136 2.26563
393 29.1185 0.845097 3.20372
394 45.2998 74.0518 1.64365
395 33.1403 68.9179 1.90814
396 21.145 46.7341 1.42036
397 46.0122 84.4745 1.78153
398 58.8059 80.4871 0.428268
399 35.9527 85.9786 2.84075
400 24.4537 60.9383 1.46493
401 3.61972 98.6726 1.50487
402 26.3309 92.9468 2.39309
403 42.1079 71.2788 0.984155
404 24.2211 95.4859 2.23766
405 26.4572 76.7011 1.56095
406 78.6391 73.3652 0.0180683
407 45.2366 73.1808 1.37837
408 50.6927 73.5751 1.52162
409 49.9716 76.2073 1.76932
410 22.4401 60.9861 1.98745
411 45.0156 23.3807 -1.06769
412 32.7694 89.1591 2.41432
413 27.7143 63.8656 1.84234
414 27.9903 99.5451 2.54448
415 82.3901 12.5092 -2.83146
416 5.8665 94.4766 1.67345
417 25.6137 63.439 1.97399
418 37.7457 77.8409 1.41172
419 90.7682 25.0814 3.12049
420 18.0227 96.7289 2.7963
421 30.9117 74.0249 2.04861
422 30.9765 64.0271 1.54143
423 47.9318 74.8168 1.11667
424 35.4767 13.8295 -1.55542
425 46.1254 69.9178 1.07445
426 50.337 81.0771 1.05405
427 16.4157 85.0959 2.06862
428 26.5648 99.5416 2.92577
429 31.0593 97.5428 2.53922
430 34.5706 6.7576 -1.74628
431 21.1783 2.33438 2.62472
432 40.7434 87.5678 2.29368
433 55.3974 79.9504 1.12252
434 22.5859 96.6201 2.77268
435 20.8364 80.5834 1.67534
436 35.6291 95.5378 3.00353
437 20.9358 95.2828 3.07793
438 20.4359 52.8921 2.20414
439 50.3279 78.0131 1.44655
440 28.5728 87.1935 2.64551
441 76.5232 70.4445 -0.0768752
442 45.6753 74.598 1.14169
443 23.9161 92.4163 2.47885
444 24.1404 0.708961 2.90621
445 18.7323 89.1622 2.32502
446 79.1322 69.198 0.0952803
447 81.5575 76.6015 0.39427
448 35.726 20.2858 -1.22379
449 28.9228 84.2854 2.78246
450 28.7174 66.9878 1.38762
451 25.6106 92.57 3.04131
452 19.6033 86.4899 2.85973
453 31.9423 94.9188 2.89388
454 53.904 72.3346 1.79565
455 99.1583 99.5819 1.97557
456 18.4187 58.6843 1.82757
457 30.833 58.9887 1.98301
458 44.0198 87.9274 3.0859
459 14.9449 6.22225 2.46291
460 18.2385 91.4707 2.35184
461 63.8217 28.8124 -0.613827
462 25.8556 0.769543 2.49289
463 33.8715 64.5487 1.51078
464 28.4453 5.07643 -3.05774
465 29.5449 67.2452 1.47629
466 30.9489 99.7798 2.62501
467 47.8395 75.7448 1.32579
468 14.9686 94.396 2.69299
469 36.5871 92.5543 2.34926
470 27.6521 73.9655 1.88429
471 26.5961 0.91596 3.34204
472 25.4274 1.25562 2.53115
473 50.5551 74.0742 1.38899
474 38.0222 15.2493 -1.33479
475 80.2628 72.3968 -0.338153
476 8.88059 55.4747 -0.701518
477 26.3366 93.7025 3.03006
478 17.6673 3.33538 2.52838
479 86.5194 10.1255 -3.49953
480 31.1828 57.5566 2.09545
481 7.65833 95.8765 1.66726
482 25.7503 90.5472 3.06252
483 29.7209 70.0776 2.11603
484 2.03304 90.6662 0.749264
485 9.33788 87.6343 1.56234
486 33.4702 92.9794 2.81867
487 32.042 2.8391 -3.10509
488 35.5568 87.2372 2.93034
489 2.94609 98.8099 1.27019
490 25.715 21.3279 1.57602
491 28.469 94.4823 3.03703
492 24.5529 0.844036 3.35501
493 24.6744 97.9135 2.76612
494 28.1116 94.1986 3.17886
495 17.9669 96.7414 2.19993
496 44.2799 80.6687 1.57849
497 36.5875 10.8699 -1.89837
498 33.0462 94.9891 2.8421
499 13.4877 4.75913 2.65073
