500
Particles
0 32.8231 40.8789 1.85835
1 93.2293 27.6791 1.35125
2 66.613 92.7562 2.28141
3 67.1849 15.8023 1.10116
4 40.359 66.3157 2.23973
5 95.7921 24.4112 1.42493
6 57.4649 73.799 1.73688
7 74.18 23.1917 1.62522
8 31.8351 74.0377 2.16356
9 42.9131 16.7787 0.408541
10 55.3988 49.4866 2.52245
11 51.544 79.829 2.37923
12 71.0836 92.3449 1.86846
13 33.8597 46.7122 2.20193
14 41.1814 67.8107 2.67986
15 35.0823 50.9832 2.78425
16 73.8035 58.3782 2.4007
17 47.2184 85.1123 2.80376
18 41.805 77.3657 1.81512
19 8.68032 93.6972 3.35332
20 68.0677 16.6243 1.11705
21 54.3628 71.0045 2.53043
22 52.5417 59.0217 2.30193
23 35.1232 55.4135 2.80502
24 70.7522 18.8485 1.08083
25 43.2421 53.2956 2.3738
26 2.38405 19.2141 1.29473
27 51.4066 77.9576 2.73066
28 54.1223 68.7659 1.98912
29 73.1724 90.8168 1.25265
30 56.087 17.9544 2.37115
31 51.6751 62.2307 2.57688
32 2.04915 99.7695 2.77965
33 59.135 26.6792 1.49931
34 43.7782 50.1078 3.03094
35 38.6435 79.8317 2.55772
36 55.3792 28.0978 1.89619
37 76.6405 88.2744 1.50371
38 43.7681 57.104 2.76628
39 37.2311 57.5629 2.64839
40 44.0696 46.6168 2.60406
41 33.6587 55.5922 2.0235
42 55.5236 49.6254 2.72861
43 67.4001 16.7764 1.76407
44 94.6261 29.6462 1.31652
45 62.3675 55.3087 2.14186
46 44.1886 53.4476 2.8161
47 94.5906 15.4871 1.24065
48 50.8076 51.9488 2.65036
49 37.3685 37.98 2.6626
50 47.8234 80.5556 2.69586
51 60.0008 64.1464 2.0017
52 66.4981 18.9412 1.08748
53 57.3166 27.9197 1.82832
54 42.3252 65.8282 2.60472
55 72.2546 13.4505 1.55851
56 44.5588 68.5485 2.82536
57 55.2697 42.9936 2.23127
58 45.4871 72.7037 1.91756
59 38.9616 50.2914 2.05794
60 48.4332 78.0465 2.04289
61 51.9274 49.9302 2.33873
62 30.0691 58.7079 2.3954
63 30.3697 80.8473 1.77126
64 52.2395 75.4501 2.52904
65 95.0469 16.0083 1.28269
66 42.7159 79.0873 1.74487
67 46.4947 80.3334 2.71738
68 99.4256 12.2779 1.15244
69 68.3788 51.2507 2.45132
70 54.6592 75.3686 2.42434
71 44.0228 51.7969 2.38786
72 43.8502 76.4193 1.7379
73 77.2141 85.9688 1.22294
74 53.7645 47.2359 2.43898
75 75.9559 19.1799 0.800998
76 55.8502 46.9926 2.74993
77 57.5123 74.9039 2.05814
78 75.3256 93.5049 1.36381
79 47.0731 75.5263 2.1438
80 52.314 51.2177 2.52293
81 46.7871 81.6501 1.88893
82 33.2533 78.1285 2.55564
83 38.2556 73.1108 2.9133
84 70.8908 11.1611 1.91147
85 53.0899 53.7864 2.03604
86 52.9245 50.1538 2.21754
87 79.7736 82.8881 1.96503
88 72.6595 12.4033 2.10312
89 52.2069 47.1301 2.32589
90 70.923 19.609 0.78824
91 52.717 63.8563 2.33893
92 59.2177 72.1724 2.52192
93 36.4041 66.4346 2.31143
94 51.7513 51.5633 2.14445
95 19.9416 3.44315 1.65275
96 54.075 74.8406 2.13224
97 56.8325 77.8704 2.00472
98 48.2538 44.5911 2.66619
99 57.0595 70.4894 2.49542
100 69.7596 19.3213 1.18333
101 44.1739 77.9923 2.03863
102 53.0347 48.3376 2.55383
103 41.8567 46.7866 2.0934
104 54.117 57.8722 2.21916
105 67.1974 21.4819 1.66957
106 43.9659 66.9491 2.45474
107 38.1248 52.9153 2.35217
108 54.7154 61.76 2.31975
109 45.7692 71.4799 1.94799
110 77.6527 20.3175 1.65012
111 83.8269 88.4498 1.53659
112 67.148 14.8563 1.30133
113 54.4399 70.331 1.71263
114 51.7934 78.1736 2.14315
115 67.7072 89.2976 2.22989
116 55.0383 43.5337 2.55826
117 43.6596 55.6763 2.34913
118 45.3359 11.7388 0.260812
119 40.0191 69.9562 2.26122
120 38.678 46.6551 3.03865
121 80.9319 21.8943 1.41139
122 47.9301 50.4717 2.55991
123 37.9042 68.8612 2.27957
124 65.7489 92.4591 1.83191
125 98.6936 2.44819 -2.9376
126 71.4867 61.2494 2.49021
127 31.5584 50.6575 2.35792
128 72.8447 18.5462 1.01681
129 46.8523 77.5138 1.76569
130 46.0019 60.7196 2.38041
131 53.7742 47.576 2.33694
132 99.0205 98.4445 2.4291
133 5.51485 5.69084 0.00455323
134 59.0142 32.5935 1.38649
135 64.0711 79.6943 2.59811
136 51.9051 44.1699 2.25288
137 53.2783 74.1458 1.9463
138 54.4089 52.1264 2.06998
139 40.227 45.801 2.85297
140 56.1089 48.9681 1.99335
141 84.9305 9.1002 -0.169717
142 40.0606 71.493 2.78075
143 31.1564 86.4826 2.06862
144 54.0686 76.1766 2.56339
145 47.2954 80.8916 1.92835
146 38.101 50.6531 2.4301
147 62.7501 26.5535 1.94781
148 77.6109 84.6588 1.38688
149 41.5191 80.9758 2.26422
150 54.4446 49.9917 1.9522
151 5.48362 99.2982 2.77192
152 52.9416 45.0807 2.16924
153 55.6558 60.6747 1.7132
154 74.7942 55.9404 2.49991
155 3.33657 14.1803 0.597412
156 34.6618 73.7128 2.48828
157 24.8676 49.0334 2.49096
158 0.645095 20.7561 1.75748
159 31.6986 90.443 1.61915
160 57.3833 28.9957 1.75298
161 33.4123 92.2411 1.02154
162 40.6733 79.8792 2.05641
163 74.6287 8.07813 1.51318
164 95.9533 17.1821 1.14381
165 37.5842 78.7839 2.82747
166 71.8926 10.9384 1.36568
167 82.8358 86.664 2.07562
168 47.1202 77.0042 2.68692
169 88.3327 17.1027 1.75139
170 20.8525 9.18711 0.770754
171 54.5455 72.4117 1.80129
172 35.6817 47.9399 2.19562
173 56.9889 48.347 2.04357
174 96.0163 21.7393 1.95487
175 -0.137987 0.415247 -2.86802
176 67.1463 94.2029 1.54213
177 41.5498 43.4411 2.99016
178 68.3991 18.0453 1.08612
179 52.9175 68.0323 2.39915
180 56.3741 73.3752 2.41145
181 33.0858 86.2582 1.86725
182 46.7112 69.5906 1.99904
183 28.8375 35.8149 2.82887
184 62.7617 74.4345 2.47341
185 99.1821 16.2461 0.947741
186 54.9337 56.373 1.82399
187 34.8323 6.70279 1.57124
188 27.9791 50.1426 2.48387
189 53.9255 85.0573 2.49999
190 98.4888 20.7807 1.76275
191 66.4312 85.7864 2.06956
192 48.3104 38.7622 2.30466
193 61.1149 67.9903 2.14426
194 46.4379 45.62 2.41506
195 52.0783 71.635 2.41183
196 39.0859 43.1281 3.03868
197 50.2577 46.9103 2.84682
198 60.4609 73.4667 1.84598
199 16.1609 12.2082 -0.331978
200 60.0991 74.9598 2.00269
201 72.0859 88.3706 1.83652
202 67.8369 20.2284 1.25207
203 36.5502 93.0031 0.924992
204 1.69583 18.384 1.24134
205 81.8938 86.0917 1.63772
206 44.1547 44.6404 2.94168
207 41.1296 53.0048 2.60728
208 36.1089 81.9122 2.18586
209 31.4065 6.07374 1.16946
210 46.8044 78.6059 2.12085
211 54.6653 56.2991 1.8233
212 3.42762 9.51697 0.878566
213 3.94908 96.3221 3.01622
214 27.0714 46.0614 2.39575
215 42.3471 58.8585 2.32604
216 61.0965 56.5894 2.19915
217 52.2133 70.9402 1.99505
218 51.5632 89.0682 2.42617
219 46.7322 85.4537 2.43096
220 76.6349 86.5936 1.70811
221 64.4378 69.4146 1.66906
222 76.0229 87.1267 1.83868
223 71.4007 22.9225 1.20781
224 64.1518 16.4559 1.68162
225 68.7461 92.0566 1.81125
226 13.6774 7.12292 -0.960321
227 58.5001 60.6432 1.72212
228 53.4321 49.9906 2.21174
229 59.2283 54.3831 2.07706
230 33.3662 50.3977 2.81607
231 50.0408 77.7567 2.55253
232 59.3344 68.7725 2.29614
233 43.5076 50.8214 3.03626
234 40.7911 47.4303 2.47466
235 43.2442 66.0934 1.8981
236 72.6886 54.3103 1.82582
237 67.8092 92.2967 2.23235
238 48.0813 70.1442 1.7394
239 41.4114 73.313 2.03721
240 52.2007 78.3436 2.49487
241 33.8252 72.7617 2.75512
242 58.0703 59.5128 2.41222
243 59.3575 74.9775 1.92728
244 32.9667 92.5359 1.40981
245 57.886 62.5742 2.39941
246 55.6923 53.9239 1.9518
247 99.0029 19.4139 1.90196
248 39.4523 68.4584 2.84443
249 49.4342 42.9934 2.63763
250 47.8161 77.216 2.26123
251 51.6682 85.3024 2.23949
252 68.0735 22.9002 1.72103
253 60.5197 17.3716 1.72317
254 54.6707 48.1921 2.11823
255 42.3543 79.3765 2.58344
256 57.2384 57.0776 2.58085
257 50.5913 47.4908 2.51117
258 34.3783 76.855 2.47102
259 41.8287 65.1029 1.94418
260 8.38835 7.582 -0.725541
261 40.2871 70.693 2.93739
262 57.5377 51.5263 1.71876
263 58.0658 67.7172 2.43186
264 61.3825 27.6973 1.64777
265 51.8989 47.7573 2.58366
266 41.0046 40.4073 2.77709
267 52.7801 77.6027 2.25828
268 38.5484 46.2135 2.65205
269 48.4511 78.8114 1.85058
270 45.6066 70.827 2.20634
271 45.0281 68.8006 2.0896
272 1.92164 94.8459 2.56461
273 40.3533 47.1088 2.64175
274 46.7542 56.5537 2.7791
275 55.3649 51.2078 2.22794
276 42.003 35.5862 3.2424
277 60.0773 72.5832 2.28817
278 81.1355 23.0573 1.50428
279 57.812 59.8282 2.36742
280 51.3876 75.3506 2.24767
281 53.6068 53.9696 2.02712
282 42.7865 69.1254 2.93531
283 85.8351 85.7807 1.72541
284 72.8755 50.6811 1.56104
285 58.0326 76.445 2.60205
286 31.1372 53.9974 2.27615
287 52.0306 52.4846 2.47641
288 38.6092 89.0756 1.1788
289 69.3385 51.2975 2.50964
290 44.961 51.6895 3.00796
291 29.182 31.9543 2.96127
292 0.69926 13.4744 0.681037
293 42.5526 52.0538 2.38106
294 45.5025 66.3444 2.51384
295 54.0661 71.5517 1.6838
296 64.6224 74.6852 1.7644
297 73.8963 59.2958 2.38009
298 38.3174 75.0001 1.97548
299 72.1748 88.0986 1.90018
300 47.8031 49.8582 2.68055
301 46.5538 79.8398 2.3373
302 37.3428 45.4334 2.10279
303 54.1369 53.441 2.51082
304 29.692 82.0294 2.15798
305 53.2598 84.4374 2.3206
306 61.7752 23.2243 1.66207
307 68.2707 90.0453 1.38015
308 41.0999 73.9094 2.66627
309 43.9771 54.7483 2.34912
310 65.5754 24.6942 1.01172
311 38.0683 56.9263 2.63301
312 58.3242 64.0382 2.30602
313 4.60195 97.6013 3.24884
314 44.7182 81.588 1.84094
315 55.8108 58.0079 2.43032
316 58.4095 70.5112 1.96515
317 44.1738 71.7032 2.71777
318 68.4414 90.746 2.01923
319 72.8483 88.1487 1.87079
320 76.704 86.4279 1.2999
321 45.6073 83.2282 2.72443
322 78.0938 82.9323 1.91562
323 45.6834 74.423 2.54279
324 15.2969 7.36973 -0.466828
325 60.3652 55.5262 2.47041
326 52.2091 48.1849 2.23969
327 44.6402 49.2251 2.07377
328 85.0364 83.3238 1.44374
329 70.1953 0.643294 0.324162
330 5.11238 96.3815 2.8582
331 67.121 27.9403 0.89918
332 19.5597 6.17317 1.81912
333 62.4404 75.4301 1.80454
334 37.037 59.5962 2.35755
335 69.8223 87.4822 2.03989
336 80.1008 85.7582 1.94921
337 40.1649 68.0221 2.79063
338 62.7932 58.2298 2.10162
339 49.3298 49.776 2.22402
340 33.1676 44.4769 2.7937
341 41.2508 75.9572 2.48135
342 47.1821 77.8264 2.31951
343 59.8132 56.8416 2.3388
344 55.8219 52.9116 2.11174
345 74.7709 16.486 1.60339
346 35.0405 56.3277 1.92847
347 10.0348 6.5848 -0.700747
348 29.2364 52.9289 1.97404
349 99.7426 18.3955 1.53868
350 54.5137 57.0624 2.15582
351 32.8046 82.0993 1.92686
352 97.0126 26.7552 1.51587
353 72.0693 21.3083 1.06034
354 47.6699 42.7554 2.34454
355 55.0802 45.9219 2.14864
356 81.1279 82.3185 1.25502
357 97.8546 17.7454 1.46075
358 50.2137 74.8894 2.19001
359 40.8819 50.553 2.01842
360 41.473 83.1561 2.3518
361 37.7458 39.3783 2.07643
362 50.7924 71.6888 2.2083
363 54.1101 51.6849 2.52227
364 69.3227 27.1622 1.54657
365 55.8066 65.0523 1.56254
366 58.1398 74.9504 1.8609
367 81.4357 86.918 1.18015
368 36.0519 49.0407 1.94643
369 7.84368 96.0119 3.16027
370 62.7823 19.9328 1.39218
371 44.2638 79.265 2.1608
372 49.4391 68.0303 2.63892
373 61.0395 78.3959 2.2802
374 47.4824 80.7206 2.70534
375 62.8267 72.0731 2.28655
376 50.8102 72.7102 2.61566
377 3.7772 99.1808 2.72385
378 45.5158 53.7823 2.92988
379 78.3865 89.2109 0.946116
380 55.0101 50.5698 1.90833
381 12.4907 11.1246 -0.139948
382 54.8641 73.4405 1.6509
383 76.1776 14.2566 1.47711
384 57.3107 67.871 1.87248
385 74.3444 23.1072 1.01666
386 55.3784 25.7832 1.5951
387 37.3441 37.2144 2.1861
388 61.871 53.8174 2.26504
389 41.6215 51.5948 2.86624
390 37.2259 76.589 2.59367
391 44.7047 73.6521 2.32771
392 42.6891 50.6641 2.16796
393 61.2366 59.6669 2.04461
394 56.3465 76.2527 2.35797
395 48.8337 74.2514 1.91095
396 47.969 84.4323 1.87721
397 51.5854 77.6395 2.41143
398 5.69704 96.8929 2.78054
399 35.9911 72.688 2.91026
400 38.1714 68.4607 2.76216
401 21.1798 2.91963 1.87947
402 47.2098 40.8489 2.78528
403 55.9151 72.1742 2.4995
404 48.3523 51.9229 2.47931
405 93.1133 26.9351 1.91703
406 31.0778 45.3573 2.32026
407 57.2426 76.4955 1.83989
408 43.3722 59.3854 2.42647
409 84.8373 85.5239 1.63276
410 40.0112 70.7417 2.54254
411 50.4813 78.7913 2.51019
412 55.8969 45.4748 2.1562
413 39.4141 71.0832 2.4593
414 59.2054 58.4391 1.82444
415 90.5766 15.4047 1.20853
416 60.3014 71.7611 1.73849
417 38.5457 68.8611 2.78427
418 50.1438 79.7211 2.54051
419 73.8916 13.7344 1.43014
420 40.5236 49.0678 2.74403
421 49.051 78.7325 2.02281
422 42.3888 69.0549 2.71341
423 75.1465 82.7983 1.97598
424 48.5471 84.9746 2.13384
425 53.8261 68.1384 2.54064
426 8.78415 9.91485 -0.225951
427 47.9664 81.7903 2.07141
428 51.1069 54.7085 2.7866
429 55.393 51.4622 2.60974
430 27.605 87.6836 2.29438
431 62.9138 70.7548 1.65196
432 42.9902 80.7487 2.574
433 85.8828 82.8543 2.26592
434 46.6862 51.1252 2.17913
435 69.3722 25.3541 1.25917
436 33.9397 87.5642 1.52488
437 40.9346 46.0314 2.58346
438 72.1819 93.4793 2.17076
439 78.742 88.4475 1.58389
440 56.8126 46.5317 2.42216
441 29.2075 45.2947 2.1391
442 53.829 77.0461 2.38414
443 13.7926 15.5171 -0.268209
444 57.4378 64.163 2.26164
445 89.7756 21.1585 1.56871
446 76.338 21.9168 1.52006
447 33.5035 53.6185 2.3444
448 52.6559 74.0823 2.59976
449 66.0191 51.3451 2.22291
450 41.5502 75.2678 1.86657
451 45.9452 43.3063 2.84482
452 49.3436 84.3523 2.34988
453 54.0183 46.5742 2.68245
454 52.4787 81.989 2.75682
455 86.0375 15.9457 2.19863
456 37.0041 66.014 2.31189
457 45.627 69.2397 2.42465
458 48.3647 65.7532 2.22649
459 99.8419 13.6086 1.85978
460 43.0541 48.8432 2.31446
461 64.8866 20.4039 1.28443
462 58.1579 62.3423 2.17182
463 47.9472 70.8345 1.97295
464 67.7004 67.8651 2.47284
465 41.4545 72.4216 2.19756
466 58.7858 55.3248 2.507
467 80.7739 86.3697 1.6945
468 37.1178 47.3563 2.64031
469 34.1824 82.6718 2.2104
470 26.2696 92.2393 1.62868
471 47.6525 53.6745 2.4794
472 59.936 64.1772 2.3189
473 59.7774 72.0315 1.84051
474 17.4105 10.3777 0.0209512
475 32.6966 49.4792 2.66955
476 98.2968 17.0916 1.61546
477 56.3421 53.4351 2.19004
478 36.5338 83.637 2.48036
479 73.7354 15.2503 1.12036
480 39.4312 56.3758 2.46757
481 81.5544 81.8486 1.97019
482 47.1128 40.9349 2.11637
483 38.9651 74.5315 2.6884
484 36.4765 50.4888 2.64692
485 30.8016 36.8173 3.29771
486 59.5827 51.6166 1.91168
487 56.6034 53.6151 2.18258
488 34.4753 71.9121 2.36055
489 71.5152 14.3447 1.52429
490 78.3659 19.0752 1.1044
491 50.0401 48.5877 2.27561
492 60.6682 67.0879 2.34857
493 53.9713 57.9867 2.17439
494 48.4819 42.9372 1.98156
495 42.5245 53.5719 2.46542
496 52.277 76.7776 2.16209
497 48.6125 80.1901 2.71963
498 58.1505 49.7959 1.90761
499 71.4486 97.9268 1.38784
