500
Particles
0 16.1669 34.7056 -1.60025
1 86.7815 52.9266 2.78779
2 62.7624 19.3369 2.27326
3 63.9269 41.906 2.38217
4 16.1063 77.9737 3.03416
5 91.0313 49.9183 2.06533
6 36.8184 90.4774 2.39615
7 74.3542 48.5458 1.98959
8 9.6355 88.3232 3.16112
9 33.9784 29.7217 -1.89675
10 36.6976 69.1232 2.49499
11 35.0803 0.824483 2.05
12 72.7266 18.7648 1.0099
13 7.80714 53.1815 3.04957
14 17.6085 80.868 2.86623
15 9.76672 58.8575 2.36969
16 55.7255 77.4592 3.16076
17 31.0183 6.18612 2.28112
18 20.7815 93.7111 3.02391
19 8.70914 99.1412 3.08718
20 64.6762 42.4588 1.82463
21 35.0081 89.3409 2.67686
22 34.3279 78.8903 2.62246
23 10.8648 66.068 2.52138
24 68.4045 44.9203 1.57085
25 21.7331 68.6423 2.65267
26 11.9106 29.8402 -1.66233
27 31.4545 96.0286 2.31255
28 33.6981 85.6504 3.06118
29 74.8977 17.346 1.63441
30 50.2094 16.9916 1.18785
31 32.4748 80.9039 2.62389
32 85.7543 17.3499 1.49315
33 58.3144 51.9349 1.96679
34 21.9367 65.4854 2.46431
35 21.452 0.302942 2.5317
36 49.0497 52.4304 2.13029
37 76.2449 15.1565 1.50819
38 22.846 72.8742 2.68847
39 12.742 67.7592 2.81134
40 20.0858 58.238 2.9448
41 9.22677 65.4212 2.81851
42 39.929 71.368 2.11261
43 65.9102 42.6923 1.81683
44 91.3987 54.6227 2.71156
45 45.6227 76.0245 2.37622
46 22.1247 68.3632 2.74788
47 81.7334 38.3451 1.76399
48 31.9926 70.9363 2.13482
49 17.2591 27.686 -1.93004
50 28.0756 98.6501 2.39537
51 42.0027 83.9246 2.68702
52 63.5142 44.6761 2.20687
53 52.9981 52.5182 1.80781
54 18.5589 78.0308 2.95768
55 71.1218 39.8099 2.1495
56 19.69 78.2143 3.12197
57 36.2168 61.8022 1.97664
58 23.8462 88.491 2.78858
59 13.2257 58.1959 2.29972
60 26.935 94.2107 2.63503
61 34.0279 69.9158 2.20862
62 5.66585 68.1471 2.47238
63 11.4367 99.7492 2.8846
64 31.8393 92.6113 2.4692
65 81.9507 38.8151 1.81905
66 23.6057 97.7146 2.51618
67 27.1192 98.7444 1.85523
68 86.0488 34.8944 1.6033
69 49.8287 69.9735 2.64899
70 34.4146 93.0436 2.95937
71 23.401 68.7359 2.37747
72 23.838 93.9709 2.1207
73 73.8515 12.0874 2.04637
74 38.8142 69.4835 2.34747
75 74.0407 45.2105 1.54156
76 39.7926 68.7188 2.3768
77 37.8805 92.9687 2.07793
78 79.2843 19.1569 1.28613
79 24.7837 90.7729 2.80414
80 34.522 71.3539 2.68692
81 26.9426 99.7069 2.23081
82 12.5778 95.1417 3.20144
83 16.6531 89.399 2.36188
84 69.5929 37.5869 1.56516
85 35.0463 73.2627 2.7596
86 35.5382 70.5621 2.21563
87 79.9996 9.67028 1.5761
88 73.321 38.8305 1.35429
89 33.4098 66.1281 2.10519
90 67.9318 45.7102 2.03861
91 32.8864 81.7686 2.62511
92 39.8966 90.369 2.55371
93 11.5962 75.7861 2.23881
94 32.4006 70.4854 2.58313
95 37.5974 19.9309 1.10664
96 34.7176 92.5337 2.3723
97 38.504 97.0785 2.88349
98 25.7907 58.5206 2.6211
99 36.6283 87.9041 2.57077
100 66.7548 45.1455 2.30038
101 24.5459 96.0811 2.55701
102 35.467 68.5397 2.54442
103 16.8053 55.678 2.98467
104 35.387 76.7096 1.94911
105 66.2343 47.6161 2.52842
106 19.5572 77.9811 2.98572
107 13.7542 63.681 2.79408
108 36.3437 81.3062 2.7574
109 23.5748 86.4621 2.62578
110 74.7306 45.7801 2.09658
111 82.1748 14.4965 2.07064
112 62.134 40.2387 1.94446
113 34.2284 87.8271 2.24257
114 32.5253 97.3023 2.12789
115 63.7281 15.8672 1.80897
116 36.8775 63.2237 2.19055
117 22.7026 72.0782 2.32408
118 52.3162 12.9618 0.464255
119 16.0776 81.3516 2.93641
120 12.6221 51.2516 3.04668
121 78.7917 47.7635 2.0496
122 27.3256 67.3983 2.59523
123 12.4355 76.7048 2.97871
124 63.0543 19.1254 2.23398
125 82.9781 18.6128 1.44452
126 54.0013 79.857 2.97009
127 5.49691 55.9335 3.03654
128 71.3958 44.1268 1.75857
129 25.9111 94.3654 2.59721
130 23.935 75.0265 2.324
131 37.9751 69.0663 1.91814
132 84.3457 16.8637 1.82965
133 20.9034 16.8123 2.37295
134 60.0126 57.9499 1.74786
135 74.5859 91.6419 -0.923636
136 33.0654 63.1172 2.27785
137 34.5599 92.7487 2.2868
138 37.733 73.0355 2.0325
139 14.5032 53.3754 2.59099
140 38.7332 69.0563 2.49283
141 5.98421 3.41471 -0.615369
142 18.1365 87.2838 2.59488
143 20.2788 10.4865 1.41129
144 34.5005 94.2779 2.28965
145 28.3996 100.088 2.34735
146 12.9099 61 2.74387
147 60.9073 52.1222 2.17138
148 75.1617 11.6528 1.2304
149 21.852 98.8288 2.54977
150 37.603 70.7023 2.16111
151 3.41235 13.1525 1.57097
152 35.2331 64.9605 1.81366
153 37.0343 79.5991 2.2257
154 55.9908 74.2836 2.83806
155 18.4695 18.2121 -1.84392
156 13.5936 90.1157 2.45853
157 2.61242 62.6499 2.25521
158 13.0506 30.5002 -0.878509
159 35.6742 16.2381 0.294696
160 52.4236 52.6732 2.21172
161 38.5207 17.8392 0.843285
162 21.4424 98.101 2.61783
163 74.8247 34.2792 2.11345
164 81.4905 38.9482 2.25456
165 16.1352 94.4654 2.22447
166 71.4185 37.5723 1.77622
167 83.0937 13.0299 2.11078
168 26.8422 94.1467 2.02069
169 78.2863 41.202 2.32795
170 42.5632 24.8379 0.6978
171 35.2655 90.9776 2.67084
172 10.5172 57.2134 3.16699
173 40.3678 69.2941 2.03414
174 83.4083 45.0746 2.00819
175 85.1581 17.2772 1.56796
176 63.7933 21.0468 1.94124
177 16.0404 50.4226 2.80885
178 65.2918 43.5023 2.05519
179 32.2802 84.9095 2.89585
180 37.3202 91.6402 2.08195
181 22.9517 10.8366 2.36481
182 23.9573 83.9223 2.39145
183 15.4118 26.3656 -1.26756
184 44.3743 93.0268 3.144
185 85.5658 38.4985 2.41212
186 38.3286 77.3563 2.33722
187 48.1801 26.7561 1.01454
188 3.41227 59.9569 2.84068
189 38.3217 5.94385 2.13661
190 83.8298 42.7733 1.99506
191 74.2654 98.5837 0.202749
192 25.879 52.3072 2.38381
193 42.0798 86.7776 2.61702
194 23.7256 59.0006 2.45384
195 31.0856 88.0138 2.8725
196 13.7524 50.6356 2.69084
197 31.9081 66.2092 2.31455
198 42.3673 92.7611 3.01714
199 38.9389 25.1485 0.638649
200 41.9569 94.4663 2.54423
201 70.5251 14.4896 1.29273
202 66.0154 45.1731 2.50039
203 41.3182 17.8391 1.11541
204 12.2792 28.1489 -1.53033
205 81.4534 12.7092 2.06082
206 20.9775 58.3218 2.7401
207 19.565 68.8839 1.97938
208 19.8515 2.93258 1.94854
209 45.3372 26.5477 0.680444
210 27.2255 96.9813 2.48391
211 38.3096 77.8568 2.24183
212 18.6635 16.246 2.66856
213 86.5183 12.2176 2.20771
214 2.77665 56.831 2.80079
215 19.4662 71.8317 2.55008
216 43.5977 77.1528 1.95781
217 31.9621 88.16 2.53063
218 52.1601 11.9766 0.716534
219 30.7297 6.71437 2.01462
220 76.6482 13.3515 1.79335
221 45.2991 87.967 2.25577
222 74.7306 14.0091 1.72258
223 71.4019 48.0412 2.67363
224 59.3966 42.6112 1.67893
225 66.5261 18.7768 1.81342
226 33.5292 19.9174 0.313566
227 41.5791 81.4478 2.13823
228 36.4264 71.0242 2.78289
229 42.1513 75.6537 2.29963
230 8.04621 58.1373 2.2707
231 29.1365 94.5124 2.45855
232 39.0939 86.3853 2.28928
233 21.9246 66.6529 2.56402
234 15.3767 56.2864 2.70292
235 19.0899 77.0908 2.95695
236 53.5098 73.0951 2.46987
237 65.0897 18.9321 1.53037
238 26.9499 86.9395 2.42962
239 19.1995 88.175 2.81951
240 31.3032 95.2418 2.58624
241 11.9268 88.0054 3.17428
242 39.5277 78.8893 2.21418
243 40.4713 93.7339 2.17489
244 37.6735 17.9028 0.946432
245 40.3149 82.5223 1.99885
246 37.5805 74.1286 2.53064
247 85.0992 41.7233 2.58978
248 14.6339 78.419 3.14398
249 27.8712 57.7478 2.99938
250 27.5477 94.8005 2.2517
251 36.9958 6.66976 1.86072
252 68.2193 48.913 2.36832
253 51.9277 42.2114 1.73474
254 36.2815 67.7173 2.37454
255 21.8406 96.6488 2.52824
256 40.3667 77.9071 2.58405
257 31.5232 66.3832 1.95307
258 13.188 92.609 2.65075
259 18.7958 78.3885 2.45679
260 24.6321 18.3142 1.28477
261 17.1343 84.0463 2.55031
262 40.9903 72.3486 2.0879
263 38.7983 85.8764 2.83694
264 60.3497 53.5019 1.84162
265 32.8553 66.688 2.6275
266 18.7885 34.861 -1.90739
267 32.2905 94.9539 2.02902
268 12.6802 52.0071 3.24527
269 29.5374 97.8087 1.9244
270 22.9077 84.9146 2.15047
271 21.64 81.7937 2.85485
272 85.0837 11.7199 2.26406
273 14.7829 54.6739 2.62562
274 24.9774 71.5829 2.60283
275 38.4761 72.1182 2.62223
276 21.7391 27.8782 -1.47751
277 41.4015 91.5309 2.95843
278 78.426 48.1333 2.33362
279 40.5759 80.3888 2.40519
280 31.4075 92.7087 2.99061
281 36.8103 74.7898 2.05307
282 18.5179 80.7125 3.15307
283 83.7275 11.7904 1.80515
284 54.5077 69.6992 2.57942
285 38.84 95.01 2.43503
286 6.57232 62.9525 2.50929
287 34.7167 72.6449 2.25149
288 40.3353 13.254 0.591548
289 49.6325 69.1886 3.00265
290 24.0208 67.86 2.40315
291 16.3051 22.5142 -2.00769
292 15.8965 18.7325 -2.13901
293 20.9006 67.3974 1.97287
294 22.7711 80.2353 2.48387
295 34.009 88.5236 2.47654
296 46.5752 93.2224 2.4987
297 54.3744 76.2543 2.50728
298 16.4531 90.5089 2.78202
299 68.298 14.1443 2.12031
300 27.7558 67.6937 2.53711
301 26.6836 97.601 2.81908
302 11.477 52.2589 2.65901
303 36.3983 73.8127 2.4479
304 15.2207 4.26412 2.15624
305 39.8613 6.73826 2.09666
306 58.5652 48.6873 1.6419
307 65.5091 16.5443 2.06357
308 17.4371 86.8678 2.74197
309 22.6023 70.0972 2.63897
310 65.0648 50.944 2.20013
311 13.841 68.2165 2.61136
312 40.0086 83.6884 2.14378
313 86.3178 13.5355 1.8274
314 24.9199 99.4734 2.50954
315 39.8758 79.4133 2.06467
316 40.486 90.3083 2.10305
317 21.7154 86.6308 2.98383
318 62.8506 16.9245 1.78718
319 73.2485 14.9311 1.93022
320 77.6655 13.3448 1.35877
321 27.1612 2.69081 2.68125
322 75.9025 9.7489 1.38666
323 23.6316 89.6989 2.42898
324 37.2229 21.8174 0.958252
325 45.3269 77.4271 2.05812
326 33.7667 67.7569 1.81439
327 22.8485 64.5468 2.55841
328 83.57 9.91095 1.39744
329 80.4671 21.5836 1.08656
330 86.0583 11.2827 2.05062
331 67.1462 54.2445 1.97506
332 40.0429 22.4412 0.821133
333 45.3256 95.1939 2.84666
334 13.2018 71.0708 2.73831
335 66.9796 12.9446 1.51668
336 77.9211 12.5247 1.81986
337 16.2605 80.3952 2.61926
338 46.0683 78.902 2.53946
339 29.9317 68.2344 2.28257
340 7.49596 50.3461 3.23516
341 17.8754 89.0668 3.0398
342 27.8087 96.259 2.03347
343 43.8645 78.4424 2.18034
344 39.3764 73.9279 2.17278
345 72.4381 42.5462 2.22855
346 10.9546 67.6892 2.66527
347 26.5484 18.5467 1.16243
348 5.33501 64.5347 2.46484
349 84.5405 40.1239 2.50487
350 36.1842 76.6168 2.52258
351 17.4774 3.38273 1.81749
352 93.1912 52.1182 2.13194
353 71.057 46.5187 2.55422
354 25.0951 55.9734 2.20054
355 37.8742 66.4462 2.51395
356 79.3167 8.97232 1.75363
357 84.4249 40.251 2.18441
358 30.0559 92.4463 2.42624
359 19.9764 66.8125 2.63043
360 22.6445 2.29954 2.10726
361 17.7306 32.0037 -1.84711
362 31.1128 89.8704 2.4276
363 37.2935 72.7556 1.91593
364 69.9051 52.4757 2.33099
365 36.6865 83.7943 2.01861
366 39.0037 93.2488 2.41794
367 81.3406 13.6898 1.98819
368 9.96871 55.452 2.88789
369 90.4645 12.3534 1.61599
370 55.6735 45.1819 2.09622
371 24.9647 97.7711 2.09777
372 28.5009 84.6567 2.74763
373 45.7493 99.1202 2.46191
374 27.1603 97.864 2.49905
375 46.9114 93.148 2.96894
376 30.2585 89.4296 2.64528
377 85.4972 14.7855 2.13514
378 25.1453 70.8492 1.88938
379 78.8872 15.8891 1.13778
380 36.3759 69.4772 2.28701
381 35.4504 24.242 0.678262
382 36.4172 92.6433 2.5734
383 74.3947 40.5685 1.60205
384 38.0732 86.3461 2.53268
385 74.0288 48.2408 1.99386
386 49.8282 49.2709 2.0376
387 17.7932 25.4539 -2.06227
388 45.1994 74.883 1.95038
389 19.1679 66.2086 2.63157
390 15.0452 91.7314 2.95411
391 23.156 89.428 2.60534
392 20.6014 65.6924 2.80006
393 44.0796 80.128 1.83239
394 35.7963 93.2896 2.35263
395 27.9719 91.4472 2.75112
396 30.5294 4.63727 2.6003
397 30.0812 93.4973 2.90717
398 85.9621 11.7144 1.53419
399 12.5333 85.5803 2.75411
400 14.957 81.7302 3.19324
401 37.3464 20.6429 0.92427
402 24.597 55.1283 2.09457
403 36.5492 90.8661 2.05821
404 27.6918 68.7038 1.98756
405 89.0404 51.7736 2.83493
406 5.91421 53.2439 2.31979
407 38.2558 94.6534 2.57877
408 20.8705 73.1406 2.32749
409 83.0662 11.9599 1.417
410 16.3642 83.2436 3.27441
411 30.1496 96.436 2.39943
412 37.0014 64.4723 2.17261
413 17.2854 86.6321 2.56393
414 43.0842 79.7425 2.7153
415 78.4256 39.3021 2.4631
416 40.715 89.2687 1.97466
417 15.3939 81.8656 2.58858
418 30.5827 98.2784 2.35181
419 71.826 40.1291 2.16403
420 17.1047 62.0009 2.60813
421 28.914 96.4846 2.28207
422 18.8819 81.597 3.14737
423 71.6604 7.88174 1.54938
424 30.7162 4.62208 2.62311
425 33.8386 85.6366 2.33152
426 25.8119 21.959 1.15987
427 30.058 1.74633 2.04597
428 31.0635 72.7183 2.324
429 39.3495 72.8788 1.86658
430 21.3009 13.3945 1.97779
431 45.3771 89.9534 2.39618
432 24.5513 99.7748 2.19061
433 87.8543 8.72092 1.95574
434 24.2168 65.4826 2.01713
435 70.2792 51.5097 1.68254
436 25.1967 12.3131 1.50005
437 14.7733 52.3641 3.22275
438 76.4093 19.3344 1.56819
439 80.66 14.7686 1.90916
440 39.8006 67.4757 2.52499
441 3.56636 52.3229 3.13479
442 33.6388 94.0654 2.55315
443 37.5469 25.967 1.20795
444 39.5365 84.1895 1.9813
445 80.5066 44.5993 1.77299
446 73.8472 47.557 2.35041
447 8.90438 63.5802 2.29382
448 32.6308 91.4954 2.31771
449 47.9255 69.459 2.96384
450 19.4548 89.7476 3.11627
451 23.5965 56.7023 2.60325
452 33.484 6.03088 2.03479
453 35.3413 65.6877 2.1793
454 36.0699 2.99343 2.46931
455 77.4682 40.6749 2.34166
456 12.5275 76.4819 3.09024
457 22.3462 81.8894 3.04941
458 25.2679 78.8794 2.84251
459 87.7035 36.7534 1.73086
460 20.219 62.3437 2.77188
461 57.7505 44.9713 2.05229
462 40.8315 82.5358 2.79228
463 26.6338 87.3185 2.97661
464 48.3377 86.4604 2.00093
465 19.2423 87.2677 2.725
466 41.1138 75.4814 2.34505
467 80.4988 13.2401 1.97071
468 11.1987 54.554 3.15002
469 20.3667 5.20098 1.78178
470 23.8347 15.6527 1.57614
471 26.2389 69.1864 1.90735
472 42.5087 84.5506 2.70992
473 41.4554 90.9209 2.28219
474 39.609 25.0951 0.908884
475 6.98367 55.7828 3.01268
476 85.0849 39.4391 1.86068
477 39.8918 74.809 2.05261
478 23.3651 6.45226 2.18563
479 70.633 41.6561 2.04434
480 15.7153 68.4029 2.9137
481 80.0101 7.48854 1.84075
482 25.7123 56.2019 2.69118
483 16.9721 89.2012 3.0932
484 12.1066 61.6513 2.64786
485 16.646 31.6758 -1.17545
486 42.1664 71.9664 2.65627
487 38.9256 73.819 1.9836
488 12.2359 86.3822 2.88101
489 68.9533 40.9822 1.64812
490 75.3287 44.0957 2.40351
491 30.9567 67.2081 1.98748
492 42.2788 86.5657 2.05127
493 35.7859 77.7484 1.98699
494 26.4843 58.113 2.23174
495 19.6242 66.8727 2.3482
496 32.7802 95.1978 2.0093
497 29.7153 99.4542 2.56679
498 41.2895 70.4378 2.78429
499 78.6622 20.5841 1.43686
