500
Particles
0 92.2469 83.1575 1.84676
1 27.3996 86.43 2.4217
2 97.9037 17.1389 1.97785
3 59.898 34.6155 1.35414
4 80.1772 96.0196 1.1845
5 89.7049 43.9359 2.21689
6 7.7472 8.49453 2.42448
7 79.914 42.6953 1.33787
8 49.352 1.88363 1.86095
9 42.8898 3.36239 1.92918
10 11.3653 88.0151 2.03528
11 96.5 10.0487 2.13876
12 0.0171084 15.4951 2.73899
13 89.639 86.2685 1.9458
14 84.6487 100.052 1.58814
15 91.7671 90.1982 2.43077
16 26.1632 97.8154 2.54628
17 85.8552 13.5656 2.07946
18 80.0739 6.00438 1.11227
19 48.9468 24.6385 2.36744
20 60.1745 35.8457 1.43781
21 98.6263 1.05424 1.56379
22 12.3521 100.344 2.37879
23 87.1365 92.611 1.46487
24 67.2439 38.5467 1.37555
25 98.1999 90.4476 1.98656
26 88.5294 38.7872 1.59711
27 92.4367 7.59435 1.98203
28 99.1492 98.7831 2.58493
29 9.14426 19.8957 2.3635
30 50.3572 42.2339 1.84621
31 5.62368 98.3281 2.57692
32 38.1125 29.5079 2.30933
33 69.5812 44.5539 1.38666
34 0.544734 89.1469 2.44459
35 78.4006 9.65554 1.00598
36 50.3256 48.9646 2.3135
37 15.2031 18.7943 2.13222
38 98.5743 95.2202 1.69143
39 85.8793 92.5025 2.00682
40 3.5821 88.8066 2.53247
41 85.1828 92.7661 1.54613
42 19.4443 96.2146 2.48384
43 63.2582 35.5409 2.06353
44 28.6915 89.7816 2.25918
45 17.3305 92.4897 2.58027
46 3.23847 94.3397 2.06279
47 88.5229 33.3055 1.0953
48 9.33731 93.5426 2.60349
49 95.0642 79.6836 1.93671
50 88.9674 9.95051 1.92743
51 15.1274 2.49192 2.43685
52 65.3017 37.4695 2.15641
53 51.8181 49.3364 2.52054
54 86.1937 97.1144 2.16859
55 76.3949 31.123 1.21155
56 88.4267 99.1717 1.87816
57 9.78725 80.945 1.92377
58 86.7603 2.32821 1.40353
59 97.7663 91.3072 1.6946
60 89.2408 7.04657 1.53663
61 9.3661 89.359 2.50903
62 44.4051 98.3489 1.22999
63 28.0282 80.1232 2.83164
64 98.2332 5.92226 1.58645
65 83.8106 34.7466 1.55962
66 86.0783 10.7837 1.41067
67 87.649 10.4521 1.92843
68 85.6738 31.352 1.24058
69 14.4336 82.9943 2.14599
70 8.83697 13.1049 2.94808
71 4.49541 93.9908 1.928
72 86.0897 7.56375 1.66476
73 14.1432 15.4004 2.2724
74 7.64076 83.6659 2.39868
75 80.7775 40.0459 1.94533
76 11.3992 84.7694 2.01437
77 12.7766 12.3104 2.82539
78 6.76581 27.6363 -0.235509
79 88.5602 4.56545 1.26295
80 8.08897 89.2566 2.69015
81 84.2898 9.17157 1.4983
82 63.4231 11.9083 1.91729
83 73.486 1.55115 0.995378
84 76.4627 28.5602 1.18811
85 7.62859 90.4781 2.69297
86 8.11756 88.1344 2.00794
87 15.676 12.2088 2.27734
88 77.8729 30.183 1.11983
89 5.68199 83.4766 1.77637
90 65.8694 38.4637 1.85058
91 4.82084 98.9321 2.49362
92 13.2103 8.98135 2.55163
93 76.0489 96.3619 1.44869
94 8.38448 90.6041 1.86749
95 51.3297 26.6932 1.77839
96 97.2993 4.67255 2.25618
97 10.4939 14.5242 2.76185
98 5.42835 84.2836 1.72323
99 12.2382 8.55026 2.4019
100 68.232 38.6105 1.62069
101 84.3009 6.97254 1.96798
102 12.9064 89.8564 2.05879
103 0.0863226 86.384 2.05216
104 10.5333 96.182 2.50414
105 66.7402 39.8652 1.35064
106 86.9598 97.1067 1.77545
107 93.7092 91.3809 1.92416
108 9.20434 98.2227 1.95215
109 92.6096 4.50833 1.09039
110 82.5259 41.4786 1.50964
111 16.3669 18.0457 2.21761
112 57.7264 33.6153 2.21441
113 8.36413 6.39079 2.64484
114 94.1022 7.86581 2.20993
115 4.04686 18.0141 2.62623
116 8.80933 80.3983 2.60101
117 2.42469 96.3549 2.82801
118 51.6946 36.4203 1.72446
119 80.0861 99.3601 1.6269
120 95.7362 85.9125 1.69164
121 63.4343 71.6507 -0.0796258
122 8.53209 93.2083 1.95617
123 71.444 96.4711 1.90257
124 95.5666 15.7621 1.19075
125 88.0706 27.8044 1.22629
126 23.3855 6.17227 2.96804
127 85.4085 89.6376 1.31392
128 68.4894 38.4216 1.43235
129 91.1933 8.85166 1.69472
130 98.9911 97.1763 1.82926
131 9.75768 87.2491 2.57805
132 90.7844 28.9924 0.966597
133 89.2407 32.3084 1.43057
134 93.525 77.0111 1.77272
135 13.8211 14.4071 2.48243
136 6.42021 81.4827 1.92429
137 98.3544 4.99976 1.43858
138 10.5493 90.9449 2.46021
139 98.5115 86.4406 2.07704
140 14.3551 89.646 1.81854
141 81.7662 30.8487 1.2465
142 77.1067 99.6418 1.15409
143 35.8967 6.08375 1.57688
144 98.0468 5.57218 1.55744
145 91.4345 11.4924 1.56334
146 94.6894 90.6858 2.13422
147 68.0289 44.5983 1.72985
148 14.8853 14.7547 2.22202
149 81.607 9.31793 1.82822
150 14.924 91.7557 2.80852
151 42.5214 28.5031 2.57376
152 8.45526 84.044 2.38942
153 10.0064 97.3843 2.26103
154 28.1901 0.163529 3.00087
155 87.9914 34.3337 1.7291
156 52.2359 1.64647 1.48612
157 33.7379 13.3624 1.54984
158 88.6061 40.0971 1.75831
159 35.6072 9.37951 2.30425
160 64.9499 46.2165 1.13339
161 36.8067 10.586 1.81172
162 82.8587 10.3557 1.84576
163 77.9004 27.7611 1.44148
164 85.3377 36.1973 2.01397
165 74.9048 6.95768 1.93098
166 76.8665 29.239 1.49824
167 17.8019 18.1488 2.63349
168 87.7676 6.12155 1.67471
169 84.7141 34.6918 1.48943
170 49.0538 61.7794 0.951913
171 6.1061 7.67652 3.0816
172 91.8011 87.0307 2.23681
173 14.6003 88.3394 2.00563
174 87.3273 39.8103 1.23957
175 88.6256 25.8856 0.731921
176 5.3273 22.3021 2.48724
177 1.22745 85.837 2.68022
178 66.3084 37.3227 1.54085
179 0.521853 99.7979 2.77296
180 7.16511 7.77481 2.68653
181 46.1433 6.10807 2.00257
182 91.6858 100.184 1.62264
183 90.265 81.4864 1.92455
184 12.2676 7.54355 2.84427
185 86.1289 34.305 1.60138
186 12.7496 95.8206 2.80283
187 54.1649 33.3397 2.068
188 79.1781 89.4859 1.0427
189 94.8174 12.8746 1.64529
190 88.8884 39.5267 1.32819
191 5.22287 15.9621 2.43266
192 4.02949 79.2883 2.34778
193 14.6712 5.45701 2.64307
194 5.94585 87.4105 1.94629
195 -0.319633 3.56067 2.8095
196 96.8358 83.1742 2.12638
197 8.97963 87.8075 2.26376
198 10.3692 7.6263 2.99909
199 2.40021 47.9904 0.927095
200 14.0179 13.1011 2.93614
201 9.69025 16.8126 2.85345
202 65.192 38.7875 1.49527
203 38.0525 11.0315 1.56076
204 89.7131 37.8967 1.46538
205 18.2467 17.8074 2.46159
206 5.04533 88.748 2.21774
207 97.9649 92.2824 1.88913
208 72.9153 24.1268 -0.788625
209 51.1131 35.0869 1.91379
210 87.6115 8.23126 1.84228
211 9.59319 93.6235 2.41657
212 90.1044 30.7534 1.20697
213 45.9585 28.0507 1.94551
214 75.8545 87.4167 0.880087
215 96.9666 96.419 2.57262
216 20.0132 98.7229 2.42016
217 98.4943 2.11482 2.15758
218 90.112 18.9783 1.50824
219 89.1574 14.6639 1.85731
220 13.9791 15.8614 2.97224
221 17.5531 5.59856 2.4447
222 13.0331 16.4875 2.31835
223 71.5594 41.0119 1.76431
224 55.7599 34.957 1.82478
225 3.99744 18.5649 2.47871
226 31.3028 97.8429 2.75433
227 11.9607 96.6089 2.7087
228 10.0412 88.6628 1.92247
229 10.9062 88.8581 2.71481
230 87.8444 88.5413 2.13565
231 90.5151 6.07744 1.10144
232 12.1285 5.24044 2.49585
233 4.29978 92.8076 2.60397
234 96.6481 84.9331 1.47955
235 87.1369 96.9257 1.95874
236 26.2501 94.0336 2.42177
237 98.281 15.9138 1.58402
238 89.0983 98.6951 1.80069
239 76.435 99.1193 1.31916
240 96.7786 7.83987 2.27324
241 50.417 100.404 1.64774
242 17.2904 1.4052 2.88365
243 11.373 10.2568 2.17723
244 36.9608 10.911 1.71449
245 14.9809 2.4578 2.37917
246 11.2008 91.645 2.05795
247 87.116 37.8651 1.97287
248 80.4581 99.3522 1.68444
249 6.77158 82.522 2.0403
250 91.6763 7.48802 1.71484
251 92.1035 13.6787 1.96598
252 78.1354 41.6531 2.18029
253 56.7661 36.674 1.32254
254 9.01906 85.8246 2.18979
255 83.654 8.89301 1.32423
256 17.8219 100.141 2.78912
257 8.76732 88.9093 1.8
258 50.6956 4.93291 2.42798
259 89.3413 98.2606 1.28212
260 91.2038 42.1518 1.49131
261 80.9935 1.04373 1.56492
262 17.0009 92.3699 2.86385
263 9.33812 2.8202 2.78976
264 64.8863 44.9659 1.54951
265 7.95673 86.7153 2.51746
266 -0.158995 82.4847 2.03498
267 96.5751 7.19628 2.12047
268 97.4625 88.217 2.42991
269 91.8346 9.06652 1.34314
270 90.1786 2.21945 1.37953
271 90.5009 0.831162 1.65955
272 39.7776 25.9801 1.86431
273 0.168745 88.5397 2.2028
274 5.83642 96.8719 2.44976
275 9.62547 88.0539 2.08472
276 99.3192 79.3441 2.57079
277 10.4592 7.10793 2.63248
278 21.4948 77.953 2.42923
279 17.0238 1.85644 2.93061
280 90.7905 2.39449 1.52127
281 11.7544 94.3977 2.49802
282 85.3525 99.1247 1.57605
283 22.1445 18.9223 2.66329
284 17.9007 84.2116 2.41572
285 8.55049 10.9163 3.20541
286 81.2016 91.5877 1.09076
287 7.9826 90.7998 2.72853
288 54.6324 27.391 1.81471
289 19.8517 86.7296 2.84328
290 4.77702 93.1089 1.90326
291 51.0196 96.7945 1.12103
292 87.1394 32.6907 1.31441
293 3.55492 95.4367 2.51033
294 91.908 98.5723 1.37094
295 98.7789 1.50442 1.3854
296 17.1112 11.6895 2.89644
297 22.0446 95.6886 2.3653
298 54.8818 99.4197 1.34047
299 11.6868 17.7065 2.37994
300 3.88772 88.2142 2.62145
301 87.9096 8.76661 1.56491
302 94.8334 85.1897 1.73489
303 10.9136 92.4727 1.74369
304 27.1862 81.8646 2.50092
305 95.0729 12.9954 1.29781
306 62.1042 41.4644 0.999526
307 97.4615 12.8309 1.95391
308 82.2673 3.24328 1.55276
309 4.44972 97.0082 2.856
310 65.3343 43.0647 1.49169
311 90.9633 94.463 2.0513
312 12.6749 1.19016 2.53334
313 46.3555 28.5749 2.32863
314 87.3789 12.803 1.26468
315 10.8239 95.4077 1.8595
316 11.1066 7.25088 2.76672
317 90.5034 4.06793 1.23043
318 2.73095 17.6507 2.72259
319 10.6952 16.6068 2.17132
320 12.0977 15.5086 2.31811
321 86.0385 12.205 1.16186
322 16.0267 14.564 2.59342
323 86.635 4.18872 1.25867
324 26.9942 21.3624 2.7605
325 20.2297 98.4197 2.28597
326 8.34705 86.2314 2.02248
327 5.41803 91.8075 2.7015
328 20.4371 14.0723 2.5113
329 57.5086 30.4228 1.43012
330 46.8211 27.3087 1.85527
331 73.1898 45.0468 2.05582
332 49.098 28.5503 1.7584
333 12.341 9.39995 2.72286
334 85.5303 94.799 1.52554
335 5.67651 15.4944 3.0434
336 17.1074 16.9988 2.46622
337 79.8916 97.3873 1.76501
338 18.5486 97.3788 2.9222
339 9.13422 90.9562 2.39153
340 91.1485 85.1825 1.4255
341 74.626 2.65453 1.73394
342 85.4438 4.95483 1.02305
343 19.353 99.8889 2.64537
344 12.985 92.6961 2.71821
345 76.8446 34.93 1.91907
346 84.1812 93.0079 1.8971
347 89.3741 43.1581 1.96452
348 78.0547 90.8125 1.46497
349 88.2318 37.3698 1.78432
350 14.3759 99.7135 2.12431
351 46.736 1.74752 2.46273
352 29.1833 88.6289 1.85931
353 70.1227 39.8562 1.60972
354 3.65124 81.6562 2.18792
355 11.3746 84.4043 2.23194
356 16.8526 13.3461 2.39431
357 87.2354 35.9457 1.6024
358 91.246 3.08074 1.40863
359 97.8064 89.498 2.51402
360 84.8798 14.0505 1.78844
361 93.4325 78.4491 1.45989
362 98.3458 3.98144 2.08291
363 9.66794 89.2646 1.95254
364 69.8711 45.5861 1.46303
365 9.26106 1.17988 2.63373
366 9.43287 9.14922 2.92854
367 15.3583 16.4829 2.29802
368 93.501 88.7632 1.5277
369 49.2146 26.8817 2.25036
370 55.8655 37.9809 2.11039
371 83.4536 8.09619 1.88676
372 94.8005 99.0756 1.69066
373 11.2685 12.7955 2.16366
374 92.3943 11.9046 2.00509
375 13.2426 5.47793 2.26206
376 94.8201 2.49744 1.93627
377 40.6633 28.1339 1.98147
378 3.57102 94.4265 2.72416
379 13.9464 18.1159 2.24373
380 11.1189 89.1283 1.95019
381 10.1198 30.7053 -0.623453
382 98.7214 3.4822 1.67523
383 79.2752 32.5333 1.61197
384 11.5277 5.09678 3.1375
385 76.1121 43.1233 1.58214
386 51.9883 47.618 2.2688
387 95.5077 78.9854 2.01528
388 19.8839 93.7503 3.121
389 97.4959 89.5473 1.8549
390 74.0302 3.9644 1.09309
391 86.3501 2.65969 1.58505
392 96.4484 87.1092 2.17466
393 19.4932 0.972365 2.24186
394 97.8897 5.16111 1.41431
395 89.8182 3.74291 1.82151
396 87.9198 12.9118 1.76714
397 96.3422 8.29957 2.15029
398 46.9203 26.5792 2.50084
399 51.4151 99.2898 1.49777
400 76.0216 97.915 1.93387
401 49.6015 25.4585 2.17589
402 6.39889 83.8515 2.04581
403 98.9332 1.56567 1.53359
404 7.0248 91.9494 2.0512
405 27.3906 86.7593 2.62797
406 88.0567 85.3596 1.5914
407 5.48995 9.56886 2.97898
408 96.0797 95.4245 1.84017
409 21.6624 17.0628 2.68709
410 80.5095 100.27 2.04327
411 95.321 9.35539 2.03937
412 17.1825 88.3395 1.93299
413 75.8698 100.111 1.69807
414 18.0002 100.177 2.72667
415 83.3192 33.4328 1.64862
416 12.7795 8.24522 2.8347
417 74.707 97.8694 1.30278
418 88.2761 8.08586 1.83523
419 76.0729 31.513 1.51699
420 3.13577 93.4377 2.69584
421 85.9609 6.71287 1.15653
422 87.7506 0.941419 1.46634
423 14.2724 14.0603 2.34641
424 86.4344 11.8236 1.6792
425 4.48505 2.33224 2.75879
426 25.0746 16.419 2.96555
427 90.631 11.8869 1.59549
428 8.52363 94.0677 2.80775
429 16.471 95.2745 2.88337
430 33.6048 6.97306 1.6743
431 13.9701 5.71317 2.26652
432 84.3839 10.2798 1.29277
433 22.6782 16.4272 2.69179
434 4.71756 92.2685 2.2845
435 75.8789 43.5013 1.56097
436 43.5793 7.25221 2.3399
437 98.9792 85.8749 2.33656
438 7.82981 21.23 2.41516
439 15.1198 17.5747 2.82644
440 13.3592 84.871 2.14009
441 85.8342 86.5444 2.13559
442 5.85179 13.5062 2.446
443 5.52841 69.1268 -0.721968
444 12.7781 1.99231 3.00696
445 86.3748 42.0739 2.04531
446 81.5682 43.2329 2.36389
447 86.812 91.2172 1.63535
448 94.8059 2.47355 1.99578
449 17.9871 86.2308 2.32258
450 81.6486 4.06022 1.78449
451 4.61164 85.0069 2.21947
452 91.6216 13.223 1.89602
453 12.0061 86.8733 1.84556
454 92.4656 9.86436 1.2368
455 80.2421 33.3214 1.57684
456 73.6339 96.2749 1.34647
457 88.3353 98.7044 2.15943
458 96.675 97.9671 2.01492
459 87.4491 31.9674 1.84772
460 99.4698 87.3234 3.02908
461 63.1181 38.4517 2.13544
462 15.1672 1.4153 2.61415
463 91.7525 1.36398 1.98584
464 20.1685 7.24189 1.86252
465 82.7677 2.43055 1.86703
466 18.1023 96.7168 2.7911
467 16.7306 16.7039 2.20506
468 95.1764 87.7144 2.1191
469 47.969 3.96175 2.46116
470 29.6431 86.1356 2.38063
471 7.60116 94.9296 2.31886
472 15.9966 3.06073 2.34227
473 11.4043 7.11449 3.05066
474 4.26453 44.5708 0.965098
475 89.0782 88.9329 2.07063
476 87.8449 36.5163 1.39661
477 8.91827 88.493 2.47669
478 83.8655 24.1453 0.632286
479 74.6395 33.8412 1.25642
480 91.0396 93.5232 1.82864
481 19.4881 14.1303 2.21961
482 2.92694 80.4808 1.73199
483 78.5656 5.13867 2.02863
484 94.5865 91.4631 1.75907
485 90.2315 79.3348 1.99528
486 15.655 89.0945 2.09444
487 18.3375 97.4997 2.6026
488 49.7876 100.105 1.92188
489 74.5662 31.6289 1.59024
490 81.5479 40.7626 2.17507
491 9.54692 89.9175 2.09444
492 17.7964 7.68736 2.24841
493 11.0508 97.1736 2.48195
494 7.38683 85.4066 1.88823
495 2.5386 95.1169 2.5898
496 97.5528 8.03197 1.31475
497 88.9968 8.00052 1.64193
498 20.6376 94.8485 2.55808
499 94.3284 25.2281 0.550567
