500
Particles
0 27.3428 43.2446 -2.89952
1 92.5297 34.0009 1.67506
2 66.2799 98.9803 1.43572
3 67.987 22.0729 1.41639
4 35.312 70.2423 2.33275
5 95.0148 30.5659 1.74064
6 54.2428 79.0778 1.83091
7 76.4932 29.0088 1.41484
8 26.922 77.471 2.35981
9 45.071 22.2372 2.06147
10 50.5876 53.5729 2.68731
11 48.3034 85.237 2.28484
12 72.2327 98.4207 1.39298
13 28.0724 48.6687 3.04549
14 35.8147 71.0611 3.01231
15 29.5499 53.6823 3.03612
16 69.3039 62.6605 2.1183
17 43.4559 89.9132 2.63455
18 37.8443 82.0739 1.82931
19 2.70851 95.6751 2.49495
20 69.2769 22.7822 1.29215
21 50.6246 76.047 2.74047
22 47.9125 63.3493 2.24449
23 29.6725 58.5024 2.9147
24 72.2069 24.9594 1.61771
25 37.7782 55.8692 2.78979
26 2.48238 25.58 1.35538
27 46.8638 82.3557 2.69717
28 50.2391 73.603 2.53241
29 74.1513 96.9411 1.57794
30 51.8052 22.1378 2.38345
31 46.9619 66.3335 2.39987
32 96.3804 1.83267 2.21428
33 60.8683 32.7186 1.18544
34 38.1529 52.9681 2.77256
35 34.7548 84.6888 2.69355
36 56.2409 34.3081 1.39018
37 76.0594 94.5291 1.32402
38 38.4888 60.3005 3.14796
39 31.8908 60.5268 3.33402
40 38.3929 49.1218 2.41196
41 27.9542 57.9439 3.33174
42 51.0514 54.0349 2.08454
43 68.6845 22.7106 1.67604
44 95.3934 35.8725 1.24566
45 58.7358 60.3734 2.39513
46 38.7405 56.5856 2.4803
47 93.0953 21.4839 2.05359
48 46.3847 56.4098 2.02664
49 31.3158 38.8228 3.44622
50 43.9296 85.2835 2.44736
51 56.2591 69.068 2.09169
52 67.7504 25.0566 1.03016
53 58.5942 34.0459 1.38939
54 37.3441 69.7114 2.64321
55 73.2371 19.5486 1.55309
56 39.2871 71.8037 2.92978
57 50.915 47.366 2.22242
58 40.6928 76.628 2.71258
59 33.1856 52.5752 2.36551
60 44.0411 82.5906 2.50748
61 48.0339 54.7509 2.35373
62 24.5057 61.5295 2.64197
63 26.1998 85.6405 2.46145
64 48.0665 79.9533 2.61923
65 93.8813 22.148 1.70438
66 39.4218 84.4772 2.3184
67 42.8628 85.4211 1.99778
68 97.5553 18.1882 2.37593
69 63.7425 55.2912 1.79903
70 50.1336 79.8526 2.31883
71 38.5358 55.0974 2.31145
72 39.9419 81.3946 2.58674
73 76.4094 92.1406 2.10033
74 49.6229 52.0037 2.39928
75 77.6067 25.1191 1.06434
76 51.4527 51.4217 2.31108
77 54.3239 80.2432 1.99458
78 74.845 99.7225 1.74491
79 42.2989 79.688 2.53356
80 47.8067 55.7593 2.34295
81 42.9729 86.6929 2.32103
82 28.4422 82.1734 2.65988
83 33.0724 76.7136 2.41553
84 71.5988 17.4056 1.18115
85 49.0065 58.3448 2.34838
86 48.5133 54.5382 1.87405
87 80.0897 89.174 1.65559
88 74.4207 18.4668 0.971083
89 47.271 51.0416 2.67199
90 72.2431 25.6749 1.6415
91 48.378 68.2386 2.76117
92 56.4031 77.7107 2.14025
93 30.9294 69.1324 2.37959
94 47.5452 56.2323 2.17081
95 24.2992 7.06259 0.0810159
96 51.1401 80.225 1.83183
97 53.857 83.369 2.20122
98 43.0673 47.9453 2.90821
99 53.0724 75.2961 2.73808
100 70.7884 25.5304 1.89632
101 40.1808 82.6869 2.32647
102 49.075 53.1815 1.97092
103 36.0064 48.9506 2.38193
104 49.4246 62.0254 2.81478
105 69.0302 27.3566 1.92796
106 38.9025 70.4742 2.94738
107 32.2207 55.1783 2.56953
108 50.5746 66.4334 2.46886
109 41.3402 75.8148 2.87219
110 78.3554 26.5801 1.18831
111 84.0882 94.7753 1.50904
112 67.2078 21.1293 1.65005
113 50.3877 75.1029 1.90972
114 47.3949 82.8041 2.55808
115 66.4959 95.4037 2.08153
116 50.9148 48.2497 2.40495
117 38.1196 58.6452 2.59633
118 48.5037 6.97883 -1.54224
119 34.8871 73.5448 2.23095
120 32.4966 47.6689 3.21268
121 82.5799 27.9296 0.887883
122 42.2589 53.2889 2.81043
123 32.2507 71.5557 2.25468
124 65.8631 98.6719 1.96477
125 94.0794 4.02297 1.96646
126 66.7901 64.6767 1.71363
127 25.8946 53.324 2.45194
128 74.4842 24.4746 1.57855
129 42.7102 82.2243 2.24183
130 40.9394 64.3323 2.57162
131 50.3617 52.8021 1.99828
132 93.8659 1.57114 2.97168
133 11.6492 5.04829 -0.336694
134 61.4755 38.332 1.49998
135 61.6776 85.6253 1.76768
136 47.968 48.9967 2.16708
137 50.4653 79.6345 2.69331
138 50.2816 56.726 1.79003
139 34.4862 48.512 2.33031
140 51.6811 53.3185 2.57611
141 91.0138 10.4196 -0.0236931
142 34.9455 75.1363 2.25519
143 28.4435 92.2638 1.80284
144 50.045 81.0008 2.54135
145 43.302 85.7102 2.32194
146 32.0936 52.7587 2.97765
147 63.9836 32.4102 0.843354
148 77.0048 90.9015 1.75632
149 37.794 85.8497 2.64543
150 50.1723 54.5851 2.23382
151 -0.440868 1.2065 2.76169
152 48.1638 49.1337 2.74877
153 51.3273 65.0376 1.93381
154 70.4633 60.1883 2.37536
155 8.04257 17.977 1.47912
156 29.6119 77.3866 2.61735
157 20.8101 53.8144 2.10261
158 2.11513 26.8449 1.73928
159 32.4202 96.6211 1.27749
160 59.7754 34.926 0.788815
161 34.8291 98.3646 1.73639
162 36.7393 84.6276 2.19322
163 75.2174 14.1643 1.15188
164 93.9783 22.7609 2.31401
165 32.6026 82.6499 2.65175
166 72.0715 17.1845 1.64294
167 82.8173 92.7831 1.2998
168 42.8861 81.6556 2.08053
169 86.891 22.9494 2.64691
170 25.911 12.7247 0.094621
171 51.0757 77.6715 1.96368
172 30.1494 50.9274 2.54128
173 53.0605 53.0864 1.79988
174 94.405 27.7137 2.30307
175 94.9026 1.46375 3.05905
176 66.6199 100.433 1.32403
177 36.1751 46.2051 2.57942
178 69.7454 24.0612 1.09983
179 48.7752 72.8235 2.29914
180 52.6718 78.4721 1.9878
181 30.7919 91.9801 1.486
182 41.8597 73.518 2.75472
183 22.6838 37.1465 -2.76415
184 60.8158 80.3734 1.69424
185 97.6309 22.0526 2.14606
186 50.9023 61.1031 2.62042
187 34.3288 12.9538 0.996872
188 22.6806 53.2514 2.90506
189 50.1345 89.8713 1.53467
190 97.1589 26.8477 2.38568
191 66.0086 91.8071 1.33999
192 42.9995 42.2205 2.44471
193 56.6618 72.4342 2.30778
194 41.5434 49.2651 2.90716
195 47.8796 76.3964 2.32002
196 33.2946 44.5732 2.72131
197 45.3096 50.6807 2.49674
198 57.8145 79.1919 2.29894
199 21.2307 15.2636 0.632591
200 57.1677 80.5438 2.4067
201 71.3735 94.4894 1.9122
202 69.7796 26.0318 1.71932
203 39.1839 98.633 1.2562
204 2.651 24.6604 1.74892
205 81.752 92.2401 1.43747
206 38.8881 48.0849 3.00462
207 35.8958 56.4449 2.61644
208 32.8545 87.2139 1.84196
209 31.4507 12.3792 1.18071
210 42.4479 83.1582 2.28889
211 51.1198 61.5994 2.0217
212 7.27229 14.304 1.29798
213 98.0186 97.0052 3.21462
214 22.3884 50.1813 2.6486
215 36.3089 60.4104 3.18114
216 57.6628 61.9045 1.76133
217 48.0453 75.5482 2.20822
218 47.4977 93.834 1.83449
219 43.0345 90.4558 2.61349
220 76.7233 92.9153 1.61062
221 60.689 74.3463 2.61309
222 74.7896 93.2632 1.56407
223 73.5119 28.5948 1.87741
224 64.3257 22.7171 2.04719
225 69.7323 98.3619 1.17703
226 19.7637 7.43053 0.226724
227 54.525 65.6265 2.1338
228 49.2222 54.7243 2.26249
229 55.5036 59.5263 2.24975
230 27.7507 52.8782 2.80772
231 46.048 82.4673 2.36187
232 55.0251 73.3076 2.5903
233 37.865 53.5423 3.0355
234 35.3355 50.3116 2.25579
235 37.6397 68.8229 2.67429
236 68.4824 58.8498 2.06334
237 67.5202 98.5152 1.37419
238 43.1861 74.0418 2.8077
239 36.4844 77.1965 2.0592
240 47.7632 82.7983 2.48903
241 28.8055 76.5669 2.48181
242 53.3671 63.6315 2.28272
243 56.0189 80.1775 2.42567
244 34.6002 98.5593 1.05704
245 54.4487 67.7524 2.41728
246 51.2555 58.4836 2.45406
247 97.1808 24.964 1.69358
248 33.829 71.1565 2.9202
249 44.61 47.0328 2.23366
250 43.6677 81.8262 2.01502
251 47.4089 89.871 2.60548
252 70.7532 28.6425 1.31541
253 59.9773 23.5263 1.41995
254 50.1052 52.5739 1.9801
255 38.1419 84.0364 2.53069
256 52.6218 61.4528 1.96247
257 45.9677 51.6343 2.67693
258 29.8213 81.1001 2.19945
259 36.7733 68.7028 2.21611
260 14.4156 6.32261 0.00606425
261 34.8929 74.1266 2.6772
262 53.4055 56.1007 2.03786
263 54.2797 72.5664 2.12847
264 63.0906 33.6384 0.970752
265 47.9542 52.6804 2.04261
266 34.9159 40.8878 3.4713
267 49.0007 82.5489 2.7375
268 32.9861 48.6425 2.4267
269 45.0333 84.0153 2.06471
270 40.7136 74.7393 2.55716
271 39.7028 72.001 2.35931
272 96.4481 97.6591 2.92637
273 34.5162 48.9941 2.32782
274 41.0864 59.2505 3.14551
275 51.8033 56.465 2.4194
276 35.9191 37.4764 2.53113
277 56.9119 78.0614 2.28199
278 82.3254 29.1148 1.50091
279 53.6726 64.3537 2.44471
280 47.4377 80.2454 2.54836
281 49.436 58.4412 1.84316
282 37.8125 72.9013 2.41028
283 86.2836 91.8419 1.01264
284 69.0831 55.5641 2.39831
285 54.6604 81.8438 2.05831
286 25.8569 57.1027 3.44765
287 48.1145 57.3065 1.79597
288 40.9509 94.6216 1.94369
289 64.5703 55.3669 2.16534
290 39.8082 54.9999 3.02173
291 23.0256 32.3698 2.68796
292 4.70735 17.9625 1.38824
293 36.6816 54.5422 3.02765
294 40.7355 70.4486 2.66948
295 50.7875 76.7748 2.44809
296 62.5516 80.6756 2.07487
297 69.1394 62.6886 1.90361
298 33.3012 78.7778 2.42249
299 71.6144 94.1308 1.8394
300 42.6251 53.3145 2.74518
301 42.823 84.8735 2.51913
302 31.2457 46.6354 3.26585
303 50.2347 58.1743 2.15819
304 26.2324 87.1975 2.54166
305 49.8612 89.5934 1.8374
306 62.8482 29.4197 1.77641
307 67.6872 96.4033 1.54437
308 36.2941 78.0585 2.5247
309 38.3102 57.437 2.88456
310 66.7611 30.9681 1.4213
311 32.5856 59.8293 2.56951
312 53.9652 68.4978 2.56003
313 98.5063 98.9078 2.93547
314 41.0218 86.5419 2.29994
315 51.8892 62.928 2.11225
316 55.1382 75.8352 1.80677
317 38.8927 75.0794 2.60362
318 66.7843 96.8604 2.12771
319 72.7861 94.4706 1.5395
320 76.2831 92.679 1.70697
321 41.5346 87.9279 2.61961
322 77.5858 89.1585 1.43667
323 41.2266 78.8576 2.52611
324 21.0014 9.89553 0.298638
325 56.928 60.8009 2.53892
326 47.5694 52.3802 2.69853
327 39.2386 52.2828 2.34689
328 85.129 89.5137 1.77544
329 75.0512 2.62408 0.796588
330 99.1079 97.9306 2.45793
331 67.5113 34.1243 1.66006
332 24.0083 10.0568 0.697317
333 60.1197 81.2242 1.5932
334 31.6528 62.8113 2.75914
335 69.6039 93.6963 1.40061
336 78.7893 91.8641 1.74974
337 35.027 71.536 2.0909
338 59.455 63.4639 1.6633
339 44.216 53.4221 2.06393
340 27.6136 46.8014 3.01818
341 35.4355 78.4357 2.72771
342 43.4108 82.6081 1.97206
343 56.632 62.2853 2.09601
344 51.5981 57.5177 1.83756
345 76.7818 22.4422 1.2827
346 29.6894 59.2524 3.02707
347 15.6627 4.91472 0.386487
348 24.1126 56.6548 2.84608
349 97.5328 24.1166 2.34276
350 50.2449 61.6449 2.25155
351 28.6412 86.8233 2.40444
352 95.6021 32.9217 1.60979
353 74.795 26.8201 1.09345
354 42.2898 45.7412 2.60116
355 51.0094 50.5186 1.7411
356 81.2259 88.4646 1.41707
357 96.8906 23.7978 2.07426
358 46.4219 80.0284 2.09536
359 35.7914 54.3396 2.89851
360 37.2504 87.9178 2.43165
361 31.8212 40.6694 -3.02092
362 46.2501 75.9345 2.07353
363 50.2603 56.6508 2.25345
364 71.0048 33.0431 1.7161
365 51.6559 69.8034 2.3435
366 54.36 79.9262 2.30658
367 81.5448 93.2353 1.27108
368 30.04 50.8828 2.83902
369 1.99409 97.971 2.3262
370 62.8894 26.1574 1.70887
371 40.394 84.279 2.15529
372 45.02 72.6056 2.56957
373 58.6077 84.1758 1.78317
374 43.7691 85.6476 2.65683
375 60.5476 77.9642 1.72245
376 46.7612 77.4081 2.4484
377 97.9957 0.783355 2.44321
378 39.9999 56.8076 2.98985
379 77.6362 95.4531 1.77992
380 50.6233 54.7777 2.62771
381 18.0215 13.9768 0.78705
382 51.7707 78.8499 2.46794
383 78.0427 20.2873 1.40196
384 53.2153 72.537 2.26657
385 77.2024 28.6603 1.28638
386 56.908 31.8839 1.53012
387 31.2246 37.7418 2.81649
388 58.2121 58.8617 2.17492
389 35.8481 54.2953 2.4926
390 31.686 79.5238 2.15366
391 40.3202 77.9104 2.38012
392 37.3184 53.8597 2.83182
393 57.4995 64.5262 2.05494
394 52.474 81.2263 2.18973
395 44.1191 78.3619 2.50794
396 43.5605 88.9852 2.09868
397 46.5806 81.6109 2.36585
398 -0.26596 98.7552 2.66516
399 30.5974 75.8698 2.96302
400 33.0909 72.026 2.30484
401 25.0579 6.60036 0.553913
402 41.6762 43.8062 2.64409
403 52.4604 77.3327 2.28625
404 43.6581 56.0734 2.47702
405 93.2561 33.1802 1.65053
406 25.8747 48.5437 3.12044
407 54.2236 82.0011 2.11279
408 37.9696 62.3826 2.56264
409 84.6685 91.7661 1.72159
410 34.7071 74.1273 2.83828
411 46.6192 83.749 2.14836
412 51.5899 49.9952 2.14865
413 34.2354 74.6907 2.67757
414 55.639 63.6274 2.27802
415 88.5594 21.1837 2.59414
416 56.8109 76.7963 1.99611
417 33.5158 72.5289 2.44199
418 46.0277 84.4245 1.81784
419 74.7749 19.8822 1.80961
420 35.194 52.5447 2.56419
421 45.1426 83.7158 2.16173
422 37.1765 72.4728 2.21479
423 74.38 89.0237 1.51135
424 44.7377 89.8316 2.6195
425 49.9484 72.7566 2.84391
426 14.9721 10.5405 0.694869
427 44.3424 86.807 2.54728
428 46.5785 58.9242 2.44326
429 51.1213 55.9954 2.56695
430 25.4695 93.6616 1.94102
431 60.744 76.6624 2.3622
432 40.2262 86.2403 1.75795
433 86.7427 88.8692 0.786757
434 41.0543 53.8524 2.37433
435 71.5726 31.2975 1.75526
436 32.3982 93.5156 1.77083
437 35.2531 48.7878 2.62367
438 73.0983 99.6715 1.60565
439 79.0083 94.6974 1.41601
440 52.9775 51.5591 2.09829
441 24.0351 48.825 2.86857
442 49.889 82.0046 2.45414
443 19.3282 17.7049 0.916345
444 53.6558 69.183 2.26376
445 89.4049 27.2672 2.15393
446 77.8955 28.0883 0.854151
447 28.0246 56.8324 2.7838
448 48.7514 78.8502 2.49164
449 61.6749 55.6121 1.98898
450 36.8262 79.5628 2.65657
451 40.5076 46.251 2.12919
452 45.3907 89.1183 2.55909
453 49.2303 50.6749 2.48465
454 48.9974 87.1391 2.57942
455 84.4868 21.8978 1.82419
456 31.5409 69.2362 2.58417
457 41.2404 73.6934 2.22398
458 43.1221 69.2478 2.80927
459 98.4326 19.7708 2.06038
460 37.3245 51.3159 2.90903
461 65.0997 26.7485 1.3298
462 54.6698 67.4537 1.91804
463 43.438 75.1497 2.25273
464 63.0902 71.8964 3.00563
465 36.9842 76.8591 2.48695
466 54.7869 60.1106 2.36491
467 80.7493 92.7378 1.48293
468 31.2095 49.7229 2.90669
469 30.4653 87.8058 2.25626
470 25.0446 98.0496 2.21672
471 41.9576 56.1299 2.84577
472 56.0051 69.0316 2.80424
473 56.8561 77.6389 2.33909
474 22.6676 13.744 0.181018
475 27.5621 53.0056 2.98421
476 96.9858 23.0685 1.78578
477 53.3671 58.9813 1.73014
478 33.4891 89.0684 2.56764
479 74.3352 21.4609 1.7554
480 33.618 58.5015 3.22369
481 80.2339 88.0304 2.07126
482 42.0456 44.6809 1.99182
483 34.1245 78.371 2.2378
484 31.13 53.8448 2.77054
485 25.4587 39.3938 -2.60289
486 55.9334 56.7445 2.37278
487 51.9122 57.7556 2.47555
488 29.1885 75.3147 2.25013
489 72.0603 20.5531 1.11891
490 80.1049 25.1053 1.25539
491 45.6304 52.9566 2.03139
492 57.1085 72.3086 2.23388
493 49.5668 62.406 2.22765
494 43.8063 46.8179 2.30041
495 36.8182 56.1802 2.59145
496 48.3804 81.6315 2.75489
497 44.6199 84.95 1.77055
498 54.381 54.7686 2.00967
499 74.6124 1.6928 0.205214
