500
Particles
0 58.7798 86.5586 0.909347
1 21.8103 87.0756 1.78984
2 9.46684 88.7636 3.39111
3 59.4024 95.7588 1.53957
4 19.495 69.1362 2.57038
5 9.23648 96.2604 3.24649
6 46.9587 83.9414 1.33064
7 30.249 34.5265 1.51867
8 24.5025 96.1134 2.71348
9 26.0331 100.217 2.10666
10 18.0493 98.0925 3.1251
11 17.3198 30.2011 1.51155
12 56.0035 97.6697 1.10914
13 93.0909 70.0241 0.146839
14 22.2663 71.9477 1.65699
15 28.9851 9.42768 2.84471
16 24.0465 2.98854 2.24534
17 14.354 59.4905 2.97729
18 26.793 84.5272 1.63994
19 91.2146 8.85015 2.85803
20 60.1494 96.0118 1.21288
21 43.9092 83.4209 1.42006
22 11.7961 4.50204 2.65343
23 23.2081 65.8072 2.34054
24 69.705 19.0916 -2.71299
25 5.79089 2.62827 2.7027
26 10.4099 95.9089 2.61242
27 18.5276 22.4807 2.0286
28 61.4086 87.4642 1.07262
29 18.5927 62.0194 3.08283
30 10.9351 92.5885 2.36601
31 8.40901 6.77494 2.9761
32 59.4009 94.2377 1.02003
33 11.8503 86.679 2.80599
34 11.2203 4.16572 2.28782
35 28.3819 95.2483 2.50849
36 13.9445 33.5134 2.06719
37 48.5181 89.2844 1.20135
38 0.669735 1.40694 2.20194
39 16.708 66.5994 2.41512
40 13.5855 1.98737 2.76934
41 95.6551 74.7896 -0.22424
42 19.6196 2.83473 2.68461
43 69.1512 11.5662 -2.93378
44 22.5583 91.0558 1.85589
45 21.5872 2.68754 2.20842
46 10.6412 5.48209 2.7113
47 5.63454 28.4869 2.21793
48 13.6454 2.10903 2.65106
49 6.87702 97.3133 2.31601
50 33.8193 96.0013 1.52685
51 13.0498 6.57637 2.24819
52 68.1938 15.8348 -2.56889
53 12.7273 32.1285 1.54911
54 27.5893 72.7061 1.8703
55 3.25042 11.0021 2.26541
56 29.7578 74.7336 1.59958
57 17.8142 95.3589 2.62872
58 25.8983 77.8094 2.31515
59 3.266 1.12222 2.27384
60 30.1283 89.9948 2.2108
61 17.8365 1.72564 2.58919
62 24.1165 95.3008 2.43424
63 19.1177 81.9049 1.5679
64 42.0174 89.2239 0.945239
65 1.18243 12.6547 2.92242
66 30.2972 93.4181 2.13791
67 31.3014 94.6007 2.13258
68 0.106536 10.8524 2.55958
69 22.39 94.8486 2.37152
70 45.9849 86.8421 1.54557
71 9.2538 2.46025 2.86826
72 32.5031 90.2499 2.38472
73 51.2118 88.8195 1.36748
74 15.2911 94.9685 3.13275
75 71.2777 24.0574 -1.68914
76 18.6448 95.4279 2.58798
77 45.8653 86.6591 0.955859
78 10.4505 92.4992 2.95252
79 28.4661 80.3549 1.64625
80 14.3612 98.2182 2.71681
81 29.3535 92.5004 1.59965
82 95.6822 6.89833 2.33722
83 23.5688 77.3044 1.95063
84 6.25738 8.65231 2.31696
85 13.189 98.8202 2.26159
86 15.0947 98.5298 2.43782
87 96.1695 6.75061 2.73226
88 92.0213 8.66848 2.99336
89 13.1714 95.363 3.06167
90 68.406 21.3299 -2.7755
91 6.14697 6.21173 2.72812
92 96.2579 5.88047 2.47044
93 25.2726 74.5125 2.03384
94 15.2436 99.9766 2.24568
95 59.1502 91.2904 1.09187
96 41.1143 87.2222 1.70112
97 49.9137 90.9813 1.75707
98 12.7418 95.9054 3.24146
99 68.1238 88.9612 1.53685
100 69.0914 16.7296 -2.09573
101 28.0911 85.3672 1.77353
102 19.2318 99.7757 2.71809
103 9.56141 99.5949 2.52766
104 14.9538 4.29586 2.16514
105 65.724 21.0534 -2.70982
106 29.4481 75.103 1.83621
107 59.4159 88.0808 1.12766
108 13.3853 5.3799 2.98767
109 31.2295 77.3855 1.72698
110 75.951 82.5022 3.47887
111 48.246 88.9551 1.28257
112 60.3185 95.4229 1.77256
113 50.7643 83.85 0.999854
114 41.5961 12.1487 -1.74885
115 51.8817 95.6073 0.880953
116 16.8872 93.1079 2.85523
117 5.58375 4.31732 3.16158
118 57.2531 97.0665 1.44786
119 26.1011 73.2783 2.23364
120 7.33851 3.39494 3.01503
121 27.6716 97.1235 1.74544
122 14.1155 1.90113 2.50918
123 24.2003 83.9918 2.20579
124 87.6314 69.2845 0.507745
125 2.19512 10.5732 2.51573
126 20.0688 7.32871 2.88478
127 91.3355 72.9632 -0.199662
128 68.7884 19.4784 -2.53458
129 59.2319 82.9193 1.45576
130 65.8063 88.1375 1.44191
131 17.2841 98.4024 3.21609
132 3.69381 35.8662 -2.04266
133 3.62089 41.7146 -2.59984
134 6.97383 96.1335 2.84526
135 51.6263 87.7901 1.45893
136 14.6751 95.4865 2.7411
137 48.9044 88.2169 1.5415
138 16.778 0.509316 3.10493
139 8.83374 2.24038 2.46111
140 20.2911 99.9248 2.59444
141 3.5609 12.4238 2.29649
142 26.3229 77.5323 2.21186
143 23.7958 2.9443 2.97865
144 46.1546 91.5847 1.40095
145 57.393 85.1238 0.860433
146 65.1276 87.7166 1.09445
147 9.01593 86.491 2.889
148 65.1045 89.6124 1.60641
149 30.5421 92.8264 1.49824
150 20.4958 0.986999 2.219
151 58.6712 93.0838 1.13759
152 16.8575 95.4699 2.78411
153 13.1835 5.05951 2.39066
154 23.7007 2.55468 2.18617
155 6.68385 42.5596 -1.9329
156 29.1989 97.4991 1.69215
157 17.4808 7.29772 2.41951
158 8.56508 95.5957 3.05146
159 24.4371 8.23665 2.41934
160 11.7612 90.5359 2.70442
161 21.6076 6.36542 2.68658
162 31.5145 98.5047 2.0874
163 99.5815 8.44528 2.27898
164 77.064 46.3658 -2.25654
165 28.21 93.9242 2.52341
166 95.9888 9.0646 2.79907
167 53.3383 90.895 1.74786
168 28.5567 83.7484 1.80353
169 73.5886 16.7763 -2.30818
170 13.5344 85.6061 3.00798
171 47.4452 83.609 1.09714
172 55.4011 86.6713 1.084
173 21.4469 99.5297 2.22217
174 9.20736 96.3385 2.80976
175 6.87369 8.14069 2.28506
176 26.3009 10.4357 2.51919
177 11.2519 0.507903 2.81895
178 72.3767 17.6564 -3.00636
179 60.3476 88.0356 1.44424
180 50.1586 84.8164 1.07803
181 25.8231 1.56313 2.46084
182 30.3094 74.9004 2.50555
183 73.2301 91.7842 1.44828
184 -0.0979498 6.37199 2.93879
185 0.305374 44.1236 -2.27197
186 15.7075 2.54783 2.50635
187 60.3053 94.728 0.856562
188 20.8843 78.1243 1.76647
189 11.6769 91.642 2.54129
190 8.2736 96.0981 2.27004
191 46.7535 92.769 1.36936
192 14.6698 96.5843 2.83897
193 9.96232 6.23808 2.80694
194 12.6326 96.966 2.52572
195 44.8977 85.3537 0.985321
196 8.7785 99.0096 2.71851
197 16.0119 99.2681 3.12689
198 95.6776 5.70969 2.90181
199 9.57637 97.9856 2.49849
200 48.4818 86.604 0.873366
201 12.5811 62.2961 3.22443
202 67.8894 17.9246 -2.54595
203 22.2915 7.24715 2.62033
204 10.5058 95.238 3.10739
205 53.0246 88.9468 1.19741
206 12.6459 0.346621 2.98669
207 5.328 4.19988 3.11069
208 1.22077 6.61389 2.53922
209 61.3518 96.6356 1.22355
210 30.5679 88.1875 1.87504
211 13.8211 2.55751 2.70038
212 2.787 37.7467 -2.61534
213 63.7394 92.1918 1.27357
214 21.0828 79.0786 1.89373
215 54.3344 85.0228 0.823227
216 20.7467 4.59989 2.39753
217 46.2225 83.0012 1.53558
218 16.0447 11.2532 2.23807
219 15.27 58.5865 2.5589
220 51.5077 89.2315 1.36889
221 14.6922 8.16998 3.01268
222 47.293 90.1861 1.42363
223 68.7991 26.49 -2.57537
224 61.0245 95.9331 1.1798
225 17.6363 30.8027 1.95748
226 23.631 100.167 2.31574
227 15.7168 3.38531 2.26379
228 16.8217 98.2138 2.38819
229 19.4424 1.79971 2.54279
230 93.5787 71.8056 -0.475694
231 35.2752 89.6703 1.88815
232 6.80317 7.0674 2.76436
233 9.55943 2.42933 2.848
234 7.16979 99.7467 2.818
235 27.8685 71.6439 2.52964
236 23.0451 98.1187 2.66241
237 13.1867 90.9756 3.16957
238 25.8708 70.5035 2.25573
239 22.2897 73.578 1.78751
240 40.1207 98.9953 1.58978
241 23.1998 91.8001 1.97276
242 15.546 5.16633 2.94273
243 51.4808 85.4179 1.04667
244 23.2682 6.30672 2.70296
245 14.0897 6.07381 2.80547
246 16.8912 99.7444 2.92429
247 90.357 77.0333 0.447564
248 25.5275 76.1134 2.47221
249 13.9024 94.2253 3.20201
250 15.6674 25.3513 1.63381
251 8.05822 90.5212 2.97474
252 27.6965 33.4264 1.27376
253 67.4963 14.9046 -2.10061
254 17.0014 98.3142 2.41042
255 30.8742 93.1153 1.82104
256 17.4608 5.67898 2.23884
257 16.9652 100.246 2.36504
258 26.985 97.6354 2.38987
259 30.8287 73.9739 2.15571
260 11.1194 97.621 2.70953
261 28.2846 76.8592 1.86363
262 21.3947 2.6549 2.73085
263 7.54469 6.36882 2.91449
264 11.3722 87.6206 3.16461
265 14.6452 97.2199 3.06049
266 12.1116 99.8697 2.30358
267 42.6723 89.2179 1.0587
268 8.95102 4.86458 2.95931
269 18.4838 24.4808 1.67165
270 28.1044 77.7064 2.35494
271 31.3836 74.6406 2.25613
272 63.4398 92.0567 1.74526
273 7.76003 100.138 2.3725
274 10.0458 3.36877 3.19501
275 18.0831 0.653425 2.27577
276 11.7329 97.643 2.36926
277 56.7733 87.677 1.28115
278 20.3405 87.5004 2.13446
279 16.3398 7.36674 2.84072
280 26.8403 75.8255 2.15933
281 16.4736 1.56695 2.23406
282 26.4189 72.8494 2.1561
283 52.6238 95.0263 0.736796
284 20.7566 93.036 1.99658
285 46.6976 87.3698 0.858228
286 90.0473 75.9501 0.548573
287 14.9214 1.33671 2.24519
288 68.9412 92.4289 1.3867
289 19.6197 90.876 2.59816
290 11.449 4.90166 2.71795
291 24.1177 88.2999 1.87695
292 72.6621 13.6466 -2.30728
293 9.09986 4.82054 2.8532
294 27.5211 70.9252 1.98966
295 18.7451 11.511 2.42315
296 1.31376 6.55806 2.32451
297 22.5517 2.25736 2.74738
298 25.2012 89.9412 2.21992
299 49.7811 91.1734 1.19585
300 12.8493 99.9484 2.2141
301 32.0204 91.207 2.05148
302 3.20322 98.4519 2.78032
303 15.8467 0.974294 2.99921
304 20.3637 84.5061 2.10392
305 10.6381 92.277 3.1412
306 17.667 31.4254 1.34084
307 11.9954 90.7169 3.12734
308 28.1122 77.251 1.59874
309 9.07285 5.41707 2.68867
310 21.5632 30.6023 1.2201
311 97.5595 70.3202 -0.0531062
312 13.4453 6.39635 2.9335
313 60.0481 92.7574 0.835726
314 22.4103 8.66981 2.46391
315 14.069 2.65404 3.13221
316 51.0201 86.0638 1.58514
317 27.7843 80.2239 2.2363
318 55.581 98.542 1.16114
319 46.3715 92.0926 1.57814
320 49.3786 88.5882 0.998537
321 15.5735 58.6528 2.64767
322 50.8637 87.1296 1.06172
323 27.9994 80.8854 1.8053
324 15.6952 91.8305 3.12299
325 20.6502 3.45176 2.31895
326 16.4742 97.6543 2.60569
327 12.746 2.42271 2.68587
328 98.7661 6.87253 2.3088
329 63.8452 93.1925 1.73201
330 58.7228 92.0234 1.13802
331 88.7186 44.9535 1.94058
332 62.6108 93.5806 1.58594
333 91.8739 4.63272 2.5331
334 21.5606 69.6855 2.36459
335 46.9201 91.5054 1.57258
336 49.6088 88.8362 1.42344
337 22.4488 71.9338 2.30773
338 19.3435 3.94696 2.74543
339 15.2988 0.213543 3.08097
340 40.8141 84.9428 1.69331
341 22.5375 77.763 1.70836
342 28.7146 84.3628 1.81014
343 18.3518 5.05747 2.88208
344 18.0354 0.213685 2.95564
345 70.6633 11.1445 -2.94634
346 97.27 76.4637 -0.119195
347 9.90898 97.1068 2.37012
348 20.9854 77.3634 2.36515
349 9.88219 93.6654 2.85312
350 15.273 6.5604 2.67451
351 28.0748 99.8662 2.33921
352 21.6784 88.0373 1.84592
353 69.5243 23.4286 -2.59937
354 13.8387 96.9979 2.66966
355 18.9944 95.635 3.18105
356 66.9079 90.3209 1.06921
357 7.5783 44.6516 -2.2044
358 29.8675 79.2952 2.5159
359 6.8782 3.68706 3.1602
360 26.394 4.33194 3.13113
361 5.00718 97.5173 2.8152
362 43.5663 86.8754 1.47651
363 16.5354 98.7382 2.43369
364 12.0318 88.002 2.81984
365 10.6236 7.10196 2.97454
366 48.5263 85.8043 1.53276
367 53.5253 89.495 0.992124
368 64.0227 87.5565 1.87077
369 70.833 6.95314 -2.13908
370 60.3523 99.4825 1.21257
371 31.3154 92.664 2.18537
372 29.4965 70.8802 1.82599
373 49.8739 87.3938 1.54329
374 11.0182 89.794 2.52455
375 8.75643 8.27438 2.29162
376 34.0168 77.1282 2.02605
377 56.4214 92.4018 1.73611
378 10.6053 6.26363 2.88143
379 52.3154 91.3277 0.893641
380 18.6575 0.118929 2.98155
381 12.8619 94.2619 3.09929
382 45.4631 83.8504 1.2361
383 77.356 21.2433 -2.26966
384 5.92509 5.50837 2.83053
385 25.2788 30.3789 1.72513
386 11.8083 32.7126 1.56801
387 9.44272 98.8575 3.06203
388 22.1359 2.97105 2.27301
389 4.73903 1.61684 3.01792
390 26.905 88.1204 2.19028
391 26.8468 76.5905 1.8001
392 0.469319 94.6949 2.1325
393 17.4885 5.15355 2.50529
394 45.7156 86.578 1.78763
395 30.0053 81.0343 2.21307
396 16.9215 56.9275 3.1341
397 48.2936 96.2466 1.61327
398 62.8588 92.034 0.980045
399 26.0823 93.6931 2.36369
400 22.5498 72.9075 1.7712
401 97.3164 9.30299 2.25539
402 15.1285 98.1831 2.22104
403 43.1137 83.4921 0.939379
404 12.9813 1.10393 2.34353
405 21.5542 88.0377 1.55297
406 91.0586 72.0958 0.0831275
407 46.6196 85.5307 1.83436
408 53.837 85.6129 1.09721
409 51.8954 88.393 1.09597
410 19.8759 72.9933 1.92233
411 42.5941 11.5896 -1.1772
412 22.2328 95.9885 2.39817
413 26.1039 76.0691 1.86911
414 17.3399 6.26434 2.15568
415 70.0197 11.4095 -2.87613
416 1.82793 5.34352 2.22763
417 22.1634 75.0548 2.36841
418 32.8552 88.6424 1.48976
419 80.7323 21.2224 -2.56901
420 7.79157 3.6682 3.07484
421 26.9626 85.7265 1.35627
422 28.386 75.9098 1.95354
423 50.1541 87.2714 1.36454
424 25.9293 9.35825 2.71428
425 46.883 82.3008 1.0068
426 53.3797 93.0228 0.863139
427 6.24259 91.7931 2.66157
428 15.7005 5.17665 3.05568
429 19.609 2.83036 2.98863
430 23.1002 4.38681 3.04269
431 10.0789 7.9043 3.10838
432 31.1882 95.2381 2.29399
433 59.486 91.245 1.18119
434 11.7617 2.59968 2.7083
435 11.0256 87.1247 3.39989
436 24.956 1.74827 2.50585
437 9.80255 0.997355 3.021
438 16.5234 64.1495 2.38942
439 52.2399 90.2429 0.947182
440 18.7532 95.0064 2.22702
441 88.9501 70.2481 0.246966
442 46.6152 87.1252 1.83346
443 12.4532 97.0944 3.06645
444 13.0382 6.35812 3.03203
445 7.50101 94.3284 2.57456
446 91.47 67.1513 -0.102352
447 93.8476 74.3698 -0.513211
448 33.2738 15.8285 3.20285
449 20.0608 93.0105 2.16934
450 24.5746 78.6233 2.42084
451 14.5511 98.1713 2.93572
452 9.00424 92.7962 2.84095
453 21.3789 1.39053 3.12378
454 57.8667 84.197 1.56817
455 95.2545 10.9043 3.09099
456 15.5432 70.1218 2.63205
457 27.2469 71.0784 2.21523
458 36.1122 96.6696 1.40818
459 5.41409 14.3432 2.70253
460 7.40031 97.5946 2.66273
461 68.2764 20.1562 -2.78519
462 14.6448 6.48323 2.87019
463 31.1377 76.5178 2.08733
464 16.6477 9.08022 2.63378
465 27.8285 79.4843 1.59233
466 19.3171 3.86443 3.07312
467 50.1441 88.1032 1.27275
468 5.07818 1.30477 3.08483
469 26.5373 99.7065 2.57454
470 23.0031 85.3315 2.12811
471 15.518 6.13306 2.39073
472 14.2736 6.79315 2.83135
473 54.0852 86.1668 1.03154
474 30.0179 10.5586 2.57974
475 92.7766 70.7581 0.0127972
476 8.85706 44.1873 -2.27024
477 14.6287 98.2864 2.44377
478 7.54406 10.2067 2.48672
479 74.5177 11.7596 -2.9767
480 28.8047 69.5123 1.89371
481 2.74661 6.27528 2.67972
482 14.6367 96.0178 2.40604
483 25.8375 81.8206 1.59565
484 99.3348 1.10365 2.57037
485 2.11699 97.1071 2.46084
486 22.2935 98.5848 2.96565
487 20.0622 4.64151 2.93862
488 27.1325 96.5663 1.76565
489 97.684 9.50425 2.18858
490 28.7587 33.208 1.7446
491 17.9575 1.31633 2.96301
492 13.9483 7.7109 2.17492
493 14.075 4.46569 2.53952
494 16.7925 99.335 2.8438
495 7.86652 4.13268 2.30554
496 45.9064 92.8748 1.70568
497 27.1585 7.01578 2.93105
498 22.4308 1.62337 2.97152
499 5.67981 14.4065 2.31516
