500
Particles
0 66.6894 13.955 2.62088
1 92.2641 85.464 1.15564
2 81.7708 53.0392 1.81214
3 54.6829 74.2417 1.27976
4 67.1064 32.6569 1.81524
5 91.8119 83.308 1.38652
6 83.1373 38.6236 2.27308
7 70.0983 81.8088 1.24669
8 41.2101 38.178 0.676441
9 15.4649 1.03516 3.15205
10 85.2939 17.9668 2.14836
11 77.5125 44.9129 1.67245
12 83.2336 50.9911 2.20908
13 65.7721 18.0756 1.87944
14 71.1622 36.5508 2.02244
15 66.9594 21.3537 2.30458
16 98.7166 25.5173 1.70205
17 72.3079 49.9958 1.43998
18 68.2621 43.6047 2.15754
19 32.5108 60.5616 1.45135
20 55.4713 75.8996 1.62827
21 80.5107 36.0233 1.80596
22 83.84 28.2935 2.24783
23 66.7233 25.7045 2.63416
24 64.0366 78.2617 2.04789
25 73.1876 22.0175 1.80474
26 94.1959 77.866 1.60458
27 77.4202 43.1233 2.36529
28 80.4838 33.722 2.78736
29 85.0146 50.1829 2.49168
30 46.5561 78.8236 2.30732
31 79.7007 29.0503 2.59206
32 24.1132 66.2736 2.18378
33 62.1618 83.8649 1.93884
34 73.8344 19.4374 2.0903
35 64.5214 44.9081 1.68293
36 56.024 84.8728 1.38483
37 86.5418 46.5996 1.82475
38 75.5667 27.8246 2.51752
39 66.7663 26.3781 2.51063
40 78.078 19.7414 2.86495
41 64.2579 25.2493 2.35837
42 87.9029 20.4494 2.77499
43 57.6574 75.2563 1.3664
44 93.1392 87.0214 1.4599
45 90.8916 22.3031 2.61265
46 77.7664 25.3396 2.71633
47 91.529 73.3202 1.36086
48 82.9498 23.0191 2.48353
49 68.5312 8.63727 2.4788
50 74.8201 46.6622 2.2329
51 86.9695 30.2035 2.84094
52 60.3324 77.064 1.89073
53 58.6824 85.1868 2.03993
54 71.5149 33.6241 2.42412
55 76.6587 71.1932 1.66929
56 73.2465 35.9037 2.5337
57 86.6218 12.9163 2.53489
58 73.6094 39.3545 2.42874
59 71.2991 21.059 2.5517
60 74.4563 43.0233 2.32524
61 83.2359 19.7172 2.18954
62 38.6747 33.5405 1.02428
63 18.6794 56.9186 -0.797313
64 79.0417 40.9343 2.31894
65 89.771 74.3919 1.56689
66 71.6504 46.7896 1.88817
67 73.6322 46.3922 1.84834
68 91.9791 70.8601 1.54165
69 93.6789 16.0269 1.84424
70 81.0157 40.8269 2.43353
71 76.8821 23.2494 2.75693
72 72.282 43.6891 1.80822
73 87.748 44.7711 1.77539
74 84.5248 16.5481 2.56641
75 71.4153 78.1895 2.03851
76 86.5722 15.9633 2.16709
77 84.7854 40.8367 1.91197
78 88.2401 53.8167 2.10477
79 73.1691 40.5644 2.5307
80 83.9043 21.2961 2.97263
81 71.8784 46.6771 1.78016
82 59.7894 45.2596 2.50823
83 62.5499 37.8291 2.06619
84 75.2714 68.5044 2.28979
85 83.8352 22.551 2.74902
86 84.0471 19.524 2.97507
87 89.1467 41.2223 1.78698
88 78.5498 69.9218 1.68697
89 82.4004 15.6089 2.7917
90 62.4642 78.2606 2.30308
91 79.9842 29.9877 1.9447
92 86.0058 38.0725 2.08047
93 62.4469 32.0676 2.08651
94 83.588 21.8508 2.92586
95 38.2295 64.1039 1.76024
96 80.4089 40.3295 2.36378
97 82.5462 42.7733 1.96628
98 80.4421 15.2291 2.87538
99 85.6743 37.4652 2.31343
100 63.8479 78.1375 2.04103
101 70.0758 43.0636 2.25211
102 85.5314 19.1142 2.84412
103 73.8064 16.9728 1.89862
104 84.4247 26.5454 2.41868
105 62.7236 79.5787 2.0949
106 71.9966 33.5352 2.69202
107 70.0934 23.0302 2.06983
108 81.5503 27.4053 2.15387
109 75.8262 40.0414 2.36854
110 73.9852 79.6808 1.31715
111 89.7833 46.3616 1.6433
112 56.544 73.7822 1.37321
113 82.5318 36.4773 1.94662
114 79.4105 44.659 1.60975
115 82.5559 49.1672 2.05339
116 85.4323 12.4874 2.0023
117 76.0776 26.292 2.13891
118 43.444 74.0362 1.25782
119 68.0378 36.5122 1.88648
120 71.3694 18.0253 2.22572
121 83.0622 82.7434 2.27261
122 81.9209 23.2791 2.37037
123 59.8681 32.2621 2.40508
124 78.3906 51.5481 1.8886
125 92.5836 66.7857 1.69329
126 96.7746 28.8372 2.05231
127 59.8185 18.9388 2.78881
128 62.7159 77.6334 1.6765
129 75.4703 44.7416 1.99202
130 76.8465 30.637 2.6057
131 85.7378 18.5699 2.94163
132 0.860267 66.8541 0.323225
133 98.2029 71.2412 1.45861
134 65.8053 95.2755 3.20692
135 85.9435 42.3045 2.64383
136 83.7053 14.1278 2.71887
137 80.6533 40.0819 2.61529
138 85.8789 22.153 2.92606
139 73.3405 17.5406 1.69029
140 87.8625 19.6942 2.80189
141 82.8415 70.6752 1.32588
142 63.9546 35.8354 2.09393
143 34.2693 44.7809 1.93437
144 79.9546 41.3722 2.33096
145 75.5843 47.3825 1.66451
146 70.123 21.763 1.81675
147 62.5749 83.8313 1.59558
148 88.0984 43.6895 1.70043
149 67.5934 46.0572 1.59374
150 86.1459 19.9848 2.33599
151 26.2459 64.8811 2.06336
152 85.5901 16.3015 2.28014
153 84.144 27.2751 2.9236
154 99.12 22.3356 2.26524
155 95.4277 73.4555 1.42299
156 45.4863 38.0669 1.29963
157 25.3857 45.3508 -0.381434
158 93.913 79.2532 2.13896
159 34.6663 48.519 1.65564
160 61.0554 85.736 1.64406
161 36.5021 49.4271 1.45377
162 67.9242 46.1256 2.09017
163 76.6726 67.0865 2.05475
164 91.126 75.4487 1.26822
165 63.6643 44.4057 1.99365
166 77.5003 68.9111 1.94452
167 90.3834 45.1128 2.36696
168 73.8191 42.5732 2.21411
169 88.4821 74.8391 1.47168
170 30.5905 69.2553 1.98924
171 81.0376 37.8558 2.68296
172 67.8091 18.5086 2.13009
173 88.1726 18.2807 2.08009
174 92.0126 79.114 1.31899
175 95.4302 63.9267 1.34813
176 81.9393 53.2351 2.02964
177 75.4502 16.265 2.85761
178 61.3636 76.4265 1.48953
179 79.338 33.1275 2.23343
180 82.4057 38.7614 2.11169
181 35.5887 43.9979 1.45696
182 74.5084 35.9168 1.90854
183 63.3493 10.6341 1.87203
184 86.7861 38.4238 2.21964
185 94.1688 73.6377 1.87788
186 85.8487 25.3892 2.09341
187 46.5261 71.44 1.16849
188 56.5422 18.7196 2.24025
189 79.3739 49.8361 1.82086
190 93.6976 79.0403 1.31031
191 82.3589 46.0301 2.16097
192 82.4268 11.7636 2.03853
193 88.3303 34.1429 2.57942
194 80.0438 18.098 2.78819
195 80.8765 38.6831 2.22673
196 71.1079 14.0473 2.2695
197 84.5552 19.6159 2.12027
198 85.2478 38.1267 2.44402
199 12.2156 49.4159 -2.39958
200 85.871 40.1602 2.14714
201 85.5948 47.9007 1.92906
202 59.9949 78.1468 2.31533
203 38.7529 50.4606 1.38464
204 96.2854 76.7645 1.48228
205 90.0922 44.4054 2.31304
206 78.7272 18.5921 2.8024
207 73.8729 24.3262 2.49975
208 61.4309 48.559 2.32482
209 43.4576 72.7109 1.59832
210 74.824 45.0474 1.62503
211 84.5303 24.8436 2.71038
212 94.4475 70.5553 1.77192
213 27.0086 62.667 1.57139
214 56.8392 16.1515 2.1499
215 73.4928 28.7389 2.06417
216 89.813 23.668 2.25811
217 79.5503 37.1172 2.58666
218 73.5406 54.4616 1.87324
219 72.4637 50.3323 1.87788
220 86.9128 44.799 1.78595
221 89.3623 33.6164 2.42333
222 86.7642 46.0052 2.45532
223 66.2903 80.8003 1.40236
224 53.1702 74.8438 1.86791
225 83.4714 51.2858 1.79776
226 100.107 20.5472 0.208039
227 87.2081 27.8011 2.11921
228 85.3498 20.3706 3.00393
229 88.0848 21.7683 2.16999
230 63.5365 19.7351 1.9587
231 76.222 42.5979 2.22427
232 86.1137 34.8241 2.34039
233 76.3704 21.9592 1.98043
234 73.171 18.0825 2.4361
235 72.1196 33.5544 2.11335
236 98.3679 19.7896 2.0831
237 80.8975 51.6665 2.38754
238 74.2799 35.3713 2.17171
239 65.1781 36.3283 1.65325
240 78.286 43.3584 1.95743
241 43.9107 36.5021 0.442426
242 87.7791 27.5287 2.47336
243 85.366 40.0412 2.15842
244 36.3009 50.4344 1.43524
245 86.0942 29.5145 2.38199
246 86.0695 22.8377 2.11501
247 93.0773 77.2951 1.53289
248 68.6648 36.2567 2.43945
249 82.1205 13.9378 2.46911
250 76.3781 44.0633 1.89571
251 77.1974 50.3909 1.83759
252 68.1374 80.3886 1.53605
253 49.29 75.9043 2.05091
254 86.2346 18.4436 2.6256
255 69.4899 45.6487 2.34555
256 87.6545 26.153 3.0344
257 82.6268 18.7242 2.49956
258 44.1772 42.0398 1.01231
259 71.2995 33.2453 2.22304
260 96.6209 81.1119 1.67402
261 68.1435 37.4254 1.57545
262 88.3866 20.2833 2.57321
263 84.26 33.1476 2.38679
264 63.1754 84.7248 1.4583
265 84.5955 18.897 2.1916
266 75.6819 14.2315 1.87665
267 79.2629 42.9268 2.086
268 70.2691 17.5256 1.85298
269 76.6125 45.5611 2.181
270 74.1283 37.9674 2.43646
271 74.5071 36.4042 2.44849
272 25.007 61.9558 1.43133
273 72.9768 18.3785 2.66553
274 78.8678 26.7936 2.58268
275 86.3119 21.0024 2.44886
276 77.2834 11.9637 2.10392
277 85.5518 37.5132 1.99869
278 87.4006 86.192 1.54143
279 87.781 28.1705 2.35257
280 76.1684 39.3322 2.09963
281 84.8782 23.7752 2.38362
282 69.8318 35.4522 2.01199
283 93.5606 44.7298 2.04011
284 97.6904 16.173 2.80866
285 84.298 42.0324 1.71701
286 60.1321 22.0628 1.96794
287 83.2971 21.8986 2.44984
288 40.7584 59.7986 2.23663
289 94.7152 16.7397 2.37348
290 77.8976 23.0729 2.4106
291 63.5767 7.19451 2.12118
292 95.4518 71.8828 1.71919
293 75.9596 24.689 2.23241
294 74.4479 33.9932 1.89996
295 78.8909 35.9841 2.17522
296 89.4445 39.0547 2.17896
297 96.2777 24.1122 2.23703
298 50.3227 37.2203 0.768611
299 84.9994 47.1965 1.74473
300 78.7627 19.2105 2.59216
301 73.8231 45.2318 1.8284
302 69.4703 16.3027 1.93716
303 85.3167 22.8921 2.62345
304 15.1234 59.8617 -1.09615
305 78.5043 48.9438 2.07061
306 59.0325 80.893 1.64964
307 81.9188 49.4855 1.67975
308 69.3601 40.6897 1.63467
309 76.3264 25.6468 2.25576
310 63.0888 82.4516 2.21546
311 69.3601 26.8926 2.60451
312 85.7182 30.146 2.35578
313 29.221 64.3554 2.31081
314 72.6545 49.2726 1.50336
315 85.3417 26.3181 2.15579
316 84.6632 36.8242 2.44394
317 73.7449 39.3112 1.84041
318 81.774 49.932 1.52525
319 85.6076 47.2174 2.23495
320 86.4935 44.8839 1.82738
321 71.5333 49.0732 2.01039
322 88.3934 41.5567 2.32424
323 71.5894 40.014 1.92728
324 10.2226 45.7348 -2.38259
325 91.0765 24.9854 2.19529
326 84.0131 18.0616 2.56922
327 76.7308 20.3985 1.96447
328 92.809 41.7792 2.02518
329 53.6159 70.3234 1.74211
330 28.5901 62.878 1.67513
331 68.3994 84.8225 1.93579
332 31.7565 64.6685 2.05038
333 87.3286 39.7655 1.79688
334 65.9643 28.3247 2.08304
335 83.155 46.4368 1.83129
336 89.3054 44.4486 2.42604
337 66.1642 33.3186 2.47786
338 90.5546 24.8873 2.54335
339 82.12 20.4972 2.75138
340 65.4354 15.942 1.89181
341 64.4928 39.1292 2.60847
342 72.5367 42.2228 2.18253
343 88.4623 24.3107 2.15168
344 86.8442 22.1708 2.91366
345 73.2811 74.8076 1.42399
346 65.144 26.5028 2.39595
347 95.892 81.6819 2.07229
348 57.4686 20.7903 2.24059
349 93.4864 76.8181 1.57085
350 85.3424 26.0356 2.78003
351 35.978 39.5356 1.80415
352 95.229 84.6468 2.15086
353 64.8779 79.7483 1.8127
354 80.1133 13.1998 2.56961
355 86.0298 15.5424 2.95375
356 90.0629 41.3099 2.15475
357 92.3504 75.6098 1.13785
358 75.3008 38.8193 1.75404
359 72.9505 21.5635 2.49735
360 69.6255 50.3099 1.7769
361 67.946 8.94816 2.5469
362 77.9444 37.7062 2.39529
363 84.7444 20.434 2.0812
364 66.0743 85.0495 2.11807
365 80.8619 29.6308 2.44126
366 83.0472 39.2858 2.16075
367 88.2188 45.0403 2.31722
368 67.7519 19.5602 2.29248
369 33.9118 63.4835 1.81942
370 52.1305 77.807 1.48972
371 71.0085 45.3688 1.66004
372 76.4934 33.9887 2.2884
373 85.7922 42.6908 1.82163
374 75.9654 47.9789 2.31818
375 87.5314 36.1821 2.37978
376 79.0261 39.1617 2.60674
377 24.764 64.5535 1.94834
378 79.002 26.3045 2.4308
379 88.054 47.6379 1.49847
380 86.3186 20.1053 2.9645
381 7.89247 48.9049 -2.70104
382 80.8104 38.3194 2.2489
383 79.3622 72.6435 1.55817
384 84.1842 33.9071 2.87158
385 67.1993 82.1179 2.06206
386 55.514 83.8886 1.69145
387 69.2374 9.28278 2.57796
388 91.6763 21.9946 2.14693
389 72.6939 21.326 2.00031
390 62.2225 41.19 2.41462
391 71.5285 39.2033 1.77459
392 72.1853 18.7069 2.3227
393 89.6103 26.6047 2.74699
394 80.5848 40.4939 2.11437
395 75.9065 40.1828 2.23454
396 73.9989 49.7354 2.07214
397 78.1691 43.184 1.79965
398 29.5612 62.7936 2.39384
399 47.0156 36.9867 0.856258
400 63.7881 33.7008 1.99724
401 37.0781 62.9419 1.6965
402 81.9965 15.3236 2.78677
403 82.7722 37.9568 1.92458
404 80.3354 22.1314 2.64766
405 93.0392 84.9161 1.88788
406 62.1021 14.9108 2.64334
407 83.4087 41.8681 1.9118
408 73.9852 29.0378 2.60554
409 92.6024 43.9394 1.9844
410 67.1269 37.014 2.3231
411 79.3751 45.7172 1.54739
412 89.4851 17.7075 2.44557
413 66.2064 37.1561 1.76217
414 88.3206 26.0772 2.56119
415 87.0167 73.0567 1.20231
416 88.2366 38.6265 1.99292
417 63.4839 33.9638 1.84971
418 75.8425 44.7464 1.56937
419 74.5898 71.5195 2.07661
420 74.7944 21.8052 2.45199
421 74.2741 43.5614 2.08386
422 71.7157 36.8475 2.16901
423 86.2742 41.737 2.4388
424 72.3281 49.008 1.46911
425 80.1188 33.6704 2.05152
426 1.40547 41.298 1.55573
427 75.6358 48.4951 2.15129
428 81.7849 23.9547 2.45572
429 86.5502 21.3777 2.92282
430 33.0798 46.452 1.32991
431 87.8848 35.2281 2.80659
432 69.9088 46.755 1.86353
433 96.2337 43.2801 2.57146
434 78.3553 21.573 2.84643
435 67.5597 82.7671 1.51405
436 36.7264 45.4763 1.98212
437 72.5172 16.0971 1.7575
438 86.3666 52.8702 1.91397
439 88.9553 46.9023 2.0773
440 87.9455 15.5869 2.03791
441 60.3132 16.0413 2.58397
442 81.8665 43.9162 1.73479
443 11.3656 51.9051 -2.31126
444 86.364 31.8546 2.48147
445 90.0135 81.6951 1.96343
446 72.4192 81.4952 2.04466
447 64.5803 23.4575 2.30578
448 78.1395 38.7147 2.64783
449 92.5498 17.1995 2.5683
450 68.3679 40.6749 1.74826
451 80.1331 16.4438 2.48378
452 75.8479 49.8829 2.1602
453 86.6032 17.769 2.34365
454 77.9987 46.3474 1.78971
455 82.3843 73.3443 1.7887
456 62.835 31.5335 1.53893
457 72.803 35.0292 2.19838
458 76.1118 32.2909 2.46963
459 95.4117 71.6936 1.41264
460 74.4475 18.4975 2.40308
461 58.8234 78.1502 1.95737
462 86.4789 28.7468 2.7688
463 76.2145 37.7063 2.33924
464 93.1647 33.716 2.69725
465 69.5015 38.8424 2.56736
466 88.2261 23.304 2.44098
467 90.2666 44.6321 2.41362
468 68.9526 17.6678 2.16497
469 38.6388 41.2592 1.73093
470 2.23301 82.5757 0.379598
471 79.0026 23.1507 2.81756
472 87.7674 30.7178 2.10311
473 85.8721 37.3461 2.03678
474 14.1867 48.02 -2.88022
475 65.8999 20.9739 2.29956
476 93.7213 75.7094 1.64456
477 85.3969 20.5322 2.16467
478 64.4414 50.2453 2.52343
479 72.1698 73.668 1.82384
480 72.7923 28.9991 2.26736
481 92.3475 40.9322 2.20401
482 81.7545 14.322 2.03811
483 67.1521 41.8205 1.94268
484 69.5262 22.0975 2.4093
485 64.8217 10.0851 2.69398
486 88.8887 19.3476 2.72385
487 88.4282 23.5235 2.86071
488 41.4038 35.6333 0.962606
489 72.7097 71.8287 1.38726
490 72.1809 79.0736 2.01269
491 83.6147 20.3591 2.60939
492 87.8317 32.9475 2.33857
493 84.0789 26.6652 2.20808
494 83.2042 16.8358 2.88112
495 76.7561 26.0497 2.47897
496 79.0331 42.5825 1.87698
497 74.2135 44.5192 2.09891
498 90.1892 20.7892 2.18532
499 84.7587 57.8824 1.87353
