500
Particles
0 9.13887 52.6812 1.38802
1 66.431 86.7388 2.79613
2 65.377 60.9304 1.00121
3 52.1164 81.2157 2.14431
4 83.825 5.16542 2.4875
5 69.883 84.591 2.27468
6 6.66404 21.1346 2.61073
7 62.7035 88.1186 2.42888
8 77.8394 13.3477 2.26007
9 42.4604 61.6892 2.2414
10 4.20267 97.0574 2.40101
11 5.40333 30.3627 2.65018
12 73.204 60.7052 1.98278
13 72.2798 73.6734 2.45181
14 85.584 6.32186 2.5556
15 76.8849 84.1631 2.39759
16 41.814 11.7169 2.216
17 1.39337 36.3058 2.32485
18 87.5631 20.9564 2.80446
19 83.0347 23.248 2.27403
20 55.9206 83.479 2.1173
21 1.53631 15.9262 2.55782
22 5.79298 10.7479 2.68442
23 79.2443 94.1478 2.07939
24 56.6246 84.6678 1.90153
25 86.6522 93.6894 2.29623
26 1.22654 51.3027 1.04165
27 99.0921 23.7823 2.16837
28 99.2754 10.4912 1.95765
29 87.7145 58.1698 1.06009
30 60.4126 56.3662 1.42235
31 1.6616 10.428 2.47669
32 98.4674 58.2178 0.838566
33 42.0958 90.3039 1.66237
34 87.1631 89.5883 2.01292
35 88.3334 27.6424 2.75022
36 19.3773 52.9138 -2.45824
37 86.3336 56.7702 1.50088
38 88.9138 100.018 2.2034
39 81.6429 97.4312 2.41164
40 85.8887 82.0988 1.79929
41 73.4063 88.3866 2.00945
42 8.53599 0.91791 2.23309
43 54.9374 83.2446 2.15864
44 69.8085 86.7442 2.85252
45 18.1211 9.21618 2.50447
46 86.0545 92.3399 2.41074
47 66.3415 76.2029 2.04083
48 1.61351 1.22083 1.86791
49 86.8285 41.4678 2.71916
50 93.2125 24.0402 2.12828
51 10.8335 13.0061 2.70386
52 53.0404 85.3797 2.23139
53 21.5077 53.4015 -1.81529
54 85.3251 3.65484 2.3604
55 61.4685 79.6075 1.81098
56 85.1766 2.24402 2.10437
57 4.4934 89.718 2.61241
58 90.92 15.4907 2.12625
59 79.9517 82.9349 2.29686
60 93.1715 20.6129 2.11285
61 2.39729 98.8838 2.86075
62 69.8046 90.4076 2.09261
63 80.4304 26.1514 1.89231
64 98.3613 18.8138 2.0793
65 67.8469 77.7055 2.54695
66 89.4005 24.2582 2.1562
67 93.723 25.5442 2.40914
68 70.6546 71.8401 2.22175
69 18.8952 56.5101 -1.68272
70 3.96882 23.1921 2.13982
71 88.6694 94.47 2.01692
72 89.3492 20.2773 2.62427
73 81.7064 54.2639 1.53488
74 6.12521 97.2548 2.64849
75 61.2877 84.7573 2.05486
76 6.52341 95.3819 2.5214
77 7.79882 24.037 1.66932
78 92.1105 59.7112 1.30991
79 92.7457 19.1768 1.9049
80 2.4034 99.298 2.61506
81 94.9061 28.1116 2.23796
82 84.4412 21.7038 2.33023
83 84.944 17.21 2.24204
84 61.5859 76.9228 2.54567
85 5.28305 4.40114 2.28292
86 4.02964 99.4226 2.09815
87 88.9874 51.2502 1.06164
88 64.1063 78.7148 2.37508
89 1.86079 94.7249 2.64822
90 55.628 85.7123 1.89955
91 1.19358 10.5729 1.96087
92 9.48839 20.4683 2.52798
93 79.6843 3.00658 2.2791
94 0.518573 99.4244 2.71354
95 57.6443 56.4418 1.91248
96 2.85905 21.3673 2.27958
97 9.01256 27.7992 2.66901
98 94.4514 84.6378 1.90655
99 4.93513 16.9769 2.37793
100 58.6799 86.5407 2.19697
101 90.5576 22.6169 2.56364
102 3.05089 96.4663 2.76135
103 82.6897 79.1778 1.84304
104 2.14475 4.74181 2.40129
105 55.306 88.3832 2.26034
106 84.2818 2.5577 2.6286
107 81.9089 91.6709 2.59316
108 5.3107 11.0697 2.50462
109 92.21 15.8037 2.68434
110 62.6721 85.9046 2.48625
111 91.4725 56.5293 1.59226
112 51.9453 81.0052 2.08178
113 0.459055 14.889 2.65741
114 0.698607 26.368 2.35236
115 65.63 57.5552 1.67831
116 4.55492 89.9431 1.87257
117 90.7591 0.742459 1.99897
118 81.4009 40.1995 -0.0474988
119 83.2285 6.42055 2.61774
120 76.3771 71.4174 1.9254
121 64.997 85.7265 2.77736
122 92.6618 92.0938 2.91053
123 79.1991 2.67543 2.51692
124 64.9433 61.7321 1.35635
125 95.9205 59.0003 1.01442
126 43.449 15.0317 1.56537
127 71.4152 77.24 2.09204
128 60.2207 84.6176 1.86359
129 90.3753 19.4013 2.27687
130 91.9534 3.08123 2.04425
131 6.40931 98.0726 2.56757
132 96.6073 58.2786 1.63649
133 86.8263 36.6408 1.81907
134 64.7298 90.4675 2.031
135 67.0897 93.1094 1.90182
136 2.13717 92.1244 2.27422
137 3.13226 21.4388 1.88547
138 6.73356 2.33811 1.95803
139 77.7275 69.8897 2.31029
140 7.4165 97.9098 1.89542
141 77.9075 24.6654 2.51758
142 86.8833 16.7096 2.23053
143 85.5736 33.501 2.3513
144 3.61218 23.8295 1.81981
145 94.429 26.533 1.92512
146 81.278 90.514 2.80347
147 45.0425 91.6944 1.99569
148 83.9625 53.2475 1.04204
149 89.006 26.913 2.79245
150 6.04379 99.9618 2.02682
151 99.731 53.1496 0.997216
152 3.11326 93.2757 2.297
153 6.3897 10.0008 1.91689
154 37.1375 2.74803 2.9692
155 80.946 33.4984 2.41592
156 80.9248 16.1254 2.12319
157 72.9756 85.7347 2.10792
158 5.10297 48.9461 1.62093
159 54.4705 52.9441 2.11575
160 20.9815 54.7517 -2.02015
161 59.6254 53.899 1.37393
162 87.0247 24.0564 1.97873
163 89.8098 62.9057 0.901331
164 68.079 78.3479 2.31285
165 85.3433 21.6449 2.20946
166 62.6213 76.7766 2.59831
167 90.4328 55.6621 1.05031
168 92.6396 20.291 2.58148
169 64.7258 81.2313 2.12549
170 60.1759 61.6664 1.38963
171 6.12429 22.2511 1.77485
172 75.4138 79.8887 2.43097
173 9.17162 98.8937 1.8136
174 67.7976 84.4062 2.37897
175 97.7099 58.0641 0.625229
176 67.2604 63.2949 0.811577
177 10.7954 56.7283 0.41253
178 53.2787 83.4516 1.82975
179 99.2885 11.5434 2.57085
180 4.75905 19.5728 2.59932
181 89.3169 34.5334 2.04025
182 93.1251 12.8622 2.38147
183 85.9638 41.3614 2.39803
184 14.1063 24.0565 1.84199
185 69.9176 76.4187 2.40332
186 8.27379 7.68695 2.15187
187 62.2206 61.6624 1.34176
188 72.984 83.8624 1.91699
189 46.1425 30.0265 -0.30451
190 68.7446 81.4406 1.86545
191 77.1182 21.0638 1.89058
192 8.21708 60.0822 1.34215
193 8.99185 14.5071 2.50622
194 87.6712 79.6773 2.18641
195 97.2471 14.2999 2.01876
196 76.8203 67.678 2.69122
197 0.691994 95.6184 2.42882
198 12.9931 24.029 2.16836
199 54.842 62.4037 1.47532
200 13.1785 25.9882 1.73776
201 73.4164 55.9658 1.66194
202 56.3292 87.0069 2.35617
203 58.6321 56.1014 1.97895
204 98.8473 49.0095 1.51942
205 90.1252 54.4373 1.27517
206 85.3575 79.5244 2.57823
207 84.6212 93.4433 2.36888
208 84.4904 27.5019 2.62532
209 60.4531 60.9495 1.24308
210 94.3289 24.7322 2.24987
211 7.04853 7.08223 1.80541
212 82.752 34.3236 2.65515
213 97.0021 53.5457 1.2142
214 71.0503 80.8275 2.40016
215 85.1046 97.6625 2.51018
216 14.0195 7.6306 2.30438
217 97.747 13.746 2.4734
218 82.0967 39.7435 0.959806
219 1.78177 37.9031 2.04695
220 86.7615 55.2334 1.06206
221 15.1018 18.0382 2.16448
222 85.4655 55.0967 1.34988
223 58.5422 87.2966 1.59562
224 29.95 64.6629 2.75689
225 69.5398 61.1838 0.856274
226 51.7932 56.5124 1.45949
227 10.1274 10.0732 2.81007
228 3.63634 98.0906 2.23775
229 13.2349 7.05215 2.21808
230 75.8435 83.8119 1.8436
231 95.3087 20.5111 2.47285
232 8.03491 15.8173 2.34938
233 85.3935 88.8304 2.55116
234 81.687 81.9607 1.6053
235 84.8761 2.56535 1.7044
236 40.6432 93.4807 1.15982
237 65.054 60.8335 1.21757
238 94.4431 14.3427 1.76984
239 88.6331 18.2691 2.13507
240 97.778 21.3032 2.1402
241 78.7627 12.2274 1.8444
242 9.44121 9.28788 2.741
243 11.6352 25.5493 2.11388
244 58.8242 53.8763 1.36657
245 10.1994 13.0419 2.07059
246 7.26807 4.49596 2.29161
247 69.6314 79.4449 2.66953
248 79.9856 2.16641 1.82366
249 1.99618 79.4886 0.893064
250 93.4814 20.6477 2.222
251 41.8995 29.8877 -0.899234
252 56.8259 89.4399 2.22511
253 23.9525 51.1379 -2.00663
254 4.77817 97.1316 2.82384
255 87.7713 22.1059 2.67191
256 8.58774 6.65961 2.05494
257 0.645423 95.8188 2.28554
258 81.3338 20.2242 2.30953
259 82.782 1.00774 1.95403
260 10.4469 43.3984 1.47474
261 88.3144 14.3512 2.72602
262 10.4679 2.31433 2.09772
263 7.52887 15.4052 2.46674
264 49.2954 94.0526 1.92614
265 1.23776 95.4719 2.36797
266 11.0503 51.6351 1.29683
267 99.2674 21.5258 2.59254
268 75.6775 69.4753 2.17209
269 97.3373 25.8184 2.50909
270 91.2798 14.0262 2.05956
271 88.6409 7.90387 2.30777
272 95.2074 53.4165 1.32222
273 80.4234 78.3201 1.69707
274 92.874 100.016 2.2975
275 6.15612 1.10939 2.55368
276 9.31386 47.4167 1.56345
277 9.88622 20.8115 1.84702
278 65.4022 87.4766 2.44373
279 9.51665 9.81312 2.79655
280 98.7308 19.6799 1.95679
281 4.53051 2.92519 2.53444
282 85.5766 6.49419 2.3175
283 96.1391 52.384 1.37024
284 45.7508 76.5546 -0.280386
285 7.88822 24.815 2.37277
286 71.5356 86.6025 2.20856
287 3.47146 1.69451 1.9462
288 41.8782 42.8441 3.3839
289 18.2708 56.7927 -2.00723
290 91.3527 95.8581 2.05914
291 81.1995 34.5323 2.51938
292 78.4685 32.4988 2.10042
293 85.6474 90.9273 2.19836
294 92.6921 9.1313 2.61247
295 0.145361 14.7357 2.11859
296 14.8383 22.2769 2.20796
297 37.5691 7.00134 3.29956
298 84.7792 19.4592 2.39667
299 70.1589 56.6027 1.10291
300 95.5124 95.9541 2.70724
301 91.9388 22.6407 2.72532
302 75.1355 71.226 2.18704
303 5.08427 3.76475 2.14504
304 80.5187 28.4286 2.43707
305 45.1775 31.1298 -0.538148
306 28.8484 76.3943 2.47958
307 68.814 58.2924 1.30684
308 85.8485 16.1119 2.35997
309 89.9706 98.3728 2.06314
310 53.6167 90.8926 1.57559
311 80.2806 94.0574 2.29669
312 9.30597 14.2304 2.51268
313 95.8704 54.7164 1.40751
314 91.8155 27.3255 2.25696
315 9.76872 9.99015 2.21828
316 8.94985 19.7487 2.50111
317 90.1486 15.6408 2.68013
318 67.3868 59.0259 0.818266
319 82.3086 56.7595 1.29543
320 88.1632 55.0234 1.69635
321 95.9991 31.4207 1.96863
322 81.9203 51.9534 1.7272
323 90.4867 17.0652 2.87723
324 55.5534 59.6119 1.63479
325 14.144 5.87695 2.93874
326 0.933466 95.5431 2.52844
327 87.1926 86.6946 2.43269
328 93.6867 51.2101 0.969831
329 96.2968 61.3973 0.734391
330 95.5593 52.9479 1.7745
331 52.801 93.0504 2.01649
332 57.4328 60.3652 2.07177
333 16.5499 26.8391 2.43331
334 79.9042 97.4329 2.41421
335 69.6016 54.7065 1.61168
336 90.9007 53.6208 1.0816
337 82.4958 5.02185 2.12149
338 15.6011 8.72509 2.7219
339 98.2731 97.3158 2.62027
340 72.2157 71.9854 2.69732
341 85.5351 17.1762 2.66609
342 94.3444 23.6311 2.35127
343 13.9742 8.63676 2.84583
344 9.43871 4.7929 2.17143
345 62.4228 81.7517 2.65957
346 79.752 96.8158 2.62915
347 11.2717 44.118 1.13814
348 70.5927 89.019 2.65085
349 68.881 77.5183 2.02709
350 4.82946 6.20843 2.19385
351 83.5286 28.0771 1.96511
352 69.6951 84.9876 2.53185
353 58.9302 86.1562 1.5674
354 89.5909 76.2439 1.75411
355 6.10766 94.8483 2.46437
356 90.404 50.0994 1.49822
357 69.1263 78.3829 2.79374
358 96.0391 17.9054 2.04567
359 83.9961 89.9425 2.21728
360 87.8252 27.1958 2.70061
361 8.36154 49.8578 1.00017
362 96.7311 14.3004 2.59968
363 4.18592 0.675494 2.30672
364 55.1227 91.6611 1.97844
365 6.28302 15.0665 2.60362
366 9.00516 24.3221 1.94389
367 92.316 54.6348 1.49708
368 74.3951 77.7011 2.08036
369 97.9224 53.883 1.58779
370 26.3217 69.1842 2.51174
371 90.1524 23.2206 1.97648
372 95.5637 12.0844 2.25343
373 68.3783 8.97018 0.868236
374 95.0512 26.3081 2.32352
375 15.9828 22.6245 1.99429
376 97.0207 16.5148 2.04119
377 96.3398 55.7547 1.21659
378 91.846 97.8409 2.21274
379 89.9605 57.6872 1.48263
380 4.40903 98.0102 1.98511
381 53.6654 61.1613 1.84321
382 7.07589 23.9951 1.62246
383 64.293 81.3119 2.5736
384 5.86218 14.7578 2.60778
385 62.3412 86.6777 1.72695
386 18.7883 51.4426 -2.39056
387 87.0085 40.2535 2.01729
388 14.4325 4.92513 2.65417
389 85.1752 91.7921 2.47913
390 83.2262 19.8196 2.05857
391 90.2662 17.1791 2.63197
392 86.4022 90.4567 2.78611
393 13.3362 9.25981 2.14111
394 5.82984 23.8259 2.06099
395 92.619 15.7559 2.6352
396 0.866062 35.5568 2.01075
397 93.8588 16.5101 2.78913
398 96.6274 52.9614 0.90386
399 77.5425 7.50607 1.62311
400 81.7486 7.28404 2.01647
401 57.2913 57.2866 2.10027
402 88.6795 76.0412 2.35531
403 6.08892 21.6047 2.48413
404 96.0036 97.9219 2.63167
405 67.8345 85.2577 1.95672
406 72.021 77.472 1.88872
407 9.85041 26.9112 2.47355
408 88.3897 1.32487 2.02761
409 92.6873 53.5681 1.48862
410 81.3763 7.30286 1.8907
411 96.8279 23.7453 1.91754
412 5.45467 93.1221 2.08805
413 85.9321 15.7888 2.11357
414 13.2936 10.5234 2.70447
415 66.4515 79.7549 2.33723
416 10.2383 19.8331 2.54735
417 82.7755 7.81827 2.30699
418 97.9838 26.2669 2.37891
419 61.7456 79.5968 1.88688
420 83.1528 87.305 1.98603
421 96.391 24.6772 2.26559
422 86.3361 8.34406 2.20922
423 49.3625 33.2674 -0.920058
424 0.334624 34.2042 1.77453
425 1.52827 13.875 1.79281
426 11.5032 48.047 1.20013
427 97.8613 29.4574 2.0602
428 98.8261 100.031 2.38384
429 6.68213 1.4433 2.30747
430 88.1958 37.1081 1.74626
431 14.1019 19.1617 1.94862
432 91.0539 27.1155 2.5988
433 97.6967 50.1016 1.05268
434 89.6807 89.6194 2.39898
435 56.4656 91.6991 1.9393
436 92.1757 34.8476 2.11765
437 76.7804 68.5625 2.67942
438 89.9657 59.8468 1.49982
439 92.8931 55.9162 1.38797
440 6.45014 94.5667 2.47788
441 70.8272 76.7382 2.64748
442 0.831693 21.3818 1.96886
443 55.3535 63.5175 1.62001
444 8.71228 14.0711 1.91152
445 67.558 83.866 2.43576
446 61.8008 87.239 2.04659
447 77.0464 92.1419 2.35162
448 98.7399 17.2495 2.11348
449 16.9289 55.9746 -2.14101
450 87.5721 18.6536 2.38173
451 88.865 78.0996 2.28679
452 2.96174 36.1769 2.23471
453 3.94917 94.5707 2.0707
454 8.24486 34.3238 2.62559
455 65.7037 81.0816 2.21326
456 79.0557 2.18759 1.91664
457 89.9548 7.75845 2.37637
458 92.707 5.96808 2.42369
459 70.8059 72.7211 2.49863
460 86.3376 88.0226 2.8778
461 27.4822 68.2905 2.46194
462 9.80542 12.4959 2.56028
463 94.9299 15.3587 2.65015
464 34.689 4.98836 3.18633
465 88.6856 17.6396 2.07113
466 11.7155 6.81807 2.40956
467 90.1694 55.0033 1.06217
468 77.7522 78.0493 2.29133
469 88.9731 33.5662 1.92945
470 91.7249 40.6132 2.75692
471 93.4982 96.981 2.14858
472 9.04486 12.0489 2.62237
473 10.4592 20.7073 2.12011
474 55.8196 62.9846 2.01557
475 73.214 79.061 2.72703
476 68.8573 76.0961 2.52069
477 10.4207 5.56854 2.24709
478 88.5256 29.809 2.05693
479 60.7153 80.8793 2.53431
480 82.1066 94.3661 2.23476
481 85.6045 48.9317 1.61152
482 92.0071 80.5011 2.80362
483 85.775 18.5134 2.96886
484 81.1179 90.9686 2.62363
485 9.64645 48.5022 1.64156
486 10.0745 0.730566 2.09915
487 8.24563 3.59158 2.33338
488 79.0358 10.327 2.12023
489 59.3723 79.5154 1.98347
490 63.8811 83.8918 2.20978
491 -0.130803 96.6067 2.63541
492 11.454 17.3493 2.04922
493 3.48376 5.53541 1.91748
494 94.2128 81.9323 2.35121
495 84.9908 92.3688 1.95548
496 1.66728 24.0068 2.52898
497 95.7786 25.4698 2.59806
498 9.30356 98.8634 2.10772
499 93.2751 60.4461 1.51707
