500
Particles
0 35.7488 3.3298 -0.036866
1 60.3617 73.4621 -0.40553
2 76.1577 21.0563 -1.93431
3 11.9889 14.1817 1.0493
4 58.5389 64.685 -0.257102
5 82.1821 71.2153 0.806264
6 86.3917 63.2865 -2.82632
7 43.4575 45.2138 -1.83045
8 71.9706 9.26045 -1.73013
9 68.1958 16.1758 -2.21345
10 77.3979 78.7101 0.953755
11 99.5136 81.5831 0.420202
12 76.1242 74.0807 0.636318
13 1.37598 45.8657 3.30319
14 65.5726 56.408 0.557016
15 85.2611 78.3118 0.736519
16 14.1005 14.2415 0.552705
17 19.5311 34.7031 -2.08333
18 65.6656 66.2122 0.311636
19 55.4729 79.9173 -0.890622
20 28.5679 55.1026 -2.18137
21 91.1086 63.0322 -2.96246
22 70.5981 79.655 -0.398388
23 22.0315 39.9961 -2.34284
24 17.8721 87.4341 -2.52479
25 85.1038 74.0592 1.41388
26 90.4274 80.9958 0.876959
27 45.6584 42.8104 -1.90743
28 31.9507 6.38384 -0.367172
29 12.923 18.3036 1.20189
30 73.5562 89.4805 -1.34224
31 56.2447 88.9459 -0.930485
32 26.6945 51.9265 -1.91121
33 77.6553 13.3595 -2.47679
34 24.0908 53.3131 -2.23233
35 32.9676 3.50801 -0.83391
36 0.660268 87.2597 0.448571
37 74.518 66.9914 0.556225
38 80.4576 18.1355 -1.84865
39 56.9507 80.1205 -1.43202
40 79.7319 21.8451 -2.28229
41 3.2184 48.3583 2.74527
42 65.6719 17.2022 -1.61858
43 86.1591 84.3184 0.595694
44 61.3273 85.9782 -1.42076
45 68.0951 20.9289 -1.89664
46 36.7559 8.57151 -0.516824
47 91.4016 98.0832 2.6305
48 69.3827 7.81567 -1.43114
49 83.1484 69.1092 1.44857
50 75.9469 10.2561 -1.89938
51 38.5103 11.2421 -0.926786
52 86.9779 57.4855 -3.02693
53 99.8837 83.5453 1.11317
54 80.0548 82.8346 0.746144
55 50.6861 45.5619 -1.66479
56 23.1972 51.3399 -2.42965
57 3.56867 3.28374 -0.542052
58 20.7991 46.324 -2.40469
59 85.9209 71.9026 1.73878
60 73.9359 66.7243 1.0391
61 64.9758 12.3274 -1.5283
62 32.1202 8.3158 -0.727161
63 58.8027 71.9278 -0.912012
64 64.0905 73.7862 -0.700236
65 88.478 55.4483 -3.34798
66 71.9378 72.9738 0.54328
67 26.1567 94.5877 -2.01682
68 87.6775 52.3698 -2.88056
69 35.2497 11.8635 -0.125863
70 86.2705 63.8964 -2.8127
71 32.2166 68.0074 -1.63621
72 68.5113 69.9326 0.885556
73 56.6068 98.6922 -1.91186
74 79.5873 48.5042 -2.36018
75 21.714 19.0583 -0.603377
76 31.6542 12.1349 0.147067
77 69.1004 67.0724 0.507125
78 65.1259 82.0602 -0.770853
79 76.0935 58.9398 0.446283
80 31.6979 11.2486 -0.101545
81 74.1656 69.2754 0.729066
82 17.4051 55.4561 -2.76481
83 66.0516 63.5856 0.821526
84 24.1952 35.4811 -1.96903
85 5.2477 74.3881 1.27962
86 26.1975 17.3468 -0.420686
87 86.4867 46.3229 3.08721
88 85.0456 58.0492 -3.13028
89 90.2442 80.7822 0.587565
90 91.7872 80.2001 0.784699
91 57.0061 88.1691 -1.11265
92 49.214 44.9244 -2.6044
93 20.7077 45.8502 -2.95476
94 33.5023 73.1848 -1.12606
95 32.8202 6.79604 -0.815764
96 76.8222 61.2317 0.690086
97 78.3261 65.7384 0.75634
98 91.1436 81.5006 0.871546
99 7.88515 11.1785 0.316059
100 86.8553 56.9945 -2.97895
101 69.4572 61.3758 0.535307
102 71.7548 10.2694 -2.03973
103 9.33057 81.1469 0.277719
104 38.6825 4.3164 -0.513082
105 92.0427 80.2968 1.16701
106 22.3814 54.2385 -1.96108
107 58.5414 3.13468 -1.46432
108 44.1094 11.4342 -0.943016
109 64.5087 5.70253 -1.10044
110 74.8625 93.068 -1.84047
111 78.1319 65.1789 1.05145
112 75.5565 9.40071 -1.56788
113 14.36 44.6063 -3.00739
114 84.0333 80.9733 1.12699
115 47.2716 1.80444 -1.12638
116 76.2923 69.3289 0.856913
117 88.6532 81.0883 0.548349
118 14.3042 13.5694 0.432616
119 20.1432 46.1556 -3.05134
120 89.2057 77.1122 0.952275
121 51.2563 80.0907 -1.04636
122 33.6288 72.8582 -1.49431
123 68.6258 62.4751 0.0914363
124 91.1585 52.5812 -2.83915
125 86.0406 55.2049 -2.98102
126 55.9248 95.0153 -1.95583
127 90.6837 54.6774 -2.5353
128 14.3844 87.7196 -2.34995
129 39.214 4.24415 -0.881741
130 36.15 11.9866 -0.21504
131 75.8335 76.1214 1.03046
132 96.532 82.5552 0.590017
133 95.289 83.5209 0.82644
134 86.7074 68.9491 2.80061
135 89.8605 65.9552 -3.14124
136 97.5519 92.8994 0.726664
137 91.1003 66.7803 -3.00065
138 38.5614 81.2738 -0.263405
139 27.2328 10.8888 -0.0721591
140 71.6672 11.933 -1.69582
141 85.629 56.4243 -2.72997
142 86.2083 59.9888 -3.21004
143 71.929 19.8272 -1.82253
144 77.5018 66.8953 0.795426
145 59.9414 1.28819 -1.47626
146 34.4843 10.2428 -0.0936454
147 77.064 17.0301 -1.56889
148 35.9998 9.40953 -0.628375
149 77.9165 68.92 0.70133
150 46.444 7.53524 -0.2042
151 30.9345 6.18195 -0.400856
152 52.3413 75.3728 -1.12367
153 36.8305 4.85194 -0.164628
154 72.7845 19.5126 -1.80606
155 96.959 88.0146 0.638075
156 70.9777 11.6111 -1.61359
157 65.3312 23.5144 -1.78546
158 91.5393 73.18 2.74459
159 78.9433 79.3558 1.17044
160 63.6461 91.0155 -1.00165
161 50.6582 84.5786 -1.4808
162 74.2643 13.1375 -2.30477
163 91.2935 49.6742 -2.19381
164 92.4601 58.8942 -3.00397
165 31.2496 2.39433 -0.80102
166 86.3263 52.525 -2.91945
167 93.8892 66.0162 -2.97142
168 62.8174 70.9403 -0.693994
169 88.2124 93.4209 -0.10995
170 76.367 12.6811 -1.60733
171 78.4615 60.2391 0.965757
172 53.8231 2.14404 -1.06072
173 70.3586 12.8182 -2.15821
174 80.8203 70.8688 0.607764
175 53.9363 92.1498 -1.40536
176 82.2371 78.9353 1.01754
177 4.74499 74.8265 1.22587
178 24.6585 44.5291 -2.97027
179 32.7546 5.75465 -0.0895851
180 12.3728 46.603 -3.23023
181 72.5676 15.5884 -2.27258
182 23.543 49.0417 -2.62252
183 62.2985 25.9608 -1.79992
184 86.2469 76.8619 1.21999
185 7.94145 26.7846 -2.70064
186 32.622 73.9203 -1.3028
187 74.3533 9.98998 -2.40727
188 58.5981 69.8208 -0.0110513
189 65.5914 85.1754 -1.07337
190 72.3787 73.4544 1.09445
191 79.7775 66.794 1.32907
192 9.47645 88.2304 -2.26416
193 64.6495 9.9382 -2.09558
194 95.37 90.4492 0.217883
195 69.4639 66.1777 0.824521
196 88.2247 70.1096 3.42563
197 27.5867 16.3618 0.0618808
198 25.0696 58.7582 -2.10261
199 91.1089 71.4286 -2.83145
200 91.9582 63.6384 -2.89268
201 56.154 80.3034 -1.386
202 59.6928 60.4936 -0.982963
203 41.5563 15.8483 -0.10848
204 83.3478 68.9378 1.36872
205 58.4241 1.58656 -1.64433
206 97.7185 7.013 -0.98012
207 87.3379 76.3461 0.976694
208 85.6974 79.5121 1.34503
209 79.565 75.5275 1.12617
210 72.4146 65.1394 0.148694
211 73.9944 77.2509 0.773448
212 95.183 83.6846 0.677024
213 34.7257 11.329 -0.00958496
214 66.2886 60.9569 0.760357
215 8.53805 51.2767 2.79849
216 71.1943 24.4635 -1.63425
217 90.2057 63.4212 -2.7336
218 60.2123 22.9796 -1.71588
219 11.0748 22.9855 -2.80875
220 98.2572 69.1702 -2.94939
221 45.5002 14.0757 -0.264143
222 74.4659 66.2466 0.251211
223 85.8864 11.5994 -1.84926
224 10.7132 12.5864 0.357428
225 40.2333 42.0485 -1.6602
226 67.218 17.2251 -1.51057
227 70.9555 8.77066 -2.04273
228 30.6856 16.7331 -0.0478195
229 48.0647 11.8227 -0.916193
230 97.3677 50.0856 -2.89135
231 71.0535 67.1844 0.450037
232 54.7805 85.1133 -0.974463
233 5.75102 61.1868 1.69639
234 86.8386 72.5898 2.49945
235 22.7931 50.1837 -2.17243
236 73.4062 11.61 -2.00909
237 66.2823 84.0399 -0.558234
238 23.7522 46.313 -2.70875
239 58.7124 66.8433 -0.764405
240 79.1238 73.1838 1.13916
241 66.7638 75.2298 -0.16661
242 40.0977 11.7391 -0.838745
243 90.8733 64.5303 -2.87787
244 45.4746 78.7999 -0.79457
245 41.2273 10.9659 -0.191103
246 39.9875 71.8818 -1.54495
247 93.7624 55.4745 -2.68459
248 69.6624 57.5397 0.992191
249 80.7228 68.0957 1.11807
250 20.3975 16.8764 -1.32705
251 81.7948 11.8738 -2.1247
252 40.0574 47.2362 -1.98972
253 10.8957 26.4366 -1.95178
254 68.7734 88.1376 -1.37016
255 76.3938 69.7358 1.19216
256 43.6083 11.1402 -0.81065
257 36.9487 73.4246 -1.13691
258 74.1797 11.6439 -1.85258
259 23.9605 54.6024 -2.00581
260 90.5239 69.9536 -2.70116
261 13.6381 40.3439 -2.86219
262 71.0025 17.5683 -2.15523
263 0.491855 74.893 0.873286
264 70.1905 1.99784 -1.24184
265 6.63273 61.9361 1.73331
266 21.5285 0.183199 -0.712401
267 64.6195 73.2091 -0.145139
268 75.8989 87.7774 -1.23148
269 1.58586 78.824 0.813235
270 20.2826 48.523 -3.15975
271 23.5265 50.7111 -3.00644
272 30.4562 15.6768 -0.0605813
273 87.5523 71.6023 2.35923
274 0.731493 75.9067 1.54433
275 48.5736 7.71101 0.119657
276 93.7369 80.9574 1.13376
277 56.8873 1.01428 -1.40649
278 76.7591 7.93542 -2.18229
279 47.9914 16.9271 -0.47854
280 73.7266 55.2682 0.860921
281 55.7317 95.4213 -2.14728
282 21.6859 38.8356 -2.533
283 91.2894 68.0455 -2.99479
284 67.2797 76.4537 -0.308227
285 79.4918 60.7436 0.77705
286 93.2556 53.4639 -2.68942
287 37.1029 73.8622 -1.64057
288 10.2146 12.2862 0.993582
289 80.0514 8.782 -1.92331
290 67.2965 10.3897 -1.58191
291 60.0006 76.3064 -1.02185
292 86.8542 91.6875 0.477526
293 1.08062 75.9213 1.28648
294 82.7918 83.7977 1.326
295 42.0124 49.346 -1.72582
296 87.3002 78.0903 1.21757
297 68.4589 15.8714 -2.09669
298 60.2217 89.5616 -0.565982
299 84.5948 64.8504 2.74797
300 2.4532 71.2938 1.30547
301 74.7402 68.271 0.850859
302 78.6691 20.7368 -1.64643
303 72.6536 5.81519 -1.66834
304 62.3845 68.591 -0.0665223
305 72.0292 72.2222 1.136
306 3.51105 93.0176 0.336857
307 63.5343 87.9536 -1.3147
308 16.4257 43.4174 -2.60688
309 16.9787 0.590492 -0.144117
310 42.7379 39.0857 -2.15438
311 90.4263 0.58851 2.83499
312 37.8574 9.86948 -0.881773
313 27.0849 5.6878 -0.80331
314 16.2092 14.8201 0.677075
315 69.4238 10.9373 -2.03657
316 89.2953 63.4937 -2.56495
317 83.7801 59.478 -3.41053
318 80.8849 76.6726 0.509142
319 82.3045 63.4669 0.96606
320 72.765 68.7475 0.28979
321 92.2802 97.5406 1.93677
322 77.5135 64.2868 0.627821
323 76.721 58.0541 0.980892
324 64.1506 92.8176 -0.713458
325 63.7833 19.6702 -1.42459
326 6.36684 11.1449 0.616868
327 25.1034 8.66092 -0.924645
328 86.9711 78.8738 1.23986
329 27.8666 52.5086 -2.48275
330 33.9936 9.89795 -0.710859
331 96.4136 80.3461 0.986559
332 28.789 52.7005 -2.35497
333 11.2499 50.0734 3.03978
334 55.0969 72.3945 -1.18862
335 81.7932 64.6303 0.529504
336 94.1023 66.6619 -3.02149
337 60.5694 64.5431 -0.113847
338 66.2624 18.4124 -1.51922
339 6.10495 12.2513 0.280858
340 70.2745 65.6457 0.351694
341 66.4418 1.59224 -1.92225
342 68.9656 64.5446 0.15556
343 47.7502 15.7009 0.0447404
344 73.5371 8.30206 -1.60507
345 85.6646 83.1231 0.870165
346 3.47743 47.5322 3.05315
347 93.1054 81.556 0.709259
348 62.3066 66.3005 -0.437004
349 71.7467 72.5432 0.379387
350 42.3834 9.47411 -0.106795
351 70.3989 12.9543 -1.90432
352 60.0322 84.5085 -0.689073
353 78.9007 47.5467 -2.88448
354 82.0398 52.9029 -2.90927
355 79.8398 79.0204 1.17172
356 9.85798 15.4869 0.941751
357 97.5111 83.6104 1.01331
358 16.6024 44.389 -3.2192
359 85.5532 78.1758 1.62818
360 73.6668 22.7387 -2.23806
361 80.2839 71.6541 1.14731
362 76.0214 62.7759 1.09986
363 28.5339 14.0878 -0.691598
364 80.074 7.60961 -1.98821
365 36.5426 7.60419 -0.340498
366 90.9386 65.2002 -2.35239
367 61.0117 3.80006 -1.95899
368 34.203 9.33536 -0.305187
369 85.5 81.9767 1.16836
370 80.5108 73.8995 0.911032
371 76.319 70.4943 0.59801
372 81.042 83.4562 1.3092
373 7.68025 48.8494 3.17843
374 61.1696 92.4254 -0.793083
375 37.0289 7.20591 -0.702754
376 65.782 3.18183 -1.0718
377 22.2931 86.5998 -2.06306
378 40.8168 11.1543 -0.963262
379 94.3048 69.5781 -2.70565
380 70.2977 16.1434 -2.19448
381 94.4515 84.8609 0.369515
382 73.0774 63.2158 0.809771
383 14.4479 13.5101 0.842487
384 94.5927 7.67889 -0.787891
385 42.9551 44.4613 -2.13708
386 37.3752 44.3858 -1.52363
387 1.69387 67.7324 1.77622
388 66.4418 18.5914 -1.65807
389 83.5001 73.3558 0.923214
390 64.5336 69.5609 -2.22877e-05
391 19.1548 42.0379 -2.59755
392 67.9333 93.5875 -0.692994
393 62.7091 20.2034 -2.0682
394 89.3248 64.0395 -2.93613
395 13.6175 41.9404 -3.2287
396 9.95414 22.0137 1.47392
397 82.3527 68.0863 0.75462
398 76.5914 74.4832 1.17619
399 26.4489 90.2062 -2.12901
400 78.2453 53.7531 -3.27118
401 87.8225 49.7579 -3.37591
402 31.1056 13.6527 -0.63166
403 71.9073 61.8529 0.174338
404 100.418 1.94135 -0.189455
405 61.11 70.1862 -0.452958
406 97.0997 49.3112 -2.74973
407 87.3856 62.4096 -2.47071
408 6.89534 47.4851 2.58302
409 91.109 66.4663 -2.75012
410 57.378 68.9368 -0.670177
411 85.3955 80.7674 0.818815
412 30.7601 13.0609 -0.400784
413 13.8429 26.9633 -2.68596
414 45.5496 10.2629 -0.120956
415 90.4828 89.1153 0.369777
416 86.1256 75.2703 1.01239
417 86.617 58.7077 -2.55832
418 74.4707 64.6697 0.40193
419 56.0197 77.3672 -0.683878
420 88.4915 78.6248 1.39311
421 65.2667 66.6637 0.0826773
422 21.1175 49.1997 -3.18673
423 30.6679 70.4056 -1.13224
424 82.449 80.1622 1.12598
425 87.4766 61.8073 -3.17657
426 49.2059 0.619713 -1.30499
427 60.8747 95.2164 -0.963858
428 40.1077 8.79688 -0.769427
429 44.7172 8.32903 -0.683081
430 43.9823 78.2855 -1.0277
431 43.0209 7.99763 -0.53413
432 74.2904 9.94038 -1.95117
433 49.7983 1.96845 -1.39293
434 81.7859 80.5264 1.43341
435 77.4889 10.9958 -2.06039
436 69.1218 17.5244 -2.16325
437 92.4893 88.1308 0.323471
438 56.0297 81.6605 -0.669439
439 54.1995 2.16663 -1.49563
440 82.5309 54.3885 -2.46651
441 88.7991 59.2399 -3.03897
442 76.5314 64.0912 0.221703
443 58.5602 59.4458 -0.651316
444 40.2679 8.07608 -0.561005
445 77.1937 69.7405 1.25736
446 12.7031 30.7351 -3.02768
447 94.6746 53.8638 -3.18005
448 85.7157 77.9989 0.890419
449 76.9113 68.0438 1.00536
450 62.6251 68.6387 0.239773
451 29.1686 11.1301 -0.558683
452 71.2869 70.5615 0.311667
453 73.3431 13.9165 -2.32954
454 17.5199 50.806 -2.6426
455 85.3988 48.8278 -3.33512
456 58.9446 64.5588 -0.333111
457 24.5132 44.2319 -2.39627
458 29.9809 54.9669 -1.82295
459 31.2326 69.896 -1.27606
460 84.6745 70.8747 1.2546
461 91.7926 81.3239 0.472438
462 44.3286 11.0498 -0.0446591
463 63.2894 1.96746 -1.25182
464 44.8806 17.1432 -0.615571
465 18.5537 44.9671 -2.40651
466 69.3334 21.3651 -1.39652
467 86.4281 65.1773 -2.63384
468 84.5335 73.312 1.03631
469 69.5865 16.4307 -1.76373
470 64.9614 65.3694 0.278221
471 44.185 13.3132 -0.887735
472 43.9196 14.0493 -0.393996
473 100.216 54.7744 0.396513
474 83.1884 78.115 0.92612
475 0.36157 49.1353 3.44335
476 95.7005 87.515 0.344012
477 2.54808 6.5307 -0.507853
478 56.6546 90.0261 -1.36962
479 89.5243 85.7118 0.14476
480 24.5243 43.7307 -2.43595
481 87.0972 76.7198 1.16768
482 93.5459 83.598 0.514709
483 74.0394 59.037 0.288799
484 75.4292 85.5193 -1.51129
485 80.7466 15.7636 -2.44837
486 68.3544 14.7428 -2.29909
487 68.9597 22.7383 -1.84075
488 30.8783 0.740395 -0.795389
489 86.0702 51.1378 -3.24526
490 43.1134 48.0683 -1.88193
491 35.9126 75.8451 -1.4977
492 43.6728 11.7825 -0.114829
493 60.7979 98.522 -1.20553
494 38.3297 73.2635 -1.76233
495 21.3708 89.7155 -2.52448
496 74.9651 69.1288 0.82399
497 80.8805 74.3462 0.979255
498 47.3666 10.7125 -0.626203
499 33.1113 67.7339 -1.67509
