500
Particles
0 60.9507 92.3542 0.766475
1 17.9456 91.8798 1.97923
2 3.45926 90.6572 2.87048
3 61.607 1.55027 1.32577
4 16.819 74.7461 2.2152
5 3.43775 98.5176 2.95788
6 49.0872 89.6838 1.52624
7 30.0727 40.6355 2.04925
8 20.7962 0.889999 2.45743
9 21.2034 4.14266 2.74122
10 12.3183 0.614033 2.95115
11 17.8966 36.4549 1.56578
12 57.4727 3.64827 1.54756
13 99.2738 69.0846 -0.166065
14 19.3216 77.463 2.27452
15 23.7792 12.9081 1.8142
16 18.4866 5.80117 2.9104
17 8.63988 62.0397 2.60917
18 24.0621 90.1562 1.96205
19 85.9457 11.9772 3.07887
20 61.1029 2.20883 1.77789
21 45.2618 89.5168 1.58036
22 6.1875 7.43572 2.53261
23 20.1386 70.9879 2.31232
24 67.2795 13.6724 -2.00016
25 -0.215412 4.19698 3.00965
26 4.45481 98.1294 2.98892
27 18.9029 28.7985 1.35726
28 62.8944 93.4323 0.878716
29 13.404 65.4822 2.51396
30 4.83279 93.5741 3.22075
31 2.5171 8.40309 3.07739
32 61.2962 100.291 1.18808
33 5.80354 88.0169 3.24562
34 5.59904 6.92738 2.54197
35 24.746 0.433813 2.24735
36 13.073 39.7139 1.65561
37 50.1037 95.4161 1.48384
38 94.9359 3.52224 2.42076
39 12.2607 71.0474 2.43468
40 7.8509 4.40378 2.98753
41 1.57174 75.335 0.898321
42 14.2147 5.7922 2.32214
43 66.4286 6.04244 -1.53073
44 18.3201 95.7791 2.2825
45 16.0853 5.58281 2.76091
46 4.93732 8.1108 2.79844
47 0.458253 28.1037 -3.02798
48 8.07867 5.01439 2.5062
49 1.27845 100.212 2.26342
50 30.6105 1.43664 2.44972
51 7.60133 9.77732 2.29332
52 64.5246 10.7659 -2.10724
53 12.2098 38.3 1.52186
54 24.0388 77.7712 2.03409
55 97.5151 13.3675 2.84079
56 26.1885 79.8116 2.45272
57 12.1387 97.7984 2.38948
58 23.8709 83.7515 1.45881
59 97.6881 4.12892 2.80243
60 27.282 95.4538 1.85508
61 12.3649 4.71018 2.43831
62 20.2778 0.313161 2.48185
63 15.9776 87.3105 2.0961
64 45.3886 94.4197 1.18471
65 95.9218 15.5025 3.16943
66 26.5958 98.3238 1.84407
67 28.0393 100.019 1.85317
68 94.3384 13.3268 3.34876
69 17.2184 98.4351 2.52363
70 48.1511 92.6473 1.02767
71 3.48123 4.20483 3.25798
72 29.2124 95.6604 2.01055
73 53.2226 94.7471 1.68197
74 9.78506 97.8796 3.04642
75 67.6433 19.1708 -1.49655
76 12.5504 97.2311 2.64798
77 47.9 92.6344 0.874391
78 4.48227 94.6242 2.47619
79 25.99 86.1362 2.37793
80 9.36008 2.05514 2.48196
81 25.2312 97.2638 1.74018
82 89.8527 9.32311 2.83707
83 20.7908 82.9986 2.22116
84 0.661118 11.29 2.41158
85 7.62028 1.53877 3.0647
86 9.0581 0.471092 2.55756
87 90.5114 9.49825 2.67371
88 86.4298 11.6987 2.93702
89 7.52456 98.0957 2.50702
90 65.1833 16.096 -2.28041
91 -0.106405 7.60451 2.88619
92 90.4644 8.3714 3.00571
93 22.7071 80.2329 2.41258
94 9.87995 3.18747 2.95054
95 60.1158 97.1975 1.57225
96 43.0054 93.184 0.9233
97 51.8181 96.7776 1.7901
98 6.88638 98.1638 2.38173
99 69.0934 95.0441 1.66641
100 65.9156 11.4427 -2.35163
101 25.615 90.8255 1.57213
102 13.7696 2.91547 2.37474
103 3.95321 2.45132 2.98891
104 9.51276 7.14196 2.35881
105 62.394 15.9443 -2.39381
106 26.3188 80.6074 1.66849
107 60.8987 94.0172 1.61601
108 7.72982 7.98551 3.11186
109 28.745 83.0799 2.00406
110 71.9742 77.5979 -1.84118
111 50.6571 94.7403 1.5085
112 61.305 1.56617 1.13034
113 52.5086 89.7698 1.64534
114 40.9152 6.18686 -1.54201
115 52.7975 1.78991 1.14929
116 11.1023 95.5866 2.73772
117 -0.31615 5.90186 2.63302
118 57.9187 3.12526 1.75144
119 22.6556 78.4953 2.27426
120 1.057 4.5873 3.31691
121 23.4291 1.485 2.70443
122 8.13226 3.80601 2.74609
123 20.4974 89.0371 2.32729
124 93.7001 68.885 -0.022402
125 96.645 12.7754 3.11049
126 14.8887 10.5562 2.20795
127 97.4695 72.7191 -0.470929
128 65.523 14.246 -1.92195
129 60.819 89.0231 1.29829
130 67.2848 94.145 0.944647
131 11.8489 1.25281 2.47215
132 99.1019 32.2007 -2.27327
133 99.3807 37.3254 -2.2621
134 1.10444 98.4663 2.68132
135 53.2512 93.7364 1.67921
136 8.9855 98.1989 2.8197
137 50.5006 94.2823 1.02271
138 11.6505 4.01982 2.32169
139 2.77396 3.80442 3.30477
140 15.2205 3.65518 2.81839
141 97.5738 13.8694 3.16474
142 23.9556 83.2381 1.42677
143 18.5928 6.29638 2.96132
144 47.9981 97.5306 1.1453
145 59.593 90.8748 0.627008
146 66.5892 93.8864 1.32332
147 2.82667 86.8454 3.04513
148 66.0402 95.7479 1.54633
149 26.4796 97.4713 2.51005
150 15.3604 4.558 2.45231
151 60.4601 99.1458 1.29611
152 11.1484 98.0844 2.79014
153 7.33653 7.2798 2.74301
154 18.7439 6.40485 2.62314
155 1.96507 38.5562 -1.88608
156 24.7288 1.59325 2.78434
157 12.0444 10.379 2.30541
158 2.74434 97.9128 2.56267
159 19.1989 11.8069 2.74659
160 5.50701 91.3883 2.86
161 16.351 9.75376 3.02586
162 27.5506 3.38266 2.02947
163 93.8929 11.2262 2.41225
164 74.3211 40.8059 -1.78292
165 24.3842 98.8186 2.1976
166 89.9974 10.8152 3.00742
167 55.461 96.8828 1.49415
168 25.6839 89.199 2.32317
169 70.9312 11.324 -1.79488
170 7.33838 85.5955 3.15718
171 49.6427 89.4328 1.451
172 57.9009 92.4259 1.33455
173 16.5996 3.39448 2.45349
174 3.09283 97.9765 2.84409
175 1.32983 11.0706 2.45393
176 21.2343 14.1823 2.70597
177 5.56106 3.29718 2.80158
178 68.4461 12.8062 -2.40057
179 62.2106 93.7484 1.01219
180 52.3529 90.6467 1.43012
181 20.8793 5.06798 2.28897
182 26.9739 80.1521 2.12037
183 74.9891 97.8542 1.11604
184 94.263 9.03232 3.28898
185 96.6711 39.0034 -1.66539
186 10.3614 5.68658 2.62383
187 62.4442 0.550832 1.19044
188 18.8926 84.0469 2.23219
189 5.39254 92.0097 3.25272
190 2.38085 98.2063 2.79427
191 48.3271 98.7816 1.2484
192 8.88381 99.0877 2.53287
193 4.3884 9.07524 2.56275
194 7.05954 99.9689 2.80487
195 46.5753 91.1814 0.848575
196 2.94908 1.03554 3.05648
197 10.4856 2.25538 2.4185
198 89.9235 8.17446 2.77122
199 3.96648 0.656834 3.00216
200 50.0552 92.6742 1.29699
201 7.3042 65.4811 2.34885
202 64.7636 12.4424 -2.01014
203 17.445 11.0808 2.58212
204 4.62813 97.3997 3.0184
205 55.0231 94.8744 1.3707
206 7.09595 3.20824 2.48683
207 99.3475 5.81412 2.89199
208 95.8646 9.94662 2.57558
209 61.8499 2.9586 1.41691
210 27.9914 93.8569 2.46998
211 8.17699 5.02445 2.50311
212 98.871 33.0255 -1.90656
213 65.5745 98.1563 1.05441
214 18.219 84.6091 1.97076
215 56.0197 91.0828 1.43063
216 15.3707 7.88811 2.4879
217 47.0454 89.1617 0.927828
218 10.8547 14.4397 2.13128
219 10.0638 62.0506 3.13424
220 52.9196 95.3796 1.15692
221 9.45987 11.3221 2.13144
222 49.3864 96.053 0.877387
223 63.6352 22.9014 -2.28976
224 63.0294 1.95414 1.49766
225 18.1749 37.0726 1.25455
226 18.5908 3.8664 2.66978
227 9.96506 6.09453 3.03075
228 11.3927 1.40238 2.55345
229 14.4654 5.45493 2.60297
230 99.7179 71.3461 0.435907
231 32.6929 95.3258 2.2992
232 1.08874 9.1929 3.20941
233 3.40353 3.61003 3.09526
234 1.28209 1.76114 2.6447
235 25.2145 77.2312 2.24484
236 18.6623 2.5739 2.18787
237 7.13889 92.2183 3.05532
238 23.965 76.3934 2.12714
239 19.9778 79.484 1.90015
240 44.988 1.7394 -0.586205
241 19.6046 96.8815 1.8796
242 9.82447 7.7919 2.74819
243 52.9582 91.5001 1.39064
244 17.9348 9.41394 2.6417
245 8.71152 9.17984 2.90475
246 11.7096 3.41247 2.29463
247 96.3971 77.1624 0.507059
248 22.2515 81.461 2.31848
249 8.41271 97.1297 2.69277
250 16.3068 31.6826 1.15819
251 1.94466 91.9838 3.06123
252 27.2124 39.4401 2.11692
253 63.7183 9.97028 -2.41073
254 11.5605 1.35937 2.44066
255 26.4977 97.6374 2.20239
256 11.7756 8.43691 2.57163
257 11.2791 3.22729 2.56344
258 22.1573 1.57556 2.15032
259 27.4234 79.223 2.15505
260 5.03918 99.0662 3.18416
261 25.1815 82.3707 2.27534
262 16.4465 6.54841 2.658
263 1.86804 8.69934 2.78771
264 5.11508 87.5513 2.8854
265 8.92422 99.6773 2.25712
266 6.34596 2.13621 2.37178
267 44.8667 95.0923 0.763448
268 2.88704 6.07048 3.01188
269 18.1279 30.8985 1.72183
270 26.023 83.7004 1.67431
271 28.3289 80.0203 2.08059
272 64.5569 98.2623 1.78293
273 1.8101 1.89885 2.57477
274 4.10016 5.2389 3.33477
275 12.6111 3.84054 2.68886
276 5.97663 100.006 2.92945
277 58.2511 93.7314 1.07318
278 15.5256 91.528 2.41127
279 10.7845 10.2933 3.08457
280 24.4613 81.666 1.578
281 10.8185 4.43645 2.8797
282 24.2165 78.7472 2.27286
283 53.0913 1.13533 1.94118
284 15.3485 96.1265 2.45289
285 49.6615 92.9536 0.828468
286 96.2265 75.2597 0.267997
287 9.61529 4.62844 2.1512
288 69.8519 98.3937 1.14542
289 15.1925 95.2048 2.05528
290 5.37321 6.5269 3.08764
291 19.869 92.8787 1.68144
292 69.2934 8.58692 -2.04601
293 3.20216 6.52197 2.94779
294 24.6998 76.5625 1.93544
295 13.429 14.5492 2.5529
296 95.9279 9.50997 2.44544
297 17.7497 6.36275 2.58737
298 21.4952 95.0464 2.44857
299 50.9927 97.3254 1.33966
300 7.27055 2.88223 2.36033
301 28.1535 96.0849 2.55021
302 98.0026 1.89475 2.2518
303 10.8039 4.69776 2.49543
304 16.4484 89.3665 2.17264
305 4.45135 93.1796 3.14029
306 17.1024 37.6358 2.01496
307 5.78226 91.2716 2.55516
308 24.914 82.5479 2.02221
309 3.36953 8.0937 2.7276
310 20.3965 36.8546 2.09261
311 3.78512 71.2793 0.280366
312 7.73592 8.8115 2.76459
313 61.5324 98.8084 1.45718
314 17.9643 12.8935 2.39502
315 8.59975 5.68376 2.27859
316 53.2596 91.7615 1.30688
317 25.4971 85.913 1.70537
318 56.2911 4.44856 2.09616
319 48.6979 97.9324 1.60349
320 51.5899 94.4003 1.1768
321 9.81685 60.5933 3.02011
322 53.2998 92.9183 1.05094
323 25.559 86.6174 2.26285
324 9.87576 94.253 2.93946
325 15.4295 6.95641 2.31356
326 10.5365 99.5837 2.81302
327 6.85973 4.79284 2.69295
328 93.0802 9.15265 2.64527
329 65.7413 99.1181 1.07259
330 60.6371 97.9707 1.43506
331 89.0472 50.9534 1.93963
332 64.2245 99.5692 1.37018
333 86.1834 7.45634 2.64367
334 18.5185 75.0567 1.86821
335 48.9583 97.4063 1.24889
336 53.1137 94.1311 1.01463
337 19.6654 77.4992 2.02145
338 14.0907 7.32518 2.53608
339 10.1494 3.80025 2.88978
340 42.7287 90.8546 1.38387
341 20.4371 83.5369 1.95059
342 26.0707 90.0781 2.05247
343 12.8244 7.98781 2.30355
344 13.2113 4.30491 2.21681
345 67.9758 5.62784 -1.79294
346 3.53063 76.7172 0.144087
347 3.98489 99.0079 3.20486
348 19.1249 83.2492 2.30693
349 3.76241 95.337 2.60918
350 9.19015 8.36936 2.92999
351 22.5426 2.94525 2.70222
352 17.4146 92.5347 2.7588
353 65.5964 18.7709 -2.08519
354 8.14517 99.707 2.47446
355 13.5758 98.4403 2.24585
356 68.2348 96.256 0.861154
357 3.13975 40.3523 -1.7026
358 27.6998 85.1733 1.54207
359 0.832276 5.16333 3.42749
360 22.0962 8.87505 1.89386
361 99.3713 0.22756 2.74179
362 45.5437 92.7749 1.16912
363 10.8974 1.474 3.04832
364 5.91772 89.0319 2.59293
365 5.00806 9.9949 2.94833
366 50.115 91.9478 1.36638
367 55.2772 95.5698 1.38674
368 65.8317 93.5843 0.800674
369 70.0185 1.26796 -1.10505
370 60.1343 5.77372 1.15087
371 27.8405 97.8453 2.6589
372 26.3576 76.187 2.08605
373 51.339 93.4178 1.6936
374 4.82275 90.4115 2.7301
375 3.1698 10.9187 2.83474
376 30.6523 82.2603 1.75146
377 57.9068 98.5001 1.4997
378 4.77127 8.07621 2.62496
379 53.6701 97.3146 0.830723
380 13.4232 3.56716 2.25542
381 7.00139 96.056 2.33707
382 46.4922 90.1239 1.55642
383 71.8225 19.0845 -1.87724
384 -0.00364697 7.24597 3.2205
385 23.9664 36.2941 2.43019
386 11.6185 38.9014 1.62319
387 3.5424 1.0479 2.67943
388 16.9577 6.34737 2.51587
389 98.8454 2.74576 2.64859
390 23.8361 93.5092 1.50589
391 23.8656 82.1811 2.07691
392 97.446 100.106 1.69687
393 12.0683 8.42739 2.83417
394 47.2435 92.7686 1.55574
395 27.6346 86.7756 1.80149
396 11.2738 59.6342 2.88591
397 49.9419 2.30981 1.79556
398 63.5408 98.2961 1.00525
399 22.3347 98.7644 2.16364
400 19.7744 78.5365 2.24568
401 91.8618 12.2221 2.96545
402 8.86989 99.4404 2.81587
403 45.7822 89.2432 1.32743
404 7.51888 4.05899 2.27134
405 17.4723 92.7019 2.29305
406 97.2552 71.3458 -0.456366
407 48.3421 91.5102 1.66241
408 55.9749 91.5167 1.19313
409 53.2047 94.4868 1.63205
410 17.1393 78.6265 1.9471
411 42.5114 5.70588 -1.26142
412 17.5931 100.114 2.25003
413 22.8632 81.5272 1.67646
414 11.9155 9.17903 2.29343
415 67.5453 5.97773 -1.47733
416 96.4578 8.74748 2.48787
417 19.924 80.9221 1.49303
418 29.2987 93.7189 2.57711
419 74.9928 19.7796 -2.45594
420 1.77013 4.94317 2.53874
421 25.2753 91.8011 1.99282
422 25.403 81.3327 2.00488
423 52.109 93.2192 1.26839
424 21.4905 13.7415 2.46348
425 48.3765 88.3544 1.67209
426 54.606 99.0543 1.01584
427 0.415816 93.8356 2.56531
428 9.88193 7.39634 3.08321
429 14.358 6.22849 3.0445
430 17.7953 7.68475 2.17862
431 4.26749 10.4014 2.42898
432 26.5998 99.4788 2.01108
433 61.0778 97.2891 1.29367
434 6.04756 5.0034 3.04736
435 4.78359 87.9924 2.57855
436 19.4887 4.88542 2.64324
437 3.68288 2.54843 2.50157
438 11.1048 67.4602 2.37259
439 53.8494 96.2268 1.0588
440 13.6059 98.6445 2.7724
441 95.0902 70.5163 0.398349
442 48.5578 93.0032 1.40801
443 6.42876 98.9819 2.97318
444 7.24837 8.82329 3.11625
445 1.67577 96.3207 3.03177
446 97.761 66.1052 0.105783
447 100.061 73.9375 -0.479378
448 27.8199 18.6264 2.67396
449 14.9102 96.5854 2.77647
450 22.2808 84.2935 1.91619
451 9.04872 1.00082 2.22256
452 3.13706 94.9673 2.70252
453 15.8973 4.49978 2.99778
454 58.6118 90.4193 1.40521
455 89.9761 14.2091 2.72472
456 11.8618 74.879 1.89536
457 24.6012 76.7773 1.85283
458 32.6775 1.86509 2.46702
459 99.5455 16.0502 2.28816
460 1.87442 0.697263 2.83308
461 65.7682 14.4972 -1.95885
462 9.06015 9.17058 2.93361
463 27.43 81.6222 2.15428
464 10.8318 11.4099 2.72821
465 25.522 85.2409 1.51472
466 14.0336 7.0974 2.8421
467 51.4221 94.225 1.19339
468 99.1979 3.36372 2.86828
469 21.6462 3.64218 2.43928
470 19.12 90.2004 1.68502
471 9.54887 8.33593 2.82604
472 8.76761 9.50261 2.39612
473 55.5803 92.0876 1.71114
474 25.2725 14.449 2.25852
475 99.0044 71.265 0.276484
476 4.19217 40.2451 -2.1389
477 8.91563 0.803217 2.56479
478 1.44275 11.6693 2.85169
479 71.2617 7.35014 -2.01409
480 25.7905 74.9931 1.86766
481 96.8747 8.72284 2.75118
482 9.30049 99.4815 2.42629
483 22.8127 87.1657 2.41447
484 93.3393 2.32576 2.72987
485 97.0958 0.555056 3.00999
486 17.2754 2.53622 2.33225
487 14.7404 7.74855 2.52131
488 22.6549 1.01798 2.53477
489 92.252 12.7431 2.7549
490 27.7048 39.1025 2.11803
491 12.5967 4.39109 2.73228
492 8.39413 10.3899 2.71703
493 8.47009 7.39677 2.44206
494 11.4131 2.40009 2.20505
495 1.9771 6.3777 3.16323
496 47.5712 98.9279 1.40351
497 22.5376 11.1796 1.99369
498 17.3124 5.08711 2.99379
499 0.269371 17.4199 2.26261
