500
Particles
0 14.8794 26.8526 -2.89566
1 79.5632 57.3474 1.95311
2 61.9282 27.8484 1.73644
3 58.6412 48.5655 2.07509
4 7.85418 80.5997 2.90085
5 84.444 55.1184 2.01687
6 30.7962 96.5042 2.61442
7 69.0984 55.3616 1.95294
8 1.67445 91.2298 2.51021
9 40.2543 33.6037 0.217088
10 30.4612 75.1362 2.22914
11 29.3973 7.46928 2.19132
12 72.798 27.4317 1.6937
13 -0.436587 55.5054 3.00925
14 9.34105 83.1333 2.28134
15 1.4919 60.4965 3.00141
16 50.028 83.5506 1.5713
17 25.9218 13.1846 2.33978
18 13.7551 98.8617 2.19386
19 0.535743 0.820887 2.3837
20 60.2127 49.9797 2.09162
21 28.8387 95.312 2.2412
22 28.3891 85.0444 2.4868
23 3.24133 70.0295 2.63835
24 62.8468 51.5703 1.95229
25 15.2778 74.4247 2.79699
26 9.02533 23.5029 -3.02974
27 25.4276 2.13076 2.49843
28 26.6526 90.7912 2.30485
29 77.2293 25.6065 1.15665
30 50.1034 24.3001 1.14542
31 26.4233 87.0845 2.3219
32 86.9169 25.725 1.05007
33 53.8611 59.2048 2.32701
34 15.1277 70.8402 2.1459
35 14.6899 5.64799 3.0365
36 41.4119 56.253 2.91716
37 77.8288 23.6086 0.864683
38 16.4211 78.6088 2.85114
39 5.85549 73.1547 2.18212
40 12.3943 61.6546 3.14362
41 1.55771 69.6857 2.87822
42 34.7598 78.2974 1.98525
43 60.9545 49.7285 2.30645
44 83.3391 57.6803 2.16867
45 40.1288 82.8827 2.07392
46 15.5028 74.0119 1.93429
47 79.8641 46.7509 1.61914
48 26.6508 77.6489 2.52251
49 12.6318 21.492 -3.30012
50 20.2689 2.79317 2.35936
51 35.9773 90.0835 2.00264
52 59.4399 52.217 2.67718
53 45.1812 55.8956 3.24158
54 10.2403 80.7319 2.59125
55 66.8312 47.1491 2.23183
56 11.4917 81.0933 2.89404
57 29.8371 67.7468 2.45025
58 16.9618 93.7407 2.37661
59 5.05091 61.0257 2.72254
60 20.0299 98.9667 2.06592
61 28.2999 76.4632 2.41138
62 98.2458 72.169 3.15153
63 6.79725 5.72312 1.78354
64 25.4928 98.4843 2.46111
65 79.6129 47.1193 1.24503
66 16.8291 2.94806 2.75206
67 19.8227 3.36316 2.86315
68 84.9064 43.3011 1.29816
69 42.4635 74.32 2.97957
70 27.9777 98.6099 2.53188
71 17.1774 74.7508 2.66604
72 16.6757 98.999 2.28692
73 75.2298 20.728 1.19196
74 33.2911 76.159 2.17687
75 68.4502 51.8696 2.4049
76 33.9732 75.0239 1.95802
77 31.7587 99.2701 2.49836
78 80.5731 27.7547 1.48293
79 17.4683 95.111 3.06531
80 28.961 77.7799 1.92941
81 20.4875 5.23636 2.28038
82 4.90192 98.5953 2.24857
83 9.47535 93.9498 2.96631
84 65.2523 44.9875 2.1334
85 29.7967 80.0869 2.49887
86 30.0146 77.2837 2.46173
87 80.6211 18.3578 1.55547
88 68.9597 46.0617 2.68523
89 27.8768 72.8122 1.93232
90 62.9238 52.5157 2.5737
91 27.1282 88.3169 2.34032
92 33.2286 95.9447 2.75661
93 3.89565 79.8385 2.36947
94 27.0853 77.3763 2.06604
95 44.0183 25.7926 0.781517
96 27.6127 97.4885 2.33619
97 31.9878 2.82299 2.40106
98 18.435 62.5523 2.62408
99 29.7441 93.0486 2.02337
100 63.4992 53.1785 1.70029
101 17.5533 0.954742 2.42066
102 29.5529 74.7938 2.71593
103 8.73428 58.4509 3.03571
104 28.9054 82.5344 2.59671
105 61.8156 54.8713 1.88167
106 11.6585 81.5186 2.68809
107 6.52523 68.4288 2.41691
108 30.2061 87.4752 2.11985
109 17.3263 92.3203 2.04319
110 70.379 53.2865 2.41833
111 82.5522 23.1849 1.649
112 57.4158 47.5015 2.46774
113 27.1306 92.7242 2.05561
114 26.0101 3.12864 2.55519
115 61.643 24.167 1.70941
116 32.109 70.4418 2.50712
117 16.5066 77.9362 2.15161
118 56.9862 20.2762 1.20887
119 7.90237 84.2114 2.20637
120 4.34481 53.9557 3.0305
121 75.1034 55.6537 2.31811
122 21.3436 73.6296 2.62648
123 4.75376 80.8034 2.43388
124 61.9343 27.781 1.80112
125 82.8689 27.2678 0.885219
126 48.1732 85.7029 1.66129
127 96.9562 56.6483 3.32862
128 66.1001 51.0256 2.26833
129 18.7172 99.224 2.35963
130 18.0532 81.1759 2.13772
131 32.6314 75.8558 2.33022
132 85.608 25.377 1.37354
133 13.1701 18.3247 -3.16975
134 58.8316 66.4463 1.71303
135 80.362 85.4788 -0.867396
136 27.9537 70.079 2.36221
137 28.4069 98.6703 2.51214
138 32.2579 79.6833 2.52617
139 6.15186 54.7751 2.94986
140 33.0479 75.3459 1.97324
141 3.23231 7.66041 1.52572
142 11.3563 92.7139 2.24953
143 13.9357 14.9479 -3.18773
144 27.8723 99.7791 2.86893
145 21.7256 5.36102 2.53033
146 6.71235 67.2015 2.3387
147 57.3047 59.8605 2.54242
148 76.8683 20.0861 1.31406
149 15.4628 4.77074 2.77816
150 32.1061 77.5379 2.40489
151 3.93429 21.9845 1.2723
152 29.3088 71.3521 2.58413
153 31.5113 86.2062 1.72497
154 49.352 79.4383 2.13204
155 10.1135 17.6313 -2.65237
156 5.87518 94.2321 2.06463
157 94.9762 62.117 2.82311
158 10.5233 23.1508 -2.731
159 41.1388 22.9069 0.998103
160 44.7718 56.6332 2.97631
161 44.8102 23.7988 0.788198
162 14.3959 3.09745 2.67685
163 70.5849 41.6189 2.48956
164 79.8131 47.3598 1.98198
165 8.65674 98.7782 2.01065
166 67.0711 44.8635 2.01327
167 83.8973 21.7481 1.66653
168 19.8265 99.2064 2.56105
169 75.4694 49.1672 1.784
170 48.8469 30.5144 0.725653
171 28.9573 96.8063 2.5068
172 1.91869 58.7821 3.01533
173 34.7205 75.8888 2.47181
174 79.8841 53.1003 2.07193
175 86.7351 25.6165 1.19585
176 62.8965 29.573 1.19662
177 7.59481 52.4861 2.75058
178 60.6653 50.8768 1.85367
179 25.4475 89.9204 2.72066
180 29.4965 95.5684 2.89243
181 16.4296 15.5072 3.56242
182 17.1341 89.4473 2.79671
183 10.5499 20.3694 -2.8009
184 38.3763 99.2074 1.88837
185 82.7954 46.8216 1.68698
186 33.0948 84.0737 1.98535
187 56.3356 29.367 0.547668
188 94.7146 60.3501 3.19758
189 34.3008 13.285 2.30992
190 81.7075 51.1223 1.34251
191 82.3703 0.829969 0.819204
192 18.2687 56.4514 3.10576
193 35.5798 92.3752 2.80053
194 16.0245 62.3088 2.59431
195 23.8621 92.836 2.62516
196 5.41699 52.8627 3.05196
197 27.2241 73.6473 2.02478
198 35.8687 98.178 2.17736
199 45.6866 30.7146 0.985987
200 35.0594 99.659 2.71679
201 70.3444 23.1319 1.79553
202 61.573 52.7132 1.72339
203 46.3882 24.7816 0.832969
204 9.45052 22.0991 -3.2895
205 81.516 21.2059 1.82788
206 13.2053 62.0098 2.26735
207 12.7042 74.0909 2.43077
208 12.9776 8.35175 2.12962
209 53.523 29.4843 -0.0208039
210 20.2455 2.14937 2.44293
211 31.9685 83.5047 2.26254
212 10.2151 16.4776 -3.05155
213 87.1283 20.6315 1.51286
214 94.3604 56.613 2.4628
215 13.1989 77.7775 2.22794
216 38.3083 83.751 2.2547
217 25.2356 93.6265 2.32703
218 57.2981 18.9708 1.35287
219 25.5586 13.4395 2.76705
220 76.9346 22.0687 1.44407
221 38.9951 93.7608 2.05259
222 76.7825 22.2368 1.13223
223 66.5253 55.0569 2.00793
224 54.5826 49.5839 2.56698
225 65.653 27.4054 1.17603
226 40.1102 25.4618 0.66859
227 35.8997 87.8783 2.06572
228 30.6843 77.4403 2.16133
229 37.3082 82.8852 2.4396
230 -0.220029 60.5612 2.93001
231 22.4824 99.9992 2.35451
232 32.6188 92.0809 2.52429
233 15.5155 72.5356 1.96479
234 7.39869 59.8108 3.03956
235 11.7966 81.7901 2.20431
236 47.7142 79.5628 1.93583
237 62.2707 26.8127 1.89662
238 20.7301 92.7825 3.00952
239 11.9193 92.9048 2.22025
240 24.2937 100.339 2.39405
241 4.02712 91.382 2.52417
242 33.4732 85.0865 1.88021
243 34.0333 99.4611 2.71152
244 43.9587 23.6696 0.524398
245 34.4045 88.8396 2.58337
246 31.8942 80.5684 2.12586
247 83.5608 50.2039 1.51644
248 6.3628 80.9154 3.09086
249 20.1937 61.6542 2.83293
250 20.2719 99.4295 2.97179
251 31.9077 13.418 2.65865
252 63.7977 56.081 1.70917
253 50.6365 50.6719 1.98231
254 30.9399 74.4168 2.70102
255 14.4293 0.900634 2.28123
256 34.4759 84.0106 2.41489
257 26.2322 73.1091 2.84175
258 5.85565 96.8406 2.90987
259 10.4203 80.4826 2.33288
260 17.4561 20.3396 -2.89415
261 10.2099 89.0143 2.13876
262 35.9882 79.4107 1.99888
263 32.5675 92.05 2.34632
264 57.6703 61.7955 2.15085
265 27.9182 73.922 2.47356
266 17.0762 26.7278 -2.49665
267 25.3003 100.018 2.86729
268 4.28308 53.6414 3.39445
269 22.6442 2.99708 2.88987
270 15.9053 90.0897 2.65823
271 14.1305 85.9864 2.6577
272 85.4721 20.2397 1.75189
273 6.64178 57.5304 2.48369
274 19.4559 78.1324 2.60051
275 32.1191 78.1965 2.83008
276 15.7508 22.6564 -3.16264
277 34.5983 96.8867 2.138
278 73.9502 55.487 2.38438
279 34.1776 86.1557 2.48242
280 24.5733 97.8702 2.51494
281 30.5534 80.7528 2.59781
282 10.5539 83.7825 2.46351
283 84.3093 20.4043 1.77523
284 47.3446 74.5096 2.79987
285 31.6099 99.949 2.77595
286 98.8265 66.6032 2.47095
287 28.7983 78.9679 2.25766
288 48.4064 16.1697 0.1175
289 42.088 73.3765 3.01392
290 17.9443 74.0631 2.05431
291 8.93849 18.1429 -2.87669
292 7.71794 16.931 -3.06757
293 14.4059 73.1318 2.24811
294 15.6952 85.2314 2.4773
295 27.275 93.8577 2.05161
296 39.9478 98.3666 2.01645
297 48.1947 82.0126 1.45359
298 9.1941 95.1891 2.75865
299 66.6528 22.6411 2.11093
300 22.3181 74.2594 2.25146
301 19.6795 2.53123 2.61737
302 2.84219 53.7328 3.03117
303 31.5448 80.9741 1.92923
304 8.58758 9.81145 1.93556
305 34.6183 13.3144 2.76509
306 55.1128 56.3786 1.70278
307 64.9222 25.1775 1.70265
308 10.2239 91.4029 2.75093
309 16.3755 76.2175 2.34618
310 60.2015 57.819 1.77748
311 6.09462 71.9523 2.78829
312 34.3506 90.1597 2.55207
313 86.2001 21.9758 1.29077
314 18.623 5.4962 2.14865
315 33.9018 85.6282 2.18724
316 33.4142 95.4472 2.82101
317 14.6744 91.5474 2.24593
318 62.6703 25.4815 1.5957
319 75.5994 23.2252 0.995235
320 78.5123 21.8965 1.26659
321 20.6307 8.13136 2.88005
322 76.7168 18.2871 1.03536
323 16.6726 94.7861 2.52202
324 43.1002 27.899 1.07672
325 39.4549 83.6519 1.69443
326 28.025 73.9498 2.38897
327 16.3731 70.2134 2.07939
328 83.488 18.5828 1.64917
329 82.0635 30.2678 1.51105
330 86.5041 19.6784 1.46151
331 61.7466 60.9986 2.0597
332 46.2363 28.3052 0.393321
333 38.9345 0.998975 2.12658
334 5.76497 75.2721 2.97977
335 65.5535 21.3357 1.86734
336 79.9894 20.9748 1.4032
337 8.123 83.2119 2.5446
338 40.6289 85.5451 2.41207
339 24.7252 74.9845 2.14794
340 99.0023 52.0716 2.75512
341 10.2552 93.1845 2.7126
342 21.0855 1.79391 2.78014
343 37.8213 84.5704 2.53081
344 34.3052 80.8485 1.81456
345 67.2668 49.4428 2.38593
346 3.47713 72.3544 2.34708
347 19.5948 21.387 -3.26947
348 97.4889 68.4977 2.5518
349 82.5521 48.348 1.72583
350 29.902 82.8352 2.0486
351 10.3283 8.139 2.04028
352 85.5993 56.1483 2.37469
353 65.7441 53.2187 2.04409
354 17.187 59.4054 2.56846
355 32.9316 73.7199 2.23778
356 80.4017 17.3814 1.02117
357 81.1898 48.3187 1.96327
358 23.1029 97.7944 2.5756
359 13.3646 72.2971 1.97882
360 16.6012 8.29086 2.54565
361 14.5299 24.6142 -2.65297
362 24.3863 95.1766 2.1825
363 31.1031 78.8726 2.70055
364 65.5653 59.9329 1.81979
365 30.7874 90.1828 2.49768
366 33.1989 99.5357 1.99273
367 82.3052 22.0362 0.967334
368 1.86658 57.9009 3.41234
369 93.0366 20.1589 0.667133
370 53.3891 53.5317 1.706
371 17.697 2.4087 2.33149
372 21.9848 90.1562 2.13358
373 43.584 6.19537 0.875261
374 20.1317 2.91101 2.71887
375 39.7981 98.0231 2.37101
376 23.307 94.7939 2.87095
377 87.0273 23.3219 1.08093
378 18.904 76.6015 2.44759
379 80.739 24.477 1.62703
380 30.9071 76.3866 2.06599
381 42.3496 29.4893 0.441591
382 30.1817 98.4566 1.91819
383 70.9238 48.5264 2.17833
384 31.177 91.4727 2.04239
385 68.7236 55.0559 2.41625
386 41.9729 53.0647 2.70918
387 12.6121 19.9239 -3.34045
388 40.0289 81.7866 2.37899
389 12.6193 71.785 1.96951
390 7.76839 96.2089 2.13783
391 16.4217 94.9444 2.9123
392 14.5566 71.6023 2.53032
393 37.951 86.2736 2.21703
394 29.4648 99.0755 2.24686
395 20.6237 95.9927 2.51149
396 24.02 10.5104 2.24943
397 22.7984 98.2769 2.32707
398 86.0558 20.314 1.63022
399 4.61604 89.0217 2.68837
400 6.54281 84.0927 2.95227
401 42.8378 27.2191 1.17471
402 16.8419 58.8392 2.77808
403 30.0581 96.6339 2.68585
404 22.0168 75.2673 2.25665
405 81.7798 56.5801 2.82237
406 97.57 55.66 2.85715
407 31.7694 0.324463 2.81412
408 14.4449 78.7826 2.80919
409 83.1327 20.4795 1.10601
410 8.2821 86.1745 2.79483
411 23.6742 2.18159 2.14591
412 32.0405 71.4614 2.54467
413 10.5765 92.041 2.47001
414 37.9081 86.6813 2.1691
415 76.867 47.8437 1.97393
416 34.577 95.51 1.86083
417 7.27715 84.5094 2.22514
418 23.7084 3.48905 2.42884
419 67.1005 47.2036 2.34415
420 10.5173 67.3765 1.95094
421 22.5102 2.158 2.30013
422 11.356 85.5008 2.40876
423 65.9337 14.0669 2.85682
424 24.5874 10.7963 2.30878
425 27.8136 91.7792 2.02591
426 19.2628 23.6917 -3.05434
427 23.0411 6.54029 2.85419
428 24.9515 78.6945 2.87879
429 33.0374 78.9597 2.76715
430 13.8636 16.685 -2.97736
431 38.4886 95.4077 2.25781
432 18.0665 5.28412 2.83793
433 88.8556 17.0465 1.11817
434 18.0382 71.4064 2.17664
435 65.8286 58.77 2.5062
436 17.8929 15.9004 3.22446
437 6.31801 54.5274 2.63454
438 78.6023 27.7057 1.76389
439 81.1906 23.4677 1.28854
440 34.4198 74.1764 2.76194
441 95.1271 53.8901 3.33537
442 26.9091 99.4971 2.16612
443 43.8726 31.767 1.10885
444 33.2378 90.0337 2.60682
445 78.1539 52.89 1.60993
446 69.5109 55.1366 1.9983
447 2.25933 69.0929 2.79595
448 26.6431 97.8273 2.39003
449 40.7056 74.1719 2.56758
450 12.6311 95.2704 2.63235
451 15.9371 60.1379 3.22338
452 27.1852 11.9762 1.88229
453 30.2935 72.6512 1.85507
454 31.1647 10.0282 2.56606
455 75.2503 48.9597 1.794
456 4.52012 79.1954 2.17948
457 14.6791 86.0676 2.88849
458 18.7417 84.4689 2.89034
459 85.4884 45.085 1.49102
460 13.2072 67.6652 2.57512
461 54.3879 52.9503 1.83523
462 34.7445 88.5325 1.93054
463 20.5883 93.6818 2.58736
464 42.4315 92.6697 2.01213
465 12.6802 92.6351 2.26872
466 35.9182 82.2343 2.68396
467 81.3292 21.634 1.26345
468 2.77937 56.6256 2.88081
469 13.9458 10.2657 3.35182
470 16.6896 18.6836 -2.89101
471 20.6171 75.8112 2.77255
472 35.9322 90.1834 2.42768
473 35.2448 96.9199 1.83627
474 45.4235 31.5151 0.64674
475 98.7977 58.4597 2.46771
476 84.036 48.0252 1.69779
477 34.7537 81.6965 1.76691
478 17.7396 12.8305 2.91384
479 65.1391 48.4312 1.92896
480 8.18811 72.8284 2.77809
481 80.0504 15.9167 1.18839
482 17.7303 59.8017 3.12858
483 10.4674 95.1165 2.54571
484 5.27956 66.8178 2.15457
485 15.2131 24.0845 -2.18581
486 35.8004 77.7952 2.60786
487 33.4278 80.5327 2.48868
488 4.3457 89.71 2.34592
489 64.4708 48.172 2.45266
490 70.4938 51.2158 2.72352
491 26.0578 74.0925 1.98389
492 35.8906 92.6628 2.59716
493 29.9145 83.9417 2.24668
494 18.5197 61.487 3.01743
495 12.2997 71.492 2.75862
496 26.4963 1.19391 2.61363
497 22.7242 4.1569 2.89787
498 35.2794 76.6558 2.17491
499 80.2461 29.0575 1.39276
