500
Particles
0 60.5445 18.0491 2.59792
1 87.32 11.3572 2.99492
2 69.5204 84.2522 -2.8292
3 61.4433 38.2607 1.60958
4 99.1897 7.27807 2.31247
5 70.1112 15.3804 2.25213
6 53.1382 26.4408 1.85892
7 59.6714 51.4837 0.913054
8 88.7815 19.0047 3.01289
9 89.079 21.9844 2.38809
10 79.7117 18.6443 2.20322
11 36.2198 66.4138 0.0150146
12 52.1417 39.8163 1.57248
13 0.991722 97.8899 1.96819
14 99.7578 9.01125 1.88607
15 7.21074 34.9503 -1.89914
16 85.4066 22.4967 2.5945
17 96.8648 32.881 -2.61229
18 97.5425 16.0834 2.65717
19 63.2433 33.6656 2.31638
20 56.236 39.0215 1.92771
21 46.2816 26.6709 1.61542
22 74.4513 27.2664 2.89824
23 3.10204 3.03733 1.9471
24 59.5354 42.5757 2.14979
25 67.5996 22.4036 2.5411
26 69.9764 11.7309 2.82835
27 27.1796 57.9209 -0.0699285
28 59.8255 23.3666 1.79093
29 7.72566 98.3549 2.83638
30 71.0835 91.1917 -2.31454
31 70.8697 27.2604 2.13642
32 56.7833 37.5282 1.48785
33 71.7678 81.9395 -2.7125
34 72.3633 24.1141 2.07239
35 95.9376 23.3006 2.80545
36 31.3743 69.585 0.664894
37 53.8224 32.5112 1.15106
38 63.4023 22.4668 2.48253
39 0.681751 4.99239 2.17057
40 76.1633 24.4265 2.90938
41 98.1148 3.91476 2.7318
42 82.3356 25.0769 2.45918
43 59.9498 38.9433 1.96719
44 87.5177 14.689 2.22304
45 82.7005 21.8501 2.70748
46 73.3142 27.4242 2.56367
47 83.3239 42.865 1.8748
48 76.0946 23.6734 2.91562
49 68.507 17.5021 2.35374
50 3.63827 25.1614 2.16442
51 76.9535 29.8421 2.106
52 58.909 41.0284 1.8427
53 30.17 69.278 0.605705
54 2.55288 7.84921 2.33493
55 68.9776 35.1792 2.08486
56 4.04964 9.76046 2.32992
57 78.6991 14.5494 2.8459
58 -0.224962 11.8738 2.57089
59 65.1549 21.8045 2.18949
60 1.71132 21.1114 2.7351
61 80.076 22.951 2.5641
62 87.1661 17.344 2.19393
63 85.3019 5.70726 3.02024
64 50.5435 31.2417 1.8069
65 69.051 39.3577 1.93245
66 99.51 23.5991 2.36753
67 0.135459 23.6035 2.77975
68 68.3476 36.6263 1.54576
69 84.3844 15.8454 2.84518
70 51.4763 29.6992 1.88736
71 71.4126 22.9432 2.1267
72 0.140628 19.3571 2.38374
73 55.7056 31.854 1.25929
74 77.5531 16.5836 2.87998
75 63.214 46.3772 1.86728
76 79.7451 15.1334 2.48014
77 53.0636 29.435 1.90186
78 70.4654 9.73888 2.55317
79 1.7882 13.8664 1.72368
80 76.1355 20.0917 2.94477
81 99.1195 22.6115 2.64294
82 63.5522 30.6767 2.0511
83 97.5627 12.0626 2.17898
84 70.6863 32.4515 2.43804
85 75.7875 20.9199 2.98924
86 76.7677 19.2466 2.09336
87 62.615 28.7352 1.86801
88 64.1525 34.2943 2.22934
89 74.6308 16.2599 2.05918
90 59.1186 42.6767 1.49356
91 68.6345 27.2555 1.94928
92 62.2973 27.3021 2.29328
93 97.7926 8.23097 2.1747
94 78.2839 22.9888 2.80408
95 59.9187 33.6461 1.98819
96 46.0591 29.5417 1.8646
97 54.4797 33.1637 1.11957
98 74.4022 16.1176 3.00489
99 61.9385 27.5407 1.61288
100 61.6217 41.4513 1.31753
101 0.241043 17.5024 2.3423
102 80.8266 20.5897 2.11093
103 71.0565 20.0021 2.84916
104 78.1824 27.0735 2.44589
105 56.4922 44.1633 1.59122
106 1.18611 8.29795 2.26806
107 58.4307 21.0678 2.13849
108 75.8412 27.6911 2.83208
109 6.38156 12.8669 2.56911
110 86.6348 49.9169 1.43015
111 54.0281 31.6099 1.29597
112 58.7591 37.7157 1.48515
113 56.1654 25.5212 2.02852
114 43.9707 35.6966 1.48856
115 52.4748 38.9206 1.18631
116 77.8965 13.3678 2.37574
117 68.7455 25.8787 2.55941
118 55.8628 39.7368 1.87933
119 1.27159 9.14951 1.8032
120 67.8825 21.4274 2.561
121 92.1907 20.2459 2.88518
122 77.2404 24.536 2.13027
123 93.9014 13.7598 2.76671
124 98.3212 94.2306 2.29064
125 68.0286 34.659 1.82009
126 83.7381 31.0067 2.36342
127 98.9622 0.48542 2.06874
128 62.0383 42.7824 1.92157
129 67.2525 85.6838 -2.06545
130 61.4193 24.0258 2.42379
131 77.8387 17.4223 2.85555
132 73.595 36.5745 2.21215
133 72.9788 38.4993 2.29574
134 68.4689 16.3886 2.52809
135 57.1457 30.4134 1.43098
136 76.3298 16.3224 2.89281
137 51.8337 31.2357 1.71095
138 78.7138 21.8802 2.79975
139 69.5017 20.2672 2.7914
140 80.9095 18.3802 2.26704
141 69.4339 36.7309 2.40055
142 0.195491 11.4601 1.81525
143 85.8674 24.4866 2.98474
144 51.2762 34.3071 0.986905
145 66.0074 87.1278 -2.42846
146 61.9237 21.538 2.52539
147 69.6991 80.591 -2.82696
148 60.6924 31.215 1.32378
149 98.8436 21.9573 2.87201
150 83.4258 23.2932 3.0342
151 58.3893 36.0532 2.08541
152 77.7906 15.3398 2.10768
153 74.8873 25.7727 2.91194
154 85.8296 23.3076 2.432
155 75.2328 39.9475 2.12082
156 93.5772 20.1771 2.04875
157 81.8796 32.0709 2.9181
158 69.3144 13.8037 3.22771
159 87.3461 29.3223 2.2445
160 72.0217 86.3615 -1.98303
161 84.0554 27.6887 2.52721
162 98.6081 25.2471 2.42171
163 67.3538 33.3909 1.9308
164 66.0902 42.5133 1.83535
165 95.9616 21.5802 2.2405
166 64.8243 33.1738 2.33305
167 57.4582 33.8783 1.47708
168 99.2642 15.1591 1.93138
169 63.5275 40.4365 1.18701
170 87.9065 4.52151 2.40634
171 52.9174 26.6372 1.30759
172 58.2957 19.2741 2.31109
173 82.7178 19.0227 2.37792
174 69.6845 13.8719 2.3836
175 72.3021 34.2002 1.65064
176 2.91115 33.0268 -1.89119
177 72.6808 20.7719 2.05653
178 62.9235 41.9079 1.1934
179 60.0739 24.0705 1.77081
180 55.3756 26.6118 2.10998
181 89.1517 23.4508 2.95355
182 5.34907 10.0972 2.03343
183 62.2338 18.4293 2.54218
184 65.3428 28.5623 2.04526
185 71.0124 40.3651 1.90448
186 78.7353 25.5425 2.56122
187 58.192 37.1522 1.54075
188 94.0768 11.0171 2.95652
189 70.9395 87.3798 -2.0809
190 69.265 14.1311 2.98833
191 52.4068 35.5696 1.75392
192 75.8491 15.8484 2.00869
193 72.6143 28.3286 2.48866
194 74.5881 18.3798 2.51326
195 50.6472 27.9138 1.50304
196 71.0941 20.4038 2.62124
197 77.198 18.5105 2.7963
198 61.3201 27.2024 1.92572
199 70.3771 16.5677 2.96558
200 55.8671 29.343 1.97057
201 7.04583 96.4268 3.05068
202 60.3411 42.1313 1.68899
203 87.0231 29.9933 2.85813
204 70.9497 13.1406 2.8393
205 57.9867 31.6134 1.96382
206 74.0109 20.4588 2.88569
207 67.4523 24.7302 2.2498
208 67.02 31.5075 1.81138
209 57.0343 39.1338 2.06156
210 1.56656 19.4108 2.85593
211 76.522 24.3707 2.33476
212 72.1188 37.7627 2.27665
213 60.9996 34.3011 1.75262
214 90.7371 8.32119 2.70504
215 56.4353 22.4601 2.34597
216 83.4119 27.1219 2.09537
217 50.7458 26.0985 1.43407
218 84.7291 39.3859 1.87438
219 98.6053 33.6337 -2.74969
220 56.795 32.0527 1.76764
221 77.4994 30.2911 2.24786
222 55.2964 32.7158 1.62304
223 56.9277 46.5284 1.78457
224 59.6672 38.571 1.94224
225 38.2543 65.3767 0.543296
226 85.8896 21.3536 2.33113
227 78.6022 26.0665 2.13099
228 79.0844 20.3017 2.7195
229 80.6 21.4098 2.79728
230 1.83844 99.631 2.63486
231 5.58429 20.4339 2.29521
232 69.6066 28.4833 1.93674
233 72.0955 23.7556 2.04566
234 69.3028 20.1732 2.71997
235 3.9949 7.66725 1.85116
236 85.6578 19.8801 2.82077
237 71.9562 87.2766 -2.09934
238 3.59507 7.619 2.51089
239 97.0877 8.50657 1.91045
240 48.6237 35.6937 1.12622
241 89.3937 17.8222 2.69387
242 78.9907 29.0133 2.17698
243 56.7012 28.3016 1.92266
244 86.4445 28.5247 2.9369
245 76.4091 28.2248 2.28195
246 78.5519 20.4764 3.03003
247 87.7074 98.0291 2.44258
248 98.6317 9.93093 2.72329
249 76.4675 15.7972 2.07703
250 25.1433 60.4612 0.39378
251 68.6984 85.7273 -2.43799
252 55.9833 49.7097 1.47145
253 58.0677 40.287 1.76871
254 79.4151 19.5022 2.00642
255 98.2475 21.071 2.50434
256 79.7358 27.0115 2.6974
257 78.674 20.9208 2.21579
258 91.454 21.5882 2.50109
259 4.73606 8.95905 2.10683
260 71.9183 16.3936 2.93724
261 0.734766 10.161 2.19141
262 82.792 22.7163 2.75419
263 70.1837 28.3395 2.47211
264 70.752 82.3891 -2.58726
265 76.8328 18.1303 2.15715
266 73.061 18.8217 2.57543
267 46.7316 31.9754 1.84716
268 69.8489 23.0871 2.77386
269 28.526 60.7739 0.059757
270 2.998 12.5943 1.99006
271 6.30907 9.74524 1.748
272 59.6879 34.3506 1.55024
273 70.3657 20.9073 2.7993
274 73.1208 26.4573 2.6747
275 78.8611 19.3814 2.97676
276 73.8574 18.8384 2.12646
277 59.4228 26.4058 2.2139
278 83.7779 9.77681 2.64495
279 79.7577 30.1218 2.08224
280 2.98933 11.5302 1.95082
281 79.4292 24.9075 2.20887
282 1.62254 8.43066 2.04676
283 53.7318 38.1016 1.66628
284 82.8725 13.6871 2.64756
285 53.3328 29.9368 1.66005
286 97.2164 3.82635 1.9374
287 76.5725 21.4575 2.63564
288 62.5946 34.7404 1.94305
289 83.8154 14.8767 2.41658
290 73.0141 24.7287 2.16383
291 90.0198 13.8383 2.76121
292 64.4738 39.6315 1.20764
293 70.9652 25.0435 2.0542
294 4.51178 7.13946 1.72199
295 90.061 41.7633 1.735
296 65.7915 29.2406 2.66592
297 84.3601 22.7813 2.73735
298 92.7832 17.1746 2.11173
299 55.3848 33.9486 1.22771
300 74.9257 21.1839 2.29698
301 1.18419 20.9305 2.68799
302 64.6443 18.3951 2.60445
303 78.4 22.349 3.00685
304 85.3932 8.14355 3.13864
305 70.2943 86.7225 -2.84
306 37.6411 64.8869 0.437149
307 71.6341 85.5274 -2.83521
308 2.10207 12.4242 1.69036
309 71.6417 27.2636 2.85932
310 40.3708 64.6581 0.263961
311 4.33094 2.35105 1.98041
312 75.2665 27.3074 2.93067
313 58.5118 35.5569 1.90085
314 98.6114 27.881 3.13197
315 76.6191 24.4172 2.19013
316 57.1695 27.4271 2.12446
317 1.50217 13.8869 1.95138
318 53.9563 40.9058 2.13958
319 54.3068 34.4213 1.71758
320 54.7972 31.7047 0.991691
321 98.0542 31.1039 -2.76306
322 57.3377 29.3549 1.60784
323 -0.234208 13.0804 2.52243
324 77.7738 8.50476 2.04523
325 83.0512 25.7526 2.15335
326 78.5418 18.3935 2.22357
327 74.1283 22.3231 2.78083
328 64.3341 29.896 1.86859
329 62.3181 35.5448 1.73948
330 59.065 34.2128 2.00859
331 70.3374 76.7336 -3.07581
332 59.4325 35.7053 1.99092
333 61.7638 28.1418 2.40795
334 99.2101 6.78228 2.30019
335 51.9548 34.4052 1.25277
336 56.3353 30.5895 1.91701
337 97.605 7.35939 1.98484
338 80.871 24.8148 2.60089
339 79.1355 24.2323 2.11204
340 43.9025 27.9314 1.84158
341 97.4994 12.2974 2.18228
342 99.3044 15.9608 2.39968
343 81.8155 28.6098 2.33169
344 80.4408 22.5368 2.07417
345 63.0412 39.1557 1.92773
346 95.1955 5.15916 2.35414
347 69.6174 12.7643 2.74219
348 94.3046 10.5947 2.34681
349 69.8442 10.0203 3.0359
350 77.0364 26.9944 2.74063
351 91.1234 21.5785 2.09325
352 87.0995 12.9965 2.69999
353 58.5955 45.1997 1.12015
354 75.6765 17.9002 2.86667
355 80.7262 16.3289 2.4263
356 61.1747 29.7917 1.2834
357 85.5923 45.2249 1.83084
358 4.06225 13.9001 2.38585
359 67.6754 22.4194 2.21817
360 90.6428 28.5411 2.4831
361 66.5678 17.5398 2.37946
362 47.5549 29.7792 2.00577
363 77.718 18.78 2.6255
364 72.6598 83.1957 -2.39449
365 72.5931 28.1117 2.24808
366 54.7439 28.7001 1.14519
367 58.0737 32.4866 1.62974
368 61.7337 21.3963 2.67828
369 61.2827 34.3493 1.58503
370 55.6199 41.9816 1.68707
371 0.00033366 22.7905 2.24186
372 6.6691 7.53133 1.51084
373 55.2313 30.5729 1.30506
374 70.3514 87.4788 -1.97631
375 70.3373 28.0839 2.43371
376 7.24136 11.0034 1.81614
377 57.5206 35.71 1.64079
378 72.6199 26.6178 2.82444
379 55.1445 34.6794 1.65473
380 80.4024 21.1887 2.11504
381 73.1585 11.5756 2.53545
382 49.3728 27.3841 1.98616
383 64.4555 36.6203 1.33919
384 69.2997 28.4924 2.68547
385 44.1608 63.9031 0.831766
386 31.324 68.8382 0.320312
387 70.314 17.9885 2.85483
388 84.1189 23.8287 2.79482
389 65.2577 19.9277 2.54167
390 94.7853 15.3939 2.00778
391 1.00377 11.3577 2.21463
392 66.0727 18.3748 2.7655
393 81.1369 29.0649 2.62709
394 49.4973 29.8809 1.64027
395 2.16823 13.5118 1.89524
396 98.9179 31.256 -2.37515
397 51.2733 38.5166 1.84451
398 59.7378 34.0986 1.70507
399 92.1165 18.0211 2.84785
400 96.9484 8.21738 1.91302
401 65.3135 33.8796 2.08176
402 76.3699 17.8995 2.04371
403 48.7226 26.1132 1.38386
404 75.5638 23.1434 2.10572
405 86.4418 12.1429 2.86449
406 99.3433 97.3122 2.04419
407 52.0831 28.4043 1.43374
408 57.393 22.9015 2.24664
409 57.9234 31.2009 1.50239
410 96.8729 9.37288 2.71769
411 47.9462 37.3273 1.31117
412 85.3828 18.6129 2.31114
413 99.2939 10.6284 2.03834
414 79.7981 27.7739 2.63754
415 63.6211 39.1027 1.78978
416 65.3247 28.259 1.90664
417 95.3144 7.98402 2.7598
418 2.73901 19.2989 2.45661
419 65.2295 35.8578 1.70737
420 69.9164 24.0495 2.92932
421 97.7349 16.382 2.04855
422 1.72594 9.95263 2.21917
423 57.0225 30.4951 1.39623
424 1.58346 30.9149 -1.86312
425 52.9475 24.5786 2.13526
426 55.933 35.8653 1.17787
427 67.3582 88.124 -2.03391
428 77.8422 26.6026 2.35747
429 82.2207 25.3361 2.47489
430 85.0268 25.2021 2.19302
431 72.6557 29.6679 2.43678
432 99.2 23.5838 2.39028
433 57.6999 33.4104 1.60652
434 73.8071 23.757 2.97568
435 71.1319 80.8371 -2.33313
436 87.9527 24.5888 2.1488
437 71.4587 20.6268 2.5264
438 6.71369 98.9643 2.13688
439 56.3568 33.2723 1.32133
440 80.2159 15.3611 2.34552
441 98.782 97.2474 1.83042
442 50.1576 30.4773 1.76694
443 73.5746 17.0705 3.00194
444 75.7508 29.6099 2.51874
445 69.7236 14.589 2.31569
446 76.6023 75.2884 -3.27371
447 99.828 2.70246 1.9078
448 7.74956 42.4104 -2.41503
449 82.8743 15.0973 2.32284
450 -0.0537021 13.9397 2.23371
451 77.136 20.0319 2.0443
452 69.5117 88.4115 -2.51383
453 81.6918 19.2736 2.77273
454 66.0294 87.7267 -2.35477
455 67.0415 37.2712 1.65887
456 93.8055 6.23559 2.3441
457 3.57087 7.60691 2.34674
458 31.2784 29.8148 0.522463
459 70.8199 37.7954 1.98371
460 70.7827 21.0882 2.64181
461 59.0733 42.3321 2.06643
462 77.7187 29.4542 2.2169
463 5.94779 11.3079 1.96479
464 80.1649 32.3052 3.01814
465 1.31036 13.5341 2.51239
466 81.1296 25.1526 2.30035
467 55.4109 31.6118 1.51271
468 65.7641 20.8508 2.50744
469 89.9192 21.9264 2.71087
470 89.577 11.7292 2.96648
471 77.2457 27.287 2.57451
472 78.0696 30.0532 2.04007
473 58.6897 26.6415 1.61388
474 8.03043 36.3618 -1.79591
475 99.5168 0.531855 2.71303
476 87.6424 45.8189 1.33618
477 76.1634 18.5033 2.75371
478 70.3784 31.8035 2.27372
479 62.2686 37.8488 1.5712
480 6.29314 6.44217 2.41959
481 66.5074 29.7817 2.28739
482 76.3816 17.4315 2.8695
483 97.7222 14.1994 2.62849
484 63.0977 22.5936 2.3214
485 64.3973 18.153 2.39618
486 84.5404 20.3322 2.32656
487 82.5459 25.9636 2.84765
488 91.8398 20.7319 2.56961
489 67.2798 35.377 1.54344
490 55.7086 48.6396 1.8623
491 78.9467 21.1795 2.92669
492 77.7964 32.0594 2.51898
493 76.6369 26.8137 2.07551
494 78.0921 19.4654 2.93166
495 69.4096 24.8798 2.25185
496 51.3032 35.7421 1.17101
497 2.74416 30.0927 -2.27481
498 84.6594 23.0625 2.51612
499 83.728 40.9273 1.45545
