500
Particles
0 88.0081 91.0791 2.46898
1 18.7465 87.234 -2.59842
2 95.5405 25.9927 1.54249
3 58.5689 43.6099 1.37504
4 80.2862 5.01317 1.31008
5 90.6741 52.7627 1.37834
6 99.41 12.1926 2.68281
7 77.2741 51.3676 1.53832
8 49.058 10.926 1.49475
9 38.9504 10.7169 1.71004
10 4.84068 94.3006 2.32829
11 94.2145 18.9034 1.85069
12 96.9401 23.4286 2.01644
13 85.6619 94.3857 1.91483
14 84.8869 8.98171 1.52248
15 87.8135 98.3568 1.79045
16 20.6794 5.04906 2.64923
17 86.0815 22.6556 1.38209
18 79.629 15.0977 2.04066
19 45.709 32.7105 1.35569
20 58.7529 44.8733 1.84304
21 97.4731 10.0654 2.24039
22 4.85838 5.33003 2.54678
23 84.8081 1.55195 1.78761
24 65.5261 47.4457 1.05152
25 93.0372 97.8263 2.47341
26 88.6454 47.9141 1.84149
27 92.7879 16.658 2.01219
28 97.5176 7.39949 2.48284
29 1.57389 25.0518 2.56548
30 49.3219 50.8991 1.53845
31 99.1358 4.71792 2.05299
32 36.814 38.4315 0.904735
33 67.3588 53.4146 1.92838
34 94.7863 96.1355 2.37989
35 79.4725 18.7391 1.56393
36 49.7209 57.1396 0.708881
37 7.72902 24.0361 2.39009
38 94.492 3.37808 1.88689
39 83.7997 1.45194 1.6093
40 97.103 95.3356 2.4569
41 83.1116 1.55606 1.58047
42 12.2566 1.64438 2.7419
43 61.9513 44.5556 1.23131
44 20.2442 89.4778 -2.58645
45 10.4859 98.5333 2.59159
46 96.7042 0.736643 2.51845
47 87.19 42.4844 1.33196
48 2.60766 99.7877 2.57715
49 90.5255 87.5756 1.92818
50 88.2887 19.1123 1.77556
51 7.9198 7.92495 2.3071
52 63.2645 46.3607 1.92726
53 51.3868 57.7146 1.33494
54 85.1056 5.88108 1.30396
55 76.6304 40.0493 1.27585
56 87.8306 8.21514 2.20463
57 3.88498 87.8487 2.20674
58 87.3543 11.4693 1.5115
59 92.7511 98.8304 2.68844
60 89.7781 16.1308 1.5522
61 3.52016 96.3464 2.54951
62 46.3081 6.92742 2.05651
63 19.9887 81.8497 -2.3969
64 96.0757 14.8371 2.14883
65 83.5182 43.9765 1.20984
66 86.2112 19.8378 1.23021
67 87.7559 19.5794 2.12129
68 85.1576 40.4187 1.65739
69 8.37436 89.6648 2.26326
70 0.558879 16.8999 3.05193
71 97.8816 100.259 2.43572
72 87.1993 16.682 1.14285
73 6.96383 20.6837 2.21412
74 2.35872 91.0697 2.11457
75 78.2077 48.7188 1.3908
76 6.02309 91.9082 1.99027
77 5.60474 18.1976 2.47388
78 4.38603 27.9199 2.13693
79 88.2238 13.7429 1.25047
80 1.92343 96.0705 1.83022
81 84.5681 18.2755 2.03511
82 60.1803 20.6232 1.80036
83 74.2048 10.5624 1.90295
84 76.6381 37.72 2.00235
85 2.01767 97.6354 2.10702
86 2.19099 94.9145 2.38518
87 8.43589 17.4463 2.20174
88 78.359 39.1376 1.88254
89 0.406946 90.5945 1.86275
90 64.1371 47.4158 1.19419
91 97.9184 4.68705 2.53727
92 5.94538 14.4699 2.87862
93 76.9083 5.43056 1.65177
94 2.03182 97.1362 1.85248
95 49.2668 35.3381 1.37529
96 95.9903 13.6251 1.59011
97 3.31444 20.2972 2.2089
98 99.4299 91.1777 2.60737
99 4.59151 13.517 2.85921
100 68.1297 47.5825 1.81169
101 85.4254 16.0761 1.87345
102 6.41541 96.3104 2.38861
103 94.1085 93.3972 2.26072
104 3.79104 2.33537 2.97902
105 65.5089 48.9002 1.29338
106 86.4686 6.27423 1.4784
107 88.8537 98.9663 2.54292
108 2.61183 4.15948 2.53819
109 91.3333 13.5553 2.16396
110 79.0113 49.7221 1.91221
111 8.80589 22.8284 2.55387
112 57.3779 42.7614 1.32687
113 0.648399 11.646 2.52777
114 93.4389 16.9455 1.57412
115 97.2838 22.5242 1.50271
116 2.90139 87.4254 2.00326
117 95.7205 2.28904 2.33285
118 49.8321 44.9935 2.1648
119 80.4244 8.68204 1.37877
120 90.8015 93.6737 2.31954
121 72.5591 72.7295 -0.0167799
122 2.23161 99.7961 2.06364
123 73.0718 5.48833 1.10603
124 93.0962 24.4374 2.11987
125 90.3718 36.2985 1.20328
126 16.4638 11.5419 2.14595
127 82.9195 98.1859 2.43885
128 65.8248 46.9835 1.22191
129 90.235 17.9079 1.52379
130 95.0766 5.51146 2.25885
131 3.56854 93.8669 2.6106
132 92.4417 37.6773 1.6138
133 90.0798 41.4134 1.05643
134 88.7128 84.6805 1.93216
135 6.32072 19.3744 3.01653
136 1.2812 88.9502 2.46238
137 97.4034 14.0688 1.50772
138 4.40915 97.8559 2.16964
139 93.8915 94.1652 1.76622
140 9.37219 97.3195 1.72505
141 81.8455 39.8001 1.81295
142 77.6726 8.77671 1.61637
143 34.7183 14.6709 2.44694
144 95.4561 14.3377 2.23976
145 90.2567 20.4738 2.04594
146 90.6983 98.833 1.74181
147 65.8668 53.3856 1.45628
148 8.12188 20.8498 2.24714
149 81.8613 18.3565 1.92142
150 8.93625 98.717 1.88271
151 39.9881 37.1462 1.68023
152 3.09154 91.2387 2.59505
153 2.87601 3.11311 2.53503
154 24.7424 6.18556 2.49457
155 87.8298 43.4097 1.50166
156 52.5832 10.5812 1.81053
157 32.4356 22.3718 1.87974
158 88.6217 49.249 1.82129
159 34.8928 18.1255 1.82941
160 63.1325 55.2042 1.91461
161 35.895 19.486 2.24291
162 83.3695 19.4753 1.76714
163 78.5605 36.7935 1.29879
164 84.4184 45.1352 1.12291
165 74.4748 16.0977 1.94375
166 77.9761 38.272 1.76708
167 9.90887 22.3954 2.91726
168 88.4029 15.1386 2.04996
169 84.0962 43.8251 1.57985
170 50.3254 69.8008 2.4865
171 98.8163 12.5787 2.03173
172 88.1523 95.3478 1.72137
173 8.03667 94.6573 2.47819
174 85.9262 48.9256 1.67338
175 92.9414 33.5276 1.52954
176 98.0358 26.4173 1.77447
177 95.4485 92.8171 2.56576
178 64.9545 45.975 1.61745
179 96.1613 6.97757 2.46579
180 99.2164 12.3745 2.45552
181 43.7607 14.6821 2.62731
182 90.7262 9.10066 2.15595
183 86.4036 89.6297 2.31206
184 4.84884 12.9015 2.73999
185 86.222 43.5568 1.4425
186 5.9407 1.54731 2.57872
187 52.7656 42.2318 1.43466
188 79.8565 98.115 1.8989
189 93.1551 21.9278 1.92304
190 88.314 48.5858 1.5413
191 98.3519 19.8928 2.01907
192 97.8948 86.2329 2.49705
193 6.69815 9.82661 2.61222
194 0.101007 94.2439 2.80447
195 97.8709 12.5453 2.064
196 91.9338 90.7882 2.71506
197 3.42125 95.2704 1.9237
198 3.40117 13.4108 2.69864
199 4.12162 56.9421 1.8643
200 6.1299 17.8178 2.66264
201 2.5585 22.5009 2.80751
202 63.1458 47.6188 1.47286
203 36.5632 20.0793 2.1912
204 89.3585 46.8903 1.87845
205 10.0567 21.9833 2.39714
206 98.2575 94.612 2.51369
207 93.1772 99.9158 2.62888
208 74.269 21.4109 2.41838
209 50.1889 44.0865 1.91343
210 88.3454 17.3087 1.56432
211 3.46857 100.098 1.94232
212 91.1059 39.6459 1.53021
213 42.1063 36.2335 2.07033
214 78.2223 95.5634 1.93413
215 93.3681 4.82634 2.56937
216 11.7453 2.50709 3.09763
217 96.8948 11.2647 1.79841
218 88.7354 27.6771 1.29364
219 87.989 23.6734 1.48565
220 6.66408 21.0671 3.18868
221 10.108 11.1573 2.57749
222 4.90617 20.8701 2.68646
223 69.7303 49.8726 1.49082
224 56.6888 43.9892 1.02119
225 97.7504 23.4965 1.54309
226 23.6966 2.41927 2.36557
227 4.66072 1.96931 2.98857
228 4.76254 96.1544 2.08216
229 4.6591 95.6051 2.52178
230 84.612 97.1165 1.88547
231 90.123 15.239 1.19786
232 4.55101 10.4333 2.68997
233 97.472 98.9362 2.14192
234 91.7984 92.6601 2.44666
235 86.2376 6.03048 2.13596
236 19.7399 100.166 1.71336
237 96.1382 24.5854 2.1157
238 88.4169 7.68816 2.02153
239 76.8014 8.08663 1.85686
240 93.9366 16.4984 2.20038
241 51.5292 9.26001 2.16835
242 9.22422 5.43177 2.866
243 3.98418 15.4901 2.2299
244 36.0951 19.8112 2.15816
245 6.98633 7.04669 2.90231
246 4.89661 98.2716 2.32821
247 86.4111 47.0585 1.94171
248 80.5872 8.37462 1.96498
249 0.965347 89.357 2.72928
250 91.1894 16.7828 1.54221
251 90.799 22.6773 2.15553
252 75.7367 50.3894 2.24413
253 55.2899 45.4741 1.05162
254 3.21287 93.022 2.51496
255 84.0046 18.0347 1.68699
256 9.59788 4.38603 3.03991
257 1.87453 95.0363 2.50522
258 50.4834 14.119 1.89074
259 87.5307 7.25798 1.37757
260 91.5624 51.0836 1.58911
261 81.0463 10.1299 1.59246
262 10.2233 98.5129 2.10786
263 2.30379 8.74517 2.04049
264 64.0877 53.9665 1.38269
265 1.91847 93.5192 2.55359
266 94.5363 89.9328 2.18942
267 95.2625 16.2808 1.4612
268 92.6909 95.9628 2.52697
269 90.9722 18.1617 1.99115
270 89.4594 11.1828 2.14518
271 89.65 9.80029 2.17014
272 37.7438 34.493 0.954395
273 94.2396 95.3086 2.46155
274 99.0364 2.87414 2.48588
275 4.25169 95.4728 2.40094
276 94.6969 87.4144 2.04184
277 2.63192 11.8789 2.86383
278 12.8104 80.3135 2.68793
279 8.85331 6.11469 2.89127
280 89.8019 11.4462 1.59524
281 5.12941 0.737815 2.60979
282 84.5935 8.26804 2.18501
283 14.904 24.4191 2.7641
284 11.376 90.4955 1.91618
285 0.689925 15.4754 2.27071
286 80.4983 0.547831 1.40219
287 1.55614 97.1014 1.76081
288 52.361 36.0033 1.68681
289 12.7101 92.3686 2.62784
290 98.3278 99.5871 1.93585
291 58.9097 97.0169 -0.641879
292 88.2011 41.6657 0.961279
293 97.16 1.71308 2.01947
294 89.9771 7.41335 1.3141
295 95.6191 9.70625 2.44359
296 9.79112 16.9577 3.03917
297 15.7945 2.54351 2.66367
298 55.4518 8.47567 2.29357
299 4.14183 22.9499 2.68153
300 97.388 94.7527 2.47171
301 87.6217 17.7773 1.21059
302 90.5119 93.1535 1.73817
303 4.96504 99.1386 1.80063
304 18.4041 82.3918 -2.39937
305 93.2027 21.9289 1.93708
306 59.0488 50.0041 1.6419
307 95.03 21.5517 1.80549
308 82.3303 12.4834 1.78904
309 97.8522 3.21887 2.13597
310 63.4056 51.845 1.33511
311 88.8688 3.17525 2.01004
312 5.48951 6.71681 2.21723
313 44.0253 37.1378 1.90359
314 86.9813 21.7885 1.344
315 4.44937 1.95836 2.29798
316 3.40708 12.1345 2.34356
317 90.1804 13.125 1.46293
318 96.8486 22.8742 2.1671
319 3.39254 21.7676 2.80715
320 4.48981 20.3516 3.07106
321 84.9669 21.1963 2.02623
322 8.73444 19.2896 2.4437
323 87.1509 13.2997 1.8113
324 22.8478 28.9103 2.34426
325 12.796 3.80986 2.31777
326 2.67516 93.3632 2.74534
327 98.2869 97.607 2.71056
328 12.9533 19.3858 2.63793
329 56.0017 39.4927 1.233
330 43.2475 35.6381 1.72472
331 70.1241 53.6063 2.018
332 46.5942 37.3378 1.92137
333 4.95111 14.5897 3.0109
334 83.8766 3.69175 1.76181
335 98.0241 19.0789 2.16716
336 9.72284 22.3768 2.24417
337 79.7788 6.31567 1.35026
338 11.3232 2.44523 2.51223
339 2.5262 97.3316 2.55482
340 86.5646 93.1814 2.26696
341 76.0231 11.8456 1.53938
342 85.1936 14.0897 1.95055
343 10.8283 3.19063 3.07155
344 7.00747 99.1514 1.85745
345 77.5643 44.0826 2.00475
346 83.4175 2.231 1.60322
347 89.7363 52.2642 1.7443
348 78.7046 99.6608 1.74489
349 86.8889 46.5292 1.88719
350 6.16184 3.71472 2.68574
351 44.8717 10.4655 1.70196
352 21.3123 88.5835 -2.03015
353 68.9788 49.0373 1.6718
354 97.1089 87.8605 2.0702
355 5.91395 91.8622 2.60639
356 9.47208 18.5173 2.27944
357 87.0146 45.1892 1.87306
358 90.6777 12.0391 1.75413
359 92.8558 97.1869 2.65159
360 84.7806 23.2747 1.38814
361 89.1568 86.5 1.61758
362 96.0843 12.7825 2.17702
363 3.28616 95.7189 2.04039
364 68.4087 54.4721 2.17722
365 2.28455 7.26411 2.32585
366 2.35252 15.0931 2.29321
367 7.79976 21.6284 2.401
368 88.5471 96.2632 2.18179
369 46.6981 35.5494 1.5843
370 55.9705 47.0419 1.04585
371 83.3553 17.3227 1.75061
372 92.6144 7.90735 1.82004
373 3.94142 18.0697 3.06575
374 91.3737 20.8563 1.92915
375 6.0694 11.2066 2.1283
376 93.9274 11.6298 2.02545
377 37.7267 36.7988 1.60763
378 97.8794 1.59334 2.60915
379 6.62703 23.5194 2.19969
380 5.01893 95.6217 2.75945
381 8.0648 28.5795 1.92728
382 97.8984 12.7292 2.04509
383 79.3986 41.5164 1.11104
384 4.11446 10.4081 2.08178
385 73.1568 51.7825 2.00048
386 49.8527 55.7166 1.40368
387 90.7877 86.8223 2.10403
388 12.3119 98.9398 2.4379
389 92.5486 97.2732 1.82946
390 73.0063 12.9147 1.88387
391 85.5158 11.685 2.28283
392 92.3979 95.2992 1.86051
393 11.7655 5.79474 2.52043
394 96.3792 13.9299 2.36156
395 90.4374 12.8352 1.5286
396 87.3206 21.8554 2.05851
397 94.6846 17.3295 1.45954
398 43.4851 35.0867 1.80633
399 52.4311 8.26895 1.91668
400 77.3614 6.92813 1.12719
401 48.2477 34.3375 1.15096
402 0.781689 90.9557 1.81431
403 97.1979 10.5088 1.95464
404 0.389727 98.3885 2.34705
405 19.3106 87.5829 -2.18181
406 84.2484 93.7176 2.12447
407 99.1983 14.7927 1.67691
408 91.7464 3.37496 1.58512
409 13.6823 21.6339 2.98909
410 80.6594 9.53319 1.19038
411 93.2424 18.1652 1.91769
412 10.0125 94.2339 2.16336
413 76.9615 9.14499 1.64807
414 10.0301 4.25037 2.66085
415 83.092 42.4827 1.16653
416 5.33159 13.3947 2.78145
417 76.1931 6.90164 1.32037
418 89.7539 17.1369 1.81614
419 76.1796 40.678 1.30522
420 96.4328 99.4975 2.37365
421 86.7728 15.8564 1.51363
422 87.1841 10.0109 2.21847
423 6.05331 18.2752 2.93565
424 85.988 21.0663 1.81527
425 98.071 8.26085 2.52831
426 17.2207 20.701 2.81901
427 90.0723 20.9198 1.88323
428 1.67522 100.115 2.53953
429 8.91439 0.324194 3.06323
430 33.6751 15.5765 1.96666
431 6.06718 10.268 2.56955
432 84.037 19.2899 1.80861
433 14.6924 20.8261 2.81069
434 97.6673 97.7041 1.94882
435 72.96 52.0428 2.34144
436 39.6687 15.1866 2.01966
437 92.9895 92.9634 2.34573
438 0.127774 25.7008 2.22156
439 8.13075 23.4332 2.32444
440 6.93671 91.2944 2.5065
441 82.7914 95.0744 2.52183
442 98.7668 18.0055 2.12353
443 5.49732 63.938 -3.57674
444 5.63166 7.59188 2.26746
445 86.8445 51.2639 1.66332
446 78.3924 51.8608 2.27729
447 84.2949 99.8682 2.04816
448 93.3248 11.4457 1.41049
449 11.1891 92.4807 2.71414
450 81.4866 13.1829 1.69571
451 98.6866 91.8025 1.78284
452 90.0968 22.2034 2.11382
453 6.27909 94.0867 2.23062
454 92.1761 19.0555 1.35881
455 80.2633 42.5643 1.93988
456 75.4826 5.028 1.49438
457 86.6993 7.52102 2.07453
458 92.7525 6.22639 1.67653
459 88.8866 41.1218 1.74048
460 94.5212 95.1187 2.03896
461 60.9466 47.2099 1.88574
462 7.6022 6.8806 2.55738
463 90.5175 10.3717 1.63816
464 13.3615 13.0317 1.973
465 83.5099 11.5108 1.26493
466 10.808 2.27412 2.81304
467 8.88327 21.1212 2.97167
468 90.3842 95.3696 2.10142
469 46.4409 12.8778 2.18028
470 21.1724 86.4392 -2.83244
471 0.769529 0.726213 2.92425
472 8.32728 7.91028 2.39642
473 4.06118 12.3783 2.20885
474 6.75448 53.1388 1.91658
475 85.7951 97.4172 2.07225
476 87.8904 45.5401 1.03789
477 2.84831 95.2952 2.3229
478 81.8004 32.6316 2.28403
479 75.556 42.9338 1.71276
480 89.1375 2.53866 1.96455
481 11.9407 18.7169 2.93392
482 96.9659 87.4301 2.28074
483 80.4845 14.2538 1.13084
484 91.1307 99.9596 2.15063
485 86.5851 87.7201 2.05946
486 10.0848 96.3583 2.43455
487 10.579 2.16943 2.73043
488 50.1359 9.22537 1.58579
489 74.6261 40.6505 1.42642
490 78.7724 49.2351 2.02031
491 3.18064 96.4101 2.35927
492 9.89124 12.4855 2.41443
493 3.93113 2.71719 2.36865
494 2.22445 92.8138 2.64511
495 96.4402 1.76793 2.47463
496 95.8517 16.9442 2.04213
497 88.3123 17.1926 1.21022
498 13.4132 0.404262 2.37612
499 97.8947 30.1421 2.16281
