500
Particles
0 23.2728 8.44696 -0.102614
1 51.8975 83.675 -0.800695
2 85.6583 27.8473 -3.29639
3 0.601066 8.18113 -0.0395661
4 51.0983 75.4971 -1.16282
5 79.9324 58.3997 1.78222
6 97.1258 71.0433 -1.74513
7 42.8938 57.9198 -1.23248
8 75.8127 21.7396 -2.0072
9 69.1859 29.2948 -1.45505
10 67.6032 72.4763 -0.770275
11 86.8647 79.8695 -0.82502
12 64.7792 72.1724 -1.10125
13 13.8251 43.3525 2.48917
14 54.521 50.7816 0.358268
15 77.4994 67.3359 1.07988
16 2.00651 9.14656 0.0507396
17 31.2133 38.8274 2.62146
18 55.7126 72.8369 -0.482902
19 49.0729 91.6882 -1.46259
20 31.1989 68.0962 -1.52112
21 99.5295 73.1991 -1.53877
22 62.0497 88.9572 -1.2337
23 34.2485 43.4943 2.68789
24 24.9241 98.7883 -2.1792
25 90.3563 72.5279 -0.691933
26 80.8935 71.4703 0.475864
27 46.2533 55.6809 -1.4337
28 19.702 11.9282 0.103658
29 2.51936 12.4004 -0.202289
30 73.9645 2.73268 -1.17153
31 50.7545 0.592451 -0.333906
32 31.3591 64.1127 -1.37816
33 84.9097 24.0246 -2.64044
34 27.1372 65.7791 -1.60642
35 20.53 8.24018 -0.660029
36 7.25016 88.0005 3.01945
37 66.2277 56.6083 1.04616
38 90.2067 24.7555 -2.99548
39 51.2434 92.1525 -0.84854
40 89.6547 28.0841 3.16747
41 16.2869 46.418 3.17378
42 67.3886 30.1359 -1.36491
43 75.6264 78.6998 -1.46827
44 56.6587 98.5666 -0.993188
45 68.5083 34.3193 -1.01397
46 24.3489 13.5807 -0.676068
47 3.76637 94.1472 2.29264
48 73.0403 20.5339 -2.37852
49 89.2532 67.7655 -0.581814
50 82.0464 21.8749 -2.20638
51 26.1566 16.522 -0.50133
52 97.2573 66.0133 -2.46411
53 10.4113 88.3997 3.17069
54 71.1614 73.9147 -0.958028
55 50.098 57.3009 -0.888113
56 27.3242 63.2039 -1.57839
57 90.64 3.34253 -0.227908
58 31.7321 53.9468 -2.08084
59 93.4413 74.2045 -1.90368
60 63.9647 58.0371 0.260803
61 67.6507 25.5081 -1.48695
62 20.2288 14.3092 -0.698491
63 50.7461 82.3965 -0.705783
64 54.83 83.0432 -1.24183
65 1.597 55.5845 3.17476
66 61.5995 75.6167 -0.417584
67 29.7593 5.09637 -1.12888
68 0.627094 53.344 2.89683
69 23.0887 17.6577 -0.251738
70 95.4948 73.3961 -2.08796
71 25.8699 79.4389 -1.82785
72 58.7489 74.0981 -0.862328
73 55.6424 12.0511 -1.95339
74 91.8509 48.8784 -3.29553
75 11.7972 27.8483 -1.74384
76 20.548 19.6079 -0.746582
77 58.2841 71.149 -1.13548
78 59.4322 94.2429 -1.64765
79 76.3462 47.2846 2.72844
80 18.9337 16.202 -0.816201
81 63.0827 62.9362 -0.719286
82 21.3474 66.5558 -1.44212
83 54.2579 66.4835 0.182788
84 36.0521 38.5385 2.87983
85 12.3538 64.619 2.95101
86 14.7813 24.6148 -1.61171
87 -0.337498 44.7436 -3.32957
88 97.05 63.9409 -2.12759
89 79.9583 71.9045 0.317662
90 82.4646 70.5892 1.22384
91 50.9231 0.0832688 -0.761445
92 49.4322 57.0052 -0.417571
93 27.9813 55.6674 -1.49393
94 28.7341 85.7045 -1.0998
95 20.4145 12.1113 -0.517283
96 72.8031 49.6716 1.79808
97 70.0694 55.6675 1.5501
98 80.1371 73.8992 0.613294
99 96.7557 4.70205 0.373078
100 97.9325 64.6037 -2.46862
101 57.6579 55.6885 0.0870255
102 76.1955 23.0096 -1.69462
103 8.07343 74.5029 2.70335
104 26.4085 10.256 -0.127373
105 81.7751 71.5283 0.248224
106 25.9132 66.0274 -1.20475
107 59.6639 16.3248 -2.68065
108 32.3185 17.5367 -0.0495196
109 68.6613 18.3928 -1.91747
110 75.8292 5.77805 -1.38167
111 73.2006 53.6127 2.0622
112 83.0363 20.5078 -2.78148
113 27.7009 44.8789 -3.47737
114 75.7842 70.6476 1.02552
115 50.974 13.7204 -1.83896
116 63.799 65.7195 -0.806043
117 78.4523 72.5472 1.14201
118 2.69835 8.65522 -0.0837751
119 32.4486 50.8704 -2.5172
120 82.1609 65.4467 0.79289
121 43.6994 91.1994 -1.81068
122 27.8303 84.9056 -1.12283
123 56.995 65.8897 -0.133506
124 3.73974 51.9161 2.81504
125 97.0884 62.5366 -1.92807
126 53.9694 7.86367 -1.05402
127 2.44468 58.171 2.65713
128 23.3828 97.5079 -2.52826
129 26.7454 9.22869 -0.264058
130 23.6923 17.3343 -0.524127
131 65.8319 71.336 -0.811593
132 84.0328 77.225 0.116586
133 83.5195 77.2382 0.393268
134 96.3676 76.7169 -1.15233
135 99.4425 75.0235 -1.57948
136 6.14617 90.5279 2.82205
137 99.4993 76.7708 -1.33214
138 35.7974 93.4887 -1.01236
139 15.2246 17.0565 -0.354365
140 76.6503 24.3387 -2.26845
141 96.3109 64.2682 -2.43845
142 96.5481 68.2041 -2.791
143 73.0828 32.7076 -0.892751
144 69.5476 56.1793 1.79427
145 60.5149 14.2936 -2.40262
146 21.9756 14.7911 -0.285768
147 87.2224 24.5263 -3.06727
148 22.8802 13.0461 -0.520612
149 69.9013 58.3069 0.602784
150 34.2626 12.7542 -0.461784
151 18.8467 11.7466 -0.641168
152 43.9978 85.7704 -0.281354
153 24.2465 9.85529 0.00541921
154 74.776 32.4663 -1.74155
155 85.3918 87.7952 -1.89067
156 74.1789 24.4197 -1.92662
157 61.2899 35.5212 -0.259767
158 97.0993 83.404 -1.64178
159 68.6887 71.4964 -0.674806
160 58.7792 3.59831 -0.878479
161 43.1706 95.4994 -0.986488
162 80.3761 24.8175 -1.66622
163 3.34748 47.5887 2.83036
164 2.62032 64.3853 -2.22073
165 19.6786 9.37695 -0.800147
166 99.2333 52.6556 2.51942
167 3.37045 73.0468 -3.39487
168 54.533 81.2397 -0.870982
169 80.8575 1.94754 -0.960143
170 83.6473 23.3653 -2.78066
171 77.0172 49.0635 2.10789
172 55.6279 15.2157 -1.74964
173 72.8992 25.9758 -1.76543
174 75.0797 59.6611 2.42189
175 49.2509 3.99929 -0.137966
176 74.5662 67.847 0.485721
177 12.215 65.9691 3.22919
178 36.5928 45.888 3.02883
179 20.5928 11.3531 0.00833411
180 25.5666 47.7689 3.45484
181 76.2369 28.2984 -2.0063
182 29.6333 59.2219 -1.25205
183 58.136 36.9123 -0.0364336
184 81.9444 64.7933 1.4152
185 15.023 37.7902 -2.82781
186 28.2356 86.573 -0.558368
187 80.8794 21.499 -2.47366
188 49.7812 79.9706 -0.888926
189 61.9528 98.0511 -1.97168
190 63.0219 74.346 -1.29398
191 74.1003 55.0972 2.15296
192 20.0478 95.7724 -2.65191
193 67.5119 22.8646 -1.1087
194 85.1757 95.1554 -0.783272
195 58.0109 69.7465 -0.199558
196 97.2759 79.0867 -1.79047
197 16.3717 22.8679 -0.871839
198 27.2091 71.6304 -1.75124
199 99.9186 80.4987 -1.66805
200 2.2272 70.9771 -2.73295
201 48.0708 91.1293 -1.137
202 50.4459 68.2165 0.251855
203 28.3403 19.0095 -0.396967
204 83.2563 56.5947 2.46438
205 60.5774 14.7272 -2.13437
206 97.2063 14.8391 2.81699
207 93.0275 75.787 -0.878192
208 78.7447 68.2746 1.25713
209 69.026 68.2533 0.641188
210 62.2673 56.2374 0.890082
211 64.6002 78.7492 -0.628218
212 82.8933 78.4928 -0.660017
213 22.423 16.4202 -0.628978
214 55.1875 63.0309 0.0816844
215 21.6028 53.0377 2.76912
216 70.6247 37.5103 -0.912977
217 0.620102 71.8057 -3.08553
218 57.3073 35.0638 -0.250637
219 18.3418 33.3789 -2.57186
220 8.32981 63.1355 2.80975
221 33.6141 20.3568 -0.74861
222 64.147 57.8679 0.493468
223 96.0859 19.126 -2.6379
224 99.8976 6.12665 -0.0967072
225 39.7986 55.3375 -0.609639
226 66.9936 30.5681 -0.924001
227 76.0809 21.1351 -2.48063
228 19.9398 23.8714 -1.18668
229 35.6395 16.3095 -0.805865
230 10.0249 46.4175 3.23065
231 60.2602 67.2269 -1.02398
232 47.1038 96.0492 -0.990871
233 13.5263 50.7497 3.10764
234 95.0332 78.232 -1.05544
235 26.9471 61.8183 -1.16831
236 78.3147 24.0394 -1.97785
237 60.1855 95.7586 -1.20228
238 36.0657 48.5767 2.67847
239 50.724 77.3312 -1.52223
240 70.1375 63.1758 0.848566
241 57.4195 84.4816 -1.32925
242 27.671 16.2827 -0.662305
243 0.411563 73.0002 -3.25923
244 39.2829 90.6817 -1.76599
245 28.5192 15.5592 0.132637
246 35.5112 84.4888 -0.661747
247 4.99039 55.0695 3.44031
248 58.5283 50.1655 0.487378
249 76.5688 56.0356 1.82878
250 11.4129 26.6224 -1.31624
251 91.648 20.4873 -2.37857
252 38.8386 60.0405 -1.28654
253 19.1209 36.7349 -3.27452
254 64.9283 100.045 0.324846
255 66.5498 60.8345 0.305789
256 31.1903 15.8337 -0.0907141
257 32.1088 85.8546 -0.450789
258 80.9024 23.306 -2.37025
259 27.951 67.1053 -1.18694
260 -0.219341 79.1285 -2.93778
261 26.5274 42.3161 3.52075
262 72.8272 30.6572 -1.23749
263 7.81075 65.3586 3.14074
264 78.0262 11.8097 -2.47253
265 13.3982 50.9536 2.92086
266 9.31042 99.9351 0.465021
267 56.877 83.3047 -0.828755
268 72.9775 0.57828 -0.894595
269 99.8162 84.4787 -0.90377
270 26.712 58.4011 -1.2534
271 27.7232 61.9107 -1.54587
272 19.7906 23.2448 -1.15529
273 96.5406 78.2599 -1.81438
274 3.65127 81.4469 -2.37906
275 36.5731 13.0687 -0.275095
276 82.438 73.5123 0.160605
277 58.7878 13.9701 -1.88626
278 84.981 17.8778 -2.20972
279 36.2198 23.0873 -0.693074
280 74.3772 43.5221 2.56369
281 54.0072 7.97835 -1.32607
282 33.5937 40.8983 3.22274
283 99.4505 78.4416 -2.3654
284 58.5181 85.9895 -0.910825
285 79.7227 49.1874 2.33784
286 4.49428 50.9781 2.58733
287 32.6152 86.2417 -0.620094
288 98.5283 6.15817 0.380593
289 90.8801 16.4646 -2.53119
290 70.843 23.1075 -1.10574
291 52.2343 87.3674 -1.08211
292 78.9317 0.158685 -1.71955
293 8.74468 69.7129 3.01448
294 73.0375 76.0878 -1.62378
295 41.4863 62.3317 -1.02594
296 78.6019 68.0969 0.640616
297 71.3878 28.7886 -1.47734
298 55.2721 2.10103 -1.1966
299 93.7973 72.5707 -1.26951
300 10.0565 62.3087 3.09625
301 63.145 62.6029 -0.605342
302 88.4185 26.5061 -3.18229
303 77.3977 18.3139 -1.99687
304 55.4972 79.3252 -0.989474
305 61.4953 72.9913 -0.935058
306 8.84121 93.3926 2.50587
307 58.1661 -0.0116386 -0.919417
308 29.1387 46.14 -2.99379
309 4.32231 0.659354 0.00538486
310 42.5414 51.9535 0.0645108
311 1.45329 94.3468 2.21097
312 25.2884 14.4124 -0.0311738
313 15.8612 13.2651 -0.125399
314 4.67701 8.67222 0.441931
315 73.6599 23.7301 -2.06239
316 98.4891 72.9868 -1.7816
317 94.7716 66.9366 -2.0092
318 71.9876 66.4294 0.337035
319 81.7345 52.4606 2.73467
320 61.1251 65.8747 -0.395912
321 3.9504 92.4582 2.19168
322 72.291 52.7902 2.22495
323 77.2235 46.4649 2.20696
324 58.2866 4.78641 -1.2665
325 63.7422 32.9259 -0.812486
326 94.4322 4.78936 0.543955
327 14.1605 16.3244 -0.375611
328 79.0561 68.1494 1.37511
329 29.1383 65.6608 -1.58561
330 21.7344 15.51 -0.856213
331 84.3885 75.4437 0.358649
332 31.5358 65.5382 -1.75945
333 24.8364 50.2501 3.07942
334 46.9 82.6731 -1.23438
335 78.547 52.6184 2.07237
336 4.63559 71.9664 -3.12515
337 52.3931 74.5437 -1.27558
338 67.7581 31.3723 -1.53825
339 94.0616 6.88758 0.210792
340 58.9002 67.5686 -1.04478
341 74.8622 10.6476 -1.8091
342 57.8096 68.6132 -0.26526
343 35.0328 19.6706 -0.343886
344 78.9809 20.435 -2.40574
345 76.6469 73.2251 0.961841
346 16.3525 46.1471 2.60917
347 81.5766 74.4361 0.379847
348 54.3884 76.403 -1.40423
349 62.6483 75.2217 -0.837799
350 29.5187 12.6019 0.0618435
351 73.0214 25.8443 -1.16143
352 56.0363 97.2496 -1.28416
353 91.271 48.5631 -3.01598
354 94.4788 56.3124 2.0387
355 70.8358 69.4734 -0.241862
356 98.8269 8.92152 0.286821
357 85.2924 78.435 -0.801944
358 30.0116 46.3052 -2.83612
359 79.3884 66.5211 1.26297
360 74.7227 35.3472 -1.12121
361 75.8547 59.4694 2.26037
362 72.3914 50.5779 2.44274
363 17.3638 21.495 -0.926764
364 88.4056 17.7312 -2.13999
365 23.8973 12.1358 0.0311996
366 99.1142 75.7035 -2.01031
367 62.8434 17.0946 -1.97251
368 21.7256 14.4483 -0.823902
369 76.1422 72.2252 0.504621
370 73.1489 62.8422 1.55143
371 65.0777 63.3586 -0.98585
372 71.5065 74.8674 -0.435175
373 21.1743 48.588 3.26648
374 56.095 4.59772 -0.742193
375 24.6242 12.2281 -0.425288
376 73.2196 13.7538 -2.33948
377 28.1106 98.649 -2.17088
378 28.0827 14.7505 0.0708689
379 3.33693 78.5293 -2.40262
380 74.1788 28.962 -1.37652
381 81.491 81.7942 -0.248596
382 65.4536 52.1411 0.529468
383 2.63717 8.39579 0.10571
384 95.5262 15.1048 -2.59173
385 43.4695 57.568 -1.39621
386 35.7281 57.1567 -1.25272
387 9.3438 58.8457 2.1752
388 66.3105 32.0542 -1.62554
389 80.513 60.8446 1.27899
390 55.7671 78.7989 -1.0563
391 31.5665 45.598 2.55962
392 62.0322 5.69612 -0.453113
393 59.4733 32.4972 -0.31248
394 99.3997 73.0143 -3.36428
395 26.5822 43.8079 3.41671
396 1.06361 15.3497 -0.0710857
397 78.086 56.106 2.35468
398 65.8613 68.6121 -0.814969
399 30.6714 1.87904 -0.717431
400 90.9066 56.1895 2.19196
401 0.933279 47.8677 3.01765
402 19.7443 20.1642 -1.08875
403 61.5112 53.3598 0.29733
404 88.5104 0.478022 0.437707
405 52.6217 80.5593 -0.711869
406 9.40499 44.8075 2.44522
407 96.6173 71.6953 -2.35275
408 20.0107 46.5733 3.16922
409 1.17966 74.415 -3.1084
410 49.6778 79.7979 -1.08843
411 76.5576 70.7234 1.02636
412 19.0026 19.346 -1.20451
413 21.5015 37.4659 -2.95816
414 33.5184 16.2544 -0.711112
415 82.0067 97.4827 -0.976268
416 85.0669 63.2921 1.23016
417 97.1138 66.8985 -2.6625
418 66.0807 54.2581 0.426941
419 49.6326 89.2707 -0.847653
420 80.5766 68.0644 0.501967
421 55.6901 74.143 -1.19185
422 29.1921 57.7205 -1.9809
423 25.7201 82.7458 -1.45811
424 74.5096 69.2295 1.14962
425 97.3246 70.5089 -2.26974
426 52.9686 13.186 -1.89544
427 58.0859 7.95389 -1.15347
428 27.6623 13.4468 0.0126477
429 32.0901 13.198 -0.777636
430 39.7403 90.6578 -1.97817
431 30.3717 12.258 -0.623811
432 79.6559 22.1473 -2.16322
433 54.1906 14.5962 -2.34919
434 72.5069 70.9944 0.844061
435 86.4463 20.8461 -2.10743
436 69.2952 30.5571 -0.676862
437 82.7793 93.5661 -0.894562
438 48.2831 92.49 -1.64841
439 56.3056 15.4128 -1.75581
440 94.7942 59.5544 2.59131
441 99.1257 67.4255 -2.35873
442 69.7592 52.8121 2.00115
443 50.4814 69.1665 0.235933
444 27.3425 11.6751 -0.102478
445 68.4403 59.9191 0.811116
446 20.9345 40.8854 -2.54108
447 5.2051 52.2434 2.75979
448 78.4537 66.7561 0.563143
449 67.6451 58.356 0.26245
450 54.1027 78.8189 -0.902675
451 17.4123 17.5839 -0.643451
452 61.3665 71.9672 -0.921049
453 78.3438 26.3048 -2.35793
454 22.93 61.1612 -1.33234
455 98.2622 48.3662 -3.36366
456 50.8225 74.857 -0.671125
457 36.7747 44.4505 2.63354
458 32.3565 68.1518 -1.12334
459 25.9878 81.8069 -0.91652
460 85.1414 61.5718 1.3124
461 80.4624 74.0329 0.719476
462 31.3131 14.8114 -0.293276
463 64.737 15.3125 -1.95169
464 33.0858 22.7939 -0.598053
465 30.9607 49.8644 -3.36367
466 69.623 34.6944 -1.45497
467 96.5561 73.6684 -2.2075
468 89.8151 71.3212 -0.999647
469 70.8103 29.459 -0.982319
470 54.6135 72.3066 -1.28637
471 31.8806 18.6123 -0.611523
472 31.2423 18.1493 -0.574925
473 8.30865 52.2923 2.62815
474 75.915 67.1372 1.21028
475 13.0361 46.2696 2.61246
476 83.9109 86.2599 -1.37168
477 89.5993 7.45644 0.314856
478 52.0606 2.31972 -0.889484
479 78.0388 82.7259 -1.52816
480 36.0233 44.9362 2.36228
481 81.3724 64.6881 1.09227
482 81.604 77.8233 0.0209579
483 73.3891 46.4713 2.82418
484 74.0343 98.7855 -1.59381
485 90.7607 23.2482 -2.89206
486 71.4199 27.4581 -1.40012
487 68.075 35.9687 -1.01815
488 19.5258 7.71443 -0.77773
489 99.0191 49.9762 3.16109
490 41.6425 61.008 -1.12243
491 33.0543 88.597 -0.56882
492 31.4998 16.789 0.0825143
493 59.2703 11.7215 -1.62317
494 36.3148 86.3682 -0.500191
495 25.1187 1.73308 -1.01177
496 63.578 63.9131 -0.273821
497 73.5958 62.9575 1.26806
498 35.3755 16.6205 -0.0612777
499 27.9205 79.3559 -1.17641
