500
Particles
0 92.3831 82.6764 2.03984
1 27.7756 86.1004 1.96597
2 98.1017 16.6798 2.03067
3 59.7905 34.1272 1.54956
4 79.9888 95.5564 1.6091
5 90.0059 43.5367 1.57935
6 8.12405 8.16593 3.0721
7 79.7986 42.2089 1.94878
8 49.4951 1.40453 1.80972
9 43.0652 2.89416 2.15265
10 11.5893 87.5681 2.67862
11 96.769 9.62719 1.422
12 0.477131 15.2992 2.68624
13 89.8221 85.8032 2.15225
14 84.6574 99.5522 2.01877
15 92.1461 89.8719 1.86442
16 26.5772 97.535 2.20056
17 86.0987 13.1289 1.6226
18 79.8525 5.55602 1.63272
19 49.3043 24.2889 2.05088
20 60.1082 35.3501 1.66642
21 98.6228 0.554256 2.13717
22 12.7136 99.9983 3.08792
23 87.0837 92.1138 1.83957
24 67.1469 38.0562 1.28659
25 98.4018 89.9902 2.37438
26 88.5426 38.2874 1.77032
27 92.6366 7.13603 1.68027
28 99.5738 98.519 2.12567
29 9.50038 19.5447 2.54725
30 50.4932 41.7528 2.01641
31 6.04606 98.0605 2.6751
32 38.4491 29.1382 2.06026
33 69.4896 44.0623 1.87928
34 0.928119 88.826 2.95514
35 78.133 9.23319 1.40924
36 50.6638 48.5963 2.43422
37 15.4693 18.3711 2.48328
38 98.6345 94.7238 2.73004
39 86.0905 92.0493 1.96365
40 3.99218 88.5205 2.45826
41 85.1705 92.2662 1.66394
42 19.84 95.9089 2.84647
43 63.4948 35.1004 1.65105
44 29.0091 89.3955 2.07574
45 17.7538 92.2235 2.38384
46 3.47466 93.899 2.25849
47 88.294 32.861 1.16733
48 9.76665 93.2864 2.574
49 95.2431 79.2167 2.12457
50 89.1419 9.48198 1.18442
51 15.5083 2.168 2.24389
52 65.578 37.0528 2.13113
53 52.2248 49.0455 2.86925
54 86.4751 96.7011 1.59451
55 76.2191 30.6549 1.55392
56 88.578 98.6951 1.63982
57 9.9601 80.4759 2.2534
58 86.6771 1.83519 1.21974
59 97.828 90.811 1.85065
60 89.2237 6.54686 1.19778
61 9.76936 89.0634 2.18851
62 44.238 97.8776 1.16383
63 28.5044 79.9707 2.54765
64 98.2411 5.42232 2.08299
65 83.805 34.2466 1.56253
66 85.9986 10.2901 1.94588
67 87.824 9.98376 1.49365
68 85.5117 30.879 1.40621
69 14.7056 82.5747 2.14979
70 9.32764 13.0087 2.709
71 4.67024 93.5224 2.12484
72 86.1366 7.06596 1.22453
73 14.4659 15.0185 2.34683
74 8.00901 83.3277 2.42332
75 80.9604 39.5806 1.96631
76 11.6137 84.3178 2.63131
77 13.2518 12.1549 2.6063
78 6.27961 27.753 -0.600157
79 88.4087 4.08896 1.38788
80 8.53888 89.0384 2.02891
81 84.2536 8.67289 1.9316
82 63.5929 11.438 2.24593
83 73.2139 1.13167 1.11423
84 76.276 28.0964 1.61748
85 8.07912 90.2612 1.97737
86 8.32923 87.6814 2.35299
87 16.0006 11.8285 2.02242
88 77.655 29.733 0.911312
89 5.78406 82.9871 1.99004
90 66.0074 37.9832 1.96842
91 5.2195 98.6303 3.00754
92 13.6257 8.70318 2.68192
93 75.988 95.8656 1.36432
94 8.53066 90.126 1.95721
95 51.4327 26.204 1.93622
96 97.6158 4.28546 2.1022
97 10.9583 14.3389 2.53978
98 5.50427 83.7894 2.44393
99 12.6075 8.21323 2.20963
100 68.257 38.1111 1.8652
101 84.4943 6.51146 1.56748
102 13.1408 89.4147 2.61924
103 0.317817 85.9408 2.64952
104 10.9351 95.8844 2.44815
105 66.631 39.3772 1.41796
106 87.0614 96.6172 1.45135
107 93.8822 90.9118 2.34939
108 9.39043 97.7587 2.08127
109 92.3786 4.06492 1.68389
110 82.4954 40.9795 1.95688
111 16.6682 17.6467 2.25806
112 58.0265 33.2154 1.46003
113 8.80369 6.1525 2.83961
114 94.4004 7.4645 1.22027
115 4.48191 17.7677 2.62396
116 9.23803 80.141 1.82312
117 2.90031 96.2007 2.27211
118 51.7712 35.9262 1.2435
119 80.1141 98.8609 1.99361
120 95.7965 85.4162 1.69212
121 62.9359 71.6905 -0.431749
122 8.72004 92.745 1.92157
123 71.6069 95.9983 2.30391
124 95.3811 15.2977 1.54758
125 87.9017 27.3338 1.28775
126 23.878 6.08593 2.55425
127 85.2814 89.154 1.77108
128 68.4204 37.9263 1.43465
129 91.2551 8.3555 1.88404
130 99.1189 96.6929 1.68471
131 10.1804 86.982 2.10098
132 90.5004 28.5809 0.835058
133 89.1708 31.8133 1.01896
134 93.6253 76.5212 1.7366
135 14.2163 14.1009 2.40854
136 6.5933 81.0136 1.90465
137 98.2885 4.50412 2.1006
138 10.9377 90.63 2.66106
139 98.7539 86.0033 2.44211
140 14.4777 89.1613 1.90091
141 81.6069 30.3748 1.20525
142 76.9043 99.1846 1.5035
143 35.8997 5.58376 2.0939
144 98.0401 5.07223 1.90796
145 91.4307 10.9924 1.87855
146 94.9565 90.2631 1.83332
147 68.1081 44.1046 1.31689
148 15.1884 14.357 2.33643
149 81.7343 8.83441 1.18443
150 15.3965 91.5922 1.96689
151 42.9429 28.2342 2.49124
152 8.82036 83.7024 1.78569
153 10.3248 96.9988 2.51054
154 28.6852 100.093 2.59398
155 88.0703 33.84 1.61738
156 52.1936 1.14826 2.11396
157 33.7274 12.8625 1.75708
158 88.6993 39.6058 1.97992
159 35.9419 9.00807 2.50696
160 64.7381 45.7636 1.55078
161 36.926 10.1004 1.60895
162 82.9945 9.87445 1.56576
163 77.8359 27.2652 0.896919
164 85.5521 35.7456 1.23392
165 75.081 6.48976 1.68885
166 76.8302 28.7403 1.2995
167 18.2387 17.9055 1.98791
168 87.8195 5.62425 1.32752
169 84.6735 34.1934 1.44595
170 48.7637 61.3721 0.679592
171 6.6052 7.64654 3.30702
172 92.11 86.6376 2.28797
173 14.8109 87.8859 1.8648
174 87.1647 39.3375 1.50997
175 88.2537 25.5515 0.975467
176 5.72402 21.9977 2.87779
177 1.67517 85.6145 2.95975
178 66.2934 36.8229 1.94975
179 0.988264 99.6177 2.70865
180 7.61423 7.55505 3.23033
181 46.3526 5.65395 2.3723
182 91.7117 99.685 1.75732
183 90.4382 81.0173 2.19367
184 12.7457 7.39707 3.09272
185 86.1442 33.8053 1.90651
186 13.2211 95.6544 2.69099
187 54.4034 32.9002 1.56611
188 78.9262 89.054 1.13415
189 94.8546 12.3759 1.50408
190 88.7683 39.0414 1.77896
191 5.6024 15.6366 2.58291
192 4.38006 78.9318 1.87442
193 15.1103 5.21794 2.09039
194 6.12921 86.9453 1.91597
195 0.153048 3.39766 1.58401
196 97.0995 82.7494 2.00187
197 9.29904 87.4228 1.92765
198 10.8641 7.55529 2.53688
199 2.10013 47.5904 0.580945
200 14.5074 12.9991 2.02468
201 10.1696 16.6705 2.50651
202 65.1543 38.2889 1.5298
203 38.0475 10.5315 1.96499
204 89.6605 37.3995 1.39388
205 18.6355 17.493 2.4441
206 5.34671 88.349 2.10218
207 98.1214 91.8075 2.21378
208 72.5629 24.4815 -0.342658
209 51.2813 34.6161 1.41964
210 87.7456 7.74957 1.07696
211 9.96743 93.292 2.49415
212 89.9265 30.2862 1.32211
213 46.1415 27.5854 1.82964
214 75.5359 87.0313 1.28293
215 97.3878 96.1496 2.6595
216 20.3886 98.3927 2.83214
217 98.7712 1.69846 2.25175
218 90.0807 18.4793 1.32008
219 89.2987 14.1843 1.91573
220 14.4719 15.7772 2.887
221 17.9365 5.27764 2.13466
222 13.3731 16.1208 2.61033
223 71.6556 40.5213 1.30755
224 55.8855 34.473 1.89979
225 4.39155 18.2572 2.74504
226 31.7658 97.6541 2.96544
227 12.4146 96.3992 2.10302
228 10.2135 88.1934 1.81626
229 11.3613 88.6511 1.98292
230 88.112 88.119 1.5313
231 90.289 5.63151 1.80942
232 12.5279 4.93954 2.39495
233 4.72925 92.5516 2.81268
234 96.6025 84.4352 2.31256
235 87.326 96.4629 2.10739
236 26.6261 93.704 2.56045
237 98.2876 15.4138 1.52975
238 89.2123 98.2083 1.26347
239 76.3105 98.635 2.28013
240 97.1017 7.45824 1.6662
241 50.4554 99.9056 1.1109
242 17.7739 1.27765 2.60303
243 11.658 9.84593 2.99656
244 37.0324 10.4161 1.99971
245 15.3425 2.11246 2.37294
246 11.4348 91.2032 2.42959
247 87.3117 37.4049 1.89729
248 80.5148 98.8555 1.39386
249 6.9978 82.0761 2.45038
250 91.7481 6.9932 1.85352
251 92.296 13.2172 1.25001
252 78.4216 41.2431 1.53664
253 56.6433 36.1893 2.19689
254 9.30917 85.4173 1.71555
255 83.532 8.40813 1.41078
256 18.2912 99.9684 2.5554
257 8.88092 88.4223 2.66216
258 51.0736 4.60563 2.14714
259 89.199 97.7813 2.02857
260 91.1641 41.6534 1.68092
261 80.9905 0.543737 2.08624
262 17.4818 92.2328 3.14704
263 9.80749 2.64789 2.92192
264 64.8757 44.466 0.870239
265 8.36247 86.4231 1.90148
266 0.0648513 82.0376 2.11538
267 96.8363 6.76993 1.87348
268 97.8411 87.8904 1.76169
269 91.7217 8.57942 1.60839
270 90.0835 1.72857 1.45558
271 90.5452 100.333 1.45681
272 39.9222 25.5015 2.46681
273 0.464127 88.1363 2.22275
274 6.22145 96.5529 2.60642
275 9.87127 87.6185 2.36081
276 -0.260055 79.0739 2.47143
277 10.8958 6.86423 2.98375
278 21.8732 77.6262 2.7172
279 17.5127 1.75173 2.44593
280 90.7657 1.89511 1.11945
281 12.1543 94.0977 2.31569
282 85.3551 98.6247 1.96824
283 22.5884 18.6921 2.56233
284 18.2746 83.8797 2.71217
285 9.04947 10.9482 2.94783
286 80.9707 91.1442 1.13802
287 8.44055 90.5991 2.45348
288 54.7532 26.9058 1.6819
289 20.3296 86.5826 2.5089
290 4.94021 92.6363 2.59771
291 50.8022 96.3443 1.07462
292 87.0126 32.2071 1.57976
293 3.95856 95.1416 2.98277
294 91.8087 98.0823 1.72074
295 98.6867 1.01298 1.84648
296 17.5963 11.5682 2.27554
297 22.4014 95.3382 2.72434
298 54.7677 98.9329 1.93731
299 12.0486 17.3615 2.34264
300 4.32159 87.9657 2.33895
301 87.9067 8.26662 1.86034
302 94.9151 84.6965 1.62447
303 10.9996 91.9802 2.50312
304 27.5871 81.5658 2.61647
305 94.9381 12.5139 1.05778
306 61.8338 41.0438 1.0002
307 97.6484 12.3671 1.57443
308 82.2583 2.74336 1.84688
309 4.92946 96.8674 2.21913
310 65.2948 42.5663 1.73015
311 91.1944 94.0196 1.42134
312 13.0852 0.904447 2.20414
313 46.6992 28.2117 2.21933
314 87.2282 12.3263 1.63678
315 10.9662 94.9284 2.06594
316 11.5719 7.0678 2.77204
317 90.3365 3.59662 1.69406
318 3.18769 17.4473 3.31202
319 10.9777 16.1943 2.86542
320 12.4376 15.1418 2.56387
321 85.8397 11.7462 1.45009
322 16.4534 14.3035 2.95283
323 86.4815 3.71288 1.08834
324 27.4583 21.1764 2.318
325 20.5576 98.0423 2.42807
326 8.56529 85.7816 2.04271
327 5.87038 91.5945 1.99619
328 20.841 13.7777 2.87288
329 57.4385 29.9278 1.64758
330 46.9614 26.8288 2.14241
331 73.423 44.6044 2.1845
332 49.1913 28.0591 1.82847
333 12.7978 9.19665 2.50996
334 85.5077 94.2995 2.10462
335 6.1741 15.4454 2.93323
336 17.4976 16.6863 2.11771
337 79.9881 96.8967 1.67314
338 19.0366 97.27 2.66887
339 9.50005 90.6153 1.94374
340 91.0761 84.6877 2.52301
341 74.7072 2.16117 1.79025
342 85.1834 4.52798 1.89168
343 19.7927 99.6508 3.01977
344 13.4409 92.4907 2.27445
345 77.0152 34.46 1.43624
346 84.3415 92.5343 2.104
347 89.5659 42.6963 1.60131
348 78.0019 90.3153 1.43708
349 88.3378 36.8811 1.86339
350 14.6387 99.2882 2.53136
351 47.1252 1.43357 1.95093
352 29.3255 88.1495 2.51389
353 70.1422 39.3566 1.8975
354 3.94058 81.2485 2.64032
355 11.6816 84.0096 2.0729
356 17.2193 13.0063 2.80444
357 87.2512 35.4459 1.74704
358 91.1653 2.5873 1.15998
359 98.2111 89.2044 2.11617
360 84.9877 13.5623 1.36129
361 93.3772 77.9522 1.22192
362 98.5908 3.54558 1.7572
363 9.85421 88.8005 2.06831
364 69.8174 45.089 1.23022
365 9.69795 0.936727 2.79022
366 9.92156 9.0435 3.08561
367 15.6907 16.1093 2.34911
368 93.4794 88.2637 2.02392
369 49.5288 26.4928 2.64631
370 56.1224 37.5519 2.1687
371 83.609 7.62094 1.45328
372 94.8603 98.5792 1.71554
373 11.5478 12.3808 2.66322
374 92.6047 11.451 1.29768
375 13.5614 5.09271 2.54711
376 94.9988 2.03046 1.52133
377 40.8629 27.6755 2.05454
378 4.02808 94.2238 3.01663
379 14.2581 17.7249 2.83288
380 11.3041 88.6639 2.22724
381 9.71389 30.9972 -0.267634
382 98.7735 2.98492 1.44204
383 79.2957 32.0337 1.59033
384 12.0277 5.09473 2.34484
385 76.1177 42.6233 1.28793
386 52.3097 47.2349 2.67826
387 95.7227 78.534 2.01286
388 20.3838 93.74 2.37647
389 97.6361 89.0674 1.93504
390 73.8003 3.52037 1.38055
391 86.3572 2.15974 1.8748
392 96.7323 86.6977 1.83816
393 19.8041 0.580785 2.44875
394 97.8118 4.66722 1.88115
395 89.9422 3.25854 1.76042
396 88.0174 12.4214 1.28881
397 96.616 7.8812 1.61095
398 47.3211 26.2803 1.81172
399 51.3786 98.7912 2.04669
400 76.1992 97.4476 1.46658
401 49.8859 25.0473 2.59516
402 6.62756 83.4069 1.82662
403 98.9146 1.06602 1.4585
404 7.25587 91.506 2.19856
405 27.8261 86.5136 2.02364
406 88.067 84.8597 1.44507
407 5.98336 9.48791 2.58674
408 96.2127 94.9425 1.67391
409 22.1116 16.8433 2.55248
410 80.7371 99.8251 1.63292
411 95.5468 8.90928 2.11401
412 17.3596 87.872 2.23666
413 75.9333 99.6151 1.77269
414 18.4578 99.9753 2.95514
415 83.3581 32.9343 1.04376
416 13.2561 8.09417 2.94624
417 74.5746 97.3872 1.5529
418 88.4067 7.60324 1.66116
419 76.046 31.0137 1.36653
420 3.58691 93.2221 2.2137
421 85.7596 6.25516 1.50389
422 87.6985 100.444 1.67554
423 14.6225 13.7033 2.2008
424 86.4885 11.3265 1.83484
425 4.94886 2.14548 3.03999
426 25.5669 16.3314 2.52606
427 90.6434 11.3871 1.65391
428 8.99602 93.9039 1.95334
429 16.9544 95.1468 2.7545
430 33.6565 6.47573 1.82234
431 14.2906 5.32937 2.39036
432 84.2467 9.79901 1.77643
433 23.1284 16.2099 2.39984
434 5.04488 91.8905 2.68305
435 75.874 43.0013 1.87123
436 43.927 6.89295 1.87354
437 99.3258 85.5144 1.8502
438 8.20359 20.8978 2.46862
439 15.5952 17.4197 2.86727
440 13.6287 84.4498 2.58459
441 86.1018 86.122 1.78341
442 6.23563 13.1858 2.63671
443 5.15316 69.4573 -0.442952
444 13.2736 1.9252 2.82129
445 86.6033 41.6291 1.94077
446 81.9245 42.8821 2.40884
447 86.8443 90.7182 1.69718
448 95.0121 2.01803 1.39208
449 18.3286 85.8656 2.60332
450 81.7546 3.57159 1.22395
451 4.91371 84.6085 2.12546
452 91.7814 12.7492 1.3295
453 12.1417 86.392 2.51944
454 92.3017 9.39199 1.77065
455 80.2451 32.8214 1.44896
456 73.5227 95.7874 1.51927
457 88.6129 98.2885 1.7918
458 96.8898 97.5157 2.06099
459 87.5858 31.4865 1.39806
460 -0.0334016 87.2672 2.95089
461 63.3857 38.0293 1.60689
462 15.5992 1.16364 2.87988
463 91.9541 0.906427 1.58305
464 20.3123 6.76302 2.63611
465 82.9137 1.95233 1.55234
466 18.5719 96.5451 2.97079
467 17.0269 16.3011 2.69426
468 95.4371 87.2877 2.00454
469 48.3577 3.64718 1.66204
470 30.0052 85.7908 2.25541
471 7.94127 94.5631 2.13343
472 16.3452 2.70229 2.90053
473 11.9022 7.06908 2.66715
474 3.97987 44.1597 0.474226
475 89.3178 88.4941 1.45724
476 87.7582 36.0239 1.69074
477 9.31176 88.1845 2.21163
478 83.4621 23.8498 1.12974
479 74.4849 33.3657 1.75168
480 91.1671 93.0398 2.00127
481 19.7902 13.7319 2.68367
482 3.00719 79.9872 2.17958
483 78.7866 4.69016 1.24497
484 94.6801 90.9719 2.50797
485 90.4374 78.8792 1.85837
486 15.905 88.6615 2.64701
487 18.7666 97.2431 2.31846
488 49.9595 99.6358 1.88316
489 74.576 31.129 1.32315
490 81.832 40.3511 1.58887
491 9.79694 89.4845 2.09899
492 18.1098 7.29782 2.06567
493 11.446 96.8671 2.32267
494 7.5429 84.9316 2.21889
495 2.96439 94.8548 2.87526
496 97.4262 7.54827 2.00097
497 89.0323 7.50178 1.90333
498 21.0549 94.573 2.78486
499 93.9023 24.9665 0.309223
