500
Particles
0 48.4762 34.321 -1.74701
1 18.1296 23.9791 0.463818
2 13.7263 31.4511 0.0569798
3 71.7825 31.5919 -1.68365
4 18.5129 9.24744 0.180317
5 26.8086 38.9239 0.798862
6 26.3245 21.8222 0.753562
7 80.896 1.58265 -0.180629
8 63.6989 29.409 -1.7863
9 67.2954 35.5338 -1.97465
10 66.5516 19.7687 -1.90986
11 77.0495 91.8707 0.353645
12 74.8469 36.026 -1.68701
13 41.4032 99.051 -2.35954
14 20.9893 11.6511 0.7528
15 78.014 47.0566 -3.45537
16 72.2879 39.7322 -1.87113
17 43.8599 17.6996 -3.22948
18 21.0119 21.5922 0.402533
19 8.60797 0.0879327 0.170761
20 70.7167 30.6874 -1.71005
21 27.4241 20.3392 0.814602
22 53.8831 21.2584 -2.00983
23 45.8189 19.4945 -2.6398
24 13.7252 51.7363 -1.62734
25 24.1652 43.6926 1.27585
26 29.4615 38.6337 0.979828
27 82.4228 86.701 -0.271489
28 46.6827 36.6286 -2.06963
29 47.1128 18.6357 -2.2642
30 18.7594 33.8917 0.178168
31 2.58303 94.355 1.04068
32 67.437 26.2747 -1.84154
33 14.922 30.2508 0.652722
34 55.1814 25.2601 -2.51087
35 39.1352 36.6056 -2.82067
36 76.4429 93.7757 0.188569
37 26.7113 26.5895 0.446391
38 96.7535 44.5791 0.904813
39 16.3653 10.8908 0.3741
40 58.6253 18.6758 -2.09816
41 42.0111 99.4356 -2.64138
42 60.1599 35.7351 -2.03403
43 90.5484 63.6885 1.02402
44 18.4957 29.3368 0.601386
45 67.8213 39.9416 -2.09728
46 52.3599 37.7398 -2.12203
47 42.358 13.6203 -2.78455
48 58.2453 28.6766 -2.34301
49 26.5562 38.4767 1.74341
50 68.6458 32.1179 -2.06695
51 54.8803 40.7241 -1.79769
52 12.5997 49.633 -2.18647
53 77.1798 91.04 0.274817
54 47.0653 21.8217 -3.09052
55 36.9442 94.4528 -2.82562
56 48.7809 27.0134 -2.89834
57 39.2115 54.8359 -0.602359
58 44.7909 23.3925 -3.09267
59 26.2313 41.5551 1.02255
60 23.4374 29.3157 0.347896
61 59.8773 31.7434 -1.72689
62 41.1256 40.4018 -2.64362
63 17.1459 20.0736 0.583158
64 22.1367 27.0694 0.677359
65 32 6.65489 -1.64724
66 25.3306 32.4792 0.148013
67 34.3789 32.6793 2.38922
68 32.0616 0.384467 -2.38344
69 44.7469 44.9311 -2.73073
70 26.6351 24.2926 0.665546
71 30.8325 44.1785 2.30955
72 21.1745 29.4507 0.515946
73 39.8486 26.2697 -3.01634
74 32.7622 37.8418 1.407
75 56.1687 85.0542 -1.08614
76 41.5088 45.3095 -2.81347
77 23.4012 24.4961 0.194305
78 18.8866 33.8068 0.919911
79 24.3914 18.2988 0.725896
80 40.3907 46.4443 -2.07569
81 23.5721 32.5474 0.597161
82 27.3301 96.1439 -2.7918
83 24.3856 15.1061 -0.0871072
84 26.7679 51.6292 2.3754
85 35.1374 41.4132 1.94756
86 37.2408 56.8011 -1.32904
87 30.9986 97.684 -3.31256
88 7.94867 86.8384 -2.53215
89 30.0514 39.0174 1.31862
90 56.0071 81.9042 -1.39676
91 2.04132 93.2864 0.477283
92 32.7982 94.7454 -3.11145
93 45.3897 22.7262 -2.32392
94 60.7755 25.0122 -2.74137
95 44.7875 38.0192 -1.53203
96 22.6008 24.8631 0.182644
97 27.1962 28.3623 0.338483
98 30.7284 39.0875 1.54188
99 70.4055 24.6205 -2.18826
100 14.0618 48.859 -2.0688
101 19.4816 23.2641 0.882558
102 64.0987 30.92 -2.045
103 32.1463 42.7426 2.16693
104 55.8478 34.3527 -2.21046
105 56.161 80.8763 -1.30963
106 48.4975 27.6946 -2.2914
107 44.2125 31.3596 -2.60087
108 57.6263 39.2216 -1.91664
109 49.6387 30.5359 -2.53406
110 75.6762 29.8506 -2.59855
111 27.0355 26.7077 0.40768
112 67.5082 31.0601 -2.4537
113 39.1824 22.4021 -3.07283
114 80.8741 54.4789 3.36274
115 35.7802 31.0351 2.3902
116 22.8523 34.8853 0.412197
117 27.7108 46.3708 1.92164
118 72.4941 34.9509 -1.91972
119 45.2934 22.2657 -2.63211
120 28.8045 44.0961 1.26955
121 66.9148 27.8472 -2.08316
122 59.6869 26.2982 -1.93453
123 18.3437 21.8675 0.903851
124 37.3645 0.125988 -1.89438
125 34.0135 4.48169 -2.36753
126 89.9883 91.2885 1.4934
127 36.5358 0.201325 -1.60468
128 14.2433 52.3168 -1.67824
129 49.8526 35.068 -2.3917
130 48.1993 42.5906 -1.58757
131 66.3048 18.6439 -2.41833
132 66.6661 81.7594 -1.05436
133 64.2931 84.3856 -0.669572
134 28.1814 37.788 1.10673
135 28.6057 25.4123 1.02484
136 33.1909 36.3098 1.37721
137 28.3588 25.528 0.829793
138 61.035 26.5896 -2.38665
139 35.6208 46.7042 2.78228
140 63.4168 32.711 -1.90479
141 32.1969 6.74828 -2.55536
142 25.343 14.2006 0.677505
143 69.7468 39.3443 -1.92295
144 26.8424 28.1739 0.676847
145 42.8234 27.4568 -2.58011
146 49.5282 40.3552 -2.08408
147 11.8635 29.7788 1.03772
148 47.2311 40.7283 -1.92476
149 25.5887 32.3709 0.710048
150 59.5403 34.7017 -1.57051
151 42.4806 39.0518 -1.68984
152 32.9666 38.7349 2.12578
153 56.7489 35.2836 -2.02898
154 70.1731 40.4724 -2.29125
155 65.912 85.7712 -1.24578
156 66.2161 31.2565 -1.8574
157 61.6294 42.5519 -2.17434
158 29.1623 40.0119 1.98139
159 74.4699 44.669 -2.47716
160 17.8459 33.1349 0.907717
161 96.6388 92.5398 1.56783
162 68.7453 34.1757 -1.50888
163 34.0889 98.8121 -2.32751
164 35.3345 78.0512 -0.536144
165 38.7197 35.222 -2.94583
166 30.7818 2.77852 -1.60771
167 30.6778 27.6601 1.12746
168 20.7559 21.6942 0.238069
169 12.4975 44.4157 -1.56724
170 12.4797 27.8357 1.00887
171 25.5033 21.5558 0.182467
172 41.3025 27.1653 -2.82107
173 64.7464 33.1659 -2.40097
174 25.6038 37.8034 0.695581
175 96.6783 96.2338 0.924477
176 76.249 48.3549 -2.48027
177 32.7619 44.267 1.88351
178 11.4212 45.9307 -2.21166
179 46.465 36.5399 -1.54102
180 38.5444 22.8129 3.05389
181 68.0113 35.8324 -1.70638
182 47.9179 27.0893 -2.89754
183 77.5924 27.1525 -3.15793
184 23.3324 46.5511 0.953055
185 62.1972 87.7577 -1.28435
186 60.4021 25.0567 -1.94691
187 68.1533 30.7057 -1.81618
188 18.074 16.3855 0.468735
189 20.5232 34.0888 0.367776
190 21.8387 37.4983 0.5028
191 26.8129 29.8643 0.717092
192 36.2382 40.4178 2.09113
193 55.9239 30.3988 -1.80399
194 32.5569 38.7683 1.66994
195 23.8493 23.0079 0.848965
196 28.3639 38.7716 1.15475
197 37.8424 57.2179 -1.24344
198 29.8391 93.4565 -3.3297
199 29.4123 38.9518 1.45534
200 28.8817 22.9324 0.16087
201 13.1838 9.52721 0.976154
202 11.1654 50.7094 -1.61907
203 61.8596 49.2877 -2.05932
204 25.5526 37.5691 1.13729
205 42.1747 27.4494 -3.07297
206 35.9162 53.1901 -0.607808
207 26.6091 44.0695 1.52602
208 24.0715 46.616 1.13522
209 72.4218 32.7229 -2.40941
210 22.7654 25.0926 0.145444
211 59.0398 21.3057 -2.31876
212 66.5765 83.9708 -0.610192
213 45.9055 44.887 -2.4706
214 20.9639 17.3298 0.813633
215 41.0645 24.9495 -2.56813
216 67.1037 43.0819 -1.89808
217 27.0215 20.8215 1.05093
218 60.6676 45.0358 -1.64769
219 46.9439 17.1711 -3.21252
220 33.9114 24.812 2.02377
221 60.2996 42.9002 -1.92644
222 24.4968 27.2626 0.533412
223 57.4984 86.8379 -1.72789
224 71.3945 29.5361 -1.64198
225 78.6869 92.0127 -0.113648
226 64.1598 36.9387 -1.78058
227 60.1432 29.5762 -2.06956
228 39.1288 58.7887 -0.588166
229 60.8892 38.5678 -2.43834
230 40.7639 98.0831 -2.10871
231 22.1915 27.9192 0.723645
232 -0.00395918 92.7752 1.59877
233 29.9079 44.2499 2.0827
234 27.9304 40.2348 1.33165
235 49.3462 25.721 -2.86248
236 64.037 31.9914 -1.62974
237 21.5877 32.9213 0.86512
238 48.0001 22.4926 -3.02108
239 19.6903 13.1713 0.357899
240 74.2266 35.6725 -1.87771
241 22.0821 31.4077 0.779229
242 57.6128 40.8126 -2.05261
243 27.4618 23.8472 0.679216
244 93.1415 89.2292 1.16915
245 58.2997 40.4927 -2.09392
246 63.8683 23.1375 -2.27841
247 37.8122 2.04033 -2.04772
248 21.3769 14.9418 0.160367
249 24.1025 35.325 1.14452
250 78.046 84.258 -0.266393
251 16.6594 33.7946 0.628146
252 81.0598 1.12842 -0.364078
253 61.1755 96.0826 0.344805
254 65.5085 19.2863 -2.69747
255 24.7838 33.3149 0.663345
256 59.5063 39.1828 -1.582
257 63.147 24.5706 -2.15662
258 67.3911 31.8477 -1.84719
259 49.9175 27.2306 -2.57434
260 28.8936 37.5124 0.916033
261 39.5841 17.1997 -3.37875
262 67.4625 36.65 -1.80687
263 31.0167 50.2048 1.73955
264 16.0939 30.3149 0.662509
265 34.2282 41.0342 1.56855
266 35.9367 42.8362 2.88197
267 20.6975 27.5623 0.473381
268 49.4293 15.3909 -2.73524
269 77.129 86.8062 -0.303198
270 44.7762 24.2067 -2.89395
271 49.3067 28.4165 -2.83538
272 41.3232 57.6385 -0.890589
273 27.4196 40.8202 1.19533
274 32.5536 46.964 1.76153
275 59.5579 33.6816 -1.52601
276 31.025 37.92 1.47092
277 39.4606 26.5222 -3.41376
278 15.5314 24.4766 0.333762
279 59.1675 42.8459 -1.95336
280 25.9947 12.1211 0.632344
281 62.0262 27.9 -2.2671
282 46.197 21.9744 -2.73557
283 29.9267 32.0482 0.560838
284 22.3711 33.0208 0.532578
285 25.0888 25.7734 0.868604
286 37.4283 0.947078 -1.69898
287 60.8457 23.6287 -2.39556
288 72.0176 28.6152 -2.00622
289 18.1021 29.2969 0.627363
290 54.2711 31.7559 -2.27509
291 19.0001 25.5498 0.409025
292 91.3848 65.026 1.69346
293 31.3259 47.5117 1.85293
294 48.2246 21.4011 -2.1399
295 82.3323 4.19926 -0.0537765
296 24.4632 46.7151 1.3508
297 67.2499 35.0498 -1.6565
298 19.6169 26.9578 0.0946265
299 29.9138 27.3774 0.774578
300 33.0556 42.7894 1.48249
301 24.8116 30.8295 0.0793668
302 0.247778 44.2822 1.31552
303 60.0191 28.0679 -2.12816
304 17.5887 21.4972 0.969685
305 21.2179 35.446 1.02013
306 77.2762 94.7745 -0.378945
307 18.6636 31.7324 0.202667
308 41.2568 19.647 -2.60234
309 33.8684 46.1338 2.69272
310 79.8998 89.3691 -0.550288
311 44.5589 97.7326 -2.29761
312 56.3032 41.844 -1.55097
313 41.4331 38.7742 -2.41239
314 71.9984 45.2148 -2.75647
315 58.7048 31.3771 -2.00495
316 28.0191 24.2894 0.561561
317 25.652 17.5407 0.797827
318 73.6497 36.8036 -1.59305
319 25.0452 28.8492 0.708224
320 25.5861 27.1586 0.0171851
321 46.0964 16.9736 -3.00482
322 26.3539 25.5248 0.743558
323 23.5598 18.2514 0.30253
324 20.6947 32.8446 0.532555
325 62.2569 38.2544 -2.05848
326 64.0363 21.1111 -2.02408
327 36.2137 44.2636 2.9309
328 22.5609 48.5517 1.12065
329 69.4288 27.4156 -2.00892
330 44.9136 40.293 -2.48965
331 66.9026 83.4622 -0.719343
332 68.4616 27.1678 -2.26479
333 26.6624 93.969 -3.54834
334 16.5343 11.2336 0.339008
335 26.3924 29.14 0.718924
336 32.4085 24.2839 1.42803
337 19.8783 12.073 0.268835
338 61.2953 36.7235 -2.03624
339 62.1073 22.0855 -2.71551
340 21.6704 22.8943 0.071509
341 18.9433 15.9903 -0.11381
342 20.756 22.9123 0.504419
343 63.4192 42.2866 -1.87533
344 62.1381 28.9847 -1.71638
345 91.814 62.033 0.966038
346 41.4604 0.721765 -1.88434
347 30.5713 38.8429 1.77556
348 20.5196 15.9869 0.662758
349 20.0059 36.1297 0.978341
350 58.56 38.5048 -2.30831
351 66.0405 32.068 -1.67921
352 16.0822 26.9855 0.791817
353 57.3886 84.2946 -1.50833
354 32.2339 40.2071 1.70556
355 65.8439 22.41 -1.94045
356 70.5612 25.399 -2.41461
357 71.6523 85.0375 -0.93982
358 42.0321 21.686 -3.08045
359 28.0511 45.0749 1.24352
360 70.6914 44.5726 -2.57497
361 24.6333 39.0049 1.25063
362 24.2748 23.6299 0.212155
363 39.9235 52.9137 -1.44433
364 15.7141 30.4005 0.92321
365 52.5687 37.275 -2.28395
366 29.8308 22.5849 0.199841
367 44.9206 30.9892 -2.58399
368 48.6501 39.1689 -1.49975
369 92.9482 60.3736 1.46123
370 76.4382 38.052 -1.74002
371 26.08 32.8656 0.446807
372 48.9178 21.8165 -2.64169
373 37.9856 23.4826 2.89278
374 17.4977 32.3552 0.165189
375 51.4819 36.267 -2.03993
376 49.2072 29.5999 -2.18175
377 33.8192 29.6769 1.35523
378 54.8392 39.6442 -1.92919
379 34.3619 26.9177 2.10913
380 62.3654 35.4154 -1.66414
381 32.2672 37.76 1.98854
382 24.495 21.7961 0.298096
383 14.6204 46.8236 -2.08363
384 28.289 48.5476 1.37429
385 81.8802 90.3347 -0.0101388
386 75.367 94.8691 -0.400435
387 33.4729 42.328 1.61799
388 65.575 37.5366 -2.47747
389 26.4247 41.2006 1.50562
390 18.6627 26.1969 0.230213
391 43.6201 20.8038 -2.51679
392 91.9952 48.7495 2.02989
393 61.3818 40.4718 -2.10946
394 26.5384 23.2622 0.268996
395 40.2503 20.1593 -2.99848
396 45.1742 17.1122 -2.70924
397 29.0591 32.4407 0.236967
398 69.4802 19.9743 -1.85475
399 34.34 31.8462 1.80832
400 22.6541 11.3272 0.673078
401 32.7653 -0.279056 -1.74133
402 40.5826 50.4215 -1.59209
403 23.7301 20.6745 0.609767
404 35.749 53.1369 -1.01469
405 15.1671 25.4202 0.904604
406 38.5571 98.7538 -2.83753
407 25.7793 23.0173 0.810613
408 36.2728 21.9362 2.42607
409 31.6669 25.0705 0.45337
410 20.7572 12.2757 0.405381
411 81.6885 53.2345 3.42292
412 41.9964 48.6979 -2.12475
413 41.3525 17.9362 -3.13443
414 60.1127 37.7729 -2.33249
415 91.0959 65.013 1.4096
416 22.8935 44.5834 1.92885
417 25.229 13.3506 0.0388109
418 23.6633 25.916 0.180932
419 14.7474 5.16742 0.153589
420 29.3354 44.5601 1.42667
421 18.9754 23.3415 0.0057757
422 46.5888 25.3427 -2.53667
423 34.5322 22.2976 2.47634
424 75.9137 48.1727 -2.90645
425 26.8693 20.7374 0.146765
426 36.7246 28.9195 2.65921
427 16.7074 33.4221 0.285951
428 56.4413 37.8017 -2.11771
429 62.2031 37.3378 -2.34244
430 94.7168 91.5554 1.31353
431 54.0616 37.3939 -2.01946
432 65.7506 30.7524 -2.45689
433 37.581 30.481 2.96893
434 57.9766 22.1219 -2.59709
435 12.3648 28.8866 1.04205
436 68.6873 36.8577 -1.90515
437 30.4285 43.1464 1.45004
438 14.5764 9.42223 0.930094
439 39.6345 28.1108 -3.11986
440 33.5301 34.7444 1.15394
441 34.1111 80.8621 -0.106876
442 24.3632 25.218 0.0101225
443 31.6707 41.2513 1.13835
444 58.2444 38.4167 -1.47634
445 21.4436 37.0644 1.09095
446 40.9802 96.7943 -2.59188
447 40.4727 1.87468 -1.93564
448 79.8307 49.5033 -3.43138
449 23.4526 33.0452 0.867146
450 22.7987 17.4196 0.864745
451 40.6935 46.1225 -2.3799
452 21.1098 33.908 0.782807
453 64.3566 34.2362 -2.24102
454 44.3712 26.7926 -2.78021
455 25.5197 4.07673 -1.97464
456 18.2389 11.9941 0.283265
457 48.8173 23.3379 -2.871
458 70.6464 34.9669 -1.77343
459 33.478 11.2087 -2.44954
460 27.4742 38.5542 1.66422
461 57.3464 81.7081 -1.39699
462 58.6195 40.3887 -2.02189
463 49.5151 30.1407 -1.96365
464 61.553 45.0411 -2.30942
465 42.8267 22.134 -3.03002
466 62.9751 40.0355 -1.94631
467 27.3293 25.6669 0.270446
468 25.2901 42.0509 1.63002
469 64.9493 35.2348 -2.04209
470 18.6604 22.6863 0.0644528
471 58.3536 40.7067 -1.5273
472 56.9093 42.0405 -2.22302
473 38.471 24.5359 3.20914
474 78.0241 47.4159 -3.01261
475 40.6048 -0.484261 -1.6444
476 65.2839 84.4906 -1.31612
477 37.168 56.3276 -1.30622
478 99.7049 95.4221 1.29481
479 93.3482 62.8917 1.77658
480 48.4857 21.6605 -2.2325
481 24.622 45.3677 1.55118
482 31.5517 38.2994 1.99045
483 22.9071 19.6454 0.297826
484 97.8588 47.193 1.12152
485 99.625 43.5178 1.19125
486 63.6297 33.9329 -2.40986
487 68.5462 42.3291 -1.98834
488 36.3316 35.1372 1.81682
489 29.5495 3.15881 -2.27062
490 82.3282 3.72055 -0.245651
491 62.9138 25.5521 -2.01093
492 58.1703 38.779 -1.46706
493 58.4789 26.775 -2.13534
494 63.1165 22.9363 -2.07041
495 30.665 45.5486 2.03064
496 24.9237 30.1508 0.172083
497 77.0629 44.3459 -3.38382
498 63.1023 37.7415 -1.49452
499 33.7403 8.9417 -1.67771
