500
Particles
0 55.4064 87.3256 -1.87604
1 78.2504 88.8584 0.487474
2 73.5711 95.7657 0.405792
3 11.6998 38.0502 2.22905
4 74.3727 79.9189 0.546439
5 95.5823 95.7806 1.3553
6 86.8137 87.7512 0.987783
7 36.8322 18.511 -1.13264
8 63.6871 82.8779 -1.39828
9 64.013 88.8087 -1.04149
10 89.1088 4.19876 1.14558
11 25.4442 91.3359 0.525972
12 86.8071 99.6516 0.653474
13 80.1779 31.758 -2.34423
14 78.1924 80.3704 0.442872
15 98.3425 3.30074 0.984511
16 17.6611 39.3233 2.20878
17 94.5831 24.9716 -2.29484
18 79.9588 87.6513 0.998353
19 72.1454 71.0132 1.60462
20 8.74681 39.7874 2.66047
21 91.6253 83.5946 0.788007
22 83.9418 2.08431 1.32928
23 96.6769 28.5272 -2.68588
24 33.853 73.9294 -0.558195
25 97.1284 99.3527 1.01598
26 9.37051 99.2354 0.576634
27 39.3536 16.396 -1.02514
28 51.6464 90.1786 -1.69377
29 98.3289 27.5943 -2.82759
30 80.6423 97.0287 0.611944
31 67.7003 64.7817 -0.228639
32 6.52486 39.1564 2.10812
33 76.004 93.0986 0.239478
34 100.398 39.8811 -0.360419
35 50.907 85.8331 -2.04083
36 26.2786 96.3363 0.561252
37 86.671 91.6985 0.376461
38 75.1862 96.4336 0.784719
39 73.4424 80.6006 0.405873
40 76.5654 99.8623 1.06354
41 79.936 35.0044 -2.19999
42 63.1076 89.6293 -0.991303
43 97.0302 10.2637 0.728503
44 79.3044 92.9203 1.13098
45 66.0056 92.6711 -1.29451
46 56.5903 91.4031 -1.7485
47 82.2666 13.5604 -2.64825
48 61.1255 80.8661 -1.71271
49 95.0782 94.6745 1.11142
50 68.3266 83.647 -1.66306
51 57.2969 93.7074 -1.07656
52 78.4353 75.3868 0.546147
53 26.457 91.5891 0.343525
54 90.3781 8.98852 1.31611
55 44.6962 20.3744 -0.550257
56 98.1676 38.2772 -2.29021
57 23.4731 15.8675 1.31009
58 95.5202 33.6154 -2.74322
59 95.94 98.0461 1.20641
60 85.7821 91.6455 0.914903
61 60.1414 85.2597 -1.5687
62 52.5816 92.6389 -1.72774
63 75.3692 87.1348 0.971311
64 82.3754 91.8566 0.949975
65 63.4282 48.5857 -2.49302
66 85.2749 97.1241 0.507286
67 41.2688 77.9784 -1.59367
68 62.3976 43.6169 -2.10536
69 55.6623 96.3212 -1.47285
70 88.4206 88.0863 1.17833
71 50.6876 50.1198 -0.530086
72 82.3582 92.6539 1.13643
73 50.2553 71.3634 -2.09106
74 57.5303 32.2262 -3.10153
75 45.5945 15.8875 0.239595
76 52.8005 96.9338 -1.33022
77 82.5243 90.2933 1.0619
78 81.8029 94.9069 0.383632
79 84.467 85.0982 1.38726
80 54.2226 97.7184 -1.18987
81 86.1249 94.1326 1.1153
82 4.21961 64.5092 1.22043
83 81.7854 84.8246 0.756592
84 100.124 27.899 -0.439924
85 29.7541 81.5423 0.615905
86 48.9598 4.78294 -1.23246
87 61.9007 33.193 -2.27506
88 80.0267 78.7828 1.04585
89 9.11422 98.9132 0.848498
90 13.176 96.8617 0.356705
91 67.2069 63.7326 -0.409113
92 42.8519 18.8479 -0.38165
93 94.9514 34.1933 -2.72427
94 56.782 59.4425 0.216859
95 53.4733 90.7782 -1.40637
96 85.6453 87.4813 1.36953
97 89.0446 91.4242 0.460295
98 13.142 98.3248 0.911962
99 10.9537 34.4833 2.57645
100 78.2525 72.1795 1.17209
101 82.1261 85.6524 0.701526
102 63.2185 83.5462 -1.56774
103 30.6938 64.5336 -0.796898
104 58.1295 87.8166 -1.30543
105 13.4589 96.8231 0.50556
106 97.4247 41.3911 -2.58416
107 54.0774 75.6146 -1.14389
108 59.6534 92.3399 -1.77418
109 57.1509 79.0314 -1.71858
110 78.9085 98.8731 0.613924
111 87.1469 91.1301 0.911692
112 67.067 82.9913 -1.24684
113 90.2562 29.8801 -3.05736
114 95.7023 6.76515 1.67613
115 42.8885 76.5219 -1.47001
116 87.678 94.9684 0.782244
117 0.552544 6.21181 1.66384
118 15.8678 38.4436 2.51519
119 94.3422 34.132 -2.531
120 1.55543 2.15381 1.31613
121 66.6633 57.7684 -0.578118
122 56.4836 60.5779 -0.177455
123 79.8161 86.1998 1.28286
124 66.9654 43.5252 -2.05399
125 61.6264 48.5676 -1.8615
126 59.5635 67.7419 -0.751725
127 65.5695 44.6183 -1.65792
128 33.328 74.3601 -0.626064
129 58.2151 87.5827 -1.04786
130 55.5127 94.5765 -0.953907
131 87.1459 1.46108 1.45188
132 21.6088 92.1493 0.329476
133 19.7057 95.9992 0.577995
134 95.7793 94.8325 1.20358
135 89.9285 88.641 1.28832
136 20.8159 3.61008 -0.274252
137 90.9935 89.4626 0.697048
138 56.2259 64.9712 -0.671422
139 48.9774 96.0484 -1.02009
140 62.4277 85.666 -1.9714
141 61.0454 49.6563 -2.46618
142 84.2784 81.8996 1.13547
143 68.1696 92.4489 -1.19753
144 86.8403 93.075 0.568011
145 53.6055 73.8982 -1.72764
146 55.0375 93.4884 -1.65287
147 73.6337 92.7319 0.390721
148 55.9763 93.3328 -1.62314
149 87.3658 95.4325 0.870697
150 60.5527 88.5578 -1.41088
151 51.9758 90.8746 -1.5363
152 57.1127 50.6358 -2.45747
153 56.8338 88.7281 -1.49226
154 68.9758 92.1319 -1.07057
155 22.1144 99.6217 0.394807
156 64.7164 84.2344 -1.71886
157 65.7538 95.5391 -0.855717
158 1.92692 97.3011 0.969456
159 92.1082 4.30763 1.22459
160 80.0618 95.3799 1.13759
161 65.5543 62.2025 -0.467656
162 67.8173 86.5068 -1.09154
163 66.5257 39.9394 -2.20067
164 82.8792 72.9722 0.782089
165 49.1601 84.4145 -2.14566
166 61.6386 44.5829 -2.01294
167 94.5936 88.3679 0.96608
168 79.5435 88.6473 0.72464
169 0.508542 13.3884 2.5247
170 73.979 90.9443 0.668243
171 85.8979 87.0829 0.835204
172 48.5215 75.3142 -1.60607
173 62.5038 86.0842 -1.54782
174 92.1239 96.4561 1.10798
175 63.4603 66.1605 -0.676595
176 93.4387 4.44169 1.63405
177 29.3644 83.0852 0.111962
178 -0.287704 33.7582 -2.36747
179 52.7917 89.0022 -1.58946
180 89.1834 32.2862 -2.13583
181 67.4466 88.4279 -1.15697
182 97.2735 39.6484 -2.67145
183 64.7515 2.34964 -0.651147
184 96.7999 2.6527 1.13166
185 82.3508 21.84 -2.52459
186 55.1452 60.8021 0.351655
187 64.6186 83.7635 -1.93932
188 75.6879 84.7875 1.02175
189 82.0908 96.3695 0.709643
190 86.0216 97.881 0.624247
191 88.7363 93.1047 0.509035
192 31.8367 80.8788 -0.0694155
193 59.3394 82.5795 -1.59188
194 19.3002 2.81366 0.153929
195 83.1605 89.0129 1.20389
196 98.0625 95.3507 1.38933
197 50.7786 4.85905 -0.523189
198 6.24266 60.4848 1.49423
199 98.6526 97.1444 1.66255
200 92.1745 85.4133 0.642112
201 71.7953 77.8935 1.30293
202 76.3709 74.8515 0.789041
203 59.2183 0.901483 -0.496118
204 91.5249 95.9551 0.758025
205 53.4379 74.1522 -1.8705
206 14.5298 20.4443 -0.0960695
207 98.5084 2.28764 0.936631
208 97.7618 4.44462 0.894857
209 89.7142 1.37195 1.08676
210 83.219 89.6836 0.943269
211 86.0882 2.03427 1.68277
212 20.2106 94.5185 -0.0445089
213 55.8496 96.4211 -1.04459
214 79.4458 84.1148 1.18825
215 85.0537 41.069 -2.00626
216 67.5236 96.5078 -1.5099
217 89.5776 85.1805 0.819501
218 63.897 98.2026 -1.49607
219 85.9157 15.6011 -2.07736
220 99.5489 91.1061 1.37853
221 63.2204 96.1516 -0.850668
222 86.1421 90.8948 1.15196
223 78.8538 19.9684 -2.56004
224 12.2636 35.4672 2.35454
225 33.2121 15.3146 -1.73222
226 63.6085 89.7508 -1.36853
227 63.7455 81.5817 -1.82771
228 53.4971 5.58029 -0.525833
229 63.8973 91.5632 -1.73464
230 71.8259 40.6043 -1.57581
231 83.1035 91.7608 0.435075
232 68.104 61.12 -0.705244
233 26.0331 62.1826 -1.43971
234 97.387 98.0997 1.0089
235 96.9392 38.3928 -2.39775
236 64.1403 85.4043 -1.30695
237 83.3473 95.2378 0.693841
238 98.4171 34.1109 -2.82542
239 75.1901 83.6513 0.537224
240 86.7625 100.219 1.36874
241 82.0441 95.8888 0.76466
242 59.2575 94.1589 -0.945729
243 91.1118 86.9141 0.89915
244 62.8862 62.4031 -0.512186
245 59.4368 93.8742 -1.5223
246 60.6413 56.3527 -0.644653
247 69.168 44.1852 -2.07854
248 79.9086 82.3078 1.10479
249 88.7766 95.0828 1.27901
250 43.0019 12.7923 0.755266
251 78.5222 96.2708 1.09275
252 36.5941 19.9005 -1.53676
253 84.8791 21.0682 -2.33599
254 83.4558 1.48118 1.30602
255 87.7349 95.1722 0.675836
256 62.0019 93.0582 -1.21572
257 59.4127 59.7313 0.190208
258 67.2756 84.8426 -1.73477
259 98.8896 42.4575 -2.48358
260 97.6751 94.8504 1.78615
261 90.3407 24.6282 -2.5084
262 66.8794 89.5318 -1.15283
263 24.7124 84.0542 0.602888
264 77.812 92.8427 0.37453
265 29.1788 60.8419 -1.5245
266 40.4726 87.3319 -2.32871
267 80.5782 91.9207 0.672823
268 79.4279 1.27258 1.54107
269 26.8491 88.588 0.340431
270 95.2285 35.7636 -2.39577
271 97.9659 38.6207 -2.70384
272 53.8466 5.35003 -1.34466
273 97.5587 97.3568 1.37308
274 25.5624 84.1416 0.744857
275 60.1451 86.7059 -1.46589
276 15.608 97.97 0.818696
277 50.0484 74.1491 -1.82639
278 75.3862 89.2106 0.91722
279 63.1373 96.0188 -1.5204
280 82.0427 81.8406 1.37446
281 58.3007 68.0528 -0.945151
282 96.0232 28.9996 -2.90465
283 94.7671 91.8727 1.39493
284 84.188 95.8889 0.469132
285 87.0585 87.7523 1.2749
286 68.9093 43.3488 -2.40008
287 58.5749 57.4824 -0.37287
288 12.312 35.7868 2.71407
289 77.6802 94.0724 0.967051
290 59.5848 84.0507 -1.66025
291 78.3898 90.8383 0.535224
292 -0.0735239 12.797 2.58349
293 26.2924 84.2161 0.102204
294 92.8145 10.0441 1.73814
295 37.9387 21.8133 -1.26805
296 97.8688 3.90672 1.25087
297 65.6351 88.2468 -1.44652
298 79.182 91.8017 0.805582
299 92.2525 90.4793 0.469397
300 26.9043 79.8802 -0.074581
301 85.6624 93.8957 0.74033
302 75.1857 97.4013 0.66764
303 64.883 78.939 -2.01677
304 77.8617 86.7706 0.931691
305 84.451 96.2834 0.844269
306 27.7405 0.588705 0.319508
307 81.0972 93.2531 0.404629
308 91.3979 29.5899 -2.55225
309 37.8677 89.6516 -1.66449
310 36.5215 13.1566 -0.914393
311 80.3105 15.3049 -2.93617
312 57.8075 94.3717 -1.85582
313 49.617 90.7677 -1.18693
314 20.073 38.5849 2.44544
315 61.4156 84.3892 -1.42902
316 90.9986 87.0933 1.29548
317 84.0172 84.5148 0.893298
318 92.0415 1.64836 1.87902
319 88.3942 90.8499 1.14943
320 84.7502 93.1361 1.08727
321 83.456 13.4236 -2.15128
322 87.1114 90.2177 0.908615
323 83.3597 85.1165 1.14259
324 80.5406 96.8775 0.797643
325 64.4096 92.0072 -1.08356
326 8.83266 33.5153 2.64129
327 47.8143 94.091 -1.68706
328 97.8261 4.9032 1.12626
329 8.56231 38.4352 2.5
330 53.776 92.2959 -1.47306
331 20.9635 91.0789 -0.227669
332 8.94041 39.5247 2.29674
333 2.43041 59.9793 1.55391
334 73.8646 80.3408 0.874572
335 88.7715 91.7583 0.430447
336 95.771 87.4301 0.561558
337 76.9895 81.634 0.801199
338 63.7897 90.1276 -1.13566
339 7.54909 34.5537 3.0287
340 82.0791 88.702 0.798033
341 74.6061 86.7183 0.563674
342 80.6583 88.6707 1.30171
343 63.3995 94.9165 -0.892521
344 66.9594 81.2673 -1.2326
345 95.9324 9.22965 1.65286
346 82.0548 33.9569 -2.02406
347 14.7401 99.04 0.938257
348 78.2443 84.5074 1.26083
349 84.4977 96.7464 0.481887
350 60.3087 92.1697 -1.32807
351 65.1895 85.4987 -1.43493
352 78.0971 90.2343 0.340443
353 58.8745 29.2476 -3.42007
354 56.1946 47.5145 -2.27047
355 89.6362 4.80988 0.951373
356 9.75991 37.4366 2.5697
357 23.7735 92.196 0.0620863
358 92.4623 29.8125 -2.37704
359 98.9714 2.99241 1.41092
360 69.6416 95.6844 -1.29163
361 90.2486 97.835 1.08026
362 85.7957 88.4022 0.519904
363 51.6956 2.29798 -0.705329
364 77.8572 93.0309 0.838427
365 55.8668 90.6862 -1.53636
366 91.817 86.6365 0.81625
367 55.547 76.7027 -1.57783
368 53.9233 92.0272 -1.59232
369 97.2377 7.43924 1.26725
370 90.4182 99.7244 0.98045
371 86.9279 96.1351 1.10914
372 91.8152 9.5203 1.34699
373 86.2027 35.9966 -1.85484
374 80.2324 94.2666 0.40506
375 55.8043 89.3052 -1.32318
376 58.2685 76.5372 -1.72748
377 37.4894 71.7779 -0.611025
378 59.9032 92.8745 -1.08639
379 97.4897 92.3789 1.65166
380 64.1205 88.9923 -1.45828
381 17.7399 98.8553 0.371474
382 84.6218 87.8622 1.06302
383 19.8706 37.4114 2.39054
384 3.57175 13.6209 2.3826
385 39.4261 16.8656 -1.44645
386 31.1029 18.0905 -1.19015
387 25.5086 74.8289 0.306721
388 65.0162 90.685 -1.23036
389 96.4374 98.1898 0.930701
390 79.3841 89.854 1.18191
391 93.7275 29.6702 -2.99878
392 80.6248 98.8245 0.455729
393 64.8226 93.7049 -0.902041
394 88.8826 87.1899 0.929014
395 91.0825 25.2132 -2.62737
396 85.103 16.1745 -2.12268
397 91.3876 94.7126 1.45681
398 87.3164 100.046 1.40363
399 40.0418 74.9092 -1.15471
400 78.9213 80.6247 0.44678
401 62.4345 42.4103 -1.797
402 54.3785 0.830909 -1.18598
403 84.0251 86.1328 0.821346
404 21.0394 13.8555 1.06841
405 78.3973 87.0257 1.33631
406 71.514 38.9535 -2.38613
407 89.1011 85.8289 1.03089
408 84.0753 35.8415 -2.07466
409 93.4183 88.7881 0.661702
410 76.6119 82.6016 0.651179
411 96.5306 6.71351 1.17219
412 54.1857 0.652059 -0.544119
413 92.54 20.2208 -2.62611
414 61.812 91.2891 -1.83786
415 0.828558 12.7911 1.66249
416 96.203 1.28678 1.42868
417 83.597 81.4527 0.991611
418 85.5108 89.4847 1.26598
419 73.7407 73.8292 1.54369
420 0.0448295 3.81436 1.69534
421 80.6033 87.0654 1.38873
422 96.2742 35.0923 -2.44725
423 51.7537 54.6209 -0.57914
424 94.3352 5.53633 1.27295
425 89.4437 83.6965 1.22342
426 44.6763 74.8705 -0.866253
427 79.2699 95.1627 0.852722
428 59.1239 91.2829 -1.62025
429 60.8271 90.3701 -1.85704
430 62.2894 61.5609 -0.553163
431 59.5738 90.0735 -1.83655
432 64.5284 83.974 -1.48917
433 45.4254 77.3748 -1.01624
434 92.4507 6.19393 0.85417
435 74.2094 91.1108 0.687111
436 66.2228 89.5464 -1.73072
437 14.0605 2.6977 0.479781
438 71.7463 79.4731 0.864875
439 48.5575 75.7745 -1.07135
440 57.7746 46.7234 -2.64173
441 81.3171 76.8882 0.779035
442 86.0619 89.7173 0.550826
443 54.6473 47.9657 -2.19752
444 58.747 91.4476 -1.28395
445 86.7006 95.8118 1.19352
446 85.028 25.3914 -2.73013
447 70.0082 44.1747 -1.49631
448 95.7807 4.08741 1.61459
449 86.1995 94.681 1.14593
450 79.7429 85.6917 1.27531
451 51.6802 98.1747 -1.61992
452 83.8013 95.4629 0.984728
453 65.503 87.2845 -1.02612
454 92.8524 38.3149 -3.24947
455 59.7108 41.8811 -2.45258
456 76.3839 79.4567 0.987963
457 98.2656 34.4452 -2.94776
458 11.5867 41.0195 2.669
459 52.432 54.4282 -0.334954
460 96.1737 96.6779 1.52788
461 14.5512 97.0994 0.284618
462 61.7762 93.5942 -1.8076
463 56.8843 74.5766 -1.67781
464 61.8732 98.2892 -0.847964
465 93.7976 31.9566 -3.12622
466 67.3248 93.8076 -1.25862
467 89.1093 89.585 0.821594
468 95.23 98.4557 1.25774
469 63.2789 88.726 -1.76587
470 80.6342 85.6467 1.21277
471 60.3155 94.11 -1.45839
472 61.0479 95.3503 -1.2265
473 81.7549 42.7784 -2.6703
474 95.4316 3.64977 0.852034
475 78.6754 34.4695 -1.40636
476 21.7378 97.0041 0.239178
477 24.0203 18.1925 1.63345
478 66.0407 64.5382 -0.341217
479 99.5628 10.6006 2.37758
480 98.6134 33.031 -2.54152
481 98.1666 2.7328 1.60207
482 16.5462 98.149 0.557321
483 82.7565 85.5081 0.511065
484 79.241 98.4746 0.821344
485 76.2662 95.2985 0.450771
486 64.5413 86.7945 -1.60848
487 67.4049 95.1 -1.47383
488 44.9814 80.7626 -0.753517
489 60.431 44.8115 -2.03148
490 38.092 20.919 -1.11608
491 58.1192 61.8008 -0.455569
492 60.2496 92.4671 -1.5905
493 58.0269 71.0463 -1.70199
494 60.384 57.6471 -0.588289
495 36.0835 77.7877 -0.591229
496 85.571 94.4514 0.644362
497 92.452 99.9254 1.36076
498 62.1218 91.0407 -1.00593
499 53.6867 52.9671 -1.21523
