500
Particles
0 52.7833 95.2753 -0.938909
1 73.4105 82.4502 1.17275
2 71.0214 2.61141 -2.07292
3 18.0287 32.4672 1.86704
4 71.9953 71.9348 1.09456
5 92.8161 87.5874 1.29364
6 83.9263 79.6628 1.55928
7 37.2441 26.9343 -2.10813
8 64.5904 91.418 -1.51871
9 63.7835 97.3677 -1.39368
10 86.9088 95.9529 1.46869
11 17.4165 88.1533 0.162903
12 83.6523 91.7256 1.13911
13 83.8397 39.7261 -2.01566
14 75.5234 72.3394 0.999542
15 94.7278 95.3377 1.4204
16 21.6049 31.6751 1.81958
17 2.09387 29.2434 -2.42615
18 76.6652 79.8635 1.58409
19 65.5893 65.727 0.412932
20 15.9229 40.4508 -2.20704
21 87.5104 76.2492 1.59993
22 83.2359 93.6479 1.38988
23 4.40894 32.4433 -2.82089
24 25.2752 75.4834 -0.219556
25 94.7861 90.9536 1.78248
26 0.837294 97.6678 0.898458
27 39.6315 24.7097 -1.65357
28 48.4527 97.6947 -1.41083
29 6.70263 29.2993 -2.48482
30 74.874 92.7665 -1.80481
31 61.5814 70.5748 -1.13913
32 12.1451 39.1902 -1.85647
33 71.7372 94.5871 -1.83866
34 7.3642 43.4332 -2.54677
35 48.7598 93.8205 -0.7453
36 19.4892 91.2472 -0.0314293
37 82.7277 84.0707 0.97649
38 74.3749 99.5889 -2.39717
39 69.307 72.995 1.58563
40 74.191 3.23632 -1.87655
41 85.4613 41.8859 -2.00085
42 62.4691 98.1209 -1.86204
43 94.4255 2.18617 1.44156
44 73.6776 86.5464 0.754754
45 65.1884 1.32394 -1.86345
46 53.2272 99.3345 -0.618868
47 89.9847 15.1734 2.97874
48 62.736 89.4026 -1.62057
49 92.7905 86.2941 1.00474
50 67.9733 92.3295 -2.13259
51 54.6447 2.06373 -0.739319
52 74.7957 67.4947 1.49849
53 18.579 88.2945 0.0878521
54 87.2792 0.988205 1.63647
55 43.1217 27.849 -1.63894
56 5.93167 42.0113 -2.22302
57 20.5813 7.58722 0.806511
58 3.6419 37.0923 -2.72044
59 93.3328 89.5631 1.83238
60 81.5927 83.958 1.7502
61 59.2467 93.8489 -2.15503
62 48.4246 0.0331142 -1.339
63 71.0372 80.0421 1.51109
64 77.8787 84.5947 1.5404
65 69.124 54.5216 -3.38236
66 82.1587 89.3042 1.21073
67 40.1935 86.5755 -0.877793
68 68.6856 49.3464 -2.41253
69 51.9341 4.21265 -1.24337
70 84.3803 80.6111 1.64954
71 42.7957 53.3684 -0.503898
72 78.0826 85.2695 1.51361
73 52.9466 79.541 -1.81885
74 64.7447 36.8727 -2.58418
75 38.4127 11.7732 0.255472
76 48.7062 4.52521 -0.930807
77 78.7434 82.7236 1.45073
78 77.5466 87.5324 1.1614
79 81.5435 77.126 0.914581
80 49.4957 4.90712 -1.41844
81 82.1405 86.4811 1.55404
82 1.18941 56.9722 0.387032
83 78.1171 77.2735 1.09781
84 6.53066 29.7288 -2.73363
85 21.2546 81.16 -0.16548
86 44.9876 12.5278 -0.687056
87 68.1848 39.1529 -2.3379
88 76.3418 70.9742 1.65333
89 0.790588 96.9921 0.517759
90 5.20395 93.7419 0.65262
91 61.4863 69.9311 -0.835414
92 41.8276 26.9178 -1.66816
93 2.95699 37.7221 -2.99278
94 48.6061 61.7449 -0.593918
95 49.9637 98.7502 -1.32806
96 82.2308 79.4501 1.49963
97 85.1419 83.8725 1.54924
98 5.31358 94.8453 0.206391
99 16.3958 28.5764 1.1452
100 73.5994 64.954 0.548236
101 79.0475 77.5695 0.881992
102 63.2996 92.3207 -1.92689
103 24.5521 70.1667 -0.577258
104 55.1983 95.9766 -0.668533
105 5.59732 93.291 -0.107518
106 5.30365 44.8613 -2.63558
107 54.8507 84.3179 -1.90303
108 58.48 0.908674 -1.5793
109 58.7329 87.5252 -1.71429
110 78.1537 99.041 -3.19683
111 82.5162 83.8648 1.23216
112 67.6785 91.3727 -1.57868
113 98.05 33.643 -2.31723
114 92.5672 98.6972 1.52267
115 42.0334 85.1072 -1.44348
116 84.5822 86.984 1.21843
117 98.2579 98.005 1.48538
118 20.9678 31.6815 1.96429
119 1.72469 38.5371 -2.76673
120 98.7957 94.1678 1.05279
121 60.054 62.7953 -1.26522
122 47.7842 61.6709 -0.381028
123 77.3018 78.0396 1.81478
124 72.4107 49.0875 3.10858
125 67.0237 55.2278 -2.31666
126 56.4205 75.7159 -0.779716
127 71.5766 50.3645 -2.87614
128 24.9944 76.5489 -0.221274
129 55.2596 95.6368 -1.20891
130 52.2766 2.76581 -1.00282
131 85.2105 93.0913 1.66702
132 13.5949 89.0699 0.141924
133 11.6246 92.9322 0.223593
134 93.9312 86.3904 1.1002
135 86.1859 80.8689 0.878559
136 15.0937 98.9929 -0.180892
137 87.3845 81.6006 1.07496
138 49.7791 70.0302 0.0994087
139 44.3118 2.1312 -1.3717
140 63.817 94.0028 -1.69687
141 66.4967 56.0546 -2.76343
142 81.3367 74.0404 1.42911
143 66.9518 0.986349 -1.18255
144 82.5967 85.7201 1.05858
145 55.5678 82.426 -1.78473
146 50.654 0.857637 -0.854538
147 71.4767 98.2196 -2.17439
148 52.616 1.13657 -0.987795
149 84.3663 87.4744 1.65447
150 60.4268 97.29 -1.47334
151 47.4133 98.1127 -1.47388
152 60.6223 58.3683 -1.24367
153 53.7109 96.7445 -1.25692
154 67.4309 0.620102 -1.97237
155 14.8939 95.0567 0.345817
156 65.4053 93.0232 -1.38219
157 64.7846 4.18632 -1.48292
158 99.2359 89.2092 0.79961
159 89.3119 96.0921 1.39419
160 74.9149 88.4358 1.31095
161 58.3548 67.1368 -0.455557
162 67.8614 94.7141 -1.58815
163 72.9701 44.4077 3.12372
164 80.1191 64.9949 0.955078
165 46.3519 92.3092 -1.18996
166 67.3964 50.9332 -2.35228
167 90.7271 80.5411 1.06062
168 75.7696 80.9718 1.37303
169 1.10248 5.14561 1.47892
170 70.3288 94.1625 -2.32649
171 81.6529 79.485 1.18197
172 49.2161 83.8586 -1.80458
173 64.3717 94.3794 -1.56979
174 89.9292 87.9923 0.893113
175 58.4886 73.1083 -0.767126
176 91.7568 96.0802 0.953927
177 20.9739 81.4598 -0.500551
178 7.12241 36.0461 -2.73028
179 49.0852 96.49 -0.740065
180 96.1994 36.9439 -2.4508
181 67.0477 96.8431 -1.75674
182 5.79776 40.9715 -2.63488
183 64.0876 10.2438 -1.71665
184 95.6414 94.1235 1.10609
185 90.6553 22.6624 2.46163
186 47.1033 62.9198 0.052828
187 66.3904 92.1164 -1.46213
188 73.2067 76.5027 1.2573
189 77.8929 88.8724 0.962661
190 82.2622 90.1308 1.61008
191 85.2385 85.48 1.64096
192 23.3821 82.4097 -0.125606
193 59.7434 91.3414 -2.09356
194 12.6941 97.978 -0.416289
195 80.1019 81.3452 0.832272
196 95.6628 86.9737 1.02038
197 46.4563 12.3216 -0.70828
198 8.14233 52.6816 2.81286
199 96.5106 88.6386 1.41454
200 88.2756 77.7208 1.13019
201 68.0714 70.054 1.12165
202 71.7433 67.4412 1.23375
203 56.7822 8.90501 -2.11618
204 89.4546 87.5347 1.70814
205 55.2379 82.7367 -1.38985
206 11.8261 13.047 1.0141
207 96.4316 93.899 1.27429
208 95.0617 96.37 1.53738
209 87.7203 93.1332 1.70235
210 79.4337 81.8884 1.17543
211 84.241 93.5454 1.58444
212 11.9573 92.0323 0.472041
213 52.2193 4.21598 -1.07397
214 76.4984 76.1273 1.68004
215 89.4769 48.4693 -2.48923
216 67.1223 5.22404 -1.80724
217 85.9069 77.2472 1.42565
218 62.6844 6.70626 -1.80181
219 93.1623 18.8327 3.06251
220 98.5639 82.473 1.3141
221 61.1874 4.60166 -0.786408
222 81.6944 83.6807 0.876956
223 87.4134 20.9712 2.50446
224 18.1352 29.9941 1.42044
225 34.7176 23.8397 -1.17252
226 63.0927 98.2951 -1.40273
227 65.4575 89.9603 -1.54284
228 49.5567 12.974 -0.866566
229 62.5729 0.176912 -1.25571
230 78.6557 44.3976 -2.46782
231 79.0431 84.3278 1.73635
232 61.5327 66.7473 -0.870287
233 20.68 68.2541 -0.378374
234 95.5355 89.6784 0.98138
235 5.12143 41.1516 -2.22449
236 64.6382 94.0676 -2.01452
237 78.2518 88.3067 1.18956
238 6.5761 36.5617 -2.21327
239 71.9974 75.9 1.74228
240 85.8741 91.5523 1.30471
241 78.7676 87.8708 1.63773
242 57.0336 2.42655 -0.907086
243 86.7459 79.3189 1.75949
244 54.6719 65.2419 -0.347729
245 57.8784 2.32122 -1.57746
246 53.0452 60.4293 0.326571
247 75.61 49.3611 2.60614
248 76.4836 74.6562 1.09786
249 85.9966 86.7758 1.43727
250 35.8789 8.34368 0.0672227
251 73.4808 94.1946 -1.72997
252 35.9752 28.4359 -1.94302
253 92.9068 22.3279 3.09987
254 80.5346 93.3247 0.981393
255 84.2317 87.373 1.36932
256 59.5424 1.25017 -0.682908
257 51.1781 61.9239 0.0432657
258 67.0244 93.6095 -2.28822
259 6.7259 45.6195 -3.10412
260 96.8195 86.3619 1.63221
261 97.7038 29.158 -2.41316
262 67.1825 98.0502 -2.12908
263 16.6034 81.9869 -0.0453795
264 71.1746 89.067 -1.13119
265 22.8397 66.3092 -0.275056
266 40.5127 95.5009 -0.437472
267 76.34 84.3897 1.09789
268 79.6612 99.3577 3.05171
269 18.7087 85.6739 0.0681004
270 2.63333 39.993 -2.98807
271 6.22475 41.1958 -2.58855
272 49.9303 12.7839 -0.256966
273 95.6357 88.9075 1.55547
274 17.2757 82.1384 -0.268532
275 59.6688 95.1102 -1.94011
276 7.91119 93.8741 0.268745
277 51.6255 82.5395 -1.39825
278 69.2656 89.5287 -2.10066
279 61.822 4.39255 -1.44944
280 78.5707 73.8836 0.944378
281 55.46 75.8525 -1.58974
282 3.84681 32.8359 -2.19594
283 91.6139 83.8848 1.53987
284 80.9301 88.0395 1.62157
285 83.159 79.9906 1.16298
286 74.7332 48.0315 3.37592
287 50.664 61.0692 -0.335067
288 17.838 29.7348 1.44015
289 71.5453 91.2428 -1.56178
290 59.2252 92.635 -1.77428
291 73.3852 83.8489 1.71378
292 1.37005 4.61948 1.15985
293 18.0086 82.1852 -0.163712
294 90.3499 1.63762 1.76596
295 38.0353 30.3627 -2.20573
296 94.6345 95.9164 1.81107
297 64.5216 96.8202 -2.21367
298 72.6349 86.1054 0.781357
299 87.3212 83.5052 1.41258
300 18.4824 78.226 -0.079296
301 82.7683 85.7807 1.41101
302 72.9563 1.97279 -1.40332
303 66.2302 87.3632 -1.65263
304 74.4504 79.3014 1.35465
305 80.9764 88.4984 1.78089
306 21.7484 95.1845 0.611076
307 75.311 86.8962 1.44719
308 99.1343 33.5405 -2.59277
309 36.4865 97.6149 0.0116457
310 36.6507 21.7138 -1.76149
311 88.468 16.897 3.13848
312 54.7737 2.26789 -1.00069
313 44.7919 97.6827 -0.505882
314 25.0451 31.6481 1.36634
315 62.0969 93.0699 -1.54467
316 87.1882 79.1671 1.35601
317 80.9952 76.4099 1.59379
318 90.9655 93.1775 1.03948
319 85.5884 82.7091 0.846826
320 80.3244 85.7231 1.09942
321 91.0102 14.7249 2.46747
322 82.9813 82.7556 1.5322
323 80.6115 77.118 1.45357
324 75.686 89.7225 1.21548
325 62.7055 0.506949 -0.88593
326 14.7136 28.207 1.33335
327 42.0398 99.4573 -1.52135
328 95.4361 96.5453 1.31327
329 14.9572 38.2843 -1.2954
330 50.2573 0.164418 -0.981643
331 13.2568 87.591 0.499801
332 16.002 38.0787 -2.22032
333 3.0042 51.4053 0.79903
334 70.6623 72.3907 1.34
335 85.5911 83.9914 1.57883
336 90.8801 80.4369 0.791464
337 73.443 73.8362 1.2224
338 63.5905 98.9165 -1.81431
339 13.6647 29.5889 1.34397
340 77.3162 81.7083 1.68889
341 68.7015 87.361 -1.42737
342 77.0892 80.9117 1.48818
343 62.1409 3.48276 -0.761697
344 66.7704 89.8642 -1.83603
345 94.2304 0.975405 0.996665
346 85.9744 41.9289 -2.04923
347 7.17655 94.8227 0.825096
348 74.9777 76.8545 1.30601
349 80.5655 89.1129 0.8966
350 58.6652 0.556603 -1.3669
351 64.9336 94.0658 -1.49541
352 72.0708 84.1989 1.03175
353 65.6633 33.9674 -2.15191
354 62.5086 53.2014 -3.15923
355 88.6853 96.1252 1.04005
356 17.1155 33.5523 1.85211
357 15.8329 89.1418 0.324082
358 -0.38641 34.8665 -2.63142
359 95.1868 95.2576 1.33952
360 68.9085 4.14255 -1.59209
361 87.669 89.7515 1.56175
362 82.1788 80.9278 0.929494
363 47.0686 9.45721 -0.978323
364 71.638 90.3118 -2.2169
365 53.8526 99.1135 -0.985931
366 87.1153 79.2664 1.19148
367 57.442 85.0403 -1.34311
368 51.0362 -0.388095 -1.04242
369 93.9115 99.4176 1.45053
370 88.555 91.5155 1.02643
371 83.2173 88.3411 1.34932
372 88.6526 1.27883 1.30948
373 89.5411 44.0897 -1.77085
374 74.1374 88.4102 0.792079
375 53.3132 97.7466 -0.553976
376 60.2841 84.8784 -1.98298
377 29.7193 75.1722 -0.566557
378 57.0642 0.994626 -0.900611
379 94.9996 84.2156 1.36146
380 64.8308 97.5697 -1.53654
381 9.7789 95.8438 0.19408
382 80.1723 80.5877 1.3965
383 24.1614 30.4951 1.30328
384 4.92832 5.1592 1.48647
385 39.1814 25.3413 -1.3783
386 31.6717 26.6873 -1.30043
387 17.0906 75.315 0.296594
388 64.7244 99.3656 -1.35628
389 93.8379 89.7885 0.91712
390 75.6305 82.2077 0.956401
391 1.19738 34.1716 -2.24778
392 76.8612 94.3341 -2.45586
393 63.6609 2.29403 -1.18628
394 85.0336 79.4116 1.15565
395 97.7071 30.8996 -2.45601
396 92.4203 18.1226 3.08735
397 88.33 86.792 1.50829
398 85.2961 91.6578 1.15523
399 38.6762 83.2202 -1.60188
400 75.8922 72.8983 1.55722
401 68.8017 47.8214 -2.69268
402 49.2078 7.55321 -1.11618
403 80.0029 78.5559 1.61615
404 17.6337 6.36941 0.16697
405 74.4677 79.5654 1.30706
406 78.9476 42.2844 -2.10683
407 85.4714 77.9608 1.4243
408 88.9818 43.1096 -2.00743
409 88.627 81.6602 1.18286
410 72.6085 75.3076 1.12183
411 93.7624 98.4112 1.07241
412 47.9867 6.79959 -1.03353
413 99.0498 25.7678 -3.55348
414 60.6365 -0.206336 -1.10245
415 2.1771 4.24783 0.503089
416 94.9009 92.6719 0.849709
417 80.5013 73.5913 1.16767
418 82.0691 81.6731 1.16773
419 69.0407 66.6785 0.812522
420 98.2287 95.4779 1.61065
421 77.3474 79.3951 1.82797
422 3.91254 39.3998 -2.15165
423 43.5614 56.8869 -0.0330457
424 91.9511 97.4012 1.70145
425 84.7072 76.4031 1.71694
426 44.132 83.4717 -1.52305
427 72.9823 89.5602 1.29037
428 56.7424 -0.370019 -1.04739
429 60.5453 99.0545 -1.31911
430 54.3144 64.8038 -0.448783
431 58.2893 98.6014 -1.93581
432 65.3585 92.5399 -2.09705
433 44.8352 85.8946 -1.38356
434 90.2728 97.9781 1.57289
435 70.284 93.1938 -1.93388
436 65.7778 97.9602 -2.04596
437 6.17657 99.7071 0.844348
438 67.3817 71.9536 1.46527
439 49.1245 84.1662 -1.73459
440 63.6261 52.894 -2.33672
441 78.8724 68.7006 0.927575
442 81.6053 82.2795 1.66425
443 60.2252 54.5228 -1.86517
444 57.2777 -0.075751 -0.691962
445 84.1848 87.6361 1.16911
446 93.2716 28.2954 -3.14241
447 76.4344 48.6885 2.97565
448 93.5824 95.6655 1.47131
449 83.4135 86.2514 1.14745
450 75.7797 78.1025 1.16738
451 47.152 5.02849 -1.11702
452 80.4639 87.3946 1.02474
453 66.4337 95.8915 -1.8134
454 99.4034 43.3426 -2.49701
455 65.9293 48.0012 -3.17124
456 72.6286 71.6561 1.20452
457 6.6125 36.3407 -2.93524
458 18.1912 40.2811 -1.17268
459 44.1705 56.8265 -0.28464
460 93.1258 88.5027 0.803305
461 6.78085 93.2856 0.312408
462 60.9827 2.14893 -0.753969
463 58.025 83.1015 -2.08879
464 59.3845 6.53047 -1.0558
465 1.28552 36.0888 -2.24878
466 66.1467 2.3317 -1.23219
467 85.3147 82.0098 1.16732
468 94.0483 89.818 1.63847
469 64.3467 97.3678 -2.04186
470 77.7475 77.7529 1.72601
471 59.8681 2.75102 -0.88933
472 59.3337 3.81264 -1.05699
473 86.6541 49.8683 -1.84808
474 92.2606 95.5461 1.40987
475 82.7753 41.9538 -2.79888
476 13.7681 93.9739 -0.123327
477 20.1415 10.6104 0.847423
478 60.2691 70.7895 -0.987215
479 98.8519 2.82543 1.72687
480 7.01562 34.8345 -2.68136
481 95.7853 94.3279 1.61031
482 8.67119 95.1031 0.760865
483 79.7181 77.6146 1.25706
484 78.007 98.8158 -3.25979
485 74.3744 97.4999 -2.25874
486 64.8875 95.31 -1.44348
487 66.2382 3.57981 -1.02902
488 43.4484 88.9222 -0.878221
489 66.5692 50.4741 -3.23121
490 38.3164 29.2461 -1.21559
491 49.7322 64.2909 0.178073
492 59.1568 0.922858 -1.07755
493 58.1794 79.6423 -1.93911
494 52.4107 60.8011 -0.300546
495 27.4214 78.4924 -0.528712
496 81.6386 86.9824 1.18494
497 89.891 91.5738 1.75815
498 61.9856 -0.455794 -1.67597
499 45.6525 54.8731 -0.211653
