500
Particles
0 92.9138 80.3423 1.85745
1 29.1948 84.1287 1.95385
2 98.3469 14.2825 1.97145
3 60.1458 31.7033 1.0561
4 80.166 93.1123 2.04808
5 91.2792 41.5084 2.81746
6 10.4357 7.47836 3.02439
7 80.4466 39.8306 2.20449
8 49.9903 98.9892 1.50373
9 43.8825 0.560649 1.73075
10 13.4981 86.0558 2.40378
11 97.3983 7.30234 1.45761
12 2.72381 14.7191 2.28638
13 90.8658 83.5819 1.6897
14 85.0283 97.1364 1.53621
15 92.6533 87.4755 1.54556
16 28.4102 95.8941 2.61481
17 86.2261 10.6989 1.55997
18 79.1856 3.20065 1.68599
19 50.383 22.1244 1.6472
20 60.1395 32.9228 1.69986
21 99.6612 98.4299 2.05341
22 14.8846 99.117 2.84949
23 86.9313 89.6819 1.79097
24 66.9646 35.6613 1.48157
25 -0.205269 88.1136 2.34271
26 89.6094 36.0888 2.29889
27 92.4519 4.71577 1.16515
28 0.954032 96.6743 2.70956
29 11.7222 18.4647 2.50763
30 52.2741 40.066 2.53574
31 8.21234 96.9918 3.12175
32 40.3573 27.7304 2.73637
33 69.7966 41.649 1.42265
34 3.32769 88.1618 2.88387
35 77.8282 6.79981 1.62154
36 52.2283 46.6787 1.57588
37 17.2652 16.7079 2.41495
38 0.100933 92.8788 2.16103
39 86.564 89.6466 1.92863
40 5.69101 86.8212 2.78457
41 85.429 89.9096 1.55224
42 22.1103 95.1558 2.75686
43 63.0927 32.6795 1.52543
44 30.3228 87.4114 1.91678
45 19.9249 91.0931 2.7745
46 5.20055 92.17 2.63597
47 87.945 30.4451 1.62764
48 11.4043 91.4685 2.09772
49 96.0315 76.869 1.87426
50 88.9203 7.08789 1.16485
51 17.326 0.540943 2.34597
52 65.8123 34.6823 2.1721
53 53.8152 47.3173 1.91004
54 86.3839 94.2406 1.62078
55 75.2958 28.41 1.41799
56 88.2544 96.2416 1.81144
57 11.3764 78.5072 2.2022
58 86.748 99.5073 1.94318
59 99.5145 89.0792 2.71985
60 88.8356 4.13062 1.1991
61 11.3764 87.2271 2.51836
62 42.8195 95.8704 1.49847
63 30.0946 78.1454 2.84202
64 99.3314 3.17578 1.80861
65 84.0187 31.7755 1.823
66 86.3422 7.90091 1.50826
67 87.4822 7.51729 1.51588
68 84.4494 28.7116 1.55307
69 16.2295 80.7022 1.92554
70 11.5799 12.0168 3.01148
71 6.4421 91.9043 2.42928
72 85.8703 4.61207 1.95571
73 16.394 13.5112 2.97295
74 9.20589 81.2327 2.48853
75 81.4615 37.1904 1.45798
76 12.9696 82.4353 2.36275
77 15.5572 11.2949 2.91059
78 4.24628 29.0642 -0.717416
79 87.789 1.78365 1.76052
80 10.2027 87.2963 2.20938
81 84.0067 6.3142 1.41135
82 65.3004 9.70295 2.4174
83 73.658 99.032 1.84714
84 75.6879 25.7927 1.72846
85 9.75319 88.6436 2.68252
86 9.68054 85.7159 2.0304
87 17.8432 10.2447 2.58725
88 77.0593 27.3923 1.47773
89 7.19359 81.0328 1.82788
90 66.5299 35.6792 1.80401
91 7.27387 97.5529 2.17816
92 15.4837 7.21222 2.96181
93 76.5279 93.5204 1.5982
94 9.87473 88.1309 2.888
95 52.6977 24.1618 1.7238
96 98.1422 1.98604 1.78889
97 13.1463 13.292 2.59872
98 7.10877 82.0483 1.7309
99 14.7164 7.02778 2.82887
100 68.9662 35.7485 1.83261
101 84.1858 4.08018 1.79068
102 14.51 87.4125 2.70173
103 2.18551 84.5538 2.23457
104 12.8616 94.3024 2.27905
105 66.9207 36.9294 1.20095
106 86.9271 94.2102 1.65287
107 95.1353 88.8917 2.0452
108 11.1313 96.1018 2.27001
109 92.0847 1.67106 2.00322
110 83.0115 38.6212 1.34529
111 18.5143 15.994 2.82657
112 58.6166 30.8342 1.07496
113 11.0801 5.39517 2.96696
114 94.4401 5.04184 1.89092
115 6.69487 16.7665 2.61614
116 10.0725 77.8026 1.9179
117 4.67583 94.5058 2.6586
118 51.2807 33.5274 1.23848
119 81.0556 96.627 1.7311
120 97.1117 83.4077 1.9564
121 60.6092 72.0695 -0.0285884
122 10.3215 90.9666 2.57637
123 72.5067 93.7234 1.69263
124 95.3093 12.8722 2.05064
125 86.4619 25.3684 0.89702
126 25.0441 3.99736 1.89858
127 85.4529 86.7277 1.71838
128 68.7241 35.5573 1.44073
129 91.4309 5.96239 2.06367
130 99.3553 94.2651 2.16342
131 11.6362 85.0827 2.77973
132 88.9091 26.7291 1.08908
133 88.4935 29.5291 0.881049
134 94.1273 74.1399 1.91912
135 16.0253 12.4978 2.31617
136 7.96157 79.0045 1.85523
137 99.1506 2.22053 1.98382
138 12.7834 89.123 2.53714
139 -0.0480425 83.929 2.26567
140 16.1984 87.4907 2.28621
141 81.3922 27.9846 1.29925
142 77.2875 96.7672 2.05603
143 37.0944 3.40384 2.43672
144 99.0481 2.85338 2.01145
145 91.3964 8.64916 1.6599
146 95.7526 87.932 2.06715
147 67.4965 41.714 1.45728
148 17.0438 12.8221 2.37231
149 82.037 6.45618 1.58461
150 17.237 90.0718 2.63915
151 44.6306 26.4808 2.53516
152 10.1232 81.673 2.33678
153 12.2225 95.4485 2.07526
154 30.7471 98.7929 2.57622
155 87.8994 31.4187 1.50076
156 52.7198 98.7463 1.63473
157 34.089 10.4006 2.23841
158 89.3479 37.2404 1.88873
159 36.9963 6.87431 1.78371
160 64.2538 43.381 1.74751
161 37.6401 7.74735 2.04427
162 83.0076 7.45324 1.02475
163 77.3627 25.0138 1.36748
164 85.4312 33.347 1.61519
165 75.3432 4.09882 1.34996
166 76.0719 26.4428 1.23936
167 19.9735 16.3305 2.09696
168 87.6671 3.19377 1.47696
169 84.5699 31.7829 1.65467
170 46.942 59.7024 0.22537
171 8.46556 6.27508 2.68688
172 93.0222 84.4614 1.55909
173 16.4866 86.2046 2.15952
174 87.7408 37.128 2.24334
175 86.7448 23.6045 0.565797
176 8.02326 21.2196 2.11857
177 3.55132 84.1329 2.55048
178 66.517 34.4168 1.87262
179 2.55474 97.7802 2.06323
180 9.98803 7.01541 2.96676
181 46.9666 3.46647 1.5378
182 91.7906 97.2911 1.55922
183 90.8163 78.728 1.9403
184 14.9797 6.48286 2.86495
185 85.6654 31.4886 1.0514
186 15.1655 94.2555 2.20582
187 54.3698 30.4221 1.49531
188 78.1569 86.7826 0.734859
189 95.0021 9.99224 2.22902
190 89.9828 36.9685 2.77044
191 7.83394 14.568 2.46797
192 5.43959 76.743 2.54976
193 16.869 3.58452 2.72042
194 7.38298 84.8964 2.59284
195 0.701445 1.81145 2.83842
196 98.5203 80.8405 2.50008
197 10.4459 85.342 1.89474
198 12.9462 6.20156 2.23038
199 -0.140912 46.6755 -3.10034
200 15.9087 10.959 2.35976
201 12.3132 15.478 2.66284
202 65.0263 35.8903 2.08516
203 39.1521 8.34517 1.84095
204 90.0994 35.1802 2.17211
205 20.5323 15.901 2.01685
206 6.74389 86.38 1.8337
207 0.0368736 90.4948 2.76803
208 70.49 23.6596 1.04784
209 51.2079 32.1764 1.23048
210 87.48 5.39396 1.20373
211 11.9818 91.8507 1.98033
212 88.5188 28.2778 1.54633
213 47.0526 25.3271 1.96061
214 74.6525 84.7031 0.809054
215 98.522 94.1265 1.13141
216 22.714 97.5531 3.07116
217 -0.0526161 99.6445 2.19803
218 89.6212 16.0927 1.17698
219 89.0337 11.771 1.12746
220 16.726 14.8327 2.8341
221 19.5909 3.52452 1.93064
222 15.3602 14.6441 2.89717
223 71.5349 38.1346 1.72641
224 56.0503 32.0924 1.36517
225 6.79082 17.6953 2.25949
226 34.0103 96.8425 -2.58855
227 14.3628 94.9344 2.15347
228 11.4123 86.1442 2.35452
229 12.7273 86.5865 2.13189
230 88.8567 85.7894 1.51006
231 90.2956 3.33606 1.79604
232 14.6733 3.83361 2.5952
233 6.73657 91.2815 2.76246
234 98.1044 82.5684 2.53024
235 87.5826 94.0863 1.86048
236 28.0798 91.7605 1.98982
237 98.3225 13.014 2.07732
238 89.0721 95.8149 1.16472
239 76.8186 96.3145 2.21816
240 97.343 5.039 2.21877
241 50.1091 97.5325 1.59455
242 19.5852 99.7476 3.13456
243 13.8913 8.88944 2.84633
244 37.8437 8.09414 1.51247
245 17.2402 0.547677 2.32788
246 13.1279 89.3847 2.74056
247 87.6628 35.0585 1.87175
248 80.6452 96.4426 2.02641
249 8.27925 79.9844 1.64264
250 91.8477 4.59823 1.81863
251 91.9785 10.854 1.66692
252 78.0947 38.9048 1.84456
253 56.7606 33.8548 1.06003
254 10.5008 83.3901 2.26908
255 83.7848 5.98246 1.36573
256 20.5936 99.3525 2.62884
257 10.9209 87.098 2.78756
258 51.9019 2.3187 2.02368
259 89.9655 95.4919 1.5209
260 91.759 39.271 2.19571
261 81.5671 98.1785 2.05233
262 19.9359 91.8865 2.77315
263 12.0961 1.83622 3.01547
264 64.0121 42.179 1.16831
265 9.96794 84.5846 2.49457
266 1.25564 79.9134 2.14072
267 97.7776 4.55206 1.74456
268 99.1745 85.9494 1.72912
269 91.4649 6.11018 1.81436
270 89.968 99.347 1.72158
271 90.4456 97.9174 1.2379
272 41.7618 23.8437 2.91439
273 2.36893 86.7163 2.18411
274 8.33769 95.3587 2.61383
275 11.8339 86.1124 2.15698
276 1.03599 77.1604 1.92338
277 12.9513 5.65568 2.90935
278 23.7521 76.0821 2.87934
279 19.3522 0.231015 3.13759
280 89.853 99.5953 1.32344
281 13.8067 92.3631 2.82509
282 85.6016 96.2177 1.67531
283 24.5699 17.2177 2.23963
284 19.397 81.9452 2.10892
285 11.3836 10.2515 2.24754
286 80.2799 88.823 1.17415
287 10.2738 88.9249 2.08385
288 55.3586 24.5689 1.96611
289 21.4424 84.4416 1.56577
290 7.08104 91.4918 2.12984
291 50.5172 93.9483 2.0389
292 86.5006 29.8826 1.35709
293 6.05989 93.9726 2.30627
294 91.8545 95.6405 1.34258
295 99.3444 98.7011 3.03593
296 19.5637 10.2616 2.86368
297 24.3961 93.8852 2.43897
298 55.1164 96.6364 1.93375
299 13.9009 15.7946 2.45082
300 6.39347 86.6632 1.99386
301 87.6204 5.88175 1.84096
302 96.067 82.6413 2.41828
303 12.8301 90.3601 1.94491
304 29.2022 79.9793 2.39943
305 94.5461 10.1351 1.92195
306 61.0318 38.7139 2.01583
307 97.7373 9.95531 1.473
308 81.4527 0.540696 1.58102
309 6.68267 95.171 2.81708
310 65.3127 40.078 1.29138
311 91.2659 91.5849 1.21139
312 14.8641 99.3802 2.11799
313 48.3039 26.3078 2.16858
314 87.6691 9.92737 1.63593
315 12.6499 93.1738 2.67022
316 13.8445 6.15209 2.89502
317 90.0132 1.15988 1.51568
318 5.4815 16.759 2.57338
319 13.1201 15.017 2.4067
320 14.562 13.9609 2.80439
321 85.9095 9.33079 1.86455
322 18.3439 12.873 2.29808
323 86.2947 1.30601 1.45128
324 28.9921 19.2837 2.61296
325 22.6529 96.7959 2.38499
326 10.0853 83.9493 2.46774
327 7.28145 89.6504 2.72177
328 22.7513 12.3387 1.93479
329 58.1347 27.6183 2.22363
330 48.1414 24.7311 2.42041
331 73.7209 42.2254 2.01771
332 50.5341 26.1463 2.42242
333 14.9174 7.88452 2.38092
334 85.5718 92.0424 0.926864
335 8.49789 14.6962 2.5379
336 19.4233 15.2134 1.99378
337 80.153 94.4442 2.2363
338 21.0897 95.9171 2.56012
339 11.0317 88.7712 2.11699
340 91.9985 82.5806 1.2686
341 75.1 99.7125 1.82659
342 84.9621 2.15912 0.947707
343 22.1077 99.057 2.63524
344 15.0673 90.661 2.48563
345 76.093 32.1732 0.877121
346 84.8172 90.1546 1.25734
347 90.8036 40.6937 2.53759
348 77.1046 88.1015 1.29795
349 88.9666 34.5459 1.32629
350 16.9357 98.4389 3.11004
351 47.3598 99.1259 1.71477
352 31.0325 86.4604 1.78913
353 70.2073 36.9874 1.29673
354 5.07359 79.1545 2.18985
355 12.7536 81.8662 2.12868
356 19.1798 11.6365 2.64031
357 87.9339 33.0799 1.76814
358 90.7276 100.244 1.4925
359 99.5988 87.3017 2.3468
360 84.7581 11.1451 1.3921
361 93.2254 75.5357 1.47419
362 -0.314348 1.56272 2.35259
363 10.9983 86.598 2.81592
364 69.9374 42.6584 2.23919
365 11.6134 99.444 2.31049
366 12.156 8.26994 2.12837
367 17.7325 14.8031 2.89955
368 94.3596 86.024 1.64802
369 51.2264 24.7601 2.26875
370 56.692 35.2342 0.823898
371 83.0122 5.22838 1.18016
372 95.0125 96.1112 1.45766
373 13.5488 11.0594 2.47079
374 92.1101 9.16409 1.43061
375 15.6551 3.92338 2.33204
376 95.086 99.5949 1.82024
377 42.7201 26.1244 1.88764
378 6.39091 93.5072 2.30231
379 16.423 16.5922 2.51458
380 13.0571 86.9302 2.2029
381 7.57992 32.0694 0.0211703
382 99.2687 0.608408 1.6322
383 78.8147 29.6465 0.882077
384 14.0358 3.76085 2.54976
385 75.6746 40.2297 2.01221
386 53.9406 45.5192 2.15844
387 96.5613 76.2055 2.15214
388 22.6561 92.9404 2.77425
389 98.4226 86.7157 2.49746
390 73.7531 1.07142 1.71006
391 86.0428 99.82 1.97653
392 98.2891 84.8426 1.71888
393 21.9154 99.3632 2.63232
394 99.1983 2.627 1.7525
395 89.7196 0.9734 1.83475
396 87.8165 10.0448 2.00659
397 97.3849 5.59329 2.32932
398 48.6973 24.2739 2.1571
399 51.5552 96.4641 1.30986
400 76.9861 95.1747 1.37045
401 51.2379 23.0646 2.08587
402 7.67072 81.1983 2.37405
403 99.2619 98.645 1.65443
404 8.58819 89.4394 2.81978
405 29.26 84.5502 2.34356
406 88.5694 82.4707 1.67475
407 8.3759 8.89209 2.5769
408 96.9038 92.5919 1.86401
409 24.0946 15.4162 2.47227
410 81.2372 97.4466 1.75991
411 95.7045 6.51351 1.67093
412 19.0719 86.2681 1.82857
413 76.8111 97.3719 1.73136
414 20.6884 98.9263 3.21462
415 82.613 30.5817 0.905078
416 15.477 7.01799 2.15337
417 74.8236 94.9283 1.65193
418 88.5491 5.14882 1.40749
419 75.6458 28.6061 1.16752
420 5.78902 92.2607 2.77566
421 85.3415 3.86714 1.88529
422 87.9827 98.0213 1.97238
423 16.2917 11.8675 2.62825
424 86.6361 8.89243 1.75853
425 7.44073 2.02587 3.01882
426 27.4762 14.936 2.76717
427 90.8237 8.98639 1.40135
428 11.0299 92.7195 1.97996
429 19.0491 94.0246 2.89259
430 35.1145 4.50899 2.1316
431 16.2877 3.85281 2.63099
432 84.1168 7.41134 1.01572
433 25.1544 14.8331 2.74154
434 6.92406 90.2966 2.116
435 76.1816 40.6028 1.21183
436 44.9319 4.62082 2.13012
437 0.607625 83.5226 1.9401
438 10.3706 19.7616 2.33262
439 17.4668 15.9563 2.09315
440 14.8236 82.3508 2.09069
441 87.0224 83.845 1.88611
442 8.40291 12.0392 2.31871
443 3.02376 70.5073 0.533304
444 15.2132 0.497944 2.55806
445 88.1664 39.7389 2.64917
446 82.5084 40.6502 2.14658
447 87.8405 88.4798 1.29884
448 95.546 99.7401 1.41794
449 19.7846 83.9881 1.72874
450 81.4958 1.1991 1.93415
451 6.52697 82.7774 2.22212
452 91.847 10.3401 1.24479
453 13.8176 84.6502 2.72537
454 92.2738 6.95807 1.78523
455 79.7124 30.4521 1.18195
456 73.8999 93.4663 1.98765
457 88.1023 95.9058 1.20391
458 98.3944 95.5761 1.33877
459 86.596 29.2346 1.15634
460 2.04129 86.1236 2.732
461 63.349 35.6022 1.14752
462 17.5856 99.9857 2.52001
463 92.4194 98.534 1.77471
464 21.8573 4.93638 1.83957
465 82.522 99.6427 1.89099
466 20.9746 96.0041 2.87319
467 18.7892 14.6004 2.43304
468 96.9672 85.4364 1.96724
469 48.7158 1.22784 1.72971
470 31.3574 83.753 2.25961
471 9.8692 93.1849 2.23214
472 18.4207 1.44962 2.86408
473 14.0638 5.89535 2.55081
474 3.32272 42.8424 -2.94161
475 89.4726 86.0669 2.01664
476 88.068 33.5925 1.98666
477 11.1692 86.5548 2.81806
478 82.0823 21.7882 1.21712
479 74.0353 30.99 0.769934
480 92.3016 90.8646 1.8756
481 21.1772 11.7529 2.43553
482 4.40634 78.0733 2.24263
483 78.5246 2.3565 1.68551
484 95.7219 88.9215 2.26827
485 91.4783 76.6742 1.47744
486 18.0987 87.5342 2.118
487 20.7402 95.8471 2.70874
488 50.2121 97.2836 1.28201
489 73.9156 28.804 1.71944
490 82.4955 38.0496 1.4731
491 11.1542 87.4101 2.76699
492 19.5428 5.31857 2.02134
493 13.3363 95.3111 3.03731
494 8.99978 83.0534 2.13508
495 4.7095 93.2261 2.21837
496 98.1081 5.19549 2.25818
497 89.3462 5.15137 1.25946
498 23.415 93.8344 2.44059
499 92.153 23.3918 0.894199
