500
Particles
0 8.46286 50.851 1.36766
1 67.8702 85.449 2.09382
2 64.5394 59.2692 1.31808
3 52.621 79.3823 2.11525
4 84.6048 3.43299 2.20939
5 71.4368 83.387 2.31175
6 8.1382 19.8112 1.59608
7 63.8449 86.5347 1.78604
8 78.8612 11.7204 1.8876
9 43.8898 60.3108 2.80068
10 5.29113 95.4181 2.28045
11 7.0879 29.3853 2.43594
12 73.968 58.8701 1.41866
13 73.3745 72.1373 1.94873
14 87.1634 5.11909 2.10501
15 77.8068 82.4503 2.28233
16 42.8054 10.0755 2.1827
17 2.41079 34.6628 2.06093
18 89.3782 20.1753 2.53725
19 84.4658 22.0299 2.87684
20 56.9938 81.818 1.62908
21 2.75568 14.3957 1.92205
22 7.02577 9.31901 2.24708
23 80.6682 92.9545 2.12619
24 57.8599 83.1538 2.03615
25 88.1502 92.4355 2.64809
26 100.14 49.6292 0.747932
27 0.175824 22.2021 2.28105
28 0.0802316 8.77656 2.37507
29 87.652 56.2537 1.53747
30 60.2716 54.4305 1.47698
31 3.12883 9.14074 2.57382
32 97.4064 56.5363 1.72676
33 42.0454 88.3148 1.8564
34 88.305 87.9649 2.88247
35 89.9384 26.4863 2.76859
36 20.2779 54.5034 -2.00049
37 85.9344 54.8323 1.63414
38 90.3825 98.7744 2.81997
39 82.9933 95.9717 2.14896
40 87.0266 80.535 1.91323
41 75.0045 87.4798 2.98311
42 9.61254 99.3895 1.87257
43 55.6705 81.4343 1.93634
44 71.4188 85.768 2.67081
45 19.8081 8.18086 2.47782
46 87.5408 91.0232 2.73046
47 67.6054 74.6955 2.44301
48 2.79009 99.7462 2.31294
49 88.4075 40.3486 2.56568
50 94.7631 22.8492 2.51786
51 11.8232 11.4022 2.14278
52 53.9023 83.6697 1.93745
53 22.2892 55.1999 -2.22602
54 86.2481 1.94734 2.13729
55 61.9655 77.6705 2.38533
56 86.0625 0.592402 1.69891
57 5.65444 88.2264 2.41219
58 92.0131 13.8278 2.66547
59 81.127 81.3448 2.46925
60 94.7068 19.4734 1.94272
61 3.78427 97.6502 2.57003
62 71.2324 89.1269 2.42467
63 81.4999 24.6252 2.07707
64 99.5873 17.3007 1.81999
65 69.1441 76.3004 1.66677
66 90.833 23.0542 2.67421
67 94.8312 24.0405 2.6425
68 72.0443 70.4558 2.22795
69 19.384 58.4419 -2.32676
70 4.93697 21.4736 2.46817
71 90.0225 93.1698 2.79514
72 90.9437 19.1318 2.88735
73 81.1968 52.3806 1.85471
74 7.9183 96.3703 1.80707
75 62.3315 83.0576 2.59862
76 7.58281 93.7651 2.48905
77 8.71165 22.3318 2.22848
78 91.4764 57.8944 1.28946
79 93.8076 17.5095 2.21441
80 4.01344 98.1578 2.28008
81 96.181 26.6671 1.8345
82 85.7658 20.2287 2.89345
83 86.6456 16.2871 2.04868
84 62.9671 75.544 2.21182
85 6.5133 2.97944 2.27234
86 5.07447 97.7504 2.52107
87 88.3355 49.4404 1.19138
88 65.0306 77.0434 1.68098
89 3.51837 93.648 2.05179
90 56.3091 83.8752 1.52279
91 2.32933 9.01783 2.60441
92 10.4601 18.8228 2.10192
93 80.7184 1.32911 1.89948
94 2.1292 98.3588 2.55283
95 57.8795 54.5182 1.54437
96 3.57417 19.5677 1.94781
97 10.4499 26.6219 1.95663
98 95.5677 83.0401 1.48579
99 6.39156 15.6984 1.88519
100 59.6605 84.8815 2.22791
101 92.1824 21.4953 2.31266
102 4.83426 95.5719 2.11751
103 83.8918 77.7372 2.53435
104 3.6901 3.58616 2.49495
105 56.1248 86.6773 1.94882
106 85.906 1.43434 2.39842
107 83.2927 90.314 2.55564
108 6.64027 9.60213 2.43699
109 93.5188 14.3662 2.24131
110 63.863 84.3599 1.92913
111 91.0903 54.6491 1.31912
112 52.7977 79.2148 1.61138
113 1.92602 13.7224 2.05222
114 1.50521 24.604 1.9095
115 65.1711 55.7721 1.36656
116 5.67099 88.3404 2.63005
117 91.8305 99.1413 2.47599
118 79.5224 39.6885 0.206412
119 84.5174 4.98658 2.43689
120 77.5673 69.8961 2.57305
121 66.3559 84.3565 2.69723
122 94.5873 91.5872 2.89785
123 80.6556 1.34514 1.84476
124 64.5943 59.8218 1.08139
125 94.7136 57.4542 1.43404
126 44.0282 13.2041 2.12885
127 72.7225 75.7558 2.49876
128 61.1632 82.8919 1.9063
129 91.5991 17.8209 2.2225
130 93.2442 1.59413 2.0957
131 7.68145 96.6847 2.0262
132 95.8983 56.4987 1.0955
133 87.6188 34.8495 2.3997
134 66.0397 89.0403 2.94791
135 68.4536 91.805 2.27843
136 3.60359 90.8174 1.84011
137 3.80035 19.59 2.21007
138 7.72348 0.681859 2.20597
139 79.3495 68.7554 2.35373
140 8.03863 96.0134 2.80961
141 79.2734 23.2832 1.84563
142 88.2405 15.3057 2.22813
143 87.1093 32.2345 2.10341
144 4.43869 22.0543 1.8094
145 95.2607 24.7484 2.22167
146 82.8344 89.3783 2.22386
147 45.9345 89.9312 1.431
148 83.804 51.3432 1.13334
149 90.3932 25.735 2.65114
150 6.87323 98.145 2.76432
151 98.9523 51.3691 1.39867
152 4.27392 91.6558 2.23678
153 7.3663 8.36615 2.77314
154 39.0698 2.42918 3.05145
155 82.0713 31.8723 2.67396
156 82.363 14.8246 2.80709
157 74.5263 84.5674 2.59706
158 4.00766 47.5509 0.75746
159 54.75 51.0653 1.66057
160 22.0669 56.2961 -2.25231
161 59.3642 51.9577 0.897866
162 88.4719 22.8274 2.65965
163 88.9265 61.2077 1.02811
164 69.0352 76.641 2.20964
165 86.7978 20.3164 2.07513
166 63.8343 75.2925 2.19367
167 90.2873 53.7704 1.62782
168 94.369 19.3147 1.921
169 65.9322 79.6645 2.35286
170 59.633 59.8003 1.32406
171 6.51397 20.3065 1.87622
172 76.6943 78.3941 1.98079
173 10.3174 97.331 2.42083
174 69.2072 82.9899 2.41125
175 96.5993 56.495 1.20412
176 66.0271 61.7334 0.983396
177 9.69649 55.1771 1.0887
178 54.2395 81.7368 2.10672
179 0.518188 10.0267 2.0061
180 6.03418 18.0925 1.70167
181 90.0688 32.6867 1.96166
182 94.6536 11.5946 1.85709
183 87.4302 40.003 2.28772
184 15.1296 22.4082 2.62424
185 71.1628 74.8959 1.67832
186 9.43612 6.10048 2.74684
187 61.838 59.7155 1.21518
188 74.2294 82.5025 2.09898
189 44.4298 31.0146 -0.290098
190 69.9113 79.9129 1.52661
191 78.3237 19.5642 2.06403
192 6.79751 59.1367 -1.57055
193 10.3962 13.1531 2.26953
194 89.2403 78.5089 2.14538
195 98.1379 12.5261 1.84428
196 78.0363 66.1828 2.44911
197 2.19331 94.3084 2.5585
198 13.9936 22.3318 2.23729
199 54.9476 60.4386 1.72392
200 14.0326 24.2972 2.1301
201 73.2757 54.026 1.64417
202 56.8426 85.1679 1.70269
203 58.9315 54.1802 0.949462
204 98.3133 47.1008 1.54856
205 89.7106 52.5127 1.52547
206 86.6238 78.1766 2.47981
207 85.9872 92.0644 3.01587
208 86.0003 26.2171 2.01736
209 60.2067 59.0433 1.6036
210 95.5081 23.1663 2.02881
211 8.39228 5.74435 2.38869
212 83.9688 32.892 2.49326
213 96.2805 51.688 1.53795
214 72.2198 79.2691 2.25826
215 86.9238 96.8831 2.87787
216 15.4797 6.36072 1.95797
217 99.0444 12.2982 2.37215
218 80.3559 39.0145 0.0634582
219 2.81019 36.3178 2.21797
220 86.5086 53.3694 1.1052
221 16.5804 16.7735 2.37239
222 85.0197 53.1761 1.29749
223 59.1707 85.4472 2.22
224 31.555 63.5126 2.93958
225 69.0692 59.3293 1.15063
226 51.6316 54.5756 1.77798
227 11.5571 8.86846 1.84511
228 5.10139 96.904 2.18753
229 14.2163 5.3447 2.72834
230 76.8111 82.1147 2.20198
231 96.7733 19.2546 2.09989
232 9.05008 14.1218 1.88328
233 86.8672 87.5903 3.07689
234 82.6598 80.3255 1.63328
235 85.5265 0.769889 2.32236
236 39.8841 93.9978 -1.65205
237 64.6501 58.8857 1.28129
238 95.0992 12.4824 2.6884
239 90.079 17.051 2.31778
240 99.1069 19.916 2.4626
241 79.1187 10.2652 2.10379
242 10.8069 7.96614 1.87036
243 12.6651 23.9628 2.51307
244 58.78 51.93 1.17073
245 11.205 11.3501 2.78675
246 8.4863 2.92765 2.14945
247 70.7035 77.9146 2.07479
248 80.699 100.345 2.17996
249 100.414 78.3829 -0.300144
250 94.9084 19.3339 1.98124
251 40.1639 30.525 -0.815917
252 57.6433 87.6469 2.17044
253 24.7772 52.9587 -2.34857
254 6.33435 96.0127 2.57701
255 89.4287 21.0043 2.06296
256 10.0207 5.3729 2.7648
257 2.30863 94.7683 2.67904
258 82.6547 18.783 2.15051
259 84.278 99.8451 2.60854
260 9.48055 41.7256 1.2544
261 89.9295 13.3691 2.66344
262 11.9906 1.0923 2.73713
263 8.81783 13.8957 1.91941
264 49.4554 92.176 1.00529
265 2.70549 94.1267 2.02911
266 10.7227 49.7014 1.1029
267 0.297981 19.8933 2.40371
268 77.0749 68.1066 2.03195
269 98.5977 24.3311 1.79744
270 92.6558 12.6729 2.55086
271 89.7558 6.27181 1.92703
272 95.1193 51.4553 0.995721
273 81.0848 76.5169 2.36942
274 94.3634 98.801 2.86227
275 7.50484 99.7131 1.88579
276 9.12439 45.4349 0.852823
277 11.0276 19.3509 2.446
278 66.5173 85.8745 2.28065
279 10.6854 8.34128 1.83594
280 99.4983 17.8938 1.8236
281 5.97251 1.63502 2.2672
282 86.6646 4.84041 2.59679
283 95.5165 50.4993 1.55043
284 44.4397 77.8801 -0.909507
285 9.13782 23.3326 2.43935
286 73.129 85.4558 2.5269
287 4.68931 100.189 1.91101
288 43.8165 42.6125 3.47766
289 19.2706 58.4134 -1.82106
290 92.8375 94.6547 2.33215
291 82.2054 32.8775 2.48122
292 79.934 31.1928 2.55017
293 87.2694 89.9644 2.53647
294 94.396 8.08585 1.75114
295 1.07816 13.0104 1.99105
296 16.1861 20.8448 2.39748
297 39.5448 6.86699 2.86837
298 86.2324 18.1275 2.09508
299 69.2767 54.8452 1.08321
300 97.0556 94.7497 2.88171
301 93.5671 21.6259 2.12672
302 76.4033 69.8268 2.31213
303 6.23325 2.13226 2.07136
304 81.8665 27.0277 2.06435
305 43.2633 31.3715 -0.0952743
306 30.4871 75.3013 2.4218
307 68.2545 56.4567 0.676802
308 87.3147 14.7644 2.01914
309 91.6037 97.3974 2.24241
310 53.7846 88.9446 1.61508
311 81.6574 92.7481 2.22286
312 10.6496 12.8543 1.96079
313 95.5634 52.7413 1.62499
314 93.1344 25.9482 2.44403
315 11.2066 8.72483 2.44306
316 10.1806 18.2764 1.95017
317 91.3791 14.1447 2.55337
318 66.7449 57.2973 0.747883
319 81.8506 54.8697 1.61581
320 88.5169 53.0778 0.817961
321 96.6815 29.6397 1.84393
322 82.035 50.0125 1.60011
323 92.298 16.2529 2.67721
324 55.6114 57.655 1.45199
325 16.0368 5.25526 2.91362
326 2.45082 94.3699 2.83895
327 88.7456 85.5555 2.35243
328 93.2942 49.3301 1.46923
329 95.2099 59.7598 1.73661
330 95.2349 51.0216 1.34182
331 52.9758 91.1077 1.23085
332 57.858 58.4748 1.36489
333 17.473 25.1375 2.13269
334 81.4016 96.3096 2.84754
335 68.9294 52.8929 0.974268
336 90.1972 51.7765 0.852819
337 83.6714 3.43707 1.74733
338 16.9968 7.42081 1.98942
339 -0.132498 96.186 1.8762
340 73.6751 70.7149 2.56451
341 87.3369 16.3633 2.14892
342 95.7087 22.2278 2.67671
343 15.6487 7.63604 2.00269
344 10.6723 3.243 2.83498
345 63.4608 80.1894 1.92136
346 81.1456 95.423 2.22953
347 10.4219 42.3229 1.23254
348 72.2244 87.9157 2.81272
349 69.8891 75.8792 1.89742
350 6.33729 4.97281 2.66187
351 84.7027 26.5372 2.05063
352 70.8677 83.4681 2.62466
353 59.8964 84.572 2.57848
354 90.6103 74.6126 2.34466
355 7.39512 93.491 2.09079
356 89.9192 48.2223 0.976216
357 70.5608 77.1487 1.68857
358 96.7611 16.0528 1.81244
359 85.3186 88.6251 2.24246
360 89.3069 26.0128 2.71119
361 7.50075 48.1054 0.999715
362 97.9584 12.8745 1.89601
363 5.35064 99.0723 2.34821
364 55.3196 89.7209 1.53578
365 7.92514 13.9462 1.97663
366 10.3927 22.9684 2.35044
367 92.0155 52.7195 1.55672
368 75.3184 76.0385 2.19984
369 97.7561 51.9624 1.43039
370 27.8243 68.0727 2.49976
371 91.2585 21.601 2.84837
372 96.9922 10.7029 2.64946
373 67.671 7.18013 1.74361
374 96.2104 24.7082 2.37191
375 17.4022 21.3228 2.21261
376 98.1276 14.9138 2.40705
377 95.6128 53.9794 1.10055
378 93.0783 96.3358 2.47745
379 89.899 55.7092 1.7294
380 5.43358 96.321 2.01189
381 53.9952 59.2465 1.72174
382 7.8314 22.2482 2.11975
383 65.7357 80.0241 2.33441
384 7.28837 13.4654 2.69668
385 63.6478 85.3319 1.77704
386 20.0239 52.9657 -2.36893
387 88.2639 38.7514 2.13685
388 15.8874 3.63907 2.19632
389 86.4843 90.3126 2.34111
390 84.3016 18.2626 1.97907
391 91.8999 16.0416 2.62523
392 87.7367 89.0931 2.33897
393 14.8828 8.10335 2.00969
394 6.95135 22.212 2.43878
395 94.3194 14.7421 2.0183
396 1.92691 33.9941 2.6158
397 95.3844 15.3662 1.86902
398 95.9783 51.169 0.758669
399 78.2004 5.78342 2.50393
400 82.8277 5.61615 2.30792
401 56.9241 55.5626 1.52866
402 89.7305 74.3832 1.79825
403 7.14715 19.9634 2.2905
404 97.7027 96.8699 2.40818
405 69.2529 84.0108 2.63286
406 73.1439 75.9039 2.07056
407 10.9129 25.273 1.97732
408 89.5799 99.8133 2.70515
409 92.508 51.6541 1.2639
410 82.6677 5.85444 1.99913
411 97.8857 22.0734 2.68582
412 6.52656 91.5138 2.79514
413 87.2687 14.4203 2.85039
414 14.8829 9.39074 2.64451
415 67.4147 78.1444 1.62536
416 11.5978 18.4912 2.09685
417 83.8465 6.14892 2.2216
418 99.5152 25.0293 1.89022
419 62.8527 78.0671 2.04164
420 84.6927 86.2501 2.99332
421 97.9065 23.3978 2.68583
422 87.4164 6.72223 2.45064
423 47.6908 34.2692 -0.0825505
424 1.17846 32.4149 2.53133
425 2.69437 12.4227 2.44774
426 10.4842 46.4186 1.28107
427 98.7125 27.7051 2.08745
428 0.145145 98.7207 2.78614
429 7.93551 99.9475 2.35771
430 89.1012 35.4846 2.37637
431 15.0984 17.5357 2.15391
432 92.5738 25.9386 2.73502
433 96.9367 48.3088 1.5081
434 91.2274 88.4459 2.2352
435 56.9603 89.7751 1.91301
436 93.5512 33.4779 2.61886
437 78.5596 67.7091 2.76334
438 89.6452 57.9011 1.53681
439 92.6295 54.0039 1.28789
440 7.98283 93.3067 2.86326
441 72.1758 75.3849 1.83544
442 1.77399 19.763 2.02963
443 55.0546 61.5575 1.90541
444 10.0385 12.7202 2.18276
445 68.5317 82.1864 2.05639
446 63.064 85.821 1.84776
447 78.5188 90.919 2.99254
448 99.7624 15.6819 1.99197
449 17.7109 57.7552 -1.7365
450 89.1644 17.5212 2.78229
451 89.9744 76.4922 1.95359
452 4.03012 34.5098 1.95769
453 5.17494 93.0041 2.35804
454 9.85444 33.1618 2.21594
455 66.768 79.4459 2.34707
456 80.2474 0.655089 2.17711
457 90.608 5.94715 2.25549
458 93.5168 4.22762 2.23816
459 71.7605 71.0416 2.45099
460 87.9738 87.1562 2.40316
461 29.2556 67.4746 2.19803
462 10.9991 10.9888 2.50634
463 95.9189 13.7373 1.85618
464 36.6188 4.60481 2.88948
465 90.1642 16.3939 2.66515
466 13.268 5.59106 2.87303
467 89.9381 53.0946 1.42359
468 78.3122 76.2307 1.94171
469 90.1722 32.208 2.43538
470 93.3581 39.5308 2.02202
471 94.7895 95.4898 2.77086
472 10.464 10.6772 2.52895
473 11.1199 18.8558 2.3685
474 56.3161 61.0915 1.82926
475 74.3345 77.6687 2.17207
476 70.2603 74.7482 2.29066
477 11.7029 4.14784 2.53368
478 89.8535 28.3986 2.56011
479 61.6616 79.1951 2.46679
480 83.508 93.0214 2.44537
481 85.3945 46.9804 1.1611
482 93.3493 79.1582 1.65139
483 87.2617 17.3549 1.95067
484 82.5341 89.6471 2.67285
485 9.08465 46.7257 1.49532
486 11.1608 99.132 2.07834
487 9.52617 2.11399 2.88734
488 79.9859 8.62534 1.90242
489 60.3254 77.8277 2.04619
490 65.0881 82.3445 2.72689
491 1.59638 95.6317 2.5978
492 12.6528 15.7831 2.27359
493 4.86311 4.23037 2.34867
494 95.4993 80.419 2.13109
495 86.4548 91.1796 2.57578
496 2.90507 22.525 1.81776
497 97.3456 24.3174 2.45427
498 10.4144 97.2222 2.56387
499 92.3419 58.7592 1.26597
