500
Particles
0 71.1725 100.099 0.465884
1 9.54219 1.86539 2.07367
2 91.3513 94.6599 3.1421
3 58.7121 13.8747 1.32387
4 11.5562 86.2174 2.25792
5 91.5234 3.85949 2.59166
6 52.352 2.24737 1.0169
7 37.0155 50.0418 0.709906
8 10.9663 9.4139 2.35822
9 11.1598 12.2926 2.1082
10 1.16842 7.14012 3.03368
11 21.0234 48.7812 0.681461
12 54.0711 15.7349 1.29531
13 8.61471 76.3375 0.901669
14 12.1346 88.1386 2.31507
15 20.6174 25.4418 1.72538
16 7.93447 13.1479 2.12151
17 0.480183 54.343 -1.93108
18 16.3626 0.586532 2.21312
19 73.4016 11.3346 2.95214
20 57.9734 14.8651 1.68755
21 45.1629 2.59015 1.38873
22 94.9999 14.1127 2.58675
23 15.3234 82.1712 2.19472
24 60.5704 18.1661 1.97387
25 88.1615 9.36995 2.85952
26 92.1789 1.89654 2.61502
27 15.3175 39.2376 1.9021
28 70.4495 3.30239 1.1227
29 14.6645 76.4889 1.37944
30 92.971 98.9736 2.70156
31 91.4082 14.6102 2.11421
32 58.2411 12.8611 1.63046
33 93.6992 92.1961 -3.32682
34 94.022 12.7162 2.57719
35 16.1245 10.2448 2.54177
36 15.1504 52.2518 1.36366
37 52.9007 8.09904 1.62738
38 82.5791 7.19135 2.90823
39 12.0713 83.3658 2.17342
40 96.3927 10.6309 2.2382
41 9.23458 83.1805 1.18317
42 3.16506 12.9316 2.85589
43 60.7482 14.6945 1.39906
44 9.37688 4.84035 2.64497
45 5.00089 12.2174 2.61622
46 93.4563 14.0371 2.91283
47 99.4378 26.0523 2.5857
48 96.9902 10.9937 2.13587
49 89.8842 5.85119 2.25869
50 23.3883 12.1503 2.11845
51 97.1013 17.0657 2.86645
52 57.2519 16.8523 1.45338
53 16.0808 50.2316 0.545328
54 16.0665 87.9845 2.37404
55 85.4044 18.3544 2.6323
56 18.653 90.5476 2.18146
57 0.183221 3.07383 3.03446
58 16.3877 94.2348 1.76604
59 86.1335 9.1625 2.06913
60 21.3404 7.13327 2.06352
61 1.57352 11.5042 2.95858
62 9.60971 7.63375 2.32178
63 7.67899 97.2448 2.05076
64 49.1286 6.67022 1.28475
65 84.1578 21.1054 2.0373
66 19.4327 9.0576 2.65108
67 20.8555 10.6369 2.50913
68 82.4041 17.7535 2.60987
69 6.38235 5.29673 2.58719
70 51.7512 5.20221 1.21057
71 92.5655 10.9962 2.99619
72 20.037 4.95635 2.32686
73 55.9696 7.37388 1.53046
74 98.3166 3.58212 3.05862
75 62.4574 22.3336 1.89863
76 1.54959 4.07817 3.04493
77 51.0962 5.2979 1.51819
78 92.6103 99.7397 3.20656
79 19.2748 97.2777 2.33525
80 97.9341 8.5166 2.62294
81 18.5946 8.48948 2.24771
82 77.0796 10.3089 2.50012
83 12.7966 93.005 1.80165
84 90.2904 18.3053 2.77592
85 96.3056 7.45983 2.83419
86 98.0846 7.22255 2.19491
87 77.5786 9.42131 3.11962
88 73.5557 11.8903 2.90919
89 96.4949 5.06487 2.25935
90 58.2358 18.657 2.08459
91 88.2049 12.7301 2.57205
92 78.0869 8.93216 2.22667
93 14.5574 90.4694 2.24722
94 98.2637 8.88539 2.86979
95 59.7515 9.10393 1.32385
96 45.9046 5.4803 1.1638
97 55.464 8.97006 1.53923
98 95.3002 3.56045 2.63102
99 73.2203 6.11557 1.01526
100 59.7165 17.2619 1.42046
101 18.5016 1.69702 2.67
102 1.73588 8.19206 2.42762
103 92.1486 7.93915 2.15315
104 97.7767 12.6777 2.96275
105 55.9553 20.054 1.8479
106 17.1016 89.7613 1.97412
107 70.5531 1.60922 1.34828
108 96.5774 14.5308 2.19806
109 21.5696 93.8339 1.91792
110 72.9638 65.3654 -1.19625
111 54.5731 6.97799 1.1874
112 57.592 13.6122 1.68906
113 57.8074 1.14618 0.825589
114 46.5947 11.4577 1.67064
115 52.4863 14.6148 1.21901
116 99.6289 2.12232 2.34621
117 88.7243 12.2532 2.1652
118 53.9152 15.3697 1.68196
119 16.0161 89.718 1.92383
120 89.5143 10.0229 2.96836
121 14.3974 10.7153 2.13049
122 97.1523 10.4397 2.43962
123 13.1328 99.451 2.31618
124 5.14015 72.6379 0.854718
125 84.7688 17.4226 2.51969
126 4.90526 18.9292 2.94881
127 7.00435 78.9839 1.78517
128 60.6841 18.6273 1.44754
129 70.5997 96.9779 -0.169518
130 74.1433 4.11125 1.68572
131 0.319018 7.08688 2.35202
132 92.7845 22.4851 -2.616
133 92.692 26.4914 -2.89434
134 89.8415 4.60113 2.70516
135 58.0397 5.87258 1.18877
136 97.7398 4.13203 2.84094
137 53.7212 6.78773 1.92447
138 0.427329 10.4093 3.05149
139 91.5765 10.0331 2.35253
140 3.32987 8.92044 3.06852
141 86.4043 19.6828 2.16476
142 16.8029 93.8159 1.9371
143 7.71219 13.3108 2.20588
144 51.2666 10.144 1.64668
145 68.4809 99.4404 -0.21881
146 74.8911 2.35845 1.26433
147 90.9244 91.1965 -2.97981
148 65.3124 7.3164 1.87723
149 18.378 7.70939 2.14612
150 4.44895 11.4322 2.2205
151 58.3119 11.5111 1.70103
152 -0.426419 3.90734 2.6387
153 95.8488 13.4005 2.36431
154 7.26503 12.3548 2.79778
155 94.5025 27.8983 -2.23895
156 15.5654 10.4774 2.15166
157 1.7298 18.1823 2.31023
158 90.5493 2.25766 2.58804
159 10.0304 20.5248 2.57726
160 93.3428 95.8939 2.87091
161 5.44721 16.6344 2.45822
162 19.9367 13.657 1.83894
163 81.7925 14.3937 1.9631
164 62.7434 40.905 2.71999
165 16.208 8.76331 2.60938
166 77.5662 12.3623 2.44108
167 58.3815 9.26672 1.14218
168 18.1304 99.6468 1.93767
169 63.4591 15.9284 1.54026
170 0.913698 93.0895 -0.362131
171 52.1233 2.00697 1.58034
172 67.5853 100.054 0.201992
173 5.47242 10.1188 2.83074
174 90.8456 2.58621 3.03453
175 90.7193 18.511 2.11103
176 16.6984 26.2472 1.86233
177 94.0255 9.25947 2.37052
178 62.2845 17.0777 2.12246
179 69.8718 3.53382 1.79854
180 57.7601 2.37855 1.81415
181 10.5973 12.7624 2.26067
182 19.8486 90.9035 2.47131
183 80.4629 2.47518 2.54416
184 81.9392 11.146 2.00652
185 90.3026 27.9733 -2.45251
186 99.2203 12.3721 2.30557
187 59.3595 12.9043 2.2289
188 11.0114 94.2403 1.85233
189 93.3288 96.2917 2.55746
190 90.5201 2.31439 2.84244
191 52.1279 11.0227 1.61358
192 96.6668 3.02038 2.96546
193 93.2674 15.6879 2.27929
194 95.2017 5.16105 2.19461
195 49.4378 3.6865 1.19209
196 91.616 6.99264 2.40923
197 98.6192 7.4342 2.47708
198 77.1415 8.58343 2.52621
199 92.0564 5.58359 2.28545
200 54.2228 4.92762 1.26188
201 11.0125 75.1467 1.53526
202 58.222 17.807 2.10492
203 9.01298 20.6517 3.07252
204 92.7658 2.06143 3.02951
205 58.3155 7.26335 1.7229
206 95.7295 9.08696 2.17108
207 88.1116 11.9415 2.17906
208 84.3244 14.2506 2.80103
209 56.7411 14.6986 1.69911
210 20.8779 4.79795 1.81118
211 97.1879 11.6523 2.15433
212 90.8962 23.4464 -2.95831
213 61.7608 9.83997 1.75381
214 10.2824 94.9005 1.77478
215 63.1217 1.3801 1.66174
216 4.48886 14.7728 2.47636
217 49.0256 1.94373 1.82598
218 0.656228 21.8167 2.91682
219 3.10829 53.8618 -1.27521
220 56.3305 7.62681 1.99263
221 97.6746 16.8385 2.31066
222 53.5394 8.26179 1.74978
223 55.1257 23.5749 2.30337
224 59.0214 14.2327 1.49616
225 21.3704 48.9225 0.669065
226 7.8747 10.9664 2.33679
227 98.3792 11.8608 2.86392
228 -0.0780404 7.61682 2.4586
229 2.80699 11.0499 3.01599
230 9.46043 78.1242 1.12173
231 25.0014 5.67783 2.16259
232 89.8517 15.4235 2.49628
233 93.1523 11.3566 2.16906
234 90.4077 8.33549 2.26025
235 17.6108 87.4969 1.71313
236 7.93576 9.93444 2.21728
237 94.5037 95.7802 2.96844
238 17.7839 87.7558 1.77078
239 12.0505 89.5275 2.69702
240 50.0561 11.2405 1.75228
241 10.617 6.14401 2.3906
242 98.1487 13.8192 2.49619
243 56.5653 4.00046 1.4216
244 7.75173 17.4682 3.0557
245 97.953 16.1553 2.92384
246 0.288181 9.40574 2.68259
247 4.04915 83.8791 1.92928
248 14.816 92.0005 2.68067
249 97.1206 2.99313 2.75561
250 11.8643 42.2894 1.72166
251 89.8646 96.4514 2.71255
252 34.689 49.1421 0.691435
253 58.0898 16.0237 1.63082
254 0.315276 7.69257 3.01078
255 18.1647 7.56264 2.37203
256 0.0751191 13.8712 2.81373
257 99.4809 8.28198 2.41136
258 12.7849 10.579 2.11751
259 19.3586 89.4924 2.22663
260 93.7589 5.16818 2.40414
261 17.552 92.7796 2.18501
262 4.77605 12.3535 3.012
263 91.0406 15.582 3.00651
264 93.3019 91.8124 -3.56126
265 97.0075 4.46184 2.17883
266 94.9801 8.15483 2.45436
267 47.8848 7.68987 1.82346
268 91.7068 12.6584 2.98765
269 15.7599 42.4613 1.67682
270 18.5198 94.3206 2.02664
271 20.6658 90.3808 2.67939
272 61.3698 9.98804 1.41791
273 90.6791 7.76754 2.78918
274 92.9464 12.1055 2.66692
275 0.462309 8.7028 2.79259
276 94.54 5.93846 2.14849
277 65.0537 4.27116 1.56895
278 6.11488 0.521236 2.5026
279 99.501 16.2894 2.45565
280 16.9459 92.0327 2.31986
281 98.9752 9.72944 2.34999
282 16.7585 89.2251 2.6193
283 54.3896 13.6384 1.21748
284 5.21831 3.93846 2.21221
285 53.7838 5.33756 1.56847
286 5.15447 82.1522 1.89433
287 98.184 10.5453 3.02106
288 68.3429 11.0071 1.8045
289 5.59658 3.69893 2.9052
290 94.2848 12.9255 2.99327
291 11.6718 2.95463 2.02645
292 63.7803 15.1321 1.48349
293 91.5125 11.7733 2.62876
294 17.1555 87.0181 1.74097
295 4.99261 24.2294 2.32511
296 84.1528 13.0784 2.73498
297 6.13275 12.5864 2.52441
298 13.6698 5.01499 2.54171
299 55.7978 9.35407 1.35869
300 95.7249 8.30653 2.3129
301 20.6433 6.53116 2.3843
302 86.1381 6.77778 2.8466
303 99.4679 10.5122 3.13251
304 8.12104 99.4936 2.1021
305 92.1394 97.3663 2.70715
306 20.4 49.406 0.731689
307 93.4799 95.2564 3.40228
308 17.4385 93.3839 2.08169
309 92.4459 15.0055 2.82756
310 22.7265 49.2879 0.601156
311 11.6776 80.2645 1.8178
312 96.4373 15.057 2.37215
313 59.0278 11.0522 1.75484
314 9.46477 22.807 2.19978
315 97.6595 12.0489 2.71209
316 58.1049 3.39743 1.9076
317 17.9598 96.313 2.49225
318 53.1164 16.8268 1.65597
319 53.1652 10.0583 1.54527
320 53.819 7.29925 1.52103
321 2.78047 51.9504 -1.48017
322 57.7682 5.10941 1.28755
323 17.4422 96.541 2.62214
324 98.6299 98.5844 2.71773
325 4.4933 14.0623 2.92067
326 98.8873 4.78914 2.38245
327 95.0918 9.93803 2.59839
328 80.6433 11.7804 2.55486
329 62.4725 10.883 1.43662
330 59.4405 10.098 1.49505
331 84.7688 62.0783 1.6561
332 60.0499 11.4129 1.2981
333 74.3449 7.54946 1.97099
334 11.8841 85.9857 2.19505
335 51.4864 10.0619 1.43681
336 57.2911 6.38518 1.62172
337 12.6918 88.3493 2.67343
338 2.5678 13.4375 2.81865
339 98.6831 9.96332 2.46842
340 43.6093 3.82921 1.6612
341 13.2287 94.2323 2.41531
342 18.2414 100.317 2.4174
343 1.62966 14.6694 2.42681
344 1.77427 10.5817 3.14604
345 63.0143 14.8131 1.63793
346 8.76047 85.6242 1.91688
347 91.9754 3.52055 2.80927
348 10.8099 93.051 1.83385
349 91.5793 99.3375 2.77518
350 97.966 14.6293 3.04568
351 13.1144 11.8894 2.15016
352 8.59054 1.80397 2.49302
353 58.3998 20.9442 1.97648
354 96.6491 5.87624 2.49722
355 2.18707 4.76729 2.82963
356 71.7723 7.86041 1.15994
357 1.37866 29.8431 -3.3145
358 20.2571 95.8595 2.29216
359 88.8671 10.6485 2.83391
360 11.4983 16.5713 2.6006
361 87.7203 5.45547 2.81567
362 49.095 5.3455 1.47595
363 99.2656 6.91398 2.96484
364 94.2518 94.6085 3.29342
365 94.5048 17.4726 2.59452
366 53.2021 4.49865 1.34644
367 57.5415 8.22027 1.70008
368 74.7881 2.23698 1.08191
369 66.0526 10.1609 2.38871
370 55.1997 17.513 2.16917
371 19.264 7.5689 2.25354
372 18.5046 86.3854 2.73634
373 53.6031 6.24089 1.32544
374 92.7613 95.234 2.95478
375 91.8919 16.6784 2.67632
376 21.3485 91.5655 2.32917
377 57.3855 11.2667 1.27614
378 93.6204 14.5425 3.00033
379 56.1463 9.98637 1.40197
380 2.40145 10.3231 2.64335
381 94.5719 99.5752 2.45615
382 48.5343 3.09867 1.50052
383 69.5531 12.934 2.11408
384 88.7277 13.4039 2.40156
385 26.7072 48.8323 1.41561
386 15.2651 51.3622 0.983982
387 92.1219 6.78285 2.16923
388 5.92352 13.1817 2.42264
389 87.0012 8.30683 2.5038
390 15.6127 3.31691 2.41589
391 15.7659 92.1278 2.0072
392 87.1694 5.90549 2.08064
393 1.70938 15.8211 2.34207
394 50.0155 5.4306 1.46354
395 20.2146 97.0897 2.46823
396 3.34144 51.5989 -1.7766
397 51.561 14.2786 1.0684
398 62.3879 9.98707 2.31041
399 14.1583 8.56189 2.19177
400 12.0625 89.0667 2.25553
401 78.9665 13.8049 2.49898
402 97.2351 5.1912 2.24525
403 48.1203 1.82073 1.0947
404 96.446 10.6272 3.07408
405 8.43147 1.99304 2.42869
406 8.33969 76.4498 0.961361
407 51.777 4.11787 1.69764
408 63.7164 1.51344 0.836175
409 58.1555 6.52385 1.41729
410 10.1265 89.2712 1.80963
411 47.7569 12.9301 0.988029
412 7.12672 7.52639 2.65
413 14.9264 91.76 1.88359
414 0.451247 14.7648 2.91756
415 63.4971 14.6147 1.28202
416 84.7156 12.9682 2.45831
417 12.3671 91.3688 2.66907
418 21.5985 4.12947 1.9204
419 71.5977 13.0485 2.0906
420 90.5763 10.9193 2.40941
421 16.7768 1.39138 2.48027
422 18.216 91.9658 2.62747
423 55.2502 5.86894 1.66477
424 15.8618 25.23 1.9551
425 51.085 100.455 1.32288
426 55.3333 11.5791 2.0405
427 88.2978 97.9115 3.2962
428 98.323 13.2099 2.70579
429 3.65429 13.5194 2.61106
430 7.1419 14.9811 3.02185
431 93.8411 17.566 2.56614
432 18.9392 9.74677 2.1443
433 60.2843 9.30699 2.05329
434 94.2483 10.5742 2.37842
435 92.7034 92.1352 3.45657
436 9.50897 13.4326 2.13628
437 91.8787 7.45447 2.17431
438 13.7957 77.6188 1.48229
439 56.5758 8.90419 1.54963
440 2.46226 5.0489 2.4779
441 5.40716 74.9059 1.51059
442 50.3062 5.84917 0.993157
443 94.4979 4.37886 2.04431
444 96.0043 15.2328 2.79013
445 90.6373 2.49467 2.39313
446 94.4864 63.4611 2.24754
447 9.55103 80.7988 1.12967
448 23.8666 30.7843 2.03213
449 4.94155 4.70072 2.35276
450 15.5222 95.2511 2.41433
451 97.5067 6.4013 2.06778
452 90.7772 98.4425 3.1953
453 4.26816 10.1333 2.49385
454 67.9014 98.7753 -0.33499
455 77.6445 15.8828 2.29498
456 8.86386 87.215 1.66187
457 15.9285 86.5733 2.50788
458 26.434 13.0084 2.61373
459 88.6114 22.1249 2.32218
460 90.6972 7.05838 2.91074
461 58.5486 18.3288 1.52564
462 98.419 16.5577 2.15882
463 20.3912 92.0342 1.89935
464 98.968 17.0413 2.67284
465 17.6631 95.4179 1.91733
466 2.39991 12.9481 2.52383
467 54.0878 7.1066 1.42544
468 87.6687 9.41238 2.52819
469 11.9377 12.1537 2.83556
470 10.7733 0.261719 2.69184
471 97.7196 13.7281 2.71793
472 97.6215 16.0882 2.63116
473 61.4152 3.41043 1.1308
474 22.1069 26.664 2.07262
475 7.9262 78.9216 1.38839
476 1.46192 28.6608 3.26239
477 97.8387 7.59167 2.32155
478 90.7068 18.5132 2.64179
479 63.7737 13.5316 2.08437
480 19.1829 85.9595 2.29119
481 84.8597 13.5935 2.37125
482 97.6848 5.39345 2.31761
483 15.4117 97.8827 1.75502
484 81.2429 6.44111 2.51096
485 85.1288 5.22161 2.52932
486 5.8955 8.63176 2.54496
487 3.94919 14.8574 2.88015
488 13.675 10.5856 2.75445
489 80.1519 15.1909 2.7656
490 35.0366 47.4968 0.38426
491 0.859549 9.7881 2.4229
492 97.2152 17.3329 2.35415
493 97.424 13.909 2.24162
494 -0.338523 7.73463 2.65062
495 90.3732 11.9279 2.60615
496 51.4965 11.3562 1.16863
497 17.3303 22.8177 1.48133
498 7.15765 13.0069 2.23419
499 0.652776 24.4817 2.50669
