500
Particles
0 13.8825 26.8358 -3.2011
1 79.0278 58.1919 2.12221
2 61.5697 28.7819 1.93516
3 58.0525 49.3134 1.92598
4 7.02347 81.1373 2.42202
5 84.114 55.9969 2.28273
6 30.1854 97.252 2.51874
7 68.4091 56.085 2.37001
8 0.724738 91.5419 2.79846
9 40.9399 34.3298 0.867584
10 29.5887 75.6172 2.55166
11 28.6665 8.11953 2.20517
12 72.3191 28.2886 2.27199
13 98.6214 55.6522 2.68032
14 8.60128 83.7157 2.81833
15 0.626965 60.9973 2.5843
16 50.1439 84.5106 1.1928
17 25.435 14.0377 2.27802
18 13.0223 99.4551 2.12127
19 -0.287171 1.3877 2.57768
20 59.5483 50.7262 2.33268
21 28.0742 95.9541 2.38595
22 27.5456 85.5813 2.5578
23 2.46408 70.6407 2.32535
24 62.2103 52.3348 2.16271
25 14.6192 75.1759 2.24659
26 8.11392 23.8791 2.58254
27 24.4717 2.40306 2.97463
28 25.821 91.3267 2.4215
29 77.7477 26.4588 1.09471
30 50.4828 25.1998 0.954061
31 26.0211 87.999 2.02821
32 87.2146 26.6779 1.21065
33 53.1419 59.8983 2.33264
34 14.2461 71.2974 2.54552
35 13.8865 6.23267 2.39953
36 40.5552 56.5859 2.36605
37 78.1394 24.5277 1.00024
38 15.5869 79.1339 2.74904
39 4.94014 73.5553 2.76912
40 11.4181 61.6948 2.88596
41 0.648997 70.0914 2.62329
42 34.0878 78.9806 2.6378
43 60.5015 50.5186 2.51693
44 82.6182 58.3655 2.48551
45 39.3007 83.4387 2.62158
46 14.7836 74.637 2.11802
47 79.7969 47.7079 1.92682
48 26.0239 78.4277 2.22568
49 11.6586 21.5563 -3.43024
50 19.45 3.36688 2.54862
51 35.1445 90.6228 2.44209
52 59.0405 53.1003 2.24357
53 44.2446 56.0821 3.2462
54 9.42486 81.2131 2.93599
55 66.1781 47.862 2.05407
56 10.5503 81.4261 2.85571
57 28.9177 68.1397 2.72065
58 16.3166 94.4873 2.12054
59 4.05243 61.0603 3.14957
60 19.2756 99.6101 2.30456
61 27.7055 77.2172 2.52147
62 97.3547 72.5303 3.03421
63 6.28961 6.58457 2.08924
64 24.8411 99.2405 2.34045
65 79.5907 48.109 1.73504
66 16.2462 3.75526 2.1029
67 18.9198 3.74201 2.94866
68 84.5083 44.2184 1.98587
69 41.5085 74.5936 2.74786
70 27.1941 99.1753 2.77667
71 16.4778 75.4233 2.61974
72 16.1292 99.833 2.22716
73 75.204 21.7176 1.73823
74 32.5159 76.7235 2.22448
75 67.9874 52.7209 2.31844
76 33.6504 75.9579 1.74958
77 30.8567 99.6588 2.54556
78 80.869 28.6448 1.60387
79 16.5327 95.4617 2.82392
80 28.4121 78.6143 2.20261
81 19.6865 5.73373 2.92559
82 4.25713 99.2971 2.62138
83 8.7279 94.6089 2.33539
84 64.8084 45.8411 2.32645
85 29.5183 81.0459 1.80029
86 29.607 78.1966 1.96994
87 80.6312 19.347 1.41395
88 68.4537 46.9242 2.10823
89 27.123 73.3801 2.83287
90 62.6182 53.4651 1.95418
91 26.307 88.8666 2.70569
92 32.5332 96.5818 2.06101
93 2.94819 80.0958 2.68523
94 26.3087 77.9773 2.67285
95 44.7704 26.4164 0.478443
96 26.7725 98.0156 2.70958
97 31.1578 3.3231 2.849
98 17.5641 63.0238 2.50625
99 28.9451 93.5818 2.83506
100 63.1619 54.1142 2.02052
101 16.7797 1.42543 2.15689
102 29.0215 75.6066 1.90922
103 7.82315 58.7063 2.53892
104 28.4694 83.427 1.91002
105 61.3019 55.699 1.89817
106 10.8208 82.0629 2.60951
107 5.54727 68.6373 2.94247
108 29.4851 88.1573 2.26174
109 16.4632 92.6856 3.09731
110 69.7551 54.0587 2.13016
111 82.8828 24.0983 0.983654
112 56.7083 48.1579 2.12851
113 26.3785 93.3151 2.77173
114 25.152 3.61043 2.80839
115 61.7408 25.1525 1.61134
116 31.2049 70.8676 2.73884
117 15.9696 78.7743 2.04458
118 56.9017 21.2668 1.54798
119 7.0562 84.7437 2.60629
120 3.46753 54.4357 2.64092
121 74.6745 56.5309 2.24306
122 20.6083 74.2798 2.22505
123 3.94052 81.2704 2.26574
124 62.235 28.7338 1.22298
125 83.3428 28.1483 1.06738
126 48.0381 86.6738 1.90829
127 95.9724 56.6523 3.318
128 65.4512 51.7838 2.34205
129 17.8552 99.7275 2.67169
130 17.1925 81.6506 2.82266
131 31.9453 76.5718 2.20539
132 85.8446 26.3359 1.17194
133 12.1884 18.1347 -2.96159
134 58.6414 67.4274 1.72734
135 80.7239 84.5553 -1.32461
136 27.2447 70.7402 2.1433
137 27.7648 99.3244 1.93581
138 31.6996 80.3793 2.71526
139 5.2322 54.9311 3.34236
140 32.5241 76.182 1.96645
141 2.929 8.61062 1.80831
142 10.5492 93.2614 2.32242
143 12.9611 14.9518 -3.37139
144 27.3764 0.645412 2.03024
145 20.8036 5.74816 2.74063
146 5.96564 67.8151 2.19402
147 56.7758 60.6897 2.32043
148 77.0756 21.0644 1.3684
149 14.6147 5.19505 2.35465
150 31.6355 78.3935 2.29109
151 3.40743 22.6987 2.68521
152 28.5575 71.95 2.18615
153 30.8643 86.9248 2.04599
154 49.6164 80.3974 1.2002
155 9.17202 17.2963 -2.83576
156 4.92048 94.5186 2.76975
157 94.0611 62.5201 2.73136
158 9.58558 22.8762 -3.07117
159 41.922 23.5275 0.631846
160 43.8109 56.8279 3.1401
161 45.5266 24.4705 0.563124
162 13.5874 3.61406 2.28752
163 69.8021 42.2412 2.46805
164 79.5583 48.323 1.74442
165 7.98571 99.492 2.12329
166 66.4213 45.5968 2.49751
167 83.9435 22.7399 1.64358
168 19.0049 99.7756 2.56651
169 75.4018 50.1432 1.43144
170 49.6352 31.0882 0.853093
171 28.1789 97.3387 2.20259
172 0.923313 58.8529 3.13544
173 34.3374 76.8103 2.02814
174 79.3538 53.9386 2.00736
175 87.3194 26.4147 1.08649
176 62.8708 30.5035 1.22418
177 6.62486 52.7293 2.89543
178 60.1104 51.6709 2.43096
179 24.7708 90.6005 2.63946
180 28.6302 96.0577 2.72856
181 15.4465 15.6482 3.11645
182 16.2365 89.8745 2.80616
183 9.62726 20.0479 -3.02111
184 37.6429 99.8867 2.42139
185 82.6743 47.8047 1.83101
186 32.2581 84.6046 2.44129
187 57.3134 29.5279 0.0282341
188 93.715 60.3276 3.14811
189 33.5646 13.9459 2.26346
190 81.6248 52.1165 1.72167
191 82.9191 1.64296 0.781335
192 17.3201 56.5796 2.71371
193 34.6431 92.7248 2.76309
194 15.0245 62.3075 3.14157
195 23.2613 93.6183 2.39102
196 4.42034 52.8008 3.15017
197 26.5169 74.3528 2.31068
198 35.3143 99.0001 2.03387
199 46.5102 31.2512 0.762447
200 34.3418 100.351 2.29905
201 69.9211 24.0325 1.91065
202 61.2624 53.6556 2.01362
203 46.6698 25.7306 1.42505
204 8.50694 22.4301 -3.4885
205 81.8324 22.1464 1.37072
206 12.3188 62.4415 2.85552
207 11.7892 74.4943 2.73212
208 12.322 9.08343 2.48913
209 54.5143 29.6043 0.175643
210 19.4066 2.61197 2.34661
211 31.2041 84.1347 2.31494
212 9.3324 16.0634 -2.47911
213 87.4573 21.5668 1.1018
214 93.4885 57.0887 2.75814
215 12.3922 78.3218 2.31547
216 37.657 84.5098 2.27902
217 24.7314 94.4901 2.09392
218 57.7245 19.8729 1.0619
219 24.6067 13.7296 2.94402
220 77.1173 23.0508 1.34
221 38.283 94.4628 2.35381
222 76.5061 23.1929 1.94962
223 66.1377 55.9785 1.95065
224 54.2799 50.5365 1.84806
225 65.5283 28.3976 1.6998
226 40.9176 26.0426 0.519685
227 35.412 88.7513 2.07386
228 30.1471 78.2516 2.38849
229 36.8103 83.7328 1.91735
230 98.7947 60.4763 3.37659
231 21.5528 0.352301 2.67336
232 31.9876 92.8367 2.44184
233 14.8101 73.2158 2.17367
234 6.41344 59.9543 2.90365
235 10.922 82.2305 2.4711
236 47.7506 80.5441 1.7239
237 62.201 27.7849 1.86772
238 19.8025 93.1555 2.73551
239 11.3095 93.6864 2.36525
240 23.5624 1.01516 2.30665
241 3.11943 91.7903 2.81592
242 32.5507 85.4612 2.84793
243 33.5021 100.307 2.07909
244 44.8648 24.0903 0.390267
245 33.9863 89.7466 1.95286
246 31.6189 81.5285 1.89887
247 83.4839 51.1475 1.97989
248 5.54292 81.4606 2.37908
249 19.2349 61.827 3.19059
250 19.3424 99.7963 2.7277
251 31.0538 13.9063 2.44099
252 63.5155 57.0161 1.64788
253 50.2332 51.5857 2.03431
254 30.3572 75.2224 2.30491
255 13.6959 1.55054 2.21571
256 33.6728 84.5975 2.61432
257 25.7477 73.9593 1.88108
258 5.0655 97.4499 2.41775
259 9.7402 81.213 2.25847
260 16.4705 20.5075 -3.32736
261 9.67618 89.8507 2.01391
262 35.3081 80.129 2.47623
263 31.5933 92.2757 2.92092
264 57.0516 62.5698 2.11117
265 27.2819 74.6924 2.30138
266 16.1054 26.6137 -3.23697
267 24.6074 0.583583 2.92026
268 3.30905 53.5296 3.05758
269 21.8594 3.55368 2.24835
270 14.9776 90.4273 2.63216
271 13.278 86.4539 2.40392
272 85.4852 21.2014 1.27979
273 5.68917 57.8255 2.76717
274 18.5659 78.5847 2.72971
275 31.3946 78.8838 2.33014
276 14.8824 22.161 -2.64713
277 33.7835 97.4376 2.72867
278 73.6615 56.4229 2.07366
279 33.474 86.8481 2.52505
280 23.76 98.4496 2.57513
281 29.7434 81.2964 2.32873
282 9.58843 84.029 2.80775
283 84.7322 21.2937 0.952663
284 46.5731 75.1444 2.49554
285 30.7602 0.475944 2.60618
286 98.0493 67.1016 2.96565
287 28.3939 79.8689 1.83518
288 49.0828 16.8751 1.01993
289 41.2207 73.8739 2.64074
290 17.3994 74.8629 1.91405
291 7.97284 17.9416 -2.771
292 6.73535 16.793 -3.12683
293 13.5956 73.7175 2.50082
294 14.9017 85.8311 2.39136
295 26.7946 94.7338 2.03232
296 39.5309 99.1769 2.4704
297 48.0547 83.0025 1.73435
298 8.4831 95.8826 2.48528
299 66.3475 23.5892 1.79384
300 21.5481 74.8329 2.21781
301 18.9299 3.15699 2.2287
302 1.91913 53.9453 3.24182
303 30.8825 81.6464 2.68582
304 8.1545 10.6199 2.47246
305 33.7536 13.7675 2.44035
306 54.5856 57.2279 2.15075
307 64.7859 26.1433 1.93332
308 9.53694 92.1183 2.20816
309 15.9776 77.1338 2.02555
310 60.0595 58.805 1.80139
311 5.25606 72.4944 2.6218
312 33.5826 90.7874 2.32874
313 86.4833 22.8886 0.971305
314 17.7858 6.02327 2.726
315 33.2481 86.3827 2.22598
316 32.4908 95.8294 2.71307
317 13.8804 92.0492 2.92849
318 62.4447 26.4431 1.64394
319 75.748 24.1886 1.19288
320 78.8264 22.8288 1.06565
321 19.768 8.60293 2.45772
322 76.5892 19.2652 1.86566
323 16.1047 95.5838 1.98529
324 43.7472 28.5824 0.467821
325 38.5748 84.1266 2.654
326 27.2633 74.5501 2.7203
327 15.6074 70.8564 2.42871
328 83.6826 19.5503 1.20992
329 82.431 31.186 1.33829
330 86.733 20.6073 1.03384
331 61.282 61.8447 1.80887
332 46.766 29.114 1.24959
333 38.8077 1.96811 1.48789
334 4.85917 75.6332 2.98583
335 65.1589 22.2537 2.01638
336 80.1392 21.8764 0.988351
337 7.1998 83.5821 2.86375
338 40.144 86.4039 2.25137
339 24.0963 75.7616 2.2263
340 98.0893 52.4458 2.91579
341 9.41355 93.7204 2.50876
342 20.3333 2.3818 2.78039
343 37.0421 85.1676 2.29601
344 33.711 81.5525 2.67136
345 66.6493 50.1164 1.89471
346 2.87409 73.1499 2.27896
347 18.6615 21.086 -3.02666
348 96.6171 68.8783 2.41651
349 82.727 49.3291 1.31109
350 29.2651 83.5194 1.95701
351 9.94272 9.0582 1.8879
352 84.9858 56.8935 2.52392
353 65.3087 54.0951 2.23898
354 16.2715 59.7995 2.65311
355 32.0932 74.2605 2.49967
356 80.8586 18.2692 1.15164
357 81.4974 49.2682 1.19444
358 22.1639 98.1383 2.78489
359 12.4556 72.6719 2.93334
360 15.7813 8.80004 2.85064
361 13.696 24.0881 -2.7464
362 23.6725 95.7672 2.83649
363 30.5249 79.6885 2.17863
364 64.7174 60.4539 2.68886
365 30.0674 90.8754 2.33234
366 32.5066 100.25 2.43991
367 82.4595 22.9425 1.80667
368 0.949542 58.2831 2.63268
369 93.8233 20.7594 0.795394
370 53.0183 54.4278 1.71659
371 16.9473 3.06909 2.46145
372 21.0282 90.4418 2.90905
373 43.9327 7.12942 1.13661
374 19.3863 3.52602 2.19172
375 39.5925 98.9997 1.84077
376 22.5832 95.4661 2.23633
377 86.9741 24.3194 1.57677
378 18.2116 77.3228 2.34746
379 80.4766 25.4417 1.8606
380 30.4094 77.2529 2.13336
381 43.0264 30.2101 0.966891
382 29.4951 99.1831 2.35585
383 70.3092 49.2814 2.48494
384 30.2739 91.8686 2.89552
385 68.1275 55.8227 1.99107
386 41.0165 53.3141 3.03955
387 11.6193 19.9927 -3.30885
388 39.3204 82.4855 2.46124
389 11.7425 72.2478 2.78659
390 7.17194 96.9972 2.37031
391 15.5216 95.3676 2.59811
392 14.0236 72.4348 1.98834
393 37.188 86.8564 2.77283
394 28.6557 99.6581 2.43976
395 20.1217 96.8573 2.07529
396 23.4015 11.2708 2.0544
397 22.0426 98.7975 2.94686
398 86.4681 21.2248 1.16478
399 3.7513 89.5212 2.67062
400 5.65579 84.5304 2.53575
401 43.5467 27.9201 0.857127
402 16.0044 59.3856 2.55245
403 29.5723 97.5078 2.05967
404 21.2838 75.946 2.43866
405 81.1457 57.2878 1.98463
406 96.7513 56.2255 2.637
407 30.8179 0.61641 2.94069
408 13.5044 79.0961 2.68852
409 83.3062 21.4424 1.18464
410 7.47352 86.7567 2.43245
411 22.7373 2.52894 2.82533
412 31.257 72.0684 2.34954
413 9.72826 92.5024 2.90643
414 37.1082 87.2772 2.42962
415 77.0866 48.8156 1.26359
416 33.6353 95.8443 2.76073
417 6.60385 85.2333 2.16856
418 22.8093 3.90938 2.5815
419 66.4508 47.9235 2.05845
420 9.62384 67.8169 2.59521
421 21.5389 2.37259 3.02764
422 10.5582 86.1005 2.55944
423 64.9755 14.3485 2.90618
424 23.6592 11.143 2.91983
425 27.0762 92.3733 2.13611
426 18.2822 23.5374 -2.86415
427 22.3458 7.21214 2.63139
428 24.6082 79.6189 1.75967
429 32.3923 79.7232 2.2419
430 12.9012 16.736 -2.92423
431 37.7592 96.0043 2.79736
432 17.2903 5.91414 2.4836
433 88.7596 18.0034 1.39329
434 17.4848 72.175 2.52173
435 65.2305 59.5601 2.08401
436 16.966 16.2751 2.73369
437 5.4444 54.9788 2.84757
438 78.3535 28.6743 1.82317
439 81.7507 24.2954 1.01074
440 33.7638 74.9283 2.22372
441 94.2949 54.4398 2.63006
442 26.0053 99.9081 2.59503
443 44.4408 32.5825 1.07273
444 32.645 90.792 2.5091
445 77.8285 53.8196 1.73403
446 68.7269 55.7548 2.5308
447 1.65741 69.8844 2.32737
448 25.8103 98.3585 2.73036
449 39.7512 74.2748 2.75021
450 11.9408 95.9879 2.24345
451 15.0454 60.5203 2.98103
452 26.291 12.376 2.92379
453 29.7885 73.5064 2.22114
454 30.6601 10.8898 2.15446
455 74.646 49.754 2.28406
456 3.68807 79.7206 2.39902
457 13.7938 86.5221 2.76569
458 17.9652 85.0142 2.2082
459 85.5613 46.0394 1.20087
460 12.5004 68.3086 2.10451
461 54.0393 53.8305 2.27597
462 33.8731 89.0168 2.55588
463 19.8348 94.2173 2.13221
464 41.7728 93.3948 2.10634
465 12.0347 93.3966 2.2154
466 35.2916 83.0115 2.19151
467 81.5712 22.5547 1.00249
468 1.88322 57.0655 2.74368
469 13.1257 10.6723 2.26677
470 15.6952 18.7733 -3.287
471 20.1568 76.6923 2.1615
472 35.3182 90.9388 2.4841
473 34.6734 97.7286 2.04573
474 46.3275 31.939 0.384156
475 97.8054 58.4466 3.2788
476 83.9869 48.9713 1.94876
477 33.882 82.1802 2.55734
478 16.7859 12.5769 3.23903
479 64.8939 49.4006 1.82159
480 7.55397 73.6 2.20864
481 80.2998 16.8426 1.02006
482 16.8406 60.0855 2.46689
483 9.76813 95.7102 2.02824
484 4.37661 67.2119 2.90243
485 14.2948 23.6973 -2.6597
486 35.0638 78.4192 2.17474
487 32.8319 81.2027 1.83906
488 3.46377 90.168 2.77429
489 63.9739 49.0248 1.93728
490 69.8814 51.9281 1.93076
491 25.5224 74.8887 1.87705
492 35.0341 93.17 2.70255
493 29.366 84.7672 2.29035
494 17.543 61.6496 2.83575
495 11.7248 72.3103 2.18577
496 25.7249 1.79453 2.26834
497 22.1235 4.94797 2.10477
498 34.83 77.5377 1.89937
499 80.4198 29.9839 1.04479
