500
Particles
0 34.766 3.47688 -0.488025
1 59.5002 73.9567 -1.2046
2 76.6687 21.8964 -1.61057
3 11.3024 13.506 0.58118
4 57.7309 65.1926 -0.166013
5 81.4628 70.5217 1.5276
6 87.3667 63.46 -2.99601
7 43.9707 46.0162 -2.12289
8 72.0209 10.2533 -2.25229
9 68.6609 17.0479 -1.54303
10 76.7153 77.9936 1.20806
11 98.7135 81.0158 0.963495
12 75.5333 73.3206 0.605236
13 2.29291 46.212 2.72788
14 64.8552 55.7385 0.295608
15 84.6461 77.5398 1.46695
16 13.2312 13.7485 1.15224
17 19.9258 35.616 -2.0981
18 64.6998 65.9583 0.446645
19 54.9521 80.7615 -1.30999
20 28.9932 55.9927 -1.72504
21 92.0683 63.2979 -2.35926
22 69.8008 80.2189 -0.802758
23 22.6824 40.7528 -2.25745
24 18.6328 88.0776 -1.7168
25 85.1456 73.08 1.69932
26 89.6711 80.3677 0.732344
27 46.2734 43.5005 -2.28326
28 30.9991 6.68518 -0.492423
29 12.4964 17.4021 1.41785
30 73.5127 90.4626 -1.32864
31 55.7647 89.8128 -1.22325
32 27.202 52.7639 -2.44937
33 78.182 14.1499 -1.83135
34 24.7419 54.0706 -2.39113
35 32.1906 4.11376 -0.268575
36 99.9376 86.6234 0.530517
37 73.6078 66.6082 0.851787
38 80.6818 19.1087 -2.07682
39 56.8102 81.1106 -1.04194
40 80.1996 22.7034 -1.44118
41 4.13906 47.9679 3.42871
42 65.9041 18.1562 -1.8488
43 85.2832 83.8466 0.822388
44 61.1807 86.9674 -0.592857
45 68.1094 21.8809 -1.76229
46 35.9951 9.19763 -0.506963
47 92.2484 97.5534 2.39287
48 69.4009 8.80303 -1.66207
49 83.2314 68.1341 1.58136
50 76.3558 11.1638 -2.43126
51 37.7552 11.8496 -0.461793
52 87.9747 57.5407 -2.38277
53 0.0986671 83.3416 -2.9305
54 79.5438 82.0163 1.45238
55 50.9775 46.4958 -2.07022
56 24.0687 51.7503 -2.05706
57 2.6618 3.68661 -0.584603
58 21.6306 46.853 -2.70558
59 86.2434 70.9704 1.36044
60 73.2993 65.9721 0.980245
61 65.2228 13.2489 -1.81235
62 31.2829 8.83494 -0.464677
63 58.0094 72.4356 -0.855497
64 63.3479 74.4551 -0.146713
65 89.46 55.2603 -2.89175
66 71.0634 72.49 1.03662
67 26.5814 95.493 -1.82872
68 88.6034 52.731 -2.38679
69 34.2547 11.9592 -0.700166
70 87.1169 64.3906 -2.16487
71 31.9915 68.9348 -1.1091
72 67.8454 69.1879 0.513113
73 56.987 -0.38428 -1.01139
74 80.4247 48.9875 -2.72026
75 21.0616 19.7803 -0.876024
76 30.735 12.3258 -0.0869613
77 68.1858 66.6814 0.270327
78 64.479 82.8172 -1.50687
79 75.2778 58.3818 0.87061
80 30.7195 11.436 -0.520418
81 73.4647 68.5649 0.961141
82 18.2521 55.9625 -2.73968
83 65.3327 62.8925 0.889051
84 24.81 36.2118 -1.809
85 4.91194 73.4476 1.37904
86 25.2421 17.5829 -0.694093
87 87.4857 46.282 -2.79806
88 86.0454 58.0405 -3.13892
89 89.488 80.1384 0.527284
90 91.1369 79.4443 0.902216
91 56.429 88.9687 -1.19568
92 49.896 45.6119 -2.79972
93 21.5238 46.3232 -2.41383
94 32.9719 74.0242 -1.12992
95 31.9781 7.18295 -0.313657
96 76.2477 60.4505 0.464448
97 77.5426 65.1237 0.56366
98 90.3983 80.8519 1.06365
99 7.15596 10.5924 0.63031
100 87.7609 57.3585 -2.65669
101 68.7545 60.7016 0.25249
102 72.1975 11.166 -1.66689
103 8.35 81.0262 0.242056
104 37.9402 4.95674 -0.267993
105 91.5886 79.4085 1.15685
106 23.0495 54.848 -2.82308
107 58.5054 4.13156 -1.54034
108 43.4443 12.1736 -0.537073
109 64.4768 6.60878 -1.71581
110 74.9618 94.0488 -1.51476
111 77.4801 64.4497 0.672695
112 75.648 10.392 -2.00145
113 15.355 44.6519 -3.23294
114 83.7557 80.0258 1.19391
115 46.7445 2.64646 -1.301
116 75.5246 68.7142 0.703497
117 87.9556 80.4074 0.603803
118 13.4864 13.0169 0.916748
119 21.0758 46.4478 -2.77338
120 88.6036 76.3142 0.653937
121 51.0162 81.0234 -0.849837
122 33.5153 73.8511 -0.949473
123 67.6466 62.2938 0.469905
124 92.1095 52.8902 -3.19851
125 87.017 55.4146 -2.64512
126 56.2584 95.9569 -1.95315
127 91.4209 55.3412 -3.19425
128 14.8889 88.5513 -2.32863
129 38.4867 4.91709 -0.635479
130 35.2077 12.3032 -0.324741
131 75.3003 75.2757 1.19409
132 95.7686 81.9179 0.250856
133 94.5391 82.8685 0.969479
134 87.6628 68.657 -3.05455
135 90.7548 66.2628 -2.82579
136 96.7315 92.3425 0.911643
137 92.0703 67.0067 -2.98605
138 37.6789 81.7042 -0.600774
139 26.2643 11.096 -0.692716
140 71.7298 12.9291 -2.02701
141 86.4541 56.964 -3.14622
142 87.202 60.0256 -3.18048
143 72.2607 20.7665 -1.83285
144 76.7782 66.2059 0.34888
145 59.5661 2.16324 -1.25469
146 33.6092 10.6177 -0.0760888
147 77.4364 17.8627 -2.2361
148 35.1365 9.90215 -0.631456
149 77.2292 68.2014 0.694027
150 45.5054 7.85666 -0.307912
151 30.151 6.75859 -0.911601
152 51.7367 76.1384 -1.5965
153 36.0104 5.31229 -0.488807
154 72.9752 20.4933 -2.3552
155 96.291 87.2936 0.685408
156 70.9802 12.6103 -1.60682
157 65.5443 24.4915 -1.7601
158 92.4773 73.137 -2.5065
159 78.4873 78.4689 1.10654
160 63.127 91.8699 -1.16447
161 50.2082 85.3698 -0.943075
162 74.6529 14.0059 -1.86286
163 91.9562 50.4154 -2.74364
164 93.319 59.306 -2.68235
165 30.4196 2.88614 -0.46748
166 87.3086 52.5618 -3.23753
167 94.8323 66.3183 -2.09679
168 61.9467 71.3759 -0.616578
169 87.2154 93.473 0.3343
170 76.8155 13.4355 -2.30413
171 77.7931 59.5076 0.424038
172 53.4444 3.06195 -1.38021
173 70.7003 13.7302 -1.64054
174 80.3069 70.094 0.574093
175 53.7308 93.1275 -1.4842
176 81.8411 78.028 0.613457
177 4.38477 73.8939 1.33344
178 25.4031 45.0463 -2.25223
179 31.8686 6.1147 -0.437604
180 13.3504 46.4171 -2.80352
181 72.9831 16.4616 -2.13191
182 24.4678 49.3862 -2.27636
183 62.1718 26.8862 -1.36936
184 86.1785 75.9032 1.5969
185 8.71805 27.3785 -1.8196
186 32.3435 74.8806 -0.890403
187 75.0427 10.7106 -2.18179
188 57.8401 70.2546 -0.316014
189 65.3349 86.1145 -1.14378
190 71.8797 72.5891 0.219642
191 79.2025 66.1018 0.901384
192 10.2205 88.8791 -2.68681
193 64.7924 10.8592 -1.95717
194 94.4771 90.0476 0.241398
195 68.6364 65.7021 0.172857
196 89.1892 70.3732 3.51551
197 26.6494 16.5714 -0.128442
198 25.5675 59.6253 -2.61819
199 92.0807 71.6467 -3.04709
200 92.9072 63.9468 -2.55317
201 55.6647 81.0982 -0.844091
202 58.9944 61.1794 -0.423159
203 40.5775 16.0364 -0.0654533
204 83.0351 67.9953 1.27467
205 58.2561 2.54138 -1.45215
206 97.1041 7.79858 -1.00621
207 87.1117 75.4346 1.74927
208 85.3942 78.5628 1.44782
209 79.046 74.6791 0.59368
210 71.6063 64.6761 0.498877
211 73.45 76.4378 0.290663
212 94.3423 83.1555 0.963846
213 33.8583 11.6729 -0.327146
214 65.4747 60.3978 1.04253
215 9.43073 50.84 2.77278
216 71.1778 25.4602 -1.84166
217 91.031 63.9599 -2.52197
218 60.2659 23.974 -1.29502
219 11.7994 23.5806 -2.67113
220 99.1927 69.4943 -3.06701
221 44.6496 14.5448 -0.360452
222 73.5581 65.8565 0.57517
223 86.1619 12.5607 -1.88828
224 9.94688 12.0099 1.24212
225 40.3352 43.0432 -1.86459
226 67.3313 18.2031 -2.01504
227 71.2256 9.71416 -2.32177
228 29.6862 16.7482 -0.345314
229 47.2628 12.1696 -0.948322
230 98.304 50.4236 -3.19421
231 70.4084 66.5064 0.770719
232 54.135 85.8691 -1.35757
233 6.01577 60.2334 2.14139
234 87.6532 72.0102 2.2921
235 23.3262 51.0289 -2.97049
236 73.8546 12.5034 -1.66163
237 65.5167 84.6699 -1.08671
238 24.7055 46.5468 -2.74144
239 57.8884 67.3777 -0.328867
240 78.4878 72.4691 1.42946
241 65.8849 75.6308 -0.525345
242 39.4138 12.4685 -0.812042
243 91.8256 64.8324 -2.80272
244 44.7569 79.4958 -0.554925
245 40.2433 11.1434 -0.260086
246 39.6612 72.7713 -1.45468
247 94.7105 55.7197 -2.54551
248 69.0014 56.8052 0.661868
249 80.3742 67.1632 0.749355
250 19.8938 17.683 -0.50765
251 82.3837 12.6783 -1.85518
252 40.3296 48.1882 -2.24133
253 11.5609 27.0433 -2.63769
254 68.733 89.124 -1.56822
255 75.7297 69.1288 0.96269
256 42.8897 11.8343 0.0544214
257 36.5536 74.3428 -0.898048
258 74.725 12.4156 -2.37162
259 24.3874 55.5067 -2.4235
260 91.4427 70.3467 -2.47474
261 14.6145 40.4173 -3.07802
262 71.222 18.4821 -1.99438
263 0.150188 74.0102 1.4087
264 69.8374 2.93286 -1.76608
265 6.65137 60.9466 1.57751
266 20.6981 0.723714 0.0287666
267 63.625 73.2961 -0.284383
268 75.6771 88.7458 -1.04183
269 0.996564 78.0253 0.116006
270 21.1983 48.7917 -2.28163
271 24.4617 51.0163 -2.58217
272 29.5344 15.9742 -0.875746
273 88.3254 70.9763 2.33038
274 0.552978 74.935 1.64576
275 47.6558 7.92053 -0.901077
276 93.1796 80.1432 0.738371
277 56.6862 1.99309 -1.45284
278 77.1406 8.83582 -2.44184
279 47.0566 17.252 -0.369219
280 73.1023 54.4878 1.45766
281 55.9323 96.3353 -2.10671
282 22.3568 39.5482 -2.47698
283 92.2792 68.1881 -2.19783
284 66.3067 76.664 -0.0326463
285 78.6723 60.2044 1.15966
286 94.1478 53.9152 -2.87418
287 37.0484 74.8529 -0.992641
288 9.48078 11.6734 0.277626
289 80.6439 9.52261 -2.49863
290 67.6511 11.2477 -1.74249
291 59.3535 77.0506 -0.504747
292 85.9619 91.2361 -0.0970814
293 0.725881 74.9897 -0.398199
294 82.5591 82.8252 1.21837
295 42.3209 50.2833 -2.34102
296 86.7862 77.2555 1.62911
297 68.9395 16.748 -1.89444
298 59.5075 90.2355 -0.858716
299 85.5326 64.5058 -3.38989
300 2.25903 70.3153 1.97645
301 74.1453 67.4713 0.701241
302 78.8171 21.7231 -1.51917
303 72.8082 6.80147 -1.50867
304 61.386 68.6058 -0.434701
305 71.3602 71.5689 0.46373
306 2.53977 92.8772 -0.400074
307 63.0126 88.7437 -1.0289
308 17.3029 43.8962 -2.83403
309 16.0465 0.904674 -0.0879599
310 43.2955 39.9157 -1.76841
311 91.3542 100.222 1.89423
312 37.1377 10.553 -0.163461
313 26.4735 6.4721 -0.704572
314 15.4322 14.1905 0.744952
315 69.7829 11.8656 -2.20838
316 90.0487 64.1381 -2.74097
317 84.7362 59.5041 -2.54403
318 80.1554 76.0237 0.625084
319 81.5932 62.7955 1.48099
320 71.8283 68.4029 0.787303
321 92.6893 96.6298 2.21811
322 76.7365 63.6594 0.297695
323 76.0296 57.3572 0.822307
324 63.4339 93.5127 -1.11545
325 63.9675 20.5937 -1.68269
326 5.51704 10.6219 0.746457
327 24.3594 9.29206 -0.202989
328 86.8205 77.9011 0.641061
329 28.4361 53.2834 -2.33387
330 33.1186 10.2866 -0.207452
331 95.9615 79.4611 0.941067
332 29.555 53.3364 -2.29098
333 12.2471 50.011 -3.37258
334 54.4786 73.1105 -1.01284
335 80.9269 64.1308 1.02219
336 95.0964 66.7694 -2.43719
337 59.6218 64.8161 -0.630493
338 66.4692 19.3543 -1.83825
339 5.22322 11.8145 0.694489
340 69.3334 65.3078 0.796086
341 66.4317 2.52725 -1.46537
342 67.975 64.4089 0.708577
343 46.7907 15.8745 -0.130899
344 73.5922 9.30032 -2.3501
345 84.9168 82.4782 0.774578
346 4.46441 47.3834 3.57618
347 92.4688 80.8015 0.237033
348 61.3537 66.4993 -0.434742
349 71.0037 71.9428 1.09798
350 41.3866 9.51064 -0.804082
351 70.5481 13.9266 -1.85801
352 59.3969 85.2598 -1.5131
353 79.7037 48.0585 -2.23411
354 83.0157 53.1207 -2.63583
355 79.5457 78.0697 1.20265
356 9.37572 14.6193 1.28754
357 96.7749 83.0204 0.350381
358 17.5775 44.5011 -2.70029
359 85.3429 77.2375 1.36571
360 74.047 23.6264 -1.65904
361 79.9718 70.7097 0.820077
362 75.3931 62.0322 0.886985
363 27.6603 14.5136 0.0734363
364 80.6357 8.41468 -2.13936
365 35.6758 8.07697 -0.554859
366 91.5937 65.953 -2.97516
367 61.0403 4.73634 -1.26757
368 33.2413 9.60824 -0.780359
369 84.9016 81.2201 0.557786
370 79.847 73.1546 0.597375
371 75.6164 69.8051 0.800688
372 80.4904 82.7056 1.15081
373 8.64419 48.6822 3.36086
374 60.4602 93.1302 -1.6826
375 36.1784 7.70236 -0.24266
376 65.653 4.10854 -1.82145
377 22.8423 87.4303 -2.18019
378 40.183 11.9235 -0.203336
379 95.2116 69.9997 -2.52163
380 70.89 16.949 -1.91645
381 93.5809 84.3861 0.573944
382 72.3996 62.4807 1.17983
383 13.7155 12.8364 0.699583
384 93.8505 8.3468 -0.514832
385 43.5981 45.2142 -2.30351
386 37.4086 45.382 -1.54222
387 1.91259 66.7567 1.61366
388 66.4343 19.5869 -1.49168
389 82.8656 72.584 1.80761
390 63.5447 69.6659 -0.380441
391 19.9093 42.6752 -2.35948
392 67.419 94.3899 -1.44616
393 63.1734 21.089 -1.64258
394 90.2768 64.3315 -2.24908
395 14.5408 42.16 -2.69577
396 9.88844 21.0164 1.19198
397 81.5574 67.4904 0.833494
398 75.9537 73.7947 1.26251
399 26.8335 91.1157 -1.97134
400 79.2388 53.6397 -2.5191
401 88.8054 49.5833 -3.4102
402 30.204 13.9032 -0.257872
403 71.171 61.3297 0.991171
404 99.4762 2.25284 -0.736931
405 60.1902 70.5748 -0.28355
406 98.0551 49.5841 2.42747
407 88.2722 62.7912 -3.0141
408 7.81828 47.2527 -3.57096
409 92.0037 66.9079 -2.88373
410 56.6694 69.6343 -0.463278
411 84.8652 79.9393 0.604727
412 29.9209 13.5823 -0.264034
413 14.7092 27.4588 -2.56705
414 44.6253 10.5818 -0.378237
415 89.5648 88.7203 -0.0723346
416 86.0593 74.3874 1.62715
417 87.534 58.9637 -2.49348
418 73.5408 64.303 0.520992
419 55.4748 78.1578 -0.745184
420 88.1016 77.7338 1.44875
421 64.2709 66.573 0.0898311
422 22.0179 49.476 -2.97926
423 30.2681 71.3218 -0.923283
424 81.976 79.2825 0.912815
425 88.4571 61.9269 -3.14908
426 48.9602 1.58891 -1.24202
427 60.6311 96.1253 -1.35062
428 39.3826 9.48542 -0.715076
429 43.8295 8.65422 -0.431365
430 43.2605 78.9012 -0.534707
431 42.1781 8.53486 -0.254021
432 74.6057 10.8875 -1.87832
433 49.7769 2.95604 -1.39332
434 81.3368 79.7069 1.08658
435 78.1275 11.7324 -2.53446
436 69.3005 18.429 -1.89715
437 91.6863 87.5953 0.480546
438 55.3353 82.369 -1.08111
439 53.969 3.12648 -2.02402
440 83.382 54.895 -2.79476
441 89.6827 59.6086 -2.52088
442 75.7681 63.564 0.945803
443 57.9047 60.1772 -0.732538
444 39.4814 8.68579 -0.895765
445 76.8005 68.8257 0.442147
446 13.5783 31.1188 -2.47646
447 95.6676 53.7635 -2.03182
448 85.2157 77.1459 1.25679
449 76.2664 67.2931 1.12902
450 61.7071 68.7712 -0.967866
451 28.2698 11.5521 0.0389972
452 70.3304 70.2701 0.861053
453 74.0336 14.6399 -1.85656
454 18.4569 50.9994 -2.9988
455 86.3827 48.8137 -2.76488
456 58.0285 64.9531 -0.732752
457 25.3677 44.6839 -2.49146
458 30.27 55.9232 -2.18406
459 31.0379 70.8719 -1.66455
460 84.478 69.9012 1.26015
461 90.9491 80.7941 0.598833
462 43.343 11.1891 -0.247676
463 63.2128 2.93577 -1.1203
464 43.9724 17.429 -0.91876
465 19.416 45.3945 -2.9039
466 69.386 22.3377 -1.7535
467 87.365 65.4116 -3.0286
468 84.1495 72.3988 1.99048
469 69.9697 17.3305 -1.53594
470 63.9807 65.2275 0.466989
471 43.4306 13.9407 -0.231578
472 42.9614 14.3009 -0.664896
473 0.027403 55.0002 -2.44014
474 82.6163 77.2956 1.519
475 1.32392 49.1622 3.07329
476 94.8017 87.088 0.710059
477 1.61528 6.83776 -0.180585
478 56.5179 91.0147 -1.10251
479 88.592 85.3979 0.446478
480 25.3549 44.2728 -2.75719
481 86.7613 75.7798 1.57624
482 92.7725 82.9835 0.736992
483 73.1152 58.6665 1.19523
484 75.4598 86.5148 -1.28288
485 81.4936 16.4277 -2.30857
486 68.9012 15.5678 -2.04814
487 69.064 23.7194 -1.87241
488 30.0386 1.19854 -0.654883
489 87.0657 51.0443 -3.25049
490 43.669 48.8409 -1.75908
491 35.8856 76.8437 -1.73004
492 42.8461 12.2154 -0.0663293
493 60.5089 99.4767 -1.37143
494 38.2815 74.2334 -1.76099
495 22.0439 90.4287 -2.03918
496 74.3293 68.359 0.25625
497 80.4705 73.4487 0.735063
498 46.5427 11.2787 -0.455476
499 32.9247 68.6705 -1.63109
