500
Particles
0 57.1897 22.0696 2.5252
1 82.9132 14.1657 2.30114
2 65.4994 80.8397 -2.2416
3 61.4055 43.5057 2.11738
4 96.1046 11.4818 2.50529
5 65.8636 18.6276 2.62354
6 52.3138 31.6073 1.98463
7 62.9208 55.7061 0.880683
8 84.31 21.7144 2.5141
9 84.9329 25.1677 2.48994
10 75.3781 21.694 2.57641
11 41.4871 67.0106 0.38168
12 50.7993 45.005 2.00893
13 98.9635 2.17802 2.47829
14 96.4377 13.0826 2.24198
15 7.63167 30.0144 -1.77401
16 80.8825 25.0006 1.90133
17 91.7121 32.3756 3.11116
18 93.3879 19.404 1.88969
19 62.0481 38.7529 1.28671
20 56.0898 44.4074 1.37736
21 45.5789 31.9301 1.78484
22 70.4341 30.801 2.2877
23 0.222826 7.53133 2.1651
24 59.0948 47.9484 1.61495
25 63.6514 25.836 2.36319
26 65.6385 14.6049 2.86875
27 32.3909 58.9277 -0.0973976
28 58.4235 28.4936 1.64285
29 5.08605 2.5254 1.4081
30 67.2983 87.7332 -2.99727
31 66.8033 30.7546 2.45489
32 56.1756 42.8321 1.3923
33 67.4858 78.8523 -2.78557
34 67.8525 26.8448 2.8417
35 91.6425 26.21 2.72965
36 34.0861 73.9338 0.716578
37 53.128 37.7676 1.74918
38 59.5719 26.2057 2.48232
39 96.9042 8.70294 2.16046
40 71.1851 26.2959 2.36528
41 94.607 7.88173 2.47174
42 78.2842 28.477 2.21217
43 59.8381 44.3453 1.56432
44 83.0049 17.4771 2.68338
45 78.6908 25.0763 2.05754
46 68.5917 29.7901 2.72365
47 83.8078 47.9778 1.63239
48 71.8855 26.885 2.73489
49 64.5661 20.9837 2.04254
50 98.7791 25.3819 2.04817
51 72.7417 32.7056 2.83703
52 58.7647 46.3424 1.62775
53 33.8716 73.0999 0.729993
54 99.2136 11.9175 2.50422
55 67.2339 40.1807 1.96302
56 0.325882 13.3737 2.79154
57 74.1231 16.9428 2.74545
58 97.2727 16.4965 1.98323
59 62.1214 26.0761 2.01137
60 97.546 24.2152 2.9466
61 75.8049 26.1235 2.1259
62 83.0546 20.7809 2.54004
63 80.572 8.12168 2.59723
64 49.5988 36.3537 1.72602
65 68.082 44.4891 2.3124
66 94.982 26.5511 2.4655
67 95.823 26.6304 2.36645
68 66.9146 41.6796 1.99706
69 79.9437 18.792 2.88477
70 50.4985 34.8846 2.02525
71 67.627 26.6766 2.29925
72 95.5801 22.1418 2.35805
73 55.4273 37.193 1.72542
74 73.4722 20.0539 2.49878
75 64.0267 51.4821 0.955827
76 75.3415 18.0639 3.01593
77 52.492 34.6582 1.38423
78 65.8847 11.8465 2.25059
79 98.9279 18.2618 2.28369
80 71.8165 23.1717 2.82647
81 94.8408 25.7109 2.30629
82 61.8864 35.5033 2.24075
83 94.1708 16.1334 2.15697
84 68.1026 37.2104 2.13667
85 71.7623 24.3952 2.65094
86 72.4558 22.2412 2.00521
87 60.5616 33.5744 1.47291
88 63.7226 39.5955 1.70954
89 70.2336 19.2271 2.69053
90 59.556 47.8867 1.13262
91 64.6495 30.6973 2.56034
92 60.2835 32.2057 2.02087
93 93.6044 11.52 2.66916
94 74.0668 26.2768 2.78386
95 59.4364 38.896 1.88648
96 45.1679 34.8236 1.57459
97 52.9673 38.304 1.91668
98 70.0952 19.191 2.15859
99 60.4305 32.514 1.55171
100 61.3461 46.7094 1.74853
101 96.3712 21.1866 2.90669
102 77.0789 24.4339 2.44375
103 66.8394 23.1293 2.42167
104 73.568 29.7577 2.22096
105 56.2232 49.4031 2.09394
106 97.4105 11.8407 2.68602
107 56.7984 26.0694 1.83974
108 71.632 30.7534 2.70682
109 3.27516 17.2659 2.28884
110 85.327 54.893 2.3116
111 54.0228 36.8487 1.52094
112 58.4063 43.0072 1.87859
113 55.3559 30.7092 1.34799
114 43.3094 40.9755 1.4646
115 51.5202 44.0352 2.06274
116 73.3556 15.9773 2.06963
117 64.9806 29.5626 2.11356
118 55.6262 44.9828 1.30017
119 97.5082 12.6609 2.88446
120 63.3797 24.3385 2.73881
121 88.6527 24.2389 2.72433
122 72.767 27.2 2.92947
123 89.6564 17.0411 2.25488
124 95.6 98.7165 2.51997
125 66.3814 39.6982 2.39288
126 79.5637 34.1512 2.16019
127 95.8682 4.7654 2.60938
128 61.6011 47.8286 1.9525
129 62.9461 82.5942 -2.9842
130 59.344 28.9104 2.44975
131 73.8199 20.9719 2.46472
132 71.4348 41.366 2.37985
133 70.654 43.1442 2.19301
134 64.0702 19.0697 2.35558
135 56.6137 35.6566 2.04768
136 71.7889 19.0006 2.96801
137 50.4249 36.4122 2.13958
138 74.327 25.0701 2.45064
139 65.6165 23.8088 2.06334
140 76.7823 21.6962 2.1075
141 68.0003 41.8337 1.5241
142 96.4718 15.3587 2.24045
143 81.7228 27.6862 2.00209
144 50.3866 39.5314 1.91245
145 62.1201 83.4818 -2.56907
146 59.5402 26.408 1.74834
147 65.7795 77.1748 -2.24878
148 59.5863 36.4212 1.67169
149 94.425 24.9682 2.88154
150 79.1118 26.2373 2.58682
151 57.7987 41.3161 2.10131
152 73.516 18.252 2.69352
153 70.4432 28.7799 2.63693
154 81.9089 26.4851 1.94564
155 73.1705 44.8048 2.3
156 89.1679 23.3007 2.50487
157 77.8594 35.3553 2.07011
158 64.9628 16.813 2.02754
159 82.7362 31.9619 2.38865
160 68.9473 82.0712 -2.19978
161 79.3773 30.2722 2.42199
162 94.2848 28.0153 2.12238
163 65.3235 38.2067 2.35239
164 66.0437 47.9055 1.39617
165 91.5164 24.5081 2.37864
166 63.89 38.404 2.18855
167 57.1631 39.159 2.07113
168 95.7289 19.0633 2.25708
169 63.4453 45.6968 1.40236
170 83.0003 6.58717 3.35071
171 51.811 31.6875 1.40293
172 55.2699 23.6076 2.45486
173 79.1077 22.9798 2.78169
174 65.3428 16.6356 2.23331
175 69.7963 38.905 2.28566
176 1.2298 28.181 -2.5677
177 67.9687 22.9792 2.55467
178 61.9882 47.2313 1.48448
179 57.9424 28.9091 2.27272
180 55.509 31.8685 1.84983
181 84.8869 26.5138 2.68181
182 1.75256 13.8558 2.31604
183 58.9842 22.6224 1.82122
184 62.7583 33.153 2.64347
185 69.3003 45.3684 1.51256
186 74.5099 28.594 2.8587
187 57.8261 42.454 1.50087
188 90.345 14.6471 1.972
189 66.8007 83.9141 -2.68812
190 64.6008 16.473 2.62652
191 52.0236 40.8791 1.80761
192 71.2445 18.3263 2.47165
193 68.4615 31.5741 2.69312
194 70.4321 21.5034 2.68112
195 49.3478 33.0342 2.12793
196 66.5193 22.923 2.66333
197 72.7676 21.3242 2.45708
198 60.1641 32.342 1.90254
199 65.5129 18.6681 2.88175
200 55.9368 34.5422 2.10765
201 4.14706 100.434 1.25416
202 60.3915 47.242 1.38794
203 82.7735 33.0958 2.58081
204 66.4451 15.9429 2.48185
205 57.5112 36.9567 1.55188
206 69.9598 23.4057 2.92172
207 62.9168 27.5672 2.44281
208 64.3216 36.1774 2.32733
209 57.0658 44.4404 2.0454
210 97.2373 22.6147 2.94482
211 72.1001 27.2512 2.93412
212 70.148 42.5105 1.8582
213 60.016 39.5565 2.04231
214 86.6901 11.6247 2.87961
215 55.5433 27.7636 1.72032
216 79.0405 30.1395 2.54129
217 49.7518 31.2176 1.46116
218 85.3447 44.6485 2.03909
219 93.5964 32.7829 3.00226
220 56.3788 37.3016 1.30951
221 73.192 33.3861 2.68883
222 54.9101 38.0473 1.76918
223 57.3819 51.7361 1.48312
224 59.0187 43.826 1.77968
225 43.5105 66.3552 -0.0480584
226 81.9136 24.8509 2.76718
227 74.4282 29.3339 2.18402
228 74.6852 23.3461 2.42454
229 76.5101 24.3874 1.92709
230 0.134089 4.53719 2.00355
231 0.746576 22.0668 3.49373
232 65.8942 32.3077 2.75459
233 67.3247 25.9899 2.53722
234 64.9103 23.2411 2.51516
235 0.656734 11.7422 2.32973
236 81.7744 23.5109 2.669
237 68.0936 83.7708 -2.87073
238 0.28002 11.7366 1.99411
239 93.7995 12.5366 2.00307
240 47.2447 40.712 1.93518
241 85.162 21.1403 2.37875
242 74.9213 32.3715 2.04503
243 56.5658 33.6138 2.05799
244 82.2058 31.7902 2.73859
245 71.8714 30.9287 2.55003
246 74.8096 24.0313 1.99565
247 88.2013 99.9691 0.0775437
248 95.3957 14.1058 2.01011
249 72.1464 18.7505 2.3909
250 30.131 61.8966 0.340501
251 64.3328 82.6658 -2.49408
252 57.5294 54.6848 1.87994
253 57.9332 45.5478 1.32472
254 75.1311 22.673 1.99643
255 94.0641 24.3643 2.61766
256 75.4266 30.0608 2.3007
257 74.1022 23.67 2.33279
258 87.6203 25.2533 2.01598
259 0.994298 12.6932 2.72281
260 67.114 18.6202 2.51745
261 97.4256 14.4258 1.9379
262 78.967 26.2554 2.08781
263 66.1323 31.8 2.50788
264 67.0482 78.6656 -2.80056
265 72.4384 21.0826 2.73348
266 69.0774 22.345 2.20672
267 45.7657 37.0815 1.84733
268 65.1539 25.4967 2.92234
269 33.7305 62.2245 0.331822
270 99.6768 16.6682 2.20481
271 3.32788 14.0383 2.6122
272 59.1342 39.5891 1.51359
273 66.1031 24.1145 2.10365
274 68.8104 29.3031 2.96804
275 74.4532 22.2936 2.81589
276 69.1972 21.3824 2.43967
277 58.5563 31.6093 2.33368
278 78.8844 11.8869 2.80674
279 76.0342 33.8235 2.10222
280 0.442919 16.2248 2.08371
281 74.8259 27.5268 2.42146
282 97.6705 12.0725 2.23937
283 53.6613 43.338 1.9902
284 77.8708 15.6125 2.39507
285 52.3383 35.1264 1.67325
286 93.8588 7.79196 2.89007
287 72.0056 24.1408 2.4579
288 62.743 40.1056 1.41519
289 79.1421 17.249 3.09043
290 68.5362 27.4756 2.40054
291 85.2547 16.0612 2.94535
292 64.4978 44.8164 2.25505
293 66.5507 28.1253 2.36345
294 0.871607 11.0514 2.05667
295 91.9757 46.6503 1.00334
296 63.4496 33.9695 2.10217
297 80.3634 26.2598 2.03529
298 88.4694 20.2317 2.33872
299 53.7801 39.0882 1.69867
300 70.6239 24.2214 2.08893
301 97.1442 24.3129 2.2414
302 60.5399 21.7133 2.3645
303 73.92 25.1356 2.03322
304 80.5571 10.1435 2.75892
305 66.6942 82.8452 -2.41708
306 42.7584 66.4232 0.293877
307 67.4339 82.3634 -2.20354
308 98.8016 16.4038 2.13316
309 67.3615 30.4534 2.20009
310 45.5652 65.676 0.166148
311 1.90554 7.02911 2.0811
312 70.897 30.443 2.5096
313 57.8803 40.71 1.88897
314 93.8827 29.9722 2.12627
315 72.2367 27.4035 2.81359
316 57.1633 32.6768 2.22629
317 98.0531 17.9273 2.42794
318 53.0264 46.2103 2.16194
319 53.7316 39.5688 2.2551
320 54.9992 37.084 1.38407
321 92.9935 31.5464 2.95305
322 56.3298 34.5465 1.66642
323 96.2678 16.8893 2.78375
324 72.6789 9.25715 2.6164
325 78.2432 28.2748 2.55669
326 74.0854 21.3358 2.53081
327 69.9051 25.4953 2.17376
328 62.4081 34.7733 2.29687
329 61.347 40.6404 1.97171
330 58.7036 39.4805 1.39108
331 66.0908 73.8674 -1.89409
332 59.3144 41.0471 1.92549
333 60.0644 33.0379 2.37733
334 95.7412 10.7703 2.12892
335 51.1362 39.6572 1.6724
336 56.2774 35.7998 2.20097
337 94.569 11.6066 2.0692
338 76.3913 27.7611 2.22944
339 74.9579 27.4122 2.54472
340 42.2187 32.9657 1.82764
341 94.0839 16.4418 2.18439
342 95.4944 19.639 2.64519
343 77.3631 31.718 2.65003
344 76.3498 25.9744 2.81609
345 63.1802 44.4571 1.90051
346 91.2877 8.74969 2.84039
347 65.2747 15.5824 2.15881
348 90.4995 14.2292 1.99072
349 65.4406 12.669 1.9519
350 72.8172 30.1559 2.14323
351 86.667 24.4299 2.03568
352 82.3781 15.3916 2.51746
353 58.5685 50.4678 1.31901
354 70.9292 20.3303 2.94409
355 76.3355 19.3931 2.74599
356 59.8799 34.9174 2.06563
357 84.2667 50.3936 2.07115
358 0.189739 17.5489 2.87632
359 63.6722 25.8874 2.2864
360 85.95 31.1571 2.74323
361 62.457 20.7733 2.8389
362 47.2523 35.1685 1.86134
363 73.5057 22.0665 2.72643
364 68.6441 79.7823 -2.8556
365 68.2072 31.043 2.95477
366 53.6943 33.8686 1.56468
367 56.9554 37.6919 2.17976
368 58.2427 25.1682 2.61612
369 61.2671 39.6253 1.4349
370 55.3042 47.1248 2.12938
371 95.5311 25.6071 2.87277
372 3.77847 11.9276 1.89662
373 54.8134 35.8279 1.86958
374 66.8314 83.6007 -2.22489
375 66.7155 31.8995 2.06784
376 4.1634 15.4247 2.40244
377 57.4757 40.9876 1.82266
378 68.2822 29.6856 2.13297
379 54.2156 39.8395 2.2063
380 76.3722 24.5897 2.2461
381 68.5292 13.9423 2.72244
382 49.1655 32.682 1.78866
383 64.1657 41.8165 1.83273
384 65.9899 32.6658 2.56003
385 49.1898 65.2946 0.41011
386 34.9054 72.5218 0.814282
387 66.0447 21.0237 2.8366
388 79.5356 26.5429 2.56489
389 61.3142 23.5339 2.57505
390 90.8723 18.9737 2.56653
391 98.0164 15.7066 2.19734
392 61.7448 21.5654 2.6849
393 76.7874 31.9755 2.64311
394 48.415 35.0267 1.34323
395 99.1593 17.924 2.20289
396 93.9067 30.7894 2.68211
397 50.5935 43.7586 1.4016
398 58.8596 39.3787 1.75893
399 88.2124 21.5686 2.07001
400 93.0912 11.6991 2.95717
401 63.4123 38.7942 2.20981
402 71.947 20.9022 2.52976
403 46.7459 31.1396 2.03677
404 71.1759 26.1674 2.33424
405 81.9867 14.9738 2.28803
406 97.2679 2.20853 2.07665
407 51.2829 33.5992 2.17462
408 55.7961 27.8438 1.91753
409 58.2416 36.4387 1.2677
410 93.6386 13.6032 2.19523
411 47.4458 42.6583 1.3986
412 81.0118 21.7527 2.82469
413 95.5402 14.4081 2.53344
414 75.8798 31.1734 2.15667
415 62.8834 44.3347 2.03651
416 61.8912 32.3414 1.90478
417 91.4854 11.5053 2.96223
418 98.4979 22.3734 2.0926
419 63.6935 40.8992 2.143
420 66.1424 27.7835 2.07718
421 94.1033 20.1653 2.17981
422 98.7631 14.4058 2.44196
423 57.0581 35.9258 1.46368
424 98.4896 27.9724 2.87043
425 52.4555 29.8626 1.42723
426 55.3828 41.1086 1.25835
427 63.3518 84.5724 -2.78937
428 73.7373 29.8763 2.93052
429 78.1795 28.8881 2.13981
430 80.7402 28.4042 2.68463
431 68.3109 32.5566 2.23078
432 94.9101 26.5501 2.09894
433 56.7505 38.686 1.50162
434 69.0643 26.1173 2.32121
435 66.9593 77.64 -2.62462
436 83.7374 27.8227 2.79499
437 67.2033 23.5316 2.08677
438 4.80086 3.17105 1.31429
439 56.2339 38.5921 1.68001
440 75.2415 17.3433 2.97765
441 96.7104 2.16389 2.31391
442 49.8823 35.8155 1.60025
443 69.2183 20.1499 2.39041
444 71.2837 32.456 2.06696
445 65.2302 17.1092 2.8015
446 71.4055 74.7934 -2.89202
447 96.9847 6.99415 2.89165
448 7.34853 37.5633 -2.61576
449 78.2643 17.6469 2.90374
450 96.7035 18.1459 2.1946
451 72.8115 23.1525 2.53064
452 65.08 85.221 -2.58086
453 77.8871 22.9751 2.06575
454 62.1899 84.2314 -2.7456
455 66.6273 42.5878 1.98442
456 90.8283 10.5521 2.47283
457 0.317362 11.6872 2.01153
458 36.3057 31.7613 0.672077
459 68.8322 42.645 1.86746
460 66.5124 24.2427 2.4846
461 58.3214 47.6293 1.90965
462 73.4501 32.4836 2.48435
463 2.53401 15.402 2.20292
464 75.3544 34.7239 2.55709
465 98.117 17.5841 2.44598
466 76.9027 28.2906 2.57013
467 54.6421 36.835 2.08444
468 61.1714 23.6607 2.84099
469 85.9825 25.6426 2.68811
470 85.2678 14.8547 2.53395
471 72.5028 29.8344 2.2845
472 73.3987 32.5315 2.72079
473 58.3432 31.9956 1.47241
474 8.99674 31.1051 -1.58223
475 96.1474 4.64808 2.698
476 86.5983 50.7465 1.96095
477 72.0345 21.8314 2.10758
478 67.7998 36.3655 1.98475
479 61.9034 43.1941 1.71416
480 2.73009 10.0671 2.88724
481 63.5987 34.1872 2.08776
482 72.0913 20.5169 2.43952
483 94.2512 18.2242 2.68334
484 59.5981 26.5363 2.12736
485 60.4218 21.5625 1.99857
486 79.8994 22.7857 2.86268
487 77.9287 28.5962 2.76244
488 87.5194 23.7229 1.98733
489 66.2198 40.5881 1.94082
490 56.4354 53.7435 2.04409
491 74.7595 24.3806 2.44855
492 73.8166 35.4554 2.07373
493 72.3359 29.978 2.46072
494 73.5892 22.3135 2.6152
495 65.2878 28.2528 2.88732
496 49.555 40.744 1.70273
497 0.650882 25.3336 -2.09233
498 80.3419 26.2947 2.74726
499 84.0644 46.2743 1.4732
