500
Particles
0 7.94879 61.7452 2.83965
1 47.2059 65.6371 2.61485
2 17.4072 98.6869 2.30239
3 62.9097 6.93233 0.985668
4 77.319 68.2068 1.46777
5 13.1107 53.1597 3.58651
6 27.6013 88.2312 1.64787
7 76.5305 14.4306 0.992392
8 49.4419 73.4138 1.43213
9 47.7698 75.7014 2.07684
10 32.1999 68.2784 2.71266
11 16.9958 95.2557 2.76567
12 19.3395 95.9373 2.26952
13 84.0622 59.7298 1.14929
14 80.9273 71.9168 1.48377
15 94.3122 62.5849 1.69659
16 44.9005 76.626 1.95151
17 78.6342 86.4908 0.997531
18 76.12 77.7254 1.5152
19 63.6467 1.50545 1.3996
20 61.9614 7.64664 1.48161
21 8.90264 76.7543 2.70117
22 33.458 81.8839 1.71835
23 82.6219 64.0705 1.06323
24 68.7438 10.2417 1.55465
25 17.1331 69.2933 2.30583
26 11.3375 45.818 -2.70976
27 1.83922 84.2454 2.72569
28 19.264 78.2351 1.86071
29 30.1531 3.93689 -2.98507
30 56.599 19.4966 1.56972
31 28.0105 80.8001 2.41605
32 52.1683 5.6017 1.50953
33 69.3982 16.08 1.6431
34 22.7847 71.5628 2.46254
35 75.5777 81.3967 0.757622
36 56.5911 26.0048 1.37288
37 31.8701 95.8181 1.84887
38 16.6408 72.9717 2.13647
39 79.6392 65.0663 1.10601
40 24.9177 69.659 2.55475
41 78.1717 65.4407 1.34803
42 40.3959 79.1314 1.69893
43 65.7851 7.14822 1.80896
44 45.7847 67.59 2.51885
45 37.8029 73.6041 2.08401
46 24.0527 74.6736 2.6406
47 79.9813 5.98964 1.10042
48 30.0478 73.9322 2.46584
49 15.6459 61.7892 2.54001
50 83.6156 82.0861 1.08698
51 34.6762 81.8817 1.58393
52 68.7209 9.18109 1.31323
53 56.2664 25.6945 1.77448
54 80.3994 69.3945 1.87469
55 71.5187 2.90805 1.3077
56 84.266 70.9887 1.20735
57 29.5822 60.4125 2.10035
58 81.6198 74.7431 1.45881
59 17.3858 70.9707 1.89144
60 83.7914 79.4401 0.77735
61 30.8285 70.267 1.90289
62 45.6016 70.7356 1.75156
63 47.4813 60.0242 1.28269
64 20.0363 89.9867 1.96059
65 76.8499 7.01901 0.784908
66 80.2891 82.8779 1.05664
67 79.5839 82.8562 1.3051
68 75.7043 4.12271 1.24322
69 36.0318 64.1467 2.37345
70 28.3318 92.7261 1.59782
71 24.7374 73.6213 1.98653
72 81.3545 79.4686 1.13805
73 33.8126 94.7147 2.27536
74 27.0258 62.5278 2.34093
75 76.1853 12.268 1.25807
76 31.4946 64.5253 2.49825
77 31.9615 92.4081 1.98707
78 9.76062 38.2225 2.11646
79 83.8327 76.6062 0.985687
80 28.3469 68.7907 2.27132
81 79.0042 80.9718 1.24556
82 59.7707 98.5445 2.07593
83 73.3016 73.9076 1.85371
84 72.6173 100.063 1.42826
85 29.4001 71.6477 1.81376
86 28.9283 68.7271 2.52892
87 34.3109 90.718 1.84541
88 71.7753 2.19576 1.34755
89 25.7727 63.8457 1.89915
90 68.9597 10.5169 1.66822
91 27.7414 81.6417 2.42726
92 32.6624 88.7511 1.76857
93 76.8956 68.4828 1.78993
94 29.2555 70.9272 2.34438
95 65.228 2.07405 1.7469
96 10.4655 81.9165 2.49939
97 31.3458 95.8127 1.67364
98 24.823 63.5834 2.59653
99 32.0727 88.1771 2.10067
100 69.51 9.85997 1.74075
101 79.3326 78.6798 1.69579
102 34.3616 70.9469 2.01804
103 21.3632 67.2247 2.4788
104 32.654 77.7848 2.57966
105 68.3309 11.3805 1.60282
106 81.703 68.835 1.76558
107 11.2883 70.233 2.28301
108 30.3681 78.8921 2.58719
109 90.1336 76.5187 1.68599
110 78.81 13.5808 1.54624
111 33.7086 96.0158 2.31167
112 63.1154 5.90964 1.28108
113 28.4584 86.9065 1.71136
114 6.57588 84.3674 2.75485
115 21.6261 96.5705 2.72498
116 28.3301 59.252 2.10756
117 24.0096 77.5157 2.35584
118 56.4834 8.57721 1.86292
119 78.2805 71.5398 1.80547
120 14.9986 65.3199 2.08473
121 68.4145 78.1267 1.28967
122 30.2154 74.6105 1.96071
123 65.1999 72.9279 0.951035
124 13.6706 0.892998 2.68025
125 76.615 1.90205 0.712709
126 41.2882 84.1947 2.02853
127 79.3758 62.3604 1.46265
128 69.8376 10.3236 1.80131
129 3.44139 85.2407 2.70193
130 17.6218 76.0516 2.53173
131 30.2985 66.9913 1.879
132 80.0477 2.30879 0.459877
133 78.2696 5.56695 0.954565
134 14.4542 58.7678 2.59637
135 34.5168 94.8965 1.7367
136 25.7531 60.9521 1.98801
137 20.4556 89.4809 1.98743
138 32.4148 72.1822 2.68786
139 18.8049 66.4518 2.17638
140 33.6921 68.579 2.28284
141 74.0307 3.36518 1.65438
142 76.2958 71.4957 1.70009
143 45.8905 79.9769 2.05707
144 18.8886 91.2561 2.28681
145 5.19223 89.1192 2.69582
146 13.5869 70.3454 2.42364
147 67.4079 16.2782 1.76058
148 33.3474 93.6333 2.48119
149 77.589 81.3263 1.55075
150 36.0223 72.5297 2.63464
151 56.7131 4.85367 1.58753
152 27.7643 62.5355 1.92955
153 31.9312 78.6616 2.45904
154 44.1776 77.4715 2.33824
155 80.2254 6.92788 1.32566
156 52.694 73.5858 1.76573
157 43.9089 87.5892 1.78733
158 10.8739 47.3009 -2.7657
159 49.456 84.4439 1.85597
160 65.2522 17.7463 1.57478
161 46.7513 83.822 2.42002
162 76.5723 82.5689 1.56573
163 70.3227 0.533289 0.86862
164 76.1253 9.29184 0.924188
165 72.965 79.4159 1.48612
166 70.99 1.20461 1.51697
167 36.7073 97.298 2.4783
168 83.4521 78.1379 1.36504
169 75.8438 7.47672 1.31182
170 63.9052 62.0965 3.2483
171 25.9148 87.6507 2.45074
172 8.51294 65.2469 2.85733
173 34.3887 67.9751 2.29528
174 9.65733 45.3306 -2.89409
175 78.4732 99.9027 0.357478
176 25.3904 8.85752 -2.43599
177 21.7601 66.0779 2.51849
178 69.6393 9.20978 0.925762
179 21.7623 80.5091 1.95031
180 27.5945 88.5342 1.64449
181 49.5903 77.9261 2.21055
182 88.3503 71.6565 0.788706
183 8.96514 61.5625 2.61477
184 32.5608 88.3905 2.44719
185 75.8295 7.45645 1.49505
186 33.8932 77.0568 1.82021
187 58.9224 6.39976 1.76635
188 63.8259 69.0532 0.804196
189 14.014 96.478 2.81925
190 11.0992 49.1435 -3.17484
191 22.6094 93.4695 2.79326
192 24.2346 59.4872 2.54973
193 34.217 84.5009 2.14617
194 26.3808 67.2545 2.0238
195 21.794 88.1889 1.9065
196 18.4765 64.3993 2.06079
197 28.9528 66.9541 1.82777
198 30.5368 87.8137 2.46773
199 13.9311 55.2567 2.91179
200 32.3317 91.6267 1.7525
201 31.952 1.44951 -2.57595
202 66.996 10.7263 1.32372
203 50.5821 85.9547 2.37263
204 10.3878 44.994 -3.22107
205 37.195 96.3866 2.3937
206 25.3489 68.067 2.30532
207 19.7927 74.0091 2.21363
208 67.7695 98.6974 1.20359
209 56.6296 7.92808 1.8075
210 82.797 79.6793 0.756491
211 30.5017 74.3262 1.90795
212 78.9142 4.50671 1.2128
213 57.2132 2.86763 1.87319
214 60.4664 67.0479 1.00591
215 12.2761 73.3815 2.15721
216 39.9927 79.1261 1.65418
217 20.0517 84.8616 2.75277
218 83.2724 97.9404 0.647349
219 79.6423 87.6531 1.06662
220 33.0813 95.2179 2.36265
221 36.7921 84.7506 2.28817
222 32.4061 95.9435 2.01636
223 72.7696 12.6182 1.4339
224 59.9589 8.02546 1.72422
225 22.0455 97.349 2.29688
226 45.8251 75.4953 1.67833
227 33.491 77.7772 1.76549
228 30.9788 69.3934 2.3526
229 31.9224 69.0275 2.48291
230 82.8723 61.3703 0.873454
231 85.6424 78.3193 1.17529
232 32.2793 85.3401 1.86755
233 26.0025 73.9601 2.05705
234 17.6816 65.5993 2.32031
235 83.5199 68.5322 1.68782
236 44.3623 73.797 2.41314
237 17.5101 98.9603 2.8239
238 84.4825 70.5201 1.50232
239 75.8278 70.9606 1.34585
240 15.1261 90.3699 2.53772
241 49.3882 72.3203 2.19487
242 38.8149 83.2098 1.99334
243 31.9949 90.4623 1.97221
244 47.3387 84.2056 2.61821
245 34.1528 81.035 2.23703
246 30.6863 70.1622 2.74228
247 78.2752 40.7662 0.304072
248 77.5779 71.4707 1.69646
249 26.712 62.4488 1.79028
250 -0.104654 83.4627 3.16927
251 9.44119 93.5143 2.2231
252 73.5599 13.3467 1.20906
253 60.4149 9.16095 1.20132
254 31.1236 67.9069 2.18011
255 78.1625 80.9687 1.28515
256 38.9212 81.3351 1.38625
257 30.2204 69.8145 2.36069
258 53.0235 77.292 1.30846
259 86.3012 70.285 1.71297
260 12.9639 51.2163 -2.90576
261 79.229 73.0754 1.26724
262 38.3226 75.2577 2.3925
263 30.1806 83.6121 1.76995
264 64.9004 16.7927 0.958819
265 28.5355 66.8151 2.27799
266 21.1716 63.4187 2.53568
267 16.0927 89.5647 2.37772
268 18.3071 68.4811 1.79172
269 0.00318239 84.8593 2.79334
270 84.6431 74.5975 1.38815
271 87.7663 72.8683 1.31733
272 52.2194 1.30912 0.723206
273 20.2575 68.3298 2.41009
274 27.3678 78.0045 2.29848
275 29.9992 67.8207 1.87274
276 20.4206 60.8627 2.82782
277 29.3607 86.3246 2.18104
278 44.0785 61.5833 1.86075
279 38.1204 83.3875 2.3615
280 86.4077 74.7634 1.1896
281 32.0316 74.2867 2.37556
282 80.7186 70.9733 1.57822
283 42.7524 3.37468 3.18399
284 35.9526 62.1583 2.6469
285 28.7189 91.5648 2.43407
286 74.8241 64.0375 1.37656
287 28.8798 70.743 2.34434
288 67.2166 2.63038 1.76338
289 38.2734 65.5317 2.0135
290 26.985 75.1173 2.53072
291 51.7776 69.2656 2.18117
292 76.6748 6.18128 0.701569
293 25.117 76.7228 2.4388
294 87.6233 70.2042 1.72349
295 2.9747 78.3622 2.31726
296 34.9455 89.6679 2.34675
297 41.8919 76.2957 2.22898
298 56.0213 72.0239 1.93646
299 31.2297 96.7821 2.39031
300 25.1952 68.8929 1.98943
301 81.0089 81.2916 1.54247
302 14.1594 64.8298 2.67609
303 30.9864 72.0451 1.88618
304 47.1541 61.5397 2.45983
305 14.2941 95.6638 2.22096
306 64.5989 12.9271 1.0755
307 15.8241 95.9276 2.41341
308 78.495 75.5314 1.80541
309 26.4991 79.1416 2.4412
310 67.3054 14.4121 1.1142
311 87.5655 66.1342 1.34882
312 33.1443 81.1912 1.96491
313 60.4272 3.79642 1.45313
314 80.8249 85.4126 1.20735
315 31.9333 76.189 2.40327
316 32.5348 89.0142 2.62315
317 84.2677 76.2896 1.41796
318 21.3063 97.1375 2.42077
319 29.7697 95.8195 2.64679
320 31.5982 95.3205 2.26504
321 79.0256 84.4925 1.36818
322 34.4007 93.147 1.86933
323 81.4594 76.8196 1.62568
324 45.4868 6.62638 3.59957
325 40.3872 79.3634 1.89055
326 29.1699 66.2163 2.48218
327 26.736 72.4736 2.29737
328 38.609 92.1828 2.41336
329 66.4019 3.34063 1.81385
330 60.019 2.66557 1.39667
331 73.4417 16.1874 1.23235
332 62.3129 3.90725 1.52546
333 32.5035 89.2252 1.79548
334 78.4168 67.3384 1.77078
335 24.5203 95.071 2.54391
336 35.0408 94.9198 1.7771
337 78.3233 69.3225 1.1583
338 37.0214 77.2028 1.47918
339 30.8069 72.1098 2.12789
340 3.85383 63.3127 -1.0615
341 75.1312 74.4956 2.06293
342 79.4843 77.6068 0.953654
343 41.0981 82.7756 1.96983
344 34.177 73.2798 2.03783
345 71.754 6.69729 1.44276
346 77.1503 65.467 1.91881
347 13.2647 51.4788 -3.05723
348 64.1044 69.0276 1.3141
349 9.61338 40.2407 1.88438
350 34.7107 80.14 2.40959
351 48.9879 73.5156 1.80415
352 47.8021 67.3488 2.72204
353 72.5059 11.4039 1.72294
354 23.6023 62.0194 2.24899
355 32.1829 64.7833 2.62158
356 35.0767 91.5356 1.83971
357 79.019 9.01048 1.21269
358 85.1072 75.6577 0.964867
359 19.2048 70.9459 1.84721
360 76.4273 86.9869 0.969742
361 12.3125 59.2615 3.11901
362 13.2729 84.4319 2.65342
363 29.3013 68.2598 2.52141
364 69.5896 17.009 1.90763
365 31.1277 82.3222 2.08565
366 30.533 90.3258 1.81279
367 33.645 94.6463 2.4898
368 11.4509 67.2122 2.14186
369 63.5861 2.75249 1.3039
370 60.1925 10.325 1.817
371 77.6059 80.0402 0.906236
372 89.2055 71.4482 1.16677
373 30.9337 92.3569 2.0969
374 10.7247 93.5572 2.28319
375 33.696 85.6738 2.19466
376 92.2935 74.4305 1.50115
377 54.209 4.1348 1.12653
378 26.5088 77.6501 2.56868
379 34.395 98.472 1.82356
380 32.8997 70.3135 2.44398
381 14.977 45.8719 -3.10595
382 19.6418 86.3916 2.46409
383 72.4005 4.53072 0.794599
384 32.5042 85.9689 2.57813
385 72.9858 14.9577 1.74474
386 57.8215 24.1209 1.79889
387 17.5578 61.2926 2.69704
388 39.9875 75.7414 1.89136
389 16.4714 68.7881 2.60339
390 73.5051 76.0164 0.960067
391 80.893 74.6371 1.03236
392 16.0447 65.932 1.76096
393 39.7133 82.6106 1.75734
394 20.1839 89.2957 2.2738
395 84.0586 76.5232 1.36572
396 80.9096 86.169 0.730732
397 17.7852 92.8823 2.40155
398 61.3639 2.71395 1.2914
399 51.3329 71.6033 1.83028
400 76.0542 69.9367 1.48782
401 63.4754 1.356 1.79537
402 25.069 62.2071 2.61079
403 11.6266 77.367 1.96842
404 28.1532 72.6341 2.5209
405 46.701 65.9905 2.89083
406 81.659 58.9505 1.435
407 24.5629 88.7686 1.88344
408 11.6274 72.4866 2.45381
409 39.9059 94.8788 2.51358
410 77.7606 72.3752 1.8876
411 11.27 88.1795 2.52832
412 37.4257 68.2962 1.9507
413 76.7029 72.2813 1.38149
414 38.2729 81.4297 2.23883
415 73.2843 6.56984 0.843846
416 33.8566 88.7362 1.84259
417 74.704 69.7759 1.77539
418 83.3348 79.9407 1.28761
419 70.9413 3.07149 0.78884
420 24.9009 75.5218 2.55894
421 79.3958 79.0796 1.4217
422 83.8761 73.2526 1.64437
423 33.7043 93.0569 2.39755
424 82.4108 83.5143 0.815079
425 24.4869 84.6847 2.20615
426 45.1005 2.14124 3.51913
427 7.36479 91.7568 2.20103
428 31.0116 76.4271 1.93993
429 37.8431 77.6662 1.95703
430 45.2104 80.4006 1.41362
431 32.7585 84.4487 2.05731
432 78.6197 82.1813 0.817378
433 43.6525 -0.106622 -0.358054
434 24.0316 70.7688 2.26307
435 73.9398 15.3334 1.62238
436 49.1017 79.6631 2.12494
437 19.1027 65.3964 2.58349
438 27.1206 5.242 -2.90862
439 34.4754 96.9545 2.03972
440 34.0279 65.0211 2.50215
441 79.6753 59.5105 1.79367
442 23.9618 91.7521 2.05234
443 17.6343 57.4163 2.58904
444 33.6055 82.9035 1.88854
445 10.8401 49.4188 -3.51627
446 78.579 15.5085 1.1561
447 81.4301 63.5499 1.86024
448 93.1258 74.0717 1.71715
449 36.1683 63.8169 2.11927
450 76.966 76.183 1.80121
451 24.6538 64.6251 2.58724
452 9.39412 93.4917 3.05665
453 34.6266 69.2206 2.81947
454 5.12993 86.948 2.90412
455 73.844 5.18504 0.845801
456 71.5712 68.6392 1.36151
457 84.0508 70.4321 0.996148
458 94.9303 70.4925 1.25716
459 77.5958 4.85826 1.2525
460 20.2462 67.91 1.90582
461 66.101 10.3709 1.10314
462 35.6119 82.9369 2.24904
463 88.3801 73.8197 1.08551
464 37.4775 84.603 1.95669
465 78.9972 74.9303 1.31082
466 38.8854 78.4774 1.6467
467 34.7707 95.1311 2.30473
468 15.0338 67.1021 1.90984
469 50.6696 75.8384 1.76413
470 49.723 65.8422 2.72798
471 30.7088 78.0227 2.51517
472 36.6094 83.3696 2.01932
473 33.0813 88.6091 1.77673
474 23.8818 36.6831 2.23028
475 82.5549 61.9751 0.912681
476 79.6089 9.82608 0.98008
477 31.023 70.2824 2.12247
478 73.4446 98.3311 1.26472
479 70.338 5.51495 1.56299
480 93.2542 65.4352 1.93591
481 35.8505 90.4945 2.12075
482 22.9685 60.1996 2.04876
483 76.8621 76.7267 1.28454
484 13.3609 70.8942 2.50567
485 10.1791 59.8911 3.09069
486 36.2259 69.0836 2.5472
487 39.67 79.2201 1.39198
488 49.176 71.8022 2.06048
489 70.2592 3.19389 0.972367
490 76.0929 12.8687 1.32813
491 29.93 69.6092 2.41308
492 37.2658 86.3942 1.7199
493 32.2344 78.2506 1.79232
494 28.7526 66.6033 2.58231
495 24.9497 77.1946 2.12533
496 19.275 93.5479 2.83638
497 84.4243 80.1532 1.63831
498 41.1303 76.3019 2.32526
499 81.6756 99.9428 0.760671
