500
Particles
0 47.6463 0.0269336 -0.0988658
1 71.1302 75.689 0.85165
2 72.6782 9.58738 -1.86057
3 17.5303 25.4328 1.58256
4 69.3256 65.1147 1.57458
5 88.9193 81.6039 1.33325
6 82.6099 72.4272 1.45306
7 38.6717 34.0347 -1.81949
8 67.405 97.8886 -1.89532
9 64.9005 4.34083 -1.58444
10 83.7193 89.4958 1.11552
11 10.3068 87.8294 0.501572
12 81.6481 84.7311 1.47722
13 89.2827 44.4627 -2.80848
14 72.7999 65.5908 1.4261
15 92.448 88.4166 1.29455
16 20.7537 24.6578 1.07027
17 9.0996 30.9017 3.21466
18 74.719 72.9453 1.53359
19 59.7195 68.5103 -0.378604
20 18.9078 46.9642 -2.72293
21 85.4713 69.478 1.79325
22 80.3587 87.1465 0.882939
23 11.1526 34.8581 -2.80044
24 19.1835 78.991 0.0475462
25 92.1336 84.4334 0.760568
26 97.8906 91.2204 0.890041
27 40.3067 31.8225 -2.08235
28 43.9351 3.27652 -0.755278
29 13.4992 30.1352 2.1346
30 79.3152 95.0103 1.27274
31 60.8521 77.3427 -1.60767
32 16.2255 45.0426 -2.09236
33 73.5498 1.54379 -1.77068
34 13.3737 47.4487 -2.38561
35 44.5213 99.4669 -0.230743
36 12.39 90.2318 -0.0168584
37 80.2867 77.3232 1.05291
38 77.0738 6.34853 -1.94947
39 63.8768 70.2362 -1.13531
40 76.2419 10.1774 -1.94189
41 91.4137 45.7466 -2.47034
42 62.6641 5.21758 -1.06457
43 91.4765 95.4603 0.570623
44 70.953 80.1434 0.501448
45 65.6549 8.52671 -2.11107
46 48.5554 4.73769 -0.125188
47 92.0982 10.0586 1.3693
48 65.0718 96.1919 -1.66291
49 89.6913 79.836 1.11934
50 70.2824 99.1432 -2.11244
51 50.3747 7.97508 -0.45998
52 75.5523 60.6508 2.4193
53 11.3714 88.2792 -0.0819785
54 85.1092 94.0681 0.850588
55 43.8387 35.2036 -2.04466
56 12.0217 45.9188 -2.7911
57 14.8708 3.27486 0.92742
58 9.90809 40.8479 -2.85575
59 91.218 82.9628 0.466427
60 80.2294 76.9575 1.74816
61 61.6079 0.558153 -1.27414
62 44.6603 6.19196 -0.101964
63 69.2383 73.1208 1.35718
64 74.6671 78.126 1.31609
65 76.1789 55.1244 2.45131
66 79.4571 82.5223 1.28166
67 34.1568 87.5157 -0.0410756
68 75.5225 51.0355 2.84039
69 47.4637 9.71561 -0.312199
70 82.6496 73.581 1.20131
71 36.5851 56.9774 -0.508419
72 76.8235 78.0934 1.25616
73 53.84 86.5824 -1.54053
74 70.5547 41.3021 -2.17566
75 31.9721 14.505 -0.718143
76 43.6787 9.87604 -0.468638
77 76.5258 75.7905 1.02173
78 75.757 80.5867 0.72128
79 79.3356 70.3487 1.19132
80 43.846 9.14163 -0.403969
81 80.6454 79.457 1.12365
82 5.54819 56.7186 -2.56095
83 75.3604 70.5335 1.17244
84 13.5271 31.529 3.07892
85 13.9441 81.7993 -0.261961
86 38.3869 15.382 -0.795502
87 74.6831 42.236 -2.78416
88 76.2958 63.7825 1.3716
89 97.2851 90.9362 0.124628
90 99.1728 89.8289 0.083314
91 60.6384 76.4515 -1.47892
92 43.2313 34.1299 -1.8075
93 8.99775 41.7595 -2.15135
94 41.8633 64.4347 -0.365459
95 44.8008 3.27266 -0.162357
96 79.9801 72.6158 1.82218
97 83.9588 76.6952 1.52905
98 99.37 90.8594 0.33378
99 14.7637 21.7535 0.759335
100 75.0864 59.3039 2.66485
101 76.689 70.7147 1.3073
102 65.813 99.1652 -1.69831
103 17.7932 72.5473 -0.357332
104 50.9877 1.93826 -0.392675
105 99.052 90.4941 0.642386
106 11.4209 48.7736 -2.54731
107 54.9091 91.4119 -1.59223
108 55.8539 7.15592 -0.326783
109 60.789 94.3819 -1.98455
110 81.7542 97.7474 1.0496
111 81.0536 76.8809 1.63787
112 70.1069 98.2145 -2.34269
113 4.16672 37.457 -2.47861
114 90.3472 91.9081 0.730298
115 43.0283 91.8084 -2.91145
116 82.6952 80.062 1.16249
117 95.1358 91.3709 0.567137
118 20.4576 24.4039 0.804029
119 8.31087 41.8695 -2.56591
120 96.7463 87.1182 0.335057
121 56.9705 69.0956 -0.761276
122 40.7014 63.4258 -0.217836
123 75.7211 71.0344 0.947076
124 79.5467 49.1553 -3.53494
125 73.8268 55.953 2.41107
126 56.4622 82.86 -1.03744
127 78.8591 51.1583 2.98893
128 18.2799 78.8203 -0.548979
129 51.0148 0.830336 -0.356632
130 47.9069 8.42155 -0.78583
131 82.9832 86.289 0.793788
132 6.46272 89.2917 0.530991
133 4.6536 91.1176 -0.185698
134 91.009 79.8427 1.17719
135 85.2993 73.6214 1.21973
136 8.02999 99.6349 0.280445
137 85.5348 74.6226 1.72693
138 42.9135 71.6265 -0.901381
139 38.8837 6.21673 -0.302432
140 65.6066 0.993265 -2.3485
141 73.5174 56.6676 2.7008
142 79.7386 67.1261 1.53293
143 67.374 8.20646 -2.06679
144 82.1535 78.4673 1.86519
145 56.8903 89.3429 -1.79604
146 46.0907 6.20033 0.0417476
147 73.6058 5.05913 -1.77197
148 47.9483 6.18372 0.127113
149 82.7646 80.4653 1.36622
150 57.9668 3.27761 -0.10932
151 42.8845 3.204 -0.35684
152 58.2127 65.2219 -0.936021
153 49.118 2.13029 -0.608693
154 69.0389 7.67657 -2.25947
155 7.75772 94.3523 0.571558
156 66.7225 -0.0478142 -2.23499
157 63.777 11.4272 -1.51798
158 95.0837 83.3545 1.3306
159 86.3718 89.4389 1.09047
160 71.8501 82.1822 -0.149543
161 54.9889 72.9525 -1.24385
162 70.0116 1.54688 -2.1792
163 80.2343 44.5426 -3.26795
164 80.8587 58.2074 2.34958
165 42.7232 98.4935 -1.05477
166 73.9364 53.2132 2.56021
167 89.1659 73.6091 1.15485
168 73.3607 74.13 1.55374
169 95.8668 0.981378 0.894229
170 73.032 0.629073 -1.428
171 80.2635 72.436 1.08342
172 50.4977 90.5263 -1.92808
173 65.7764 1.44852 -2.23964
174 87.0744 81.5733 0.746763
175 56.4596 79.9403 -1.31239
176 89.2898 89.3283 1.4257
177 14.0556 81.8525 0.654966
178 13.7941 38.8103 -2.28845
179 44.3578 1.92127 -0.523031
180 1.94653 41.1505 -2.40352
181 68.5379 3.78385 -1.84462
182 11.4217 45.5145 -2.88577
183 60.5591 15.6569 -0.427833
184 93.4779 87.2948 0.790402
185 96.7402 23.8189 -2.18958
186 40.3553 65.2672 -0.209315
187 69.0882 98.7542 -2.43869
188 69.3433 70.2893 0.839421
189 75.466 82.3434 1.19273
190 79.7957 83.258 0.811188
191 84.2698 78.2788 1.67542
192 16.1504 82.5388 0.546603
193 61.3846 98.4473 -1.79737
194 5.5649 97.0857 0.38617
195 77.0704 74.725 1.38148
196 92.6543 80.3617 0.895302
197 39.8034 15.0448 -0.195423
198 15.093 53.4913 -2.32499
199 93.6576 81.9684 1.00432
200 86.4372 70.9155 1.41126
201 62.4618 69.7634 -0.478445
202 70.0197 60.6816 1.1282
203 53.6003 13.8116 0.0717868
204 88.5486 80.2511 0.815342
205 55.6279 89.8375 -2.15604
206 9.16608 6.22656 0.82171
207 93.2205 87.3365 1.18761
208 92.9999 89.4965 0.572746
209 85.8429 86.1634 1.59064
210 77.9077 74.7889 1.86812
211 81.3577 86.9407 1.70971
212 4.69319 91.3265 0.449035
213 47.0996 9.03917 -0.145313
214 75.0982 69.05 1.68668
215 96.1002 51.0174 -2.50081
216 68.45 12.3799 -1.39134
217 84.1329 70.2254 1.47076
218 59.8251 12.8733 -0.252711
219 99.1008 20.0569 -2.22867
220 95.0884 76.3859 1.07359
221 57.3504 10.466 -0.60086
222 80.0465 76.7327 1.41863
223 89.0234 15.1647 1.67677
224 17.6195 22.6498 1.37133
225 34.5959 31.0945 -1.40761
226 63.1766 5.44576 -1.52501
227 68.0061 96.6593 -1.59566
228 42.9412 15.9221 -0.765279
229 59.384 6.58828 -1.04636
230 85.4421 46.3145 -3.02725
231 77.6813 77.3851 1.46193
232 59.1571 73.4286 -1.86905
233 13.6018 69.2602 -0.0356395
234 92.7567 83.2782 0.840582
235 11.2117 45.0923 -2.81461
236 67.1289 0.708144 -2.37097
237 75.311 81.8163 0.923422
238 12.9554 39.9405 -2.82857
239 70.0887 68.9929 0.733387
240 84.348 84.5072 0.798848
241 76.9428 80.8758 1.45842
242 51.7603 7.37954 -0.343405
243 86.2096 72.2463 1.68649
244 48.3106 67.6327 -1.71555
245 53.2942 7.71764 -0.260867
246 46.1786 61.922 -0.488757
247 82.5803 50.1698 -2.59779
248 75.4956 67.418 1.72219
249 85.8941 79.4495 1.3951
250 29.6145 11.8022 -0.636477
251 76.8069 0.454317 -1.99992
252 36.3506 35.5967 -1.38382
253 99.0596 24.7313 3.13572
254 78.1611 86.4798 0.922555
255 82.349 80.4321 1.45446
256 55.3692 7.03292 0.00683968
257 44.1164 63.9075 -0.56708
258 68.8751 0.488992 -1.51424
259 12.8358 48.8911 -2.54882
260 93.2948 80.0168 1.12962
261 3.65882 33.0126 -2.04181
262 68.9712 5.05941 -1.54012
263 9.46308 82.534 -0.234764
264 68.5798 89.7671 -1.69065
265 15.9704 68.8417 -0.413379
266 33.5908 97.2466 -0.179612
267 73.9947 77.6506 1.64615
268 80.9686 93.4524 1.72817
269 11.6457 85.8252 0.203737
270 9.23273 43.0351 -2.24119
271 12.1484 45.4561 -2.79926
272 42.9214 14.7782 -0.726542
273 93.4968 81.9886 0.445832
274 10.176 82.5796 0.24709
275 59.2662 1.79752 -1.18722
276 1.61086 90.4266 -0.0974043
277 53.3438 89.3473 -1.55597
278 72.3639 96.084 -1.70106
279 58.848 11.1136 -0.887185
280 76.5089 66.8713 1.91097
281 55 83.0606 -1.87278
282 10.5619 34.255 -2.75242
283 89.2339 77.0622 0.918941
284 77.9727 81.416 1.65401
285 80.9676 73.0943 1.30193
286 81.8076 48.6019 -3.10659
287 44.0098 63.8115 -0.724447
288 16.7274 22.7426 0.764445
289 74.7367 97.6642 -2.13092
290 61.7079 99.4153 -1.29872
291 70.7539 77.2597 1.29279
292 95.401 0.56172 0.864493
293 10.7785 82.6736 -0.13355
294 87.9669 94.8896 1.33051
295 38.567 37.5535 -1.69395
296 93.4551 88.9416 0.931277
297 65.5309 3.75185 -1.74191
298 68.6936 80.7426 0.00321646
299 85.3991 76.6608 1.70514
300 11.2903 78.7812 0.209151
301 80.5109 78.8316 1.3456
302 74.7778 8.91317 -1.69161
303 68.5874 94.1401 -1.98858
304 72.4435 72.2563 1.6893
305 79.9068 81.4967 1.62893
306 14.9295 93.7087 0.277856
307 72.0057 80.6094 0.429075
308 5.71416 36.8117 -2.35242
309 29.2143 98.7098 -0.381963
310 36.4462 28.7852 -2.46244
311 90.2599 11.2096 0.935085
312 49.9837 7.29413 -0.60934
313 38.9212 1.60017 -0.0804972
314 23.3059 24.8355 0.760011
315 63.8622 0.0382106 -2.12772
316 84.8842 72.2498 1.07043
317 79.5112 69.4017 1.43142
318 88.6779 86.3603 0.534119
319 83.5609 75.7854 0.877526
320 78.3034 78.8328 1.78361
321 92.3043 9.4502 1.49217
322 81.4361 75.6946 0.907328
323 79.0605 70.1081 0.982765
324 71.8814 83.8328 0.0957036
325 61.5771 7.6399 -1.34395
326 13.3301 21.0435 1.04619
327 36.1547 2.94276 -0.588729
328 93.1143 89.6905 0.764389
329 17.6532 44.898 -2.72832
330 45.6119 5.67371 -0.873678
331 6.20341 87.4907 0.406568
332 19.7256 44.2403 -2.38759
333 -0.194406 48.4255 -2.92102
334 65.5392 67.4931 -0.457757
335 84.2059 76.8669 1.15468
336 89.0644 73.7744 1.25056
337 70.7691 67.0952 1.69865
338 63.1879 6.15266 -1.33887
339 12.9523 22.3896 1.43041
340 76.785 74.4259 1.22384
341 67.4323 88.9699 -1.69449
342 75.7108 73.8375 1.61406
343 58.4892 9.39099 -0.767859
344 68.0651 96.9773 -2.35747
345 91.3518 94.359 0.804239
346 91.4288 46.3234 -2.70122
347 1.02816 90.8937 -0.181945
348 72.754 69.8985 1.44929
349 79.0413 82.1585 1.09311
350 54.4015 5.93377 0.0295322
351 65.9061 1.26242 -2.20418
352 69.0944 77.7744 0.0809462
353 71.0318 38.8561 -2.22254
354 69.6785 54.1377 2.67416
355 86.8248 89.3924 1.03289
356 15.6306 26.5553 0.935064
357 8.67885 89.0204 -0.317076
358 5.96386 37.9633 -2.06079
359 92.5292 88.6593 0.96561
360 70.2617 11.0639 -1.24837
361 86.0045 82.6234 0.802537
362 80.355 73.9025 1.43406
363 40.8981 12.9468 -0.201877
364 75.1945 96.4287 -2.68031
365 48.5857 4.18669 0.0711912
366 86.1312 72.2178 0.884392
367 58.5888 92.1163 -2.35847
368 45.7717 4.49555 -0.860739
369 92.0318 92.4154 0.531173
370 87.117 84.4614 1.30042
371 81.9748 81.1909 1.69686
372 85.8001 94.6953 1.11396
373 95.4545 47.6431 -2.65465
374 69.5087 83.5428 -0.110386
375 48.8774 3.22384 -0.743682
376 63.1883 91.452 -1.50538
377 23.0718 77.8579 -0.0320067
378 52.486 6.42783 -0.50504
379 92.0677 77.7573 0.959563
380 65.43 4.79353 -1.90624
381 2.81363 93.5981 0.629618
382 79.1999 73.4511 0.942999
383 21.8784 23.6166 1.39716
384 1.1913 99.844 -0.0778512
385 38.6122 32.6337 -2.14541
386 30.9819 33.7567 -2.21801
387 9.88708 75.4561 -0.0291759
388 63.4876 6.49668 -1.69496
389 90.6559 83.4643 0.594194
390 74.0058 75.2336 0.839283
391 7.91049 36.9469 -2.63668
392 76.5158 90.0557 0.614144
393 61.541 9.14006 -0.944427
394 84.5232 72.185 0.934948
395 4.19717 34.07 -2.59355
396 98.3952 19.2817 -2.05802
397 86.6354 79.7635 0.859764
398 82.35 85.2799 1.34551
399 33.984 83.0947 0.0350156
400 74.873 65.6607 2.00897
401 75.7932 49.3075 2.39504
402 43.4239 11.8255 -0.345081
403 77.631 71.8128 1.83539
404 12.0312 1.91335 0.523024
405 71.9232 72.8644 1.10193
406 85.011 46.1978 -3.06899
407 82.9761 71.0901 1.1345
408 94.4804 47.0162 -3.03969
409 87.2312 74.5653 1.382
410 68.7807 69.0954 0.709138
411 91.4281 91.5554 1.30969
412 42.9665 12.0308 -0.509816
413 2.1316 24.2935 2.99274
414 57.0453 5.73691 -0.741348
415 98.7592 98.0142 0.387261
416 92.3447 85.9484 1.14884
417 79.3391 66.4503 1.60821
418 80.1405 74.736 1.67203
419 62.5395 66.9676 -0.926796
420 95.9403 88.6052 0.844417
421 75.132 72.6308 0.921905
422 9.86474 43.571 -2.58661
423 37.5797 60.8768 -0.350245
424 89.1362 90.7298 0.454022
425 82.6032 69.5066 0.867299
426 46.2086 89.8356 -2.54289
427 68.4862 85.3972 -0.470852
428 52.1173 5.19451 0.0666468
429 56.6061 5.04837 -0.627379
430 47.5127 66.7696 -1.40152
431 54.7819 4.10195 -0.662953
432 68.2388 98.9669 -2.4039
433 46.0037 92.2903 -2.83053
434 88.2449 91.1252 0.563609
435 72.2464 -0.0836194 -1.43943
436 67.0155 5.11111 -1.86017
437 99.9592 97.8377 0.478534
438 62.0479 70.8825 -1.12318
439 50.8709 90.8464 -2.26786
440 70.2344 54.8444 2.93699
441 78.3704 61.9252 2.24366
442 80.5428 75.1206 0.914917
443 66.3287 56.5697 2.4866
444 52.1396 4.79506 -0.202066
445 82.145 80.6915 1.70287
446 0.666607 28.4561 3.26668
447 83.6216 48.3469 -2.48416
448 91.7237 88.9248 0.87613
449 82.1401 79.1697 1.04873
450 73.3333 71.2916 1.08753
451 41.6582 9.51506 -0.179136
452 78.5936 80.3189 0.842769
453 68.2887 2.70259 -2.07665
454 6.14644 45.9284 -3.04461
455 73.0914 48.6368 2.63884
456 69.745 64.9944 0.824685
457 13.3884 38.6473 -2.86503
458 20.7143 46.7333 -1.8075
459 37.511 59.7824 -0.84889
460 90.7446 81.8163 1.473
461 100.44 89.7537 0.449327
462 56.2655 7.55472 -0.0748605
463 59.5608 90.1337 -2.30872
464 56.2743 12.6276 -0.466743
465 7.18579 40.2132 -2.87005
466 65.9297 9.50071 -1.2576
467 83.7658 74.877 1.1956
468 91.5867 83.2362 0.914678
469 64.9794 4.64403 -1.73763
470 74.7877 71.2122 1.19184
471 55.6633 8.57621 -0.790826
472 55.4232 9.62614 -0.579348
473 92.8619 53.4894 -3.27201
474 89.9218 88.8267 0.7531
475 88.4116 46.4057 -2.44614
476 6.58535 93.4485 0.167861
477 14.4031 6.36541 0.735773
478 59.8874 77.8629 -1.14624
479 95.775 96.3873 0.755669
480 13.6828 37.9735 -2.95002
481 93.6003 87.3339 0.730935
482 2.06038 92.2879 -0.135127
483 77.8869 70.5668 1.15549
484 80.6746 93.0953 1.75163
485 78.2809 3.58809 -2.17108
486 66.0528 2.47331 -1.91313
487 65.4852 10.7845 -1.4506
488 41.7183 96.0054 -1.2383
489 73.703 51.5835 2.66451
490 39.322 36.3817 -1.32525
491 42.8526 66.0831 -0.48649
492 54.9631 6.87849 -0.222523
493 59.469 86.3583 -2.30705
494 45.4906 63.1104 -1.06864
495 21.0601 81.8685 0.0193612
496 80.6899 79.6993 1.38798
497 87.4914 84.7702 1.46005
498 58.8994 6.05916 -0.896913
499 38.9944 57.8851 -0.368535
