500
Particles
0 12.9018 56.6927 2.25415
1 50.2877 59.4271 2.21067
2 23.3181 94.4759 1.93207
3 61.136 99.8235 1.81857
4 76.4579 61.0951 2.0426
5 19.1568 50.344 2.54716
6 31.4829 82.2156 1.93254
7 74.1295 7.84112 1.66157
8 50.3592 66.1481 1.61921
9 50.6639 68.9924 2.57577
10 37.4064 63.3614 2.25534
11 23.1386 91.5685 1.85259
12 25.1019 91.7834 2.71937
13 83.092 52.5404 1.57069
14 80.5798 64.8615 1.57909
15 96.7901 55.9857 1.45127
16 48.2322 70.2252 1.82904
17 76.2424 79.6848 0.954758
18 75.345 70.4201 1.62084
19 61.957 94.4842 1.1615
20 61.3736 100.399 1.68983
21 13.5547 71.2575 2.64302
22 36.5376 75.402 2.13658
23 82.6111 57.0939 1.97669
24 66.5436 3.3169 0.713433
25 21.6014 63.5533 2.10103
26 17.3264 43.5876 2.38083
27 8.32808 81.2634 2.58087
28 23.0644 72.1219 2.09925
29 35.4787 8.45348 -1.79276
30 57.8243 12.7774 2.6368
31 32.1919 74.8961 2.28872
32 50.1352 98.6672 1.02489
33 67.0153 9.2936 1.38616
34 26.8994 65.7325 2.17302
35 74.3574 74.4081 1.27392
36 58.6316 19.0486 1.98423
37 35.7122 89.975 2.23372
38 20.3745 66.7985 2.63511
39 78.4878 57.9935 2.12312
40 29.659 64.1929 1.91607
41 75.9164 58.5393 1.82436
42 44.1416 73.0516 2.28807
43 64.2255 100.195 1.2251
44 49.2335 61.3603 1.66836
45 42.495 68.1944 2.69161
46 27.5959 68.4529 2.46492
47 78.2732 99.0193 1.88308
48 34.6174 68.4608 2.07894
49 20.9767 56.7471 2.62282
50 81.7452 75.1544 1.85326
51 38.3513 76.0874 2.70083
52 67.5463 2.19512 1.29223
53 57.5604 18.6784 2.21564
54 80.4964 62.2044 1.80617
55 68.7896 96.2121 1.06546
56 83.2727 64.0348 1.72194
57 34.4301 55.1355 2.64035
58 80.6595 67.6059 0.995987
59 21.3663 64.9135 2.30952
60 80.4543 72.9473 1.47833
61 35.997 65.2656 2.6425
62 47.3027 63.7772 1.58719
63 48.3708 52.9208 2.25253
64 25.0686 84.9112 2.42192
65 74.456 100.269 1.11958
66 78.215 75.9081 1.28578
67 77.9127 75.7566 1.00195
68 72.4106 97.5416 1.3938
69 40.7856 58.7613 2.7075
70 32.7814 87.1026 2.07678
71 29.1241 67.8514 2.55
72 78.8709 72.6451 1.32914
73 38.194 88.92 2.43593
74 32.1034 57.4866 2.71685
75 74.7139 5.18392 1.0825
76 36.1622 58.9883 2.55713
77 36.3095 86.673 1.83509
78 16.367 35.4305 3.04227
79 81.8184 69.5668 1.7177
80 32.6806 62.9996 2.55237
81 76.9979 73.874 1.18678
82 59.0093 91.479 0.889355
83 73.7122 66.6877 1.79803
84 70.3024 93.2078 1.20009
85 33.2765 65.3321 2.59369
86 33.6546 63.2695 2.66369
87 38.101 84.5952 1.95155
88 69.8131 95.5481 1.45377
89 30.3785 58.5262 1.93839
90 67.6012 3.37419 1.33549
91 32.1312 76.0519 2.45551
92 37.2573 83.4292 1.77001
93 75.8925 61.4107 1.16871
94 34.8947 66.2102 2.0126
95 63.4734 95.1844 1.18991
96 15.3622 76.768 2.94885
97 35.4586 90.021 2.27542
98 29.1356 57.946 2.53151
99 36.4337 82.5067 2.46929
100 67.987 2.78544 1.23389
101 78.7229 71.5814 1.36831
102 38.7807 65.212 2.84952
103 26.2074 61.9012 2.40053
104 36.9831 72.1334 1.8211
105 65.8811 4.61309 1.60044
106 81.0093 61.7416 1.66327
107 15.357 64.2393 2.11602
108 35.5072 73.6525 1.82088
109 91.0657 69.5666 2.04909
110 78.0931 6.2515 1.18722
111 38.0186 90.1945 1.86121
112 62.2557 98.8414 1.38153
113 32.2525 80.7672 1.93965
114 12.7128 80.649 3.06528
115 27.2538 91.9563 2.51068
116 32.5088 53.2402 2.75821
117 28.488 71.9521 2.13241
118 56.7323 1.4238 0.845273
119 78.5284 64.2799 1.40539
120 19.4229 59.6987 2.70908
121 68.6259 71.2553 1.4333
122 33.9691 68.4684 2.546
123 65.4245 65.825 1.78649
124 19.6489 97.1457 2.01494
125 73.0063 95.7082 1.50698
126 45.2739 78.4249 2.47931
127 78.0893 55.3061 2.04893
128 67.7353 3.54339 1.08347
129 10.1198 82.4775 1.93308
130 21.3559 70.2696 2.40576
131 34.6888 61.2276 1.87763
132 75.4118 96.6675 1.54146
133 75.7803 98.8319 1.56076
134 20.3248 54.6279 2.20866
135 38.3 88.7141 2.19396
136 29.8934 55.3032 2.38524
137 25.5934 84.6495 2.92283
138 37.0839 66.6231 1.99773
139 23.3008 60.9386 2.19261
140 38.0088 62.7315 2.12027
141 71.7561 96.7438 1.21605
142 76.6833 64.2631 1.29549
143 48.8911 73.4048 1.96281
144 25.0267 87.2503 2.26564
145 11.3799 85.1182 2.63476
146 17.7568 64.447 2.36422
147 65.401 9.40426 1.58782
148 38.4641 88.4421 2.28864
149 76.5688 74.2469 1.65561
150 40.7602 66.9864 2.29414
151 57.1143 97.6448 1.81916
152 31.9992 56.8209 2.29229
153 35.2794 72.1879 2.59492
154 48.01 71.2378 2.68859
155 77.9705 100.05 1.11896
156 54.9039 66.7843 1.76289
157 48.1022 82.1942 2.19012
158 17.2887 45.7837 2.01169
159 54.3785 79.2247 2.43353
160 63.4675 10.7328 1.86785
161 50.7252 77.9924 1.66605
162 75.5317 75.5054 1.46696
163 67.6228 93.949 0.922605
164 74.1382 2.6495 1.24088
165 72.716 72.2982 1.53702
166 68.7866 94.3377 1.42457
167 41.5362 91.945 2.26231
168 82.4388 71.1566 1.48374
169 73.3406 0.649617 1.49065
170 68.8793 57.3597 1.85458
171 29.8044 81.5675 1.95814
172 13.198 59.8934 2.01887
173 39.5116 62.8771 1.99023
174 16.0115 43.1521 2.21463
175 74.0342 94.546 1.37152
176 31.0267 13.3871 -2.83564
177 26.7252 60.7682 2.42432
178 67.3828 2.37516 1.18577
179 25.5031 74.4974 2.44543
180 31.2684 82.413 1.87421
181 51.858 71.0647 1.88287
182 87.1052 64.5739 1.42872
183 13.82 56.5768 3.15613
184 36.9922 82.6614 2.42553
185 74.4536 100.34 1.5966
186 38.147 71.271 2.37291
187 58.7907 99.1868 1.36317
188 63.0532 61.9185 2.01044
189 20.3431 92.7642 1.95115
190 17.4933 46.9161 2.24833
191 28.1624 88.9953 2.57271
192 29.0408 54.105 2.01397
193 38.5284 78.6678 1.97671
194 31.1372 61.7601 2.81613
195 25.9328 82.245 2.41794
196 22.6861 58.5102 2.75798
197 33.0292 60.8831 1.9707
198 35.1296 82.3674 2.41632
199 19.937 51.5027 2.6685
200 36.3402 85.4911 2.05255
201 36.587 6.79613 -1.79776
202 65.4335 3.59778 0.885748
203 55.5747 80.7424 2.12904
204 16.7552 42.544 2.08383
205 41.4365 90.616 2.43335
206 29.5478 62.2518 2.69147
207 23.5856 67.9544 1.70134
208 65.577 91.8249 1.02603
209 57.245 0.815529 1.50474
210 80.0795 73.0666 1.76639
211 35.4245 69.1854 1.79832
212 76.0647 97.8454 1.52713
213 56.1972 95.7351 0.982812
214 60.8552 60.0132 1.60453
215 16.9539 67.7946 2.32369
216 43.8948 73.2433 2.76121
217 24.422 79.3209 2.62969
218 79.0604 92.7125 1.92159
219 78.2171 80.5511 1.33917
220 37.2191 89.3564 1.73094
221 40.9153 79.0935 2.44654
222 36.5575 90.0879 1.64973
223 69.3555 6.28402 1.64025
224 60.3391 0.808821 1.43245
225 27.5014 92.9084 2.48428
226 48.2218 68.6145 2.41653
227 37.0823 71.6041 2.60642
228 35.5484 63.8492 1.98339
229 36.3385 63.2534 1.94563
230 82.528 54.3319 2.1023
231 82.7537 71.5966 1.32056
232 36.5956 79.9935 2.17542
233 30.8746 68.6481 1.71539
234 21.9056 59.5485 2.78816
235 83.2988 61.4065 1.02267
236 47.5442 67.1548 1.63658
237 22.8535 94.2864 2.23227
238 84.3399 63.3649 1.57067
239 76.2421 63.7294 1.80446
240 21.0295 86.257 2.70391
241 51.5794 65.4041 1.73872
242 42.7486 77.2882 2.31969
243 36.3961 84.8328 2.07494
244 51.6843 78.3233 1.80582
245 38.6024 75.5165 2.20042
246 35.8303 65.0964 2.18748
247 72.8517 36.1736 1.34745
248 77.4604 64.3444 1.14899
249 30.9154 56.4878 2.37247
250 6.61843 80.7383 2.46382
251 15.2645 89.3541 2.55787
252 70.6915 6.63589 0.712077
253 61.0292 2.02546 1.49041
254 36.1878 62.6853 2.6313
255 76.8964 73.9303 1.66635
256 42.7583 75.5745 2.25399
257 35.5951 64.8247 2.35654
258 54.8848 70.4572 2.12437
259 85.473 63.0092 1.58331
260 19.3309 48.7556 1.8098
261 78.654 65.915 1.69684
262 42.7381 69.4867 2.69489
263 34.1023 77.6316 2.48142
264 62.5706 10.0436 1.28289
265 32.9914 61.1518 1.85556
266 26.1427 58.1439 2.04444
267 22.0584 85.4085 2.27533
268 23.1029 63.4072 2.54836
269 6.91207 82.7257 2.65451
270 83.1754 67.3514 0.984658
271 87.4949 65.613 1.76863
272 49.605 95.3326 1.5162
273 25.2525 63.0095 1.99606
274 32.0209 72.2886 2.28846
275 34.7001 62.3691 2.11674
276 25.1491 55.5206 2.45094
277 34.126 80.9454 1.77146
278 45.667 54.7618 1.66507
279 42.5417 77.8127 2.43043
280 84.953 67.7433 1.26472
281 36.496 68.6064 2.52132
282 81.1527 63.9732 1.23017
283 45.7727 98.1838 0.925189
284 41.6359 57.8081 2.22896
285 33.4242 86.0822 2.56382
286 73.469 57.0301 1.77646
287 33.4923 65.0949 2.04596
288 65.3089 96.0331 1.49907
289 42.9146 59.9809 2.44853
290 31.9085 69.9214 2.31131
291 55.384 62.9151 1.88098
292 73.2048 99.7305 1.19052
293 29.4098 71.0853 2.21567
294 86.571 63.2462 1.59475
295 9.06327 75.0172 2.83109
296 39.0374 83.6436 2.62806
297 45.3497 69.8069 1.84051
298 57.7945 65.2953 1.76169
299 35.9094 91.1993 1.99529
300 29.5331 63.0266 2.22727
301 79.7963 74.18 1.16265
302 18.8662 59.5294 2.71108
303 34.8755 65.8069 2.44523
304 49.4945 54.8333 2.04977
305 20.5204 91.9861 2.32119
306 63.2897 5.89395 0.808797
307 21.7776 92.0945 2.24042
308 79.0967 68.2937 1.23797
309 30.8286 73.3575 2.1294
310 65.7351 7.42147 1.13722
311 87.8243 59.1004 1.78556
312 37.3953 75.4564 2.61624
313 60.1579 96.7002 1.1847
314 78.331 78.8295 1.10407
315 35.8921 70.0335 2.37571
316 36.6484 83.4073 2.60122
317 82.2474 69.4306 1.15743
318 26.597 92.2567 2.05731
319 34.4667 90.3828 2.58825
320 35.0656 88.8511 2.51235
321 76.5451 77.8285 0.895941
322 38.5068 87.0385 1.6803
323 80.4169 69.7253 1.12046
324 45.4695 12.8573 -0.543387
325 44.3877 73.3404 1.84569
326 34.5294 61.6022 1.90224
327 31.5074 66.9827 2.47297
328 41.7639 85.7392 2.26627
329 65.0442 96.3121 1.04501
330 59.4024 95.4683 1.50896
331 71.1398 9.53478 0.797122
332 60.0869 96.9695 1.18322
333 36.659 83.5538 1.95969
334 78.1241 60.1143 1.42116
335 29.5449 89.9608 2.41977
336 38.8219 88.6965 1.73164
337 78.2307 62.1235 2.024
338 40.3133 71.0192 2.23943
339 35.6186 66.6958 1.9823
340 100.383 63.9567 -0.415002
341 75.981 67.3591 1.64899
342 77.8756 70.6169 1.35218
343 45.1371 77.0569 2.65532
344 38.4414 67.5711 1.96681
345 69.2358 99.9906 0.796884
346 75.0512 58.6432 1.40843
347 19.7775 49.1658 2.30803
348 64.2732 61.8582 1.91853
349 15.9909 37.3334 3.04634
350 38.5161 74.3746 1.78106
351 51.7573 66.7884 2.37729
352 50.7401 61.0978 2.03805
353 70.0654 4.75037 1.09481
354 28.3173 56.5246 2.72954
355 37.7696 60.2569 1.95765
356 39.6334 86.2111 2.3724
357 77.051 2.03352 0.913056
358 84.1396 68.531 1.20359
359 22.9432 64.9113 2.23202
360 73.6895 80.2808 1.22926
361 17.8308 54.8908 2.26162
362 17.7944 79.6953 2.38872
363 34.4975 63.1242 2.4865
364 67.6866 10.3566 0.860096
365 35.007 76.2185 2.68395
366 35.2584 84.9341 2.0187
367 38.5591 89.4374 2.22161
368 15.5886 61.5276 1.82297
369 62.8525 95.5848 1.336
370 60.2948 3.02798 1.78829
371 76.2141 73.1097 1.74148
372 88.9508 64.1354 2.09582
373 35.7365 86.9649 2.49213
374 16.5634 89.137 2.89116
375 38.0319 79.969 2.73006
376 93.3363 67.6005 1.66156
377 53.4986 96.867 0.873325
378 30.6964 71.8226 2.31716
379 38.1618 92.4134 2.44405
380 37.2627 64.6635 2.34606
381 21.3771 44.2787 1.85275
382 24.98 81.3526 2.23358
383 69.1623 98.1934 1.27679
384 37.2625 80.5337 1.77537
385 69.707 8.59079 1.14393
386 59.5202 17.1219 2.0977
387 21.9145 55.6116 2.29044
388 43.7009 69.4902 2.08057
389 20.7733 62.993 1.81549
390 73.4953 68.9653 1.69455
391 81.1508 67.3376 1.72798
392 19.8747 59.9147 2.67118
393 43.3521 76.5229 2.47277
394 25.5635 84.4696 2.66454
395 82.8063 69.5317 1.15014
396 78.1672 79.3339 1.45092
397 23.8926 88.7763 2.63834
398 60.7516 95.4595 1.35586
399 54.1313 64.9951 1.70704
400 74.9117 62.7613 1.7959
401 61.222 94.6266 1.67923
402 29.4255 56.4521 2.82259
403 16.1118 71.9485 2.61097
404 32.8077 67.2838 2.33922
405 49.7384 59.8661 1.85993
406 81.1571 51.888 1.9931
407 28.5688 82.851 2.75735
408 16.1721 66.8617 2.12587
409 44.277 89.2692 2.14449
410 78.2355 65.1488 1.21383
411 16.3002 83.7447 2.10011
412 42.6508 63.3537 1.988
413 76.5511 65.0066 1.78783
414 42.3863 75.8273 2.53073
415 70.4557 99.9207 1.68635
416 38.0628 82.8198 2.39544
417 74.2772 62.557 1.36154
418 81.5024 72.9087 1.13975
419 67.1094 97.0195 1.35271
420 28.9632 69.6354 2.20015
421 77.7225 71.9822 1.1841
422 83.0589 66.1669 1.24421
423 37.7224 87.0618 2.57899
424 79.8975 76.8174 1.67822
425 29.3411 79.4777 2.74118
426 45.9793 96.0118 1.30744
427 14.0292 89.1043 2.96243
428 35.8133 70.9742 2.22246
429 42.0663 71.8169 2.12516
430 47.503 73.5916 2.02743
431 37.5061 78.9517 1.86075
432 76.3241 75.282 1.20568
433 45.2577 93.6537 2.10109
434 28.6104 65.2072 1.70799
435 70.8794 9.05447 1.58349
436 52.207 73.3587 1.69337
437 23.6509 59.7929 2.1564
438 32.6864 9.84754 -2.74986
439 37.8444 90.4657 1.73749
440 39.2826 60.0988 2.76035
441 79.5701 52.5142 1.40009
442 28.385 86.0737 2.42289
443 23.4826 52.9532 2.26409
444 38.1157 77.4988 2.65015
445 17.6772 47.1563 2.58796
446 76.9426 8.50949 1.29747
447 79.6752 56.6349 2.21293
448 95.0027 67.2961 2.48648
449 41.3396 58.8568 1.97151
450 77.5094 69.0429 1.66974
451 29.6072 59.4405 1.94582
452 16.1154 90.8156 2.46483
453 39.5052 64.0683 2.28847
454 11.3041 83.6004 2.73809
455 71.4744 98.4383 1.43509
456 71.5469 61.3801 1.23343
457 83.1193 63.334 1.50113
458 96.8762 63.9742 2.49676
459 75.002 98.0621 1.70659
460 24.5302 62.1903 2.44334
461 64.4219 3.33722 1.71444
462 39.7485 77.1951 2.74847
463 87.3462 66.6797 1.74078
464 41.4727 78.7283 1.75394
465 78.5726 67.6594 1.92201
466 42.4791 72.0565 1.9312
467 38.5336 88.9178 1.96926
468 19.9161 61.8246 2.22021
469 52.6306 68.8617 1.91133
470 53.1034 59.6443 2.09606
471 35.3495 72.4883 2.70837
472 41.1123 78.2031 2.66013
473 37.0054 82.7422 2.09798
474 25.8024 29.6401 1.65815
475 81.3125 54.9029 1.6086
476 78.3644 2.71668 1.70388
477 35.6947 64.7425 2.45489
478 70.9134 91.5009 1.72022
479 68.5425 98.6427 0.760405
480 96.0166 58.9885 1.1767
481 39.4201 84.2792 1.91564
482 28.0504 55.0837 1.86678
483 76.4713 69.4782 1.63632
484 18.2285 65.4957 1.9006
485 15.2288 54.9511 2.6105
486 41.8652 64.3719 2.71257
487 43.2197 73.0837 2.56084
488 51.7046 64.9877 1.58072
489 67.8602 96.4117 1.52433
490 73.6304 6.04634 1.26556
491 34.8242 64.3919 2.16401
492 40.7551 80.1144 1.94729
493 36.0433 72.1487 1.89048
494 33.9636 61.7796 2.3806
495 28.0867 70.6633 1.82914
496 24.8988 88.8426 1.95516
497 82.2812 73.3048 1.41842
498 44.6334 69.8879 1.81528
499 77.2165 94.7817 1.12491
